-0.00843718	-0.00837276	-0.00878379	-0.0102688	-0.0109859	-0.0125805	-0.0123623	-0.0116612	-0.00951072	-0.00715124	-0.0044389	-0.00162733	-0.00283121	-0.00293711	-0.00372812	-0.00693637	-0.00928008	-0.012204	-0.0159931	-0.0190794	-0.0192246	-0.0195333	-0.0179834	-0.0154535	-0.0140766	
-0.00346491	-0.00345179	-0.00440864	-0.00581754	-0.00713815	-0.00824562	-0.00878665	-0.00771856	-0.00549786	-0.00351143	-0.000450903	0.00172188	0.00099778	0.000345079	-0.000626535	-0.00425829	-0.00686971	-0.00994411	-0.0139183	-0.017024	-0.0174268	-0.0180228	-0.0166874	-0.0140584	-0.0123143	
0.00170017	0.00101764	0.000756112	-0.000978124	-0.00217529	-0.00299541	-0.00395093	-0.00219403	-0.000515885	0.00186286	0.0046246	0.0069199	0.00613253	0.00519687	0.00382336	-8.79222e-05	-0.00297749	-0.00618434	-0.0104942	-0.0139787	-0.014718	-0.0158768	-0.0144442	-0.0123757	-0.0108539	
0.00666892	0.00659401	0.00574398	0.00421026	0.00308323	0.00208417	0.00148663	0.00278646	0.00461993	0.00689846	0.00950519	0.011484	0.0102277	0.0090369	0.0071753	0.00317846	-5.64549e-07	-0.00354467	-0.00797914	-0.0115716	-0.0123284	-0.0133564	-0.0118576	-0.010054	-0.00896927	
0.00911155	0.00920768	0.00823211	0.00717106	0.0060451	0.00514887	0.00492101	0.00590589	0.00865005	0.0104884	0.013474	0.0152038	0.0138069	0.0127308	0.0105628	0.00660959	0.00332198	-0.00069034	-0.00511801	-0.00842042	-0.00968519	-0.0105812	-0.0095759	-0.00770074	-0.00695746	
0.0102756	0.00987097	0.00932223	0.00821922	0.00706615	0.00633789	0.00587279	0.00771311	0.00991888	0.0122886	0.0153651	0.0167065	0.0159928	0.0141246	0.0119706	0.00806169	0.00448391	0.000700291	-0.0037201	-0.00651314	-0.00769233	-0.00871355	-0.00745111	-0.00529978	-0.00430646	
0.00854713	0.0090458	0.0082364	0.00753246	0.00655625	0.00605936	0.00614607	0.00737551	0.00994198	0.0126178	0.0152491	0.0173243	0.0158005	0.0144273	0.0116436	0.00784681	0.00472316	0.000579846	-0.00303217	-0.00621585	-0.00653405	-0.00791114	-0.00562487	-0.00385947	-0.00241715	
0.00619549	0.00600147	0.00565315	0.00439803	0.004126	0.00394032	0.00354281	0.00559866	0.00765454	0.011033	0.0138371	0.0151755	0.0148383	0.0125945	0.0102498	0.00636446	0.00327915	-0.000441731	-0.00401399	-0.00623219	-0.00702106	-0.00668115	-0.00501894	-0.00210555	-0.000673766	
0.00223481	0.00228353	0.00182099	0.000902276	0.000688347	0.000187262	0.000771141	0.00225609	0.00535929	0.00841495	0.0111998	0.0130519	0.0124248	0.0108041	0.00810153	0.00486226	0.00157154	-0.00180517	-0.00497509	-0.00663247	-0.00676902	-0.00675932	-0.00379145	-0.00164961	0.000724957	
-0.00107371	-0.000875583	-0.00122276	-0.00201619	-0.00253591	-0.00237722	-0.00214708	-7.66194e-05	0.00281263	0.00603314	0.00914484	0.0106442	0.010311	0.00848538	0.00565004	0.00264476	-7.49222e-05	-0.00404318	-0.00633679	-0.00791836	-0.00788714	-0.00688436	-0.00434857	-0.000892949	0.00112152	
-0.00320763	-0.00313893	-0.00359378	-0.00433599	-0.0043071	-0.00444191	-0.0038244	-0.00217145	0.00104966	0.00449062	0.00763688	0.00905285	0.00894362	0.00686289	0.00393181	0.000910399	-0.00168766	-0.00508746	-0.00805757	-0.00884735	-0.00872561	-0.00777169	-0.00424733	-0.00127866	0.00114774	
-0.00466072	-0.0047275	-0.00489031	-0.00532027	-0.00508665	-0.00498797	-0.00432971	-0.00209994	0.000729623	0.00475244	0.00748404	0.00930009	0.00889407	0.00713632	0.00392061	0.000665652	-0.00167675	-0.00578414	-0.00830537	-0.00952913	-0.00923298	-0.00846779	-0.00525561	-0.00227088	-0.000232716	
-0.00439343	-0.00461047	-0.00487755	-0.00581356	-0.00587761	-0.00559654	-0.00488641	-0.00275751	0.000262101	0.0039018	0.00720099	0.00849519	0.00814477	0.00632351	0.00301568	6.33302e-05	-0.00277012	-0.00679403	-0.00928391	-0.0102995	-0.0101492	-0.00915072	-0.00613338	-0.00305826	-0.00111099	
-0.00338419	-0.00327288	-0.00425121	-0.00495364	-0.00489272	-0.0048502	-0.00401937	-0.00248445	0.000729244	0.00440225	0.00729566	0.00845064	0.00787635	0.00537341	0.00227541	-0.00125327	-0.00434686	-0.00815101	-0.0110443	-0.0116996	-0.0118482	-0.010848	-0.00746497	-0.00487097	-0.00240401	
-0.00236095	-0.00361328	-0.00420662	-0.00495246	-0.005446	-0.00479047	-0.00494037	-0.00264542	0.000552381	0.00397152	0.00727202	0.008262	0.00764418	0.00566829	0.00175158	-0.00131024	-0.00464891	-0.00862906	-0.0108026	-0.0121804	-0.0117561	-0.0108512	-0.00787996	-0.00504918	-0.00301521	
-0.00259632	-0.00256868	-0.00410105	-0.00471787	-0.00518381	-0.00524349	-0.00430102	-0.002541	0.000732081	0.00456787	0.00748922	0.00867974	0.00813799	0.00544493	0.00222679	-0.0016966	-0.00490404	-0.00878111	-0.011435	-0.0120841	-0.0119788	-0.0106987	-0.00760017	-0.00499429	-0.00253836	
-0.00209468	-0.00269227	-0.00366295	-0.00459328	-0.00490499	-0.00402236	-0.00372426	-0.0015578	0.00185888	0.00557091	0.00906405	0.00996245	0.00919289	0.0069943	0.00299952	-0.000270672	-0.00375452	-0.00769783	-0.0101638	-0.0112611	-0.0106653	-0.00976201	-0.00670233	-0.00425708	-0.00217491	
-0.000405476	-0.00113349	-0.00284841	-0.00342194	-0.00380054	-0.00308708	-0.00283979	-0.000526683	0.00284439	0.00663951	0.0101426	0.0106392	0.0102452	0.00718953	0.00344075	-0.000218472	-0.00367079	-0.00738947	-0.0104941	-0.0109306	-0.0105243	-0.00920753	-0.00599511	-0.00339917	-0.00114793	
0.000147202	-0.000176801	-0.00211761	-0.00230511	-0.00318141	-0.00242318	-0.0018193	0.000208496	0.00386074	0.00736834	0.010836	0.0115715	0.0104533	0.00798861	0.00367392	0.000165034	-0.00317375	-0.00735688	-0.00976132	-0.0107513	-0.00986204	-0.00881251	-0.0053578	-0.00281389	-0.000633318	
0.00117934	0.000173003	-0.0014418	-0.00223856	-0.00305003	-0.00218846	-0.00195437	0.000262228	0.00368727	0.00727032	0.0108881	0.010946	0.0104317	0.00746029	0.00342735	-9.16662e-05	-0.00399351	-0.00717133	-0.010025	-0.010155	-0.00953071	-0.00794482	-0.00431027	-0.00183126	0.00057328	
0.00104739	0.000936909	-0.00129634	-0.00125193	-0.0021424	-0.00130327	-0.0013425	0.000952633	0.00436304	0.00785769	0.0109188	0.0112674	0.0103916	0.0074508	0.00333972	-0.000578477	-0.00404118	-0.00768542	-0.0097076	-0.0101904	-0.00920534	-0.00730695	-0.00378348	-0.00121469	0.00127887	
0.00108174	0.000271925	-0.00127156	-0.00152045	-0.00219686	-0.00183076	-0.0013455	0.000730443	0.00444591	0.00760829	0.0109424	0.0113861	0.0103724	0.0076271	0.00315446	-0.000140177	-0.00414061	-0.00730727	-0.00939693	-0.00948887	-0.00832751	-0.00643377	-0.00256851	-0.00031396	0.0024478	
0.000798689	0.000406803	-0.00124751	-0.00143045	-0.00243049	-0.00143305	-0.0014305	0.00110476	0.00402923	0.00778648	0.0112036	0.0108206	0.0105722	0.00690158	0.00308882	-0.0005828	-0.00436653	-0.00750206	-0.00957309	-0.00902855	-0.00833057	-0.00564111	-0.00236497	0.000404167	0.0028241	
0.00118762	0.000744784	-0.000990291	-0.00114732	-0.00194652	-0.00139767	-0.000861933	0.000371766	0.0040088	0.00747738	0.0100283	0.0102266	0.00865706	0.00600786	0.000825943	-0.0023295	-0.00605847	-0.00956753	-0.0109679	-0.0108918	-0.00923777	-0.0070908	-0.0027813	-0.000347366	0.00262149	
0.000373557	-0.000536185	-0.00220114	-0.00278395	-0.00351048	-0.0031993	-0.00320574	-0.00100892	0.00183369	0.00550398	0.00826728	0.00745164	0.00746511	0.00340697	-0.00089765	-0.00410833	-0.00753489	-0.0104648	-0.0120758	-0.0106535	-0.00978252	-0.00624502	-0.00293518	0.000418046	0.00293069	
-0.00102834	-0.001897	-0.00322471	-0.00337361	-0.00433068	-0.00414279	-0.00330286	-0.0018632	0.0014158	0.00495023	0.00701496	0.00696822	0.0057342	0.00269147	-0.00240845	-0.00523455	-0.00868756	-0.0117864	-0.012514	-0.0114413	-0.0098457	-0.00702639	-0.00267773	-0.00014467	0.00285485	
-0.00201517	-0.00305817	-0.00403667	-0.00459379	-0.00505852	-0.00488558	-0.00436132	-0.00248116	0.00052621	0.00443429	0.00648512	0.00567618	0.00526142	0.00158728	-0.00310772	-0.00611666	-0.00955074	-0.0122558	-0.0126909	-0.0111383	-0.0101359	-0.00608379	-0.00253568	0.000900295	0.00359463	
-0.00346602	-0.00413955	-0.00505176	-0.00501174	-0.00510475	-0.00501336	-0.00408715	-0.00224497	0.00121872	0.00510863	0.00696957	0.00649089	0.00575683	0.00221177	-0.0026502	-0.00545472	-0.00887551	-0.0115273	-0.0116757	-0.0103036	-0.00920843	-0.00541391	-0.00170936	0.00125625	0.00408425	
-0.00374796	-0.00480767	-0.00512955	-0.00519206	-0.00518567	-0.00530672	-0.00383124	-0.00191678	0.00132044	0.00540048	0.00713753	0.00679802	0.00576915	0.00211422	-0.00264233	-0.00539045	-0.00891118	-0.011378	-0.0114163	-0.0095976	-0.00846303	-0.00449095	-0.000725135	0.00222117	0.00515179	
-0.00482181	-0.00541641	-0.00535066	-0.00533116	-0.00549419	-0.0051447	-0.00382036	-0.00177577	0.00123602	0.00531905	0.00711431	0.0063808	0.00558675	0.00207469	-0.00273961	-0.00550027	-0.00868638	-0.0113035	-0.0106693	-0.00899102	-0.00771795	-0.00326572	-8.88375e-05	0.00354116	0.00609867	
-0.00475936	-0.00535775	-0.00535133	-0.0055615	-0.0052244	-0.0055754	-0.00370223	-0.00228191	0.00120752	0.0052612	0.00643231	0.00606641	0.00527085	0.00165133	-0.00314675	-0.00592838	-0.00903161	-0.010789	-0.0107001	-0.00828318	-0.00676038	-0.00242369	0.00179469	0.0048195	0.00816548	
-0.00378621	-0.00468559	-0.00432029	-0.0040101	-0.00383413	-0.00365546	-0.00253	-0.000223088	0.00279921	0.00653686	0.00764766	0.00710949	0.00603396	0.00242302	-0.00257705	-0.0051544	-0.00803724	-0.0101277	-0.00910628	-0.0073336	-0.00535523	-0.000673221	0.00268781	0.00661374	0.00940625	
-0.00201535	-0.00248945	-0.00222598	-0.00188998	-0.00154921	-0.00204636	-6.09798e-05	0.0016052	0.00478165	0.00820542	0.00928608	0.00878947	0.00740951	0.00366823	-0.000549299	-0.00355682	-0.00666309	-0.00802056	-0.00739437	-0.00520047	-0.00350113	0.000922953	0.00445585	0.00775097	0.0107971	
0.00180227	0.0010228	0.00169307	0.00180731	0.00190239	0.001841	0.00333851	0.00513979	0.00780205	0.0109952	0.0117931	0.0110527	0.0090993	0.00551768	0.00107478	-0.00209331	-0.00543112	-0.00663056	-0.00575816	-0.00415569	-0.00213933	0.00184539	0.00506668	0.00824765	0.01092	
0.00593633	0.00552197	0.00611423	0.00641168	0.00646177	0.00631892	0.00745494	0.00893296	0.0113264	0.0136357	0.0139072	0.0128841	0.0103118	0.0063892	0.00189546	-0.00160313	-0.00472049	-0.00608692	-0.00529438	-0.00390368	-0.00196254	0.00175032	0.00437948	0.00760852	0.00975401	
0.00848742	0.00801277	0.00838673	0.00849337	0.00848589	0.00767896	0.00874592	0.0101227	0.0122455	0.0140389	0.0141428	0.0129679	0.010292	0.00603699	0.0020019	-0.00177496	-0.00483278	-0.00578623	-0.00549232	-0.00372247	-0.00179599	0.00153421	0.00422862	0.00700726	0.00898096	
0.00867375	0.00745059	0.0081436	0.00832288	0.0078229	0.00734852	0.00817637	0.00951282	0.0113965	0.0130058	0.0129445	0.0121079	0.00873918	0.00556044	0.00124598	-0.0023292	-0.00519	-0.00601477	-0.00511603	-0.00418948	-0.00143583	0.00128129	0.00369233	0.00620947	0.00769741	
0.00740185	0.0070081	0.00738653	0.00729127	0.00693951	0.00647633	0.00696064	0.00792145	0.00932916	0.0103825	0.0101887	0.00855681	0.00558539	0.00147801	-0.00162067	-0.00626551	-0.008486	-0.00849514	-0.00807888	-0.00626666	-0.00385688	-0.000164772	0.00182986	0.00474496	0.00648492	
0.00408401	0.00302714	0.00356136	0.00332285	0.00306349	0.00249377	0.00298862	0.00382233	0.00542493	0.00618712	0.00569139	0.00513032	0.00118176	-0.00140141	-0.00507092	-0.00876686	-0.0109965	-0.0105517	-0.00920331	-0.00836614	-0.004415	-0.00189495	0.000873013	0.00342302	0.00556641	
-0.00135681	-0.00202016	-0.00168953	-0.00183383	-0.0021615	-0.00275668	-0.00246454	-0.000799139	0.00058962	0.00124824	0.00127824	0.000613684	-0.00209425	-0.00539032	-0.00716996	-0.0113833	-0.0127337	-0.0117959	-0.0107406	-0.00862575	-0.00548443	-0.00215524	-0.000293932	0.00290649	0.00462368	
-0.00459179	-0.00547229	-0.00493058	-0.00494419	-0.00530751	-0.00601494	-0.0055697	-0.00429288	-0.00304335	-0.00279431	-0.00303968	-0.00336581	-0.00697859	-0.00934705	-0.0116685	-0.0150089	-0.0162618	-0.0154397	-0.0135015	-0.0117531	-0.0071709	-0.00441771	-0.00141357	0.00180579	0.00385697	
-0.0084744	-0.00936052	-0.00875882	-0.00884324	-0.00881997	-0.00951008	-0.008868	-0.00777683	-0.00676294	-0.00624245	-0.00643712	-0.00660436	-0.00952633	-0.0118148	-0.0132126	-0.0164405	-0.0172171	-0.0156392	-0.0137898	-0.0113907	-0.00699971	-0.00394228	-0.000697936	0.00244025	0.0044123	
-0.0119452	-0.0124295	-0.0117844	-0.0116676	-0.0117349	-0.0115261	-0.0111786	-0.00934153	-0.00819388	-0.00780382	-0.00748617	-0.0075802	-0.00968375	-0.0114462	-0.0123133	-0.0156159	-0.0156623	-0.0138459	-0.0114088	-0.00922814	-0.00489923	-0.00139921	0.00132115	0.00476995	0.00644734	
-0.0129668	-0.0131905	-0.0122409	-0.0119986	-0.0113659	-0.0116135	-0.0102856	-0.0088088	-0.00742943	-0.00715775	-0.00726264	-0.00672125	-0.00932153	-0.0101005	-0.0112641	-0.0136673	-0.0137596	-0.0113632	-0.00883747	-0.00687083	-0.00147891	0.00113224	0.00452334	0.00714748	0.00957449	
-0.0121224	-0.0118216	-0.0109807	-0.010295	-0.00975779	-0.00921584	-0.00851993	-0.00660165	-0.00579434	-0.00572502	-0.00544977	-0.00572461	-0.00743928	-0.0091896	-0.00910697	-0.0118102	-0.011241	-0.00905408	-0.00676727	-0.00356361	0.00114747	0.00485029	0.00749425	0.0109599	0.01312	
-0.0106813	-0.0109735	-0.0100532	-0.0093136	-0.0086699	-0.00780066	-0.00658223	-0.00490995	-0.00365996	-0.00361729	-0.00335494	-0.00278947	-0.00486557	-0.00504372	-0.00576122	-0.00701109	-0.00660146	-0.00447598	-0.00114155	0.00139785	0.00685813	0.00931287	0.012839	0.015499	0.017046	
-0.00782396	-0.00688632	-0.00620593	-0.00532442	-0.00423815	-0.00349722	-0.0018827	-0.00040322	0.00044813	0.000278247	0.000165196	0.000121151	-0.00097767	-0.00228403	-0.00217054	-0.00397461	-0.00325375	-0.000683334	0.00179283	0.0053949	0.0096033	0.0126086	0.0158517	0.0183339	0.0198652	
-0.00351256	-0.00332092	-0.00250963	-0.00151438	-0.00100353	0.000751136	0.00153216	0.00317914	0.00375647	0.00311395	0.00316075	0.00291587	0.00140427	0.000901746	0.000105816	-0.000655209	0.000235499	0.00224266	0.00534822	0.00817386	0.0132604	0.016055	0.0188242	0.0213221	0.0227574	
-0.00109668	0.000145303	0.00049629	0.00149657	0.00276118	0.00394237	0.00562013	0.00664901	0.00714197	0.00663168	0.00633177	0.00583329	0.00472645	0.00385056	0.00366291	0.00285075	0.00360443	0.00590707	0.00815952	0.0117645	0.016051	0.0186928	0.0214547	0.0229949	0.0244021	
0.00142511	0.00283074	0.00342243	0.00450771	0.00541709	0.00737166	0.00850171	0.00986024	0.0100125	0.0090302	0.00856604	0.00755895	0.00668323	0.0061703	0.00556059	0.00505771	0.00572125	0.00774053	0.010717	0.0140035	0.0176464	0.0202726	0.0229091	0.0244046	0.0246645	
