0.0153273	0.0132032	0.0107511	0.00630222	0.00226272	-0.00191836	-0.0053863	-0.00767547	-0.00847936	-0.00708577	-0.00377	-5.71854e-05	0.00368001	0.00876862	0.012943	0.0151931	0.0176968	0.0202975	0.0217793	0.0223966	0.0235027	0.0228249	0.0227422	0.0209504	0.0180171	
0.0129287	0.0108279	0.00816112	0.0032315	-0.000524496	-0.00527501	-0.0083591	-0.010966	-0.0115094	-0.0100214	-0.00720643	-0.00308379	0.000664694	0.00555587	0.00948697	0.0115003	0.0141595	0.0161584	0.0180271	0.0182859	0.0194011	0.0186847	0.0186995	0.0168095	0.0139842	
0.0100536	0.00762057	0.00424918	-0.000529412	-0.00501018	-0.00923299	-0.0129866	-0.0146863	-0.015661	-0.0143708	-0.0110663	-0.00716276	-0.00334793	0.000993169	0.00485954	0.00687016	0.0091824	0.0109483	0.0122798	0.0128327	0.0134184	0.012684	0.0126999	0.0110815	0.00795871	
0.00500701	0.00208514	-0.00106746	-0.00668029	-0.0107002	-0.0154634	-0.0184184	-0.0209856	-0.0217364	-0.0205143	-0.0170703	-0.0134118	-0.00969898	-0.00522728	-0.00141586	0.00120584	0.00291667	0.00506532	0.00677165	0.0074308	0.00796303	0.00757559	0.0078004	0.00614047	0.00364949	
0.000500578	-0.0020718	-0.00600157	-0.011145	-0.0158176	-0.0195493	-0.0232099	-0.0251755	-0.0257995	-0.0242994	-0.0209978	-0.0170355	-0.0135903	-0.00856822	-0.00517389	-0.00319314	-0.000893479	0.000344575	0.00236489	0.00246135	0.00329856	0.00254854	0.00276624	0.00158	-0.00123725	
-0.00409582	-0.00716092	-0.0105837	-0.0163087	-0.0199404	-0.0240542	-0.027197	-0.0291181	-0.0291842	-0.0277137	-0.0245027	-0.0203396	-0.0163765	-0.0120349	-0.00811942	-0.00585448	-0.00383215	-0.00174698	-0.000616404	0.000743033	0.000919892	0.00058991	0.000757232	-0.000608511	-0.00271042	
-0.00788758	-0.0105497	-0.0147102	-0.0196824	-0.0239457	-0.0275534	-0.0304676	-0.0320873	-0.0321841	-0.0305327	-0.0267356	-0.0226992	-0.0189157	-0.0141628	-0.0105863	-0.00782999	-0.00570938	-0.00468039	-0.00206522	-0.00173159	-0.000933524	-0.00161291	-0.000839812	-0.00191139	-0.00408997	
-0.0102588	-0.0132239	-0.0165175	-0.022416	-0.0260304	-0.0295458	-0.0322095	-0.0338234	-0.0336112	-0.0314723	-0.0279004	-0.0232647	-0.0194192	-0.0147797	-0.0105036	-0.00784096	-0.00592582	-0.00389238	-0.00189293	-0.000799268	-0.000363398	-0.000512615	0.000192376	-0.000622018	-0.00290538	
-0.0111498	-0.0138121	-0.0174804	-0.0230831	-0.0265146	-0.0294457	-0.0321793	-0.0334059	-0.0328132	-0.0307745	-0.0265054	-0.0221495	-0.0176602	-0.0129693	-0.0089958	-0.00584336	-0.00335584	-0.00205454	0.000662279	0.00157726	0.00227189	0.00206659	0.00329958	0.00218846	8.96955e-05	
-0.00956257	-0.0121372	-0.0160083	-0.0216389	-0.0248175	-0.0278553	-0.0303896	-0.0310962	-0.0305525	-0.027885	-0.0239128	-0.0183954	-0.0144505	-0.00975035	-0.00538573	-0.00211005	-5.03393e-05	0.00135465	0.00399014	0.00496602	0.00554843	0.0055339	0.0068383	0.00602245	0.00434355	
-0.00609347	-0.00914614	-0.0124474	-0.0179025	-0.0212837	-0.024374	-0.0263107	-0.0272317	-0.0259654	-0.0236249	-0.0188676	-0.0140821	-0.00945678	-0.00488917	2.70124e-05	0.00329099	0.00537438	0.00680163	0.00970937	0.0103776	0.0112619	0.0110235	0.0123164	0.011679	0.00905224	
-0.00211803	-0.00475276	-0.00824986	-0.0139333	-0.0170466	-0.0198896	-0.0219782	-0.0223285	-0.0212876	-0.01782	-0.0137327	-0.00811723	-0.00402046	0.0013884	0.00560766	0.00898529	0.0113278	0.0122215	0.0150191	0.0157647	0.0165719	0.0162377	0.0175164	0.0161866	0.0144922	
0.00199612	-0.000702125	-0.00414886	-0.00993792	-0.0133485	-0.015648	-0.0178917	-0.018228	-0.0165404	-0.0135396	-0.00877336	-0.00366553	0.00162583	0.00570578	0.0103545	0.0138709	0.0160241	0.0169316	0.0194739	0.0204515	0.0212378	0.0208518	0.0215706	0.0208605	0.018717	
0.00745142	0.00458286	0.000532039	-0.00514567	-0.0080394	-0.0109962	-0.0128105	-0.0132732	-0.0114953	-0.00853151	-0.00392417	0.0020253	0.00601738	0.0108859	0.0146612	0.0183561	0.0206418	0.0207722	0.0239536	0.0242285	0.0251583	0.0243106	0.0253538	0.0240184	0.0216645	
0.0120138	0.00889358	0.00473974	-0.00100511	-0.0043327	-0.00676781	-0.00891745	-0.00867848	-0.00714929	-0.00384286	0.00128301	0.00650275	0.0109558	0.0150177	0.0190582	0.0221695	0.0239652	0.0245129	0.0264319	0.0272785	0.0270712	0.0270269	0.0277317	0.0261926	0.0241491	
0.0146295	0.0112634	0.00706337	0.0019372	-0.00199467	-0.0041887	-0.00590784	-0.00577645	-0.00378159	-0.000290917	0.00480139	0.0101281	0.0146922	0.0189634	0.0225027	0.0256687	0.0276177	0.0275537	0.0300299	0.0301442	0.0303826	0.0300214	0.0304572	0.0290551	0.0271141	
0.0174382	0.0143268	0.0098168	0.00407531	0.000631869	-0.0019225	-0.00353653	-0.00365852	-0.00116226	0.00187208	0.00705342	0.0126333	0.0169779	0.0214372	0.0245478	0.0278753	0.0291943	0.0291923	0.030925	0.0317609	0.0312921	0.0308938	0.0312443	0.0294357	0.0276593	
0.0202222	0.0165208	0.011789	0.00638646	0.00203729	0.000282281	-0.00239307	-0.00146288	0.000349793	0.00349829	0.0086945	0.0137824	0.0181412	0.0217991	0.0254029	0.028077	0.0294303	0.029033	0.0304885	0.0313621	0.030681	0.0307778	0.0306681	0.0291513	0.027466	
0.021707	0.0183622	0.0131579	0.00814785	0.00420947	0.00156605	0.000305819	0.00065539	0.00326254	0.00643141	0.0118351	0.0167828	0.0209063	0.0251705	0.0274434	0.0306913	0.0312952	0.0306971	0.0313777	0.0320618	0.0310107	0.0310983	0.0312697	0.0292704	0.0281567	
0.022269	0.018516	0.0136694	0.00875284	0.0042811	0.00296587	0.000683965	0.00169748	0.00409148	0.00742601	0.0125418	0.0176328	0.0221118	0.0256742	0.0284931	0.0309847	0.0323069	0.0317638	0.0322505	0.0330646	0.0320678	0.0322919	0.0320515	0.0308599	0.0293177	
0.0232645	0.0195039	0.0141376	0.00914656	0.00499741	0.00303695	0.00146086	0.00217521	0.00481886	0.00806608	0.0135391	0.0186257	0.0231035	0.0268126	0.028465	0.0313682	0.0319208	0.031117	0.0312009	0.0320582	0.0302464	0.0306936	0.0304388	0.028799	0.0283792	
0.0225171	0.018773	0.0133816	0.00876936	0.004318	0.00272235	0.000810278	0.00216069	0.00477046	0.00816197	0.0134224	0.0184543	0.02288	0.0261146	0.0285219	0.0311122	0.0315605	0.0312641	0.0313581	0.0323536	0.0307333	0.0310992	0.0306751	0.0294809	0.0288604	
0.0225209	0.0188594	0.0134386	0.00905355	0.00459323	0.00297714	0.00169339	0.00305677	0.00621671	0.00962731	0.0149067	0.0199372	0.0237374	0.0272711	0.0293652	0.0316502	0.0319722	0.0312137	0.0315769	0.0321659	0.0304641	0.0306895	0.0300238	0.0289224	0.0282672	
0.0207017	0.0169623	0.011824	0.0074302	0.00347878	0.00173419	0.000839506	0.00245635	0.00531242	0.00900359	0.0144184	0.0186797	0.0229985	0.0259285	0.0278813	0.0303421	0.0302828	0.0298122	0.029689	0.0310275	0.0288313	0.0295259	0.0289249	0.0275498	0.0274089	
0.0175643	0.0139907	0.00859025	0.00493108	0.000701552	-0.000313012	-0.00133256	0.000201259	0.00329451	0.00742048	0.0119333	0.0170254	0.0208404	0.0235835	0.0258301	0.0284109	0.028588	0.0282053	0.0286589	0.0295867	0.0285035	0.0290051	0.0283481	0.027388	0.0277582	
0.0158677	0.0126817	0.00772617	0.00364365	0.000214743	-0.00123496	-0.00142911	-0.000126438	0.00351453	0.00717091	0.0124133	0.0167405	0.0208785	0.023332	0.0251806	0.0276188	0.0280046	0.0274082	0.0277772	0.0287448	0.02739	0.0278982	0.0270437	0.0264123	0.0267755	
0.0129043	0.00959098	0.00485555	0.00116471	-0.00210588	-0.00321173	-0.00352956	-0.00165074	0.00119292	0.00577133	0.010097	0.0149379	0.0189509	0.0209217	0.022833	0.0253441	0.0256807	0.0259193	0.0259288	0.0269253	0.0258662	0.0265179	0.0257065	0.0251967	0.0262545	
0.00903035	0.006122	0.0010332	-0.00204566	-0.00531401	-0.00624831	-0.00604575	-0.00472137	-0.00120058	0.00306578	0.00779929	0.0124518	0.0164487	0.0182906	0.0200745	0.0222492	0.0228249	0.0226041	0.0227867	0.0231736	0.0226472	0.0229272	0.0222766	0.0221563	0.0228884	
0.00374046	0.00058349	-0.00342699	-0.00689218	-0.00945901	-0.010822	-0.0101211	-0.00860967	-0.00530639	-0.00079075	0.00357189	0.0081604	0.0123092	0.0143176	0.0162456	0.0183967	0.0188314	0.0188271	0.0194833	0.0201556	0.0195597	0.0198913	0.0190156	0.0189442	0.0200211	
-0.00213072	-0.00489245	-0.00929994	-0.0121234	-0.0151331	-0.0160115	-0.0154968	-0.0134972	-0.0102182	-0.00572676	-0.00173413	0.00267649	0.00698974	0.0088284	0.0109294	0.0126779	0.0123813	0.013041	0.0130759	0.0140358	0.0133066	0.013439	0.0128195	0.0131492	0.0146874	
-0.00812987	-0.0111115	-0.0152029	-0.0181454	-0.0207494	-0.022042	-0.0209489	-0.0195328	-0.0158704	-0.0113311	-0.00760244	-0.00328608	0.000756188	0.00270702	0.00465888	0.00611312	0.00661637	0.00645974	0.0073173	0.00734342	0.00733822	0.00747523	0.00690182	0.00773842	0.00916951	
-0.013604	-0.0165873	-0.0205038	-0.0233179	-0.0255409	-0.0268596	-0.0260903	-0.0243516	-0.0207452	-0.0164327	-0.0125546	-0.00864907	-0.00472403	-0.00293172	-0.00118033	0.000498956	0.000706903	0.00178922	0.00132254	0.00233907	0.00222495	0.00253887	0.00202386	0.00283155	0.00482388	
-0.0166855	-0.0199946	-0.0239951	-0.0264203	-0.0289931	-0.030045	-0.0292402	-0.0273846	-0.0240175	-0.0194457	-0.0157885	-0.0119216	-0.00789182	-0.00659507	-0.00489083	-0.0039721	-0.00338132	-0.00289662	-0.00281757	-0.00242379	-0.00219451	-0.00197085	-0.00268191	-0.00120638	0.00098003	
-0.0174125	-0.0205623	-0.0243798	-0.0271014	-0.0292986	-0.0311551	-0.0298613	-0.0285901	-0.0252677	-0.0211374	-0.0177298	-0.0138098	-0.0107042	-0.00899245	-0.00794524	-0.00692051	-0.00658391	-0.00575206	-0.00597962	-0.00546518	-0.00526704	-0.00526337	-0.0054958	-0.00420898	-0.00175422	
-0.0145176	-0.0182219	-0.0217461	-0.0243125	-0.027066	-0.0285795	-0.028303	-0.0265676	-0.023551	-0.0198594	-0.0160697	-0.0133414	-0.00997918	-0.00912618	-0.00764018	-0.00738022	-0.00707312	-0.00626847	-0.00705582	-0.00667061	-0.00664879	-0.00679382	-0.00767836	-0.00604608	-0.00448248	
-0.0114919	-0.0153561	-0.0188517	-0.0214235	-0.0239307	-0.0261905	-0.0250812	-0.0238535	-0.0211296	-0.0168484	-0.0143176	-0.0111693	-0.00877538	-0.00735825	-0.00689517	-0.00681817	-0.00677778	-0.00638877	-0.00685197	-0.00699651	-0.00688253	-0.00736793	-0.00809524	-0.00704547	-0.00468857	
-0.00759734	-0.0114736	-0.0147859	-0.017583	-0.0200482	-0.0218603	-0.0213633	-0.0198483	-0.0168945	-0.0136449	-0.0103472	-0.00802165	-0.00552229	-0.00446387	-0.00388226	-0.00475895	-0.00466212	-0.00366719	-0.0048957	-0.00499735	-0.00501947	-0.00603816	-0.00688137	-0.00541926	-0.00416891	
-0.0024848	-0.00699387	-0.010055	-0.012588	-0.0150432	-0.0170529	-0.0164422	-0.0151	-0.012766	-0.00914666	-0.0064021	-0.00422353	-0.00217583	-0.00108315	-0.00102726	-0.00190738	-0.00147013	-0.00129725	-0.0018221	-0.00308672	-0.00284079	-0.00388998	-0.00497364	-0.00375331	-0.0024865	
0.000114019	-0.00383521	-0.00653887	-0.00931366	-0.0111548	-0.0132498	-0.0123197	-0.010648	-0.00830824	-0.00480149	-0.00238468	0.000180114	0.00161751	0.00276251	0.00291389	0.00198209	0.00209989	0.00316185	0.00129148	0.000787296	0.000903563	-0.000413713	-0.0010006	-0.000169236	0.00147509	
0.00195063	-0.00219918	-0.00441949	-0.00649586	-0.00851844	-0.00963831	-0.0086117	-0.00627357	-0.00326097	-0.000449923	0.0028314	0.00482328	0.00673327	0.00795214	0.00798205	0.00669261	0.00770048	0.00751593	0.0073427	0.00536421	0.00645866	0.00474912	0.00391687	0.00579062	0.00662063	
0.00354987	-0.000310864	-0.00180744	-0.00405146	-0.00484308	-0.00612984	-0.0045222	-0.00191811	0.000652902	0.00448171	0.0066914	0.00931076	0.0107881	0.0122818	0.012301	0.0113325	0.0116835	0.012818	0.0117019	0.0109227	0.0112073	0.00972014	0.00954371	0.0104606	0.0121862	
0.00411466	0.000544897	-0.000754019	-0.00233423	-0.00314871	-0.00346968	-0.00207458	0.000740347	0.00401616	0.00739303	0.0105315	0.0126624	0.0141215	0.0158738	0.0162193	0.0149027	0.0157725	0.0161724	0.0160946	0.0143227	0.0155138	0.0135946	0.0135627	0.014975	0.0153009	
0.00262048	-0.000902758	-0.00162274	-0.0028882	-0.00309887	-0.00305493	-0.0013587	0.00186743	0.0052498	0.00874671	0.0118648	0.0139595	0.015286	0.0172253	0.0174696	0.0163971	0.0171742	0.0175397	0.0176649	0.0159593	0.0172229	0.0157248	0.0159838	0.0173726	0.018083	
0.00134035	-0.0018688	-0.00219645	-0.00346425	-0.00305636	-0.00287996	-0.000893236	0.00289277	0.00605187	0.00989066	0.0125412	0.0150735	0.0162643	0.0179384	0.0183542	0.01733	0.0177901	0.0188608	0.0178469	0.0167632	0.0174387	0.01591	0.0165133	0.017484	0.0184287	
-2.99067e-05	-0.00316955	-0.00393004	-0.00438728	-0.00453025	-0.00372245	-0.00181283	0.00183762	0.00550704	0.00812201	0.0113301	0.0129934	0.0138175	0.0155459	0.0153228	0.0144739	0.0156311	0.0151817	0.015588	0.013041	0.0144146	0.0126989	0.013359	0.0149877	0.0151064	
-0.001949	-0.00510665	-0.0055065	-0.00689193	-0.00630919	-0.00545206	-0.00365972	0.000240109	0.00323191	0.00635424	0.00862239	0.0103232	0.0108526	0.0118107	0.0119895	0.0110494	0.0112236	0.0118166	0.0104194	0.00945637	0.00938211	0.00840708	0.00939022	0.0104018	0.0113918	
-0.00357967	-0.00627253	-0.00756137	-0.00824791	-0.0080638	-0.0067491	-0.00474323	-0.00155422	0.00147	0.0039431	0.00628493	0.00734578	0.00732402	0.00867367	0.00789305	0.00710641	0.00726858	0.00657623	0.00653413	0.00452753	0.00480789	0.00368066	0.00497647	0.00595484	0.0064564	
-0.00389556	-0.00659221	-0.00777056	-0.00894759	-0.00850887	-0.00671419	-0.00545206	-0.00236369	0.00040788	0.00231323	0.00433531	0.00489394	0.00482033	0.00504577	0.00458439	0.0031807	0.00271509	0.00239278	0.00146993	0.000209104	-0.000568234	-0.000999881	-4.6895e-05	0.000968232	0.00133952	
-0.00485617	-0.00724312	-0.00866331	-0.00927805	-0.00893942	-0.00755252	-0.0059951	-0.00330818	-0.000973505	0.000947902	0.00227541	0.0028312	0.00221669	0.00244523	0.00109121	0.000129793	-0.000739443	-0.00161483	-0.00235341	-0.00365694	-0.00465831	-0.00488465	-0.00362232	-0.00316555	-0.00225867	
-0.00565707	-0.00806981	-0.00948162	-0.00985358	-0.00947787	-0.00768429	-0.00628196	-0.00353634	-0.00112173	-1.62163e-06	0.00130017	0.00134218	0.000815095	0.00032251	-0.000795509	-0.00177117	-0.00293546	-0.00400179	-0.00499914	-0.00587111	-0.00714536	-0.0068827	-0.006025	-0.00540136	-0.00463324	
