0.115829	0.0949937	0.0734002	0.0557444	0.0401176	0.0254702	0.0169999	0.0092585	0.00211468	-0.00393002	-0.00694511	-0.0111837	-0.0149525	-0.0190655	-0.0252007	-0.0304564	-0.0384762	-0.0432286	-0.0482793	-0.0565473	-0.0602385	-0.0639631	-0.0701055	-0.0731863	-0.0741148	
0.115313	0.0921698	0.07108	0.0537062	0.0354445	0.0211126	0.0108827	0.00161251	-0.00549479	-0.0126957	-0.0164707	-0.0238035	-0.0300653	-0.0345305	-0.0411445	-0.0462892	-0.0548647	-0.0612476	-0.0648595	-0.0716637	-0.0768106	-0.0793156	-0.0833956	-0.0877919	-0.0902673	
0.1088	0.0846861	0.062028	0.0443662	0.027197	0.0135223	0.00213749	-0.00911985	-0.0187491	-0.02686	-0.0329524	-0.0412137	-0.0474628	-0.0533798	-0.0591616	-0.0632167	-0.0706968	-0.0765765	-0.0809024	-0.0863837	-0.0904366	-0.0932563	-0.095476	-0.0980652	-0.100931	
0.0952462	0.0712009	0.0481131	0.0308676	0.0139304	-0.00111469	-0.0130909	-0.0239166	-0.0328552	-0.0423282	-0.049688	-0.0570419	-0.0630274	-0.0687883	-0.0756958	-0.0802638	-0.0866397	-0.0922948	-0.0959511	-0.100534	-0.102744	-0.103268	-0.10342	-0.102232	-0.101923	
0.0704138	0.0486255	0.0280434	0.013195	-0.002274	-0.016109	-0.0272426	-0.0370863	-0.0462638	-0.0565264	-0.0646193	-0.0728381	-0.079369	-0.0858408	-0.0917483	-0.0952614	-0.100134	-0.102335	-0.103613	-0.105743	-0.10538	-0.104875	-0.104521	-0.101808	-0.097846	
0.0451575	0.0234106	0.0033629	-0.0110593	-0.0249567	-0.036003	-0.0468986	-0.0570149	-0.0633541	-0.0725655	-0.0799568	-0.0847707	-0.091239	-0.0960429	-0.0988498	-0.102269	-0.104823	-0.10521	-0.104944	-0.104505	-0.102085	-0.0974304	-0.0942829	-0.0892829	-0.0803055	
0.0211443	-0.0013217	-0.0199178	-0.0331107	-0.0477947	-0.0580591	-0.0662106	-0.0751818	-0.0814329	-0.088776	-0.0928895	-0.0956629	-0.0990732	-0.100932	-0.100719	-0.0998726	-0.101285	-0.0978459	-0.092392	-0.091497	-0.0849252	-0.0769177	-0.0721399	-0.0622623	-0.0528459	
-0.00354986	-0.0220592	-0.0397474	-0.051784	-0.0645288	-0.0739306	-0.0801562	-0.0862489	-0.091152	-0.0971434	-0.0987053	-0.0990864	-0.101203	-0.0999116	-0.0948171	-0.0906035	-0.087145	-0.0801599	-0.0709124	-0.063928	-0.0555757	-0.0450455	-0.0361197	-0.025703	-0.0148482	
-0.0261002	-0.0419486	-0.0584891	-0.0686293	-0.0773348	-0.083027	-0.0885514	-0.0908843	-0.0906209	-0.0932347	-0.091884	-0.088583	-0.0862614	-0.0824292	-0.0757033	-0.0688325	-0.0620533	-0.0533287	-0.0428877	-0.0324536	-0.0207175	-0.00805654	0.00388604	0.0172054	0.0288263	
-0.0403232	-0.0543983	-0.0682482	-0.0766832	-0.0816979	-0.0825731	-0.0852564	-0.0845884	-0.0804004	-0.0777655	-0.0729354	-0.0663465	-0.0594729	-0.0522232	-0.0433498	-0.0356565	-0.0265024	-0.0149244	-0.00531375	0.00563317	0.0191778	0.0308966	0.0429169	0.0563998	0.0667015	
-0.042375	-0.0555138	-0.0635576	-0.0674153	-0.071122	-0.0677152	-0.0665341	-0.0645646	-0.0578069	-0.0523744	-0.0445704	-0.0353657	-0.0276451	-0.016887	-0.0053956	0.00347542	0.0152217	0.0276203	0.0380396	0.0484974	0.0594081	0.0689669	0.0773062	0.0867731	0.0947178	
-0.0272992	-0.0386436	-0.0464167	-0.0474607	-0.0467251	-0.0433458	-0.0394996	-0.031967	-0.023199	-0.0166972	-0.00774918	0.00472637	0.0123786	0.0221055	0.0345918	0.0427709	0.0541808	0.0645344	0.073634	0.0828358	0.091229	0.0992816	0.10476	0.111619	0.116136	
-0.00155775	-0.00915441	-0.0147631	-0.0149259	-0.011208	-0.00616421	-0.00217583	0.00649851	0.0178609	0.0254196	0.0323622	0.0446325	0.0518054	0.05779	0.0684328	0.0759535	0.0853412	0.0938508	0.101487	0.108054	0.11331	0.118242	0.120013	0.123128	0.123592	
0.0341965	0.0281759	0.0250569	0.0240678	0.0275208	0.0339055	0.0384732	0.0454882	0.0542467	0.0633734	0.069391	0.0781284	0.0855116	0.0886922	0.0968699	0.102125	0.107208	0.113208	0.116324	0.120518	0.122157	0.122141	0.12259	0.12142	0.119599	
0.0730922	0.0681843	0.0636692	0.0622787	0.0645928	0.0684535	0.0742376	0.0801748	0.0875299	0.0929809	0.0967705	0.104634	0.107454	0.109451	0.114549	0.115804	0.118364	0.119379	0.118805	0.120771	0.119491	0.117235	0.116259	0.112589	0.108126	
0.111018	0.104853	0.0990585	0.0959801	0.0974803	0.099428	0.101324	0.105269	0.108909	0.110947	0.113337	0.11551	0.115727	0.118296	0.118364	0.118246	0.119156	0.116166	0.114202	0.111457	0.108462	0.104857	0.100547	0.0974638	0.0902149	
0.140911	0.131376	0.125114	0.118078	0.118355	0.119015	0.117306	0.118676	0.118009	0.119212	0.11777	0.116304	0.115143	0.114153	0.113914	0.110087	0.108534	0.10617	0.0998724	0.0953766	0.0915972	0.0856772	0.081618	0.0787806	0.0718557	
0.157906	0.14637	0.139914	0.130449	0.125148	0.123593	0.121243	0.120261	0.11749	0.116424	0.112936	0.110406	0.10724	0.10234	0.100047	0.0943509	0.0915871	0.0883804	0.0806093	0.0773615	0.0719045	0.0656845	0.0633053	0.058324	0.0539764	
0.162402	0.149691	0.139453	0.129031	0.125147	0.11925	0.114327	0.111712	0.10837	0.104956	0.100759	0.0971175	0.0912391	0.0867349	0.0818541	0.0748425	0.0721872	0.0677532	0.0612126	0.0588049	0.0529152	0.0467011	0.0441972	0.0387303	0.0350432	
0.156671	0.143624	0.130738	0.11878	0.113555	0.106316	0.100556	0.0952274	0.0915859	0.0881433	0.0825001	0.0776944	0.0733314	0.0697986	0.0631563	0.0579034	0.0536945	0.0470623	0.042601	0.0390663	0.0337238	0.0291467	0.02671	0.023032	0.019983	
0.144587	0.127688	0.115972	0.103423	0.0946762	0.0868223	0.0832669	0.0795979	0.0721953	0.0698737	0.0642987	0.0574743	0.0555783	0.0495913	0.0427013	0.0403879	0.0349554	0.0296798	0.0265727	0.0231982	0.0200659	0.0157895	0.0136933	0.011552	0.00772465	
0.125607	0.109478	0.0961489	0.0847004	0.076974	0.0687555	0.0649205	0.0599652	0.0542359	0.0514262	0.0458917	0.0393254	0.0366495	0.0320374	0.0256888	0.0241941	0.0196396	0.0154899	0.0135278	0.00985017	0.00738715	0.00410614	0.00286017	0.00247294	-5.91828e-05	
0.103831	0.0888604	0.0746223	0.0634681	0.056908	0.0500968	0.0452186	0.040888	0.0377931	0.0343955	0.0318307	0.0249132	0.0208337	0.0199027	0.0124161	0.00970817	0.00803881	0.00324022	0.00139055	-3.31442e-05	-0.00362606	-0.00456718	-0.00402582	-0.00609875	-0.00442428	
0.0827315	0.0678656	0.0568166	0.0458276	0.0378326	0.0321914	0.0299183	0.0270854	0.0228041	0.0199867	0.0174507	0.0124947	0.00916444	0.00645708	0.00289061	-0.000124793	-0.00189929	-0.00337096	-0.00689191	-0.00731504	-0.00883245	-0.01047	-0.0101132	-0.0123418	-0.010273	
0.0656595	0.0498791	0.0409692	0.032178	0.0227133	0.0195684	0.0172204	0.0132828	0.00918436	0.0084132	0.00711584	0.00103127	0.000385426	-0.00150788	-0.00512106	-0.00631718	-0.00956896	-0.0105104	-0.0117364	-0.0131859	-0.0127662	-0.0130008	-0.013548	-0.0142895	-0.0139496	
0.0497689	0.035217	0.0263025	0.0206832	0.0144952	0.0107117	0.00803665	0.00468693	0.000901658	-0.00160521	-0.00166502	-0.00722734	-0.00812131	-0.00749288	-0.0123755	-0.0124874	-0.0142449	-0.0152319	-0.0134492	-0.0157874	-0.0148758	-0.01423	-0.0163808	-0.0152926	-0.0164143	
0.0353146	0.0247954	0.0142345	0.010026	0.00332912	-0.000557342	7.37316e-05	-0.00268668	-0.00415669	-0.00759448	-0.00778406	-0.0091351	-0.0107006	-0.0116944	-0.0159036	-0.0159294	-0.0177366	-0.0194677	-0.0175112	-0.0186517	-0.0182511	-0.0159902	-0.0162234	-0.0159741	-0.0152506	
0.0263571	0.0142447	0.00637432	0.0027817	-0.00428636	-0.00592644	-0.00632583	-0.0088364	-0.00979189	-0.0112629	-0.0115214	-0.0128181	-0.0137846	-0.0160772	-0.0172216	-0.0170657	-0.0191669	-0.0194148	-0.0184324	-0.0186655	-0.0193684	-0.0175772	-0.0170611	-0.0187223	-0.0166783	
0.0209268	0.0102768	0.00292805	-0.000165328	-0.00496806	-0.00749138	-0.0102384	-0.0127666	-0.013415	-0.0144198	-0.0166752	-0.016935	-0.0173097	-0.020143	-0.0183921	-0.0174687	-0.0194682	-0.0179023	-0.0165973	-0.0189827	-0.0186643	-0.0172778	-0.0188438	-0.0181848	-0.0182048	
0.0146837	0.00349086	-0.00418657	-0.00497169	-0.00848226	-0.0111138	-0.0133943	-0.012682	-0.012069	-0.0144037	-0.0158084	-0.0146214	-0.0172746	-0.0202589	-0.0200382	-0.0216531	-0.0214741	-0.0211358	-0.019362	-0.0187198	-0.018375	-0.0150341	-0.0157746	-0.015983	-0.0153565	
0.0105755	-0.000526802	-0.00599326	-0.00765898	-0.0113027	-0.0124307	-0.0138207	-0.0139848	-0.0146391	-0.0167751	-0.0171834	-0.0157094	-0.0188487	-0.0197055	-0.0175785	-0.0207764	-0.0205209	-0.019488	-0.0197053	-0.0188339	-0.0178591	-0.0167538	-0.0174496	-0.0163701	-0.0155956	
0.00744416	-0.000237359	-0.00653221	-0.0102697	-0.0133122	-0.0135448	-0.0147838	-0.0164993	-0.0164827	-0.0166051	-0.0179193	-0.0177968	-0.0193546	-0.0198314	-0.0178076	-0.0196956	-0.0199182	-0.0182453	-0.0184856	-0.0180443	-0.0158781	-0.0160686	-0.017046	-0.0158896	-0.0174428	
0.00369586	-0.00331305	-0.00914513	-0.0127291	-0.0124471	-0.0135283	-0.0161698	-0.015402	-0.0150481	-0.0159195	-0.0177193	-0.0166697	-0.0184587	-0.0203622	-0.0188356	-0.0207365	-0.0197136	-0.018569	-0.0192553	-0.0170177	-0.0157343	-0.0157449	-0.0150436	-0.0144934	-0.0156349	
-0.00053789	-0.00503435	-0.0101434	-0.013405	-0.0118253	-0.0141999	-0.0161579	-0.0151727	-0.0156868	-0.0164813	-0.0169516	-0.0152375	-0.0179847	-0.0202572	-0.0185405	-0.0201402	-0.0202048	-0.0188473	-0.0186799	-0.0170314	-0.0161615	-0.0166955	-0.0154123	-0.013993	-0.0146441	
-0.00302675	-0.00841986	-0.0114974	-0.0143703	-0.0142212	-0.0165655	-0.0164212	-0.0162178	-0.0166987	-0.0165578	-0.016674	-0.0156003	-0.0180795	-0.0186135	-0.0180197	-0.019588	-0.0195173	-0.0187152	-0.017575	-0.0164402	-0.0166158	-0.0170043	-0.0164534	-0.0166449	-0.0163736	
-0.00322195	-0.00866355	-0.0117057	-0.0166538	-0.0157669	-0.0171936	-0.0178904	-0.0181047	-0.017369	-0.0167879	-0.0188467	-0.0172863	-0.0174321	-0.0174839	-0.0167077	-0.0176827	-0.017958	-0.0180757	-0.0191404	-0.0190167	-0.0176321	-0.0176141	-0.0169488	-0.0161435	-0.0163021	
-0.00853165	-0.00997207	-0.013146	-0.0170453	-0.0147416	-0.0158334	-0.0178454	-0.0169534	-0.0156945	-0.0158374	-0.0174821	-0.0186264	-0.0187144	-0.0194994	-0.0207977	-0.0197156	-0.0183712	-0.0182137	-0.0190667	-0.0170634	-0.0155026	-0.016267	-0.0152268	-0.0168087	-0.0182787	
-0.00904864	-0.0112123	-0.0138542	-0.0170565	-0.0170241	-0.0187485	-0.019345	-0.0186068	-0.0184611	-0.018469	-0.0177514	-0.0189023	-0.0173484	-0.0164535	-0.0200812	-0.0185801	-0.0168514	-0.0186544	-0.0192814	-0.0176282	-0.0182675	-0.0196073	-0.0179165	-0.0183584	-0.0183161	
-0.00803354	-0.0118866	-0.0159568	-0.0196996	-0.0197893	-0.0193268	-0.0196646	-0.0203045	-0.0206247	-0.0191643	-0.0180016	-0.0199374	-0.0167045	-0.0156483	-0.0190763	-0.0171239	-0.01781	-0.0196226	-0.0194659	-0.0191726	-0.0191564	-0.0208667	-0.0195855	-0.0176417	-0.0185363	
-0.0122593	-0.0154807	-0.0168374	-0.0178032	-0.0195844	-0.0173142	-0.0179786	-0.0190595	-0.0188563	-0.0186118	-0.017443	-0.0216563	-0.0207362	-0.0193245	-0.0212762	-0.0189385	-0.018959	-0.0196963	-0.0180487	-0.016576	-0.0179247	-0.018478	-0.0174965	-0.0198692	-0.0207684	
-0.0116947	-0.0149814	-0.0161924	-0.0165728	-0.0209998	-0.020472	-0.0200432	-0.0214991	-0.0209166	-0.0205291	-0.0187459	-0.0209693	-0.0196567	-0.0176162	-0.0190745	-0.0174349	-0.0183408	-0.0196547	-0.0187125	-0.0205017	-0.0212438	-0.0189543	-0.0189546	-0.0202698	-0.019825	
-0.0128741	-0.0164854	-0.0180814	-0.0188111	-0.0212462	-0.0206684	-0.0205885	-0.0209119	-0.0215637	-0.020948	-0.0193353	-0.0198177	-0.0182463	-0.0186767	-0.0194062	-0.0185745	-0.0192154	-0.0188192	-0.0196288	-0.021941	-0.0201731	-0.0188057	-0.021005	-0.0206021	-0.0197168	
-0.013673	-0.0183417	-0.018723	-0.0178047	-0.0216483	-0.0204708	-0.0196798	-0.0203617	-0.0206638	-0.0205599	-0.0196736	-0.0194799	-0.0198362	-0.020486	-0.0202099	-0.0199246	-0.0188587	-0.0197894	-0.0200982	-0.0188499	-0.0190483	-0.0187773	-0.0206582	-0.0215249	-0.0195853	
-0.0120192	-0.0168457	-0.0183367	-0.0170334	-0.0204049	-0.0212196	-0.0202508	-0.0213846	-0.0207856	-0.0195914	-0.0208862	-0.0201441	-0.019964	-0.0198341	-0.0180327	-0.0184556	-0.0193027	-0.0198756	-0.0181921	-0.0188372	-0.0208043	-0.0206076	-0.0218042	-0.0213283	-0.0214763	
-0.0147992	-0.0184236	-0.0189978	-0.0199834	-0.0203424	-0.0209965	-0.0203129	-0.0195052	-0.0194232	-0.018319	-0.0203563	-0.0176188	-0.0176367	-0.0189471	-0.0160712	-0.0198372	-0.0212993	-0.0183667	-0.0185516	-0.0212	-0.0220486	-0.0210996	-0.0214368	-0.0214327	-0.0225835	
-0.0143628	-0.0185562	-0.0202884	-0.0202634	-0.0205623	-0.0205828	-0.0188015	-0.0186998	-0.0187776	-0.0183068	-0.0183509	-0.0152436	-0.0173378	-0.0181091	-0.0168399	-0.0201798	-0.0192271	-0.0182428	-0.0201928	-0.0217381	-0.0214488	-0.0196977	-0.0212301	-0.0228392	-0.0215709	
-0.0143111	-0.0169429	-0.0190221	-0.0193922	-0.0177571	-0.0198275	-0.0191546	-0.0186428	-0.0191228	-0.018453	-0.017965	-0.0155946	-0.0180889	-0.0190748	-0.0166667	-0.0171728	-0.0171628	-0.0173176	-0.0194481	-0.0203253	-0.0192929	-0.0214499	-0.0244202	-0.0238925	-0.0231001	
-0.0173809	-0.0178452	-0.0188536	-0.0212702	-0.0188804	-0.0207607	-0.0200665	-0.0174697	-0.0171457	-0.0173094	-0.016917	-0.0143081	-0.0161124	-0.0173555	-0.0151592	-0.0166429	-0.0188705	-0.0188057	-0.0203169	-0.0202913	-0.0204443	-0.0240743	-0.0235748	-0.0217058	-0.0230284	
-0.0168839	-0.0180685	-0.0211221	-0.0208383	-0.019126	-0.0196922	-0.0187055	-0.016421	-0.0149545	-0.0166699	-0.0153867	-0.0152613	-0.0160219	-0.0149229	-0.0171194	-0.0176265	-0.0182577	-0.0195774	-0.0197322	-0.0200552	-0.0217971	-0.0233711	-0.0215632	-0.0216241	-0.0234035	
-0.0182866	-0.0176512	-0.0194464	-0.0208092	-0.0182248	-0.0186213	-0.0198851	-0.0172114	-0.0152312	-0.0160267	-0.0150553	-0.0161023	-0.0154325	-0.0152956	-0.0175563	-0.0167779	-0.0170854	-0.0174305	-0.0196413	-0.0209302	-0.0202874	-0.0224212	-0.0227302	-0.0232582	-0.02513	
