-0.271321	-0.265471	-0.218195	-0.146864	-0.064947	0.0230189	0.114305	0.203981	0.278759	0.328309	0.346335	0.320796	0.26419	0.205119	0.146833	0.0892697	0.0437731	0.0103621	-0.0144532	-0.0287072	-0.0355991	-0.0415017	-0.0481168	-0.0512768	-0.0491958	
-0.274	-0.267664	-0.227523	-0.164209	-0.0886407	-0.00484151	0.0843176	0.176241	0.260273	0.319992	0.346302	0.330266	0.280691	0.224606	0.167055	0.106061	0.0554393	0.0191879	-0.00726558	-0.023286	-0.0329931	-0.0408496	-0.0455662	-0.0480693	-0.049335	
-0.271416	-0.269438	-0.233567	-0.177889	-0.109388	-0.0299558	0.0566003	0.149746	0.242023	0.31086	0.343831	0.337336	0.296591	0.243456	0.185939	0.122612	0.0677087	0.0284254	0.000255898	-0.0176763	-0.0302669	-0.0399447	-0.0429295	-0.0448125	-0.0492318	
-0.259078	-0.262257	-0.237862	-0.191006	-0.128725	-0.0534767	0.0325503	0.126665	0.223224	0.299792	0.34007	0.342514	0.310666	0.261089	0.203783	0.138832	0.0801585	0.037798	0.00795582	-0.0120643	-0.0275119	-0.03876	-0.040447	-0.0418634	-0.048811	
-0.251472	-0.259414	-0.239481	-0.200426	-0.143556	-0.0719957	0.00961745	0.102792	0.205248	0.289158	0.334031	0.344701	0.323473	0.277657	0.219588	0.15398	0.0928733	0.0473264	0.0153867	-0.00688174	-0.0248646	-0.0373457	-0.0383797	-0.039575	-0.0481692	
-0.236807	-0.250111	-0.238451	-0.206927	-0.158827	-0.0926578	-0.00932864	0.0854056	0.187107	0.274251	0.325994	0.34593	0.334126	0.291786	0.233538	0.16819	0.105253	0.056489	0.0223459	-0.00226522	-0.0225317	-0.0359423	-0.0369494	-0.0381831	-0.0475148	
-0.223249	-0.240575	-0.237517	-0.214582	-0.16898	-0.105078	-0.0275108	0.0638493	0.168238	0.261227	0.317241	0.343278	0.341217	0.30417	0.246039	0.180866	0.116773	0.0652239	0.0287475	0.00160612	-0.0206703	-0.0347091	-0.03625	-0.0377985	-0.0470771	
-0.208529	-0.231186	-0.23306	-0.216521	-0.179361	-0.121505	-0.0440817	0.048394	0.150739	0.243515	0.304557	0.339557	0.346884	0.313852	0.255961	0.192064	0.127801	0.0735626	0.034421	0.00473108	-0.0191901	-0.0336667	-0.036246	-0.0383688	-0.0469849	
-0.193545	-0.218573	-0.228948	-0.219778	-0.187196	-0.133715	-0.0595433	0.0308321	0.131243	0.225605	0.292119	0.333597	0.348255	0.320857	0.265211	0.202438	0.137777	0.081325	0.039747	0.00750722	-0.0179186	-0.0327632	-0.036737	-0.0396531	-0.0472063	
-0.179157	-0.20667	-0.223879	-0.223035	-0.19536	-0.144358	-0.0739755	0.0133918	0.112287	0.206987	0.277399	0.325313	0.3478	0.326597	0.273263	0.21154	0.147276	0.0892294	0.0449523	0.0100564	-0.0165627	-0.0317041	-0.0374298	-0.0413597	-0.0475632	
-0.165209	-0.19689	-0.219943	-0.221751	-0.200531	-0.157681	-0.0892234	-0.000636464	0.0941834	0.185534	0.26134	0.317264	0.345979	0.330316	0.280467	0.220467	0.156778	0.0971856	0.0501	0.0127502	-0.0147552	-0.0302883	-0.0381183	-0.0431946	-0.0477918	
-0.154756	-0.18575	-0.213355	-0.224205	-0.207622	-0.165157	-0.100848	-0.0184012	0.0731386	0.166487	0.247919	0.308014	0.341444	0.3332	0.288143	0.229293	0.165926	0.105216	0.0554722	0.0157771	-0.0124188	-0.0284362	-0.0386424	-0.0449262	-0.0476924	
-0.143426	-0.175415	-0.208835	-0.223305	-0.211379	-0.175918	-0.1148	-0.0319138	0.0569743	0.147321	0.231965	0.298271	0.337957	0.336118	0.294727	0.237385	0.175276	0.113633	0.0608843	0.0189703	-0.00953173	-0.0260892	-0.0389247	-0.0464177	-0.0471819	
-0.133491	-0.169579	-0.205484	-0.221679	-0.213719	-0.181852	-0.124196	-0.0464116	0.0382214	0.129023	0.218739	0.289803	0.333512	0.337371	0.300756	0.245854	0.18471	0.121718	0.0661946	0.0225849	-0.00605337	-0.0233827	-0.0389068	-0.0474764	-0.0462757	
-0.13055	-0.160752	-0.195034	-0.217898	-0.216872	-0.188206	-0.133992	-0.0595323	0.0229961	0.112616	0.204892	0.281118	0.329523	0.33824	0.306081	0.253942	0.193811	0.129689	0.0718281	0.0267258	-0.00218755	-0.0204222	-0.0383355	-0.0478241	-0.0450951	
-0.119902	-0.151183	-0.191838	-0.216608	-0.215395	-0.19061	-0.141574	-0.0709905	0.0079495	0.0962246	0.19239	0.273877	0.325278	0.337763	0.310805	0.26208	0.202774	0.137642	0.0778784	0.0314267	0.00197718	-0.0172552	-0.0369787	-0.0472421	-0.0438093	
-0.114964	-0.146412	-0.184421	-0.20843	-0.212367	-0.192828	-0.148182	-0.0825176	-0.00608749	0.0821664	0.180598	0.266046	0.320759	0.337377	0.315692	0.269972	0.211151	0.145492	0.084478	0.0367208	0.00621016	-0.0141197	-0.0347993	-0.0456942	-0.0426453	
-0.110623	-0.137286	-0.17309	-0.202075	-0.210943	-0.194398	-0.154203	-0.091882	-0.0174774	0.0678062	0.167723	0.259204	0.317545	0.337146	0.320052	0.276845	0.218655	0.153368	0.0915694	0.0421668	0.0100118	-0.0112878	-0.0319826	-0.0434868	-0.0418866	
-0.100461	-0.125648	-0.167938	-0.199206	-0.207318	-0.193797	-0.157976	-0.100009	-0.0307814	0.0530094	0.157909	0.253829	0.313008	0.336127	0.32417	0.282647	0.225187	0.161002	0.0984423	0.0471006	0.0131926	-0.00882097	-0.029039	-0.0412749	-0.0416672	
-0.0940761	-0.122722	-0.162819	-0.191402	-0.202725	-0.194002	-0.163164	-0.110358	-0.0422924	0.0430787	0.148397	0.244776	0.307613	0.336611	0.327748	0.286513	0.230661	0.167993	0.104409	0.0513102	0.0160138	-0.00668224	-0.0266512	-0.0397129	-0.0417897	
-0.0876628	-0.115186	-0.154355	-0.186189	-0.203381	-0.198027	-0.167614	-0.115535	-0.0509445	0.0301895	0.135685	0.23666	0.30405	0.336065	0.329159	0.289602	0.235692	0.173704	0.10915	0.0550575	0.0188469	-0.00481279	-0.0253338	-0.0391599	-0.0418334	
-0.0819544	-0.109031	-0.150126	-0.187813	-0.205941	-0.197268	-0.168883	-0.124781	-0.0646469	0.0188137	0.127157	0.228553	0.297621	0.334063	0.331001	0.292929	0.239606	0.177839	0.112923	0.0585257	0.021858	-0.00316194	-0.0253089	-0.0396397	-0.0414553	
-0.0754257	-0.104681	-0.149273	-0.188583	-0.20713	-0.201086	-0.177306	-0.135027	-0.0725272	0.0112496	0.116119	0.217747	0.29224	0.333188	0.332088	0.295363	0.242823	0.180887	0.115712	0.0617355	0.0250413	-0.00192821	-0.0264521	-0.0407375	-0.0407019	
-0.0706233	-0.101364	-0.149802	-0.192908	-0.211581	-0.207724	-0.186083	-0.141737	-0.0787357	0.000893144	0.104505	0.210824	0.288238	0.329199	0.331314	0.298663	0.246088	0.182625	0.117805	0.0649768	0.0278346	-0.00150655	-0.0278594	-0.0415556	-0.0401936	
-0.0636574	-0.0991633	-0.151626	-0.195742	-0.220584	-0.220722	-0.193005	-0.146	-0.0881187	-0.00992337	0.0978759	0.205768	0.280652	0.323144	0.332156	0.3028	0.24828	0.183929	0.120337	0.067847	0.0293467	-0.00152452	-0.0280092	-0.0413812	-0.0408163	
-0.056721	-0.0982919	-0.156215	-0.206314	-0.23384	-0.229225	-0.199953	-0.157021	-0.097583	-0.0146171	0.0928719	0.19804	0.273203	0.320058	0.333535	0.304987	0.250145	0.186637	0.123192	0.0695739	0.0298907	-0.000987668	-0.0263783	-0.0404814	-0.0428863	
-0.0515936	-0.101766	-0.163025	-0.216231	-0.245514	-0.240593	-0.212204	-0.166751	-0.10271	-0.0195171	0.0870164	0.193182	0.269447	0.317673	0.332752	0.305739	0.253039	0.190509	0.125784	0.0706233	0.0302691	-3.6511e-06	-0.0241849	-0.0397808	-0.0457223	
-0.0484267	-0.103156	-0.16972	-0.227016	-0.256023	-0.254125	-0.227368	-0.176336	-0.107437	-0.0227595	0.0841578	0.189468	0.266256	0.316265	0.331452	0.305435	0.256054	0.194838	0.128286	0.0712291	0.0302695	0.000579874	-0.0230195	-0.0400956	-0.0481394	
-0.0413718	-0.103007	-0.176487	-0.238472	-0.273033	-0.272253	-0.238257	-0.182313	-0.113171	-0.0272789	0.0803754	0.187408	0.267587	0.316325	0.328033	0.304213	0.259384	0.198534	0.129608	0.0711369	0.0302367	0.0006545	-0.0238646	-0.041785	-0.0491248	
-0.0354882	-0.107557	-0.189184	-0.253303	-0.285567	-0.281363	-0.248269	-0.194932	-0.122428	-0.0309962	0.0803339	0.190631	0.269326	0.312967	0.325257	0.305636	0.260938	0.198365	0.129672	0.0720153	0.0311101	-4.26568e-05	-0.0269132	-0.0442986	-0.048358	
-0.0347869	-0.11174	-0.194266	-0.26029	-0.295976	-0.294505	-0.263266	-0.207105	-0.128222	-0.0318407	0.0826912	0.191913	0.26629	0.31149	0.328669	0.306622	0.256734	0.195557	0.131085	0.0744191	0.0318934	-0.00202071	-0.0307494	-0.0461885	-0.0468291	
-0.0283024	-0.109332	-0.19821	-0.270087	-0.308235	-0.307813	-0.274662	-0.213634	-0.132031	-0.0345458	0.0805674	0.188827	0.266018	0.317004	0.332138	0.302352	0.251224	0.194655	0.132749	0.0756514	0.0314479	-0.00431059	-0.0328417	-0.046418	-0.0466379	
-0.0236705	-0.108927	-0.202716	-0.27883	-0.318286	-0.315285	-0.278658	-0.218457	-0.140091	-0.0426112	0.0756468	0.189247	0.271621	0.320699	0.329329	0.298926	0.251166	0.194238	0.130934	0.0746263	0.0304753	-0.00525523	-0.0318366	-0.0455271	-0.0492545	
-0.0209395	-0.109632	-0.205626	-0.28092	-0.319654	-0.317803	-0.284062	-0.227292	-0.14975	-0.0493983	0.0738891	0.191709	0.273069	0.317979	0.327837	0.302339	0.253379	0.191189	0.12687	0.0722933	0.029137	-0.00434731	-0.0289621	-0.0453892	-0.0536969	
-0.0203078	-0.106574	-0.200468	-0.277833	-0.320413	-0.321501	-0.290113	-0.233356	-0.153945	-0.0528297	0.0705625	0.188474	0.26999	0.317629	0.331706	0.306308	0.253505	0.188606	0.122969	0.0676607	0.0271779	-0.00225019	-0.0275127	-0.047632	-0.0568534	
-0.0150036	-0.101256	-0.196055	-0.27371	-0.317929	-0.321911	-0.291125	-0.23317	-0.155223	-0.0573174	0.0646842	0.183288	0.268114	0.32006	0.3346	0.306836	0.253289	0.187282	0.117972	0.0618755	0.0258413	-0.00159431	-0.0303739	-0.0513804	-0.0562796	
-0.0128966	-0.0966304	-0.188941	-0.2666	-0.311017	-0.315394	-0.286749	-0.23123	-0.155283	-0.0598001	0.0595766	0.177924	0.26627	0.320935	0.334177	0.304923	0.251299	0.184245	0.114239	0.0596075	0.023999	-0.00616837	-0.0363957	-0.0534276	-0.052932	
-0.00899646	-0.0914934	-0.182442	-0.25594	-0.298561	-0.305271	-0.278919	-0.225413	-0.153586	-0.061998	0.0561642	0.174923	0.263986	0.318224	0.329768	0.299278	0.245962	0.181894	0.115816	0.0598863	0.0177144	-0.0154504	-0.0412981	-0.0526345	-0.0502836	
-0.00962675	-0.0877123	-0.172882	-0.243102	-0.283425	-0.289626	-0.267785	-0.220384	-0.151133	-0.058985	0.0589746	0.174998	0.260262	0.310705	0.319835	0.290492	0.241719	0.182747	0.117471	0.0558903	0.00818811	-0.0233222	-0.0436464	-0.0523662	-0.0506103	
-0.0075654	-0.0796122	-0.161406	-0.227611	-0.26705	-0.276795	-0.257024	-0.208708	-0.139703	-0.0490642	0.0663524	0.176402	0.253679	0.298524	0.307751	0.283561	0.239187	0.179432	0.110346	0.0472102	0.0024064	-0.0256789	-0.0460499	-0.0558735	-0.0538339	
-0.00439077	-0.0723576	-0.151124	-0.217466	-0.25548	-0.260222	-0.236839	-0.188316	-0.120951	-0.0339391	0.0739996	0.17504	0.246924	0.290066	0.299197	0.275363	0.22906	0.165701	0.0969496	0.0400763	0.00215346	-0.0248371	-0.0492354	-0.0618722	-0.0600703	
-0.00743431	-0.0706194	-0.146451	-0.206701	-0.237789	-0.238631	-0.211775	-0.161234	-0.09868	-0.020706	0.0803211	0.17851	0.249166	0.28785	0.288938	0.25801	0.20839	0.146998	0.0850449	0.0354345	0.00176032	-0.0244019	-0.051026	-0.0677386	-0.0697255	
-0.0165968	-0.0722803	-0.138543	-0.191913	-0.218053	-0.213985	-0.185674	-0.138266	-0.0788925	-0.00155726	0.0976598	0.1913	0.255829	0.284451	0.272942	0.234041	0.184526	0.129291	0.0745088	0.0289499	-0.00235663	-0.0258741	-0.0524514	-0.0734445	-0.0795792	
-0.0271161	-0.0717459	-0.129908	-0.176842	-0.19946	-0.196566	-0.167658	-0.113999	-0.0485611	0.0293217	0.122674	0.206843	0.260883	0.277543	0.255618	0.212236	0.163188	0.111186	0.0609878	0.0192984	-0.00936011	-0.0313564	-0.0579003	-0.0789008	-0.0830613	
-0.0369444	-0.0765412	-0.128769	-0.171295	-0.190191	-0.180476	-0.142856	-0.0827616	-0.0136273	0.0646	0.150593	0.221971	0.264609	0.272173	0.243403	0.196002	0.144198	0.0916555	0.0445282	0.00655645	-0.0208524	-0.0430227	-0.0671018	-0.0810074	-0.0775961	
-0.0583308	-0.0938161	-0.138232	-0.169778	-0.176954	-0.159593	-0.116711	-0.0506372	0.0227464	0.0994694	0.177418	0.239338	0.274056	0.272824	0.23611	0.184097	0.128848	0.0736389	0.0256001	-0.0126947	-0.0396582	-0.0579579	-0.0734135	-0.0772841	-0.0683694	
-0.0850384	-0.114857	-0.148689	-0.168476	-0.165479	-0.138917	-0.0885351	-0.0193393	0.054858	0.132316	0.207433	0.26292	0.28978	0.279075	0.23434	0.177458	0.117228	0.0559046	0.00237624	-0.0384318	-0.0617428	-0.0697438	-0.073237	-0.0705648	-0.0624094	
-0.111715	-0.137709	-0.16212	-0.169693	-0.154616	-0.119887	-0.0648814	0.00831034	0.0871613	0.166794	0.238623	0.289511	0.311897	0.293215	0.238823	0.173161	0.104124	0.0352704	-0.0220799	-0.0617372	-0.0785628	-0.0768328	-0.0721336	-0.0675317	-0.0628615	
-0.137583	-0.159223	-0.17533	-0.174403	-0.151094	-0.107329	-0.0436514	0.0350035	0.117558	0.200009	0.271674	0.320971	0.33948	0.311342	0.244438	0.166548	0.0878161	0.0154565	-0.0391236	-0.0738833	-0.0873047	-0.0839132	-0.0777103	-0.0728926	-0.0706982	
-0.158237	-0.180349	-0.193033	-0.18502	-0.152619	-0.100544	-0.0295293	0.056831	0.148604	0.237477	0.308377	0.353163	0.364583	0.325317	0.246638	0.159432	0.0758932	0.00514389	-0.0443356	-0.0762726	-0.0922116	-0.093969	-0.0904969	-0.0867873	-0.087373	
