0.269702	0.241986	0.194593	0.131197	0.0579426	-0.019228	-0.0860179	-0.135501	-0.177425	-0.204392	-0.214379	-0.213388	-0.201359	-0.187007	-0.167903	-0.144393	-0.130881	-0.123168	-0.110966	-0.0966247	-0.0807376	-0.0593501	-0.0329525	-0.00550098	0.0154613	
0.269864	0.240975	0.192816	0.126559	0.0496553	-0.0302425	-0.0989102	-0.149191	-0.189169	-0.212932	-0.219354	-0.212874	-0.196698	-0.181008	-0.162493	-0.140894	-0.126414	-0.115683	-0.10349	-0.0917566	-0.0771056	-0.0537181	-0.025138	0.00370091	0.0290792	
0.269973	0.241229	0.192624	0.126333	0.0485397	-0.0349332	-0.103743	-0.152355	-0.193399	-0.217015	-0.221707	-0.215796	-0.200828	-0.181964	-0.158327	-0.134012	-0.116987	-0.102446	-0.0869406	-0.0759132	-0.0668568	-0.0486405	-0.0217755	0.00889926	0.0378191	
0.264015	0.238241	0.193208	0.129854	0.055024	-0.0252661	-0.0938012	-0.145324	-0.187495	-0.213621	-0.223773	-0.219692	-0.204889	-0.187147	-0.161564	-0.13139	-0.107992	-0.08951	-0.0721144	-0.0610561	-0.0529442	-0.0339171	-0.00739628	0.0183396	0.0406083	
0.251721	0.235015	0.195577	0.137128	0.0699908	-0.00569495	-0.0741046	-0.128495	-0.174784	-0.204412	-0.217228	-0.216752	-0.207386	-0.19285	-0.166805	-0.133459	-0.105171	-0.0840868	-0.065096	-0.0496699	-0.0370688	-0.0161029	0.00978957	0.0319605	0.0483496	
0.233547	0.226817	0.19702	0.146647	0.0865885	0.0205419	-0.0431053	-0.103746	-0.155443	-0.187119	-0.205238	-0.211295	-0.206566	-0.194415	-0.171048	-0.139212	-0.106657	-0.0800963	-0.0596905	-0.0442876	-0.0297662	-0.00434857	0.0261959	0.0493531	0.0623813	
0.204623	0.211152	0.194991	0.156029	0.108237	0.0515802	-0.00962677	-0.0729246	-0.130122	-0.168651	-0.190432	-0.199807	-0.202676	-0.196333	-0.17408	-0.140482	-0.104721	-0.0776291	-0.0584797	-0.0415815	-0.0239031	0.00408326	0.0375583	0.0631014	0.0756729	
0.175646	0.193375	0.190862	0.167651	0.129238	0.0784904	0.0218627	-0.0431221	-0.103546	-0.145624	-0.173606	-0.190047	-0.198116	-0.192653	-0.170616	-0.139216	-0.103621	-0.0739822	-0.0531923	-0.036191	-0.0179816	0.0112025	0.0456806	0.070273	0.0797892	
0.14742	0.177061	0.190547	0.180486	0.152263	0.107523	0.0478283	-0.0206197	-0.0803074	-0.126366	-0.160489	-0.180291	-0.190175	-0.185011	-0.164058	-0.133262	-0.0956994	-0.065722	-0.0466151	-0.0282712	-0.00715209	0.0205897	0.0505828	0.0702251	0.0743867	
0.123717	0.167164	0.192791	0.195316	0.174563	0.131257	0.0707443	-0.000528029	-0.0622391	-0.108939	-0.145659	-0.172021	-0.186867	-0.179139	-0.152274	-0.118989	-0.0828716	-0.0535535	-0.0332154	-0.0146204	0.00502053	0.0288236	0.0524859	0.0636224	0.0594306	
0.0998128	0.149312	0.186452	0.198915	0.185408	0.152896	0.0968598	0.0235516	-0.0397983	-0.0911457	-0.133379	-0.163509	-0.179983	-0.171298	-0.143749	-0.108298	-0.0659147	-0.0314399	-0.0124571	0.00227334	0.0186211	0.0344379	0.0468356	0.0495697	0.0408935	
0.0750413	0.128329	0.170452	0.190458	0.187308	0.163402	0.114173	0.0467122	-0.0170961	-0.0722933	-0.115501	-0.146776	-0.165727	-0.160351	-0.134138	-0.0950408	-0.0491905	-0.0129955	0.00768903	0.0208664	0.0306184	0.0371307	0.0416873	0.0379965	0.0230705	
0.0623639	0.11114	0.151688	0.175762	0.176039	0.159334	0.118029	0.055961	-0.00310774	-0.0552247	-0.0966094	-0.125227	-0.139291	-0.130791	-0.108029	-0.077729	-0.0391015	-0.00346166	0.0177834	0.0299794	0.0408025	0.0453113	0.0412615	0.0279853	0.00629008	
0.0532067	0.0996668	0.137932	0.159002	0.160515	0.145338	0.10394	0.0487505	-0.000779656	-0.0431756	-0.0735813	-0.0941785	-0.102892	-0.0951362	-0.0789856	-0.0544083	-0.0222406	0.00566446	0.0230442	0.0357229	0.0462485	0.0462138	0.035963	0.0170247	-0.00937842	
0.0410409	0.0849755	0.11789	0.137407	0.138118	0.122726	0.0882709	0.0446806	0.00566888	-0.0261353	-0.0497699	-0.0686867	-0.0765348	-0.0682981	-0.0493726	-0.0239436	0.00192256	0.024172	0.0370899	0.0406553	0.0422915	0.0370756	0.0218561	-4.74258e-05	-0.0233863	
0.0179016	0.0564813	0.0907823	0.11285	0.116627	0.106104	0.0782108	0.045124	0.0146741	-0.0122174	-0.032199	-0.0474536	-0.0504011	-0.0400807	-0.0230086	0.000358442	0.0250819	0.0445511	0.051021	0.0468347	0.040599	0.0263347	0.00384364	-0.0184332	-0.0365431	
-0.00339935	0.0306073	0.0632646	0.0875006	0.0959997	0.0854971	0.062418	0.0411258	0.0202953	0.00240019	-0.0110066	-0.0211607	-0.0199616	-0.0123574	0.000994027	0.02207	0.0393073	0.0515485	0.0577038	0.0531999	0.0423191	0.023888	-0.00354911	-0.0334119	-0.0560736	
-0.0192617	0.00333589	0.0300754	0.0571908	0.0712799	0.0659065	0.051008	0.0390588	0.0266036	0.016096	0.00802042	0.00382382	0.00920914	0.0167933	0.0266406	0.0380471	0.045005	0.0534919	0.0598113	0.056423	0.0463221	0.024778	-0.0115178	-0.0482448	-0.0703217	
-0.0372498	-0.0229296	2.48838e-05	0.0280932	0.0501619	0.0535775	0.0478986	0.0439985	0.0355909	0.0281165	0.0224165	0.0218621	0.0311327	0.0380994	0.0440587	0.052799	0.0572821	0.0598948	0.061677	0.056226	0.0406456	0.0145405	-0.0212996	-0.0562017	-0.0764471	
-0.0520226	-0.0401931	-0.0214895	0.00645456	0.034298	0.0467988	0.0537357	0.0574859	0.0497874	0.0379065	0.0269489	0.0282852	0.0415257	0.0521352	0.0632811	0.0715645	0.068462	0.0628373	0.059596	0.0505232	0.0315769	0.00488021	-0.0302963	-0.0628354	-0.0769908	
-0.0612081	-0.0495617	-0.031135	-0.00260063	0.0274855	0.0466121	0.062317	0.0698915	0.06082	0.044074	0.0305234	0.0336676	0.0496735	0.0648819	0.0755409	0.0767172	0.06965	0.0613642	0.0552131	0.0464708	0.0267651	-0.00249621	-0.0366649	-0.0645552	-0.075073	
-0.0634765	-0.0515629	-0.0323628	-0.00445479	0.0258335	0.0490217	0.06919	0.0785047	0.0727745	0.0576649	0.0426012	0.0433541	0.0543339	0.0635962	0.0695376	0.069757	0.0642508	0.0554242	0.0499993	0.0439733	0.0243875	-0.0047284	-0.0362807	-0.0632307	-0.0752084	
-0.0587785	-0.045991	-0.0262705	0.00158545	0.0318309	0.056859	0.0774327	0.0874231	0.0853754	0.0717724	0.0580447	0.0553888	0.0545601	0.055003	0.0557319	0.0506149	0.04505	0.0418571	0.0435692	0.0444983	0.0289405	-0.00171816	-0.0355423	-0.0611832	-0.0719754	
-0.0459392	-0.0291176	-0.00561785	0.0222268	0.0479304	0.0713626	0.0904875	0.0974597	0.094927	0.083609	0.0716428	0.0629143	0.0524275	0.0447545	0.0345028	0.0225063	0.0209049	0.0259981	0.0352347	0.0426949	0.0313415	0.00259663	-0.0280191	-0.0527904	-0.0688924	
-0.0296207	-0.00484761	0.0253575	0.0511331	0.072702	0.0975485	0.114361	0.117063	0.111492	0.0944798	0.0761992	0.0600329	0.0410451	0.0257669	0.0114415	0.000684443	0.00175289	0.00996935	0.0229845	0.0346601	0.0291953	0.00485795	-0.0226017	-0.0434435	-0.0573249	
-0.00618024	0.0255852	0.0579877	0.0822356	0.104643	0.131003	0.14727	0.147749	0.132912	0.106035	0.0809828	0.0531517	0.0233306	0.00383245	-0.0111133	-0.0209909	-0.0174626	-0.00356988	0.0130984	0.0237694	0.0188768	-0.00107475	-0.0194845	-0.0292018	-0.0370214	
0.0287996	0.0607771	0.0926311	0.117357	0.139475	0.16683	0.18257	0.176517	0.153781	0.123683	0.0913267	0.0517231	0.0142039	-0.0136383	-0.0355754	-0.045657	-0.0393553	-0.0214313	-0.00313641	0.00738224	0.00887764	0.000611819	-0.00838969	-0.0134428	-0.0195394	
0.0647817	0.096334	0.129503	0.154432	0.17965	0.207551	0.217866	0.207549	0.180385	0.14381	0.103165	0.0559994	0.0107072	-0.0274297	-0.0548589	-0.0669963	-0.0652812	-0.0488426	-0.0262397	-0.00737516	0.00628525	0.00943777	0.00592473	0.00228209	-0.00392437	
0.0919925	0.124354	0.158045	0.1902	0.224214	0.251045	0.261968	0.250888	0.214219	0.168603	0.116808	0.057466	0.00435813	-0.0398556	-0.0706324	-0.0851867	-0.0855025	-0.0662839	-0.0396291	-0.0203768	-0.00377025	0.0109392	0.018645	0.0179201	0.0103872	
0.115931	0.148601	0.186038	0.227324	0.264355	0.291012	0.302672	0.287433	0.248925	0.199957	0.135413	0.0655405	0.00402238	-0.0497786	-0.0835372	-0.0941958	-0.0889323	-0.0692811	-0.0491087	-0.0356955	-0.0177461	0.00501197	0.0206907	0.0276167	0.0296995	
0.143155	0.177468	0.216068	0.256627	0.293557	0.316174	0.321053	0.307476	0.276755	0.22913	0.162042	0.0885096	0.0179796	-0.0423748	-0.0766096	-0.0871773	-0.0856843	-0.0763473	-0.0639842	-0.0507327	-0.0313625	-0.00295046	0.0238739	0.0412371	0.0500253	
0.160595	0.194778	0.228303	0.269738	0.307581	0.32355	0.325992	0.316513	0.293569	0.254274	0.192679	0.120889	0.0500394	-0.0104677	-0.0504392	-0.0729125	-0.0833004	-0.084816	-0.079361	-0.0672951	-0.0434956	-0.00341601	0.0358164	0.059028	0.0689342	
0.161611	0.189421	0.218963	0.260142	0.294381	0.312493	0.319365	0.317108	0.30908	0.279375	0.223925	0.158709	0.0892141	0.0258506	-0.0230247	-0.0551321	-0.070626	-0.0820889	-0.0887906	-0.0775015	-0.0461072	-0.000223182	0.0449933	0.0765949	0.0903963	
0.14534	0.165463	0.191101	0.223681	0.256986	0.283589	0.298842	0.311918	0.316164	0.291619	0.247183	0.18985	0.122	0.0597842	0.00788041	-0.0281939	-0.0495312	-0.071387	-0.0836656	-0.071354	-0.0409724	0.00324956	0.0541634	0.0921305	0.10396	
0.11523	0.13258	0.152519	0.177137	0.208007	0.236575	0.260821	0.284238	0.294128	0.28227	0.255009	0.208474	0.1498	0.0939568	0.0421892	0.00153838	-0.026504	-0.0500538	-0.0629242	-0.055656	-0.0285148	0.013802	0.0620112	0.0990735	0.110557	
0.0859546	0.0965842	0.109035	0.123461	0.142325	0.168823	0.199198	0.229679	0.251387	0.257087	0.24519	0.211475	0.165872	0.118952	0.0715387	0.0317223	0.00260009	-0.0221111	-0.0396055	-0.0357347	-0.00810116	0.0289535	0.0685572	0.101357	0.109397	
0.053369	0.0528011	0.0583315	0.0612949	0.0702395	0.0934943	0.126146	0.164024	0.194438	0.211464	0.212589	0.195107	0.168144	0.13392	0.095457	0.0595619	0.0243348	-0.00471024	-0.0175517	-0.0102621	0.0131685	0.0426092	0.0740876	0.0980063	0.099556	
0.0185999	0.0108498	0.00898639	0.00450292	0.00545768	0.0199958	0.0525939	0.0923464	0.125156	0.152086	0.166756	0.168043	0.158346	0.134357	0.105726	0.0711232	0.0300424	0.00575984	0.0015208	0.00643135	0.0237833	0.0491129	0.0721967	0.0904153	0.0960846	
-0.00512801	-0.0208996	-0.0331175	-0.0438661	-0.0525024	-0.0445405	-0.0122187	0.0248378	0.059531	0.0939776	0.118651	0.133168	0.13372	0.11939	0.0981626	0.0636474	0.0247875	0.00475824	0.000580708	0.00524577	0.0228953	0.0472974	0.0684918	0.0862953	0.0945234	
-0.0227101	-0.0455991	-0.0638626	-0.0786484	-0.0906317	-0.0833344	-0.0570073	-0.0289086	0.0032984	0.0390356	0.0694799	0.0940164	0.104732	0.0977547	0.0758171	0.0394819	0.00188385	-0.01992	-0.0196104	-0.00335423	0.017584	0.0404522	0.0627188	0.0790498	0.085086	
-0.0341123	-0.0578313	-0.0788728	-0.0967832	-0.10519	-0.0977261	-0.0831903	-0.0646286	-0.0361627	-0.0045387	0.0275621	0.0570709	0.0698354	0.0632346	0.0396022	0.00402294	-0.028878	-0.0467161	-0.0414844	-0.0199828	0.00275168	0.0259454	0.0483795	0.062236	0.0636027	
-0.0315791	-0.0533018	-0.0793526	-0.0996109	-0.102604	-0.0986599	-0.0955818	-0.0818546	-0.0592422	-0.0346003	-0.00371033	0.020199	0.0280149	0.0243749	0.00249322	-0.0280943	-0.0495658	-0.0620278	-0.0595686	-0.0409404	-0.0205189	-0.00172537	0.0161586	0.0239305	0.0172925	
-0.0176265	-0.0358137	-0.0632977	-0.0806711	-0.08342	-0.0898232	-0.0973842	-0.0935741	-0.081666	-0.0593407	-0.0302409	-0.010661	0.00266635	0.00419152	-0.0187336	-0.0447893	-0.0605371	-0.071902	-0.0703381	-0.0571531	-0.0483398	-0.0454993	-0.0439693	-0.046912	-0.0546729	
0.000799416	-0.0159066	-0.0388257	-0.0518776	-0.0613391	-0.076022	-0.0907133	-0.0993757	-0.0936286	-0.072545	-0.0486848	-0.024728	-0.00248076	-0.000267604	-0.0180607	-0.0385154	-0.0563634	-0.0681677	-0.0746694	-0.0825178	-0.0915511	-0.102793	-0.118198	-0.135233	-0.149055	
0.0151111	-0.00174543	-0.0161744	-0.0286541	-0.0440762	-0.0596662	-0.0763385	-0.0864376	-0.0803213	-0.06473	-0.0445713	-0.0174888	0.00226603	0.00435951	-0.00151984	-0.0161402	-0.0360471	-0.05251	-0.0796059	-0.115923	-0.143286	-0.1687	-0.200482	-0.233566	-0.25958	
0.0149364	0.00455045	0.00230163	-0.00715012	-0.0211117	-0.035827	-0.0492409	-0.0528751	-0.0485764	-0.0365413	-0.015887	0.00692933	0.0204811	0.0228793	0.0205117	0.00818098	-0.0133228	-0.0406594	-0.0850958	-0.139567	-0.18831	-0.240131	-0.297973	-0.344611	-0.368881	
-3.66583e-05	0.00151663	0.0105176	0.0124502	0.00653566	-0.00276192	-0.0053786	-0.00431437	-0.00257591	0.00710104	0.0224307	0.0376757	0.0472317	0.0490345	0.0456658	0.0342829	0.00898291	-0.0338254	-0.092057	-0.160615	-0.235781	-0.314222	-0.390443	-0.448145	-0.473805	
-0.0131205	-0.0016201	0.0125519	0.0250614	0.0265297	0.0278269	0.0369669	0.043368	0.0502696	0.0568579	0.0633962	0.0705198	0.0719363	0.0724318	0.0708964	0.0603627	0.0309624	-0.0279949	-0.103115	-0.188074	-0.289341	-0.386175	-0.464133	-0.528708	-0.566256	
-0.018297	-0.00132407	0.0143932	0.0290582	0.0371236	0.0477897	0.061904	0.076204	0.089356	0.0951116	0.0975688	0.0961294	0.0923176	0.0930038	0.0905775	0.0779148	0.0424698	-0.0273791	-0.116805	-0.217936	-0.332803	-0.440698	-0.525497	-0.588433	-0.617336	
-0.0235075	-0.00438083	0.0116283	0.0246435	0.0413981	0.0576635	0.0720575	0.0898702	0.101149	0.106979	0.106615	0.0994491	0.100487	0.104272	0.0999065	0.0824929	0.0386905	-0.0327571	-0.128647	-0.242186	-0.355405	-0.464729	-0.56139	-0.615657	-0.619549	
