0.0975295	0.0753982	0.0650494	0.0563915	0.0543992	0.0515698	0.0463817	0.0433021	0.0443044	0.0471424	0.0537479	0.0636032	0.0764344	0.0938643	0.113799	0.133757	0.145404	0.151597	0.148747	0.129423	0.0956056	0.0568965	0.0175327	-0.0235076	-0.0561992	
0.0988451	0.0888443	0.077829	0.0692436	0.0669036	0.0636062	0.057559	0.0543953	0.0559005	0.0591247	0.0654178	0.0759626	0.0892229	0.107646	0.126718	0.144496	0.154618	0.15726	0.149343	0.125253	0.0891929	0.0480809	0.00770991	-0.0306774	-0.060287	
0.121341	0.112124	0.102588	0.0938836	0.0917744	0.0870366	0.0803153	0.0772581	0.0783508	0.0824345	0.0872055	0.0989085	0.11156	0.130399	0.148259	0.162753	0.171471	0.169329	0.155894	0.126544	0.0881233	0.0445238	0.00275947	-0.0324697	-0.0595156	
0.157363	0.148715	0.138943	0.132815	0.128904	0.124462	0.115846	0.112782	0.113416	0.115659	0.120267	0.129625	0.142825	0.160172	0.176596	0.188701	0.194848	0.189885	0.17016	0.136885	0.0956949	0.0492811	0.00561956	-0.0291784	-0.0535598	
0.201288	0.190547	0.182849	0.176335	0.173179	0.167172	0.159079	0.156112	0.156374	0.159445	0.162323	0.172866	0.184648	0.202194	0.216266	0.224455	0.228074	0.217022	0.191759	0.152574	0.109206	0.0603906	0.0151785	-0.0165295	-0.0400192	
0.245045	0.236274	0.229046	0.225297	0.221616	0.216925	0.208839	0.206267	0.206405	0.20882	0.211707	0.220539	0.232991	0.248567	0.261691	0.266807	0.26762	0.254022	0.22259	0.180661	0.134218	0.0825474	0.035594	0.00263775	-0.0196049	
0.279394	0.271129	0.266839	0.26541	0.263134	0.260109	0.253798	0.252727	0.254592	0.258311	0.262922	0.272686	0.285789	0.302182	0.31329	0.316863	0.314861	0.296914	0.261672	0.214387	0.166027	0.112665	0.0633047	0.0319891	0.00980515	
0.29301	0.288254	0.288042	0.29052	0.291526	0.290548	0.287881	0.289791	0.293732	0.301221	0.307456	0.319857	0.335119	0.351582	0.364358	0.366037	0.3634	0.343958	0.304303	0.255701	0.20495	0.150339	0.101624	0.0694778	0.0478003	
0.279233	0.278668	0.282608	0.290913	0.294311	0.297957	0.29963	0.305741	0.314568	0.324543	0.336904	0.351993	0.371736	0.391924	0.405832	0.410604	0.407679	0.387794	0.347794	0.297169	0.246152	0.192184	0.143022	0.112403	0.0918522	
0.232929	0.236019	0.245292	0.257624	0.266111	0.273503	0.281492	0.29344	0.306574	0.323527	0.34076	0.362781	0.388479	0.413118	0.432277	0.439017	0.438637	0.419691	0.379517	0.330983	0.281374	0.229851	0.184689	0.157132	0.138871	
0.15784	0.165193	0.178048	0.195443	0.207444	0.219595	0.233154	0.250041	0.2686	0.289911	0.314256	0.341653	0.374558	0.40535	0.42972	0.442348	0.445843	0.431432	0.395215	0.351255	0.30593	0.258682	0.217773	0.193628	0.179315	
0.0637967	0.0728219	0.0878364	0.107661	0.121768	0.136755	0.15485	0.175958	0.199613	0.226159	0.256968	0.291498	0.331	0.368851	0.398681	0.416822	0.42514	0.414219	0.383413	0.344761	0.30531	0.265493	0.231728	0.21558	0.208409	
-0.0343611	-0.0250266	-0.00901122	0.010444	0.025582	0.0414532	0.0616504	0.0855932	0.110724	0.141283	0.175901	0.214371	0.25943	0.300298	0.336132	0.359314	0.371991	0.367647	0.341659	0.310733	0.27886	0.245796	0.221404	0.212913	0.212826	
-0.121369	-0.113415	-0.100049	-0.081604	-0.0690282	-0.0543614	-0.0337652	-0.0113029	0.0159845	0.0464667	0.0836598	0.124799	0.170551	0.2156	0.25261	0.279362	0.295852	0.292831	0.272528	0.246329	0.219783	0.196278	0.179804	0.18056	0.191193	
-0.185511	-0.181136	-0.169793	-0.15565	-0.145777	-0.134189	-0.116504	-0.095336	-0.0710764	-0.0410308	-0.00498359	0.0343361	0.0809343	0.123534	0.161123	0.188354	0.203606	0.203281	0.183467	0.160211	0.139067	0.119715	0.11159	0.120435	0.137839	
-0.223345	-0.221822	-0.214585	-0.203503	-0.197976	-0.189848	-0.174874	-0.15788	-0.136331	-0.11005	-0.0772077	-0.0405614	0.00165127	0.0416906	0.0754907	0.0992294	0.112448	0.108337	0.0880725	0.0653278	0.0442887	0.0298948	0.0256065	0.0383613	0.06251	
-0.234061	-0.2362	-0.232103	-0.225748	-0.223783	-0.220476	-0.208828	-0.195988	-0.178469	-0.156213	-0.127167	-0.0944109	-0.056298	-0.0206387	0.00848358	0.0281141	0.0348267	0.0258699	0.00112042	-0.0258795	-0.0486117	-0.0647063	-0.0681676	-0.053747	-0.0281664	
-0.224621	-0.2294	-0.228837	-0.225439	-0.227704	-0.226432	-0.218516	-0.208155	-0.194746	-0.176594	-0.1506	-0.123183	-0.0892639	-0.0600464	-0.0366872	-0.0233197	-0.0243669	-0.0392444	-0.0695501	-0.100862	-0.127919	-0.1465	-0.152249	-0.140676	-0.116584	
-0.195769	-0.202941	-0.205587	-0.206607	-0.211348	-0.214671	-0.208519	-0.201872	-0.192317	-0.177252	-0.155921	-0.130445	-0.101782	-0.0766593	-0.0579955	-0.0512503	-0.0580511	-0.0802401	-0.116699	-0.153912	-0.187867	-0.211788	-0.221332	-0.214805	-0.194217	
-0.152476	-0.16246	-0.167988	-0.17187	-0.179948	-0.184963	-0.182303	-0.178005	-0.171111	-0.160373	-0.140562	-0.119425	-0.0946374	-0.0739581	-0.061857	-0.0593068	-0.0734731	-0.101843	-0.142616	-0.186653	-0.225434	-0.25393	-0.268625	-0.266296	-0.25112	
-0.100052	-0.110553	-0.118694	-0.125036	-0.135002	-0.142586	-0.14216	-0.140799	-0.13678	-0.127525	-0.110864	-0.0920198	-0.0709739	-0.0557806	-0.0471205	-0.050699	-0.0701864	-0.103875	-0.151269	-0.199442	-0.244441	-0.277767	-0.294898	-0.298242	-0.287727	
-0.0446105	-0.0560955	-0.0637648	-0.0720352	-0.0832619	-0.0920461	-0.0932825	-0.093431	-0.0916928	-0.0838734	-0.0698084	-0.0527701	-0.0358123	-0.023368	-0.0192678	-0.0265898	-0.0502885	-0.0904478	-0.140805	-0.194861	-0.244528	-0.280843	-0.303737	-0.310913	-0.306064	
-0.00182162	-0.0108969	-0.0186098	-0.0260981	-0.0368793	-0.0458702	-0.0455773	-0.0463641	-0.0432155	-0.0363091	-0.0214822	-0.00560819	0.0103858	0.0209882	0.0217483	0.011935	-0.0175	-0.0615474	-0.117409	-0.175582	-0.228698	-0.26968	-0.294565	-0.306452	-0.305195	
0.0244176	0.017605	0.0130533	0.0073719	-0.00170338	-0.00815043	-0.00773078	-0.0058256	-0.00266358	0.00592543	0.0209542	0.0373965	0.0542217	0.0641235	0.064907	0.05384	0.0233902	-0.0227745	-0.0799683	-0.139929	-0.19566	-0.239101	-0.268606	-0.284013	-0.287986	
0.029721	0.0265956	0.0245423	0.0204728	0.0141221	0.00898495	0.0125046	0.0158101	0.022309	0.0330176	0.0504972	0.0704133	0.089157	0.101922	0.103825	0.094164	0.0641194	0.018076	-0.0393145	-0.0994073	-0.155693	-0.200872	-0.230473	-0.2485	-0.25453	
0.0232249	0.0228379	0.024213	0.0225729	0.0183765	0.0152133	0.0204551	0.0256763	0.0343789	0.0462886	0.065814	0.0870933	0.107995	0.122768	0.126225	0.119381	0.0915183	0.0483982	-0.0053455	-0.0624934	-0.115867	-0.158445	-0.18686	-0.20405	-0.210161	
0.012756	0.0160829	0.0194278	0.0207708	0.0175083	0.0160672	0.0215182	0.0282891	0.0372146	0.0493236	0.0692398	0.090639	0.113407	0.128341	0.134524	0.129454	0.104472	0.0654729	0.0148778	-0.0375884	-0.0877327	-0.126511	-0.150497	-0.164691	-0.167455	
0.00377417	0.00849016	0.0153354	0.0178472	0.0179384	0.0170586	0.0237878	0.0314402	0.0398011	0.0524265	0.0708489	0.0929507	0.114127	0.129324	0.135401	0.130328	0.106887	0.0682299	0.0205728	-0.0299927	-0.0769633	-0.11063	-0.129472	-0.137297	-0.134295	
-0.00638853	0.00207631	0.0108307	0.0176435	0.0204481	0.0223523	0.0313822	0.0397492	0.0494023	0.0607796	0.0788852	0.0984333	0.117668	0.130505	0.134822	0.128613	0.103531	0.0651766	0.017807	-0.0306656	-0.0756043	-0.105495	-0.119405	-0.123266	-0.114577	
-0.013344	-0.00390416	0.00701254	0.0163527	0.0218266	0.0269188	0.0378609	0.0484853	0.0590567	0.0715841	0.0895976	0.109035	0.126717	0.1391	0.142205	0.134588	0.107976	0.066819	0.0191693	-0.0316343	-0.0773369	-0.106596	-0.120047	-0.120054	-0.108513	
-0.0228516	-0.0127482	-0.000382238	0.0114816	0.0206159	0.0293758	0.0440164	0.0579353	0.0712158	0.086968	0.106856	0.126499	0.144083	0.154937	0.156792	0.147068	0.116892	0.0742479	0.023888	-0.0279822	-0.0740833	-0.104731	-0.115896	-0.115452	-0.102437	
-0.0301834	-0.0196697	-0.00641473	0.00687161	0.0185644	0.029782	0.0480529	0.0635929	0.0807735	0.0997163	0.121904	0.144083	0.161714	0.174414	0.176046	0.165851	0.135704	0.0910276	0.0402095	-0.0130188	-0.0615234	-0.0929744	-0.106199	-0.107116	-0.0939983	
-0.0421261	-0.0314626	-0.0184749	-0.00427052	0.00852459	0.0237664	0.0442642	0.0639554	0.0854315	0.108455	0.136162	0.160775	0.182864	0.197399	0.200676	0.19232	0.161393	0.117102	0.0642997	0.00896941	-0.0403991	-0.0746933	-0.0901974	-0.0919643	-0.0809039	
-0.0588576	-0.0495032	-0.0361535	-0.022611	-0.00826488	0.00857361	0.031992	0.0549256	0.0800615	0.108373	0.140945	0.171278	0.198512	0.217744	0.225473	0.2202	0.192227	0.149087	0.0955457	0.040275	-0.00978349	-0.0461032	-0.0636828	-0.0685545	-0.0600842	
-0.0786274	-0.0697046	-0.0574315	-0.0451657	-0.0312518	-0.0139083	0.0102853	0.0348432	0.0617191	0.0936823	0.130475	0.166245	0.200858	0.226058	0.24196	0.243071	0.222099	0.184666	0.133379	0.0811835	0.0311076	-0.00696031	-0.02896	-0.0393642	-0.0353808	
-0.0907936	-0.084177	-0.0758273	-0.066036	-0.0543808	-0.0397543	-0.0163356	0.00683673	0.0347407	0.0676528	0.106913	0.149478	0.188959	0.223377	0.246845	0.256082	0.245288	0.212973	0.168298	0.119025	0.0703883	0.0332627	0.00717603	-0.00567785	-0.00563419	
-0.0916399	-0.0889122	-0.083335	-0.0756818	-0.067712	-0.0559701	-0.0355624	-0.0131795	0.0128107	0.0431963	0.0837112	0.126176	0.169613	0.208318	0.237092	0.255557	0.251634	0.229506	0.192891	0.148609	0.106124	0.0691772	0.0419158	0.026754	0.0200092	
-0.0831751	-0.0829846	-0.0806469	-0.0756117	-0.0715914	-0.0640174	-0.0456634	-0.0253926	-0.00197364	0.0266189	0.0654797	0.108037	0.152997	0.194438	0.228416	0.251323	0.254075	0.23908	0.207283	0.167653	0.126101	0.0891508	0.0618302	0.0427449	0.0330606	
-0.0746543	-0.0779814	-0.0775495	-0.0738329	-0.0727469	-0.0667551	-0.0506279	-0.0301308	-0.00797941	0.0205096	0.0585292	0.100286	0.146561	0.188851	0.224761	0.249628	0.255271	0.244064	0.215556	0.177244	0.13571	0.0982187	0.0685961	0.0464636	0.0327646	
-0.0686024	-0.0742459	-0.0740403	-0.0720713	-0.0728251	-0.0706714	-0.0553015	-0.0369598	-0.0142176	0.0151654	0.0526953	0.0968458	0.143883	0.189101	0.226719	0.252661	0.260321	0.250009	0.222054	0.183063	0.139062	0.0989485	0.066966	0.04074	0.0240241	
-0.064251	-0.0697951	-0.0693675	-0.068662	-0.071677	-0.0708383	-0.0588055	-0.0429284	-0.0200808	0.00834319	0.0473293	0.0905878	0.140036	0.186792	0.225434	0.253204	0.260561	0.25139	0.222799	0.182532	0.137551	0.0957456	0.0607309	0.033158	0.0147151	
-0.0574179	-0.0618525	-0.0628427	-0.0623013	-0.0652114	-0.0662352	-0.0575654	-0.0446826	-0.0234474	0.00444037	0.0417747	0.0848645	0.134981	0.181783	0.221931	0.247632	0.255003	0.243464	0.210534	0.168827	0.122282	0.0796578	0.0448227	0.0201939	0.00504059	
-0.0512884	-0.0551893	-0.0554058	-0.0519264	-0.0540563	-0.0534044	-0.0468509	-0.0342375	-0.0150776	0.0105	0.0454623	0.0853633	0.132191	0.175996	0.21167	0.233611	0.237949	0.220893	0.184516	0.139904	0.0944953	0.0531245	0.0189435	0.000469869	-0.00904436	
-0.0437985	-0.0462786	-0.0444328	-0.0398657	-0.0387086	-0.0375101	-0.029287	-0.0172142	-0.000537603	0.0233121	0.0545998	0.0910437	0.132117	0.170066	0.199714	0.216288	0.215377	0.193551	0.151163	0.1034	0.0582256	0.0147399	-0.0173435	-0.031813	-0.0351462	
-0.0376733	-0.0394772	-0.0365086	-0.0282068	-0.025078	-0.0206732	-0.00958652	0.00351878	0.0203815	0.0421333	0.0719335	0.10284	0.136798	0.166315	0.186878	0.195804	0.188406	0.161372	0.114382	0.0647625	0.0180743	-0.0251365	-0.0570391	-0.0696824	-0.0672887	
-0.0360807	-0.0369265	-0.0294591	-0.0179563	-0.0119073	-0.004329	0.0109639	0.0267291	0.0434789	0.0649555	0.0916403	0.117137	0.143977	0.16329	0.175161	0.17479	0.160835	0.129795	0.0793813	0.0278307	-0.0206819	-0.065002	-0.0969271	-0.10807	-0.104049	
-0.0389451	-0.035872	-0.0254551	-0.0102411	-0.00218903	0.0108552	0.0296433	0.0475406	0.0651865	0.0849622	0.10772	0.128243	0.148007	0.159781	0.163641	0.154986	0.136631	0.101869	0.0508176	-0.00243492	-0.0539123	-0.0982697	-0.130984	-0.142662	-0.138208	
-0.0379523	-0.034602	-0.0223801	-0.00627509	0.00589844	0.0220344	0.0417914	0.0613476	0.0786256	0.0961365	0.113746	0.129952	0.145925	0.154079	0.153526	0.14103	0.119187	0.0830518	0.0306956	-0.0269542	-0.0805997	-0.12804	-0.161792	-0.172421	-0.16841	
-0.0320015	-0.02748	-0.0152033	0.00359476	0.018222	0.0352722	0.0547035	0.0740412	0.0905548	0.103225	0.114117	0.124858	0.13679	0.142321	0.13944	0.12397	0.101449	0.0649311	0.010344	-0.0479153	-0.102429	-0.149842	-0.181701	-0.190921	-0.184079	
-0.0170909	-0.0115368	0.00219049	0.0211726	0.0362413	0.0514622	0.0671284	0.084281	0.0970159	0.104328	0.10856	0.113441	0.121967	0.126505	0.123007	0.108511	0.087964	0.0517639	-0.00317864	-0.0622295	-0.115732	-0.163385	-0.196848	-0.203952	-0.19563	
