0.00675843	0.00525113	0.0014486	-0.00287781	-0.00704684	-0.0116808	-0.0143741	-0.0149798	-0.0132365	-0.012057	-0.00933283	-0.00523425	0.000533961	0.00436533	0.00754575	0.0102212	0.0116671	0.0120615	0.0131123	0.0123328	0.0122569	0.0100263	0.00852715	0.00744651	0.00644328	
0.00601534	0.00351561	0.000291384	-0.00395427	-0.00855598	-0.0134555	-0.0156821	-0.0158127	-0.0151815	-0.0128066	-0.00993965	-0.0055246	-0.000260907	0.00421242	0.00728156	0.00995257	0.0113798	0.0121261	0.0130506	0.0124419	0.0119209	0.0099576	0.00817853	0.00711078	0.00561279	
0.006112	0.00390572	-0.000372324	-0.00395171	-0.00874606	-0.0132372	-0.0151952	-0.0159806	-0.0138968	-0.011924	-0.0093355	-0.00463686	0.00133123	0.00524574	0.00794009	0.0103518	0.0118814	0.0119702	0.0126145	0.0125473	0.0114376	0.00911034	0.00767358	0.00584138	0.00446046	
0.00626322	0.00397312	9.73751e-05	-0.00467703	-0.00848578	-0.0129209	-0.0155019	-0.0153793	-0.0139509	-0.0115437	-0.00854188	-0.00408566	0.00150919	0.00572109	0.00815256	0.0104463	0.0112729	0.0114043	0.0124936	0.0113789	0.0103034	0.00844549	0.00650001	0.00480027	0.00357611	
0.00692932	0.00411374	-0.000152908	-0.00452541	-0.00894915	-0.0134458	-0.0151748	-0.0155034	-0.0135436	-0.0109627	-0.00801377	-0.0029744	0.00225364	0.00642522	0.00927616	0.0110859	0.0117709	0.0121711	0.0123815	0.0113264	0.0105948	0.00793242	0.00637111	0.00477349	0.00342518	
0.00510362	0.00236676	-0.0023369	-0.00711411	-0.0110533	-0.014998	-0.0171441	-0.016801	-0.0144445	-0.0116432	-0.00864823	-0.00406454	0.00184172	0.00574858	0.00828381	0.00930581	0.0106418	0.0100036	0.0104209	0.00915542	0.00794016	0.0053385	0.00381366	0.00206941	0.000925954	
0.00253138	-0.00055295	-0.00518393	-0.0100511	-0.0137723	-0.0178596	-0.018925	-0.0190665	-0.0162325	-0.0135167	-0.00983343	-0.00520303	0.000189223	0.00436793	0.00671593	0.0085802	0.00845773	0.00838922	0.00839204	0.00716062	0.00588856	0.00369111	0.00185782	0.000343368	-0.00103963	
0.00133184	-0.00208695	-0.00711555	-0.0117955	-0.0155507	-0.0191624	-0.0205573	-0.02003	-0.0177634	-0.0138686	-0.0107976	-0.00580413	-0.000270882	0.00415697	0.00673794	0.00773205	0.00859894	0.00809945	0.00844152	0.00675212	0.00623815	0.00354902	0.00217543	0.00025652	-0.000316265	
0.000523027	-0.00272256	-0.00747822	-0.0125301	-0.0155679	-0.0190405	-0.0198555	-0.0196247	-0.0160367	-0.01284	-0.00867759	-0.00396611	0.00194593	0.0056114	0.00845208	0.00959961	0.0099219	0.0093267	0.00926613	0.00775157	0.00666154	0.00433361	0.00240565	0.000892193	7.71244e-05	
0.000590109	-0.00292519	-0.00819934	-0.0128749	-0.015942	-0.0189271	-0.0197978	-0.0191369	-0.015658	-0.0115415	-0.00759992	-0.00271422	0.00252969	0.00700742	0.00944374	0.0105685	0.0107067	0.0101997	0.00978915	0.00809663	0.00728503	0.00514761	0.00304048	0.00134029	0.000888936	
0.00131656	-0.00239739	-0.0071014	-0.0121541	-0.0150564	-0.018052	-0.0180699	-0.0173172	-0.0139173	-0.00970433	-0.00568605	-0.000769188	0.00443739	0.00862174	0.0107702	0.0119219	0.0117134	0.0108942	0.0104491	0.00895876	0.0083202	0.00562451	0.00400962	0.0023282	0.00141659	
0.00289073	-0.000736834	-0.00644653	-0.0115463	-0.014078	-0.0167734	-0.0172006	-0.0161497	-0.0122056	-0.00769717	-0.00306593	0.00127997	0.00696464	0.0103663	0.0130536	0.0139013	0.0138032	0.0125168	0.0123677	0.0103068	0.00923903	0.00729536	0.00497596	0.00299813	0.00220794	
0.00217962	-0.00206331	-0.00745909	-0.0125871	-0.0153947	-0.0180578	-0.0180175	-0.0174622	-0.0132008	-0.00839158	-0.00449149	0.000556558	0.00470682	0.00898457	0.0108435	0.0119457	0.0111415	0.0106464	0.00954969	0.00809331	0.00732281	0.00508253	0.00329926	0.00111389	0.000229992	
0.000372316	-0.00344323	-0.00903622	-0.0144639	-0.0171506	-0.0199207	-0.0203913	-0.0188447	-0.0150884	-0.0103094	-0.00541431	-0.00169547	0.00345948	0.00674727	0.00913442	0.0100085	0.00945431	0.00825532	0.00808182	0.00596234	0.00548669	0.0036197	0.00127474	-0.000485161	-0.00115164	
-0.0002802	-0.00493564	-0.0107738	-0.0159709	-0.0184374	-0.0210562	-0.0210796	-0.0204451	-0.0161267	-0.0108812	-0.00701589	-0.00183504	0.00209479	0.00587216	0.00796576	0.00883765	0.00811151	0.00764977	0.00658242	0.00533249	0.00448795	0.00227647	0.00042729	-0.00170684	-0.0022408	
-0.00163242	-0.00610936	-0.0119447	-0.0171456	-0.0196429	-0.0220704	-0.0224459	-0.021502	-0.0173464	-0.0125544	-0.00762126	-0.00383626	0.000857319	0.00390145	0.00640638	0.00708234	0.00680609	0.00622325	0.00550935	0.00405237	0.00352113	0.00184081	-0.000295078	-0.00205822	-0.00244045	
-0.00174533	-0.00602012	-0.0114429	-0.0168571	-0.0194656	-0.021671	-0.0220579	-0.020576	-0.0168252	-0.0115264	-0.00679022	-0.00206072	0.00128913	0.00498549	0.00723141	0.00850212	0.0077734	0.00690464	0.00609485	0.00505226	0.00414721	0.00272096	0.000852247	-0.00113246	-0.00161526	
-0.00115879	-0.00535222	-0.0115612	-0.0164124	-0.0184193	-0.0207877	-0.0207306	-0.0201883	-0.0157288	-0.0102375	-0.00599253	-0.00175174	0.00238358	0.00524646	0.00788069	0.00856287	0.00804099	0.00755826	0.00590194	0.00504249	0.00459403	0.00294228	0.00123203	-0.000597668	-0.0010614	
0.000297035	-0.00409932	-0.00898186	-0.013976	-0.016488	-0.017757	-0.01853	-0.0167941	-0.0130762	-0.00810178	-0.00264144	0.00139963	0.00465342	0.00794244	0.0105916	0.0112439	0.0109004	0.00935837	0.00860251	0.00744742	0.00600895	0.00531516	0.00321487	0.000954204	0.000484693	
0.0022152	-0.00190758	-0.00765244	-0.012069	-0.01408	-0.0160766	-0.0158315	-0.0151442	-0.0109843	-0.00547054	-0.00112695	0.00308563	0.00656605	0.00974419	0.0119348	0.0131007	0.0121897	0.0118343	0.00949224	0.00885077	0.0082285	0.00666663	0.00479791	0.00270995	0.0017639	
0.00235099	-0.00174229	-0.00658425	-0.0111054	-0.0133315	-0.0143005	-0.014964	-0.013214	-0.00976445	-0.00435665	0.000463884	0.00463942	0.0078031	0.0107076	0.0132831	0.0137497	0.0136933	0.0121841	0.0107782	0.00953862	0.00820701	0.00719789	0.00488467	0.00271715	0.00213352	
0.00209209	-0.00206447	-0.00670989	-0.0107737	-0.0128766	-0.0138447	-0.013749	-0.0127954	-0.0087512	-0.00380256	0.00145172	0.00513077	0.00815414	0.0107513	0.0130423	0.0136763	0.0130373	0.0119691	0.00961215	0.00906377	0.00751957	0.00612627	0.00418263	0.00214661	0.00140327	
0.00183315	-0.00196002	-0.00694159	-0.0107953	-0.0128519	-0.0135142	-0.0136385	-0.0119406	-0.00869954	-0.00288416	0.00174755	0.00592722	0.008477	0.0113991	0.0133583	0.0142842	0.0135363	0.0125996	0.0102744	0.00922932	0.00805713	0.00674412	0.00455002	0.00252572	0.00127886	
0.000738867	-0.00336742	-0.00784543	-0.01184	-0.0135819	-0.013784	-0.0139177	-0.0123826	-0.00860059	-0.00366173	0.00159013	0.00517564	0.00767793	0.00979119	0.0123286	0.0126357	0.0121767	0.0106074	0.0085559	0.00797804	0.00612049	0.00514114	0.00303713	0.000711005	-0.00032964	
-0.000649779	-0.00486192	-0.00966591	-0.0128836	-0.014833	-0.014911	-0.0146078	-0.0130993	-0.0098343	-0.00431818	0.000642999	0.00398157	0.00590195	0.00828882	0.00985263	0.0100847	0.00926665	0.00871459	0.00630718	0.00549268	0.00419805	0.00302041	0.000806198	-0.00101183	-0.00179238	
-0.00211318	-0.00626345	-0.0107048	-0.0145418	-0.0162001	-0.0159853	-0.0159852	-0.0140947	-0.0107829	-0.00558977	-0.000526876	0.00301993	0.00477761	0.00661412	0.00814593	0.00861968	0.00798523	0.00708245	0.00510218	0.00463191	0.00296404	0.00210073	9.12388e-05	-0.00188383	-0.00267857	
-0.00441735	-0.00840502	-0.0131193	-0.016275	-0.0181061	-0.0176122	-0.0173455	-0.0156068	-0.0123083	-0.00691699	-0.00185618	0.000968434	0.00294954	0.00463463	0.00609129	0.00574412	0.00541787	0.00458969	0.00265184	0.00193201	0.000763317	4.03491e-05	-0.00228699	-0.00381532	-0.00425139	
-0.00655466	-0.0110192	-0.0149525	-0.0182683	-0.0201727	-0.0194752	-0.0189169	-0.0171565	-0.0138475	-0.00847006	-0.00365249	-0.000268904	0.000686637	0.0026828	0.00357086	0.00379108	0.00284987	0.00243123	0.000484071	0.00030327	-0.000822027	-0.00149626	-0.00300911	-0.00429459	-0.00461483	
-0.00727394	-0.0110978	-0.0155452	-0.0187919	-0.0203308	-0.019494	-0.0193072	-0.0168973	-0.0135406	-0.0086182	-0.00331169	-0.0010281	0.00101704	0.00199714	0.00322856	0.0029243	0.00273132	0.00196613	0.000765202	0.000224487	-0.000640058	-0.000709353	-0.00204472	-0.00260276	-0.00264276	
-0.00536878	-0.0101171	-0.0141473	-0.0167665	-0.0187997	-0.0175842	-0.0165842	-0.0144492	-0.0111744	-0.00550635	-0.00099741	0.00246756	0.00314828	0.00543393	0.00612409	0.00580962	0.00515554	0.00508307	0.00355793	0.0032698	0.00243547	0.00227342	0.00140561	0.00107689	0.00112441	
-0.00442853	-0.00898684	-0.0124417	-0.0154227	-0.0167786	-0.015548	-0.0146258	-0.0121636	-0.00866302	-0.00387093	0.00188187	0.00443047	0.00653626	0.0074478	0.00851786	0.00818771	0.0078641	0.00726104	0.00618121	0.00571091	0.00496069	0.0049828	0.0042882	0.00433645	0.00467272	
-0.00169607	-0.00577061	-0.0096888	-0.011869	-0.0132392	-0.0114617	-0.010676	-0.00784873	-0.00444767	0.000841046	0.00588423	0.00929297	0.0107885	0.0122411	0.012341	0.0116196	0.0115082	0.0108348	0.00978457	0.00890399	0.00814972	0.00791952	0.00733392	0.00741804	0.00847524	
0.00368481	-0.00149311	-0.00485115	-0.00707079	-0.00830227	-0.00710309	-0.00546635	-0.00306725	0.000669408	0.00597125	0.0113614	0.0150857	0.0163558	0.0172738	0.0177447	0.0175327	0.0170697	0.0165463	0.0148968	0.0142727	0.0130616	0.0124591	0.0118132	0.0121573	0.0123912	
0.00678514	0.00258415	-0.000680621	-0.00292218	-0.00439044	-0.00282759	-0.00160764	0.00167868	0.00511518	0.00954472	0.0154586	0.0182363	0.0200827	0.0202589	0.0205478	0.0198949	0.019825	0.0180865	0.0173786	0.015694	0.0143626	0.01346	0.0128423	0.012461	0.0133088	
0.00861312	0.00377296	0.000269268	-0.00178756	-0.00316358	-0.00190639	-0.000171403	0.00227228	0.00618624	0.0112838	0.0155035	0.0192325	0.0200151	0.0210365	0.0208102	0.0199863	0.0190444	0.0180315	0.0161819	0.0148153	0.0130973	0.0115104	0.0107811	0.0103792	0.0101815	
0.0068619	0.00222708	-0.000673461	-0.00296166	-0.00470745	-0.00385991	-0.00188966	0.00142399	0.00485903	0.00869587	0.0139067	0.0167567	0.0183903	0.0181228	0.0178386	0.0168141	0.0159164	0.0138871	0.0125284	0.0100344	0.00778157	0.00625901	0.005131	0.00456487	0.0040962	
0.00452402	-0.000112668	-0.00359943	-0.00602246	-0.00760798	-0.00684745	-0.00512085	-0.00217663	0.00165152	0.00528781	0.00919175	0.0123817	0.0138437	0.0139062	0.0128778	0.011624	0.0108109	0.00877937	0.00688024	0.00420842	0.00204359	-0.000380254	-0.00111597	-0.00249741	-0.00258146	
-0.000588155	-0.00548422	-0.00861766	-0.0107045	-0.0126046	-0.0124849	-0.0101976	-0.00737543	-0.00461703	-0.00112389	0.00270182	0.00594677	0.00678133	0.00642821	0.0054813	0.004557	0.00315059	0.00143455	-0.000522834	-0.00330185	-0.0056537	-0.00783697	-0.0094323	-0.00990617	-0.011063	
-0.00771795	-0.0121507	-0.0152291	-0.0174306	-0.018928	-0.018905	-0.0167796	-0.0141901	-0.0111175	-0.0084353	-0.00438755	-0.00195576	-0.00064635	-0.00164513	-0.00291261	-0.00367905	-0.0047565	-0.00723241	-0.00873795	-0.0116471	-0.0142693	-0.0169819	-0.0179329	-0.0190978	-0.0192909	
-0.0133138	-0.018135	-0.0209337	-0.0229671	-0.0243207	-0.0245112	-0.0224253	-0.0198886	-0.0169965	-0.0136303	-0.010717	-0.00780095	-0.00724897	-0.00790946	-0.00888828	-0.00950282	-0.0107213	-0.0126197	-0.0145117	-0.017673	-0.0200962	-0.0229125	-0.0239482	-0.0244509	-0.0253311	
-0.0175915	-0.0217166	-0.0245828	-0.0261301	-0.0272325	-0.027777	-0.0253972	-0.0227395	-0.0199842	-0.0174624	-0.0141639	-0.0119322	-0.0109967	-0.0119709	-0.0130791	-0.0131415	-0.0145306	-0.0163553	-0.0176807	-0.0207042	-0.023411	-0.0255182	-0.0262522	-0.0266518	-0.0271731	
-0.0188252	-0.0231762	-0.0255148	-0.0270768	-0.0274336	-0.0277588	-0.0253825	-0.0230049	-0.020075	-0.0178186	-0.0153453	-0.0127686	-0.0114499	-0.0124307	-0.0136645	-0.0139803	-0.0145916	-0.0161667	-0.0175976	-0.0204198	-0.0223649	-0.0245876	-0.0250115	-0.0252003	-0.025489	
-0.0181276	-0.0219576	-0.0239412	-0.0247993	-0.0247722	-0.0247132	-0.0220007	-0.0192929	-0.0170594	-0.0147489	-0.012396	-0.0097672	-0.00880562	-0.00956632	-0.0106662	-0.0107492	-0.0116273	-0.0128196	-0.0139956	-0.0168207	-0.0184031	-0.020086	-0.0205723	-0.0207302	-0.0207401	
-0.0148384	-0.0179386	-0.0199135	-0.0205658	-0.0196693	-0.0195021	-0.0161151	-0.0134765	-0.0105036	-0.00883351	-0.00669278	-0.00452282	-0.00281932	-0.00376601	-0.00501914	-0.00467533	-0.00531716	-0.00641079	-0.00754769	-0.00949708	-0.0112072	-0.0128192	-0.0132743	-0.0130024	-0.0131521	
-0.00939481	-0.0125251	-0.013439	-0.0137199	-0.0126534	-0.011841	-0.00851838	-0.00512901	-0.00250555	-0.000594877	0.000822843	0.00314731	0.00428474	0.0037102	0.00290599	0.00257934	0.00217278	0.00132279	0.000729658	-0.00152964	-0.002666	-0.00431376	-0.0044965	-0.0040966	-0.00402376	
-0.00241705	-0.00450635	-0.00575391	-0.00541086	-0.0034937	-0.0025821	0.00100566	0.00422752	0.00751023	0.00929767	0.010727	0.0123045	0.0138336	0.0133342	0.0123043	0.0122487	0.0114087	0.010978	0.0103061	0.00877044	0.00732393	0.00614735	0.00623826	0.00629807	0.00645443	
0.00419426	0.00261966	0.00237709	0.00299494	0.0047346	0.00615261	0.0101665	0.0139395	0.0169369	0.0184846	0.0196021	0.0215576	0.022736	0.0219793	0.0208035	0.0206882	0.0202716	0.0196319	0.0188732	0.0174805	0.0163775	0.0156505	0.015275	0.0160908	0.0152712	
0.00983831	0.00863308	0.00828721	0.00932484	0.0119012	0.0140911	0.0176171	0.0213986	0.0246431	0.026728	0.0279637	0.0291653	0.0299784	0.0294987	0.0288431	0.0281995	0.0276964	0.0271321	0.0262332	0.0246848	0.0238412	0.023013	0.0234788	0.0229139	0.0235029	
0.0133036	0.0130745	0.0132235	0.0147352	0.0171247	0.019426	0.0234711	0.0275453	0.0308021	0.0324691	0.0333409	0.0346533	0.0352888	0.0346433	0.0333292	0.0330139	0.0321994	0.031719	0.0305844	0.0298186	0.0284484	0.0282463	0.0278063	0.0288197	0.0281289	
0.017109	0.0168752	0.0172005	0.0190892	0.0217432	0.0246132	0.0278611	0.0320299	0.0353522	0.0372287	0.0379688	0.0386366	0.039088	0.0388511	0.0379914	0.0367104	0.036003	0.0355201	0.0345307	0.0335947	0.0325076	0.0321256	0.032328	0.0324809	0.0327392	
