-0.0688756	-0.0715938	-0.0653019	-0.0579915	-0.0569119	-0.0509807	-0.0222581	0.0201066	0.06452	0.123353	0.204442	0.295435	0.375125	0.414443	0.392166	0.321854	0.236166	0.149125	0.054587	-0.0553133	-0.187245	-0.34263	-0.503373	-0.636566	-0.719101	
-0.0695468	-0.0711991	-0.0657624	-0.0560934	-0.0502427	-0.0434458	-0.0146555	0.0352528	0.0896859	0.152746	0.233051	0.319457	0.39105	0.422164	0.390951	0.306873	0.205985	0.109986	0.0139492	-0.0914671	-0.210264	-0.343909	-0.48345	-0.605673	-0.687906	
-0.06837	-0.0691342	-0.0650486	-0.0554161	-0.0444497	-0.0332435	-0.00453658	0.0492994	0.113256	0.182215	0.261322	0.340741	0.400686	0.420777	0.382574	0.290805	0.178937	0.0738449	-0.0255309	-0.128188	-0.235317	-0.347215	-0.463198	-0.571261	-0.650868	
-0.0658083	-0.0666909	-0.0640486	-0.0549556	-0.0391462	-0.0212693	0.00812861	0.0630426	0.135029	0.210793	0.28845	0.35898	0.40461	0.411293	0.367284	0.273173	0.154928	0.0412807	-0.0629241	-0.164182	-0.261079	-0.352229	-0.443712	-0.534971	-0.609363	
-0.0635714	-0.0633904	-0.0625207	-0.054716	-0.0344758	-0.00838092	0.0230761	0.0773222	0.155245	0.237665	0.313513	0.373678	0.4033	0.395155	0.346029	0.253587	0.133229	0.0122241	-0.0977129	-0.198525	-0.286394	-0.358324	-0.425494	-0.497973	-0.564517	
-0.0635479	-0.0619906	-0.0607965	-0.0531534	-0.0292861	0.00452736	0.0393033	0.0928073	0.174581	0.262258	0.335525	0.384248	0.397225	0.374053	0.320205	0.231746	0.112669	-0.013941	-0.129774	-0.230639	-0.310307	-0.364658	-0.408499	-0.460956	-0.517182	
-0.0634177	-0.0607606	-0.058253	-0.0489047	-0.0225573	0.0163387	0.0554635	0.109971	0.193843	0.284169	0.35355	0.390195	0.386978	0.349761	0.291316	0.207392	0.0918413	-0.0382336	-0.159335	-0.260217	-0.332021	-0.370259	-0.39226	-0.424157	-0.467915	
-0.0626923	-0.0591183	-0.0544909	-0.0426649	-0.0157895	0.0258199	0.0712913	0.129429	0.213477	0.302966	0.366854	0.391345	0.373394	0.323947	0.260648	0.18023	0.0693044	-0.0619123	-0.186893	-0.287109	-0.350823	-0.37411	-0.376043	-0.387443	-0.416978	
-0.0640453	-0.0594775	-0.0504481	-0.0356928	-0.00979965	0.0336823	0.0876614	0.151265	0.233206	0.318217	0.375072	0.387993	0.357562	0.297958	0.229002	0.149912	0.043752	-0.0863093	-0.21309	-0.311197	-0.366021	-0.375225	-0.358991	-0.350398	-0.364371	
-0.0665318	-0.0588944	-0.0460849	-0.0290468	-0.0036888	0.0420481	0.105082	0.174275	0.252074	0.329687	0.378393	0.381002	0.340699	0.272586	0.196589	0.116076	0.0141482	-0.112663	-0.238551	-0.332278	-0.376933	-0.372723	-0.340219	-0.31242	-0.309932	
-0.0668622	-0.0568252	-0.0416758	-0.0227021	0.00316169	0.0518074	0.123122	0.196817	0.269084	0.337503	0.37765	0.371725	0.323838	0.247878	0.163076	0.0784464	-0.0201814	-0.141939	-0.263691	-0.350011	-0.382932	-0.365878	-0.318863	-0.27281	-0.253482	
-0.0655261	-0.0542777	-0.0376374	-0.0169419	0.0110953	0.063661	0.141122	0.217152	0.283384	0.342252	0.374293	0.361682	0.307437	0.223103	0.127816	0.0369469	-0.0594845	-0.174632	-0.288545	-0.363937	-0.383541	-0.354135	-0.294084	-0.230878	-0.194992	
-0.0616317	-0.0508692	-0.0351099	-0.0122191	0.0210912	0.0777816	0.157309	0.233365	0.294714	0.345284	0.370258	0.352051	0.291027	0.19693	0.0901532	-0.00821418	-0.103513	-0.210565	-0.312663	-0.373576	-0.378525	-0.3371	-0.265083	-0.186062	-0.134737	
-0.05773	-0.0507058	-0.0347495	-0.00679126	0.0333013	0.0916645	0.169336	0.24527	0.304514	0.348682	0.367228	0.342862	0.273065	0.167861	0.0497665	-0.0564902	-0.151433	-0.248743	-0.335128	-0.378557	-0.367925	-0.314503	-0.23117	-0.138081	-0.073382	
-0.059531	-0.0532727	-0.0335345	0.000470336	0.0458166	0.102974	0.177657	0.255313	0.314968	0.353877	0.365387	0.332534	0.251472	0.134938	0.00686435	-0.107009	-0.201725	-0.287318	-0.354707	-0.378715	-0.351993	-0.286196	-0.191924	-0.0870802	-0.0119567	
-0.0626416	-0.0522959	-0.0294397	0.00885106	0.0569616	0.111737	0.184881	0.265903	0.326785	0.360516	0.36317	0.318649	0.224768	0.0981559	-0.0379786	-0.158572	-0.252064	-0.323747	-0.3701	-0.374075	-0.331047	-0.252206	-0.147444	-0.0337506	0.0482842	
-0.060614	-0.0488909	-0.0236875	0.0176293	0.0654253	0.118565	0.192968	0.277644	0.339255	0.367169	0.358213	0.299164	0.192615	0.0580971	-0.0840449	-0.209383	-0.299286	-0.355216	-0.38021	-0.3647	-0.305307	-0.212887	-0.0985952	0.0206447	0.10606	
-0.057626	-0.0442368	-0.0161153	0.0236939	0.0694763	0.125354	0.203416	0.290233	0.351405	0.371797	0.347835	0.272841	0.155504	0.0155607	-0.130102	-0.256637	-0.33977	-0.379293	-0.384246	-0.350409	-0.274831	-0.169134	-0.0471412	0.074371	0.16024	
-0.0538675	-0.0367481	-0.0108539	0.0235764	0.0720236	0.135491	0.216185	0.302641	0.361515	0.371055	0.329381	0.239667	0.114704	-0.0280675	-0.173738	-0.296707	-0.37038	-0.394446	-0.381508	-0.330549	-0.239687	-0.122569	0.00437588	0.125447	0.209882	
-0.04669	-0.0324495	-0.0137313	0.021035	0.0786927	0.148662	0.228729	0.312978	0.366124	0.361021	0.302093	0.201596	0.0723625	-0.0703841	-0.21146	-0.326234	-0.389347	-0.399909	-0.370968	-0.304138	-0.200356	-0.0755224	0.053074	0.171922	0.254076	
-0.0459051	-0.0382974	-0.0195727	0.0234022	0.0886296	0.160566	0.238965	0.318577	0.360983	0.340307	0.268623	0.161856	0.0309868	-0.108147	-0.239664	-0.343207	-0.39621	-0.394977	-0.35122	-0.27054	-0.158136	-0.0306495	0.0963825	0.212081	0.291623	
-0.0553393	-0.0464038	-0.0198432	0.0296205	0.0970259	0.169934	0.245693	0.315398	0.344093	0.311902	0.233159	0.122991	-0.00677962	-0.137596	-0.255605	-0.347098	-0.390923	-0.378598	-0.321222	-0.230336	-0.115121	0.00978129	0.132607	0.244451	0.32072	
-0.0644328	-0.0480347	-0.0158209	0.0351728	0.103832	0.176832	0.244578	0.300152	0.318122	0.280639	0.198262	0.0869153	-0.0371996	-0.15492	-0.25794	-0.338175	-0.373146	-0.349945	-0.281444	-0.185662	-0.0735797	0.0445532	0.161055	0.267608	0.338889	
-0.0669493	-0.0457753	-0.0114748	0.0406745	0.108952	0.175664	0.230562	0.274791	0.288478	0.249409	0.165409	0.0573975	-0.0553197	-0.157577	-0.246794	-0.316727	-0.342503	-0.309611	-0.23442	-0.139561	-0.0351161	0.0735984	0.181575	0.279978	0.343377	
-0.066423	-0.0420624	-0.00590391	0.0444496	0.105038	0.160392	0.20561	0.245577	0.258799	0.219749	0.138577	0.0404582	-0.0574645	-0.145529	-0.22304	-0.2828	-0.299604	-0.260346	-0.184078	-0.0947912	-0.000322773	0.0973085	0.193803	0.279879	0.331995	
-0.0622191	-0.0358674	-0.0029315	0.0378002	0.0865698	0.134347	0.177166	0.216781	0.230774	0.195866	0.124551	0.0405363	-0.0436984	-0.120407	-0.187144	-0.23677	-0.24699	-0.206565	-0.134281	-0.0530401	0.0306501	0.115441	0.196661	0.265983	0.304105	
-0.0550477	-0.033978	-0.0118933	0.0169914	0.0587975	0.105688	0.149312	0.18975	0.208614	0.184939	0.128072	0.0572127	-0.0164908	-0.0831158	-0.139092	-0.180582	-0.189109	-0.152873	-0.0876595	-0.015218	0.0569706	0.126395	0.188541	0.238035	0.261307	
-0.0548875	-0.0453691	-0.0342035	-0.0114973	0.0291848	0.07724	0.122715	0.168665	0.19973	0.191747	0.148299	0.0873711	0.0230024	-0.0331745	-0.0800982	-0.118476	-0.131077	-0.102629	-0.0456242	0.0174405	0.0763293	0.127459	0.168164	0.197481	0.207462	
-0.0692377	-0.0691529	-0.063067	-0.0419514	-0.00110878	0.049449	0.102207	0.161431	0.208908	0.215134	0.181816	0.129942	0.0758064	0.0288022	-0.0142895	-0.0560656	-0.0769314	-0.0575996	-0.00944728	0.0424141	0.0851958	0.115987	0.135621	0.147614	0.147993	
-0.0942376	-0.0986169	-0.0948134	-0.0742745	-0.0305881	0.0289357	0.0966155	0.172749	0.234661	0.251647	0.227887	0.18646	0.141614	0.0984708	0.0520365	0.00188667	-0.028772	-0.0189413	0.0185424	0.0559706	0.0801355	0.0908619	0.0929722	0.0930913	0.0887279	
-0.124746	-0.132217	-0.128906	-0.104308	-0.0502075	0.0252008	0.110049	0.200531	0.273542	0.300932	0.288333	0.256496	0.215471	0.168627	0.113334	0.052972	0.0124138	0.0113509	0.0347434	0.0544302	0.0594724	0.0534198	0.044076	0.0389831	0.0347262	
-0.160064	-0.167075	-0.157913	-0.121309	-0.0509922	0.0408384	0.139433	0.241293	0.325506	0.364766	0.362133	0.334156	0.289199	0.233036	0.166998	0.096443	0.045007	0.0298817	0.0354192	0.0359183	0.0243592	0.0073581	-0.00630218	-0.0102765	-0.0105537	
-0.194441	-0.193511	-0.170893	-0.11818	-0.0326937	0.071625	0.181454	0.295374	0.392029	0.441159	0.442266	0.410419	0.356179	0.289141	0.212608	0.131045	0.0657905	0.0328526	0.0185434	0.00156116	-0.0213209	-0.0422943	-0.0536844	-0.0516967	-0.0455731	
-0.216769	-0.201512	-0.163743	-0.0973204	-0.000128483	0.115116	0.237122	0.363818	0.46992	0.521964	0.519183	0.478719	0.414222	0.336943	0.249196	0.153627	0.070838	0.0180465	-0.014824	-0.0445723	-0.0721354	-0.0906315	-0.0949059	-0.0840907	-0.0705762	
-0.219551	-0.190776	-0.140574	-0.0625754	0.0460795	0.173123	0.306829	0.442115	0.550072	0.597508	0.586819	0.537505	0.463771	0.375616	0.273499	0.160022	0.057713	-0.0135581	-0.0604908	-0.0967248	-0.12275	-0.134115	-0.128637	-0.107975	-0.0871607	
-0.205274	-0.164645	-0.102702	-0.0124746	0.108202	0.244968	0.384604	0.520441	0.623123	0.66259	0.644387	0.587531	0.503898	0.401576	0.280992	0.147556	0.027362	-0.0576107	-0.112409	-0.149205	-0.169283	-0.171165	-0.155298	-0.125107	-0.0977134	
-0.174558	-0.121927	-0.0472269	0.0550081	0.183873	0.322932	0.460122	0.590203	0.685005	0.717121	0.692655	0.62742	0.530477	0.409902	0.268825	0.117238	-0.0155952	-0.107692	-0.16451	-0.197788	-0.209866	-0.20197	-0.176466	-0.137798	-0.104806	
-0.124692	-0.0590685	0.0264784	0.13485	0.263439	0.396539	0.525976	0.648624	0.736101	0.761455	0.729414	0.652298	0.538215	0.397744	0.238243	0.0740817	-0.0642551	-0.157259	-0.212156	-0.24024	-0.244345	-0.227748	-0.194037	-0.148186	-0.110623	
-0.0527925	0.0211189	0.109883	0.215958	0.336999	0.459847	0.580589	0.696254	0.775921	0.792207	0.748945	0.656623	0.524527	0.366863	0.194813	0.0255356	-0.111549	-0.201213	-0.252706	-0.275995	-0.273486	-0.249865	-0.209493	-0.157699	-0.116561	
0.0330976	0.107326	0.191772	0.28974	0.400153	0.512135	0.624255	0.731417	0.799697	0.802856	0.745712	0.638392	0.491988	0.323574	0.146549	-0.0208747	-0.151967	-0.236555	-0.285254	-0.305441	-0.298222	-0.269282	-0.223589	-0.166922	-0.123158	
0.121261	0.189285	0.265112	0.353355	0.452672	0.552829	0.653776	0.748017	0.800364	0.788262	0.718701	0.601279	0.447813	0.27646	0.101282	-0.0594244	-0.18232	-0.262234	-0.310053	-0.329342	-0.31933	-0.28653	-0.236567	-0.175929	-0.130435	
0.202465	0.261868	0.328665	0.406488	0.492363	0.576878	0.66202	0.738996	0.773672	0.748817	0.672958	0.553471	0.401101	0.233493	0.0646856	-0.0869801	-0.201614	-0.278623	-0.328012	-0.348614	-0.337511	-0.302025	-0.248595	-0.184778	-0.138408	
0.27433	0.32479	0.380806	0.444746	0.512378	0.576556	0.642648	0.701624	0.721789	0.691152	0.617683	0.504449	0.359769	0.200046	0.0395555	-0.102801	-0.210474	-0.286967	-0.340394	-0.364271	-0.353503	-0.316233	-0.259935	-0.193682	-0.14731	
0.335406	0.373882	0.415013	0.4601	0.504967	0.546858	0.59513	0.640218	0.652968	0.625424	0.562605	0.46186	0.328677	0.178348	0.0261796	-0.107809	-0.21045	-0.28891	-0.348532	-0.377232	-0.367867	-0.329398	-0.270618	-0.202668	-0.157282	
0.379081	0.401195	0.422792	0.445548	0.467088	0.489944	0.526238	0.564571	0.578068	0.561447	0.51494	0.429874	0.30934	0.168071	0.0232526	-0.103748	-0.203416	-0.286075	-0.353486	-0.387974	-0.38061	-0.341151	-0.280073	-0.211211	-0.167962	
0.396459	0.398455	0.398986	0.400872	0.403776	0.414975	0.447172	0.48588	0.506648	0.505896	0.478108	0.409223	0.300751	0.16741	0.0288225	-0.0925171	-0.191118	-0.279728	-0.355781	-0.39635	-0.391135	-0.350645	-0.287421	-0.218573	-0.178709	
0.380867	0.363684	0.346911	0.333916	0.326057	0.334196	0.36918	0.413004	0.444587	0.461473	0.452118	0.398256	0.300583	0.174087	0.0409757	-0.0757661	-0.174943	-0.27067	-0.355441	-0.401842	-0.398758	-0.357312	-0.292386	-0.224749	-0.189495	
0.334334	0.303805	0.276936	0.256963	0.246528	0.258561	0.300143	0.350639	0.393786	0.427661	0.434829	0.394216	0.306198	0.186009	0.0581791	-0.0547646	-0.155912	-0.259342	-0.352279	-0.404038	-0.403293	-0.361461	-0.295821	-0.230881	-0.201318	
0.267133	0.231191	0.202048	0.18222	0.175206	0.194803	0.243402	0.299618	0.353286	0.402121	0.423257	0.394233	0.315264	0.201564	0.0793408	-0.030464	-0.134791	-0.246012	-0.346147	-0.402843	-0.405094	-0.364046	-0.299176	-0.238475	-0.215224	
0.192706	0.158852	0.133515	0.118033	0.117317	0.145074	0.198651	0.258328	0.320732	0.381954	0.414493	0.39586	0.325985	0.219637	0.103705	-0.0036304	-0.1122	-0.230848	-0.336943	-0.398318	-0.40463	-0.36604	-0.303831	-0.248698	-0.230915	
