-0.0278706	-0.0298946	-0.0313847	-0.0316741	-0.0339231	-0.0341127	-0.0344198	-0.0341291	-0.0336539	-0.0310855	-0.0293363	-0.0246648	-0.021171	-0.0167457	-0.0135585	-0.00834197	-0.00411083	-0.00101883	-0.000485155	-0.00154573	-0.00741982	-0.0130469	-0.019503	-0.0274952	-0.0370051	
-0.0293184	-0.0314548	-0.032633	-0.0338592	-0.0338814	-0.0355573	-0.0351753	-0.0360438	-0.0351451	-0.0337331	-0.0318631	-0.0275019	-0.0248479	-0.0207803	-0.0173804	-0.0134017	-0.00883084	-0.00656065	-0.00556426	-0.00740109	-0.0123139	-0.0186557	-0.0253195	-0.0334707	-0.0432957	
-0.025614	-0.0271157	-0.0289794	-0.0290168	-0.0307329	-0.0314916	-0.0315939	-0.0316612	-0.0315015	-0.0295128	-0.0282111	-0.0248477	-0.0222811	-0.0185288	-0.0159241	-0.0120471	-0.00808285	-0.00581504	-0.00538862	-0.00614043	-0.012118	-0.018548	-0.025072	-0.0338137	-0.0423049	
-0.0185998	-0.0205105	-0.0210704	-0.022104	-0.023103	-0.0243901	-0.0243731	-0.0247287	-0.0243343	-0.0227981	-0.021958	-0.0184759	-0.0162964	-0.0131586	-0.0106872	-0.00750356	-0.00438431	-0.00157192	-0.00113454	-0.0022758	-0.00824255	-0.014925	-0.0222917	-0.0299939	-0.0396729	
-0.0132145	-0.0132356	-0.0142741	-0.0144451	-0.0151035	-0.0161968	-0.0161513	-0.0163106	-0.0160017	-0.0150706	-0.0137065	-0.0109502	-0.00888464	-0.00564704	-0.0039894	-0.00121119	0.00205251	0.00389853	0.00417124	0.00231608	-0.00343937	-0.010662	-0.0164802	-0.0256749	-0.0346223	
-0.00606403	-0.00665702	-0.00638076	-0.00579215	-0.00578846	-0.0067026	-0.00693748	-0.00713704	-0.00790793	-0.00622214	-0.00542457	-0.00244085	-0.000405998	0.00162622	0.00339265	0.00577507	0.00844927	0.0108023	0.0100392	0.0090139	0.00277033	-0.00386749	-0.0108767	-0.0192593	-0.0285531	
-0.00121382	-0.000392543	-0.000122815	-0.000131146	0.00017456	-0.000209301	-0.000334355	-0.00096579	-0.000315431	0.000320399	0.00153137	0.00468519	0.00663119	0.00887398	0.0107103	0.0134607	0.0156215	0.0181079	0.0182019	0.0168593	0.0112747	0.0036302	-0.00254547	-0.0113376	-0.019793	
0.0043974	0.00532007	0.00582547	0.00574952	0.00599179	0.00551223	0.00496637	0.00564833	0.00591569	0.00696754	0.00841513	0.0117507	0.0133496	0.0162869	0.0181918	0.0202309	0.0231316	0.0260916	0.0263354	0.0259361	0.0199312	0.0123393	0.00629468	-0.00219143	-0.0116933	
0.00572427	0.00696553	0.007492	0.00720727	0.0077614	0.00727463	0.00693143	0.00771939	0.0087226	0.010185	0.0120063	0.0151785	0.0176517	0.0199519	0.0220476	0.024589	0.0271625	0.0304521	0.0312155	0.030352	0.0246805	0.0179478	0.0113131	0.00308877	-0.00579962	
0.00358417	0.00423312	0.00493484	0.00482555	0.0055517	0.00548448	0.00499606	0.0059686	0.00723597	0.0087688	0.0109917	0.0143324	0.0162412	0.0186535	0.0211423	0.0237642	0.0264944	0.0306745	0.0309279	0.0308115	0.0259684	0.0186443	0.0129767	0.00538224	-0.00411986	
0.000425458	0.000770871	0.000843434	0.000988211	0.00176813	0.00170565	0.0014116	0.00252447	0.00369693	0.00529158	0.00769433	0.010789	0.0128543	0.0156736	0.0188339	0.0212341	0.0244084	0.0283639	0.0291378	0.0295219	0.025042	0.0180798	0.0128622	0.00497099	-0.00398236	
-0.00218997	-0.00185492	-0.000991971	-0.00183808	-0.000925536	-0.000499116	-0.00104083	0.000281378	0.00190603	0.00335816	0.00570911	0.00904631	0.011386	0.0148242	0.0179644	0.02052	0.0230948	0.0270514	0.0280858	0.0290895	0.024737	0.0185821	0.0128399	0.0050559	-0.00385538	
-0.00457649	-0.00393305	-0.00431333	-0.00474131	-0.00371311	-0.00395194	-0.00416613	-0.00263381	-0.00132387	-8.63929e-05	0.0024164	0.00547607	0.0081741	0.0119304	0.015054	0.0177016	0.020194	0.0238204	0.0256068	0.026093	0.0226377	0.0160594	0.0104436	0.00313374	-0.00597959	
-0.00613972	-0.00658274	-0.00693683	-0.0071119	-0.00642259	-0.00577944	-0.00680992	-0.0054155	-0.00459413	-0.00279517	-0.000739654	0.00281988	0.00589476	0.00860283	0.0122628	0.014571	0.0168317	0.0213521	0.0227288	0.0239336	0.0200017	0.0143031	0.0084755	0.00157326	-0.00793849	
-0.0061685	-0.00728507	-0.00744405	-0.00868157	-0.00737337	-0.00723533	-0.00758964	-0.00729156	-0.00490318	-0.0044906	-0.00141939	0.00184852	0.00496854	0.00753674	0.0111677	0.0134688	0.0155898	0.0202028	0.0218224	0.0226836	0.0199297	0.013622	0.0085484	0.000748946	-0.00853753	
-0.00569817	-0.00614549	-0.00717609	-0.0075311	-0.00643918	-0.00607754	-0.00756729	-0.00573841	-0.00489	-0.00394665	-0.00103409	0.0021359	0.00442973	0.00779526	0.0106384	0.0128057	0.0149682	0.0192566	0.0210265	0.0225846	0.0197345	0.0136392	0.00830339	0.000363742	-0.00881436	
-0.00444351	-0.00587423	-0.00609207	-0.00683997	-0.00534213	-0.00553478	-0.0058186	-0.00509839	-0.00421803	-0.00345104	-0.00111736	0.00131656	0.00427398	0.00690925	0.0101569	0.0122876	0.014065	0.0180376	0.0207168	0.0215187	0.0191605	0.0140677	0.00812895	0.00108232	-0.0087078	
-0.00304857	-0.00406092	-0.0048106	-0.00453715	-0.00379091	-0.00338043	-0.00447459	-0.00349357	-0.00280999	-0.00222899	0.000344673	0.00197233	0.00475626	0.00694051	0.0103662	0.0121665	0.0142055	0.0186992	0.0209514	0.0221468	0.020324	0.0150957	0.00995152	0.00202659	-0.00716318	
-0.000392849	-0.0027012	-0.00291455	-0.00314707	-0.00180725	-0.00163039	-0.00254558	-0.0019419	-0.0014798	-0.000892821	0.00150818	0.00329816	0.00586758	0.00813486	0.0113515	0.0130104	0.014961	0.0192389	0.0216406	0.0232016	0.0217495	0.0169662	0.0112342	0.00396528	-0.00560339	
0.00163274	0.000127501	-0.00046909	-0.000975158	2.85014e-05	1.90989e-05	-0.000654295	-0.00054694	0.000647206	0.000388926	0.00309263	0.00377797	0.00663151	0.00854366	0.0117177	0.0137431	0.0155369	0.0193083	0.0226585	0.0238533	0.0231231	0.0184501	0.0137689	0.00574565	-0.00271198	
0.00369168	0.000727007	6.47057e-05	-0.000393636	0.000553859	0.000764197	-0.000169592	0.00017569	9.29392e-05	0.000451078	0.00207017	0.00347892	0.00608897	0.00856601	0.0117327	0.0137535	0.0155921	0.0192895	0.0230571	0.024366	0.0242128	0.020747	0.0151725	0.00856738	-0.000782043	
0.00350197	0.00112303	0.000134005	-0.000534403	7.19432e-05	0.00102458	-0.00033985	-5.52583e-07	0.000301676	4.05885e-05	0.00185812	0.00306284	0.00582721	0.00790601	0.0114641	0.0135522	0.015465	0.0195211	0.0229532	0.0246383	0.0246788	0.0215696	0.0162079	0.00985451	0.00160702	
0.00184605	-0.000916761	-0.00156698	-0.00201524	-0.000767782	-0.000219363	-0.00118848	-0.00180246	-0.00166153	-0.00220841	-0.000170217	0.000742577	0.00372412	0.00578787	0.00917071	0.011324	0.0135594	0.0169083	0.0211612	0.022484	0.022977	0.0200488	0.0151241	0.00900666	0.0013737	
-0.00136646	-0.00431097	-0.00560131	-0.00475629	-0.00373432	-0.00356528	-0.00459033	-0.00511569	-0.00594557	-0.00600369	-0.00424391	-0.0030778	-0.000167322	0.00272017	0.00583554	0.00827167	0.0105071	0.0137762	0.0181634	0.0194449	0.0205647	0.0181052	0.0131133	0.00780089	0.000187321	
-0.00361511	-0.00663296	-0.00706676	-0.0066868	-0.00675985	-0.00615322	-0.0072845	-0.00837276	-0.00826995	-0.00835496	-0.00697968	-0.00566031	-0.00253436	-0.000324466	0.00357261	0.00589321	0.00859168	0.0120082	0.0163545	0.0181785	0.0192798	0.0174929	0.0123325	0.00720641	0.000330389	
-0.00341365	-0.00745466	-0.00858072	-0.00842297	-0.00806791	-0.00844991	-0.00842316	-0.00932076	-0.00951592	-0.00941106	-0.00763514	-0.00679672	-0.00378266	-0.000816926	0.00210464	0.00479582	0.00765393	0.0102702	0.0148393	0.0166803	0.0179643	0.0167641	0.0118388	0.00694994	4.7908e-05	
-0.00380337	-0.0070965	-0.00852093	-0.0083188	-0.00902163	-0.00863885	-0.00969419	-0.00978386	-0.0100535	-0.00912533	-0.00830183	-0.00665118	-0.00458577	-0.00180144	0.00102926	0.0035724	0.00607875	0.00900609	0.0128243	0.0149837	0.0167141	0.01591	0.0110939	0.00610732	-0.000639928	
-0.00220994	-0.00625414	-0.00730209	-0.00755618	-0.00827994	-0.00852164	-0.00774099	-0.00888807	-0.00833233	-0.00774122	-0.00707287	-0.00628209	-0.00367325	-0.00108014	0.00147502	0.00427604	0.0070416	0.0086269	0.0133215	0.0149027	0.0172423	0.0167924	0.0120502	0.00685779	0.0004504	
-0.00107016	-0.00436155	-0.0061414	-0.00598781	-0.00608189	-0.00559052	-0.00546367	-0.0055621	-0.00578454	-0.00508974	-0.00450279	-0.00344496	-0.00125795	0.00141847	0.00388271	0.00613107	0.00909285	0.0108553	0.0151846	0.0173102	0.0194394	0.0192789	0.014321	0.0091739	0.00276875	
-0.0012867	-0.00448437	-0.00545362	-0.00514091	-0.0048439	-0.00419467	-0.00318699	-0.00394155	-0.00341661	-0.00231939	-0.00218227	-0.000736594	0.000843876	0.00342861	0.00501596	0.0076988	0.0101845	0.0123461	0.0163399	0.0185491	0.0206723	0.020687	0.016004	0.0112025	0.00473675	
-0.00312994	-0.00614048	-0.00750792	-0.00646241	-0.00596565	-0.00563133	-0.00412092	-0.00448895	-0.00433361	-0.00304963	-0.00307901	-0.00235843	-0.000769426	0.00145694	0.00301169	0.00554916	0.00852418	0.0101294	0.0140636	0.0164064	0.0184853	0.0189542	0.0150274	0.0100861	0.0047963	
-0.00492434	-0.00747123	-0.00858326	-0.00738226	-0.00739371	-0.00626776	-0.00495178	-0.00483438	-0.00471578	-0.00328765	-0.00404057	-0.00286291	-0.00178396	0.000560973	0.0022065	0.00472816	0.00766157	0.00919376	0.0124849	0.015073	0.0174157	0.0184377	0.014956	0.0105357	0.00516292	
-0.00506969	-0.00704487	-0.00843998	-0.00729748	-0.00722226	-0.00671143	-0.00448211	-0.00461691	-0.00392979	-0.00308955	-0.00331443	-0.0027134	-0.00146409	0.00109918	0.00231421	0.00546588	0.00777083	0.0095673	0.0119598	0.0150689	0.0173519	0.018494	0.0157338	0.0110001	0.00596843	
-0.00500504	-0.00706623	-0.00824332	-0.00706435	-0.00695141	-0.00614582	-0.00423457	-0.00412484	-0.00447147	-0.00309738	-0.00430623	-0.00314144	-0.00186348	0.00033639	0.00205834	0.00464661	0.00730443	0.00854322	0.0113569	0.0145848	0.0167515	0.0186615	0.0158711	0.0113645	0.00714149	
-0.00543261	-0.00666046	-0.0083625	-0.00692011	-0.00685787	-0.00569841	-0.00387886	-0.00359865	-0.00392357	-0.00352749	-0.00397038	-0.00313707	-0.00233223	0.000554853	0.00155173	0.00438403	0.00667429	0.00837462	0.0103414	0.0141258	0.0167807	0.0182561	0.0173568	0.0128222	0.00882883	
-0.00595659	-0.00702445	-0.00852144	-0.00828384	-0.0076018	-0.00681547	-0.00466615	-0.00490951	-0.00480231	-0.00428986	-0.00502968	-0.00410476	-0.00270869	-0.0010665	0.000813469	0.00349168	0.00558967	0.00753705	0.00936803	0.0129286	0.0154628	0.0178855	0.0168091	0.0131652	0.00992181	
-0.00390952	-0.00511081	-0.00724087	-0.00710729	-0.00674822	-0.00587758	-0.00342114	-0.00244572	-0.00280057	-0.00186561	-0.00265342	-0.00179288	-0.00088127	0.00153124	0.0028775	0.00552026	0.00802771	0.00942361	0.0105238	0.0146074	0.0171794	0.0198228	0.0199562	0.0165241	0.0128775	
-0.00420581	-0.00481027	-0.00732919	-0.00817199	-0.0078182	-0.00660102	-0.00458398	-0.00296858	-0.00250997	-0.00199791	-0.00192417	-0.000771633	0.000176554	0.00224351	0.00395265	0.00648967	0.00870891	0.0106979	0.0114627	0.0158913	0.0191048	0.0213704	0.0223431	0.0186001	0.014987	
-0.00523862	-0.00652979	-0.00871294	-0.0100905	-0.010019	-0.00890769	-0.00631648	-0.00518551	-0.00434003	-0.0031549	-0.00303972	-0.00170378	-3.11034e-05	0.000985602	0.00314888	0.00598473	0.00796725	0.0102338	0.011952	0.0161656	0.0195652	0.0223524	0.0226967	0.0199006	0.0160153	
-0.00760678	-0.0085889	-0.0115661	-0.0131989	-0.0127676	-0.0116989	-0.00981015	-0.00743555	-0.00671878	-0.00619018	-0.00467429	-0.00323513	-0.0021349	4.3471e-05	0.0023121	0.0045195	0.00724882	0.00967799	0.0105657	0.0155392	0.0190355	0.0209842	0.0228898	0.0199231	0.0154928	
-0.00876668	-0.00996786	-0.0117813	-0.0147374	-0.0144732	-0.0132725	-0.0116153	-0.0100409	-0.0085962	-0.00783109	-0.00669138	-0.00480257	-0.00316408	-0.00179196	0.00119705	0.00387861	0.00643571	0.00907605	0.01089	0.0144867	0.0181889	0.0204507	0.0216939	0.0196296	0.015613	
-0.00677054	-0.0077935	-0.0110043	-0.0136472	-0.0145622	-0.0129177	-0.011895	-0.00927874	-0.00833428	-0.00803597	-0.00612739	-0.00520877	-0.0035546	-0.00168601	0.00157898	0.00498809	0.00739771	0.010812	0.0114948	0.0151884	0.0186452	0.0207141	0.0228658	0.021873	0.0177404	
-0.0048756	-0.00602599	-0.00841407	-0.0129408	-0.0125416	-0.0118123	-0.0106067	-0.00868828	-0.00700744	-0.00743447	-0.00545333	-0.00447892	-0.00322179	-0.00152558	0.00261113	0.00515195	0.00890232	0.01123	0.0131897	0.0158765	0.019774	0.0218986	0.0246504	0.0243669	0.0207352	
-0.00417913	-0.00524042	-0.0075121	-0.0113712	-0.0120874	-0.0106739	-0.0104574	-0.00814161	-0.00711781	-0.00747497	-0.00593201	-0.00527102	-0.00413153	-0.00259124	0.000996912	0.0043734	0.00694156	0.0105416	0.0123381	0.0152986	0.0191948	0.0215169	0.0241525	0.0247894	0.0210744	
-0.00454076	-0.0048904	-0.00703161	-0.0104172	-0.0109417	-0.00956637	-0.00995126	-0.00745891	-0.00697235	-0.00777862	-0.00607763	-0.00592176	-0.00436381	-0.003333	0.000327337	0.00319727	0.00572825	0.00905978	0.0112506	0.0140055	0.0178132	0.0205752	0.0235627	0.0244744	0.0212761	
-0.00372056	-0.00395355	-0.00407629	-0.00826439	-0.0078044	-0.00785204	-0.00766718	-0.00681927	-0.0058402	-0.00698952	-0.00579199	-0.00552495	-0.00459472	-0.00394775	-0.000519592	0.00169913	0.00533205	0.00762684	0.0115783	0.0132907	0.0176871	0.020633	0.0237154	0.0250248	0.0217519	
-0.00308152	-0.00254	-0.00345585	-0.00602851	-0.00758956	-0.00671798	-0.00808254	-0.00609366	-0.0063071	-0.00735939	-0.00661724	-0.00686728	-0.00663915	-0.00589452	-0.00315143	-0.000112808	0.00241086	0.00670069	0.00927776	0.0122652	0.016481	0.0199578	0.0233666	0.0254536	0.0225356	
-0.000201716	0.000245474	0.000620311	-0.00212557	-0.00338131	-0.00389479	-0.00426834	-0.00412013	-0.00403944	-0.00480989	-0.00512368	-0.00611551	-0.00583712	-0.00626202	-0.00408596	-0.00145616	0.00199313	0.00481615	0.0100344	0.0121067	0.0164214	0.0212843	0.0243001	0.0268637	0.0256062	
0.0016653	0.00208813	0.00207201	-0.000128733	-0.00192484	-0.00317047	-0.00435509	-0.00423608	-0.00424086	-0.00563923	-0.00581515	-0.00657133	-0.00786687	-0.00707113	-0.00553868	-0.00349815	0.000361687	0.00420599	0.00853799	0.0115835	0.0159124	0.0197693	0.0236802	0.0268686	0.0247841	
0.00401659	0.00440444	0.00441484	0.00331713	0.000883344	-0.000482722	-0.00167527	-0.00264788	-0.00294866	-0.00359799	-0.00464189	-0.00547088	-0.00613659	-0.00588548	-0.00494847	-0.00235446	0.000931997	0.00471649	0.00966279	0.0123552	0.0159683	0.0207654	0.0239461	0.0270697	0.0264952	
