-0.0156072	-0.0277494	-0.0334384	-0.0436629	-0.0531242	-0.0605006	-0.0625696	-0.0448504	-0.00657743	0.043332	0.0932519	0.138921	0.170911	0.185989	0.170936	0.123424	0.0543369	-0.0236819	-0.0907123	-0.14285	-0.16943	-0.160976	-0.124578	-0.066515	0.0045499	
-0.0289713	-0.0350946	-0.0389685	-0.0476633	-0.0547027	-0.0630652	-0.0633268	-0.044678	-0.00994397	0.0335137	0.0767467	0.112958	0.141849	0.159499	0.147314	0.112936	0.0603294	-0.00512152	-0.0624801	-0.107454	-0.126119	-0.113975	-0.0815431	-0.0305928	0.0298568	
-0.0361777	-0.0407057	-0.0439821	-0.0531155	-0.0624493	-0.0722797	-0.0720248	-0.0543319	-0.0212298	0.0186244	0.054611	0.0873966	0.115518	0.130677	0.125336	0.103848	0.0639343	0.0179003	-0.0222388	-0.0575089	-0.0727244	-0.0643402	-0.0362038	0.0055665	0.0455092	
-0.0477939	-0.051181	-0.055088	-0.0663026	-0.0753225	-0.0849927	-0.082523	-0.0629725	-0.0307458	0.00219558	0.0326507	0.0596016	0.0830286	0.101791	0.105366	0.0989097	0.0807424	0.0549204	0.025165	-0.00702187	-0.0219449	-0.0158949	0.00303523	0.0266338	0.045499	
-0.058139	-0.0595142	-0.0659958	-0.0770481	-0.0870971	-0.0972901	-0.0924708	-0.0724157	-0.0437475	-0.0144379	0.0113672	0.0342923	0.0609892	0.0821521	0.0940175	0.103292	0.0990112	0.0871207	0.0663121	0.0388926	0.023943	0.0189153	0.0229663	0.0317072	0.0299947	
-0.0654561	-0.0682091	-0.0765669	-0.0878577	-0.0987015	-0.105956	-0.0963506	-0.0746729	-0.0451681	-0.0195725	0.000418967	0.0210451	0.04342	0.0624307	0.0815425	0.0998022	0.109225	0.112228	0.0975929	0.0706302	0.048242	0.0340934	0.0316775	0.0270712	0.0084278	
-0.0664306	-0.0678976	-0.0764279	-0.0862427	-0.0952896	-0.0979766	-0.085473	-0.0623037	-0.0368059	-0.0198284	-0.00651172	0.00554414	0.0211688	0.0380692	0.0594714	0.0846529	0.104986	0.11708	0.106581	0.0826945	0.0626917	0.0477421	0.0375102	0.021128	-0.0103685	
-0.0471236	-0.0484244	-0.0588878	-0.0677925	-0.0769498	-0.0782209	-0.0642251	-0.0441457	-0.0273231	-0.0195208	-0.018474	-0.0178604	-0.0117406	-0.00317025	0.0180845	0.0486533	0.0809758	0.106319	0.107076	0.0953808	0.0784844	0.0583834	0.0430949	0.0189974	-0.0242835	
-0.00753899	-0.0132879	-0.02644	-0.0370968	-0.0502471	-0.0507351	-0.0406826	-0.0292552	-0.0236352	-0.0315247	-0.0458088	-0.0572938	-0.0638226	-0.0609175	-0.0357552	0.0042461	0.0523873	0.0927084	0.107751	0.10587	0.0911614	0.0749256	0.0594851	0.0274634	-0.0239395	
0.0430041	0.0299274	0.0122507	-0.00595323	-0.0229465	-0.0271156	-0.0256385	-0.0233839	-0.0334374	-0.0569745	-0.0832932	-0.106925	-0.12315	-0.120779	-0.091148	-0.0421113	0.0224333	0.0781713	0.107893	0.120727	0.118131	0.107783	0.0889687	0.0519207	-0.00306165	
0.0928698	0.07234	0.0467041	0.0225715	0.00084003	-0.00912769	-0.0143199	-0.0242792	-0.0495158	-0.0849506	-0.123477	-0.157869	-0.179751	-0.177911	-0.144966	-0.0826542	-0.000842317	0.0696935	0.121191	0.154479	0.162593	0.158398	0.142576	0.106473	0.050631	
0.13781	0.107179	0.077636	0.0474787	0.0217123	0.00947703	-0.00418601	-0.0253282	-0.0622952	-0.109583	-0.158761	-0.20013	-0.227506	-0.22525	-0.182948	-0.106106	-0.00902017	0.0827739	0.159504	0.210437	0.234742	0.244797	0.232227	0.192001	0.129117	
0.168372	0.134225	0.103748	0.0689517	0.0465773	0.0301821	0.0100802	-0.0200805	-0.0692041	-0.125899	-0.180681	-0.227588	-0.256104	-0.244359	-0.191777	-0.10025	0.0172261	0.130065	0.229149	0.303005	0.34801	0.365424	0.346549	0.297481	0.22692	
0.181596	0.150008	0.117275	0.0863869	0.0666783	0.0484418	0.0266933	-0.0112651	-0.0656807	-0.122828	-0.178266	-0.224893	-0.243967	-0.223308	-0.159777	-0.0476954	0.084872	0.216463	0.341535	0.43474	0.490397	0.506713	0.480039	0.422021	0.338065	
0.164998	0.136735	0.111395	0.0898431	0.0787234	0.0680682	0.0490251	0.0112515	-0.0391891	-0.0920531	-0.144425	-0.181831	-0.190634	-0.159001	-0.0750353	0.0515892	0.195302	0.347999	0.487395	0.589001	0.652653	0.667384	0.631198	0.556299	0.453704	
0.117092	0.102733	0.0908938	0.0847049	0.0895077	0.0880495	0.0761203	0.043741	0.0024997	-0.0416563	-0.0809694	-0.10388	-0.0979382	-0.0457214	0.0527601	0.186988	0.342433	0.504573	0.65045	0.76473	0.835662	0.843114	0.790657	0.69743	0.580882	
0.0491891	0.0521232	0.0534274	0.0691285	0.0878626	0.100139	0.0990408	0.0783735	0.0525605	0.0245046	0.00236057	-0.005233	0.0211234	0.0883431	0.197809	0.343652	0.50635	0.677218	0.834817	0.958206	1.02707	1.02256	0.957533	0.850155	0.71324	
-0.0262158	-0.0100295	0.0109646	0.0469157	0.0795421	0.106578	0.114256	0.10638	0.0951249	0.0822584	0.0748583	0.088481	0.135706	0.221359	0.35159	0.506647	0.677994	0.859238	1.02101	1.14782	1.21429	1.20461	1.13027	0.999702	0.836941	
-0.089648	-0.0631936	-0.0247199	0.0216947	0.0631919	0.0960969	0.107388	0.110192	0.112788	0.114351	0.128536	0.167087	0.236193	0.347297	0.491417	0.65273	0.835767	1.02123	1.1888	1.32339	1.38903	1.37301	1.28005	1.12569	0.945428	
-0.137588	-0.103305	-0.0547177	-0.00505693	0.0410363	0.073871	0.0875088	0.10181	0.113692	0.129548	0.16371	0.219283	0.310614	0.440469	0.59265	0.766584	0.958876	1.14797	1.32344	1.45836	1.51617	1.49027	1.38625	1.22311	1.02888	
-0.159601	-0.116582	-0.0639977	-0.0139183	0.031764	0.0563785	0.0714896	0.0880773	0.101456	0.128749	0.172854	0.243796	0.355116	0.495202	0.655319	0.836775	1.02739	1.21445	1.38935	1.51655	1.56896	1.54586	1.44363	1.27516	1.07289	
-0.146453	-0.0988768	-0.0495623	-0.00189958	0.0320665	0.0466038	0.0599192	0.0704555	0.0868522	0.119153	0.168509	0.252924	0.371137	0.510073	0.668932	0.84366	1.0229	1.20528	1.37414	1.49161	1.54686	1.53011	1.42799	1.26679	1.07914	
-0.105689	-0.0614354	-0.016216	0.0218876	0.0402049	0.0473436	0.0519268	0.0565259	0.0718708	0.0998859	0.151443	0.23863	0.350495	0.48202	0.632041	0.791253	0.958585	1.13212	1.28263	1.38914	1.44618	1.42949	1.34228	1.21408	1.05274	
-0.0442614	-0.00696515	0.0288849	0.048312	0.0511122	0.0442252	0.0363527	0.0325038	0.0391394	0.0614115	0.113462	0.196496	0.299936	0.42325	0.557244	0.6989	0.852641	1.0033	1.13012	1.22781	1.27939	1.26986	1.21556	1.12053	0.983884	
0.028489	0.0547475	0.0696093	0.0675225	0.0494127	0.0253138	0.00424539	-0.0118458	-0.01382	0.00454604	0.0557547	0.132173	0.228682	0.339477	0.455625	0.583898	0.717561	0.842408	0.95158	1.03505	1.07833	1.08317	1.055	0.984558	0.883193	
0.101707	0.108888	0.0994894	0.0738377	0.0330966	-0.00530056	-0.0422578	-0.0684276	-0.0782713	-0.0621594	-0.0136247	0.0561871	0.145201	0.241038	0.346152	0.460681	0.57313	0.679149	0.767977	0.832054	0.86929	0.883654	0.872937	0.832003	0.773631	
0.157442	0.143168	0.11325	0.064351	0.00998337	-0.041478	-0.0892253	-0.121456	-0.136904	-0.119827	-0.0764824	-0.0122597	0.0655764	0.149669	0.24576	0.343611	0.440008	0.524791	0.588801	0.635438	0.66518	0.685601	0.692676	0.682734	0.659067	
0.181966	0.152347	0.105167	0.0430515	-0.0170842	-0.0768893	-0.125617	-0.161309	-0.173394	-0.154032	-0.113601	-0.0537792	0.0128976	0.089312	0.171569	0.252734	0.328312	0.38377	0.424366	0.452338	0.475004	0.50198	0.523366	0.538888	0.538722	
0.171635	0.130173	0.070498	0.00626047	-0.0556922	-0.111881	-0.154892	-0.183003	-0.180959	-0.155396	-0.110291	-0.0547298	0.00452917	0.0706144	0.13488	0.196235	0.241832	0.269422	0.286178	0.293796	0.310028	0.334828	0.364454	0.398984	0.417581	
0.126906	0.0765113	0.0148669	-0.0443621	-0.0990328	-0.141768	-0.172523	-0.180579	-0.162298	-0.125875	-0.0756212	-0.0241563	0.0310179	0.0858678	0.136576	0.176816	0.195087	0.197403	0.184385	0.170311	0.170893	0.185247	0.221741	0.268032	0.306047	
0.064991	0.0122613	-0.0431767	-0.093713	-0.134982	-0.164291	-0.177758	-0.165265	-0.132542	-0.0836567	-0.0296961	0.0246322	0.0805025	0.130994	0.172751	0.192023	0.186134	0.158371	0.11581	0.0813304	0.0634291	0.0717833	0.109413	0.157455	0.208015	
-0.00556291	-0.0561859	-0.103743	-0.143166	-0.170696	-0.184814	-0.176284	-0.143858	-0.0931667	-0.0321062	0.0284551	0.0892715	0.145158	0.191614	0.21933	0.217704	0.18928	0.137109	0.0788071	0.0309139	0.00175677	0.00324016	0.0287338	0.0704158	0.12147	
-0.0877676	-0.132377	-0.168724	-0.193162	-0.204214	-0.196441	-0.163807	-0.11051	-0.0434015	0.0252902	0.0913833	0.153401	0.206162	0.244966	0.257771	0.241431	0.19753	0.134041	0.0683632	0.0101797	-0.0277596	-0.0387091	-0.0256312	0.0116696	0.0602463	
-0.162241	-0.198498	-0.222652	-0.233429	-0.228157	-0.199943	-0.148433	-0.0794692	-0.00362914	0.0702417	0.141137	0.204996	0.257938	0.290306	0.292795	0.264678	0.208195	0.136427	0.0625678	-0.00191164	-0.0438996	-0.0601309	-0.0487609	-0.0140379	0.0310209	
-0.212107	-0.242442	-0.259233	-0.261402	-0.243417	-0.20075	-0.136271	-0.0582482	0.022657	0.10253	0.178651	0.246354	0.298156	0.322024	0.313043	0.271571	0.205671	0.129991	0.0559419	-0.00400263	-0.0424659	-0.0576809	-0.048903	-0.0221406	0.0161583	
-0.23926	-0.263987	-0.274362	-0.267217	-0.236778	-0.182331	-0.109792	-0.0293332	0.0520389	0.131953	0.206522	0.269982	0.311565	0.322638	0.301665	0.252676	0.187813	0.118843	0.0553796	0.00539192	-0.0288631	-0.0454136	-0.0436081	-0.02481	0.00863312	
-0.246392	-0.262767	-0.263283	-0.243342	-0.199963	-0.136681	-0.062362	0.0143038	0.0899453	0.162315	0.227371	0.277264	0.302347	0.298594	0.267322	0.216523	0.157513	0.0989223	0.0480262	0.00802314	-0.0202231	-0.0346667	-0.0340654	-0.0174629	0.0134695	
-0.240949	-0.247934	-0.236364	-0.202397	-0.147315	-0.0785997	-0.00563842	0.0663158	0.135565	0.199378	0.251907	0.28408	0.289699	0.268416	0.225449	0.170979	0.114524	0.0637099	0.0234899	-0.00537879	-0.0227443	-0.0285	-0.022686	-0.00503105	0.0235687	
-0.229584	-0.226811	-0.202284	-0.155103	-0.0910788	-0.0198102	0.0514678	0.120295	0.184945	0.240834	0.279586	0.293022	0.278513	0.239542	0.185077	0.125619	0.0697911	0.0242388	-0.00823945	-0.0277105	-0.0352002	-0.0326789	-0.0214753	-0.00191602	0.0256494	
-0.212361	-0.198882	-0.161642	-0.103995	-0.0350437	0.0362649	0.105727	0.17197	0.231778	0.27792	0.30119	0.29601	0.263366	0.210564	0.148506	0.0871672	0.0341492	-0.00615408	-0.0328377	-0.0467548	-0.0501435	-0.0455766	-0.0341531	-0.015561	0.0110278	
-0.187148	-0.161969	-0.113743	-0.0497397	0.0202428	0.0898555	0.15697	0.219375	0.271239	0.303611	0.308997	0.285695	0.238639	0.177804	0.114253	0.0568809	0.0110437	-0.0220285	-0.0436173	-0.0559501	-0.061538	-0.0616418	-0.0555455	-0.0411021	-0.0156781	
-0.142206	-0.10673	-0.0530439	0.0100153	0.0749022	0.138474	0.199303	0.253278	0.292412	0.308203	0.296626	0.260155	0.206562	0.14597	0.0876984	0.0383089	0.000223011	-0.0277624	-0.0480832	-0.0627782	-0.0726152	-0.0768773	-0.0739355	-0.0617162	-0.0384031	
-0.0725335	-0.0314089	0.0197428	0.0739318	0.127726	0.180459	0.23014	0.270811	0.294029	0.293527	0.268955	0.225777	0.172386	0.117013	0.0662477	0.024112	-0.00876254	-0.0341108	-0.0538457	-0.0686051	-0.0778702	-0.0811768	-0.0785699	-0.0700359	-0.0551722	
0.00473538	0.0497015	0.0964411	0.141928	0.186158	0.228639	0.265343	0.289062	0.292789	0.273726	0.235049	0.184295	0.1298	0.0782719	0.0344029	0.000541866	-0.0237608	-0.0409059	-0.0533051	-0.0621951	-0.0683161	-0.0727216	-0.0760908	-0.0776885	-0.0750301	
0.078922	0.128997	0.174349	0.215555	0.25369	0.286356	0.307264	0.309554	0.289704	0.249459	0.195387	0.136392	0.0805383	0.0333944	-0.00195086	-0.0249098	-0.0376199	-0.0440375	-0.0479566	-0.0520039	-0.0579907	-0.0666623	-0.0768281	-0.0853811	-0.0880258	
0.153368	0.205441	0.247942	0.28318	0.311649	0.329425	0.330106	0.30958	0.26906	0.214494	0.154135	0.0959929	0.0458885	0.00684451	-0.0204268	-0.0371359	-0.0462225	-0.0512592	-0.0549554	-0.0589401	-0.06414	-0.0703698	-0.0762748	-0.0802182	-0.080582	
0.22143	0.271571	0.30903	0.335199	0.349325	0.34789	0.32718	0.28736	0.233913	0.175092	0.118468	0.0690738	0.0290858	-0.00158359	-0.0242773	-0.0409193	-0.0535665	-0.0635249	-0.0708956	-0.075395	-0.0770031	-0.0757769	-0.072428	-0.0689797	-0.0672519	
0.274101	0.324978	0.361109	0.38028	0.38025	0.359537	0.318752	0.262528	0.199342	0.138158	0.0850592	0.0424168	0.0098367	-0.0145128	-0.0328133	-0.0470751	-0.058796	-0.0683981	-0.0753342	-0.0791226	-0.0797184	-0.0772655	-0.0730443	-0.0698842	-0.069573	
0.314616	0.369983	0.407482	0.420789	0.407171	0.368286	0.309419	0.239038	0.167393	0.103229	0.0512374	0.0121677	-0.0155784	-0.034442	-0.0468167	-0.0548652	-0.0604558	-0.0647347	-0.0681251	-0.0709941	-0.0736004	-0.0756933	-0.0776293	-0.0807718	-0.0847026	
0.342987	0.403741	0.438869	0.443082	0.415577	0.361465	0.289637	0.210911	0.135955	0.0724231	0.023467	-0.0113873	-0.0345035	-0.0486914	-0.056396	-0.0597535	-0.0608757	-0.0614937	-0.0626405	-0.0650705	-0.0692385	-0.0748059	-0.0815249	-0.0896957	-0.0974519	
