-0.00111918	-0.00111918	-0.00193355	-0.001921	-0.00184234	-0.00183903	-0.00197656	-0.00270431	-0.00244243	-0.00220822	-0.00246052	-0.00283383	-0.0028312	-0.00246556	-0.00229482	-0.00203536	-0.00123547	-0.00105454	-0.000791147	-0.000494912	0.000276921	0.000344836	0.000603054	0.000499255	0.000424213	
-0.00111918	-0.00137933	-0.00214234	-0.00189952	-0.00207952	-0.00208918	-0.00220877	-0.0029252	-0.00264012	-0.00231242	-0.00273942	-0.00291165	-0.00298744	-0.00269677	-0.00243663	-0.00201723	-0.001449	-0.00140987	-0.00100552	-0.000717766	-6.11621e-05	-4.97651e-05	0.000144316	0.000177739	2.14359e-05	
-0.00202415	-0.00221239	-0.00210093	-0.00247188	-0.00244484	-0.00198171	-0.00296747	-0.00309478	-0.00255263	-0.0031726	-0.00300846	-0.00272097	-0.00387046	-0.00294663	-0.00248238	-0.00230396	-0.00208597	-0.00167875	-0.00162468	-0.000756246	-0.000821538	-9.32228e-05	-0.000516828	-0.000119687	-0.000461223	
-0.00206534	-0.00196537	-0.00244496	-0.00177397	-0.00146106	-0.0015595	-0.00176478	-0.00189616	-0.00132958	-0.00102384	-0.00143604	-0.00149405	-0.00121834	-0.000898299	-0.000743376	-0.000125995	0.000127987	0.00010551	0.000836375	0.000850956	0.00129271	0.00133367	0.00109449	0.00113468	0.00133841	
-0.0019181	-0.00208671	-0.00245951	-0.00152006	-0.00232052	-0.00200646	-0.00215177	-0.00239423	-0.00231266	-0.00150877	-0.00238172	-0.0017608	-0.00234717	-0.00152598	-0.00126503	-0.000582226	-0.000822156	-0.000444353	-0.000157641	0.00032124	0.000630733	0.000402477	0.000510837	0.000891914	0.000550701	
-0.00189409	-0.00210706	-0.00207814	-0.00164815	-0.00202708	-0.00190932	-0.00247572	-0.00263995	-0.00196536	-0.00242299	-0.00206349	-0.00192544	-0.00244741	-0.00137981	-0.00117603	-0.00111204	-0.000686199	-0.000923742	-0.00045206	-0.000194537	-0.000268443	0.000176503	-0.000333873	-6.90046e-05	9.35195e-05	
-0.00201838	-0.00223628	-0.00303896	-0.001937	-0.00231655	-0.00258906	-0.00327804	-0.00291602	-0.00243739	-0.00222333	-0.00288727	-0.00223718	-0.00265223	-0.00181723	-0.00222306	-0.00121306	-0.00160192	-0.00159897	-0.00147889	-0.00114279	-0.00119135	-0.00166913	-0.00155971	-0.00105168	-0.00168182	
-0.00281248	-0.00302187	-0.00322719	-0.00212391	-0.00264322	-0.00273606	-0.00293372	-0.00323059	-0.0027195	-0.00257603	-0.00249101	-0.00219765	-0.00243865	-0.00195979	-0.00170267	-0.00151939	-0.00149911	-0.00206021	-0.00124113	-0.00188281	-0.00152668	-0.00214936	-0.00229875	-0.00225097	-0.0017669	
-0.00267747	-0.0028164	-0.00272767	-0.00147318	-0.00246247	-0.00196727	-0.00238837	-0.00271025	-0.00161886	-0.00112584	-0.00156067	-0.000150486	-0.0013304	-0.000201146	-0.000138212	0.000404859	-0.000327997	-0.000149497	-0.000494554	0.000139758	-0.000762173	-0.00084601	-0.00148119	-0.000815343	-0.00108218	
-0.00249884	-0.00256696	-0.0033967	-0.00121615	-0.0016555	-0.00238602	-0.00202855	-0.0024013	-0.00102303	-0.000545672	-0.000601655	-4.62779e-05	0.000434065	0.000583845	0.000400125	0.00100845	0.000836385	-0.000455607	0.000296308	-0.000101719	-0.00043621	-0.000804281	-0.00133366	-0.00115581	-0.000324424	
-0.00284015	-0.0030624	-0.00327809	-0.00170982	-0.00255279	-0.00198118	-0.00267634	-0.00230078	-0.00146163	-0.000641431	-0.000608971	0.000603529	-0.00114997	0.000280643	0.000131672	0.000472307	-0.000601484	-0.000994452	-0.00136618	-0.00119026	-0.00168557	-0.00264282	-0.00273279	-0.00201326	-0.00224196	
-0.00329254	-0.00332676	-0.00308752	-0.00190093	-0.00198394	-0.0018192	-0.00207173	-0.00209582	-0.000209285	-0.000222144	0.000471261	0.000683062	0.000161781	0.000533039	0.000713966	0.000465474	-0.000125948	-0.0012618	-0.00123301	-0.00186235	-0.002276	-0.00264213	-0.00353134	-0.00279346	-0.00230944	
-0.00338304	-0.00348032	-0.00434979	-0.00175194	-0.00265187	-0.0024926	-0.00262516	-0.0024495	-0.00158124	0.000165236	-0.00125466	0.000173411	-0.00112529	-0.000389762	-0.000892355	-0.000120293	-0.00200821	-0.0023216	-0.00325713	-0.00299254	-0.00345495	-0.00449921	-0.00452602	-0.00355769	-0.00379808	
-0.00299081	-0.00317262	-0.00350422	-0.00145128	-0.00190536	-0.00156988	-0.00188361	-0.0020777	-0.000488342	0.000332035	0.000207638	0.000547698	-0.000405606	0.000232596	0.000489551	0.000120101	-0.00064524	-0.00192736	-0.00173697	-0.00254395	-0.00261824	-0.00328819	-0.00402297	-0.0032641	-0.0025296	
-0.00277899	-0.00291779	-0.00305912	-0.00136974	-0.00168016	-0.00135136	-0.00227438	-0.00182323	-0.000315066	0.000112713	1.46087e-05	0.000741041	-0.000875067	0.000482068	-2.41079e-05	0.000463585	-0.000682958	-0.00177604	-0.00197408	-0.00185186	-0.00301063	-0.00320743	-0.00359321	-0.00272708	-0.00247888	
-0.00250828	-0.00248716	-0.00282918	-0.000759692	-0.0010379	-0.0013283	-0.00133676	-0.00167661	0.000223916	0.000699991	0.000308453	0.000436919	-9.08791e-05	0.000109178	0.000367943	0.00064102	-0.000465038	-0.00156387	-0.00133268	-0.00203179	-0.00208832	-0.00273412	-0.00343813	-0.00231631	-0.00182643	
-0.00167481	-0.00189264	-0.00255026	-0.000389546	-0.00121854	-0.000855894	-0.00179383	-0.00169792	-0.000574557	0.000495929	-0.000882699	-0.000366503	-0.0021598	-0.000818416	-0.00096184	-0.000660087	-0.00182858	-0.00229608	-0.00249248	-0.0027081	-0.00266088	-0.00372476	-0.00382387	-0.00285339	-0.00238127	
-0.00146765	-0.00175759	-0.00199669	-0.000222111	-0.000645691	-0.000978325	-0.00175227	-0.00225652	-0.000497908	-0.000912739	-0.00130667	-0.00152935	-0.00253961	-0.00216486	-0.00208146	-0.00172824	-0.00232113	-0.00333313	-0.00297485	-0.00298445	-0.00374837	-0.0036016	-0.00411489	-0.00325636	-0.00258375	
-0.00106942	-0.00124164	-0.00182543	0.000502091	-0.000405718	-0.000544793	-0.00157072	-0.0014528	-0.00082368	-0.000144605	-0.00157049	-0.00127973	-0.00330528	-0.00179865	-0.002139	-0.00143027	-0.00237889	-0.00278935	-0.00303658	-0.00248281	-0.0026631	-0.00348325	-0.0035316	-0.00260201	-0.00208297	
-0.000782955	-0.000982672	-0.000990073	0.000521785	0.000113956	-0.000309787	-0.00124479	-0.00204528	-0.000144527	-0.000486484	-0.00125865	-0.00168469	-0.00286382	-0.00241118	-0.00179135	-0.00192976	-0.00235924	-0.00261767	-0.00232144	-0.00249021	-0.00241699	-0.00262028	-0.00350347	-0.00204716	-0.00173613	
-4.99833e-05	-0.000311157	-0.00103915	0.00100135	0.000425629	-0.000404922	-0.00133916	-0.00159458	-0.000910894	-0.000592348	-0.0016276	-0.00203507	-0.00334009	-0.00250497	-0.00285395	-0.00185035	-0.00216854	-0.00319228	-0.00223301	-0.00218138	-0.00248861	-0.00282421	-0.00294244	-0.00238333	-0.00154093	
0.000129416	-0.0001966	-0.000271419	0.00106735	0.000152618	6.15962e-05	-0.00172783	-0.00213189	-0.000914336	-0.000819432	-0.00256301	-0.00243039	-0.00439469	-0.00314712	-0.00300931	-0.00242867	-0.00318882	-0.0030471	-0.00303166	-0.00231879	-0.00274692	-0.00316218	-0.00367392	-0.00252877	-0.00258985	
0.000510399	0.000101648	-0.000634759	0.000918324	0.000346708	-0.000453655	-0.00164575	-0.00235449	-0.00158067	-0.00140735	-0.00269522	-0.00345454	-0.00450558	-0.00387608	-0.0033315	-0.00303242	-0.00323628	-0.00353026	-0.00308955	-0.00317528	-0.00277309	-0.00357639	-0.00410397	-0.0028133	-0.00253759	
0.000399624	6.47562e-05	-0.000341916	0.000940597	0.000809944	-0.000128531	-0.0010551	-0.00225159	-0.000848667	-0.00116247	-0.00191614	-0.00279623	-0.00362832	-0.00308836	-0.00239104	-0.00178471	-0.00213207	-0.00244716	-0.00187691	-0.00144244	-0.00200911	-0.00227207	-0.00263266	-0.00168297	-0.00171771	
0.000133812	-0.000253481	-0.000805687	0.00105331	0.000448919	0.000158138	-0.00151276	-0.00153279	-0.000906484	-0.000193739	-0.00203653	-0.00213184	-0.00370238	-0.00220989	-0.00198567	-0.00120461	-0.00167326	-0.00183651	-0.00136081	-0.00109318	-0.00100573	-0.00216526	-0.00224048	-0.00161292	-0.00121012	
-0.000330351	-0.000686855	-0.000884097	0.000126073	4.80868e-05	-0.000256635	-0.00172105	-0.00231858	-0.00107843	-0.00108004	-0.00194849	-0.0025019	-0.00371737	-0.00294477	-0.00226584	-0.0019778	-0.00226384	-0.00218054	-0.00217488	-0.00169731	-0.00189031	-0.00230421	-0.00286597	-0.00218426	-0.00237352	
-0.000201854	-0.00075426	-0.00151155	-0.000158748	6.75693e-05	-0.000988701	-0.00183554	-0.00270183	-0.00170309	-0.00134161	-0.00187563	-0.00326407	-0.00365272	-0.00340927	-0.00264767	-0.00227686	-0.00248605	-0.00308117	-0.00224541	-0.00221036	-0.00209628	-0.00289912	-0.00362411	-0.00279921	-0.00281215	
-0.00104237	-0.00153517	-0.00160528	-0.000733976	-0.000618505	-0.000847093	-0.00245752	-0.0025832	-0.00131106	-0.00113074	-0.00219144	-0.00262518	-0.00367418	-0.00289956	-0.00267424	-0.0023852	-0.002744	-0.00301709	-0.0028775	-0.00250715	-0.00297519	-0.00331218	-0.00381064	-0.00347108	-0.0037171	
-0.00103977	-0.0016512	-0.00233033	-0.00124078	-0.00112992	-0.0016057	-0.00252481	-0.0030648	-0.00218573	-0.00152631	-0.00216262	-0.00297693	-0.00395036	-0.00357072	-0.00304133	-0.00277175	-0.00321844	-0.00332442	-0.00348516	-0.00302928	-0.0029819	-0.00351808	-0.00392071	-0.00330306	-0.00351655	
-0.00147169	-0.00202539	-0.00253225	-0.00127929	-0.00108436	-0.00125485	-0.00221952	-0.00224987	-0.000974082	-7.82611e-05	-0.00101534	-0.00165252	-0.00256338	-0.00205681	-0.00168065	-0.00146154	-0.00189345	-0.00200739	-0.0020235	-0.0018639	-0.00176655	-0.00228747	-0.00252864	-0.0022984	-0.00225376	
-0.00177754	-0.0022768	-0.0027014	-0.00150959	-0.00119433	-0.00148014	-0.00196674	-0.00198667	-0.00042622	9.81371e-05	-0.000508434	-0.00128273	-0.00150742	-0.00164944	-0.00098943	-0.000675813	-0.00107291	-0.00173274	-0.00122779	-0.00136944	-0.00131569	-0.00173992	-0.001823	-0.00158089	-0.00147079	
-0.0019552	-0.00246872	-0.0030515	-0.0021318	-0.00161069	-0.00158309	-0.00211891	-0.00228788	-0.000952692	-0.000252578	-0.000497801	-0.00141753	-0.00189148	-0.00156153	-0.00101957	-0.00091695	-0.00120053	-0.00158055	-0.00170715	-0.00163979	-0.00155556	-0.0017513	-0.00179139	-0.00138482	-0.00132732	
-0.00241037	-0.00280801	-0.0032264	-0.00206706	-0.00177763	-0.00157106	-0.00240129	-0.00203105	-0.000976826	0.000320182	-0.000680631	-0.000792214	-0.00170534	-0.00090827	-0.00103188	-0.000228782	-0.00129732	-0.00102	-0.00150854	-0.00125325	-0.00145346	-0.00172639	-0.00186039	-0.00114857	-0.00112165	
-0.00302503	-0.00345612	-0.0036539	-0.00260235	-0.00179753	-0.00197937	-0.00228948	-0.00256194	-0.00103296	-0.000613747	-0.000638376	-0.00168786	-0.00145961	-0.00176094	-0.000983812	-0.000930003	-0.00112516	-0.0022059	-0.0015645	-0.00202406	-0.00206933	-0.00192127	-0.00225518	-0.0017359	-0.00159106	
-0.00328083	-0.00366499	-0.00426566	-0.00327638	-0.00255666	-0.00258948	-0.00310629	-0.00333404	-0.00250337	-0.00152521	-0.00173657	-0.00253578	-0.0031783	-0.00262485	-0.00258389	-0.00237985	-0.00280402	-0.00317917	-0.00311285	-0.00315781	-0.00323472	-0.00328021	-0.00323814	-0.00253941	-0.00230303	
-0.00364195	-0.00405542	-0.00424151	-0.00299029	-0.00280823	-0.00224707	-0.00287887	-0.00283477	-0.00184216	-0.000738909	-0.00160296	-0.00143597	-0.00232931	-0.00198346	-0.00151591	-0.00148475	-0.00230183	-0.00213797	-0.00247331	-0.00262029	-0.0025745	-0.00262917	-0.00277205	-0.00213385	-0.00213518	
-0.00361307	-0.00390306	-0.00471384	-0.00300948	-0.00263273	-0.00284086	-0.00307102	-0.00323741	-0.00247568	-0.00131407	-0.00180393	-0.00215618	-0.00220172	-0.00202261	-0.00188384	-0.00142336	-0.00192087	-0.00278971	-0.00240277	-0.00235834	-0.0023772	-0.00263227	-0.0020819	-0.0023128	-0.00173387	
-0.00325795	-0.00361823	-0.00418754	-0.00323255	-0.00283612	-0.00273428	-0.00278543	-0.00364518	-0.00219438	-0.00171143	-0.00183335	-0.00212754	-0.00201389	-0.00229438	-0.00137306	-0.00134109	-0.00198512	-0.00181759	-0.00179371	-0.00213521	-0.0020534	-0.0015897	-0.00214384	-0.000949257	-0.0013724	
-0.00290036	-0.00314326	-0.00420423	-0.00271247	-0.00313092	-0.00293595	-0.00324343	-0.00312374	-0.0030254	-0.00137277	-0.00235217	-0.00206334	-0.00270987	-0.00172756	-0.00180033	-0.000868507	-0.00150372	-0.00140935	-0.00144018	-0.00148539	-0.00109644	-0.00124944	-0.00121205	-0.000919692	-0.000666621	
-0.00312375	-0.00345457	-0.00374631	-0.00282449	-0.00287814	-0.0029203	-0.00330832	-0.00397043	-0.00241692	-0.00222305	-0.00230495	-0.00231762	-0.00253036	-0.00206496	-0.0011548	-0.000602818	-0.000986513	-0.00103677	-0.000933788	-0.00060436	-0.000966931	-0.000473309	-0.000715586	-0.000268826	-0.00026672	
-0.00277112	-0.00298214	-0.0043387	-0.00254875	-0.00302079	-0.00301345	-0.0032646	-0.00329657	-0.00337937	-0.00181474	-0.00237845	-0.00202572	-0.00244854	-0.00175891	-0.00159691	-5.72904e-05	-0.000540654	-0.000660951	-0.000243392	-0.000868112	-0.00023631	-0.000214637	-0.000486707	-0.000199936	0.000355101	
-0.00291454	-0.00321277	-0.00366659	-0.00281176	-0.00317693	-0.00303674	-0.00331628	-0.00425054	-0.0027439	-0.00277813	-0.00289418	-0.0028486	-0.00303331	-0.00258829	-0.00164078	-0.00119643	-0.00120132	-0.00096862	-0.00119747	-0.00112439	-0.00112219	-0.000927358	-0.00140583	-0.000696803	-0.00118719	
-0.00235591	-0.00286522	-0.00393505	-0.00232065	-0.00319206	-0.00340613	-0.00426724	-0.00444755	-0.0043047	-0.00377363	-0.00449334	-0.00396652	-0.00491755	-0.00393793	-0.00385651	-0.00273075	-0.00267846	-0.00307896	-0.00290873	-0.00279788	-0.00286727	-0.00303176	-0.00306598	-0.00274458	-0.00273812	
-0.00191798	-0.00229233	-0.00342107	-0.00215856	-0.00299847	-0.00280567	-0.00357199	-0.00449233	-0.00412006	-0.0035656	-0.00461536	-0.00396334	-0.00512823	-0.00425356	-0.00398321	-0.00273372	-0.0034756	-0.0031786	-0.00319394	-0.00331003	-0.00356138	-0.00315254	-0.00347692	-0.00335684	-0.00351997	
-0.00107976	-0.00131442	-0.0025177	-0.000928449	-0.00186179	-0.00211741	-0.00229589	-0.00329817	-0.00273826	-0.00251411	-0.00321571	-0.00312748	-0.00350794	-0.00293524	-0.0022831	-0.00186647	-0.00175353	-0.00223598	-0.00187674	-0.00203717	-0.00140652	-0.00201095	-0.00237279	-0.00162173	-0.00188073	
-0.00116962	-0.00134768	-0.00181669	-0.000717844	-0.00140556	-0.00133789	-0.00215695	-0.00259511	-0.00184808	-0.00217867	-0.00266836	-0.002035	-0.00342529	-0.00215842	-0.0022514	-0.00116834	-0.00161814	-0.0016853	-0.00166306	-0.00129782	-0.00181629	-0.00108448	-0.00164933	-0.00102668	-0.00131525	
-0.000749677	-0.00104585	-0.00195554	-0.000513186	-0.000927982	-0.000695922	-0.00143757	-0.00200189	-0.00129499	-0.00125235	-0.00169666	-0.00151933	-0.00300557	-0.00192309	-0.00164857	-0.00117265	-0.00126178	-0.00187432	-0.00124351	-0.00120234	-0.00117724	-0.00112185	-0.00159385	-0.00120409	-0.000866742	
-0.000936606	-0.000996109	-0.00207533	-0.000596486	-0.00110502	-0.00078414	-0.00119436	-0.00191079	-0.0010853	-0.000717778	-0.00198515	-0.00155313	-0.00269806	-0.00193606	-0.00217562	-0.00140121	-0.00176587	-0.0018969	-0.00197253	-0.00149172	-0.00146837	-0.00139519	-0.0016909	-0.000876347	-0.00121063	
-0.00102535	-0.00110533	-0.00146481	-0.000157763	-0.000794607	-0.000479151	-0.000744539	-0.00119702	-0.000517407	-0.000144641	-0.000918984	-0.000347041	-0.00187423	-0.00117664	-0.00125139	-0.000478553	-0.00120401	-0.00104629	-0.00100031	-0.000506823	-0.000343398	-0.000185444	-0.000621886	0.000163538	-0.00010314	
-0.000983265	-0.00119319	-0.00125457	-0.00052144	-0.000478481	9.12431e-07	-0.000623613	-0.000712531	0.000400805	0.000147035	0.000114223	0.000133286	-0.00127579	-0.000239702	-0.000456611	-0.000145167	8.8328e-05	-0.000335382	-6.83848e-05	0.000554419	0.0010021	0.000788893	0.000794883	0.00143832	0.00110126	
