0.0296858	0.0389455	0.0420696	0.0430465	0.0446821	0.0453876	0.0454512	0.047449	0.0495292	0.0520161	0.0549762	0.0569519	0.0586655	0.0599711	0.0609925	0.0622305	0.0629451	0.0626662	0.0621891	0.0598306	0.0578472	0.0563432	0.0554713	0.0552701	0.0554481	
0.0298737	0.0340318	0.0368187	0.0377519	0.039088	0.0392987	0.0398049	0.042252	0.0444823	0.0473088	0.050294	0.0519045	0.0536424	0.0545048	0.0558129	0.05666	0.0567486	0.0565842	0.0559635	0.0537173	0.0520335	0.0508716	0.0505865	0.050905	0.0519228	
0.0220331	0.0241828	0.0259175	0.027665	0.0279752	0.0282175	0.0295441	0.0314879	0.033556	0.0364627	0.0390537	0.0401939	0.0414863	0.0419486	0.0432391	0.0431367	0.0427766	0.0427564	0.0415088	0.0399579	0.0384846	0.0370175	0.0379392	0.038699	0.0406753	
0.00914941	0.0100099	0.0120648	0.0131381	0.0133167	0.0128289	0.0143015	0.0158039	0.018141	0.0213504	0.0243515	0.0249082	0.0258752	0.026	0.0270894	0.0262487	0.0260685	0.0249418	0.0232431	0.0226121	0.0208188	0.019349	0.0209687	0.0228625	0.0255962	
-0.00482357	-0.00371885	-0.002871	-0.00167322	-0.00252357	-0.00289712	-0.00177727	0.00018217	0.00181654	0.0049896	0.00811803	0.00791182	0.0086541	0.00868517	0.00873083	0.00808711	0.00689147	0.00481622	0.0029451	0.0022075	0.0011458	-0.000111235	0.00192786	0.00441342	0.00794091	
-0.0185561	-0.0177067	-0.0165951	-0.0173139	-0.0175983	-0.0191344	-0.0178909	-0.0159988	-0.0141899	-0.0113496	-0.00921359	-0.0103929	-0.00976146	-0.0113001	-0.0109686	-0.0119559	-0.0136197	-0.01681	-0.0187237	-0.0199296	-0.0211414	-0.0212828	-0.0191697	-0.0166643	-0.0137297	
-0.0285303	-0.0271221	-0.0276217	-0.0274929	-0.0292197	-0.0300985	-0.0290797	-0.0273583	-0.0256195	-0.0231837	-0.0218238	-0.02321	-0.0233591	-0.0260197	-0.0260275	-0.0274433	-0.030389	-0.0333257	-0.035886	-0.0369408	-0.0377468	-0.0381527	-0.0354303	-0.033777	-0.0298999	
-0.0313686	-0.0304153	-0.0301357	-0.0315889	-0.0321758	-0.0341073	-0.0333678	-0.0322234	-0.0297761	-0.0279536	-0.0266911	-0.0283261	-0.0293113	-0.0332894	-0.0336382	-0.0359051	-0.0387686	-0.0425332	-0.045662	-0.0463209	-0.0482166	-0.0482238	-0.0459903	-0.0443223	-0.0403874	
-0.0280426	-0.0270007	-0.0279374	-0.0280027	-0.0300841	-0.0318022	-0.0304956	-0.0289551	-0.0275694	-0.0259247	-0.0248673	-0.0275675	-0.0292518	-0.0333863	-0.0354424	-0.0378264	-0.0412533	-0.0450179	-0.0480853	-0.0493562	-0.0502816	-0.050818	-0.0489393	-0.0478719	-0.0432541	
-0.0203192	-0.0201468	-0.0195535	-0.0207047	-0.0228741	-0.0251135	-0.0231297	-0.0213191	-0.0199694	-0.0184085	-0.0185476	-0.0216628	-0.0238972	-0.0288711	-0.0308743	-0.0341482	-0.0374983	-0.0411746	-0.0438239	-0.045336	-0.0464237	-0.0469976	-0.0462448	-0.0442486	-0.0414184	
-0.00798507	-0.00723594	-0.00671522	-0.00689757	-0.0103317	-0.011475	-0.00931897	-0.00712617	-0.00602548	-0.00502752	-0.00539853	-0.00915868	-0.0117083	-0.0169153	-0.0188851	-0.0231802	-0.0263478	-0.0295654	-0.0321301	-0.0325865	-0.0336603	-0.0354877	-0.0336898	-0.032629	-0.0298787	
0.00396192	0.00560459	0.00609409	0.00459009	0.00282869	0.000767352	0.0023203	0.00527234	0.00737628	0.00793842	0.00779928	0.00338731	8.58199e-05	-0.00512907	-0.00684774	-0.0102254	-0.0130991	-0.016261	-0.0187032	-0.0178686	-0.0198832	-0.0205034	-0.0189068	-0.0180945	-0.015912	
0.0130831	0.0149556	0.014458	0.0140594	0.0126427	0.0103911	0.0130586	0.0153804	0.0174334	0.018928	0.0189171	0.0133084	0.0106101	0.00497869	0.0026277	0.00116981	-0.00140441	-0.00442997	-0.00542828	-0.00445971	-0.00518419	-0.00554664	-0.00318921	-0.00347155	-0.000206483	
0.0178926	0.0200342	0.0204287	0.0201346	0.0188663	0.0171047	0.0196044	0.0217521	0.0242664	0.0264114	0.0247744	0.0205326	0.017099	0.0114349	0.00986903	0.00919228	0.00698677	0.00546966	0.00532028	0.00597221	0.00673144	0.00690858	0.00839608	0.0102777	0.0126194	
0.0178159	0.0198347	0.020736	0.0205567	0.018535	0.0181019	0.0202222	0.022571	0.0247001	0.0267271	0.0251896	0.0211551	0.0182567	0.0132416	0.0127871	0.0113161	0.0110359	0.0107949	0.0111075	0.0132998	0.0143642	0.0145712	0.0170408	0.018955	0.0222198	
0.0134279	0.0161091	0.0166067	0.016329	0.0144293	0.013614	0.0152806	0.0185883	0.0207211	0.0220339	0.0217213	0.0174244	0.0135101	0.00993044	0.0102707	0.00955879	0.0099582	0.0110865	0.0118413	0.014859	0.0159068	0.017305	0.0201108	0.0230257	0.0266868	
0.00804358	0.00974287	0.0109234	0.01069	0.00872006	0.00721195	0.0100626	0.0120477	0.0138261	0.0153107	0.0156989	0.0102237	0.00722249	0.00349965	0.00403144	0.00515416	0.00567731	0.00664855	0.00892814	0.0122886	0.0137057	0.015633	0.0195534	0.0222179	0.0265732	
0.0015034	0.00368156	0.00466272	0.00348222	0.0014031	-0.000553039	0.00201191	0.00387842	0.00597646	0.00656029	0.0059346	0.00185431	-0.00191306	-0.00491275	-0.00356485	-0.0015027	-0.000232138	0.000911726	0.00356538	0.00656452	0.00965405	0.0112231	0.0150785	0.0190834	0.0226138	
-0.00369314	-0.00103649	-0.000531906	-0.00212035	-0.00465937	-0.0065821	-0.00503751	-0.00237887	-0.00127415	-0.000436255	-0.00205445	-0.00590815	-0.00875609	-0.0113735	-0.0103477	-0.00768087	-0.00540919	-0.00384803	-0.00189631	0.00233127	0.00423554	0.00707271	0.0108593	0.0142097	0.0176842	
-0.00686684	-0.00374364	-0.003758	-0.00444126	-0.00763123	-0.0100803	-0.00898979	-0.00687624	-0.00609462	-0.00527329	-0.00686459	-0.0107313	-0.0136035	-0.0157581	-0.0151606	-0.0125794	-0.0104748	-0.00794957	-0.00587803	-0.00224592	-0.00039734	0.00230336	0.00642424	0.00928288	0.0127463	
-0.00715043	-0.00515696	-0.00446658	-0.00539567	-0.0094026	-0.0116345	-0.0108088	-0.0100207	-0.00922892	-0.0085366	-0.0105485	-0.0142447	-0.017075	-0.0194005	-0.0179937	-0.0149822	-0.0136239	-0.0112994	-0.00875724	-0.00590665	-0.00452945	-0.00227828	0.00136091	0.00394585	0.00781226	
-0.00682993	-0.00455873	-0.00397375	-0.00583991	-0.00942806	-0.0122622	-0.0115505	-0.0111132	-0.00950217	-0.0102269	-0.011661	-0.0149174	-0.0183585	-0.0206764	-0.0180413	-0.0156855	-0.0132506	-0.0121696	-0.00972416	-0.00746098	-0.00533284	-0.00456416	-0.00166379	0.00129521	0.00510082	
-0.00396667	-0.00104836	-0.000795722	-0.00245175	-0.00604753	-0.00974352	-0.0101439	-0.009289	-0.0082045	-0.00864998	-0.0104001	-0.0138831	-0.0172966	-0.0192568	-0.0173885	-0.0144487	-0.011844	-0.0104608	-0.00939552	-0.00677174	-0.00637431	-0.00478855	-0.00349877	-0.0006127	0.00289119	
9.07219e-05	0.0028498	0.00296452	0.00136185	-0.00227955	-0.00588914	-0.00667255	-0.00674415	-0.00562045	-0.00585202	-0.00803745	-0.011764	-0.0149033	-0.0160339	-0.0150624	-0.0118479	-0.0103347	-0.00793762	-0.00733613	-0.0058628	-0.00606073	-0.00468368	-0.0031735	-0.000747922	0.00253671	
0.00500806	0.00787537	0.0081783	0.00651451	0.00269402	-0.00102463	-0.00230218	-0.00225035	-0.00187153	-0.00166287	-0.00381467	-0.00715387	-0.0108755	-0.0115242	-0.0102034	-0.00797852	-0.00666966	-0.00454085	-0.00373174	-0.00321521	-0.00355324	-0.0029707	-0.00119791	0.00076873	0.00430772	
0.0091697	0.012823	0.0129865	0.011709	0.00723666	0.0030324	0.00174716	0.0013129	0.00158595	0.00182917	0.000387524	-0.00289664	-0.00621956	-0.00782492	-0.00644618	-0.00411789	-0.00316663	-0.00177997	-0.000673622	-0.000465589	-0.000772751	-0.00042666	0.00110114	0.00288725	0.00619006	
0.0132098	0.0163466	0.016687	0.0153186	0.0108075	0.00587243	0.00510658	0.00365624	0.00396261	0.00408599	0.00286076	-0.000487121	-0.00312831	-0.00526958	-0.00352228	-0.00178714	-0.000147211	0.00041884	0.000864216	0.00181643	0.00124653	0.00162391	0.00328711	0.0044802	0.0083466	
0.0135261	0.0168157	0.0164907	0.014584	0.00979125	0.00572028	0.0038167	0.00194899	0.00297644	0.00327345	0.00128344	-0.000739905	-0.0035782	-0.00532812	-0.00408688	-0.00116288	-0.000933328	0.000275805	0.000706497	0.00184032	0.00120857	0.00233981	0.00309356	0.00509363	0.00886983	
0.0121893	0.0154953	0.0146669	0.0123378	0.00760358	0.00255195	0.000795864	-0.000555579	0.000154639	0.000667581	-0.000593929	-0.00304478	-0.00553113	-0.00741131	-0.00561677	-0.00398121	-0.00230566	-0.00190444	-0.00111152	0.000506679	-8.95168e-05	0.000599047	0.00212056	0.00325513	0.00805348	
0.00770975	0.0109555	0.00970612	0.00737264	0.00172154	-0.00327753	-0.00522247	-0.00638063	-0.00533046	-0.00519151	-0.00623726	-0.00752105	-0.00995461	-0.0119266	-0.010465	-0.00791616	-0.00751782	-0.00610248	-0.0054151	-0.00428394	-0.00438024	-0.00255967	-0.00157356	0.000372076	0.0049554	
0.00347217	0.00583775	0.00538307	0.00213919	-0.00342442	-0.00966553	-0.0111835	-0.0125635	-0.0117139	-0.0112883	-0.011194	-0.0128397	-0.0144463	-0.0163885	-0.0150016	-0.0131716	-0.011622	-0.010681	-0.0100789	-0.00853911	-0.00863089	-0.00699085	-0.00474707	-0.00382305	0.00202683	
0.00227968	0.00511099	0.00343804	0.000413828	-0.00534916	-0.0112215	-0.0139568	-0.0143564	-0.0133179	-0.0120679	-0.0126953	-0.013636	-0.015619	-0.0171189	-0.0159058	-0.0134024	-0.0127555	-0.0109954	-0.0104392	-0.00965194	-0.00918498	-0.00749258	-0.00643988	-0.00388993	0.00183514	
0.00196066	0.00372644	0.00159345	-0.000861648	-0.00652185	-0.012585	-0.0144489	-0.0153333	-0.0141788	-0.012389	-0.0121987	-0.0139392	-0.0142559	-0.0161734	-0.0149668	-0.0130563	-0.0115328	-0.0104833	-0.0101171	-0.00895008	-0.0084524	-0.00750326	-0.00544769	-0.00361954	0.00271625	
0.00225172	0.00393041	0.00258985	-0.000172649	-0.00552238	-0.0117558	-0.0133746	-0.0141261	-0.0124935	-0.0110005	-0.0102571	-0.0109017	-0.0116073	-0.0139894	-0.0128486	-0.0111133	-0.00966645	-0.0083878	-0.00820952	-0.00708871	-0.00656973	-0.00540905	-0.00376553	-0.00144656	0.00408606	
0.00208734	0.00369997	0.00261422	8.6411e-05	-0.00548053	-0.0113671	-0.0122023	-0.0124931	-0.0111391	-0.00829848	-0.00740016	-0.00808947	-0.00865736	-0.0111007	-0.010307	-0.00826733	-0.00696661	-0.00608294	-0.0053453	-0.00410191	-0.0045505	-0.00301091	-0.00115925	0.00103718	0.00662646	
9.07448e-05	0.00199208	0.000248816	-0.00145474	-0.00678738	-0.0115644	-0.0131346	-0.0127298	-0.0107787	-0.00764096	-0.00650199	-0.00686443	-0.0074889	-0.00960113	-0.00827693	-0.00647972	-0.00566645	-0.00389818	-0.00326373	-0.00198012	-0.00262548	-0.00144163	0.000558004	0.00315354	0.00848466	
-0.0035521	-0.00160909	-0.00204522	-0.00423847	-0.00838742	-0.0134214	-0.0141628	-0.014643	-0.011555	-0.00853647	-0.00718187	-0.00776703	-0.00807899	-0.00996951	-0.00903331	-0.00741074	-0.00551589	-0.00472574	-0.00371668	-0.00283578	-0.00328954	-0.00270455	-0.000318675	0.00189007	0.00752303	
-0.0070482	-0.00434095	-0.004914	-0.00676445	-0.010892	-0.0150721	-0.0161595	-0.0149948	-0.0123577	-0.00931545	-0.00800244	-0.00831379	-0.00881072	-0.0108349	-0.0103545	-0.00780748	-0.00680612	-0.00600939	-0.00551257	-0.00405904	-0.00427133	-0.00302445	-0.00142254	0.00133638	0.00740709	
-0.00884775	-0.00649511	-0.0064858	-0.00849832	-0.0127807	-0.016927	-0.0176051	-0.0167866	-0.0145929	-0.0117138	-0.0100853	-0.0102508	-0.0110885	-0.0130597	-0.0115076	-0.00952949	-0.00875834	-0.00848904	-0.00783837	-0.00616583	-0.00542446	-0.005126	-0.00325529	-4.30481e-05	0.00562588	
-0.00758084	-0.00483527	-0.00521145	-0.00655764	-0.011167	-0.0152967	-0.0160727	-0.0151527	-0.0130496	-0.0107276	-0.00872331	-0.00929402	-0.010613	-0.0116904	-0.0104958	-0.00849824	-0.00859744	-0.00767783	-0.00683943	-0.00524102	-0.00460281	-0.00396101	-0.00163291	0.00161438	0.00685719	
-0.0051923	-0.00291958	-0.00197456	-0.00454546	-0.00818283	-0.0130207	-0.0131503	-0.0128564	-0.0109209	-0.00837188	-0.00690088	-0.00775158	-0.00805829	-0.00974613	-0.00861643	-0.00809114	-0.00676685	-0.00648008	-0.00551039	-0.00410922	-0.00372693	-0.00259128	-0.000147266	0.00267458	0.00721593	
-0.0040352	-0.000980524	-0.00138399	-0.00250705	-0.0073991	-0.0110465	-0.012065	-0.0110075	-0.00933085	-0.0068699	-0.00599798	-0.00602104	-0.00717846	-0.00909105	-0.00892163	-0.0070238	-0.00688424	-0.00532309	-0.0053441	-0.00370952	-0.0028309	-0.00170831	-0.000343129	0.003223	0.00682108	
-0.00264932	-0.000275591	2.022e-06	-0.00188302	-0.00566468	-0.00987475	-0.0100292	-0.00974414	-0.00804805	-0.00599782	-0.0042201	-0.00531515	-0.00657613	-0.00914991	-0.00836383	-0.00704949	-0.00556221	-0.00567505	-0.0051598	-0.0024346	-0.00195226	-0.00186555	0.000982222	0.00315853	0.00710248	
-0.00149791	0.000188891	0.000391486	-0.00116571	-0.00504731	-0.00936347	-0.00944398	-0.00928666	-0.00785753	-0.00541149	-0.00382162	-0.00445244	-0.00615763	-0.00850285	-0.00752479	-0.00610391	-0.0056086	-0.00518967	-0.00356964	-0.00154292	-0.00112795	-0.000205752	0.00137101	0.00417154	0.00771331	
-0.00112565	0.00130605	0.00162086	0.000498505	-0.00394066	-0.00786172	-0.00881054	-0.00825454	-0.00678424	-0.00430521	-0.00264569	-0.00358923	-0.00465576	-0.00669776	-0.00582251	-0.00461958	-0.00396081	-0.0024661	-0.0014473	0.000828989	0.000820164	0.00129056	0.00345024	0.00523705	0.00848756	
-0.00137541	0.000727905	0.00101787	-0.000109726	-0.00411229	-0.00794254	-0.00834701	-0.00791733	-0.00635021	-0.00483998	-0.00330486	-0.00406715	-0.00490865	-0.00594713	-0.00505689	-0.00402136	-0.0029464	-0.00189179	-0.00095996	0.000810161	0.00116119	0.00114622	0.003055	0.00457616	0.00752781	
-0.000887656	0.00106734	0.00203166	0.000523646	-0.00239661	-0.0064234	-0.00681872	-0.00710731	-0.00531769	-0.00336291	-0.00195899	-0.00324932	-0.00349813	-0.00552659	-0.00437043	-0.00279957	-0.00175644	-0.00176019	-6.02241e-05	0.0012323	0.00107956	0.00113023	0.00274196	0.00361662	0.00657617	
0.000923069	0.00298167	0.00287979	0.00211935	-0.00136961	-0.00421557	-0.00586988	-0.00510188	-0.00365902	-0.0013775	0.000267242	-0.000629367	-0.0016649	-0.00349683	-0.00190248	-0.000161835	-0.000180876	0.00132766	0.0017254	0.00360303	0.00317184	0.00274497	0.00404988	0.00509967	0.00711274	
0.00308773	0.00454951	0.00508436	0.00343738	0.000844414	-0.00310565	-0.00307767	-0.00296109	-0.00104246	0.00116469	0.00319123	0.00189433	0.00151441	0.000132224	0.00175556	0.00292423	0.00365333	0.00376781	0.0047457	0.00571402	0.00496546	0.00388892	0.00533822	0.00596287	0.0077609	
0.00672422	0.00873121	0.00910523	0.0083679	0.00549133	0.00280685	0.00279136	0.00364291	0.00492314	0.00731843	0.00908042	0.00814558	0.00814265	0.00638791	0.00753527	0.00788942	0.00763975	0.00803127	0.00850817	0.00924984	0.00817889	0.00711464	0.00762659	0.00807843	0.0104753	
