-0.00940285	-0.00485915	-0.0010978	0.00276755	0.00560644	0.00571528	0.00512974	0.0036071	0.00147347	-0.00118293	-0.00260002	-0.00401842	-0.00404967	-0.00262837	-0.00172054	-0.00180144	-0.00092716	-0.000705254	-0.000868848	-0.000972194	-0.00154856	-0.00208467	-0.00224886	-0.00249882	-0.00261503	
-0.00822789	-0.00429339	-0.000734302	0.00389747	0.00645858	0.0066148	0.00684048	0.00495813	0.00271215	0.000816504	-0.00112795	-0.00259359	-0.0026741	-0.00107371	-0.000692999	-0.000618762	0.000620005	0.000439747	0.000428444	0.000295376	-0.000363395	-0.00112179	-0.00123753	-0.00175385	-0.0019143	
-0.00879619	-0.00419662	-0.0010417	0.00356856	0.00687237	0.00703269	0.00696752	0.00526992	0.00308275	0.000946257	-0.00127646	-0.0025971	-0.00305151	-0.00164046	-0.00114856	-0.000921687	-0.000165373	0.000240158	0.000304138	0.000119549	-0.000488854	-0.000741349	-0.000847745	-0.00151699	-0.00115228	
-0.00945046	-0.00482302	-0.00165556	0.00317342	0.00650658	0.00703411	0.00711919	0.00568959	0.00364689	0.00160241	-0.000636105	-0.00197505	-0.00243309	-0.00105421	-0.000159818	-0.000589757	0.000906107	0.00107505	0.00113572	0.00115811	0.000448447	0.000134418	-0.000180719	-0.000700977	-0.000749957	
-0.0106833	-0.00623302	-0.00285815	0.00213499	0.00564381	0.00667317	0.00656816	0.00531762	0.00323253	0.00101571	-0.00113504	-0.00265539	-0.00315036	-0.00168519	-0.00136618	-0.000999745	-0.000176253	0.000488354	0.000730749	0.000665706	-9.30194e-05	3.35547e-05	-0.000311608	-0.000750764	-0.00078853	
-0.0113122	-0.00696569	-0.00359494	0.0015478	0.00548622	0.00649584	0.00672285	0.00550151	0.00345677	0.00140441	-0.00133962	-0.00252719	-0.00339509	-0.00220777	-0.00136699	-0.00150112	-0.000177763	0.000253988	0.000824627	0.000342038	0.000468868	0.000158989	9.05366e-05	-0.000585015	-0.000599461	
-0.0120501	-0.00748476	-0.00417153	0.000947846	0.00513121	0.00616155	0.0065692	0.00532441	0.0034937	0.00102413	-0.0015491	-0.00329243	-0.00385417	-0.00307793	-0.00227179	-0.00211028	-0.000981756	-0.000109306	0.000184963	0.000570417	-0.000384312	0.000263153	-0.000427619	-0.00112786	-0.000504355	
-0.0127547	-0.00845063	-0.00482496	8.2499e-05	0.00446226	0.00581822	0.0060351	0.00516017	0.00340379	0.000689767	-0.00208452	-0.00392312	-0.00484742	-0.00394078	-0.00339465	-0.00304659	-0.00207165	-0.000979633	-0.000374735	-0.000891437	-0.000399979	-0.00103029	-0.000957683	-0.00190984	-0.00155865	
-0.012983	-0.00814199	-0.00515236	0.000690803	0.00466265	0.00657399	0.0066469	0.00596839	0.00412712	0.00148188	-0.00166034	-0.00359441	-0.00436974	-0.00390451	-0.00332629	-0.00313824	-0.00210617	-0.000868369	-0.000621247	-0.000347558	-0.00103986	-0.000548627	-0.00145988	-0.00179789	-0.00216238	
-0.0118436	-0.00755067	-0.00401001	0.0013072	0.00584396	0.00731789	0.00809703	0.00702453	0.00535195	0.00265808	-0.000890625	-0.00275645	-0.00381731	-0.00325564	-0.00283309	-0.00253009	-0.00125018	-0.000384382	0.000737298	0.000194285	0.0002328	0.000522769	-0.000216481	-0.00123738	-0.000698808	
-0.0118769	-0.00715586	-0.00355355	0.00151588	0.0064299	0.00827437	0.00882351	0.00830391	0.0066274	0.00380993	0.000431442	-0.00177165	-0.00262142	-0.00257483	-0.00201907	-0.00180052	-0.000797964	0.000568441	0.00116512	0.000854803	0.000740507	0.000834413	8.05419e-05	-0.000812873	-0.000560374	
-0.0109634	-0.00668795	-0.00286902	0.00234094	0.00698655	0.0091356	0.00958856	0.00907049	0.00732369	0.0043388	0.00100764	-0.00138843	-0.00206395	-0.00217663	-0.00143997	-0.00136733	0.00023634	0.00166525	0.00230862	0.0023932	0.00226299	0.0024227	0.00192995	0.00057012	0.00123912	
-0.0116655	-0.00688569	-0.00355808	0.00209986	0.00666434	0.00877255	0.00963416	0.0089437	0.00743659	0.00447248	0.000828405	-0.00119748	-0.00230318	-0.00216335	-0.0021314	-0.000945069	-0.000352621	0.00142004	0.00239988	0.00198487	0.00215934	0.00264299	0.00136757	0.000876995	0.00101455	
-0.0118141	-0.00751213	-0.00389696	0.0017159	0.00621659	0.00858722	0.00939804	0.00891351	0.00714645	0.00458519	0.000698382	-0.00154308	-0.00232316	-0.00269597	-0.00171246	-0.00171728	0.000184301	0.00140811	0.0025251	0.00253154	0.00254357	0.00282196	0.00174593	0.000872765	0.00121256	
-0.0122815	-0.00725161	-0.00373486	0.00158793	0.00665469	0.00884935	0.00950592	0.00913208	0.00771028	0.00457027	0.000560652	-0.0013135	-0.00294783	-0.0025684	-0.00248471	-0.00183913	-0.000789529	0.0013914	0.00188892	0.00226198	0.00210406	0.00220526	0.00136274	0.000325728	0.000695337	
-0.0104878	-0.00622385	-0.0025921	0.00332361	0.00764368	0.00995149	0.0112195	0.0103641	0.00877879	0.00606344	0.00169271	-0.000600689	-0.00152091	-0.00203049	-0.00159272	-0.00135498	0.000632105	0.00170728	0.00307216	0.00293023	0.00281227	0.00289037	0.0021221	0.000937563	0.000936311	
-0.00979608	-0.00493365	-0.00139389	0.00405953	0.00868774	0.0110895	0.0122003	0.0116851	0.0099931	0.0073292	0.00264458	0.000678574	-0.000958819	-0.00100749	-0.00117544	-0.000319556	0.000817896	0.00266916	0.00328088	0.0034896	0.00335286	0.00328955	0.00224594	0.00113496	0.00130824	
-0.00956277	-0.00465795	-0.00105314	0.00437597	0.00889768	0.0117793	0.0127273	0.0125104	0.0109872	0.00814663	0.00345318	0.00157003	-0.000262697	-0.000621588	-0.000391606	-0.000115852	0.00182305	0.00288303	0.00390286	0.00404946	0.00350367	0.00398465	0.00240032	0.00153349	0.00139557	
-0.00881758	-0.00434618	-0.000521605	0.00484516	0.00922796	0.0120051	0.0134496	0.0132167	0.0113177	0.00886156	0.004162	0.00213496	0.000417112	0.000304155	6.79613e-05	0.00089295	0.00265344	0.0041363	0.00473817	0.00531198	0.00510572	0.0047638	0.00407143	0.00271482	0.00294237	
-0.00910019	-0.00431558	-0.000907822	0.00457707	0.00884831	0.0120876	0.0136266	0.0132291	0.0119148	0.00921213	0.00449746	0.00279289	0.000896681	0.000615531	0.00082679	0.00153741	0.00308934	0.00485342	0.00581103	0.00579897	0.00591597	0.00589584	0.00451694	0.00379295	0.00346624	
-0.00954917	-0.00498844	-0.00159418	0.00404153	0.00844053	0.0113832	0.0133395	0.0131047	0.0114132	0.00951284	0.00422128	0.00268819	0.000835663	0.000593341	0.000574183	0.00121279	0.0032526	0.00467239	0.0056491	0.00608354	0.0058531	0.0058563	0.00488226	0.00395978	0.00394051	
-0.00979295	-0.00545518	-0.00134457	0.00356776	0.00816846	0.0115443	0.0130645	0.0132909	0.0119988	0.00910758	0.0048824	0.00296235	0.000974397	0.000774267	0.000504339	0.00136085	0.00318538	0.00493426	0.00577991	0.00624113	0.00584342	0.00605846	0.00484792	0.00416065	0.00374586	
-0.00967468	-0.00533129	-0.0014273	0.00344665	0.00799313	0.0115154	0.0132212	0.0136011	0.0117507	0.0096123	0.00454752	0.00295511	0.000831844	5.70581e-05	0.00011105	0.000717771	0.00268699	0.00410748	0.00504612	0.00546344	0.00535927	0.00501142	0.00443472	0.00311055	0.00319492	
-0.009886	-0.00604742	-0.00224011	0.0030316	0.0072181	0.0108057	0.0127415	0.0126363	0.0113552	0.00853119	0.00409298	0.00172411	3.85999e-05	-0.000976513	-0.00154452	-0.000160952	0.000999226	0.00269795	0.0036415	0.00424008	0.00375557	0.00412266	0.00259395	0.00218537	0.0018155	
-0.0117235	-0.00808588	-0.00387668	0.000730161	0.00527144	0.00872688	0.0107962	0.0111773	0.00987736	0.00726229	0.00244157	0.000749575	-0.0014516	-0.00264386	-0.00277924	-0.00194333	-0.000617071	0.000784331	0.00210643	0.00161649	0.00248815	0.00175062	0.000777292	0.000124214	-0.000242269	
-0.0139262	-0.0102337	-0.00600599	-0.00165866	0.00282817	0.00671461	0.00865532	0.00912842	0.00756632	0.00496016	0.000694657	-0.00161597	-0.00330124	-0.00472664	-0.00496572	-0.00408528	-0.00268718	-0.000979472	-0.000222336	0.000637202	-9.43446e-05	0.000436966	-0.000796031	-0.00137942	-0.00173832	
-0.0150109	-0.0121573	-0.00786802	-0.00376591	0.000774589	0.00492444	0.00680239	0.0071392	0.00628652	0.00324179	-0.00062054	-0.00287426	-0.00482031	-0.00610935	-0.00637897	-0.00562519	-0.00427402	-0.00251809	-0.00132627	-0.00149478	-0.000800164	-0.00112862	-0.00194263	-0.00230536	-0.00285643	
-0.0169045	-0.0142529	-0.0100278	-0.00596616	-0.00136029	0.00237349	0.00436661	0.00512705	0.00365938	0.00127729	-0.00268943	-0.00507425	-0.00647545	-0.00841511	-0.00858339	-0.00734827	-0.00643595	-0.00432054	-0.00354805	-0.00312551	-0.002801	-0.00301568	-0.00350871	-0.00409414	-0.00411098	
-0.0181034	-0.0158926	-0.0115173	-0.00741485	-0.00345545	0.000881433	0.00300298	0.0035624	0.00285409	-0.000302279	-0.00310719	-0.00572003	-0.00752898	-0.00938376	-0.00947422	-0.00853652	-0.00731116	-0.00588515	-0.00471294	-0.00465116	-0.00428832	-0.00396713	-0.00530314	-0.0051387	-0.00570343	
-0.0181685	-0.0159155	-0.0114382	-0.00837165	-0.0037286	0.000109523	0.00223582	0.00298275	0.00165274	-0.000817731	-0.0039709	-0.00653624	-0.00828466	-0.0102272	-0.0107411	-0.00910861	-0.00857531	-0.00685216	-0.00574792	-0.00564865	-0.00492485	-0.00514777	-0.00550319	-0.00595098	-0.00609001	
-0.0178119	-0.0159113	-0.0117836	-0.00840518	-0.00425918	2.7144e-05	0.00191308	0.00284216	0.00203516	-0.000926996	-0.00357506	-0.00637356	-0.00781887	-0.0103614	-0.0102265	-0.00952282	-0.00853179	-0.00717119	-0.00623597	-0.00606758	-0.00604776	-0.00580311	-0.00691095	-0.00708396	-0.00757429	
-0.0171012	-0.0154686	-0.0115421	-0.00835177	-0.00423901	-0.000430974	0.00183647	0.00265456	0.00188266	-0.000883737	-0.00369982	-0.00614947	-0.00806409	-0.0103443	-0.0108161	-0.00956935	-0.00931057	-0.00761157	-0.0067362	-0.00679256	-0.00624335	-0.00673622	-0.00711246	-0.00714382	-0.00791298	
-0.0160325	-0.014697	-0.0106898	-0.00792027	-0.00405875	3.46799e-05	0.00201657	0.00303061	0.00201815	-0.000538993	-0.00280187	-0.00581362	-0.0073282	-0.00987627	-0.0102507	-0.00933012	-0.00862097	-0.00712024	-0.0062581	-0.00600883	-0.00585012	-0.00588885	-0.00613589	-0.00625291	-0.00680751	
-0.0154306	-0.0139956	-0.010472	-0.00775812	-0.00388901	0.000156279	0.00220636	0.00306272	0.00253538	-0.000111305	-0.00216898	-0.00473334	-0.00667407	-0.00881745	-0.00935439	-0.00853004	-0.00762674	-0.00645623	-0.00548974	-0.00530091	-0.00498275	-0.00515569	-0.00539491	-0.00511854	-0.00588087	
-0.0139688	-0.0129668	-0.00928656	-0.00674939	-0.00305691	0.0007438	0.0030795	0.00406907	0.00325054	0.00115943	-0.000592454	-0.00330555	-0.00481552	-0.00696765	-0.0075918	-0.00624058	-0.00566692	-0.004515	-0.0036089	-0.00295456	-0.00285088	-0.00288853	-0.00267306	-0.00255913	-0.00321293	
-0.0118909	-0.0108383	-0.00741808	-0.0047042	-0.00145228	0.00260145	0.00510402	0.00610471	0.00550007	0.00364072	0.00231976	0.000110332	-0.00185701	-0.00378593	-0.00386979	-0.00320475	-0.00228047	-0.00129058	-0.000469199	-1.80056e-05	0.000476535	0.00029712	0.00061644	0.000777437	0.000142412	
-0.00977014	-0.00879773	-0.00538406	-0.00301513	0.000381624	0.00418859	0.0070007	0.00781611	0.00742004	0.0057402	0.00483569	0.00251458	0.000864127	-0.00100187	-0.00142445	-0.00032809	0.000493484	0.00122775	0.0020597	0.00280554	0.00284827	0.0027663	0.00352279	0.00363288	0.00243128	
-0.0079458	-0.00717222	-0.00421484	-0.00152993	0.00130624	0.00526614	0.00802629	0.00932274	0.0086999	0.00730904	0.00658227	0.00456741	0.00255184	0.00120856	0.000704339	0.00145023	0.00237566	0.00299398	0.00363653	0.00438549	0.00470768	0.00456345	0.00509883	0.00531504	0.00499575	
-0.00797901	-0.00748314	-0.00445865	-0.00238269	0.000797679	0.00418798	0.00731917	0.00842744	0.00811865	0.00664975	0.00651421	0.00441247	0.002674	0.00112504	0.000819283	0.00141348	0.00248386	0.00283032	0.0035454	0.0044038	0.00480822	0.00445885	0.00540333	0.00587637	0.00507827	
-0.00950066	-0.00907285	-0.00659116	-0.00388799	-0.00158007	0.00211993	0.00535643	0.00654297	0.00609262	0.00545323	0.0051994	0.00333466	0.0015482	0.000331497	-0.000283109	0.000442293	0.00167455	0.00185549	0.00222712	0.00314943	0.00345494	0.00336337	0.0040178	0.00441265	0.00386854	
-0.0105477	-0.0102614	-0.00781869	-0.00586447	-0.003107	0.000125479	0.00334194	0.00467562	0.00461419	0.00388608	0.00401756	0.00226193	0.000632958	-0.000639504	-0.00115392	-0.00034627	0.000578196	0.000853435	0.00107401	0.00198642	0.00248677	0.00203476	0.0031904	0.00352247	0.00286275	
-0.0114206	-0.0113603	-0.00946926	-0.00719293	-0.00501061	-0.00188835	0.00155577	0.00293292	0.00299245	0.00240619	0.00264149	0.00107517	-0.000435583	-0.00174513	-0.00181817	-0.00156104	-0.000336033	-0.000671639	7.3883e-05	0.00089893	0.000994316	0.000754646	0.00182154	0.00206803	0.0012909	
-0.0126647	-0.012764	-0.0111816	-0.00900717	-0.0071546	-0.00414804	-0.000685242	0.00109221	0.000773684	0.000655825	0.00108812	-0.000462558	-0.00234556	-0.00289497	-0.00364776	-0.00302339	-0.00252946	-0.00210584	-0.00202275	-0.00117181	-0.00116599	-0.0013909	-0.000586626	-0.00048103	-0.00082285	
-0.0124031	-0.0129506	-0.0114706	-0.0100353	-0.00810089	-0.00543149	-0.00205866	-0.000631291	-0.000202376	-0.000469538	0.000212402	-0.00152089	-0.0029712	-0.00415716	-0.0043132	-0.00447218	-0.00341596	-0.00374544	-0.00328933	-0.00272373	-0.00235003	-0.00283464	-0.0017684	-0.00144433	-0.00224296	
-0.0116073	-0.0120307	-0.0116371	-0.00940146	-0.00816762	-0.00552487	-0.00250179	-0.000876954	-0.000785223	-0.000282675	-0.000129823	-0.00132834	-0.00317367	-0.00372567	-0.00453135	-0.00430457	-0.00367518	-0.00389128	-0.00383904	-0.0027184	-0.00257483	-0.00295415	-0.00241363	-0.00198898	-0.002247	
-0.0107786	-0.0116812	-0.0108864	-0.00960278	-0.00757301	-0.00533905	-0.00248552	-0.000675398	-1.3956e-05	5.71289e-05	0.00100087	-0.00045791	-0.00206276	-0.00300854	-0.00385352	-0.00378212	-0.0037143	-0.00406941	-0.00416597	-0.00335172	-0.00319132	-0.00385765	-0.00314049	-0.00282599	-0.00368413	
-0.00739175	-0.00832741	-0.00873109	-0.0065896	-0.0055254	-0.00334328	-0.000373393	0.00126244	0.00184238	0.00279335	0.00303987	0.00243621	0.000591403	-0.000398652	-0.000883131	-0.00157912	-0.000997084	-0.00170082	-0.00140717	-0.00102626	-0.00085851	-0.00105422	-0.000779298	-0.000787188	-0.0010794	
-0.00580299	-0.00686485	-0.00676656	-0.00562653	-0.0041037	-0.00221001	0.000316273	0.00235483	0.00325989	0.00412722	0.00493843	0.00398136	0.00227348	0.00167579	0.000297053	0.000298464	-0.000318192	-0.000326912	-0.000886835	-0.000402831	-0.000458903	-0.000504989	-0.000179649	-0.00022903	-0.000939121	
-0.00489967	-0.00584854	-0.00655603	-0.00491963	-0.00386839	-0.0020702	0.000568324	0.00228141	0.00349606	0.00475399	0.00488736	0.00457168	0.00296292	0.00203726	0.0014909	0.000299116	0.000327734	-0.000556724	-0.000442683	-0.00033405	-0.000211109	-9.91417e-05	5.4862e-05	-0.000266762	-0.000889979	
-0.00398505	-0.00512292	-0.00602877	-0.00503068	-0.00384313	-0.00239488	4.42452e-05	0.00209573	0.00332343	0.00481586	0.00512705	0.00491227	0.00340592	0.00276393	0.0016773	0.000899762	0.00018146	-0.00012341	-0.000383998	-9.16239e-05	-7.46122e-05	0.000196365	0.000482858	0.000171264	-0.000387148	
