0.0127672	0.0101633	0.00890609	0.0081302	0.00750688	0.00673063	0.00626104	0.00572454	0.00514233	0.0045954	0.00405134	0.00341291	0.00208734	0.00141825	0.000613706	-0.000320052	-0.000741542	-0.00206145	-0.00292381	-0.00412653	-0.00566878	-0.00647125	-0.00785355	-0.00845126	-0.00933001	
0.0128816	0.0117097	0.0104264	0.00987248	0.0090721	0.00845238	0.00784951	0.00744021	0.00681838	0.00622592	0.00574221	0.00495869	0.00386745	0.00294602	0.0022195	0.00126622	0.000738128	-0.000574711	-0.00154169	-0.00277134	-0.00432135	-0.00523057	-0.00664658	-0.00737879	-0.00829588	
0.0101557	0.00947312	0.00878306	0.00831392	0.00767189	0.00734086	0.00662065	0.00663244	0.00630249	0.00604576	0.00563633	0.00455595	0.00465049	0.00355571	0.00314191	0.00228028	0.00145898	0.00100092	-0.000314956	-0.00117547	-0.0025013	-0.00377191	-0.00434568	-0.00568061	-0.00633458	
0.00711995	0.00675193	0.00592692	0.00584096	0.00521869	0.00475557	0.00484934	0.00421182	0.00409778	0.00389867	0.0036864	0.0033827	0.00252579	0.00227525	0.00188305	0.00138823	0.00101711	-0.00012119	-0.00043793	-0.00136385	-0.00212906	-0.00273499	-0.00364867	-0.00389035	-0.00442291	
0.00280844	0.00237296	0.00193899	0.00236523	0.00167645	0.00179686	0.00147681	0.00178308	0.00165391	0.00188819	0.00166216	0.00134281	0.00136429	0.000946804	0.00105854	0.000612508	0.000528705	-0.000109933	-0.000327385	-0.00109385	-0.00148455	-0.00218175	-0.00246546	-0.00279891	-0.00286602	
-0.00329849	-0.00302129	-0.003877	-0.0027935	-0.00348242	-0.00304848	-0.00301899	-0.00273346	-0.00206941	-0.0018567	-0.00134067	-0.00182004	-0.000728332	-0.0011462	-0.000361758	-0.000432664	-0.000359704	-0.000226589	-0.000372748	-0.000356204	-0.00079545	-0.000983873	-0.00113135	-0.000962706	-0.000945959	
-0.00831847	-0.00887057	-0.00829428	-0.00801151	-0.00757833	-0.00760217	-0.00679618	-0.00648971	-0.00614204	-0.00503269	-0.00489456	-0.00417776	-0.00400481	-0.00341498	-0.00269762	-0.00218279	-0.00175274	-0.0016619	-0.00100624	-0.000919933	-0.000516614	-0.000389645	-0.000360002	0.000211356	0.000595598	
-0.0115615	-0.011337	-0.0121616	-0.0101487	-0.0108414	-0.0102349	-0.0100225	-0.00944474	-0.00852523	-0.00792994	-0.00713821	-0.00727361	-0.0057454	-0.00573673	-0.00441725	-0.00417941	-0.00355576	-0.003017	-0.00250574	-0.00190496	-0.00148258	-0.000886919	-0.000547621	0.000491252	0.00119452	
-0.0127129	-0.0128878	-0.0126729	-0.0116461	-0.0119325	-0.0113216	-0.0108884	-0.0103085	-0.00975063	-0.00854238	-0.00810405	-0.0078418	-0.00653404	-0.00624903	-0.00481735	-0.00441378	-0.00362383	-0.00310262	-0.00233255	-0.00158182	-0.0010701	-0.000503746	-1.93551e-05	0.000941201	0.001662	
-0.0123595	-0.0120866	-0.0124097	-0.0105864	-0.0108835	-0.0106254	-0.00988694	-0.00982412	-0.00875297	-0.00796154	-0.00752688	-0.00727729	-0.00625859	-0.00555694	-0.00439756	-0.00394897	-0.00303363	-0.0027127	-0.00172422	-0.00123724	-0.000528838	0.000189722	0.000355027	0.00150714	0.0020031	
-0.00980524	-0.0104077	-0.0102365	-0.0087183	-0.00914567	-0.00874951	-0.00848675	-0.00778687	-0.00751136	-0.0066632	-0.00637551	-0.0064408	-0.00500186	-0.00484965	-0.00349782	-0.0029861	-0.00246123	-0.00178654	-0.0011902	-0.000585923	0.000396105	0.000258175	0.001351	0.00161468	0.00260452	
-0.005593	-0.00538044	-0.00659979	-0.00425825	-0.00548299	-0.00501295	-0.00473645	-0.00516692	-0.00429264	-0.00434775	-0.00391782	-0.00451369	-0.00337891	-0.00357263	-0.00235235	-0.00242685	-0.00161435	-0.00170189	-0.000993304	-0.000401222	-0.000237772	0.000625619	0.000539917	0.00202711	0.00232516	
-0.00154594	-0.00247107	-0.00214568	-0.00106676	-0.00138175	-0.00140228	-0.00132193	-0.0012703	-0.00123538	-0.000348031	-0.000876381	-0.00109481	-0.000687258	-0.000534748	0.00021681	0.000235574	0.000653821	0.000607424	0.00125885	0.00120305	0.00183348	0.00161024	0.0020524	0.0023153	0.00277209	
0.00135874	0.00140909	0.000166155	0.00258136	0.00129493	0.00141534	0.00148006	0.00127837	0.00187101	0.0016727	0.00190556	0.000817342	0.00195579	0.00119806	0.00242812	0.00217999	0.00239269	0.0023314	0.00241946	0.00300666	0.00297346	0.00303452	0.00277609	0.00333767	0.00342682	
0.00465996	0.00374437	0.00399123	0.00505589	0.00446141	0.00452104	0.00440948	0.00418727	0.00420089	0.00459719	0.00366543	0.00298574	0.00317538	0.00301081	0.00339062	0.00300948	0.0030927	0.00262821	0.00301788	0.00294839	0.00329992	0.00300899	0.00308424	0.00325678	0.00335793	
0.00627304	0.0058497	0.00478903	0.00694341	0.00562639	0.00590712	0.00564029	0.00511085	0.00538414	0.00512436	0.00481933	0.00345426	0.0040801	0.00328195	0.00411037	0.00333711	0.00350288	0.00296036	0.0030161	0.00311817	0.00295361	0.00317836	0.00273295	0.00343522	0.00341414	
0.00599226	0.00508483	0.00481117	0.00629161	0.00562166	0.00550693	0.00554231	0.00569278	0.00536816	0.00584347	0.00506031	0.00447913	0.00478639	0.00409144	0.00486438	0.00443445	0.00457937	0.00410163	0.00416293	0.00408716	0.00430041	0.00351693	0.00356633	0.00360719	0.00400571	
0.00593054	0.00561297	0.00473475	0.00698389	0.00598448	0.00631345	0.00608428	0.00555544	0.006122	0.00608737	0.00540818	0.0040803	0.00440504	0.00392597	0.00431962	0.00350963	0.00378571	0.00316209	0.00339338	0.00336317	0.00309883	0.00317694	0.00262262	0.00339081	0.00338638	
0.00475603	0.00386847	0.00355674	0.0053923	0.00457149	0.00461928	0.00464148	0.00479813	0.0048556	0.00504784	0.00473519	0.0036659	0.00420267	0.00359437	0.00419939	0.00397988	0.00359074	0.00336652	0.00321408	0.00332648	0.00338233	0.00275738	0.0028358	0.00263217	0.0030155	
0.00395545	0.00323655	0.00251899	0.00455155	0.00388841	0.00379089	0.00372688	0.00362309	0.00402167	0.00407689	0.00345508	0.00244549	0.00289001	0.0022275	0.00315636	0.00239778	0.00266859	0.00190668	0.00209185	0.00234594	0.00209524	0.0021741	0.00143509	0.00222748	0.00245557	
0.00241301	0.00153177	0.00131633	0.00288855	0.00251455	0.0026204	0.00233281	0.0025123	0.00258138	0.0033647	0.0023795	0.00163047	0.00182538	0.00176023	0.002234	0.00179354	0.0018572	0.00142589	0.00180363	0.00152773	0.00184347	0.00121419	0.00151353	0.00159148	0.00214154	
0.00112219	0.000692328	-0.000257345	0.00208312	0.0011871	0.00110765	0.00134907	0.00114211	0.00196955	0.00150408	0.00169461	0.000612613	0.00116659	0.000698575	0.0015434	0.00120061	0.00119544	0.000835325	0.000882818	0.00138394	0.000869811	0.00115959	0.000492349	0.00137202	0.0014588	
0.000942477	1.10633e-05	-4.51803e-05	0.00124055	0.00121247	0.00110896	0.00079516	0.00126906	0.00106571	0.00177217	0.000742558	3.23245e-05	0.00028804	1.71341e-05	0.000844896	0.000197403	0.000259103	-8.82594e-05	3.90256e-05	0.000323155	0.000383509	-0.000123023	-0.000179661	0.000132088	0.000864993	
4.14533e-05	-0.000803525	-0.00140298	0.000427733	5.0868e-05	0.000154109	-0.000117151	-3.09806e-05	0.000349735	0.000431854	0.000132344	-0.000855666	-0.000431213	-0.000489765	0.000192749	-0.000222067	4.16736e-05	-0.000362543	-0.000102382	0.00010037	6.37349e-06	-0.000210351	-0.000552807	9.88252e-05	0.000444174	
0.000251954	-0.000363329	-0.00103725	0.000938031	0.00048819	5.33079e-05	8.57054e-05	0.000150943	0.000196087	6.32484e-05	-0.000292159	-0.00115408	-0.000974174	-0.00139604	-0.000467479	-0.000810306	-0.000707925	-0.00112208	-0.00106142	-0.000460983	-0.000883099	-0.000837182	-0.00118469	-0.000435651	-3.54427e-05	
0.000680174	-0.000414693	-0.000395628	0.000898344	0.000764396	0.000821221	0.000453997	0.000666513	0.000504011	0.000804642	0.000105592	-0.000745798	-0.00080611	-0.000721831	-0.000151686	-0.000569278	-0.000403077	-0.0010499	-0.000676764	-0.000788235	-0.000665242	-0.00115208	-0.00133269	-0.000944175	-0.000240362	
-7.36992e-05	-0.000567513	-0.0012957	0.000520869	0.000115923	0.000213966	-4.48083e-05	0.000313234	0.000338794	0.00045143	0.000159738	-0.00076767	-9.24002e-05	-0.000373638	0.000541566	0.000170874	0.000252604	8.47039e-05	-0.000160466	0.000191293	-0.000226752	-0.000641539	-0.000912095	-0.000711406	-9.37905e-05	
0.000335848	-0.000354842	-0.000450408	0.00109442	0.00103373	0.000605892	0.000767196	0.000514049	0.000944431	0.000470383	0.00020171	-0.00059146	-0.000901273	-0.000646786	-0.000273581	-0.000457626	-0.00043463	-0.00103183	-0.000562447	-0.000342164	-0.000798527	-0.000936327	-0.00152916	-0.000733054	-0.00034064	
-0.00013284	-0.00101478	-0.00105125	4.37236e-05	0.000152689	0.000180968	-0.00032054	0.000439476	-3.50599e-05	0.000581785	-3.71445e-05	-0.000657973	-0.000409356	-0.000606572	0.000242736	-0.000238065	2.4312e-05	-0.000350631	-0.000323638	-0.000190768	-0.00043815	-0.00110433	-0.00124811	-0.00120075	-0.000277085	
-0.00109802	-0.00157193	-0.00203809	-0.000493529	-0.000508978	-0.000654992	-0.000594774	-0.000499414	-0.000235898	-0.000528855	-0.000650706	-0.00137343	-0.00116788	-0.000945265	-0.000523087	-0.000451995	-0.000261614	-0.000600411	-0.000541371	-0.000479252	-0.000762082	-0.00115325	-0.00143039	-0.00108573	-0.000399367	
-0.00142339	-0.00214674	-0.0021152	-0.00090267	-0.000833545	-0.00103967	-0.000762189	-0.000768932	-0.000819871	-0.000886236	-0.00115809	-0.00170717	-0.00186301	-0.00168728	-0.00105577	-0.00100489	-0.000942717	-0.0013948	-0.00129668	-0.000992858	-0.00157701	-0.00171513	-0.00190373	-0.00140684	-0.000765716	
-0.00165617	-0.00244695	-0.0027455	-0.00164638	-0.00155656	-0.00152896	-0.0018259	-0.00148206	-0.00144162	-0.00107155	-0.00128708	-0.00177655	-0.00157715	-0.00140255	-0.000902474	-0.000710523	-0.000699247	-0.00107316	-0.000998168	-0.00110376	-0.00117195	-0.00196113	-0.00180561	-0.00180064	-0.000915314	
-0.000696929	-0.00141723	-0.00130489	-7.42979e-05	0.00016544	-0.000164793	-0.000188187	-0.000411171	-0.000377816	-0.000120696	-0.000504725	-0.00126615	-0.00143654	-0.00154938	-0.000952118	-0.00110525	-0.00110535	-0.00150752	-0.00170234	-0.00149447	-0.00208162	-0.00238822	-0.00280925	-0.00231391	-0.00151624	
-0.000487114	-0.00135913	-0.00151601	-0.000154227	-0.000256263	-0.000490721	-0.00040431	-0.000565401	-1.62091e-06	-9.29713e-05	6.07778e-05	-0.000453086	-0.000584162	-0.000211399	-7.87172e-05	0.000402368	0.000174364	-0.00022174	-0.000284702	-0.000661072	-0.000834796	-0.0016881	-0.00176268	-0.00162685	-0.00113078	
0.000709446	0.000135127	0.000125609	0.00105874	0.00155341	0.00136771	0.00120628	0.00139422	0.00144595	0.00172956	0.0011944	0.000649369	0.000701318	0.000449066	0.000904777	0.000799047	0.000721903	0.000305992	-0.000120894	-0.000345633	-0.000918505	-0.00148762	-0.00166671	-0.00142767	-0.00103689	
0.00176931	0.000842663	0.000731969	0.00211105	0.00194685	0.00177028	0.00186792	0.00183335	0.00179172	0.00174556	0.00178017	0.00108573	0.000706562	0.000625624	0.00114666	0.00126654	0.00107724	0.000700517	0.000569511	0.000136664	-0.00015846	-0.000950212	-0.00102237	-0.000682366	-0.000270296	
0.00152138	0.000819303	0.00069581	0.00179165	0.00193388	0.00166943	0.00189953	0.0014823	0.00203836	0.00194956	0.00187444	0.00113024	0.00109837	0.00119484	0.0014505	0.00176791	0.00169227	0.00157034	0.0011457	0.000781655	0.000477576	-0.000139261	-0.000466279	-5.58181e-06	0.000255953	
0.00168841	0.00129039	0.00111654	0.00221063	0.00204275	0.00234493	0.0019688	0.0018228	0.00200706	0.00225077	0.00161045	0.000974057	0.00105074	0.000584151	0.00133286	0.0012117	0.00145386	0.00101892	0.000879718	0.000584205	0.000366928	-0.000100703	-0.000223016	0.000405562	0.000638043	
0.00217034	0.00140173	0.00165811	0.00245167	0.00250238	0.00229591	0.00228412	0.00227775	0.00223973	0.00201095	0.00174693	0.00135549	0.000916313	0.000505938	0.00109496	0.00149771	0.00122419	0.00111363	0.00103139	0.00047698	0.000574552	-0.000246587	9.3688e-05	0.000451203	0.000992456	
0.00212695	0.00229781	0.00127549	0.00271414	0.00222165	0.0023749	0.00244637	0.00187494	0.00262948	0.00213696	0.00237769	0.00137618	0.00162345	0.00126227	0.00197234	0.00185701	0.00211224	0.00217267	0.00166704	0.00120462	0.000834962	0.000752407	0.000267856	0.00114921	0.00123899	
0.00378509	0.00310155	0.00318208	0.00395664	0.00388413	0.00387324	0.00374762	0.00363798	0.00327199	0.00366831	0.00289921	0.00223011	0.00182996	0.00139492	0.00186572	0.00175613	0.00187223	0.00155907	0.00141775	0.000783758	0.00093215	7.50368e-06	0.000538434	0.00107306	0.00164669	
0.00394075	0.00380149	0.00304494	0.00462441	0.00403705	0.00408018	0.00414279	0.00385692	0.00432493	0.00386273	0.00404498	0.00316541	0.00307323	0.0022752	0.00289061	0.00313523	0.0031287	0.00281895	0.00278833	0.00227902	0.00207607	0.00122238	0.0014545	0.00224689	0.00256639	
0.00383601	0.00403459	0.00346071	0.00474494	0.0045006	0.00468263	0.00486209	0.00463077	0.00512197	0.00533033	0.00534503	0.00444515	0.00447353	0.00389863	0.00465323	0.00453515	0.00461768	0.00470046	0.00422541	0.00366688	0.00311174	0.00248681	0.00232966	0.00292095	0.00330719	
0.00470869	0.00441431	0.00420384	0.00562868	0.00519763	0.00522523	0.00526667	0.00515757	0.0055038	0.00538733	0.0053069	0.00444395	0.00403074	0.00370467	0.00408736	0.00402266	0.00438767	0.00394758	0.00404433	0.0030225	0.00306722	0.00231305	0.00249582	0.00346458	0.00394934	
0.00329906	0.00346845	0.00277993	0.00428911	0.00374847	0.00377124	0.00397063	0.0041759	0.00412696	0.00470865	0.00456194	0.00371358	0.0041074	0.00323494	0.00404902	0.00411238	0.00451559	0.004522	0.00402636	0.00366305	0.00340881	0.00262655	0.00326572	0.00385631	0.00445254	
0.00258197	0.00231244	0.00224111	0.00356412	0.0028534	0.00296184	0.00357285	0.00290263	0.00380671	0.00368438	0.00374314	0.002768	0.00284473	0.00250873	0.00286926	0.00313918	0.00368401	0.00334605	0.00339548	0.00309579	0.0025217	0.00266178	0.0023264	0.0039459	0.00427528	
0.000819633	0.000938633	0.000428949	0.00200234	0.00133447	0.00178663	0.00180327	0.00241962	0.00239502	0.00311209	0.0026619	0.0021709	0.00246065	0.00158398	0.00257702	0.00270918	0.00319573	0.00316946	0.00321528	0.00275596	0.00264318	0.00202138	0.00269667	0.00334951	0.00439499	
-0.000833541	-0.000951084	-0.00113878	0.000180548	-0.000242331	-0.000312642	0.000527252	0.000559513	0.00119182	0.00152114	0.00169592	0.00121094	0.00130789	0.000976535	0.00165269	0.00191826	0.00270887	0.0027606	0.00286662	0.00243512	0.00185845	0.00209811	0.00216958	0.00350942	0.00406949	
-0.00208814	-0.00203057	-0.00233764	-0.000579565	-0.00121758	-0.000592553	-0.000177808	0.000180074	0.000435551	0.00124037	0.0010254	0.00025484	0.000536875	-3.67917e-05	0.000682128	0.000745903	0.00158651	0.00150648	0.0014299	0.00120404	0.000602181	0.000621844	0.00106897	0.00232328	0.00318928	
-0.0044339	-0.00455488	-0.00478772	-0.0032625	-0.00370383	-0.00317544	-0.00264138	-0.00194248	-0.00144341	-0.000730622	-0.000721388	-0.00110123	-0.00061092	-0.00101145	-0.000354787	0.000152303	0.00103821	0.00084468	0.000979646	0.000723756	0.000201337	0.000301877	0.0006418	0.00202361	0.0029575	
