0.000223897	0.000227917	0.000436604	9.954e-05	8.2719e-06	0.000520083	0.00112284	0.00153856	0.00140254	0.00317356	0.00358105	0.00484775	0.00518414	0.00626936	0.00682584	0.00680293	0.006338	0.00558027	0.00237568	0.000804795	-0.00265353	-0.00629242	-0.0102676	-0.0128122	-0.0141681	
-0.000211596	-0.000165065	3.74713e-05	0.00011801	0.000179392	0.000295803	0.00105428	0.00166982	0.00185949	0.00357839	0.00415215	0.00515504	0.00609197	0.00657935	0.00727935	0.007828	0.00725582	0.00586352	0.00344391	0.00141734	-0.00218105	-0.00583934	-0.00998099	-0.0126898	-0.0144182	
-0.000533217	-0.000681315	-0.000264367	-0.000528494	-0.000846792	-0.000441736	0.000104531	0.000492151	0.000537488	0.00218645	0.00313141	0.00403899	0.00452123	0.00568531	0.00635591	0.00629203	0.00631602	0.00502406	0.00235217	0.000503482	-0.0028015	-0.00695647	-0.0108161	-0.0137045	-0.0151513	
-0.00064797	-0.00047363	-0.000323378	-0.000126185	-0.000317315	0.000369953	0.0010862	0.00183352	0.00191652	0.00377613	0.00428299	0.0060583	0.00659142	0.00768024	0.00849462	0.00902009	0.00820155	0.00732612	0.00500992	0.00294238	-0.000702541	-0.00441747	-0.00885718	-0.0117547	-0.0133601	
-0.000765066	-0.000755756	-0.000583856	-0.000257973	-0.000605123	0.000147365	0.00102054	0.00153473	0.00151785	0.00370934	0.00436355	0.00592241	0.00639819	0.00774079	0.00850936	0.00912174	0.00854028	0.00788836	0.00515375	0.0034189	-0.000282969	-0.00408136	-0.00838103	-0.0113752	-0.0132191	
-0.00122102	-0.00106218	-0.000336912	-0.00062332	-0.000423475	0.000231698	0.0009201	0.00168838	0.00201616	0.00328798	0.00481837	0.00593096	0.00680554	0.00789699	0.00898882	0.00930132	0.00915104	0.00791055	0.00589752	0.00365891	0.000203738	-0.00394685	-0.00831134	-0.0113081	-0.0132713	
-0.000647283	-0.000653078	-0.000674007	-9.8947e-05	-0.000363993	0.000311083	0.00125986	0.00188187	0.00172544	0.00373127	0.00448021	0.00633989	0.0066156	0.00794979	0.0088939	0.00974666	0.00897339	0.00848068	0.00592721	0.00403807	0.00027051	-0.00348327	-0.00826353	-0.0110052	-0.013137	
-0.000827929	-0.000765465	-0.000177479	-9.67053e-05	-0.000439188	0.000510462	0.000916613	0.0019937	0.00180829	0.00348028	0.00461215	0.00625428	0.00666151	0.00800222	0.00888722	0.0097425	0.0093043	0.00818698	0.00622566	0.00367094	0.000597995	-0.0037686	-0.00809638	-0.0115086	-0.0133244	
-0.000731933	-0.000668991	-0.000478495	-0.000205776	-0.00035767	6.47557e-05	0.00114287	0.00135732	0.00185401	0.00325275	0.00438442	0.00574736	0.00660828	0.00744103	0.00869561	0.00948833	0.00885978	0.00800912	0.00558395	0.0035627	-5.00994e-05	-0.00405607	-0.00894896	-0.0117765	-0.0144533	
-0.000615875	-0.000663841	-0.000617023	-0.000198952	-0.000648495	-0.000334685	0.000558915	0.00142918	0.00113641	0.00245438	0.00363858	0.00529812	0.00561032	0.00681134	0.00806958	0.00865884	0.0079988	0.00708073	0.00538166	0.00269824	-0.000355227	-0.00466895	-0.00936777	-0.0126186	-0.0148591	
-0.00121894	-0.00104918	-0.000241773	-0.000507813	-0.000751265	0.00017565	0.000496152	0.00142656	0.00173455	0.00281526	0.00425884	0.00570841	0.00611806	0.00759233	0.00845552	0.00907825	0.00874223	0.00770247	0.00568646	0.00356054	-9.78932e-05	-0.00397835	-0.00890297	-0.012164	-0.0147553	
-0.000724953	-0.000682367	-0.00073878	7.8703e-05	-0.000523227	-0.000327014	0.00103364	0.00154826	0.00131464	0.00304956	0.00394794	0.0054704	0.00632274	0.00709573	0.00858334	0.00958484	0.00845872	0.00816853	0.00647006	0.00384033	0.000883955	-0.0030345	-0.00814355	-0.011351	-0.0138406	
-0.000975596	-0.000818272	-7.69211e-05	-0.000232681	-0.000457559	0.000427065	0.000681292	0.00203241	0.00205373	0.00285735	0.0045765	0.00611634	0.00638839	0.00820005	0.00867853	0.00966128	0.00962172	0.0087845	0.00695509	0.00504742	0.00201917	-0.00224547	-0.00659275	-0.0101877	-0.0126247	
-0.000723037	-0.000544773	-0.000299161	0.000327539	0.000213695	0.000427664	0.00175643	0.00234425	0.00275016	0.00373758	0.00558749	0.00670717	0.00800372	0.00845032	0.010013	0.0111398	0.0107876	0.0101063	0.00891823	0.00620718	0.0034507	-0.000183667	-0.00518201	-0.00821832	-0.0112617	
-0.000714458	-0.000612818	-0.000274236	0.000194974	-0.00015573	0.000606883	0.00115419	0.0022026	0.00261049	0.00358159	0.00497125	0.00671237	0.00695074	0.00851655	0.00950254	0.0109338	0.010394	0.00987575	0.00838509	0.00618313	0.00353995	-0.000331826	-0.00510946	-0.00849623	-0.0107951	
-0.000585414	-0.000509774	-0.000478961	0.000531337	-2.86755e-05	0.000265677	0.00137067	0.00212799	0.00243052	0.00356016	0.00470707	0.00631065	0.00705021	0.0081782	0.00922353	0.0105034	0.0100065	0.00957037	0.00828941	0.00621557	0.0032855	-0.000339525	-0.00521964	-0.00822259	-0.011435	
-0.000536799	-0.000495392	-0.000519109	0.000157015	-0.000107506	0.000156892	0.000741779	0.00178062	0.00232964	0.00297594	0.00402152	0.00586614	0.00626132	0.00756604	0.00869712	0.00981114	0.00945097	0.00924153	0.00772415	0.00571341	0.00291858	-0.000724936	-0.00517874	-0.00880786	-0.0116003	
-0.000778206	-0.000760015	-0.000261318	7.92307e-05	-0.000230952	4.72328e-05	0.000926581	0.00187132	0.00225367	0.00270571	0.00430033	0.00564341	0.00656156	0.00767726	0.00858707	0.0100222	0.00972922	0.0092424	0.00802749	0.0059847	0.00329216	0.000139026	-0.0048794	-0.00836045	-0.0110791	
-0.000120317	-0.000170767	-0.000174528	0.000693426	0.000260125	0.000510517	0.00109042	0.00220945	0.00257605	0.00345424	0.00446089	0.00617217	0.00714658	0.008308	0.00914085	0.0109978	0.0105878	0.0101004	0.00926871	0.00728771	0.0047195	0.00131854	-0.00313853	-0.00674255	-0.00965167	
-1.53233e-05	0.000118524	0.000322831	0.0011834	0.000649116	0.00110187	0.00193709	0.00273905	0.00357745	0.0039189	0.00537295	0.00749241	0.0079715	0.00945684	0.0106431	0.0121307	0.0118938	0.0118315	0.0106276	0.00905143	0.00634268	0.00316689	-0.00121468	-0.00473397	-0.00806384	
0.000573815	0.000655378	0.000365121	0.00124952	0.000834556	0.00115188	0.00193535	0.00266241	0.00356774	0.00413859	0.00528463	0.00744405	0.00829948	0.0094779	0.0108434	0.0123728	0.0123093	0.0119983	0.011273	0.00943166	0.00697008	0.00409406	-0.000452448	-0.00409253	-0.00705235	
0.000716647	0.00090144	0.00102511	0.00170818	0.00134938	0.00157367	0.00232546	0.00338283	0.00382912	0.00467968	0.00587127	0.00778047	0.00877421	0.0102115	0.0111825	0.013111	0.0126954	0.0129305	0.0119083	0.010241	0.0077712	0.004799	0.000373286	-0.00322791	-0.00621007	
0.00114975	0.00115707	0.00131184	0.00155541	0.00155666	0.00144121	0.0019791	0.00303523	0.00391424	0.00382996	0.0058243	0.00688426	0.00846558	0.00935246	0.0105091	0.0119637	0.0121805	0.0114901	0.0114446	0.00930418	0.00710148	0.00396187	-0.00016414	-0.00370439	-0.00690898	
0.001704	0.00153966	0.00119065	0.00218534	0.00138944	0.00117509	0.00172582	0.00251929	0.00309869	0.00368332	0.00455289	0.00629222	0.00712359	0.00853171	0.00924203	0.0110362	0.0105163	0.0108561	0.00983376	0.00822882	0.00578579	0.00288264	-0.00116717	-0.00463215	-0.00853094	
0.00184159	0.00183288	0.00196719	0.00203856	0.00193016	0.00200068	0.00205477	0.00286387	0.00428089	0.00346132	0.00526367	0.00649815	0.00754017	0.00861922	0.00996182	0.0106907	0.0112383	0.0104565	0.0104239	0.0081402	0.0061049	0.00297264	-0.000766543	-0.00474072	-0.00799932	
0.00236981	0.00221793	0.00192579	0.00264525	0.00225929	0.00193348	0.00252807	0.00297699	0.00376121	0.00397696	0.00517429	0.00639933	0.00755126	0.00851179	0.00955662	0.0108298	0.0107246	0.0108375	0.0100878	0.0083031	0.00604829	0.00338434	-0.000819632	-0.00415787	-0.00787454	
0.00218105	0.00217923	0.00239794	0.00238352	0.00247782	0.00216147	0.00226308	0.00310115	0.00391846	0.00368385	0.00542652	0.00609494	0.00780541	0.00849854	0.00944887	0.0107499	0.0108035	0.0104062	0.010534	0.00803154	0.00637116	0.00305743	-0.000323033	-0.0041858	-0.00793251	
0.00230826	0.00210883	0.00202749	0.00218395	0.00201968	0.00174146	0.00186927	0.00227593	0.00326848	0.0029403	0.00461098	0.00538875	0.00669512	0.00750855	0.00871939	0.00953896	0.0099691	0.00964223	0.00957104	0.00745125	0.00556473	0.00254499	-0.000868321	-0.00466592	-0.00849975	
0.00185026	0.00185238	0.00167202	0.0020862	0.00210334	0.00139361	0.00203611	0.00235684	0.00334755	0.00310092	0.0047362	0.00533906	0.00688983	0.00745001	0.00858469	0.00956463	0.00959184	0.00964399	0.00960986	0.00717293	0.00546327	0.00244058	-0.00120261	-0.00461245	-0.00875988	
0.00143603	0.0013094	0.00149618	0.000808542	0.000725669	0.000812395	0.000245959	0.000727146	0.00185709	0.00127284	0.00269337	0.00336977	0.00437191	0.00549337	0.00638725	0.00680179	0.00773685	0.00699448	0.00725213	0.00524864	0.00327523	1.40776e-05	-0.00267712	-0.0068807	-0.0103798	
0.000727915	0.000494728	0.000277704	0.000286483	0.000383546	-0.000406523	0.000177983	0.000117242	0.00105905	0.000682346	0.00192049	0.00214045	0.00377654	0.00391912	0.0054566	0.00586442	0.00584565	0.00603854	0.00600284	0.00363032	0.00175709	-0.00119224	-0.00460911	-0.00803139	-0.012435	
-0.000198991	-0.000381492	-0.000346423	-0.00109859	-0.000930006	-0.00103472	-0.00169433	-0.00124321	-0.000453316	-0.000868905	-3.3864e-05	0.000190193	0.00132831	0.00229664	0.00287384	0.00333597	0.00390045	0.00347577	0.00361651	0.00148678	-0.000312338	-0.00363043	-0.00615627	-0.0101629	-0.0139094	
-0.000488812	-0.000897899	-0.00149932	-0.00136774	-0.00129808	-0.00203117	-0.00160486	-0.00184257	-0.00120969	-0.00137629	-0.000516986	-0.000421	0.000874634	0.00126863	0.00248886	0.00254454	0.00307078	0.00311721	0.00315631	0.00120315	-0.00067416	-0.0034812	-0.00619029	-0.00986195	-0.0137646	
-0.00168664	-0.00171119	-0.00170854	-0.00220752	-0.00157631	-0.00172452	-0.00201509	-0.00171915	-0.000782595	-0.00116409	-0.000418433	-0.000299721	0.00104443	0.00179488	0.00244605	0.00290895	0.00374705	0.00357777	0.00381373	0.00208315	0.000287164	-0.00232967	-0.00475122	-0.00831137	-0.01208	
-0.00233767	-0.00247702	-0.00231234	-0.00258448	-0.00236868	-0.00199831	-0.0020396	-0.0019233	-0.00117068	-0.00100738	-0.000732794	1.03316e-05	0.000938269	0.00184525	0.00275081	0.00315239	0.00401341	0.00434495	0.00433622	0.00310066	0.00121008	-0.00107141	-0.0030673	-0.00687926	-0.0103232	
-0.00310544	-0.00306735	-0.00297333	-0.00300213	-0.00191693	-0.00209248	-0.00184003	-0.00148641	-0.000209344	-0.000435556	0.00035033	0.00070546	0.00231536	0.00272836	0.00414646	0.00436957	0.00553436	0.00588537	0.00622956	0.00473936	0.0032047	0.00108215	-0.00101244	-0.00446225	-0.00804157	
-0.00386607	-0.00365785	-0.00338119	-0.00321775	-0.00266639	-0.00206887	-0.00200186	-0.00128074	-0.000851341	0.00014886	0.000117959	0.000951493	0.00192552	0.00354935	0.00391937	0.00478114	0.00593301	0.00674092	0.00642709	0.00598852	0.0041916	0.00214203	0.000205253	-0.00309693	-0.00663638	
-0.003805	-0.00368915	-0.00375111	-0.00343932	-0.00230827	-0.00254008	-0.00190038	-0.00171188	-0.000457987	-0.000186264	0.000266201	0.000576877	0.00250567	0.00295843	0.00444531	0.00475631	0.00634991	0.00661431	0.00711548	0.0063466	0.0046276	0.00283862	0.00129224	-0.00248627	-0.00575156	
-0.00380498	-0.00363502	-0.0032515	-0.00333389	-0.00253696	-0.00169985	-0.0021454	-0.0013822	-0.000812656	0.000387859	-1.0334e-05	0.00119029	0.00206422	0.00368793	0.00421662	0.00526091	0.00645545	0.00756411	0.00713418	0.00708571	0.00534488	0.00390866	0.00203414	-0.00108562	-0.00442735	
-0.00320937	-0.00316531	-0.00292414	-0.00279564	-0.00164731	-0.00137432	-0.000872321	-0.000650589	0.000408311	0.00118732	0.0014493	0.00197118	0.00364628	0.00449821	0.00594982	0.00636231	0.00797754	0.00869655	0.00882797	0.0085003	0.00699007	0.0055492	0.00384052	0.000361403	-0.00272212	
-0.002473	-0.002441	-0.00261409	-0.00239838	-0.00132639	-0.00079367	-0.0010233	-0.000312486	0.000165974	0.00155119	0.00108747	0.00223211	0.00321087	0.00474307	0.00556627	0.00630944	0.00783255	0.00906861	0.00853234	0.00877712	0.00720287	0.00579239	0.00424803	0.000961829	-0.00218632	
-0.0020753	-0.00207596	-0.00198352	-0.00211798	-0.00130703	-0.000941185	-0.000761509	-0.000416073	-0.000173785	0.00131984	0.00108544	0.00158562	0.00294693	0.00432429	0.00490935	0.00562143	0.00720096	0.00826379	0.00800403	0.00827125	0.00665954	0.00560536	0.00379825	0.000900169	-0.002415	
-0.00124632	-0.00140881	-0.0017509	-0.00175991	-0.000813109	-0.000603279	-0.000713855	-0.000397058	0.000194412	0.00142948	0.000821644	0.00179242	0.00306808	0.00404207	0.00491652	0.0053901	0.00699126	0.0079717	0.00785827	0.00818208	0.00656372	0.00545662	0.004253	0.000679309	-0.00201614	
-0.00074162	-0.000873817	-0.000916989	-0.00131032	-0.000960763	-0.000348451	-0.000772254	-0.000175044	-0.00043517	0.00133755	0.000423527	0.00161587	0.00233789	0.00405433	0.00433734	0.00512743	0.00620776	0.0078814	0.00724298	0.00791893	0.00661869	0.00571974	0.0038044	0.00143637	-0.00146832	
-0.000458829	-0.000659681	-0.000726835	-0.00114752	-0.000567896	-0.000661093	-0.000638694	-0.000505267	-7.8262e-05	0.000875276	0.000662045	0.00106078	0.00254464	0.00358806	0.00443485	0.00465527	0.00640946	0.00710351	0.00730503	0.0078701	0.00668634	0.00572021	0.00442151	0.00157922	-0.000838683	
-0.000730997	-0.000912279	-0.00133061	-0.00117166	-0.00111254	-0.000481314	-0.000944881	-0.000349732	-0.000949486	0.00116957	-6.92616e-05	0.00158891	0.00183102	0.00367678	0.00383429	0.00477075	0.0055283	0.00738341	0.00653537	0.00759162	0.00646466	0.00552983	0.00426679	0.0019929	-0.000442119	
-0.0011322	-0.00110105	-0.000649417	-0.00117331	-0.00082963	-0.000652382	-0.000521265	-0.000458085	-0.000134557	0.000762433	0.00106337	0.001099	0.00256653	0.00382224	0.00461295	0.00512091	0.00677157	0.00725016	0.00768647	0.00806091	0.00725209	0.00687374	0.00542891	0.00336353	0.00116519	
-0.00104416	-0.00115594	-0.00166001	-0.00121173	-0.00132382	-0.000649997	-0.000938878	-0.000569461	-0.000912374	0.000914598	2.37064e-05	0.00173774	0.00176343	0.00342332	0.00399281	0.00505884	0.00567392	0.00745925	0.00690195	0.0077585	0.0072244	0.00664901	0.00572203	0.00363236	0.00190815	
-0.00169142	-0.00154599	-0.00121977	-0.00145539	-0.00138564	-0.00106333	-0.00099875	-0.000953993	-0.000721671	0.000122619	0.000644776	0.000885882	0.00183643	0.00308524	0.00385993	0.00470479	0.00589144	0.0066762	0.00712371	0.00747468	0.00731694	0.00717123	0.00575944	0.00463102	0.00286086	
-0.0013576	-0.0012939	-0.00147022	-0.00111614	-0.00126449	-0.000774466	-0.000671781	-0.000522678	-0.000398193	0.000597536	0.000805998	0.00173415	0.00215145	0.00354469	0.00438274	0.00550319	0.00635279	0.0074775	0.00779584	0.00840827	0.00847025	0.00817635	0.00735068	0.00619162	0.004812	
