-0.0158904	-0.0160515	-0.0152542	-0.0128154	-0.00957189	-0.00560539	-0.00014983	0.00548167	0.00928869	0.012137	0.013668	0.0137881	0.0118533	0.0083258	0.00567302	0.0035812	0.001388	0.000469004	0.00114827	0.00134815	0.00256816	0.00344721	0.00328294	0.00393652	0.00358582	
-0.0139767	-0.0151413	-0.0143811	-0.0127223	-0.00880631	-0.00496657	-0.00032928	0.00612552	0.0104798	0.0123361	0.0147949	0.0148755	0.0126698	0.00964366	0.00679187	0.00442912	0.00244733	0.00106775	0.00170541	0.00227132	0.00277401	0.00405718	0.0037235	0.00436053	0.00389022	
-0.0135947	-0.0149062	-0.0145523	-0.0123175	-0.00934832	-0.0053815	-0.000172946	0.00556522	0.00971333	0.0125827	0.0141546	0.0148303	0.0127942	0.00944908	0.00658208	0.00425655	0.00201989	0.000390678	0.00109204	0.00126302	0.00239893	0.00307159	0.00336053	0.00384838	0.00372361	
-0.0133676	-0.0146823	-0.0144912	-0.0126197	-0.00933289	-0.00546966	-0.000575739	0.00536106	0.00991027	0.0121163	0.0143063	0.014933	0.012984	0.00950073	0.00687192	0.00441236	0.00188954	5.43988e-05	0.000797449	0.00103801	0.00159236	0.0027879	0.00264322	0.0032041	0.00297313	
-0.0135	-0.0147986	-0.0146737	-0.0130335	-0.00990148	-0.00610279	-0.00160713	0.0047787	0.00875049	0.0114371	0.0135497	0.0142092	0.0119538	0.00892992	0.00541551	0.00343479	0.000595018	-0.00102733	-0.000801303	-0.000330365	0.000313824	0.00111942	0.00152491	0.00203865	0.0015679	
-0.0134471	-0.0149239	-0.0149363	-0.0131639	-0.0104901	-0.00652179	-0.00180765	0.0038974	0.00853982	0.011069	0.013109	0.0139589	0.0117612	0.00828754	0.00520999	0.0028004	1.08746e-05	-0.00221252	-0.00143893	-0.00149168	-0.000881744	0.000274885	0.000428033	0.00123991	0.000941356	
-0.0136954	-0.0151813	-0.0151965	-0.0137106	-0.0108061	-0.00713752	-0.0024631	0.00330878	0.00809334	0.0103672	0.0126863	0.0134768	0.0115208	0.00771229	0.00450768	0.00219056	-0.0006663	-0.00309583	-0.00270497	-0.00229974	-0.00199397	-0.000863003	-0.000420575	0.000165326	-0.00021975	
-0.0139768	-0.01554	-0.0159287	-0.0143821	-0.0118147	-0.00815619	-0.0037599	0.00250334	0.00671614	0.00945663	0.0117014	0.0127904	0.0102328	0.00721686	0.00354741	0.00114303	-0.00189265	-0.00419865	-0.00418639	-0.00368888	-0.00332635	-0.00234054	-0.00163059	-0.00127099	-0.00134491	
-0.0151041	-0.0165337	-0.0165537	-0.0151057	-0.0124622	-0.00866009	-0.00394831	0.00166388	0.00677418	0.00930521	0.0116326	0.0126571	0.0109413	0.00710042	0.0037639	0.00131959	-0.0020812	-0.00491383	-0.00463145	-0.0044145	-0.00430962	-0.00305262	-0.00274165	-0.00205023	-0.00247327	
-0.0153986	-0.017153	-0.0175487	-0.0163955	-0.0137886	-0.0102479	-0.00589244	1.43053e-05	0.0049707	0.00716131	0.00979404	0.0107489	0.00886735	0.00527036	0.00180504	-0.000978939	-0.00412211	-0.00713804	-0.00714237	-0.00680535	-0.0065339	-0.00538991	-0.00467228	-0.00426208	-0.00426004	
-0.0161324	-0.0176629	-0.0183984	-0.0165991	-0.0144589	-0.0108453	-0.00611438	-0.000401561	0.00430128	0.00758888	0.00955504	0.0110663	0.00926816	0.00570651	0.00213884	-0.000472988	-0.00420359	-0.00678411	-0.00719284	-0.00684826	-0.00648547	-0.00567981	-0.00454099	-0.00438964	-0.00434009	
-0.0169673	-0.0185922	-0.0186208	-0.0177307	-0.0150141	-0.011145	-0.00722773	-0.00111052	0.00389254	0.00648011	0.00957261	0.0106613	0.00903468	0.00595628	0.00188753	-0.000726703	-0.00436237	-0.00719794	-0.00761733	-0.00721081	-0.0069074	-0.00559253	-0.00501758	-0.0040404	-0.00457933	
-0.0170878	-0.0186523	-0.0192694	-0.0175454	-0.0153978	-0.0116639	-0.00674849	-0.00139026	0.00396072	0.00729499	0.00982781	0.0113636	0.0100517	0.00672978	0.00305629	0.000282919	-0.003526	-0.00630557	-0.00667879	-0.00655126	-0.0059311	-0.00469155	-0.00382545	-0.00315043	-0.00295031	
-0.0170376	-0.0186753	-0.0189138	-0.0178002	-0.0154756	-0.0114758	-0.00716292	-0.00137185	0.00394155	0.00716578	0.0103046	0.011702	0.0104612	0.00772039	0.00359046	0.000721688	-0.0024464	-0.00558593	-0.00620436	-0.0054075	-0.0053628	-0.00373466	-0.00272844	-0.0017588	-0.00194961	
-0.0168817	-0.0183706	-0.0189326	-0.0174031	-0.0152247	-0.011255	-0.00693379	-0.000991188	0.00424127	0.0082157	0.0110144	0.012834	0.0116028	0.00888649	0.00487688	0.00212447	-0.00148229	-0.00440095	-0.00511764	-0.0048843	-0.00374661	-0.0027287	-0.00151763	-0.00063417	-0.000198993	
-0.0162533	-0.017859	-0.0180249	-0.0170934	-0.0149107	-0.0107524	-0.00643052	-0.000687637	0.00488566	0.00886457	0.0120649	0.0135799	0.0126211	0.0103252	0.00612348	0.00337082	-0.0002638	-0.00308467	-0.00411778	-0.00330704	-0.00301715	-0.00120067	-0.000476921	0.00102726	0.00104431	
-0.0152534	-0.0168034	-0.0173505	-0.0162154	-0.0141302	-0.0101594	-0.00596704	-0.000239566	0.00530683	0.00964322	0.0127114	0.0142896	0.0136231	0.0113748	0.00719428	0.00424816	0.000846921	-0.00234027	-0.00297216	-0.00269134	-0.00184667	-0.000455369	0.000781092	0.00185541	0.00249937	
-0.0143683	-0.0158963	-0.0166716	-0.01554	-0.0138086	-0.0100169	-0.00570467	-0.000314644	0.00493956	0.00967287	0.0127516	0.0143265	0.0135962	0.0115215	0.00731044	0.00412266	0.000295486	-0.00203999	-0.00362607	-0.00325803	-0.00215463	-0.000706643	0.000242962	0.00208721	0.00199798	
-0.0131516	-0.0148702	-0.0154681	-0.0149501	-0.0133806	-0.00929834	-0.00592123	-0.000376949	0.00496163	0.00931344	0.0123436	0.0140608	0.0133423	0.0116923	0.00698141	0.00400541	0.000659405	-0.00252903	-0.00388995	-0.0034056	-0.002609	-0.00110253	0.000348533	0.00168088	0.00208129	
-0.0121031	-0.0137023	-0.0145568	-0.0137489	-0.0126184	-0.00884079	-0.00498846	7.84414e-05	0.0050436	0.0100133	0.0127258	0.0145812	0.0138314	0.0123253	0.0077823	0.00501591	0.000986862	-0.00161038	-0.00302504	-0.00300742	-0.00188893	-0.0001642	0.000585055	0.00259546	0.00335479	
-0.0112414	-0.0130027	-0.0139789	-0.0136638	-0.0121445	-0.00905243	-0.00531078	-0.000615418	0.00479546	0.00888674	0.0122798	0.013436	0.0134327	0.0114312	0.00742948	0.00367885	0.000773545	-0.00280417	-0.00420077	-0.00375061	-0.0028786	-0.00133066	0.000255013	0.0015148	0.00211264	
-0.0108119	-0.0125162	-0.0133253	-0.0131911	-0.0123645	-0.00884275	-0.00579287	-0.00102191	0.00353233	0.00856234	0.0109633	0.0128205	0.0120044	0.0109235	0.00627145	0.0032643	-0.000779944	-0.00336212	-0.00545512	-0.00503852	-0.00402705	-0.00255841	-0.00135311	0.000442597	0.0011557	
-0.0101129	-0.0119263	-0.0130433	-0.0131523	-0.0122843	-0.00921171	-0.00613854	-0.00190341	0.00299893	0.00742671	0.0100047	0.0114109	0.0113636	0.00948748	0.0054185	0.00196222	-0.00161732	-0.00461996	-0.00628539	-0.00635845	-0.00521925	-0.00376476	-0.00243738	-0.000804443	4.56441e-05	
-0.00984593	-0.0116548	-0.0127034	-0.0128041	-0.0121617	-0.00928387	-0.00639479	-0.0021636	0.00221942	0.00701543	0.00957779	0.0109556	0.0107261	0.00965701	0.0048468	0.00171582	-0.00215644	-0.00479573	-0.00701541	-0.00657639	-0.00596177	-0.0042871	-0.00280978	-0.00111905	-0.000439974	
-0.00939584	-0.011067	-0.0122719	-0.0123544	-0.0118792	-0.0091942	-0.00617643	-0.00266938	0.00221206	0.00669066	0.00936459	0.0107981	0.0107768	0.0093149	0.00537786	0.00156661	-0.00192244	-0.00467287	-0.00659785	-0.00664059	-0.00549557	-0.00422322	-0.00244063	-0.00104502	-9.15454e-05	
-0.00897506	-0.0106916	-0.011939	-0.0122026	-0.0116768	-0.0092736	-0.00642397	-0.00308384	0.00172628	0.00617082	0.00893297	0.0102964	0.0105145	0.00898724	0.00523406	0.00146054	-0.00186087	-0.00465545	-0.00669282	-0.00654207	-0.00554129	-0.00428321	-0.00216597	-0.000704235	-1.49537e-05	
-0.00855651	-0.010089	-0.0110937	-0.0114256	-0.0109143	-0.00838525	-0.00577854	-0.00218046	0.00227641	0.00702062	0.00991206	0.0115526	0.0113938	0.0108088	0.00664945	0.00334388	-0.000274235	-0.00291538	-0.00497213	-0.00459288	-0.00428893	-0.00224732	-0.0007694	0.000588	0.00206444	
-0.00778997	-0.00931203	-0.0105452	-0.0111417	-0.0106104	-0.00873331	-0.0059738	-0.00279465	0.00157565	0.00627644	0.00912316	0.0105164	0.011357	0.00973295	0.0065913	0.00296576	-0.000522618	-0.00321327	-0.00523641	-0.00511774	-0.00393456	-0.00288948	-0.00044111	0.000476602	0.00166981	
-0.00690256	-0.00850495	-0.00967425	-0.0103427	-0.0099023	-0.00801604	-0.00556459	-0.002402	0.00210568	0.00631445	0.0095396	0.0111794	0.0114857	0.0107928	0.00749575	0.00389435	0.000339084	-0.00191795	-0.00446671	-0.00386637	-0.00331574	-0.00201021	-0.000169302	0.00128481	0.0021498	
-0.00651888	-0.00798221	-0.00955456	-0.0097654	-0.00995652	-0.00832769	-0.00538296	-0.00321252	0.00157976	0.00612569	0.00861435	0.0104172	0.0113112	0.00977553	0.0072558	0.00351997	0.000139394	-0.00254322	-0.00447697	-0.00461356	-0.00365936	-0.00291069	-0.000493683	0.00021921	0.00148566	
-0.00582022	-0.00724108	-0.00872853	-0.00950081	-0.00909081	-0.00787532	-0.00555334	-0.0025497	0.00169056	0.00578729	0.0090224	0.0105272	0.0112721	0.0105318	0.00754358	0.00405999	0.000754927	-0.00183169	-0.00389936	-0.00386737	-0.00375134	-0.00231859	-0.000825476	0.000269823	0.00122025	
-0.00534464	-0.00680688	-0.00823581	-0.00910985	-0.00917136	-0.00806555	-0.00559039	-0.00326211	0.000774992	0.00519719	0.00784124	0.00949567	0.0104727	0.00937205	0.00702923	0.00336152	0.000169692	-0.00227898	-0.00441578	-0.00452205	-0.0042226	-0.0033104	-0.00132901	-0.000880851	0.000552393	
-0.00501947	-0.0064826	-0.00748276	-0.00905071	-0.0087888	-0.00761442	-0.00578142	-0.00317806	0.000608316	0.00457969	0.00759074	0.00907106	0.0101501	0.00923941	0.00704801	0.00359799	0.0003539	-0.001695	-0.00409218	-0.00443997	-0.00393834	-0.0034769	-0.00159087	-0.000768555	-0.000236726	
-0.00417122	-0.00565728	-0.00729587	-0.0080745	-0.00825559	-0.00746618	-0.00516892	-0.003328	0.000629948	0.00453405	0.00738888	0.00912928	0.0100542	0.00921464	0.00755113	0.0038872	0.00111369	-0.0012266	-0.00318987	-0.0037033	-0.00342235	-0.00281646	-0.00127093	-0.000652202	0.000377782	
-0.003742	-0.00520052	-0.00668317	-0.00775909	-0.0081907	-0.00752526	-0.00549857	-0.00388742	-0.000582552	0.00373147	0.00620252	0.00773075	0.00880775	0.00830654	0.00645616	0.0032831	0.000570661	-0.00165249	-0.00359136	-0.00412214	-0.00407558	-0.00328416	-0.00174433	-0.00119868	-0.000428462	
-0.00356252	-0.00492132	-0.00645201	-0.00788057	-0.00764563	-0.00748017	-0.00593483	-0.00392564	-0.000751003	0.00258686	0.00569192	0.00711915	0.00823703	0.00775831	0.00648495	0.00304189	0.000534241	-0.00179283	-0.00342806	-0.00442254	-0.00424112	-0.00352965	-0.00244966	-0.00174462	-0.000889159	
-0.00328659	-0.00469917	-0.00598343	-0.00719578	-0.00782356	-0.00750127	-0.00586582	-0.00438127	-0.00189228	0.00250495	0.00466898	0.00641968	0.00773153	0.00743788	0.00615997	0.00302756	0.000378574	-0.00115456	-0.00332847	-0.00417877	-0.00380436	-0.00359995	-0.00221321	-0.00160416	-0.00128936	
-0.00284326	-0.00409226	-0.0051318	-0.00695988	-0.00694244	-0.0070263	-0.00610356	-0.00436467	-0.00148994	0.00132011	0.00460754	0.00596702	0.00727318	0.0071933	0.0063279	0.00315512	0.00114893	-0.00086626	-0.00243744	-0.00369137	-0.00334907	-0.00288861	-0.0021335	-0.00140183	-0.000938155	
-0.00228102	-0.00366136	-0.00518537	-0.00623304	-0.00719848	-0.00733695	-0.00622484	-0.0050998	-0.00312578	0.000625867	0.00276564	0.00461271	0.00568955	0.00599309	0.00508938	0.00223739	0.00021727	-0.00137623	-0.0031215	-0.00439563	-0.00391464	-0.00363299	-0.00287593	-0.00227088	-0.00166776	
-0.00154823	-0.00282078	-0.00393775	-0.00563267	-0.00603338	-0.00657569	-0.00572769	-0.00473877	-0.00247929	0.000390958	0.00338646	0.0045442	0.00603057	0.00648673	0.00603214	0.00315851	0.00180811	8.52792e-05	-0.00152453	-0.00278908	-0.00246775	-0.00196054	-0.00170711	-0.00100132	-0.000531766	
-0.000831805	-0.00198566	-0.00342534	-0.00494894	-0.00556457	-0.00626856	-0.00580278	-0.00467554	-0.00321734	1.104e-05	0.0023961	0.0039023	0.00533159	0.00588275	0.00565127	0.00342174	0.00173885	0.000445176	-0.00082854	-0.00244153	-0.00180351	-0.00164762	-0.0012945	-0.000599891	-0.000132176	
-0.000246331	-0.00145204	-0.00267886	-0.00427292	-0.00516939	-0.00593522	-0.00530218	-0.0048952	-0.00331426	-0.00022084	0.00209529	0.00337783	0.00507832	0.00572953	0.00591944	0.00355871	0.00227923	0.00126204	-0.000212391	-0.00171141	-0.00139482	-0.00100045	-0.000772574	-0.000135007	0.000190707	
0.000350987	-0.000653573	-0.0018139	-0.00388183	-0.00437141	-0.00528442	-0.00538605	-0.00460547	-0.00298932	-0.000919463	0.00202773	0.00345348	0.00495407	0.00580705	0.00637916	0.00427474	0.00314828	0.00186926	0.000972606	-0.000844725	-0.000542299	-0.000114999	-4.9023e-05	0.000587001	0.00103338	
0.00117966	4.21279e-05	-0.00139539	-0.00296489	-0.00425446	-0.0052164	-0.00523619	-0.00489211	-0.00409989	-0.00135944	0.000747792	0.002489	0.00392931	0.00526632	0.00558882	0.00382193	0.00278124	0.00198186	0.00064427	-0.000774084	-0.000729696	-0.000563362	-0.000439325	0.000167474	0.000282541	
0.00193657	0.000789994	-0.000742877	-0.0028036	-0.00374193	-0.00555673	-0.00571625	-0.00592585	-0.00464429	-0.00333273	-0.00054093	0.000574658	0.00245308	0.00309106	0.00426521	0.00228449	0.00170918	0.000325892	-0.000407523	-0.00203653	-0.00215073	-0.00198373	-0.00198836	-0.0014669	-0.00101739	
0.00269422	0.00158932	-1.36589e-05	-0.00189174	-0.00334505	-0.00473274	-0.00575495	-0.00533655	-0.00541884	-0.00335425	-0.00170773	0.00022332	0.00160106	0.00305307	0.00322861	0.00263307	0.00121432	0.000454676	-0.000453311	-0.00198921	-0.00244957	-0.00225063	-0.00242907	-0.0019445	-0.00184579	
0.00345216	0.00233967	0.000735689	-0.00113962	-0.00267258	-0.00485138	-0.00529678	-0.0063108	-0.00525933	-0.00459989	-0.00241427	-0.00103651	0.000888491	0.00145905	0.00319691	0.00157624	0.0011831	2.11768e-07	-0.000760333	-0.00249663	-0.00281447	-0.00274258	-0.00299965	-0.00271147	-0.00202982	
0.00410698	0.00314306	0.00165438	-0.000479938	-0.0021197	-0.00376163	-0.00566425	-0.00534025	-0.00576309	-0.00480325	-0.0031337	-0.00106078	3.90225e-06	0.00181181	0.00212499	0.00217892	0.00107072	0.000266608	-0.000656595	-0.00198093	-0.00272435	-0.00270597	-0.00299631	-0.00236759	-0.00230385	
0.00520458	0.00431822	0.00271633	0.00110731	-0.00086608	-0.00306848	-0.00412072	-0.00512283	-0.00490041	-0.00448302	-0.00272518	-0.000985219	0.000684804	0.00185313	0.00330473	0.00293055	0.00261378	0.0015771	0.000826366	-0.000444486	-0.00117507	-0.00125977	-0.00133687	-0.000968269	-0.000512517	
0.00585256	0.00513752	0.00359361	0.00187003	-0.000209385	-0.00226121	-0.00410656	-0.00459556	-0.00508553	-0.00472857	-0.00334396	-0.00127434	0.000182822	0.00173241	0.00272719	0.00361542	0.0028599	0.0020297	0.00153638	0.000308246	-0.00064298	-0.000642729	-0.000728175	-0.000400382	-1.40713e-06	
