-0.0632991	-0.058883	-0.0628925	-0.0643459	-0.0573285	-0.0542188	-0.0551204	-0.0590621	-0.0602921	-0.0575491	-0.0489498	-0.050418	-0.0607292	-0.0761022	-0.0801112	-0.0803088	-0.0739852	-0.0704826	-0.0778514	-0.106568	-0.153727	-0.206228	-0.25043	-0.286344	-0.29662	
-0.0639607	-0.0580672	-0.0620576	-0.0647346	-0.0594797	-0.054567	-0.0533632	-0.0575648	-0.0582855	-0.0585739	-0.0487372	-0.0481628	-0.0545739	-0.071803	-0.0784072	-0.0810374	-0.0760674	-0.0719836	-0.0744098	-0.0967405	-0.138316	-0.191022	-0.237174	-0.27758	-0.295482	
-0.0671476	-0.0625684	-0.0639884	-0.0673701	-0.0654255	-0.0589263	-0.0578225	-0.0590748	-0.0614715	-0.0609412	-0.0542109	-0.0488335	-0.0534214	-0.0674727	-0.0777735	-0.0805904	-0.0785279	-0.072957	-0.0733234	-0.0867065	-0.123998	-0.171723	-0.220491	-0.262959	-0.286266	
-0.0658987	-0.0613255	-0.0602979	-0.0642535	-0.0644956	-0.0597738	-0.0568091	-0.0576161	-0.0584456	-0.0595981	-0.0542163	-0.0482254	-0.0484315	-0.0606583	-0.0718238	-0.0781433	-0.0780606	-0.0764847	-0.0744607	-0.0858563	-0.114442	-0.161265	-0.206931	-0.251168	-0.278464	
-0.0700212	-0.0660132	-0.0637341	-0.066343	-0.0685507	-0.0668914	-0.0618435	-0.0626331	-0.060489	-0.0637525	-0.0595155	-0.0536658	-0.0501552	-0.0567861	-0.0695573	-0.0749979	-0.0789173	-0.0780849	-0.0756321	-0.0834672	-0.10352	-0.146022	-0.19021	-0.230727	-0.266047	
-0.0702258	-0.0696588	-0.0657816	-0.0662649	-0.0722315	-0.0708366	-0.0677259	-0.0636786	-0.063682	-0.0638687	-0.0654871	-0.0578563	-0.052802	-0.0533409	-0.0648573	-0.0715676	-0.0774501	-0.0787526	-0.0785674	-0.0805623	-0.096589	-0.13028	-0.174435	-0.214085	-0.249382	
-0.0679905	-0.0700414	-0.0655745	-0.0651037	-0.0727271	-0.0725599	-0.0696764	-0.0633575	-0.0627482	-0.0630548	-0.0671092	-0.0619816	-0.0532952	-0.051499	-0.0592663	-0.0693346	-0.0765539	-0.0817713	-0.0843496	-0.0842489	-0.0948318	-0.120835	-0.160321	-0.199277	-0.231947	
-0.0688489	-0.0738555	-0.0692206	-0.0694708	-0.0760459	-0.078626	-0.0746028	-0.0680662	-0.0657902	-0.0662456	-0.0725529	-0.0679267	-0.059683	-0.0513392	-0.0588858	-0.0675063	-0.0777465	-0.0847859	-0.0873063	-0.0861052	-0.0901015	-0.107011	-0.143348	-0.176722	-0.212049	
-0.067183	-0.0726636	-0.0707058	-0.0697499	-0.0768553	-0.0793448	-0.0775976	-0.0694864	-0.0682082	-0.0677189	-0.0751421	-0.0718268	-0.0625239	-0.0532139	-0.0568899	-0.0681423	-0.0792382	-0.0897465	-0.0938029	-0.0894875	-0.0893631	-0.0977875	-0.127137	-0.158476	-0.189917	
-0.0634518	-0.0694824	-0.069334	-0.0692931	-0.0732305	-0.078278	-0.0760626	-0.0713043	-0.0679724	-0.0697262	-0.0736257	-0.0734126	-0.0625164	-0.0534089	-0.0550781	-0.0676723	-0.0821995	-0.0943233	-0.101112	-0.0959459	-0.0894405	-0.0934352	-0.112364	-0.142192	-0.169938	
-0.0617799	-0.0693379	-0.0707473	-0.071714	-0.0720252	-0.0786673	-0.0776054	-0.0756712	-0.0731426	-0.0740856	-0.0770325	-0.0762614	-0.0679725	-0.057578	-0.0589818	-0.0723434	-0.088837	-0.102957	-0.10857	-0.102635	-0.0898079	-0.0849498	-0.0959832	-0.119681	-0.145363	
-0.0589183	-0.0652746	-0.0713926	-0.0699767	-0.0700655	-0.0752067	-0.0775856	-0.0770563	-0.0754592	-0.0754412	-0.0758149	-0.0764608	-0.0688561	-0.0609394	-0.0611325	-0.0756407	-0.094841	-0.109235	-0.116836	-0.108216	-0.0930737	-0.0801362	-0.0830394	-0.101617	-0.125049	
-0.0560614	-0.0624425	-0.0698224	-0.0685258	-0.0666351	-0.072788	-0.0760866	-0.078534	-0.0755949	-0.0746309	-0.0720337	-0.0748535	-0.069607	-0.0635422	-0.0636388	-0.0792092	-0.0987586	-0.114787	-0.120794	-0.113606	-0.0930772	-0.0761643	-0.0696727	-0.0844519	-0.106411	
-0.057564	-0.0619407	-0.068957	-0.0671497	-0.0647983	-0.0709353	-0.0760754	-0.0801276	-0.0767356	-0.0736329	-0.069865	-0.0754906	-0.0743374	-0.072115	-0.0723721	-0.0896311	-0.108119	-0.124753	-0.129086	-0.120923	-0.0966106	-0.0716717	-0.0569771	-0.0644653	-0.0837867	
-0.0596066	-0.0629878	-0.0676895	-0.0671342	-0.0644559	-0.0701692	-0.0767775	-0.0809914	-0.0773925	-0.0710571	-0.0678416	-0.0739591	-0.0782874	-0.0778403	-0.0803765	-0.0940387	-0.112515	-0.125668	-0.129793	-0.120092	-0.0935597	-0.0636995	-0.0424284	-0.0466481	-0.0644448	
-0.0612747	-0.0603837	-0.0649132	-0.0652114	-0.0630258	-0.0677835	-0.0739982	-0.0784704	-0.0733851	-0.0676624	-0.0636928	-0.0729193	-0.080572	-0.0851173	-0.0881846	-0.100346	-0.115275	-0.126848	-0.128278	-0.119116	-0.0894244	-0.0565126	-0.0304264	-0.0299429	-0.0489036	
-0.0614884	-0.0574834	-0.0622644	-0.0636801	-0.062964	-0.0652757	-0.0714947	-0.0729309	-0.0693743	-0.0641567	-0.0634675	-0.0728717	-0.0862886	-0.0936402	-0.0991937	-0.108448	-0.120691	-0.129213	-0.129306	-0.117453	-0.0871726	-0.0487594	-0.0200111	-0.0139945	-0.0305191	
-0.0647633	-0.060191	-0.0653488	-0.0690735	-0.0681391	-0.0694583	-0.07308	-0.0727567	-0.0688726	-0.0671361	-0.0679098	-0.0796952	-0.0942853	-0.105001	-0.10759	-0.113325	-0.120045	-0.125006	-0.121337	-0.106931	-0.0737614	-0.0350544	-0.00279571	0.00302707	-0.0128392	
-0.0616635	-0.0584365	-0.0648309	-0.0691773	-0.0678311	-0.0669371	-0.0684557	-0.0673916	-0.0651289	-0.0653698	-0.0693823	-0.0819735	-0.100569	-0.110694	-0.112218	-0.11212	-0.115757	-0.117857	-0.111192	-0.0952409	-0.0623592	-0.0228377	0.00697435	0.0165377	-0.00111737	
-0.0600529	-0.059943	-0.0672317	-0.0713709	-0.0696375	-0.0647682	-0.0657459	-0.0648703	-0.0670792	-0.0680107	-0.074015	-0.0874233	-0.107371	-0.117663	-0.115101	-0.111208	-0.110589	-0.109171	-0.100234	-0.0815023	-0.0505667	-0.0125337	0.0177077	0.026215	0.0105778	
-0.0645088	-0.065907	-0.0726503	-0.07702	-0.0737155	-0.0671775	-0.0658489	-0.0691861	-0.0735897	-0.0778324	-0.0834283	-0.0971748	-0.116504	-0.124093	-0.118891	-0.108925	-0.104235	-0.0977764	-0.0845389	-0.0654349	-0.0344848	0.00181447	0.0312925	0.0422208	0.0228211	
-0.0676515	-0.0686814	-0.073723	-0.0775995	-0.0747686	-0.0660927	-0.0675269	-0.0715613	-0.0805834	-0.08441	-0.0921538	-0.102836	-0.119458	-0.123757	-0.113822	-0.100028	-0.0887869	-0.0785201	-0.0640138	-0.045139	-0.0198864	0.0147284	0.0416779	0.0500602	0.0294789	
-0.0723058	-0.0705072	-0.0736162	-0.0771821	-0.0732923	-0.0674665	-0.0707925	-0.0789497	-0.0875141	-0.0943877	-0.100461	-0.109002	-0.120134	-0.1204	-0.10759	-0.0874003	-0.0718537	-0.0566475	-0.0420032	-0.0263396	-0.00361729	0.0264045	0.0518296	0.058089	0.031679	
-0.0733192	-0.070164	-0.0712415	-0.0733646	-0.0712042	-0.0683122	-0.0767168	-0.0851699	-0.0962239	-0.101691	-0.107831	-0.11018	-0.11696	-0.113679	-0.0973507	-0.0740795	-0.0525958	-0.036717	-0.0228289	-0.0102713	0.00691984	0.0352226	0.0565608	0.0602419	0.0312122	
-0.0788429	-0.0743766	-0.0729665	-0.0746314	-0.075765	-0.0774986	-0.0876703	-0.0983087	-0.108724	-0.114149	-0.1148	-0.112072	-0.112837	-0.105929	-0.0866006	-0.0575495	-0.0339813	-0.0151318	-0.00353663	0.00695724	0.0215752	0.0452512	0.0637437	0.0625764	0.0281595	
-0.080035	-0.0753508	-0.0721424	-0.0764044	-0.0816415	-0.0855773	-0.0966619	-0.107801	-0.11907	-0.120449	-0.116337	-0.106758	-0.103153	-0.0921137	-0.0679667	-0.0364421	-0.00952039	0.00710485	0.0180105	0.0251191	0.0353197	0.0545046	0.065933	0.0593133	0.0204674	
-0.0746865	-0.0698039	-0.0698545	-0.0779183	-0.0862517	-0.0898065	-0.100497	-0.111706	-0.120953	-0.118357	-0.10846	-0.0948068	-0.0868751	-0.0714347	-0.0441228	-0.00953679	0.0151418	0.0310801	0.0373983	0.0414352	0.0453256	0.0565189	0.0603948	0.04697	0.0040483	
-0.0706971	-0.0690816	-0.0732439	-0.0853234	-0.0938034	-0.0976266	-0.107174	-0.116401	-0.121507	-0.114221	-0.10083	-0.0839897	-0.0725973	-0.0541986	-0.0243682	0.00836207	0.0317557	0.0429372	0.0474439	0.0466598	0.0455809	0.0503799	0.0489433	0.0328008	-0.00975389	
-0.0746113	-0.0767587	-0.0848973	-0.0972602	-0.106835	-0.10997	-0.117949	-0.121619	-0.121219	-0.109156	-0.0923763	-0.0711168	-0.0556033	-0.0335608	-0.00407075	0.0279445	0.0472743	0.0568731	0.0571104	0.0532502	0.0459061	0.0454616	0.0392691	0.0215992	-0.0209564	
-0.0793812	-0.0845681	-0.0927956	-0.106225	-0.115199	-0.117513	-0.120077	-0.118013	-0.11182	-0.09679	-0.0758744	-0.0507079	-0.0307819	-0.00858135	0.0202463	0.0484472	0.0658083	0.0710474	0.0679077	0.057581	0.0444505	0.0370388	0.0273661	0.00705618	-0.0352142	
-0.0822835	-0.0870875	-0.0955661	-0.108308	-0.116493	-0.113447	-0.110664	-0.102357	-0.093216	-0.0743764	-0.0510298	-0.0219823	-0.00245589	0.0184721	0.0423741	0.0674795	0.0797917	0.0803084	0.0696	0.0519715	0.0304507	0.0184104	0.00476803	-0.0142204	-0.0542221	
-0.092371	-0.0968445	-0.104188	-0.115377	-0.1182	-0.109828	-0.101097	-0.0900859	-0.0768616	-0.0558588	-0.0288927	-0.00082134	0.0176546	0.0334355	0.0545277	0.0753582	0.0843237	0.0790962	0.0619741	0.03739	0.0119584	-0.0033902	-0.0148647	-0.0320791	-0.0673717	
-0.10323	-0.107825	-0.113123	-0.118699	-0.115786	-0.101139	-0.0896545	-0.0743004	-0.0583622	-0.0325567	-0.00621349	0.0211772	0.034095	0.047239	0.0637288	0.0814564	0.0851649	0.0732997	0.0492984	0.0193295	-0.00957407	-0.0232584	-0.0338247	-0.045676	-0.0766575	
-0.115068	-0.117572	-0.118514	-0.118419	-0.109638	-0.0919456	-0.0762751	-0.058162	-0.036807	-0.0104563	0.0163322	0.0381231	0.048531	0.056965	0.0711318	0.0840849	0.0819605	0.064246	0.0345728	0.00151158	-0.0264747	-0.0395327	-0.0454071	-0.0558388	-0.084474	
-0.117568	-0.115852	-0.11174	-0.106641	-0.0947942	-0.0731772	-0.055232	-0.032267	-0.010359	0.0174967	0.0395407	0.0591671	0.0640682	0.0703296	0.0792107	0.0857031	0.0766826	0.0514264	0.0177254	-0.0172322	-0.0450199	-0.053943	-0.0590072	-0.066371	-0.09359	
-0.114601	-0.106689	-0.0986591	-0.089993	-0.0739723	-0.0498543	-0.0282282	-0.00588548	0.0164365	0.0395139	0.0598991	0.0736965	0.0761503	0.0771176	0.0804307	0.0800814	0.063342	0.0344611	-0.00172332	-0.036068	-0.059985	-0.0676487	-0.0692826	-0.0775895	-0.106281	
-0.106036	-0.0935536	-0.0819817	-0.068869	-0.0490181	-0.0210276	-0.000393196	0.021204	0.0378519	0.0587098	0.073263	0.0839224	0.0796202	0.0746822	0.0707559	0.061763	0.0402962	0.00720805	-0.0282074	-0.0602238	-0.0814469	-0.0839067	-0.0845291	-0.0912295	-0.118357	
-0.103655	-0.0863704	-0.0711446	-0.0540413	-0.0299085	-0.00232585	0.0172515	0.0332623	0.0473993	0.0628026	0.0750353	0.0790631	0.0687936	0.0573603	0.0465066	0.0339218	0.00894171	-0.0215503	-0.0532571	-0.0802604	-0.093782	-0.0926192	-0.0887936	-0.0945224	-0.122298	
-0.0939736	-0.0719412	-0.0537574	-0.033212	-0.00896546	0.017465	0.0320153	0.0455093	0.0551028	0.0685573	0.0757727	0.0741097	0.0573889	0.0397869	0.0264846	0.0102071	-0.0126414	-0.0409485	-0.0675223	-0.0886089	-0.0979402	-0.0918728	-0.0870296	-0.0937235	-0.121855	
-0.0707442	-0.0454545	-0.0249531	-0.00493089	0.0187747	0.0405542	0.0525347	0.0616596	0.0691876	0.0776299	0.0795324	0.0707297	0.0469657	0.0267735	0.0102296	-0.00458164	-0.0269388	-0.0511993	-0.073232	-0.0913361	-0.0957197	-0.0892514	-0.0851187	-0.0949283	-0.127958	
-0.039656	-0.0115748	0.00667779	0.0258712	0.046037	0.0650797	0.0730653	0.0793465	0.0823455	0.0845356	0.0797161	0.0621719	0.0345257	0.010411	-0.00470935	-0.0206869	-0.0409054	-0.0631983	-0.0833463	-0.0984941	-0.101829	-0.0952173	-0.0927672	-0.107065	-0.142972	
-0.0132133	0.011944	0.0283757	0.0434911	0.0620657	0.0764419	0.0813841	0.0827019	0.0801228	0.0755978	0.063101	0.0406371	0.00917304	-0.0129485	-0.0275062	-0.0412598	-0.0598593	-0.0802887	-0.0970317	-0.110678	-0.110911	-0.103984	-0.102934	-0.119965	-0.157378	
0.00267719	0.026127	0.0372115	0.0508101	0.0654057	0.0754097	0.0749494	0.070001	0.0618915	0.0500388	0.0339489	0.00708498	-0.0219906	-0.0418982	-0.0522089	-0.0638461	-0.0805347	-0.0976593	-0.112274	-0.122374	-0.119437	-0.111786	-0.110815	-0.12976	-0.168787	
0.0127923	0.0305096	0.0392295	0.0486015	0.0600387	0.0627012	0.0561754	0.044776	0.0313662	0.0157315	-0.00280631	-0.0290454	-0.0544637	-0.0690247	-0.074488	-0.0840483	-0.0972409	-0.112189	-0.122925	-0.129492	-0.123144	-0.114248	-0.113435	-0.135685	-0.173558	
0.0192668	0.0329579	0.0364289	0.0426167	0.0474993	0.0428916	0.0297071	0.013348	-0.00276404	-0.0200222	-0.0378701	-0.0617907	-0.0820111	-0.0902351	-0.0923192	-0.0987032	-0.110285	-0.12165	-0.128893	-0.131294	-0.120724	-0.110084	-0.110459	-0.133041	-0.172599	
0.0293512	0.0362665	0.0345322	0.034135	0.0328158	0.0196486	0.00273274	-0.0167659	-0.0316128	-0.0483981	-0.0622341	-0.0832869	-0.0953882	-0.0988866	-0.0956676	-0.100892	-0.109401	-0.117748	-0.121833	-0.120194	-0.106929	-0.0980378	-0.100081	-0.129635	-0.171402	
0.0495033	0.0485549	0.0403801	0.0342579	0.0253501	0.0072095	-0.0130723	-0.0308309	-0.044897	-0.0573956	-0.0698457	-0.0854137	-0.0933947	-0.0915538	-0.0878188	-0.093052	-0.101543	-0.109587	-0.112883	-0.109781	-0.0983165	-0.0914484	-0.101674	-0.136767	-0.183711	
0.0631064	0.0551341	0.0417076	0.0303449	0.0173394	-0.00526351	-0.0238032	-0.0410075	-0.0505972	-0.0624046	-0.0714066	-0.0856741	-0.0887803	-0.0857233	-0.0828669	-0.0901597	-0.10052	-0.109177	-0.113066	-0.111298	-0.101401	-0.102607	-0.120467	-0.16497	-0.220042	
0.0592247	0.044977	0.0289001	0.0157333	-0.000312442	-0.0221761	-0.0397447	-0.0523915	-0.0611905	-0.0703371	-0.0803521	-0.0927233	-0.0945328	-0.0924367	-0.092998	-0.105188	-0.118728	-0.129729	-0.137143	-0.1356	-0.13241	-0.138976	-0.166202	-0.218227	-0.275571	
0.0228746	0.00475124	-0.0109097	-0.0240132	-0.0398751	-0.0600572	-0.0739283	-0.0833507	-0.0907243	-0.0990368	-0.110601	-0.121119	-0.123363	-0.121731	-0.127481	-0.142865	-0.158243	-0.17111	-0.17735	-0.177195	-0.175889	-0.187464	-0.222754	-0.276992	-0.339019	
