-0.00878966	-0.00915501	-0.00845089	-0.00866989	-0.00774404	-0.00724681	-0.00723767	-0.00701705	-0.00643026	-0.00614556	-0.00611033	-0.0059974	-0.00537707	-0.00458691	-0.00417058	-0.00343065	-0.00431746	-0.00360555	-0.00389002	-0.00352303	-0.00262618	-0.00312161	-0.00209196	-0.00199548	-0.00160092	
-0.0088572	-0.00929944	-0.00887124	-0.00864892	-0.00795591	-0.00784793	-0.00731924	-0.00804054	-0.00672278	-0.00729981	-0.00734006	-0.00716173	-0.00694122	-0.00607186	-0.00607268	-0.00538184	-0.00600358	-0.00565017	-0.00554685	-0.00559343	-0.00479877	-0.0047702	-0.00413174	-0.00346187	-0.0031614	
-0.00905912	-0.00972457	-0.00923171	-0.00927031	-0.00846623	-0.00835711	-0.00792196	-0.00831434	-0.00769997	-0.00719859	-0.00773216	-0.00745055	-0.0074744	-0.00640966	-0.00634483	-0.00559369	-0.00641022	-0.00598411	-0.00590398	-0.00635545	-0.0051378	-0.00576796	-0.00487915	-0.00483897	-0.00431707	
-0.00780104	-0.00882485	-0.0082133	-0.00809462	-0.00787552	-0.00753112	-0.00725355	-0.00771889	-0.00691028	-0.00710832	-0.0074416	-0.00763618	-0.0071965	-0.00683729	-0.00677605	-0.00625759	-0.00707187	-0.00665266	-0.0070021	-0.00701736	-0.00615679	-0.0066298	-0.00610819	-0.00570408	-0.0053191	
-0.00575863	-0.0063766	-0.00646476	-0.00600571	-0.00557589	-0.00551621	-0.0049425	-0.00587655	-0.00495718	-0.00525611	-0.0057126	-0.00599302	-0.006072	-0.00559723	-0.00606068	-0.00552782	-0.00650778	-0.00631947	-0.00649996	-0.00697414	-0.00605674	-0.0068363	-0.00630259	-0.00611494	-0.00610738	
-0.00333932	-0.00455842	-0.00402265	-0.00384986	-0.0036769	-0.0035099	-0.00284488	-0.00349073	-0.00316335	-0.0026922	-0.00343121	-0.00349937	-0.00373982	-0.00337766	-0.00330591	-0.00322852	-0.00402923	-0.00423194	-0.00456108	-0.00511907	-0.0047567	-0.00557032	-0.00580959	-0.00577925	-0.00622088	
6.43454e-05	-0.00106878	-0.000933369	-0.000707873	-0.000775135	-0.000696944	-0.000337791	-0.00118387	-0.00063233	-0.000758206	-0.00171949	-0.00219928	-0.00214662	-0.00219119	-0.00248412	-0.00230912	-0.00345841	-0.0033963	-0.00380126	-0.00455901	-0.00401199	-0.00540499	-0.00520095	-0.00548207	-0.00568731	
0.00276644	0.00146358	0.00147104	0.00174807	0.00160851	0.00159076	0.00184183	0.000637049	0.00116859	0.000942414	-1.81931e-05	-0.000726599	-0.000763565	-0.00110206	-0.00135901	-0.00134994	-0.00240969	-0.00242705	-0.00297834	-0.00344103	-0.00347957	-0.00428318	-0.00465595	-0.00441884	-0.00492085	
0.00410734	0.00279679	0.00249615	0.00330114	0.00247349	0.00255455	0.00292081	0.00200072	0.00225353	0.00254529	0.00143614	0.00109681	0.00111589	0.000955729	0.000901343	0.000818061	0.000102196	-0.000377282	-0.000829175	-0.00159298	-0.00118027	-0.00242982	-0.00273125	-0.0028264	-0.003366	
0.0044433	0.0032399	0.00346229	0.00400419	0.00369767	0.00398261	0.00444316	0.0037867	0.00421134	0.00479245	0.0034341	0.00289716	0.00311214	0.00317256	0.00296555	0.00294489	0.00195903	0.00174365	0.00133602	0.000470857	0.000860055	-0.000640289	-0.000822477	-0.00121086	-0.00190933	
0.00496119	0.00390597	0.00367121	0.00471183	0.00408773	0.00405397	0.00475939	0.00396259	0.00436808	0.00459839	0.00360898	0.00297786	0.00319379	0.00280259	0.00306786	0.00312336	0.00218641	0.00215262	0.00168954	0.00143519	0.00132362	0.000486253	5.7436e-05	0.00023777	-0.000350897	
0.00442732	0.00299683	0.00288371	0.00400862	0.00328894	0.00369294	0.00387667	0.00350717	0.00391157	0.00437167	0.00335305	0.00281077	0.00309936	0.00301935	0.00329467	0.00335327	0.00283581	0.00246931	0.00234177	0.00167599	0.00204876	0.000868454	0.000550664	0.000641788	0.000160026	
0.00253228	0.00168488	0.00135406	0.00243349	0.00197129	0.00183685	0.00241831	0.00178835	0.00225116	0.00283987	0.00156837	0.000982939	0.00148911	0.0014455	0.00196328	0.00187518	0.00155553	0.00164222	0.00136082	0.0012047	0.00148758	0.000879044	0.000734029	0.00124098	0.000878166	
5.60751e-05	-0.00131561	-0.00118209	-9.55867e-05	-0.000319689	-9.48196e-05	0.000422778	-0.000106947	0.000646742	0.000887241	0.000339119	-0.000164271	0.000142065	0.000525281	0.000916855	0.00134715	0.000983343	0.00124186	0.00138844	0.0011827	0.00189648	0.00109701	0.0012699	0.00173505	0.00164989	
-0.0018129	-0.00273715	-0.00295731	-0.00134435	-0.00186063	-0.00151187	-0.00130058	-0.0011213	-0.00052375	-9.19812e-05	-0.000508886	-0.00114337	-0.000199584	-0.000215807	0.00067202	0.000890307	0.000498584	0.000870848	0.000862413	0.000887619	0.00137783	0.000620371	0.00078274	0.00125757	0.00146566	
-0.00257611	-0.00321227	-0.00345577	-0.00215704	-0.00247335	-0.00240511	-0.00178557	-0.002215	-0.00112082	-0.00089388	-0.00166154	-0.00201373	-0.00174422	-0.00133755	-0.0008346	-0.000420059	-0.000625182	-0.000661872	-0.000136574	-0.000417391	0.0002825	-0.00036371	-0.000162712	0.000416148	0.000464954	
-0.00289433	-0.00381919	-0.00412659	-0.00285122	-0.00307743	-0.00307443	-0.00303733	-0.00299013	-0.00217598	-0.00175063	-0.00268073	-0.00306784	-0.00273803	-0.00246965	-0.00200844	-0.00143188	-0.0017283	-0.00148288	-0.0011251	-0.00125119	-0.000487461	-0.00121316	-0.000817674	-0.000501291	-9.92179e-05	
-0.00290342	-0.00387298	-0.00368366	-0.0026419	-0.00276784	-0.00297597	-0.0025409	-0.00263795	-0.00191125	-0.00176028	-0.00205971	-0.00302616	-0.00260663	-0.00243207	-0.001944	-0.00161092	-0.00230452	-0.00182327	-0.00173466	-0.0016798	-0.00129741	-0.00199687	-0.00170616	-0.00137441	-0.00078021	
-0.00190338	-0.00253375	-0.00300905	-0.00158494	-0.00193922	-0.00196787	-0.00162258	-0.00183663	-0.000948797	-0.00108055	-0.00140044	-0.00227961	-0.00212674	-0.00211653	-0.00149715	-0.00171523	-0.00191411	-0.00197646	-0.00180336	-0.00185855	-0.00171249	-0.00202526	-0.00208222	-0.00159755	-0.00143705	
-0.00107127	-0.00182513	-0.00158543	-0.0006842	-0.000718701	-0.0011927	-0.00106546	-0.000786816	-0.000243777	-0.000259319	-0.000951688	-0.00148854	-0.00173534	-0.00145044	-0.00135381	-0.00107198	-0.00143467	-0.00154549	-0.00137325	-0.00170297	-0.00117442	-0.00196665	-0.00184142	-0.00173505	-0.00130611	
-0.000599459	-0.00123771	-0.00184752	-0.000226649	-0.000253726	-0.000492869	-0.000481453	-0.000345282	0.000783319	0.00047342	0.000342655	-0.000696598	-0.000450326	-0.000451259	-3.22674e-05	-4.77196e-05	-0.000474094	-0.00038014	-0.000525073	-0.00050451	-0.000554399	-0.00154393	-0.00156026	-0.00150367	-0.00106978	
7.11731e-05	-0.00107369	-0.00076596	-0.000115357	-2.06526e-05	-0.000527948	-0.000191091	3.4472e-05	0.000706786	0.000521681	0.000182676	-0.000429704	-0.000688056	-0.000335931	-0.000424734	-0.000133368	-0.000583551	-0.000578612	-0.000505603	-0.000858011	-0.000709763	-0.00160499	-0.00131327	-0.00125415	-0.000709979	
0.000300991	-3.59185e-05	-0.000667304	0.000663463	0.000312838	0.000311153	0.000339776	0.000531893	0.00117405	0.00117523	0.000762399	-0.000265688	-0.000303978	-0.000581015	0.000155465	-0.000282539	-9.1542e-05	-0.0005098	-0.000426173	-0.000667991	-0.000889368	-0.00115508	-0.00148214	-0.00110339	-0.00075073	
0.000414231	-0.000117896	-0.000632665	0.000391382	0.000150643	-0.000267007	0.000104606	0.000511984	0.00101933	0.00124929	0.000966779	0.000300777	2.82258e-05	8.59762e-05	0.000477582	0.000499801	0.000377497	8.92484e-05	0.000236019	-0.000230093	-0.000335125	-0.00117534	-0.00115754	-0.000958238	-0.00038162	
0.000595177	-0.000317889	-0.000536025	0.000279165	1.84765e-05	-0.000418115	-0.000196499	0.000118995	0.000672309	0.000688429	0.000567964	-0.000372832	-0.000325014	-0.000612602	-0.000263663	-0.000334859	-0.000420012	-0.000442063	-0.000569712	-0.000505066	-0.00126666	-0.00122444	-0.00128668	-0.000524447	-0.000102916	
-0.000331056	-0.000849984	-0.00186755	-0.000547982	-0.00105591	-0.000862653	-0.00103958	-0.000398564	8.14905e-05	0.000270111	0.000294012	-0.00073367	-0.000420298	-0.000985338	-0.000290637	-0.000257151	-4.86379e-05	-0.000313956	-0.000283176	-0.000390927	-0.000488378	-0.000798716	-0.00037799	-0.000118702	0.000520109	
-0.000952801	-0.00174222	-0.00184977	-0.00148583	-0.00140354	-0.00162323	-0.00120684	-0.000554115	-0.000301383	0.000403798	1.48474e-05	-0.000194207	-0.000411447	-0.000613334	4.62595e-05	-0.000148147	0.000697649	-0.000126532	9.70954e-05	2.30758e-05	-0.000592913	-0.000187473	-0.000770715	0.000378805	0.000879206	
-0.00204091	-0.00192763	-0.00316056	-0.00165911	-0.00261446	-0.00204196	-0.00201299	-0.00118202	-0.000909111	-9.33291e-05	3.51451e-07	-0.00058128	-0.000391301	-0.000766791	-1.45895e-05	-0.000201472	0.000613738	0.000278494	0.000489975	0.000149647	-0.000309016	-0.000465746	-0.000145046	0.000354879	0.000821652	
-0.000767347	-0.00159763	-0.00167777	-0.00145899	-0.0017838	-0.00184115	-0.00160937	-0.00113038	-0.00117918	-0.000591446	-0.00078313	-0.00153058	-0.00172784	-0.00230996	-0.00174725	-0.00181696	-0.00118783	-0.00132889	-0.00151333	-0.00123374	-0.00213593	-0.0013706	-0.00133664	-0.000394472	0.000267645	
-0.00139781	-0.00164375	-0.0027883	-0.00196336	-0.0025252	-0.00220646	-0.00205004	-0.00150198	-0.00116291	-0.000558196	-0.000424652	-0.00107144	-0.000888171	-0.00167835	-0.000805086	-0.00107025	-0.000247925	-0.000636816	-0.000924382	-0.000759754	-0.00186274	-0.00129336	-0.00161073	-0.000818357	-0.000241413	
-0.00129204	-0.00199383	-0.00236803	-0.00212785	-0.00226393	-0.00194881	-0.00205063	-0.00103158	-0.00128767	-0.000373482	-0.000448981	-0.000563141	-0.000864383	-0.00153103	-0.00100297	-0.00114451	-0.000209613	-0.000821749	-0.000578107	-0.00102293	-0.00181722	-0.00160003	-0.00157196	-0.000905355	-0.000362168	
-0.00152423	-0.00164279	-0.00235418	-0.00191128	-0.00218183	-0.0020677	-0.00189881	-0.00105778	-0.00115713	-0.000396264	-0.000356985	-0.000511196	-0.000757111	-0.00170131	-0.000951027	-0.00129497	-0.000172903	-0.000671199	-0.000888136	-0.000851529	-0.00214335	-0.00123007	-0.00169464	-0.0007297	-0.000349337	
-0.000869787	-0.00101447	-0.00158894	-0.00144885	-0.00162245	-0.00108569	-0.00111527	-0.000413143	-0.00051718	7.80217e-05	0.000312637	2.25408e-05	-0.000601498	-0.00092092	-0.000999201	-0.000767794	-5.26438e-05	-0.000448292	-0.000659125	-0.00116557	-0.00166013	-0.0017837	-0.00161693	-0.00142307	-0.000693486	
-0.000454019	-0.000817428	-0.00139029	-0.00159062	-0.0014177	-0.00149318	-0.00133333	-0.000636569	-0.00096606	-0.000487634	-0.000135422	-0.00037585	-0.000576472	-0.00139548	-0.00104946	-0.00128407	-0.000179414	-0.000373505	-0.000951013	-0.000659565	-0.00235083	-0.00133724	-0.00197691	-0.00104418	-0.000761665	
-0.000287952	-0.000155216	-0.000662663	-0.00107073	-0.000902182	-0.000686616	-0.000635054	-8.96621e-05	-0.000570509	-0.000286439	-2.33759e-06	-0.000272461	-0.00118575	-0.00160143	-0.00179057	-0.00160202	-0.00082685	-0.00100338	-0.000985205	-0.00145987	-0.00223493	-0.00208483	-0.00166833	-0.00142059	-0.000722219	
-0.000229821	-0.000575694	-0.000547069	-0.00124045	-0.000761265	-0.000734304	-0.000582929	0.000219787	-0.000120724	2.05979e-05	0.000374422	0.000401234	-0.000569866	-0.000999695	-0.00114433	-0.000925467	-5.60754e-05	-0.000303825	-0.000567233	-0.000893996	-0.00200774	-0.00143868	-0.00183769	-0.00120497	-0.000629636	
-0.00123823	-0.000794465	-0.00111958	-0.00198961	-0.00145595	-0.000886973	-0.000774296	-0.000150071	-0.000406809	-0.000263644	0.000375022	0.000417237	-0.000366681	-0.000869482	-0.00102033	-0.000514699	0.000177435	0.00039227	-0.000162613	-0.000441775	-0.0013448	-0.00145842	-0.00106761	-0.00107646	-0.000458871	
-0.000853653	-0.000952628	-0.000844142	-0.00206716	-0.00114787	-0.00113068	-0.00096411	-0.000717445	-0.000612194	-0.00119762	-0.000601916	-0.00033728	-0.00170242	-0.00182173	-0.00247872	-0.00172419	-0.00103688	-0.000865933	-0.000951938	-0.00131972	-0.00221869	-0.00195719	-0.00162811	-0.00101702	-0.000488447	
-0.00130441	-0.00103833	-0.00114144	-0.00253863	-0.00180456	-0.00168126	-0.00181872	-0.000981473	-0.00147628	-0.00165237	-0.00106457	-0.000883667	-0.00178781	-0.00226886	-0.00237369	-0.00176801	-0.00112381	-0.00051004	-0.000978006	-0.00121422	-0.0019521	-0.00196931	-0.00151138	-0.00141888	-0.000363457	
-0.000471437	-0.000268858	-0.000287854	-0.00185517	-0.000881441	-0.00111902	-0.00107087	-0.0010383	-0.00105968	-0.00178392	-0.00117963	-0.00114448	-0.00247889	-0.00234079	-0.00310986	-0.00227393	-0.00145115	-0.000956365	-0.00118272	-0.00169307	-0.00222507	-0.00204009	-0.00184937	-0.00133523	-0.000560837	
-0.000304926	-0.000350993	-0.000344333	-0.00178674	-0.00100161	-0.00107109	-0.00124392	-0.000663655	-0.00116923	-0.00151005	-0.000837928	-0.000511095	-0.00163439	-0.00163235	-0.00220007	-0.00120241	-0.000541259	0.000129081	-0.000232488	-0.00067585	-0.00116834	-0.00161271	-0.000683296	-0.000630461	-7.84422e-05	
1.5998e-05	0.000649836	0.000627985	-0.00104103	-3.6883e-05	2.98469e-05	2.21296e-05	0.000184055	5.10234e-05	-0.00069859	9.27296e-05	0.000259814	-0.000912987	-0.000942733	-0.00130472	-0.000460672	2.22531e-06	0.00072707	0.000251165	-5.73083e-05	-0.000770769	-0.000913545	-0.000483739	-0.000160466	0.000306189	
-0.00026694	-0.000170494	0.000250638	-0.00127454	-0.000507407	-0.000659314	-0.000551772	-0.000223789	-1.76793e-05	-0.000705077	-8.75182e-05	0.00054309	-0.000683945	-0.000321836	-0.00078716	0.000209708	0.00071477	0.00145592	0.00114562	0.000328881	0.000138975	-8.06795e-05	0.000212105	0.000362715	0.0010214	
-0.000357393	2.68833e-05	0.000469811	-0.00142998	-0.000795405	-0.000381985	-0.00068056	-0.00046078	-0.00061775	-0.000649506	-0.000341575	1.02766e-05	-0.000774783	-0.000852161	-0.00108875	-0.000138271	0.000226632	0.00110017	0.00066852	0.000176889	-5.08077e-05	-0.000421528	0.00044867	0.000348695	0.000985899	
-0.000522338	-0.00013374	5.15722e-05	-0.00117957	-0.000679023	-0.000848271	-0.00053827	-0.000865423	-0.000289485	-0.00108616	-0.000641171	-0.000272573	-0.0011848	-0.00115138	-0.00167147	-0.000746193	-0.000223143	0.000139757	3.12624e-05	-0.000170222	-0.000817456	-0.00058614	-0.000365311	0.000452894	0.000318902	
-0.000743953	-0.000847863	-0.000518179	-0.00211606	-0.00179179	-0.00171889	-0.00193725	-0.00138996	-0.00200697	-0.00184225	-0.00169069	-0.00113454	-0.00210179	-0.00194909	-0.00228005	-0.00132308	-0.00103645	-0.000103368	-0.000247416	-0.00089153	-0.000262164	-0.00115979	0.000362874	1.83971e-05	0.000733382	
-0.00124812	-0.000583969	-0.000789853	-0.00143308	-0.0011688	-0.00149823	-0.00104634	-0.00154218	-0.00106414	-0.00179494	-0.00118703	-0.00123562	-0.00179503	-0.00194585	-0.00211483	-0.00176887	-0.00119173	-0.000386813	-0.000744327	-0.000821495	-0.00131215	-0.00036184	-0.000809279	0.000355011	0.000231206	
-0.000860211	-0.00117613	-0.000526864	-0.00159729	-0.00160519	-0.00141005	-0.00146086	-0.00135358	-0.00171303	-0.00135334	-0.00154495	-0.000848907	-0.00146728	-0.00147048	-0.00186454	-0.000812018	-0.000762301	-0.000160308	8.74011e-05	-0.000648757	0.000167788	-0.000856379	0.00065906	0.000210242	0.000658479	
-0.000513298	0.000103406	6.36348e-05	-0.000551917	-0.000758329	-0.000747834	-0.0004821	-0.001123	-0.000738962	-0.0011698	-0.00100627	-0.000888669	-0.000905102	-0.00140544	-0.00140077	-0.000818905	-0.000484451	-9.67129e-06	4.73268e-06	0.000170803	-0.000178285	0.000285572	0.00019721	0.000915871	0.00049804	
0.000117845	0.000521492	0.000467653	7.33225e-05	-0.000227158	-0.000244136	-0.00017905	-0.000484715	-0.000530823	-0.000543074	-0.000464575	-0.00030658	-0.000439098	-0.000424933	-0.0006769	-0.000328321	-5.78824e-05	0.000583546	0.000540532	-8.64781e-05	0.000453321	5.97352e-05	0.000563549	0.000477586	0.0004326	
