-0.285066	-0.326408	-0.337789	-0.320037	-0.265095	-0.174951	-0.0544844	0.073795	0.198535	0.307874	0.401605	0.459724	0.477562	0.443052	0.369811	0.27833	0.182531	0.105893	0.046952	0.00548602	-0.0150105	-0.0323064	-0.0383362	-0.0419755	-0.0433706	
-0.300791	-0.335972	-0.334076	-0.305335	-0.239805	-0.136443	-0.0158737	0.116296	0.230366	0.339668	0.418567	0.46852	0.468243	0.421029	0.339947	0.245217	0.152029	0.0843623	0.025674	-0.00253072	-0.0235365	-0.0358057	-0.0370583	-0.0407877	-0.044461	
-0.319771	-0.342407	-0.330803	-0.288858	-0.211583	-0.0996659	0.0245085	0.152355	0.262179	0.364068	0.432297	0.469873	0.453156	0.395078	0.30958	0.212427	0.130802	0.0644384	0.0170948	-0.00589637	-0.0284952	-0.0341347	-0.0394863	-0.0464338	-0.0478914	
-0.328513	-0.336622	-0.314028	-0.26068	-0.16913	-0.0538527	0.0752306	0.193466	0.302355	0.391313	0.451237	0.471635	0.439401	0.371898	0.278931	0.185008	0.107985	0.0440818	0.00673437	-0.0192032	-0.0361671	-0.0396986	-0.0464539	-0.0484057	-0.0442065	
-0.336992	-0.32949	-0.296124	-0.227684	-0.126722	-0.00514192	0.120904	0.233254	0.335475	0.412246	0.460386	0.460921	0.415072	0.337077	0.240021	0.152658	0.0787847	0.0255317	-0.00501961	-0.0271447	-0.0360669	-0.0385678	-0.0450195	-0.0428121	-0.0445062	
-0.338064	-0.318388	-0.272215	-0.19079	-0.0812925	0.0435621	0.163835	0.27115	0.363739	0.42996	0.463135	0.445502	0.389026	0.301622	0.208126	0.12593	0.0593269	0.0160322	-0.0112606	-0.0301749	-0.0356496	-0.0435616	-0.0480091	-0.0469785	-0.0529315	
-0.327435	-0.296613	-0.23583	-0.143046	-0.0263311	0.0978341	0.211187	0.312164	0.393111	0.448197	0.461683	0.428976	0.358839	0.266523	0.175908	0.0978339	0.0391512	0.00212828	-0.0237606	-0.0363846	-0.0427705	-0.0495666	-0.0481602	-0.0495767	-0.0517736	
-0.315297	-0.269936	-0.196972	-0.091963	0.0278623	0.148602	0.254538	0.346225	0.416401	0.455041	0.450451	0.401002	0.320637	0.226392	0.140348	0.0689051	0.0204412	-0.0120992	-0.0306226	-0.0395471	-0.045455	-0.0473762	-0.0471714	-0.0500898	-0.0501135	
-0.295532	-0.23787	-0.150636	-0.039069	0.0830641	0.19535	0.294515	0.374833	0.432959	0.453269	0.430862	0.366428	0.280015	0.186934	0.107869	0.0456142	0.00538651	-0.0210076	-0.0339461	-0.0426784	-0.0453258	-0.0485306	-0.0492215	-0.0524658	-0.0522235	
-0.265039	-0.196711	-0.0958201	0.0188852	0.13881	0.242116	0.331909	0.401793	0.44338	0.447069	0.40439	0.3313	0.238802	0.152616	0.0794343	0.0278571	-0.00695247	-0.0263041	-0.0392295	-0.0441568	-0.0490894	-0.0515935	-0.0530612	-0.0560837	-0.055491	
-0.226338	-0.143	-0.0350266	0.0834098	0.194218	0.289969	0.368088	0.425398	0.449422	0.43269	0.373988	0.291368	0.19816	0.118056	0.0520372	0.00879517	-0.0203266	-0.0365143	-0.0466539	-0.0501638	-0.0555565	-0.0536558	-0.0568231	-0.0546908	-0.0548178	
-0.186916	-0.089353	0.0225387	0.139573	0.239894	0.326077	0.3923	0.433694	0.43927	0.400959	0.33107	0.240094	0.153523	0.078453	0.0246485	-0.0113641	-0.0323406	-0.0445313	-0.0485981	-0.0524247	-0.0517213	-0.0516242	-0.053231	-0.0518115	-0.05608	
-0.134271	-0.0292336	0.0848578	0.192732	0.283447	0.357707	0.411115	0.435483	0.420281	0.366117	0.285901	0.19591	0.116345	0.051382	0.00887617	-0.0195984	-0.0345176	-0.0430348	-0.0468924	-0.050616	-0.0509421	-0.0559489	-0.0567918	-0.0612181	-0.0639195	
-0.0678917	0.0414801	0.153138	0.249458	0.329787	0.39122	0.42964	0.434274	0.398368	0.330556	0.242788	0.157657	0.0834777	0.0298544	-0.00685515	-0.0292325	-0.0423394	-0.0498498	-0.0552713	-0.0578561	-0.0611144	-0.062974	-0.0631301	-0.0645309	-0.0620954	
-0.00629014	0.104465	0.207653	0.292662	0.361038	0.408809	0.429546	0.412329	0.358676	0.278774	0.190534	0.110477	0.0460266	0.00206054	-0.0274548	-0.0435656	-0.0532645	-0.0578601	-0.0602475	-0.0606793	-0.0612989	-0.0595609	-0.059874	-0.0586432	-0.0594985	
0.0583197	0.164051	0.254651	0.327616	0.382701	0.415127	0.415521	0.378029	0.309919	0.224332	0.140937	0.06941	0.0177277	-0.0171518	-0.0375547	-0.0486095	-0.0542143	-0.0564268	-0.0572235	-0.0578177	-0.057909	-0.0590284	-0.060912	-0.0630389	-0.0672759	
0.12926	0.224536	0.301668	0.361895	0.402533	0.41684	0.395609	0.340463	0.261689	0.176689	0.100056	0.0398515	-0.00140271	-0.0279143	-0.0423597	-0.0507154	-0.054639	-0.0570766	-0.0589166	-0.060724	-0.0627799	-0.0656999	-0.0679916	-0.0712924	-0.0731921	
0.195112	0.277211	0.341311	0.388164	0.412531	0.406044	0.364303	0.294682	0.211017	0.130479	0.0629235	0.0139847	-0.0187798	-0.0383248	-0.0496049	-0.0560777	-0.0598309	-0.0628362	-0.0652829	-0.0676039	-0.0700797	-0.0718608	-0.0734028	-0.0743249	-0.0738899	
0.247964	0.316281	0.36764	0.399769	0.405296	0.377209	0.317954	0.23892	0.156297	0.0832364	0.0266689	-0.0123553	-0.0373334	-0.0518482	-0.0605288	-0.0653557	-0.0685868	-0.0707677	-0.0722009	-0.0732227	-0.0735289	-0.0731392	-0.0726639	-0.0714863	-0.0712378	
0.286788	0.341144	0.378564	0.39325	0.377597	0.329525	0.25745	0.175644	0.0991087	0.0367381	-0.00796233	-0.0372177	-0.054479	-0.0640364	-0.0688847	-0.070986	-0.0717444	-0.0714664	-0.070775	-0.0698581	-0.0688662	-0.0685678	-0.0690081	-0.0707869	-0.0745321	
0.32506	0.36509	0.385986	0.38016	0.342975	0.278863	0.200295	0.12215	0.0556857	0.00599153	-0.0271145	-0.0470909	-0.0577986	-0.0630317	-0.0650179	-0.0656111	-0.0656069	-0.0656548	-0.0662629	-0.0675913	-0.0700424	-0.0737206	-0.0783565	-0.0840451	-0.0897171	
0.359295	0.385048	0.387395	0.360221	0.304553	0.230408	0.151934	0.081783	0.0268443	-0.0114356	-0.0357126	-0.049826	-0.0576614	-0.0620471	-0.0648713	-0.067326	-0.0699191	-0.0730674	-0.0767709	-0.0809549	-0.0854691	-0.0897704	-0.0935184	-0.0961508	-0.0970629	
0.368563	0.378056	0.360165	0.313394	0.244908	0.167776	0.0951182	0.0356051	-0.00787004	-0.0367354	-0.0546104	-0.0652375	-0.0717516	-0.07612	-0.0796112	-0.0827433	-0.0857444	-0.088595	-0.0910879	-0.0930622	-0.0942391	-0.0944358	-0.0936988	-0.092053	-0.0900909	
0.35818	0.347312	0.308391	0.245982	0.171527	0.0981217	0.0356426	-0.0115278	-0.0436812	-0.0638559	-0.0757228	-0.0824885	-0.0863772	-0.0887328	-0.0902653	-0.0912411	-0.0917771	-0.0918356	-0.0914201	-0.0905746	-0.0893894	-0.0881631	-0.0872459	-0.0871491	-0.0885479	
0.341704	0.30881	0.25185	0.180452	0.107251	0.0428053	-0.00722078	-0.0420719	-0.0641211	-0.0769187	-0.0837497	-0.0870977	-0.0885197	-0.0889307	-0.0887779	-0.0883048	-0.0876494	-0.0869286	-0.086317	-0.0860143	-0.0863116	-0.0875596	-0.0900982	-0.0943088	-0.100387	
0.315286	0.263328	0.195266	0.12294	0.0572206	0.00472395	-0.0327925	-0.0570501	-0.0713426	-0.0790165	-0.0827292	-0.0842726	-0.08473	-0.0847174	-0.0845774	-0.0845467	-0.0848109	-0.0855777	-0.0870727	-0.0895373	-0.0932253	-0.0983218	-0.104919	-0.112923	-0.121942	
0.272623	0.208621	0.13822	0.0722771	0.0180736	-0.0217572	-0.0482724	-0.064426	-0.0735295	-0.0783527	-0.0808649	-0.0823062	-0.0834183	-0.0846351	-0.0862417	-0.0884518	-0.0914474	-0.0953901	-0.100393	-0.106502	-0.11364	-0.121559	-0.129814	-0.137728	-0.144456	
0.205583	0.13877	0.0743355	0.0199245	-0.0211498	-0.049308	-0.0671159	-0.0777435	-0.0839904	-0.0879153	-0.0908539	-0.0936012	-0.0966079	-0.100122	-0.104278	-0.109128	-0.114654	-0.12075	-0.127206	-0.133691	-0.139747	-0.144816	-0.148296	-0.149639	-0.148517	
0.11494	0.0527926	-0.000741938	-0.041949	-0.0707508	-0.089338	-0.100688	-0.10755	-0.111996	-0.115381	-0.118485	-0.121706	-0.125199	-0.128974	-0.132942	-0.136935	-0.140721	-0.144003	-0.146448	-0.147715	-0.147508	-0.145657	-0.142205	-0.137504	-0.132296	
0.0300133	-0.0236037	-0.0653868	-0.0949192	-0.114079	-0.125655	-0.132329	-0.136174	-0.138563	-0.140288	-0.141732	-0.143027	-0.144156	-0.145016	-0.145462	-0.145328	-0.144459	-0.142739	-0.140126	-0.136699	-0.132705	-0.128597	-0.125063	-0.123027	-0.12361	
-0.0221598	-0.0650939	-0.0959052	-0.116159	-0.128427	-0.135289	-0.138808	-0.140398	-0.140905	-0.140779	-0.140218	-0.139284	-0.137976	-0.136273	-0.134172	-0.131707	-0.128974	-0.126159	-0.123554	-0.121575	-0.120773	-0.121829	-0.125533	-0.132753	-0.144383	
-0.0486831	-0.0797407	-0.100569	-0.11346	-0.120824	-0.124653	-0.12636	-0.126834	-0.126583	-0.125883	-0.124881	-0.123671	-0.122344	-0.121006	-0.11981	-0.118962	-0.11874	-0.119498	-0.121677	-0.125802	-0.132474	-0.142356	-0.156143	-0.174516	-0.19809	
-0.0697107	-0.089412	-0.101772	-0.108975	-0.112878	-0.114834	-0.11572	-0.116065	-0.116176	-0.116246	-0.116424	-0.116856	-0.117709	-0.119194	-0.121568	-0.12515	-0.130316	-0.137505	-0.147211	-0.159966	-0.176316	-0.196782	-0.221802	-0.251651	-0.28635	
-0.101651	-0.11141	-0.116867	-0.119693	-0.121125	-0.121979	-0.122757	-0.123764	-0.125201	-0.127235	-0.130034	-0.133792	-0.138738	-0.145145	-0.153326	-0.163631	-0.176439	-0.192136	-0.21109	-0.233614	-0.259917	-0.290039	-0.323787	-0.360658	-0.399775	
-0.16494	-0.166295	-0.166057	-0.165333	-0.164854	-0.165064	-0.166229	-0.168517	-0.172068	-0.17702	-0.183529	-0.191778	-0.201968	-0.214319	-0.229052	-0.246372	-0.266445	-0.289366	-0.315124	-0.343562	-0.374333	-0.406865	-0.440326	-0.473616	-0.505374	
-0.269235	-0.26479	-0.260626	-0.257442	-0.255655	-0.255499	-0.257103	-0.260552	-0.265913	-0.273253	-0.282643	-0.294151	-0.307834	-0.323725	-0.341814	-0.362026	-0.384202	-0.408075	-0.433246	-0.459169	-0.485134	-0.51027	-0.53355	-0.553812	-0.56979	
-0.392574	-0.38603	-0.380535	-0.37655	-0.374336	-0.374028	-0.375692	-0.379348	-0.384996	-0.392611	-0.402149	-0.413538	-0.426665	-0.441372	-0.457436	-0.474563	-0.492373	-0.510391	-0.528039	-0.544634	-0.559387	-0.571406	-0.579706	-0.583212	-0.580775	
-0.499375	-0.493808	-0.4892	-0.485875	-0.484019	-0.483726	-0.485029	-0.487917	-0.492339	-0.49821	-0.505406	-0.51376	-0.523054	-0.533017	-0.543313	-0.553535	-0.563201	-0.571745	-0.578512	-0.582757	-0.583638	-0.580224	-0.571493	-0.556348	-0.533643	
-0.567727	-0.564877	-0.562412	-0.560585	-0.559547	-0.559375	-0.560088	-0.561658	-0.564007	-0.567011	-0.570496	-0.574232	-0.577933	-0.581249	-0.58376	-0.584973	-0.584313	-0.581126	-0.574673	-0.564137	-0.548632	-0.527224	-0.498958	-0.462909	-0.418244	
-0.583609	-0.584803	-0.585444	-0.585761	-0.585898	-0.585931	-0.585874	-0.585685	-0.585263	-0.584449	-0.583024	-0.580704	-0.577139	-0.571914	-0.564544	-0.554476	-0.541099	-0.523745	-0.501707	-0.474266	-0.440715	-0.400405	-0.352793	-0.297506	-0.234397	
-0.527417	-0.533741	-0.538321	-0.541366	-0.543008	-0.54332	-0.542311	-0.539934	-0.536078	-0.530571	-0.523178	-0.513606	-0.501502	-0.486462	-0.468043	-0.445765	-0.419138	-0.387675	-0.350922	-0.308487	-0.260076	-0.205532	-0.144864	-0.0782845	-0.00622516	
-0.387055	-0.398265	-0.406667	-0.412403	-0.415556	-0.416172	-0.414253	-0.40976	-0.402604	-0.39265	-0.379711	-0.363563	-0.343949	-0.32059	-0.293203	-0.261513	-0.225277	-0.184299	-0.138458	-0.0877234	-0.0321767	0.0279729	0.0923807	0.160564	0.231906	
-0.176172	-0.190383	-0.201254	-0.208805	-0.21303	-0.213923	-0.211475	-0.205667	-0.196461	-0.183788	-0.167556	-0.147652	-0.123956	-0.09635	-0.0647342	-0.0290375	0.0107673	0.0546513	0.102518	0.154194	0.209423	0.267858	0.329058	0.39248	0.457475	
0.0749678	0.0600749	0.0484295	0.0401641	0.0354106	0.0342465	0.0366928	0.0427399	0.0523744	0.0655939	0.0824099	0.102842	0.126908	0.154616	0.185949	0.220862	0.259266	0.301023	0.345936	0.393738	0.444086	0.496541	0.550552	0.605426	0.660297	
0.34339	0.329456	0.318157	0.309854	0.304857	0.303336	0.305319	0.310761	0.319593	0.33175	0.347184	0.365853	0.387714	0.412708	0.440751	0.471722	0.50545	0.541704	0.580179	0.620483	0.662115	0.704451	0.74671	0.787916	0.826866	
0.619158	0.607308	0.596959	0.58888	0.583674	0.581623	0.582751	0.586947	0.594061	0.603952	0.6165	0.631596	0.649123	0.668946	0.690889	0.714725	0.740162	0.76683	0.794266	0.821904	0.849068	0.874961	0.898641	0.918988	0.934648	
0.889639	0.881075	0.872192	0.864534	0.859125	0.856361	0.856214	0.858457	0.862812	0.869028	0.876881	0.886159	0.896645	0.908087	0.920192	0.932602	0.944897	0.956579	0.967075	0.975744	0.98189	0.984781	0.983643	0.977608	0.965563	
1.12707	1.12257	1.11535	1.10825	1.10271	1.09914	1.09736	1.09695	1.09749	1.09858	1.09989	1.10109	1.10187	1.10187	1.1007	1.09794	1.09309	1.08566	1.07512	1.06096	1.04273	1.02008	0.992792	0.960715	0.923376	
1.29591	1.29352	1.28689	1.28012	1.27456	1.27031	1.26688	1.26364	1.26001	1.25549	1.24965	1.24212	1.2325	1.22041	1.20545	1.18719	1.16523	1.13918	1.1087	1.07357	1.03376	0.989467	0.941282	0.890135	0.836867	
1.37329	1.36234	1.3538	1.34704	1.34175	1.33727	1.33276	1.32743	1.3206	1.31173	1.30039	1.2862	1.26878	1.24777	1.22283	1.19362	1.15986	1.12132	1.07789	1.02964	0.976853	0.920203	0.860933	0.801192	0.744731	
