-0.00882939	-0.0120796	-0.0128791	-0.0141582	-0.0123986	-0.00901947	-0.00670446	-0.00217894	0.00299055	0.00539839	0.0070785	0.00678653	0.0062144	0.00384616	0.00129975	-0.000676585	-0.00299214	-0.00256264	-0.00223768	-0.00208045	-0.000339361	0.000383632	0.000413977	0.000246519	0.000364803	
-0.00869765	-0.0120391	-0.0132489	-0.0147026	-0.0127987	-0.00983561	-0.00727991	-0.00297777	0.00247743	0.00479437	0.0067698	0.00630218	0.00609623	0.00371529	0.00114864	-0.000933893	-0.00290276	-0.00291959	-0.00212584	-0.00201709	-0.000300963	0.000257899	0.000663695	0.000701491	0.000464654	
-0.00990644	-0.0133066	-0.0147498	-0.0158427	-0.014448	-0.0113157	-0.00873352	-0.00452485	0.000987558	0.00375809	0.00569031	0.00537539	0.0054396	0.00295306	0.000482871	-0.00171236	-0.00388988	-0.0038979	-0.00348528	-0.00358412	-0.00211122	-0.00111525	-0.00121151	-0.00110962	-0.00110757	
-0.0100928	-0.0131627	-0.0147999	-0.0164915	-0.0150372	-0.0116966	-0.00989473	-0.00510231	0.000261607	0.0029778	0.00520664	0.00502874	0.00510399	0.00304493	0.000376506	-0.00152341	-0.00390633	-0.00369482	-0.00378355	-0.00344327	-0.00188242	-0.00122093	-0.000858783	-0.000693661	-0.00125652	
-0.00985861	-0.013394	-0.0150032	-0.0166995	-0.0155984	-0.0122884	-0.0101003	-0.00588714	-0.000193258	0.00281803	0.00491397	0.00507836	0.00512335	0.00320196	0.000456443	-0.00215199	-0.0038341	-0.0046371	-0.00426534	-0.00441313	-0.00282334	-0.00226458	-0.00193705	-0.00153063	-0.00184843	
-0.00897988	-0.012557	-0.0144616	-0.0164174	-0.0152103	-0.0126317	-0.0100648	-0.00604049	-0.000344491	0.00315413	0.00534141	0.00530876	0.00617499	0.00405082	0.00118236	-0.000899049	-0.00314271	-0.00373932	-0.00372082	-0.00368385	-0.00265794	-0.00153097	-0.00143919	-0.00139507	-0.00136727	
-0.00875577	-0.0121921	-0.0137904	-0.016307	-0.015047	-0.0123166	-0.01038	-0.00600809	-0.000398248	0.00300397	0.00544724	0.00591141	0.00645519	0.00460236	0.00193636	-0.000829755	-0.00287712	-0.0035235	-0.00385689	-0.00389265	-0.00222508	-0.00207892	-0.00102786	-0.00142012	-0.00124751	
-0.00801655	-0.0111616	-0.0134899	-0.0154123	-0.0150851	-0.0122163	-0.0100217	-0.00592882	-0.000251225	0.00329463	0.00611664	0.00625045	0.00718291	0.00554722	0.00259997	0.000166867	-0.00204443	-0.00281837	-0.00360289	-0.00295172	-0.00227365	-0.000968908	-0.000949846	-0.000472515	-0.000899627	
-0.00688693	-0.0105818	-0.0127108	-0.0149709	-0.0145148	-0.012211	-0.00946497	-0.00560577	9.86653e-05	0.00422445	0.00663155	0.00753381	0.00822048	0.00685366	0.00380307	0.00135982	-0.000791604	-0.00211808	-0.00225694	-0.00266757	-0.00108485	-0.000864757	0.000115591	6.14888e-05	-3.52718e-05	
-0.00741651	-0.0103288	-0.0127761	-0.0150155	-0.014702	-0.0124267	-0.0098001	-0.00574116	-0.000123614	0.0038807	0.00649477	0.00749826	0.00835668	0.00674281	0.00415379	0.000986939	-0.000957072	-0.00230503	-0.0034181	-0.00274369	-0.00197829	-0.000938793	-0.000435625	0.000133258	0.000118661	
-0.00653901	-0.0102274	-0.0122786	-0.0149632	-0.0145857	-0.0126486	-0.00972814	-0.00580541	-8.32009e-05	0.00388104	0.00687974	0.00789817	0.00888323	0.00749758	0.00460794	0.00162204	-0.000302721	-0.00221024	-0.00283622	-0.00246656	-0.00157077	-0.000942722	0.000467104	3.68888e-05	0.000630572	
-0.00793319	-0.011324	-0.0137693	-0.0161609	-0.0161029	-0.0140756	-0.0114139	-0.00724783	-0.00166953	0.0022503	0.00534894	0.00648925	0.00732401	0.00617692	0.00306978	0.00018973	-0.00223925	-0.0037431	-0.00495298	-0.0043988	-0.00317861	-0.00280764	-0.00142825	-0.000700841	-0.000922735	
-0.00832241	-0.0119669	-0.0144276	-0.0166247	-0.017092	-0.0150827	-0.0121282	-0.00792905	-0.00261725	0.00183084	0.00478196	0.00608458	0.00731829	0.00570424	0.00303642	-0.000301431	-0.00235787	-0.00472818	-0.00533445	-0.00491646	-0.00456726	-0.0030731	-0.00215518	-0.00188296	-0.00132519	
-0.00834686	-0.0116939	-0.0141352	-0.0168603	-0.0169765	-0.015302	-0.0124425	-0.00831018	-0.00298676	0.00097417	0.00440765	0.00591276	0.00654066	0.00570838	0.00227164	-0.000390325	-0.00319873	-0.00499599	-0.00626904	-0.00575751	-0.00460806	-0.00386434	-0.00248426	-0.00148459	-0.0011676	
-0.00738461	-0.0111177	-0.0133485	-0.0158111	-0.0165633	-0.0146529	-0.0117952	-0.00746332	-0.00216081	0.00191854	0.00556261	0.00700877	0.00806648	0.00649738	0.00412979	0.000440086	-0.00176125	-0.00449189	-0.00551118	-0.00517191	-0.00402487	-0.00336413	-0.00188617	-0.00121548	-0.000597316	
-0.00620049	-0.00936664	-0.0119612	-0.0141314	-0.0149617	-0.0135822	-0.0101607	-0.00596636	-0.000882466	0.00339458	0.00697209	0.00893476	0.0094587	0.00847808	0.0052394	0.00270021	-0.000737254	-0.00276716	-0.0043153	-0.00374441	-0.00269957	-0.00201411	-0.000753573	0.00028738	0.000878078	
-0.00449538	-0.00794539	-0.0101717	-0.0123754	-0.0135961	-0.0119787	-0.00867863	-0.00435718	0.000580584	0.00479926	0.0086418	0.0104968	0.0112972	0.00985458	0.0072574	0.00381272	0.00100887	-0.0020153	-0.00281832	-0.00279832	-0.00161353	-0.000759625	0.000163838	0.00183884	0.00218655	
-0.00373193	-0.00709479	-0.00906846	-0.0116749	-0.0126419	-0.0111942	-0.00830701	-0.0033462	0.00126147	0.0054185	0.00962169	0.0116929	0.0122051	0.0112779	0.00831672	0.00525588	0.00189976	-0.000434087	-0.00218291	-0.00166407	-0.000835684	-0.000127185	0.00144163	0.00234115	0.00327011	
-0.00456027	-0.00797572	-0.0101564	-0.0122262	-0.0138605	-0.0123092	-0.00928782	-0.00441314	0.000477628	0.00425316	0.00875887	0.0108929	0.0115095	0.0104299	0.00750177	0.00436249	0.00111097	-0.0019915	-0.00318789	-0.00304566	-0.00214534	-0.00144414	-4.66637e-05	0.00158044	0.0017586	
-0.00490586	-0.00864774	-0.0109793	-0.0126399	-0.0146361	-0.0135629	-0.00975161	-0.00536173	-0.000975064	0.00363353	0.0076831	0.0102215	0.010975	0.00987976	0.00705677	0.00429456	0.000707927	-0.00212452	-0.00338099	-0.00346299	-0.00230818	-0.00167153	-0.000386545	0.00102407	0.00200411	
-0.00529684	-0.00854299	-0.0108567	-0.0131712	-0.0146649	-0.0135362	-0.0105027	-0.00569918	-0.00105668	0.00284269	0.00750781	0.0102546	0.0108182	0.00979569	0.00723833	0.00425788	0.000688952	-0.00226982	-0.00363129	-0.00356313	-0.00259033	-0.00192704	-0.00086749	0.00117069	0.00159997	
-0.0040703	-0.0076942	-0.00999601	-0.0117602	-0.0138672	-0.0129847	-0.0096197	-0.00491561	-0.000960174	0.00372991	0.00795211	0.0110499	0.0115313	0.0108646	0.00822125	0.00490088	0.00188726	-0.00136549	-0.00280784	-0.00235547	-0.00168121	-0.00102033	0.000393472	0.00191071	0.00305354	
-0.0027172	-0.00602365	-0.00814261	-0.0104565	-0.0124247	-0.0115897	-0.00845138	-0.00377451	0.000554788	0.00458636	0.0096941	0.0123588	0.013199	0.0126026	0.0098806	0.00700051	0.00334377	0.000618343	-0.00112495	-0.000803676	-0.000186564	0.000486925	0.00195135	0.00373412	0.00429124	
-0.000956265	-0.00408669	-0.00678938	-0.00865545	-0.0108643	-0.0103139	-0.00690005	-0.00265422	0.00128684	0.00624033	0.0103335	0.0140049	0.0144884	0.0141227	0.0117182	0.00828576	0.00537707	0.00216074	0.000823584	0.000575202	0.00147551	0.0017171	0.00362138	0.00513432	0.00607001	
0.000611385	-0.00259363	-0.00557685	-0.00741139	-0.00970202	-0.0095954	-0.00593087	-0.00179161	0.00199432	0.00674406	0.0113349	0.0144746	0.0155899	0.0153349	0.0127209	0.0100577	0.00689769	0.00384432	0.00211905	0.00257251	0.00236735	0.00385808	0.00481196	0.0066753	0.00739555	
0.000345937	-0.0028398	-0.00537357	-0.00793636	-0.00995143	-0.00985426	-0.00663221	-0.00252042	0.00117825	0.00582388	0.0102551	0.0143264	0.0147233	0.0147412	0.0127259	0.00938791	0.00672121	0.00327177	0.00188767	0.00164288	0.00239274	0.00253005	0.00452798	0.00580506	0.00689686	
0.000102368	-0.00286801	-0.00638497	-0.00828856	-0.0108223	-0.0110606	-0.00740969	-0.00375731	-0.000518769	0.00497509	0.00893407	0.012827	0.0138929	0.0137008	0.0118735	0.00897103	0.00626821	0.00310204	0.00107531	0.00196665	0.00135929	0.00252057	0.0039087	0.00512997	0.00626239	
-0.00028493	-0.00367764	-0.0070074	-0.00927393	-0.0117094	-0.0118898	-0.00889788	-0.00561319	-0.00192391	0.00247037	0.00681816	0.0108797	0.0115389	0.0117254	0.00985344	0.00685348	0.00441267	0.00115074	-0.000368025	-0.000336161	-7.43923e-05	0.000564464	0.00231337	0.0039222	0.00478596	
-0.000806649	-0.00394103	-0.00767347	-0.0100216	-0.0121532	-0.0129996	-0.00973476	-0.00666715	-0.00390491	0.00146792	0.00506196	0.00940804	0.0103069	0.0106575	0.00891424	0.00599139	0.00384245	0.000927884	-0.000879053	-0.00037223	-0.000613488	-2.59346e-05	0.00201666	0.00300439	0.00432061	
-0.00206361	-0.00515573	-0.00888245	-0.0110831	-0.0135569	-0.0138882	-0.0112229	-0.00832782	-0.00505075	-0.00034193	0.00378168	0.00753494	0.00871797	0.00919347	0.00748294	0.00442424	0.0026079	-0.000778632	-0.002181	-0.00188638	-0.00292629	-0.00145087	-0.000214242	0.00121476	0.00213974	
-0.000945514	-0.00406111	-0.00781171	-0.0102537	-0.0122139	-0.0133774	-0.0105456	-0.00794936	-0.00519068	-8.06532e-05	0.00333003	0.00755974	0.00851515	0.00935922	0.00761562	0.00493384	0.00291037	0.000386184	-0.00143454	-0.00130633	-0.00127534	-0.00107667	0.000897346	0.0018445	0.00285261	
-0.000895004	-0.00397743	-0.00784134	-0.0099421	-0.0124968	-0.0132478	-0.0107027	-0.0083714	-0.00585675	-0.00102379	0.00254519	0.00642798	0.00786684	0.00798788	0.00690877	0.00403092	0.00212413	-0.000686188	-0.00215988	-0.002039	-0.00298989	-0.00175117	-0.000547914	0.000260457	0.00112442	
-0.00212191	-0.00534024	-0.00900848	-0.0114396	-0.0138046	-0.0146005	-0.0122638	-0.0103822	-0.00797809	-0.00348263	0.000228502	0.00411236	0.00492448	0.00587211	0.00440534	0.00179786	-0.00024837	-0.00260869	-0.00427893	-0.0045845	-0.00502258	-0.00461283	-0.00330468	-0.00218341	-0.00154956	
-0.00361573	-0.00673661	-0.0105314	-0.013261	-0.0153338	-0.0163391	-0.0146012	-0.0126988	-0.0105867	-0.00600228	-0.00250686	0.00108315	0.00258526	0.00299816	0.00188881	-0.000456116	-0.00260078	-0.00481045	-0.00617847	-0.00660505	-0.00737644	-0.00658237	-0.00544075	-0.00470928	-0.0036733	
-0.00544328	-0.00872699	-0.0125907	-0.0149691	-0.0172165	-0.0181646	-0.0169864	-0.0151908	-0.0129277	-0.00915002	-0.005442	-0.00165441	-0.0005635	-2.28849e-05	-0.000972907	-0.0032817	-0.00522813	-0.00731639	-0.00879481	-0.00962346	-0.0101731	-0.00944259	-0.00878868	-0.00763151	-0.00693917	
-0.00594946	-0.00947579	-0.0130519	-0.0156418	-0.0177006	-0.0191341	-0.0177652	-0.0162776	-0.014547	-0.0106738	-0.00688711	-0.00364115	-0.00202729	-0.00159703	-0.00258132	-0.00431246	-0.0064636	-0.00824574	-0.00996078	-0.0107646	-0.0112421	-0.0110842	-0.0103062	-0.00923279	-0.00891055	
-0.0057572	-0.00885359	-0.012526	-0.0152954	-0.0175483	-0.0184011	-0.0181163	-0.0166093	-0.0146583	-0.0112972	-0.00776964	-0.00420505	-0.00279702	-0.00245859	-0.00295076	-0.00473138	-0.00707783	-0.0087348	-0.0100758	-0.0114309	-0.0119176	-0.0113759	-0.0109487	-0.0102491	-0.00932062	
-0.00402103	-0.0077279	-0.0111647	-0.0139925	-0.0159291	-0.0174593	-0.017006	-0.0159592	-0.0141182	-0.0111875	-0.00733715	-0.0046834	-0.00262148	-0.00231599	-0.0030327	-0.00438513	-0.00635965	-0.00806903	-0.00949268	-0.0105189	-0.0109848	-0.0107825	-0.010399	-0.00945984	-0.00923567	
-0.00278015	-0.00608483	-0.00966169	-0.0125334	-0.0146287	-0.0157091	-0.0162217	-0.0149706	-0.0133026	-0.0107671	-0.00723286	-0.0039747	-0.00250971	-0.00247875	-0.00267584	-0.00375409	-0.00626763	-0.00730726	-0.0083124	-0.0100773	-0.0103672	-0.00967093	-0.0094096	-0.00881678	-0.00790037	
-0.000253808	-0.00402064	-0.00722343	-0.0104742	-0.0123254	-0.0138981	-0.0140542	-0.0132564	-0.0116999	-0.00943735	-0.0054755	-0.00304864	-0.00095536	-0.000897967	-0.000799268	-0.00185397	-0.00404413	-0.00497698	-0.00610069	-0.00760893	-0.00787906	-0.00753378	-0.00706596	-0.00611219	-0.00577207	
0.00195901	-0.00153577	-0.00484636	-0.0078041	-0.00982503	-0.0109002	-0.0116777	-0.0109955	-0.0092813	-0.00728865	-0.00352715	-0.000967531	0.00104954	0.00113675	0.00148951	0.000474631	-0.00149095	-0.00238771	-0.003197	-0.00489235	-0.005076	-0.00484612	-0.00466989	-0.00352293	-0.00315288	
0.00480575	0.00166087	-0.00145298	-0.00486029	-0.0062383	-0.007658	-0.00884644	-0.00803911	-0.00629037	-0.00454099	-0.000974242	0.00157386	0.00359915	0.00363609	0.00411108	0.00383571	0.00142145	0.000993904	-0.000147044	-0.0017673	-0.0018999	-0.00172557	-0.00140339	-0.00071814	4.56409e-05	
0.00789428	0.00423048	0.00135999	-0.00164636	-0.00333094	-0.00490952	-0.00600181	-0.00568797	-0.00392024	-0.00263115	0.00119408	0.00304214	0.00567978	0.00568766	0.00669099	0.00603047	0.00479413	0.00353176	0.00287209	0.0012806	0.0010302	0.00117761	0.00145404	0.00234258	0.00255835	
0.00777177	0.00513947	0.00227932	-0.000816315	-0.00235977	-0.00351021	-0.00526068	-0.0048087	-0.00329223	-0.00204797	0.00103014	0.00355211	0.00562243	0.00606174	0.00693424	0.00695036	0.00469367	0.00454403	0.00366506	0.00184195	0.00166371	0.00200486	0.00196907	0.00240066	0.00344362	
0.00830927	0.0051871	0.00292979	-0.000462651	-0.00174126	-0.00338311	-0.00484391	-0.00500911	-0.0035734	-0.00260095	0.000889133	0.00224376	0.00526255	0.00548263	0.00650246	0.0064855	0.0053392	0.00458662	0.00395779	0.00242247	0.00212979	0.00211282	0.00247262	0.00315563	0.00370911	
0.0078926	0.00556974	0.00275884	2.12818e-05	-0.00178403	-0.00291459	-0.00509308	-0.00520308	-0.00377577	-0.00279925	9.82088e-05	0.00234948	0.00455961	0.00528505	0.00665045	0.00671926	0.00573733	0.00525777	0.00462426	0.00261527	0.00233628	0.00259061	0.00255669	0.00328693	0.00399277	
0.00606537	0.0038263	0.00193951	-0.0013874	-0.00241435	-0.00414152	-0.00614447	-0.00652379	-0.00564758	-0.00474231	-0.00187943	-0.000458241	0.00248924	0.00337055	0.00425444	0.00518974	0.00368063	0.00360344	0.00263553	0.00099932	0.000473966	0.000389494	0.000739901	0.000997992	0.00141013	
0.00541509	0.00324761	0.0007975	-0.00162074	-0.0034962	-0.00461754	-0.00702292	-0.00778126	-0.00674291	-0.00614703	-0.00374043	-0.00186866	0.000479665	0.00161873	0.00318433	0.00322178	0.00319486	0.00235329	0.00180703	-8.79329e-05	-0.000611304	-0.000811213	-0.000919307	-0.000319285	-0.000243781	
0.0041064	0.00236409	0.000310513	-0.00279311	-0.00421037	-0.00596785	-0.00858167	-0.00945019	-0.00896096	-0.0081974	-0.00637817	-0.00480339	-0.00219346	-0.000596227	0.000429698	0.00190337	0.000956539	0.000912274	-0.000152884	-0.00162288	-0.00214631	-0.00238006	-0.00224919	-0.00213943	-0.00178514	
0.00230129	0.000760447	-0.00143438	-0.00385813	-0.00575797	-0.00741999	-0.0102636	-0.0114297	-0.0109213	-0.0105503	-0.00916966	-0.00752222	-0.00514322	-0.00318297	-0.00175602	-0.00088844	-0.000733419	-0.0012554	-0.00213995	-0.00352662	-0.00404271	-0.0042779	-0.00448198	-0.00420246	-0.00417934	
