-0.0118849	-0.0162505	-0.0191321	-0.0215141	-0.0237642	-0.025109	-0.0239184	-0.0197522	-0.0148725	-0.00995259	-0.00524362	-0.00300928	-0.00163684	-0.00105297	-0.00012043	0.000839883	0.000110771	-0.00120606	-0.00297871	-0.00540153	-0.00607746	-0.00448678	-0.00169029	0.0017708	0.00506893	
-0.012009	-0.0157698	-0.0184419	-0.0210229	-0.0238128	-0.0252327	-0.024032	-0.0204929	-0.0162384	-0.0112407	-0.00640395	-0.00388937	-0.00224031	-0.00108054	0.000747532	0.00244002	0.00200131	0.000675893	-0.00136096	-0.00370666	-0.00477617	-0.003609	-0.00141075	0.00184806	0.00467703	
-0.0135832	-0.0163751	-0.018468	-0.0218114	-0.0246458	-0.0257452	-0.024915	-0.0227947	-0.0183725	-0.0129033	-0.00936802	-0.00690997	-0.00405082	-0.00142666	0.000973333	0.00332921	0.00332428	0.00275378	0.00150685	-0.000418084	-0.00177133	-0.00113507	0.000802077	0.00357635	0.00606626	
-0.0118545	-0.0137461	-0.0158668	-0.0195421	-0.0224132	-0.0231216	-0.0234315	-0.0214644	-0.0177303	-0.0132975	-0.0109858	-0.00886691	-0.00531218	-0.00270595	0.000579585	0.00326647	0.00380999	0.00374865	0.00250202	0.000510485	-0.001167	-0.000401185	0.000898834	0.00365922	0.00505177	
-0.0112104	-0.0140021	-0.0157924	-0.0185454	-0.0209034	-0.0225228	-0.0218761	-0.0202457	-0.0170411	-0.013822	-0.0126386	-0.00995597	-0.00687117	-0.00355019	0.000521346	0.00455445	0.00542741	0.00608724	0.00524329	0.00335636	0.0018886	0.00251432	0.00363378	0.00505588	0.00587652	
-0.0125015	-0.0151097	-0.0168951	-0.0184955	-0.0202664	-0.0212804	-0.0214562	-0.0187057	-0.0165491	-0.0144105	-0.0138322	-0.0123648	-0.00892638	-0.00501006	0.0011696	0.00538013	0.00696612	0.00845936	0.00815645	0.00702468	0.00552486	0.00580624	0.00592571	0.00806255	0.0071697	
-0.0121054	-0.0148372	-0.0157121	-0.0171264	-0.0183224	-0.0196697	-0.0190366	-0.018396	-0.0162665	-0.0136937	-0.0146391	-0.0138896	-0.0116532	-0.00701689	-0.000855404	0.00470518	0.00665712	0.00883636	0.00961195	0.0094605	0.00788143	0.00739397	0.0078297	0.00850164	0.00728264	
-0.0127708	-0.0139236	-0.0146216	-0.0163938	-0.0175489	-0.0170624	-0.0174474	-0.0164426	-0.0151731	-0.0126991	-0.0136782	-0.0149224	-0.0134067	-0.0103225	-0.0029456	0.00350022	0.00682015	0.00949801	0.0108983	0.0113743	0.00979415	0.00961859	0.00877521	0.00944136	0.00636946	
-0.0150684	-0.0163337	-0.0160292	-0.0175751	-0.0177756	-0.0175601	-0.0166312	-0.0168431	-0.0150296	-0.0124488	-0.0148474	-0.0155243	-0.0154171	-0.0123279	-0.00500829	0.00329425	0.00751361	0.0114357	0.0137095	0.0151377	0.0143841	0.013865	0.0127631	0.0117398	0.00879701	
-0.0142271	-0.0154763	-0.0159963	-0.0165238	-0.0162039	-0.0150777	-0.0150618	-0.0133869	-0.0117395	-0.0104288	-0.0129666	-0.0151531	-0.0151015	-0.0135364	-0.00593841	0.00216105	0.00739031	0.011584	0.0143534	0.0163574	0.0158422	0.0151817	0.0127304	0.0125162	0.0079217	
-0.0140379	-0.0163853	-0.0165254	-0.0167748	-0.0156006	-0.0150119	-0.0136139	-0.0123346	-0.0105758	-0.00955138	-0.0132192	-0.0148189	-0.0165262	-0.0149327	-0.00773995	0.00122615	0.00656662	0.0116974	0.0149228	0.0174171	0.0171754	0.0162353	0.0147143	0.0130493	0.00810477	
-0.014391	-0.0165752	-0.0169013	-0.0166345	-0.0160911	-0.0146	-0.0128792	-0.010623	-0.00966316	-0.00908903	-0.0119638	-0.015348	-0.0165865	-0.0155409	-0.00817978	-0.0001725	0.00544241	0.0108482	0.0145753	0.0167206	0.0168488	0.0171071	0.0152965	0.0139711	0.00797367	
-0.0152326	-0.0170229	-0.0160679	-0.0159439	-0.0151302	-0.0136927	-0.0108946	-0.00895822	-0.00732694	-0.00623424	-0.0106071	-0.0134285	-0.01498	-0.0129425	-0.0068461	0.000383836	0.00578391	0.0115453	0.0146744	0.0168619	0.0169677	0.0169579	0.0152034	0.0129342	0.00825134	
-0.0159246	-0.0176928	-0.0168042	-0.0158082	-0.0150881	-0.0129223	-0.0100733	-0.00759799	-0.00495598	-0.0040333	-0.00870423	-0.0122877	-0.0125937	-0.011382	-0.00530325	0.00146629	0.00664939	0.0111777	0.0143288	0.0165925	0.0164641	0.0160477	0.014033	0.0131113	0.00782591	
-0.0157762	-0.0172163	-0.0161685	-0.0155925	-0.0139357	-0.0116206	-0.00980913	-0.00728534	-0.00422205	-0.00329862	-0.00789342	-0.0107492	-0.0125321	-0.0110922	-0.00522355	0.00147686	0.00521596	0.00873283	0.0118048	0.0142425	0.013239	0.0128875	0.0123999	0.0113814	0.00756847	
-0.0138876	-0.0159748	-0.0151584	-0.0138806	-0.0118974	-0.00953543	-0.00782657	-0.00552076	-0.00245529	-0.0011681	-0.00463175	-0.00845459	-0.0103528	-0.00985873	-0.00373025	0.00209787	0.00421409	0.00700869	0.00966068	0.0101149	0.00927208	0.00858372	0.00788469	0.00842536	0.00491015	
-0.0154083	-0.016997	-0.0163705	-0.014787	-0.0115858	-0.00930593	-0.00744048	-0.00428478	-0.00138222	0.000478552	-0.0019741	-0.00552027	-0.00805283	-0.00689273	-0.0014444	0.00373241	0.00570673	0.00755842	0.00849248	0.00886836	0.00726528	0.00618438	0.00549035	0.00627326	0.00526391	
-0.0140803	-0.0170082	-0.0167365	-0.0142949	-0.0114918	-0.00925352	-0.00591244	-0.00358159	-0.000871487	0.00152754	-0.00140135	-0.00450576	-0.00700803	-0.00661087	-0.00102922	0.0034805	0.00531393	0.00600582	0.00597777	0.00608455	0.00438349	0.00286775	0.00283623	0.00512481	0.00444495	
-0.0111838	-0.0139448	-0.0138181	-0.011616	-0.00908044	-0.00593466	-0.00271037	0.000219205	0.00278604	0.00434038	0.0016025	-0.00202616	-0.00503773	-0.00448181	-0.000164146	0.00369247	0.00517453	0.00412398	0.00260317	0.00188243	-0.0014382	-0.00227698	-0.00165969	-0.000542652	0.000394585	
-0.00933957	-0.012524	-0.0124196	-0.0110826	-0.00908728	-0.00517074	-0.00143358	0.00221906	0.00521343	0.00660781	0.00281476	-0.000918886	-0.0036608	-0.00390021	8.93626e-05	0.00394248	0.00475973	0.00328282	0.000816092	-0.00207129	-0.00385622	-0.00520229	-0.00476938	-0.002741	-0.00239313	
-0.00821904	-0.0108313	-0.0116084	-0.0113316	-0.00910747	-0.00548425	-0.00121025	0.00327569	0.00714049	0.00773864	0.00462094	0.000269233	-0.00209375	-0.00251654	0.000904905	0.00471469	0.0047454	0.00256127	-0.000748411	-0.0038133	-0.00606814	-0.00701166	-0.00667439	-0.00396392	-0.00300476	
-0.00396771	-0.00630674	-0.00810033	-0.00820855	-0.00612534	-0.00326362	0.00126958	0.00592776	0.0095988	0.0109145	0.00618763	0.00291745	-0.000626784	-0.00142202	0.00226366	0.00407379	0.00370156	0.00144065	-0.00254691	-0.00600268	-0.00891796	-0.00974955	-0.00856023	-0.00592408	-0.00446609	
0.00151506	-0.00184102	-0.0037952	-0.00348365	-0.00194013	0.000833542	0.00522898	0.00918825	0.0138689	0.0147489	0.0105892	0.00743463	0.00309035	0.00248384	0.00526545	0.00550811	0.00496793	0.00216241	-0.00330107	-0.00697265	-0.0114569	-0.0118676	-0.0108897	-0.00918072	-0.00602995	
0.00642065	0.0034277	0.000927565	0.00142577	0.00265834	0.00550397	0.00770411	0.0128512	0.0161394	0.0178634	0.014214	0.010261	0.00556439	0.00486799	0.00687702	0.00674119	0.0062048	0.0020189	-0.00320742	-0.00815793	-0.0116952	-0.0136105	-0.0117421	-0.00884984	-0.005645	
0.0120027	0.00830095	0.00572234	0.00588752	0.00701227	0.00876534	0.0120368	0.0153222	0.0194278	0.0207441	0.0177643	0.0129503	0.00893451	0.00775419	0.00946034	0.00980621	0.00773364	0.00392523	-0.00150935	-0.00654929	-0.0104971	-0.012345	-0.0105641	-0.00584547	-0.00369592	
0.019591	0.0163838	0.0128549	0.0126127	0.0133081	0.0144296	0.0178029	0.0212518	0.0240642	0.0260913	0.0225593	0.0181824	0.0143069	0.0127809	0.0141103	0.013728	0.0115225	0.00695656	0.00149918	-0.00362564	-0.00786576	-0.00928809	-0.00746743	-0.00288749	0.000288221	
0.0289035	0.0244795	0.0223284	0.0210667	0.0206945	0.0223495	0.0260484	0.028053	0.0324844	0.0340503	0.0296774	0.0275503	0.0220934	0.0205421	0.0217867	0.0206608	0.0176713	0.0130715	0.00565617	0.00172977	-0.00360614	-0.00498629	-0.0035865	0.000235794	0.00524101	
0.0375235	0.0341467	0.0308484	0.0294398	0.0286387	0.0304113	0.0319948	0.0361064	0.039123	0.0409123	0.0374308	0.0343073	0.0290019	0.0270539	0.0282124	0.0267801	0.0243344	0.0179561	0.0113727	0.00592929	0.00160618	-0.00022442	0.00201725	0.00619204	0.010665	
0.0464852	0.0431111	0.0391715	0.0368035	0.0364602	0.0368206	0.0389182	0.0424598	0.0460629	0.0474428	0.0439469	0.0405761	0.0352017	0.0326851	0.0339883	0.0329344	0.0300631	0.0244349	0.016735	0.0112674	0.007798	0.00695343	0.00922644	0.0138388	0.0178553	
0.0546177	0.0504472	0.0458431	0.0439073	0.0434657	0.0434137	0.0464518	0.0501408	0.0533896	0.0550434	0.0519964	0.0479904	0.0440952	0.0410577	0.0424066	0.0418228	0.0385709	0.0330735	0.0252174	0.0194218	0.0166556	0.0158098	0.0168784	0.0223901	0.0251002	
0.061081	0.0560432	0.0524949	0.0502282	0.0491751	0.0502559	0.0532208	0.0566454	0.0607461	0.0623242	0.0586251	0.0561532	0.0507076	0.048799	0.0493548	0.0486254	0.0455589	0.0408457	0.0323959	0.0276904	0.0242802	0.0232061	0.0251805	0.0292978	0.0326225	
0.0633044	0.0587431	0.0547707	0.0534901	0.0520833	0.0534788	0.056003	0.0595945	0.0637185	0.0653402	0.0622211	0.0592142	0.0541243	0.0523015	0.052765	0.0519642	0.0503205	0.0454698	0.0385205	0.0340511	0.0308703	0.0304184	0.0324201	0.0362702	0.0391078	
0.0604974	0.0564945	0.0534146	0.0519773	0.0521841	0.0529056	0.0564461	0.0596425	0.0636754	0.0662232	0.0627849	0.0598303	0.055449	0.0529406	0.053668	0.0529687	0.0516999	0.0477741	0.0421644	0.0385894	0.035438	0.0349563	0.0366892	0.0405588	0.0441971	
0.0523584	0.047854	0.0462834	0.0447654	0.0455959	0.0473688	0.050874	0.0545888	0.0587205	0.0616154	0.0589893	0.0562886	0.0529405	0.0504995	0.0513153	0.0512058	0.049799	0.0477112	0.0436901	0.0413552	0.0382839	0.0376498	0.0391516	0.0432607	0.0465223	
0.0401062	0.0358164	0.034447	0.0336276	0.034244	0.0376155	0.0408098	0.0450559	0.0493941	0.0526004	0.0500775	0.0479601	0.0447257	0.0421962	0.0434631	0.04394	0.0426165	0.0418623	0.0394922	0.0373488	0.0360634	0.0349485	0.0366245	0.0414514	0.0440002	
0.0217411	0.0190762	0.0162241	0.0167476	0.0176997	0.0214046	0.0247014	0.0295165	0.0344717	0.0371931	0.0359688	0.033388	0.0294659	0.0281438	0.0300633	0.0311242	0.0320209	0.0311454	0.0302709	0.0302041	0.028975	0.0292101	0.0314653	0.0359148	0.0395987	
0.00209851	-0.000982956	-0.00269686	-0.00233916	-6.54811e-05	0.0028145	0.00841492	0.0121182	0.0180564	0.0213346	0.0194952	0.0169337	0.0134224	0.0112656	0.0145635	0.0166227	0.016865	0.0177378	0.0165438	0.0167987	0.0164404	0.0167585	0.0184493	0.0242607	0.0267159	
-0.0175736	-0.021277	-0.0228573	-0.0233121	-0.0208795	-0.0175622	-0.0124632	-0.00730536	-0.00240066	0.000462291	-0.00127602	-0.00401119	-0.00819472	-0.00879703	-0.00623082	-0.00318312	-0.00153799	-0.000945192	-0.00144796	-0.000321979	-0.000316801	0.000218509	0.00326235	0.00759267	0.0115828	
-0.0354472	-0.0392131	-0.0412494	-0.041827	-0.0404392	-0.0364642	-0.0315221	-0.0267594	-0.0222437	-0.0199355	-0.0230337	-0.0251546	-0.0296944	-0.0306182	-0.0271806	-0.0240923	-0.0219552	-0.02121	-0.0215301	-0.0201332	-0.0194404	-0.0185994	-0.0155691	-0.0105569	-0.00669127	
-0.0487423	-0.0518201	-0.0549769	-0.055282	-0.0544675	-0.0512044	-0.0467293	-0.0417633	-0.0384784	-0.0366741	-0.0395642	-0.0434467	-0.0472119	-0.0486507	-0.045125	-0.0422833	-0.0392392	-0.0396316	-0.0393121	-0.0381517	-0.0382298	-0.0365221	-0.0336108	-0.0290658	-0.025365	
-0.0551506	-0.0589071	-0.0609223	-0.0623543	-0.0611138	-0.0586798	-0.0548492	-0.0510459	-0.0478831	-0.0466322	-0.0506477	-0.0547915	-0.058896	-0.0609548	-0.0578509	-0.0544325	-0.0529607	-0.052048	-0.053118	-0.0528503	-0.052889	-0.052198	-0.0496727	-0.0456044	-0.0425112	
-0.0522304	-0.0565145	-0.0594134	-0.0601045	-0.0598812	-0.0577923	-0.0554239	-0.0528847	-0.0504696	-0.0503669	-0.0546506	-0.060005	-0.0645229	-0.0672994	-0.0652668	-0.0626437	-0.0612894	-0.0613163	-0.0620335	-0.0627082	-0.0633928	-0.0633438	-0.061528	-0.0576512	-0.0557555	
-0.0438266	-0.0478366	-0.051306	-0.0526717	-0.0525371	-0.0514151	-0.0497536	-0.0483361	-0.0461308	-0.0462875	-0.051888	-0.0566002	-0.0628001	-0.0656066	-0.0641191	-0.062644	-0.0613608	-0.0618759	-0.0629872	-0.0638665	-0.0659678	-0.0661493	-0.0650676	-0.0630217	-0.0617702	
-0.030182	-0.0345793	-0.0384654	-0.0402314	-0.0401035	-0.0399017	-0.0384573	-0.0375114	-0.0355393	-0.0361882	-0.0413939	-0.0474115	-0.053402	-0.0570684	-0.0562325	-0.0548781	-0.0550287	-0.0551614	-0.0573402	-0.0585301	-0.0613867	-0.0619506	-0.0623052	-0.0610612	-0.0615446	
-0.0141174	-0.0187256	-0.0223727	-0.0248894	-0.025294	-0.0251549	-0.0243341	-0.0228288	-0.0218187	-0.0215281	-0.0282696	-0.033974	-0.041111	-0.0452098	-0.0445833	-0.0436173	-0.0445707	-0.045149	-0.0473992	-0.0502309	-0.0520934	-0.0542086	-0.0543678	-0.0535954	-0.055376	
-0.00237839	-0.00689748	-0.0105981	-0.012674	-0.0139554	-0.0137061	-0.0129089	-0.0113246	-0.00910878	-0.00984081	-0.0149966	-0.0210025	-0.0283463	-0.0312178	-0.0307097	-0.0302838	-0.0298866	-0.0312647	-0.0332327	-0.0344625	-0.0379547	-0.038886	-0.0393818	-0.04051	-0.0420975	
0.00714813	0.00320532	-0.000158013	-0.00249411	-0.00341711	-0.00310308	-0.00193278	0.00105455	0.00239695	0.00297901	-0.00277178	-0.00900268	-0.0145356	-0.018583	-0.016813	-0.0161544	-0.0167754	-0.0170109	-0.0186461	-0.0204807	-0.0225121	-0.024276	-0.0259184	-0.0253344	-0.0289861	
0.0134815	0.00938867	0.00714702	0.00551541	0.00454887	0.00464739	0.00681668	0.00940008	0.0116717	0.0121308	0.00778808	0.00171706	-0.00350243	-0.00613763	-0.00559809	-0.0039294	-0.00466718	-0.00493771	-0.00623955	-0.00762858	-0.0104241	-0.0124545	-0.0134303	-0.0148119	-0.0173964	
0.0159821	0.0121839	0.0101082	0.00843093	0.0073743	0.008731	0.0100259	0.0127361	0.0154645	0.0161392	0.0119202	0.00623255	0.00137552	-0.0017362	0.000215434	0.00173359	0.00171219	0.0017054	0.000570116	-0.00120321	-0.00350253	-0.0049779	-0.00647851	-0.00623522	-0.00925445	
0.014732	0.0105578	0.0084014	0.00700637	0.00648388	0.00648531	0.00830604	0.0102798	0.0133537	0.0147997	0.0107573	0.00551625	0.000782172	-0.00134846	0.000282229	0.00298723	0.00341307	0.00365174	0.00311508	0.00222629	-3.85059e-05	-0.000759402	-0.00168869	-0.00129599	-0.00246216	
