0.290394	0.286811	0.24954	0.189788	0.112692	0.0327341	-0.0393641	-0.0975404	-0.137704	-0.160291	-0.165588	-0.154594	-0.125919	-0.0897934	-0.0562206	-0.0329402	-0.0241672	-0.0290701	-0.0370902	-0.0468903	-0.0571833	-0.0603164	-0.0564953	-0.0491838	-0.0435666	
0.293411	0.279051	0.233796	0.168221	0.0889696	0.0100124	-0.0582132	-0.111017	-0.146373	-0.163596	-0.163494	-0.147463	-0.116086	-0.0786224	-0.0480417	-0.0294725	-0.0245881	-0.0312814	-0.0410085	-0.0494904	-0.0587006	-0.0603094	-0.0542603	-0.0464376	-0.0430311	
0.292577	0.270472	0.217973	0.147769	0.0672435	-0.0109545	-0.0751946	-0.121786	-0.152615	-0.165611	-0.160168	-0.138724	-0.105788	-0.0680199	-0.04032	-0.0260842	-0.025202	-0.0338489	-0.0447241	-0.0522268	-0.0591355	-0.0596317	-0.0513666	-0.0441217	-0.0428545	
0.289249	0.260097	0.200759	0.125626	0.0435662	-0.0309089	-0.0920221	-0.13429	-0.160052	-0.166781	-0.158199	-0.133208	-0.0980703	-0.0599493	-0.0362536	-0.0267825	-0.0290554	-0.0380891	-0.0505664	-0.0560636	-0.0617107	-0.058703	-0.0494736	-0.0407909	-0.0421045	
0.287618	0.251342	0.18628	0.107821	0.0259296	-0.0481282	-0.105066	-0.141378	-0.163367	-0.166875	-0.152643	-0.122833	-0.0876707	-0.0513601	-0.0302407	-0.0251047	-0.0306004	-0.0412987	-0.0530098	-0.0586604	-0.0612894	-0.0583068	-0.0466297	-0.0390041	-0.0419536	
0.28262	0.239906	0.170625	0.0879291	0.00532164	-0.0648809	-0.118277	-0.151441	-0.168134	-0.166955	-0.150224	-0.118047	-0.0810226	-0.045519	-0.0285321	-0.0273328	-0.0360567	-0.0460592	-0.0588095	-0.0618663	-0.0632093	-0.0569651	-0.0453606	-0.0365342	-0.0405475	
0.28006	0.230969	0.155942	0.0711547	-0.00988093	-0.0781258	-0.128321	-0.156491	-0.170137	-0.16544	-0.144685	-0.109635	-0.0732796	-0.0404718	-0.0250291	-0.0276798	-0.0380235	-0.0499728	-0.0609686	-0.064792	-0.0625729	-0.055725	-0.0432806	-0.0352942	-0.0399279	
0.274922	0.219979	0.14338	0.0561955	-0.0254167	-0.0916178	-0.137781	-0.162606	-0.171394	-0.163956	-0.140855	-0.10388	-0.0670459	-0.0362577	-0.024474	-0.0291171	-0.0420928	-0.0528723	-0.0642275	-0.0665426	-0.0631576	-0.0540176	-0.0416141	-0.0342332	-0.0389911	
0.271333	0.211489	0.130018	0.0407736	-0.0389765	-0.101849	-0.145047	-0.167267	-0.17327	-0.162236	-0.135921	-0.0977515	-0.061374	-0.0337735	-0.0239284	-0.0317727	-0.0454452	-0.0568825	-0.0663348	-0.0683619	-0.0629051	-0.052538	-0.0403434	-0.033417	-0.0381853	
0.267378	0.202253	0.119191	0.0294564	-0.0498669	-0.111207	-0.151112	-0.169532	-0.171565	-0.158554	-0.130267	-0.0911775	-0.0551086	-0.0304765	-0.0228309	-0.0324434	-0.046666	-0.0580214	-0.0662227	-0.0680136	-0.0609455	-0.0503025	-0.0384209	-0.0324806	-0.0373386	
0.263887	0.194431	0.109277	0.0182443	-0.0602057	-0.118191	-0.155246	-0.17152	-0.170884	-0.154805	-0.12516	-0.0851711	-0.0506744	-0.0278858	-0.0237926	-0.0340703	-0.0497586	-0.0593067	-0.0676857	-0.0681161	-0.0603545	-0.0484352	-0.0371969	-0.0319033	-0.0362435	
0.261463	0.189456	0.101815	0.0105254	-0.0655355	-0.121906	-0.156275	-0.170658	-0.166814	-0.149675	-0.11679	-0.0778451	-0.0426787	-0.0244452	-0.019801	-0.0334865	-0.0481606	-0.0592899	-0.0649367	-0.0658988	-0.0561865	-0.0441106	-0.0341371	-0.0300764	-0.035066	
0.262164	0.184716	0.096919	0.00717263	-0.0687358	-0.122769	-0.154703	-0.166451	-0.160919	-0.140371	-0.108572	-0.0682575	-0.0352749	-0.0173095	-0.0176007	-0.0298643	-0.0470843	-0.0562626	-0.0624949	-0.0619497	-0.0514724	-0.0391085	-0.0299638	-0.0283204	-0.0332299	
0.264846	0.187707	0.0976269	0.0066634	-0.0666041	-0.117692	-0.147018	-0.157582	-0.150032	-0.129351	-0.0944763	-0.0555616	-0.0225794	-0.0095241	-0.00957433	-0.0241462	-0.0401823	-0.0509314	-0.055421	-0.0551428	-0.0444081	-0.0316096	-0.0247453	-0.0244747	-0.0305632	
0.274645	0.192554	0.102643	0.0143256	-0.0570386	-0.107384	-0.134145	-0.143283	-0.133551	-0.110782	-0.0760951	-0.0384747	-0.00681811	0.00548881	0.00307974	-0.0115782	-0.0284847	-0.0387143	-0.0427455	-0.0423833	-0.0313662	-0.019493	-0.013427	-0.0165445	-0.0230305	
0.291138	0.208815	0.11836	0.0303846	-0.0401704	-0.0864806	-0.112162	-0.119239	-0.108744	-0.0846238	-0.050645	-0.0122783	0.0171482	0.027005	0.0220602	0.00693315	-0.0101244	-0.0213144	-0.0246889	-0.0245815	-0.0139296	-0.00277683	0.000865313	-0.00425128	-0.0128908	
0.315081	0.231376	0.140914	0.054617	-0.0131535	-0.0587549	-0.081076	-0.0881186	-0.0762188	-0.051837	-0.0148613	0.0211477	0.0490265	0.0563806	0.0508159	0.0342408	0.0166752	0.00596283	0.00268551	0.00365203	0.0132358	0.0238082	0.0252309	0.0172719	0.00762785	
0.351104	0.266045	0.174939	0.0902202	0.0244475	-0.018468	-0.0400302	-0.044616	-0.0315766	-0.00555784	0.0291681	0.0654516	0.0921276	0.0977529	0.0889834	0.0710699	0.0542291	0.0422799	0.0399093	0.0393254	0.0494982	0.0575693	0.0570614	0.0463613	0.0349875	
0.392505	0.306568	0.217483	0.13392	0.0697221	0.0287387	0.00934059	0.00594906	0.0205382	0.0465367	0.0825978	0.118354	0.142905	0.145851	0.135678	0.118236	0.0998228	0.0886877	0.0851787	0.0863218	0.0942094	0.10201	0.0982235	0.0857948	0.0732095	
0.43919	0.353526	0.26222	0.18018	0.118396	0.080485	0.0624705	0.0606098	0.075492	0.104237	0.140266	0.1746	0.198119	0.20063	0.189033	0.170021	0.1524	0.141316	0.139295	0.139451	0.148188	0.154151	0.149277	0.135164	0.12146	
0.485052	0.39688	0.307372	0.226331	0.165962	0.128705	0.114296	0.113162	0.130443	0.159544	0.197429	0.230397	0.254523	0.254926	0.242625	0.223523	0.206238	0.19598	0.193518	0.195378	0.202894	0.209119	0.202583	0.187489	0.174007	
0.515294	0.426684	0.335588	0.256184	0.1971	0.161367	0.147474	0.151108	0.169082	0.199428	0.23817	0.273259	0.295489	0.295803	0.283423	0.265657	0.249372	0.239838	0.239839	0.243001	0.252524	0.259441	0.254375	0.240263	0.227168	
0.525517	0.435652	0.343517	0.264807	0.206206	0.173216	0.161703	0.165542	0.186001	0.220041	0.260608	0.294299	0.317464	0.318849	0.306693	0.289429	0.275117	0.267689	0.269273	0.275432	0.286296	0.295895	0.29236	0.279686	0.268356	
0.504197	0.411522	0.318652	0.239733	0.183568	0.150764	0.140552	0.146685	0.170891	0.20547	0.24722	0.283325	0.307002	0.307485	0.296059	0.281739	0.269973	0.263604	0.268576	0.277763	0.292461	0.30442	0.305377	0.29515	0.288236	
0.449091	0.354402	0.260854	0.182922	0.124771	0.0937235	0.0855852	0.0944354	0.119409	0.157054	0.200522	0.237259	0.260558	0.262499	0.252484	0.23971	0.229871	0.226185	0.233893	0.246685	0.263755	0.28086	0.284972	0.280301	0.277504	
0.367904	0.271304	0.176328	0.0968412	0.0399159	0.0100455	0.002493	0.0124316	0.0393915	0.0796869	0.123753	0.16234	0.18528	0.187944	0.176889	0.166461	0.15817	0.155795	0.165456	0.179575	0.20126	0.220429	0.230039	0.228707	0.232021	
0.268803	0.171713	0.0757879	-0.00440153	-0.060684	-0.0911654	-0.0988366	-0.0878068	-0.0576664	-0.0163517	0.0290497	0.0671712	0.0899025	0.0914252	0.0802824	0.0701422	0.0605619	0.0595446	0.0682292	0.0849733	0.106853	0.130311	0.142113	0.145459	0.153555	
0.171647	0.073781	-0.023221	-0.104037	-0.160857	-0.192899	-0.198508	-0.185388	-0.155051	-0.114342	-0.0665865	-0.0291072	-0.00608558	-0.00723769	-0.0183171	-0.0317974	-0.0408955	-0.043662	-0.0352125	-0.0202303	0.00245853	0.026896	0.0399212	0.0452634	0.0558444	
0.0909303	-0.00764225	-0.105282	-0.185876	-0.24415	-0.273937	-0.280927	-0.268897	-0.238776	-0.19455	-0.147478	-0.110779	-0.0898319	-0.0921576	-0.106187	-0.121899	-0.133451	-0.139157	-0.13389	-0.121329	-0.100702	-0.0777953	-0.0660226	-0.0596926	-0.0490963	
0.0335367	-0.0644245	-0.162458	-0.244643	-0.301968	-0.333743	-0.341187	-0.328051	-0.296527	-0.253042	-0.206198	-0.169097	-0.15006	-0.153661	-0.170118	-0.188368	-0.203827	-0.213008	-0.210789	-0.202075	-0.184531	-0.166008	-0.154921	-0.150222	-0.140349	
0.0042205	-0.0944105	-0.194225	-0.274391	-0.333867	-0.366125	-0.372548	-0.359034	-0.328288	-0.283648	-0.23668	-0.199814	-0.181328	-0.185507	-0.205935	-0.227185	-0.246363	-0.258358	-0.261969	-0.256396	-0.24417	-0.228897	-0.221387	-0.218472	-0.211239	
-0.00239183	-0.101128	-0.198868	-0.280494	-0.34074	-0.372171	-0.377705	-0.365934	-0.334297	-0.289163	-0.240082	-0.202927	-0.184283	-0.191773	-0.212763	-0.236966	-0.258655	-0.277406	-0.283998	-0.283436	-0.275176	-0.265639	-0.261218	-0.262212	-0.257358	
0.00920054	-0.088645	-0.184469	-0.26727	-0.326373	-0.357631	-0.36501	-0.352243	-0.318555	-0.272159	-0.223579	-0.185457	-0.166982	-0.173044	-0.196222	-0.222943	-0.250274	-0.271478	-0.282204	-0.286425	-0.284231	-0.278327	-0.277196	-0.281746	-0.279042	
0.0384064	-0.0566608	-0.152523	-0.235588	-0.293332	-0.32559	-0.332116	-0.317237	-0.283305	-0.237449	-0.186424	-0.14644	-0.125243	-0.132081	-0.15599	-0.185783	-0.21541	-0.240142	-0.255226	-0.265224	-0.268078	-0.265655	-0.269838	-0.27771	-0.277943	
0.0815634	-0.0125931	-0.109471	-0.189217	-0.24785	-0.279181	-0.285573	-0.269347	-0.235703	-0.187031	-0.134156	-0.090792	-0.0684827	-0.0740331	-0.0978897	-0.127851	-0.161495	-0.189666	-0.209287	-0.223211	-0.230486	-0.232959	-0.242658	-0.253609	-0.256723	
0.12837	0.0354726	-0.0590872	-0.139395	-0.198329	-0.22981	-0.23459	-0.219115	-0.183044	-0.132317	-0.0754364	-0.0309155	-0.00438009	-0.0064587	-0.0262104	-0.0586761	-0.0930624	-0.123724	-0.144967	-0.163451	-0.173723	-0.181315	-0.195307	-0.210151	-0.216768	
0.168885	0.0756441	-0.0194007	-0.100487	-0.158885	-0.190547	-0.195279	-0.179333	-0.141621	-0.0874889	-0.0294808	0.0205497	0.0531633	0.0580347	0.0388872	0.00983955	-0.0225629	-0.0524161	-0.0766937	-0.0967824	-0.108107	-0.119445	-0.135828	-0.154666	-0.164138	
0.192746	0.0993807	0.00488412	-0.0780503	-0.13818	-0.170284	-0.174754	-0.15931	-0.119302	-0.0642978	-0.00195086	0.0541565	0.0945481	0.103268	0.0912878	0.0682721	0.0392078	0.00894968	-0.0148499	-0.03334	-0.0468403	-0.0596433	-0.078638	-0.0994644	-0.112557	
0.195056	0.101098	0.00447421	-0.0794006	-0.140859	-0.173404	-0.180981	-0.164198	-0.125305	-0.0692065	-0.00327336	0.0597906	0.103956	0.120606	0.116778	0.100061	0.0732921	0.0467116	0.0267019	0.00873938	-0.00480153	-0.0169438	-0.0349547	-0.0572274	-0.0724729	
0.182876	0.0892191	-0.00697202	-0.0933543	-0.157015	-0.193392	-0.201302	-0.186368	-0.148283	-0.0923727	-0.0223502	0.0414738	0.0926656	0.117198	0.121525	0.108968	0.0885334	0.0674814	0.0503242	0.0334656	0.0214605	0.0123225	-0.00621219	-0.0300658	-0.0469542	
0.170386	0.0773042	-0.02163	-0.109645	-0.175471	-0.214627	-0.225204	-0.212326	-0.176919	-0.121092	-0.0538263	0.013152	0.0701695	0.100898	0.109284	0.103352	0.0890583	0.0717331	0.0576131	0.0418197	0.0335798	0.0247481	0.00644221	-0.0187168	-0.0372043	
0.159694	0.065517	-0.0326607	-0.122636	-0.191571	-0.233889	-0.246765	-0.239262	-0.205583	-0.15337	-0.0869658	-0.018455	0.0416291	0.0746356	0.0893322	0.0895408	0.0791964	0.066823	0.0549748	0.0426132	0.0361472	0.0296292	0.0118169	-0.0128004	-0.0322271	
0.155034	0.0620249	-0.0377745	-0.130189	-0.201859	-0.246249	-0.265378	-0.26016	-0.229748	-0.180384	-0.116047	-0.0469885	0.0122211	0.0486443	0.0687327	0.072525	0.0671214	0.0581486	0.0495786	0.0392871	0.0367668	0.0315909	0.0162241	-0.0055217	-0.0264929	
0.162705	0.0687412	-0.0312079	-0.126791	-0.201204	-0.250626	-0.27187	-0.270234	-0.243932	-0.198851	-0.135844	-0.0697391	-0.0103298	0.0292666	0.0514513	0.0577073	0.05454	0.0491025	0.0426155	0.0363203	0.0341141	0.0302098	0.0188068	-0.000477039	-0.021448	
0.175152	0.0835361	-0.0182149	-0.115935	-0.193787	-0.245886	-0.271435	-0.273728	-0.252724	-0.211556	-0.153176	-0.0886205	-0.0277964	0.0116614	0.0340061	0.0405292	0.0405039	0.0373777	0.0351936	0.0289547	0.0275121	0.0273096	0.0203963	0.0040952	-0.0171571	
0.195349	0.103471	0.00254897	-0.0968892	-0.177397	-0.234373	-0.263424	-0.271163	-0.254518	-0.217532	-0.162477	-0.0993222	-0.0409019	-0.00193179	0.0212775	0.0309557	0.0323183	0.0331034	0.031383	0.0259575	0.0281394	0.0317995	0.0272545	0.0112058	-0.00626037	
0.21368	0.125953	0.0255324	-0.0756865	-0.160157	-0.219758	-0.254206	-0.265357	-0.25182	-0.219479	-0.169658	-0.110567	-0.0540651	-0.0150201	0.0108286	0.0207815	0.0244334	0.0264704	0.0260008	0.0242583	0.0301876	0.0348763	0.0294214	0.018412	0.00358956	
0.222751	0.137148	0.0377344	-0.0648637	-0.15007	-0.213167	-0.250524	-0.265015	-0.256963	-0.230084	-0.184446	-0.127928	-0.0745117	-0.0349558	-0.00972058	0.000778583	0.00530041	0.0100122	0.0137001	0.0165742	0.0247357	0.0282875	0.027873	0.0213198	0.0087239	
0.221266	0.140296	0.0432023	-0.058449	-0.145802	-0.211094	-0.252456	-0.270724	-0.266531	-0.243192	-0.201573	-0.149029	-0.0976737	-0.0596635	-0.0358969	-0.0262878	-0.0207086	-0.0127529	-0.00628626	-9.21959e-05	0.00842433	0.0168419	0.0207731	0.0171601	0.00356838	
0.225786	0.149217	0.0543706	-0.047265	-0.135495	-0.203996	-0.248311	-0.269203	-0.268658	-0.248918	-0.211094	-0.16142	-0.113614	-0.0774556	-0.054869	-0.0464265	-0.0414138	-0.0347367	-0.0280394	-0.0217775	-0.00918759	0.0019246	0.00810844	0.00359425	-0.00972682	
