0.0173324	0.0203591	0.0212826	0.0226686	0.0207797	0.0200165	0.0201034	0.0200508	0.0211185	0.0219151	0.0211735	0.0214378	0.0202146	0.0214164	0.0204952	0.0214351	0.0228722	0.0257457	0.0294951	0.0317892	0.0346659	0.0391684	0.0439702	0.0470953	0.0490891	
0.0124384	0.0137505	0.0155627	0.015804	0.0143054	0.0126146	0.0134968	0.0133295	0.0139223	0.0158275	0.0150495	0.0153644	0.015015	0.0158572	0.015559	0.0164616	0.0186566	0.0212356	0.0253656	0.0282147	0.0305362	0.0367537	0.0406427	0.0439443	0.0453163	
0.00448387	0.00667011	0.00682025	0.00792262	0.00577489	0.00431481	0.00452046	0.00428423	0.00566418	0.00760913	0.00761934	0.00833763	0.00801436	0.00895075	0.00887019	0.0107947	0.0121679	0.0159203	0.01993	0.0224708	0.0258268	0.0314615	0.035512	0.0383966	0.0408165	
-0.00276481	-0.00204922	-0.00174216	-0.0011783	-0.00351602	-0.00551353	-0.00505751	-0.00538046	-0.00507817	-0.00296803	-0.00325756	-0.00261821	-0.00259212	-0.000715742	-0.000556574	0.000889185	0.00309294	0.00685056	0.0107292	0.0149017	0.0175978	0.02284	0.0271831	0.0304616	0.0323493	
-0.0121535	-0.011281	-0.0111679	-0.0112009	-0.0138618	-0.0167097	-0.0158714	-0.0168888	-0.0159583	-0.0143028	-0.0147271	-0.0142206	-0.0132717	-0.0117936	-0.0109676	-0.00937866	-0.00677749	-0.00322247	0.00211708	0.00556324	0.00860785	0.0140104	0.0185411	0.0218774	0.0250057	
-0.0205192	-0.0193192	-0.0196604	-0.0197715	-0.0230335	-0.0249742	-0.0260397	-0.0264	-0.0260971	-0.0242111	-0.0245243	-0.02362	-0.0229474	-0.0211411	-0.0207694	-0.0183484	-0.0161236	-0.0112362	-0.00731471	-0.00266744	-0.000129981	0.00514269	0.00976792	0.0126295	0.0150547	
-0.0278363	-0.0275035	-0.0279678	-0.0280113	-0.0301395	-0.0337902	-0.0338061	-0.0349815	-0.0345243	-0.0325159	-0.032382	-0.032008	-0.0316056	-0.0302477	-0.0294415	-0.027248	-0.0239617	-0.0202465	-0.0159155	-0.012392	-0.00926005	-0.00478974	-0.000454246	0.00238092	0.00513267	
-0.0315277	-0.0307224	-0.0311107	-0.0312706	-0.0341877	-0.0367414	-0.0379872	-0.0392864	-0.0390352	-0.0370146	-0.0376897	-0.0375605	-0.0370838	-0.0363287	-0.0354551	-0.0331568	-0.0305591	-0.0264347	-0.0226915	-0.0185273	-0.0161704	-0.0116509	-0.00775504	-0.00562165	-0.00243283	
-0.0298786	-0.0293613	-0.0297641	-0.0301545	-0.0334162	-0.0368524	-0.0380583	-0.0390798	-0.0387619	-0.0375008	-0.0379285	-0.0379999	-0.0380976	-0.0365554	-0.0359738	-0.0342154	-0.0316777	-0.0272251	-0.0242678	-0.0200574	-0.0172275	-0.0137338	-0.00978659	-0.00754352	-0.00489335	
-0.0240593	-0.023059	-0.0231561	-0.0237155	-0.0267968	-0.0307415	-0.0319638	-0.0328923	-0.0332081	-0.0319741	-0.0326568	-0.0332822	-0.0332254	-0.0318173	-0.0317265	-0.0302458	-0.0273456	-0.0241607	-0.0209608	-0.0171254	-0.0148013	-0.0108805	-0.00730964	-0.00493937	-0.00155055	
-0.0175163	-0.0162759	-0.0155162	-0.0154267	-0.0185686	-0.0219236	-0.0234394	-0.025082	-0.0254558	-0.0245036	-0.0253823	-0.0264081	-0.0262605	-0.0260075	-0.0257663	-0.0245753	-0.0224371	-0.0189663	-0.0166933	-0.0133901	-0.0111235	-0.00782389	-0.0038349	-0.000893035	0.00245761	
-0.0112232	-0.00960414	-0.00908187	-0.00827198	-0.0104917	-0.0136196	-0.0155969	-0.0166814	-0.0175531	-0.0167853	-0.0175198	-0.0185183	-0.01901	-0.0184492	-0.0187456	-0.0180449	-0.0161334	-0.0125184	-0.011211	-0.00742563	-0.005668	-0.00254737	0.00167569	0.00473171	0.00796154	
-0.00588195	-0.00362228	-0.00144019	-0.00116592	-0.00273112	-0.00601739	-0.00748468	-0.00945094	-0.00920137	-0.00891308	-0.0096402	-0.0107791	-0.0107296	-0.0106844	-0.0106206	-0.0104641	-0.00808613	-0.00558548	-0.00344653	-0.000499491	0.00153129	0.0043367	0.00847182	0.0111146	0.0152141	
-0.000833686	0.00244823	0.00388446	0.00549985	0.00411508	0.00171337	-0.00102483	-0.00198891	-0.00274431	-0.00242571	-0.00285201	-0.00373025	-0.00356331	-0.00304948	-0.00338412	-0.00267278	-0.00115522	0.00196655	0.00334391	0.00700172	0.00897698	0.0119779	0.0160014	0.0186794	0.0229163	
0.00132817	0.00396529	0.00682554	0.00774582	0.00745551	0.00375852	0.00178995	-3.242e-05	-0.000220558	0.000362061	0.00012118	-0.00056976	-0.000439208	-4.1634e-05	0.000402702	0.00113009	0.00335756	0.00632686	0.00820405	0.0114135	0.0142789	0.0171476	0.020606	0.0244286	0.0274601	
0.000251078	0.00350927	0.00611008	0.00820599	0.00704603	0.00504645	0.00205364	0.000213779	0.000206522	0.000869348	0.00114541	0.000458557	0.0013949	0.00101377	0.00213068	0.00273547	0.00498454	0.00840561	0.010132	0.0140256	0.0170441	0.0192306	0.0231591	0.0254159	0.0302177	
-0.00275887	0.000349795	0.00376287	0.00470002	0.00522973	0.0026416	-7.27052e-05	-0.00114653	-0.000933713	-0.000651088	0.000533617	2.73417e-05	0.000364629	0.00099653	0.00163592	0.00224809	0.00438196	0.0078159	0.00879208	0.013377	0.0161	0.0180588	0.0216473	0.0247195	0.0285277	
-0.0068895	-0.00357965	-0.000554475	0.00125724	0.00190961	-0.000868314	-0.00301817	-0.00448926	-0.00430742	-0.00363931	-0.00214738	-0.00293574	-0.0019678	-0.00187997	-0.00168923	-0.000765854	0.00150509	0.00397714	0.00640843	0.00977793	0.0132558	0.0149571	0.018478	0.0208425	0.0252426	
-0.00896669	-0.00670811	-0.00404974	-0.00278864	-0.00276258	-0.00419423	-0.00703727	-0.00782072	-0.0079466	-0.00666967	-0.00579952	-0.00567029	-0.00453635	-0.00502121	-0.00413795	-0.00331365	-0.00123565	0.00145693	0.00317939	0.00692422	0.0102276	0.0123196	0.0150752	0.0178688	0.0216235	
-0.00889457	-0.00750179	-0.00510695	-0.0043241	-0.00382888	-0.00600297	-0.00875267	-0.0095236	-0.00879962	-0.00800326	-0.0058029	-0.00570559	-0.00485943	-0.00559669	-0.0049553	-0.00438775	-0.0024351	0.000314793	0.00167271	0.00538263	0.0088281	0.0101046	0.0127888	0.0157007	0.0188441	
-0.00925712	-0.00811756	-0.00589005	-0.00563954	-0.00527907	-0.00647574	-0.00978527	-0.0104886	-0.00982128	-0.00922603	-0.00701053	-0.00659432	-0.00535414	-0.00646644	-0.00569818	-0.0057302	-0.0039647	-0.00212607	-0.000429026	0.00275592	0.00589333	0.00701332	0.00946191	0.0114025	0.0153703	
-0.00982437	-0.00894312	-0.00653474	-0.00585265	-0.00505686	-0.00682964	-0.00973519	-0.0107695	-0.0103194	-0.0099658	-0.00765793	-0.00752291	-0.00668833	-0.00731353	-0.00752968	-0.00689177	-0.00556109	-0.00368109	-0.00186343	0.000523527	0.00389065	0.00444006	0.00621851	0.00870677	0.0122357	
-0.0095418	-0.00893521	-0.00629933	-0.00554205	-0.00398595	-0.00483077	-0.00832996	-0.00908553	-0.00922234	-0.00930954	-0.00778472	-0.00717589	-0.00684115	-0.00762957	-0.00704764	-0.00695437	-0.00534857	-0.00349142	-0.00204106	0.000205552	0.00333127	0.00395187	0.00493901	0.0083047	0.0113491	
-0.00907305	-0.00823025	-0.00518316	-0.00389262	-0.00260995	-0.00250743	-0.00586021	-0.00697158	-0.0072026	-0.00768112	-0.00653713	-0.00640074	-0.00583802	-0.00679796	-0.00608148	-0.00586796	-0.00444941	-0.00334713	-0.00176274	0.000124558	0.00293734	0.00375644	0.0050776	0.00800684	0.0111352	
-0.00669964	-0.00554776	-0.00343632	-0.00165912	0.000360555	-0.000367759	-0.00352336	-0.00432541	-0.00536783	-0.00662369	-0.00524136	-0.00559739	-0.00563997	-0.00584703	-0.00565829	-0.00536013	-0.00432868	-0.00321256	-0.00194141	0.000149148	0.00314316	0.00407522	0.0056767	0.00841764	0.0114571	
-0.00330779	-0.00356247	-0.000679989	0.000196618	0.00185903	0.00198557	-0.00066216	-0.00283182	-0.00347203	-0.00496535	-0.00480152	-0.00421263	-0.00411268	-0.00487385	-0.00399368	-0.0038973	-0.00321202	-0.00263496	-0.000440523	0.000972098	0.00476886	0.00624035	0.00743708	0.0112668	0.0139984	
-0.00110946	-0.00129712	0.000396204	0.00209651	0.0034833	0.00373743	0.000310989	-0.00119535	-0.00259739	-0.00402053	-0.00284831	-0.00233795	-0.00236971	-0.00288202	-0.00253328	-0.00282605	-0.00188806	-0.00143078	0.000844922	0.00322232	0.00661683	0.00839851	0.0103639	0.0136611	0.0172588	
-0.000534963	-0.00152064	0.000463036	0.000812737	0.00321142	0.00291629	0.000220779	-0.00127114	-0.00220828	-0.00361234	-0.00276209	-0.00146268	-0.00245141	-0.00279977	-0.00292684	-0.00286812	-0.0025299	-0.00169707	0.000427659	0.00264335	0.00616768	0.00886369	0.0102459	0.0153153	0.0183073	
-0.00331221	-0.00489096	-0.0038013	-0.00234101	-0.00125672	-0.000431966	-0.00267661	-0.00431965	-0.00570859	-0.00651221	-0.00591574	-0.00468404	-0.0051807	-0.00585353	-0.00608833	-0.0056522	-0.00546014	-0.0050138	-0.00258916	-0.00042734	0.00358679	0.00647098	0.00900889	0.0136719	0.0178	
-0.00632657	-0.00793832	-0.00731969	-0.00662492	-0.00489339	-0.00470978	-0.00648342	-0.00771061	-0.00867905	-0.00936631	-0.00875229	-0.00726608	-0.00841929	-0.00834331	-0.00826602	-0.00780233	-0.00698978	-0.00716619	-0.00416744	-0.00223576	0.00205409	0.00559268	0.00841435	0.013651	0.017857	
-0.00758367	-0.0100239	-0.0101337	-0.00933412	-0.00830255	-0.00775207	-0.00885378	-0.010256	-0.0112824	-0.0119686	-0.0116652	-0.0103089	-0.0109025	-0.0103362	-0.0100762	-0.00878057	-0.00854941	-0.00774177	-0.00527284	-0.0025237	0.0014845	0.00529571	0.00785754	0.0135414	0.0170829	
-0.00909979	-0.0120815	-0.0132689	-0.0118246	-0.0109012	-0.0100953	-0.0105819	-0.0122266	-0.0138765	-0.0143276	-0.0142259	-0.0125012	-0.0124852	-0.0118882	-0.0112405	-0.0102195	-0.00933983	-0.00858252	-0.00534108	-0.00217146	0.00147301	0.00521289	0.00797073	0.0124582	0.0172951	
-0.0100226	-0.0140616	-0.0151528	-0.0140888	-0.0132192	-0.0124884	-0.0120178	-0.0143508	-0.0160036	-0.0160691	-0.0163067	-0.0142122	-0.014441	-0.0130714	-0.0132179	-0.0111681	-0.010422	-0.00923634	-0.00560549	-0.00261543	0.000611977	0.00420679	0.00662005	0.0111243	0.0149444	
-0.0102331	-0.0137791	-0.0163114	-0.0147708	-0.0144413	-0.0124125	-0.0125886	-0.014072	-0.0162261	-0.0166996	-0.0169878	-0.0152	-0.0147395	-0.013616	-0.012395	-0.0106148	-0.00986753	-0.00792756	-0.00553035	-0.00185778	0.000669877	0.00412753	0.00673008	0.0103442	0.0143582	
-0.00865537	-0.0121339	-0.01436	-0.0131667	-0.012109	-0.0111204	-0.00945885	-0.0120451	-0.0135411	-0.0141707	-0.0148636	-0.0135531	-0.0125429	-0.0111896	-0.0100644	-0.00753469	-0.0065353	-0.00578268	-0.00204301	0.000536559	0.00290706	0.00693628	0.00960187	0.0126458	0.0169892	
-0.00692207	-0.0106429	-0.0130935	-0.0114495	-0.0103849	-0.00906138	-0.00797638	-0.00968065	-0.0124495	-0.0131299	-0.0139167	-0.0124944	-0.0119364	-0.00982377	-0.00875212	-0.00658921	-0.00573148	-0.00372623	-0.00142318	0.00238871	0.0045563	0.00845881	0.0118527	0.0147426	0.0180167	
-0.00685339	-0.00929641	-0.0117585	-0.010066	-0.00891844	-0.00704003	-0.00594004	-0.00818571	-0.0105169	-0.0114993	-0.0126102	-0.0114027	-0.00994851	-0.00868848	-0.0072144	-0.0055224	-0.0050092	-0.00326598	-0.000354413	0.00286099	0.00549745	0.0100556	0.0137204	0.0160717	0.0201975	
-0.00764203	-0.0106553	-0.0127061	-0.0109957	-0.0092622	-0.00865414	-0.0062425	-0.0088692	-0.0115034	-0.0122427	-0.0127129	-0.0121437	-0.0100592	-0.00861442	-0.00780745	-0.00669078	-0.00594317	-0.00487242	-0.00193041	0.00132929	0.00381187	0.0084145	0.0124404	0.0143925	0.0176939	
-0.0078251	-0.0100457	-0.0121191	-0.010888	-0.00918261	-0.00776293	-0.00628929	-0.00800063	-0.0107974	-0.0118425	-0.0126068	-0.0115112	-0.0103346	-0.00882075	-0.0079571	-0.00755676	-0.00711071	-0.00513591	-0.00347009	0.000258569	0.00254502	0.00680748	0.0111809	0.0129501	0.0152983	
-0.00714521	-0.00894463	-0.0111141	-0.00992849	-0.00903751	-0.00702813	-0.00510694	-0.00705494	-0.00954912	-0.0105052	-0.0116846	-0.011787	-0.00952888	-0.00859287	-0.00813161	-0.00699593	-0.00701107	-0.00545952	-0.00322204	-0.000368954	0.00182479	0.00649102	0.0108968	0.0122828	0.015072	
-0.00416482	-0.00645236	-0.00832781	-0.00780866	-0.00576453	-0.00449216	-0.00276663	-0.00417266	-0.00708897	-0.00912917	-0.0101439	-0.0107289	-0.0089895	-0.00814545	-0.00706342	-0.00770875	-0.00647825	-0.00474642	-0.00307192	-0.000126727	0.00239827	0.00604927	0.0105982	0.0120885	0.0138869	
-0.00165769	-0.00299636	-0.00478828	-0.00463635	-0.00321165	-0.00105394	0.000439011	-0.0011137	-0.00358601	-0.00634722	-0.00776313	-0.00869271	-0.00723655	-0.0058627	-0.00584177	-0.00555417	-0.00496847	-0.00321376	-0.00214934	0.000107355	0.00254023	0.00585314	0.0108725	0.0120675	0.0137485	
0.00153295	-0.000526492	-0.00182953	-0.00212617	-0.000402774	0.00197627	0.00277241	0.00241896	-0.00103213	-0.00355771	-0.00491269	-0.00601485	-0.00389155	-0.00321002	-0.00209983	-0.00265212	-0.00205263	-0.000685643	-0.000738236	0.0010615	0.00322261	0.0067728	0.0107828	0.0125147	0.0139403	
0.00194427	0.000695699	-0.00040361	-0.00147581	0.000620162	0.00257707	0.00347037	0.00325191	0.000914127	-0.00229127	-0.00322286	-0.00442979	-0.00271517	-0.00142311	-0.000331777	-0.000894022	0.000241258	0.000626949	0.000608538	0.00115676	0.00363277	0.00592499	0.0100191	0.0112596	0.0120119	
-0.000572423	-0.00179681	-0.00297315	-0.00435959	-0.00230251	0.000244826	0.00144577	0.00227594	0.000762847	-0.00212799	-0.00293381	-0.00433455	-0.00272316	-0.00125523	-0.000251237	-0.000384736	0.000131355	0.000680191	-0.000301339	-0.000115373	0.00195741	0.00373507	0.00766198	0.00926953	0.00951951	
-0.00266186	-0.00415774	-0.00479497	-0.00684476	-0.00452414	-0.0016563	-0.00100716	0.00132548	-5.9124e-05	-0.00172453	-0.00287454	-0.00376563	-0.00232543	-0.00192507	-0.000293122	-0.00120183	-0.000696739	-0.000246228	-0.00107559	-0.00127248	3.81717e-05	0.00216672	0.00410603	0.00639982	0.00670136	
-0.00467271	-0.00536218	-0.0064257	-0.00863349	-0.00729581	-0.00476815	-0.00325785	-0.00105021	-0.000602331	-0.00201563	-0.00204943	-0.00294047	-0.00168504	-0.000120004	0.000215375	0.000341181	0.000868541	0.000268201	-0.00023292	-0.00150717	-0.000354569	0.000363656	0.00262732	0.00417424	0.00456885	
-0.00278254	-0.00427324	-0.00500013	-0.00773088	-0.00600141	-0.00372922	-0.0022162	0.000817211	0.0019683	0.000858301	0.00126267	0.00163528	0.00255101	0.00388141	0.00553259	0.0047033	0.00506676	0.00473701	0.00304914	0.00136394	0.00233049	0.00237827	0.00342992	0.00600281	0.00591815	
-0.00472232	-0.00551272	-0.00658311	-0.0085477	-0.00873564	-0.00593696	-0.00440183	-0.000814566	0.000825758	0.0013137	0.00132703	0.00183045	0.00281729	0.00477503	0.0052962	0.00629286	0.00609451	0.00473187	0.00326937	0.00130076	0.00050213	0.00131616	0.00151354	0.00370801	0.00494545	
-0.00543264	-0.00671943	-0.0077828	-0.00988099	-0.00958425	-0.00757219	-0.00514725	-0.00161074	0.001272	0.00123721	0.0017737	0.00259119	0.00266895	0.00472996	0.00570408	0.00585216	0.00599437	0.00430996	0.00232908	-4.33048e-05	-0.000164183	-0.000345936	0.000337738	0.00286862	0.00393671	
