-0.00502934	-0.00423159	-0.00350608	-0.00258875	-0.00221157	-0.00188433	-0.00174173	-0.00178715	-0.00241219	-0.00250762	-0.00312313	-0.00298948	-0.00331394	-0.00323683	-0.00305131	-0.0027368	-0.00241887	-0.00228218	-0.0019354	-0.00173351	-0.00118693	-0.00140129	-0.00122641	-0.00140161	-0.00159622	
-0.00507366	-0.00448291	-0.00395264	-0.00308506	-0.00275306	-0.0026314	-0.00244527	-0.00269613	-0.00324206	-0.00351449	-0.00403793	-0.00404702	-0.00427165	-0.00428092	-0.00416635	-0.00410087	-0.00372492	-0.00358365	-0.00340319	-0.00328788	-0.00275537	-0.00301913	-0.00290226	-0.00301468	-0.00325088	
-0.00428777	-0.00434023	-0.00317928	-0.00298443	-0.00245575	-0.00216794	-0.00250501	-0.00241919	-0.00283557	-0.00343272	-0.00357835	-0.00359134	-0.00353252	-0.00366506	-0.00327321	-0.00318368	-0.00314653	-0.00229571	-0.00250173	-0.0022562	-0.00193957	-0.00177156	-0.00224111	-0.00192984	-0.00191922	
-0.00163707	-0.000928754	-0.000385563	-3.77786e-05	-5.72577e-05	8.10647e-05	-0.000181609	-0.000600015	-0.00126412	-0.00137464	-0.00229801	-0.00193097	-0.00206182	-0.00188988	-0.0019759	-0.00178458	-0.00140424	-0.00112684	-0.000998378	-0.00102937	-0.000568128	-0.000887582	-0.00102057	-0.000970466	-0.00108864	
0.00068313	0.0016069	0.00181816	0.00218872	0.00228271	0.0022482	0.00198796	0.00137364	0.000823436	0.000417356	2.75624e-05	-0.000144377	7.68827e-05	-0.000332066	-0.000352848	-0.000540128	-0.000243618	8.28998e-05	-0.000207556	-0.000318453	0.000135071	-0.000188008	-0.000195744	-3.89872e-05	6.65442e-05	
0.00363395	0.0040714	0.00498456	0.00482756	0.00511343	0.00507332	0.0045922	0.00378466	0.00357764	0.0028022	0.00238662	0.00252799	0.00252822	0.00209022	0.00225963	0.00209202	0.00212856	0.00276138	0.00239937	0.00204122	0.00241247	0.00221494	0.00200863	0.00220414	0.00189186	
0.00427313	0.00513756	0.00570302	0.00586145	0.00577293	0.00582018	0.00538657	0.00484347	0.00416204	0.00418189	0.00341488	0.00372142	0.00392705	0.00386788	0.00376248	0.00371339	0.00430402	0.0045146	0.00417907	0.00381497	0.00423451	0.00408696	0.00374518	0.00407716	0.00404157	
0.00412986	0.00501784	0.0053813	0.00544947	0.00549787	0.00527294	0.00504798	0.00411158	0.00385757	0.00313598	0.00286376	0.00313776	0.00378923	0.0032497	0.00365276	0.00340106	0.00371021	0.0045219	0.00402423	0.0036274	0.00398017	0.00365557	0.00369893	0.00375131	0.00338249	
0.00305671	0.00397818	0.00454466	0.00429814	0.00428046	0.00404761	0.00375763	0.00267819	0.00227115	0.00182836	0.00138959	0.00155298	0.00219565	0.00163392	0.00170001	0.0013403	0.00182537	0.00253493	0.00177592	0.00123513	0.00182221	0.00137935	0.00101581	0.0013874	0.00142496	
0.00013686	0.0012011	0.00181195	0.00156586	0.00158718	0.00157038	0.00104577	0.000264822	-3.37064e-05	-0.000259896	-0.000975053	-0.00015192	-5.4965e-06	-0.000100111	-0.000225499	-0.000567987	9.37587e-05	0.000722871	0.000221132	-0.000665792	-0.00017089	-0.000565212	-0.000697862	-0.000265505	-0.000553781	
-0.00281577	-0.00174211	-0.00148078	-0.00175544	-0.00178954	-0.00201291	-0.00265104	-0.00328302	-0.00377913	-0.00406196	-0.00434951	-0.0041992	-0.00302877	-0.00369343	-0.00363061	-0.00388694	-0.00348885	-0.00217377	-0.00327574	-0.00350065	-0.00321116	-0.00348734	-0.00364295	-0.00322347	-0.00318423	
-0.00514729	-0.00418654	-0.00376315	-0.00419384	-0.00438762	-0.00483762	-0.00514907	-0.00641802	-0.00631148	-0.00676297	-0.00735877	-0.00658461	-0.00587658	-0.00631558	-0.00613086	-0.00651008	-0.00593046	-0.00503726	-0.00578915	-0.00630864	-0.00583657	-0.00630986	-0.0062828	-0.00593061	-0.00622064	
-0.00797421	-0.00665537	-0.00639063	-0.00671138	-0.00688091	-0.00705486	-0.00781589	-0.00843824	-0.00884292	-0.00895345	-0.00929444	-0.00867733	-0.00800015	-0.008214	-0.00835867	-0.00877499	-0.00822443	-0.00743701	-0.00798392	-0.00906909	-0.00824642	-0.0086628	-0.00868755	-0.00805515	-0.00781704	
-0.00879127	-0.00803794	-0.0073562	-0.00791658	-0.00812469	-0.00825388	-0.00905496	-0.009812	-0.0100994	-0.010239	-0.0108021	-0.0101676	-0.00889691	-0.00957141	-0.00939128	-0.00980715	-0.00963859	-0.00829456	-0.00946327	-0.00961409	-0.00960887	-0.00974154	-0.00960304	-0.00900558	-0.00928383	
-0.00955418	-0.00833237	-0.00828691	-0.00822565	-0.00894172	-0.00908414	-0.00944587	-0.0104416	-0.010725	-0.0105138	-0.0110648	-0.0103219	-0.0092026	-0.00952187	-0.00967297	-0.0103095	-0.00970031	-0.00863907	-0.00970651	-0.0105809	-0.00964016	-0.010229	-0.00999115	-0.00924721	-0.00876049	
-0.00872871	-0.00766429	-0.00689289	-0.00786164	-0.00787497	-0.00800138	-0.00864879	-0.0096117	-0.00938753	-0.00982875	-0.0102053	-0.00881048	-0.00806304	-0.0082652	-0.00821666	-0.00866002	-0.00835981	-0.00735839	-0.00804695	-0.00900018	-0.00829714	-0.00851708	-0.00846842	-0.00754068	-0.00768848	
-0.00714413	-0.00611822	-0.00576766	-0.00604745	-0.00649459	-0.00661697	-0.00707943	-0.0078623	-0.0083335	-0.0081357	-0.00842651	-0.00749342	-0.00615652	-0.0065985	-0.00651188	-0.0070735	-0.00663068	-0.005374	-0.00666851	-0.00737009	-0.00643348	-0.00698776	-0.00665634	-0.0057249	-0.00566448	
-0.0048817	-0.00339513	-0.00305244	-0.0032256	-0.00368308	-0.00368244	-0.00418782	-0.00516114	-0.00515076	-0.00529723	-0.00557968	-0.00419115	-0.00333833	-0.0035533	-0.00359231	-0.00433857	-0.00361103	-0.00273022	-0.0038145	-0.0046345	-0.00411767	-0.00433585	-0.00425348	-0.00320514	-0.00299833	
-0.00230185	-0.000881409	-0.000434627	-0.000777057	-0.00110196	-0.0011919	-0.00174042	-0.00265608	-0.0027267	-0.00297077	-0.00321151	-0.00197315	-0.000898557	-0.00128794	-0.00146468	-0.00206896	-0.00180036	-0.000831518	-0.00166447	-0.00307593	-0.00197123	-0.00255237	-0.00202807	-0.00130417	-0.0011089	
7.60945e-05	0.00107963	0.00195233	0.0015481	0.00129704	0.00109747	0.000601083	-0.00011689	-0.00029964	-0.000173904	-0.000462133	0.000784895	0.00225378	0.00183692	0.00182547	0.00113306	0.00169594	0.00276581	0.00125107	0.00105776	0.00120649	0.00119231	0.00110855	0.00226491	0.0022617	
0.0013484	0.00298075	0.00332844	0.00338015	0.00292887	0.00271191	0.00238464	0.00160431	0.00141226	0.00142113	0.00132047	0.00279559	0.00390124	0.00379054	0.00368851	0.00287578	0.00370342	0.00448656	0.00394015	0.00238805	0.00359364	0.00274631	0.00339246	0.00416186	0.00460681	
0.00315422	0.00445034	0.00545712	0.00474592	0.00465959	0.0043036	0.00388562	0.00282862	0.00277848	0.00284426	0.00228893	0.00410648	0.00502083	0.00497015	0.00445071	0.00422237	0.00450663	0.00547157	0.00444884	0.00356648	0.003867	0.00373843	0.00394387	0.00493715	0.0048496	
0.00381359	0.00473126	0.00559492	0.00561164	0.00504135	0.00500447	0.00444925	0.0038361	0.00328046	0.00342454	0.00341212	0.00472362	0.00611304	0.00557647	0.00570019	0.00456835	0.00522276	0.00643875	0.00490238	0.00419732	0.00461025	0.00428738	0.00450701	0.00537789	0.00569794	
0.00308328	0.00484965	0.00538772	0.00506378	0.00484084	0.00442631	0.003906	0.00300901	0.00281246	0.00281591	0.00255458	0.00434559	0.00519575	0.00543562	0.00485456	0.00460035	0.00502089	0.00589818	0.00490861	0.00389559	0.00479467	0.00436501	0.00442935	0.00539851	0.00551759	
0.0046511	0.00533867	0.0064648	0.00597649	0.00549531	0.00496007	0.00437895	0.00347186	0.00281544	0.00304322	0.0026409	0.00440122	0.00543467	0.00535458	0.005225	0.00442994	0.00515885	0.00584269	0.00480624	0.003932	0.00460694	0.00390371	0.00436116	0.0048969	0.00481026	
0.00504913	0.006466	0.00711576	0.00691632	0.00628478	0.00593673	0.00506724	0.00429752	0.00362459	0.00366347	0.00354202	0.00496082	0.00607989	0.0060635	0.00535052	0.00494282	0.00520802	0.00600539	0.00453031	0.00384045	0.00414471	0.00377474	0.00345864	0.00432193	0.00456903	
0.00581215	0.00693811	0.00791042	0.00746918	0.0068263	0.00619066	0.00528021	0.00428585	0.00355309	0.00336011	0.00326813	0.0047757	0.0059104	0.00556746	0.00535381	0.00463956	0.00519313	0.00567426	0.00473255	0.00374457	0.00408936	0.0033871	0.00368304	0.00421634	0.00405602	
0.00601556	0.00754238	0.00809669	0.00803554	0.00715	0.00647668	0.00568754	0.00459924	0.00388202	0.00388346	0.00355106	0.0053928	0.00606535	0.00645858	0.00565308	0.00537886	0.00575466	0.0062579	0.00503862	0.00427851	0.00460426	0.00415817	0.00394358	0.00449724	0.00460394	
0.00614458	0.00703014	0.00817111	0.00768999	0.00704464	0.00644586	0.0053546	0.00458316	0.00383355	0.00346422	0.00372467	0.00495544	0.00648969	0.00584544	0.00598304	0.00522395	0.00575119	0.00625369	0.00518005	0.00449852	0.00453574	0.00423745	0.00415579	0.00479459	0.00498668	
0.00557637	0.00702206	0.00772657	0.00764892	0.00700954	0.00624992	0.00550787	0.00432484	0.00373437	0.00349704	0.00351836	0.005133	0.00611813	0.00625528	0.00560733	0.00563669	0.00597789	0.00653115	0.0054087	0.00443898	0.00514218	0.00438294	0.0044565	0.00505582	0.00504005	
0.00473611	0.00570086	0.00678509	0.00651265	0.00604147	0.00554856	0.00444665	0.00374515	0.0030334	0.00256515	0.00287067	0.00452012	0.00549865	0.00551435	0.00548209	0.00482632	0.00559156	0.00594889	0.00487742	0.00450268	0.00436438	0.00440696	0.00410113	0.00480793	0.00521215	
0.0044527	0.00595114	0.00639901	0.00663938	0.00602658	0.0051432	0.00450097	0.00311388	0.00262366	0.00215958	0.00247781	0.00361632	0.00504723	0.00482317	0.00444106	0.00442355	0.00469501	0.00525271	0.00420092	0.00331021	0.00405626	0.0034407	0.0035218	0.0041613	0.00421646	
0.00468021	0.00550673	0.00671138	0.00664286	0.00615408	0.00540766	0.00461345	0.00368131	0.00306893	0.00260559	0.00284824	0.00418976	0.00551912	0.00513689	0.00516867	0.00444741	0.00505563	0.00534654	0.00406355	0.00378674	0.00361807	0.00364141	0.00334577	0.00412419	0.00451674	
0.00506095	0.00678083	0.00745283	0.00754967	0.00705098	0.00608474	0.00539469	0.00412121	0.00345302	0.00274979	0.00296805	0.00441205	0.00519534	0.00525808	0.00477178	0.00459131	0.00483544	0.00514523	0.00436249	0.00317122	0.00378928	0.00348836	0.00346318	0.003833	0.00399561	
0.00559614	0.00682172	0.00774964	0.00786607	0.00738962	0.00658134	0.00596292	0.00480148	0.00404904	0.00352098	0.00394809	0.00478829	0.00629485	0.00561057	0.00551032	0.00491367	0.00525512	0.00553311	0.00413105	0.0038212	0.00378406	0.00354621	0.00356386	0.0045014	0.00477361	
0.00624863	0.00760962	0.00856142	0.00874019	0.00838264	0.00747183	0.00690666	0.00568381	0.00504721	0.00427192	0.00474012	0.00569056	0.00665939	0.0064399	0.00618571	0.00562173	0.00586196	0.00608655	0.00495725	0.0042798	0.00423584	0.00440326	0.0041876	0.0045867	0.00493221	
0.00448667	0.00652113	0.00722555	0.00751282	0.00718634	0.00626621	0.00577237	0.00456778	0.00391682	0.00354464	0.00369104	0.00506896	0.00590361	0.00595068	0.00539662	0.00535875	0.00552353	0.00547067	0.00497059	0.00404801	0.00449134	0.00421824	0.00456257	0.00520144	0.0054966	
0.00404498	0.00544291	0.0065984	0.00679442	0.00670449	0.00586447	0.0054718	0.00432813	0.00359688	0.00315194	0.00375646	0.00451119	0.00606158	0.00546546	0.00566513	0.00497006	0.00519007	0.00571725	0.00425368	0.00413507	0.0039722	0.00426152	0.00409798	0.00482068	0.00534665	
0.00242152	0.00448482	0.00530725	0.00579465	0.00559459	0.00498245	0.00436356	0.00330153	0.00259701	0.00203186	0.00257602	0.00351929	0.00458791	0.0046156	0.00417353	0.00415945	0.00407929	0.00418345	0.00362924	0.00283933	0.00318094	0.00300806	0.00333261	0.00372933	0.00434615	
0.000611375	0.00254121	0.00358364	0.00384012	0.0040018	0.00313554	0.00297545	0.00150155	0.000903618	0.000523481	0.000789768	0.00195876	0.0030575	0.00291674	0.002699	0.00243711	0.00263313	0.00288562	0.00214152	0.00178481	0.00203063	0.00190954	0.00215609	0.0029179	0.003199	
-0.00074837	0.00125701	0.00210415	0.00275307	0.00225863	0.00209684	0.00142889	0.000367315	-0.000345262	-0.000883789	-0.00018935	0.000381799	0.00188216	0.00139641	0.00173762	0.00122832	0.00138679	0.00174103	0.000726898	0.000641635	0.000802454	0.000683772	0.000995148	0.00121971	0.0022007	
-0.00214711	0.000183983	0.00101355	0.00109802	0.00134445	0.000448697	8.6717e-05	-0.00142001	-0.00211446	-0.0027602	-0.00246549	-0.00164421	-0.000474806	-0.000572605	-0.00082165	-0.000575436	-0.000748514	-0.000489865	-0.000993182	-0.00123006	-0.00106028	-0.00111229	-0.000980948	-0.000258578	-7.30053e-05	
-0.004167	-0.00213285	-0.00114721	-0.000665758	-0.00105401	-0.00140227	-0.00189534	-0.00328039	-0.00402116	-0.00462571	-0.00443788	-0.00362097	-0.00247569	-0.00290502	-0.0023679	-0.00302582	-0.00271092	-0.00250069	-0.00321108	-0.00364338	-0.00294806	-0.00347354	-0.00295522	-0.0024134	-0.00157824	
-0.00622381	-0.00347387	-0.00276522	-0.00233348	-0.0025595	-0.00302254	-0.0036348	-0.00512576	-0.00585839	-0.00662196	-0.00654957	-0.00570414	-0.004655	-0.00473934	-0.00459671	-0.00450894	-0.00463423	-0.00404903	-0.00508589	-0.00508326	-0.00491263	-0.00479198	-0.00485775	-0.00404093	-0.00353735	
-0.00781459	-0.00613916	-0.00475394	-0.00480657	-0.00498718	-0.0055089	-0.00630174	-0.00781412	-0.00867889	-0.00947923	-0.00941356	-0.0087825	-0.00735118	-0.00793239	-0.00713957	-0.00753931	-0.00714506	-0.00682304	-0.00749984	-0.00769358	-0.0069434	-0.00753879	-0.00690181	-0.00615841	-0.00582042	
-0.00900322	-0.00628435	-0.00536814	-0.00509689	-0.00539176	-0.00587757	-0.00682062	-0.00842093	-0.00913352	-0.0098747	-0.0103228	-0.00900606	-0.00858594	-0.00816918	-0.0081754	-0.0079075	-0.00795766	-0.00742802	-0.00819801	-0.00847742	-0.00794693	-0.00801727	-0.00823376	-0.00759226	-0.00689645	
-0.00846973	-0.00662783	-0.0052381	-0.0051017	-0.00538286	-0.00592053	-0.00691775	-0.00851171	-0.00952634	-0.0103819	-0.0107063	-0.0100438	-0.00875837	-0.00954785	-0.00849501	-0.00906799	-0.00878559	-0.00853304	-0.00919473	-0.00953579	-0.00899806	-0.00975041	-0.00939605	-0.00879039	-0.00864217	
-0.00785564	-0.00570233	-0.00447289	-0.00426621	-0.00470526	-0.00507334	-0.00648933	-0.00808055	-0.00934611	-0.0100718	-0.0109622	-0.00996783	-0.00942575	-0.00927677	-0.00914612	-0.00900431	-0.00922585	-0.00842408	-0.00934707	-0.00979145	-0.0090117	-0.00958772	-0.00984732	-0.0092122	-0.00905088	
-0.00644922	-0.00471125	-0.00298927	-0.00303449	-0.00301173	-0.00362483	-0.00493975	-0.00645593	-0.0075858	-0.0085302	-0.00944891	-0.00828994	-0.00795409	-0.00819756	-0.00744431	-0.00792913	-0.00771295	-0.0074674	-0.00799476	-0.00858932	-0.00801815	-0.00858814	-0.00864961	-0.00811157	-0.00812607	
-0.0034587	-0.00117268	-0.000215463	0.000637811	-4.37479e-05	-0.00042651	-0.0017498	-0.00350075	-0.00493906	-0.00571615	-0.00693983	-0.00604946	-0.00573587	-0.00562167	-0.0055028	-0.00565888	-0.00575633	-0.0051671	-0.00607401	-0.00684765	-0.00548598	-0.00693405	-0.00708644	-0.00689795	-0.00690627	
