-0.0154254	-0.0248986	-0.0289017	-0.0288654	-0.0210276	-0.00939469	0.00791028	0.0243637	0.0370477	0.0451265	0.0479781	0.0436225	0.0375058	0.0257114	0.0116235	0.000261982	-0.00652303	-0.0161954	-0.0244421	-0.0296268	-0.0316134	-0.0295756	-0.0261693	-0.0255364	-0.0238747	
-0.0130035	-0.0194164	-0.0220399	-0.0199327	-0.0113266	0.00217109	0.0186873	0.0345212	0.0453756	0.0511412	0.0503155	0.0429999	0.034877	0.0225658	0.0083802	-0.00256568	-0.0105497	-0.0202763	-0.0284649	-0.0344819	-0.0363897	-0.0352083	-0.0296477	-0.0283741	-0.0269727	
-0.010523	-0.0148127	-0.0147721	-0.0107444	0.00101462	0.0157464	0.0324543	0.0474373	0.0573895	0.0605444	0.0572686	0.0481484	0.0386484	0.0258925	0.0111831	-0.000462568	-0.00868042	-0.0190417	-0.0278712	-0.0339822	-0.0364005	-0.0336301	-0.0300253	-0.0295459	-0.0273549	
-0.0107993	-0.0127957	-0.00995651	-0.00309304	0.0122677	0.0281351	0.0450207	0.0597313	0.0686243	0.0709073	0.0664834	0.0562262	0.0455169	0.0305732	0.015808	0.00247659	-0.00649833	-0.0179867	-0.0264074	-0.0328519	-0.0347689	-0.0341091	-0.0319758	-0.0313409	-0.029167	
-0.0146934	-0.0147892	-0.0097491	0.000382715	0.0182379	0.0356878	0.0529199	0.0677193	0.0771097	0.0796259	0.0748506	0.0642828	0.0508478	0.0358109	0.0197778	0.00521391	-0.00518502	-0.0157724	-0.0254327	-0.0311648	-0.0356837	-0.0356352	-0.0338955	-0.034902	-0.0334278	
-0.0219571	-0.0206905	-0.0145214	-0.00227585	0.0172978	0.0366568	0.0543396	0.0707218	0.0810096	0.0841743	0.0802306	0.0681465	0.0547255	0.0393637	0.0228278	0.00737611	-0.00276939	-0.0128529	-0.02325	-0.0309746	-0.03472	-0.035645	-0.0347768	-0.0381373	-0.0380676	
-0.0301108	-0.0283238	-0.0222272	-0.00908514	0.0130204	0.0330456	0.0534371	0.0702971	0.0818649	0.0866694	0.0827162	0.0717599	0.0581908	0.0436655	0.0268013	0.0108867	0.001553	-0.0094744	-0.0206382	-0.0283166	-0.0321551	-0.0350973	-0.0357427	-0.0397815	-0.0401674	
-0.0348996	-0.0345734	-0.0286038	-0.0142244	0.00881077	0.0315231	0.0524696	0.0698263	0.0828647	0.0888338	0.0867921	0.0769394	0.0648661	0.0516429	0.0344756	0.0193412	0.0101363	-0.000955236	-0.011809	-0.0195311	-0.0251815	-0.0280166	-0.0310301	-0.0351356	-0.0390385	
-0.0377672	-0.038722	-0.0324141	-0.0180778	0.00656871	0.0305822	0.0512702	0.069662	0.0836764	0.0919138	0.0909028	0.0832439	0.0726812	0.060211	0.0438555	0.0293907	0.0206903	0.010747	-0.000479521	-0.00844618	-0.0151521	-0.0180507	-0.0218447	-0.0300288	-0.034397	
-0.0431816	-0.0441369	-0.038437	-0.0237769	0.0015661	0.0249319	0.0466431	0.0644566	0.0812637	0.0896686	0.0905904	0.0846992	0.0752916	0.0639155	0.0494688	0.0359635	0.0282985	0.0189623	0.00838089	0.000404183	-0.00548684	-0.00989713	-0.0157377	-0.0245492	-0.0287732	
-0.047095	-0.0474665	-0.0432514	-0.0284588	-0.00434513	0.0196805	0.0402956	0.060111	0.076743	0.0868085	0.0882046	0.084496	0.0760747	0.0665427	0.0545344	0.0419567	0.0348069	0.027155	0.0168699	0.0090528	0.00332164	-0.00263207	-0.00801182	-0.018088	-0.0238454	
-0.0507	-0.0520154	-0.04842	-0.0341961	-0.0106243	0.0137189	0.0338198	0.0545662	0.0711109	0.0814792	0.0837149	0.0814032	0.0737944	0.0669657	0.0563693	0.045854	0.0385682	0.0328178	0.0226113	0.0156126	0.00960437	0.0051177	-0.00219698	-0.0113646	-0.018271	
-0.0563681	-0.0589987	-0.0552466	-0.0411522	-0.0178947	0.00617775	0.0262287	0.046537	0.0633465	0.0730162	0.0766385	0.0746212	0.0686712	0.0635674	0.0553933	0.0461608	0.0391866	0.0337767	0.0251575	0.0187415	0.0153431	0.0101638	0.00291084	-0.00463499	-0.0109584	
-0.063393	-0.065644	-0.0617671	-0.0472293	-0.0240356	-0.0012405	0.0200947	0.0380408	0.0552348	0.064484	0.0677341	0.067082	0.0611753	0.0580311	0.0519861	0.0423266	0.0362056	0.0304743	0.023829	0.0188724	0.0158407	0.0115253	0.00575848	-0.00104359	-0.00667396	
-0.0684287	-0.0699222	-0.0652666	-0.0502745	-0.0279245	-0.0045604	0.0150639	0.0326338	0.0478456	0.0575648	0.0600769	0.0596832	0.0548145	0.0525284	0.0473109	0.0384173	0.0317152	0.0268877	0.0209057	0.01757	0.0143685	0.0119557	0.0058757	0.00118918	-0.00402349	
-0.0711348	-0.0724169	-0.0662358	-0.0514165	-0.0286601	-0.0059237	0.0129431	0.0291839	0.0428628	0.0524036	0.0544174	0.0535607	0.0500299	0.0469005	0.0425232	0.0357473	0.028036	0.0247953	0.0190476	0.0169686	0.0149872	0.0126482	0.0077045	0.00523794	0.00238012	
-0.0712867	-0.0717376	-0.0657855	-0.0489612	-0.0282103	-0.00451167	0.0132407	0.0277906	0.0414692	0.049274	0.0512204	0.0496662	0.0449374	0.0420327	0.0380857	0.0331623	0.0257196	0.0220249	0.0178965	0.0154802	0.0142594	0.0125152	0.00968943	0.00802587	0.00639469	
-0.0697478	-0.0688633	-0.0626053	-0.0454505	-0.0253546	-0.00233573	0.0149198	0.0286851	0.0412241	0.0479706	0.048841	0.0462681	0.0407732	0.0377324	0.0350488	0.0306215	0.0239318	0.019127	0.01679	0.0137326	0.0143117	0.0132935	0.0109159	0.00910213	0.00966698	
-0.0651739	-0.0642451	-0.0565785	-0.039711	-0.0197328	0.00239732	0.0197108	0.032406	0.0432247	0.0481434	0.0483013	0.0447007	0.0392498	0.035228	0.0331771	0.0291785	0.0221013	0.0187395	0.0155765	0.0141117	0.0148788	0.0140285	0.0104129	0.0103026	0.00934174	
-0.0656724	-0.0643866	-0.0547315	-0.0377646	-0.0172254	0.00447133	0.0209602	0.0329067	0.0410681	0.0445291	0.0441104	0.0392431	0.0330143	0.0273596	0.0252387	0.0214424	0.015378	0.0124731	0.00999964	0.00880611	0.0092582	0.00792509	0.00441319	0.00411756	0.00292641	
-0.0715139	-0.0679371	-0.0572176	-0.0384785	-0.018467	0.00195623	0.0177877	0.0283729	0.0346196	0.037312	0.034509	0.0296618	0.0205419	0.0149068	0.0122454	0.00946022	0.0048488	0.00167978	8.41962e-05	-0.000686446	-0.000289057	-0.00152	-0.00549317	-0.00635758	-0.00519204	
-0.0776958	-0.0723277	-0.058608	-0.0394079	-0.0204927	-0.000795602	0.0140053	0.0243846	0.0289181	0.0292259	0.0250648	0.0174521	0.00835808	0.00121525	-0.00135845	-0.0032357	-0.00821174	-0.0112807	-0.0121702	-0.0118252	-0.0115334	-0.0128488	-0.0166422	-0.0169421	-0.0164285	
-0.0814564	-0.0740068	-0.0573916	-0.0389243	-0.0195642	-0.00159218	0.0142395	0.0228008	0.0256224	0.0229048	0.0174573	0.00750398	0.000179166	-0.00924814	-0.0109107	-0.013057	-0.0181651	-0.0206845	-0.0192962	-0.01831	-0.0166599	-0.0193757	-0.0219442	-0.0219781	-0.0207597	
-0.0815771	-0.0712179	-0.0539659	-0.0334899	-0.0154728	0.00333233	0.018341	0.0248716	0.0253925	0.0205515	0.0134664	0.00416106	-0.00441216	-0.0130028	-0.0167482	-0.0185701	-0.0224253	-0.0249182	-0.0208424	-0.0188512	-0.0180474	-0.0198954	-0.0220515	-0.0215874	-0.0175626	
-0.0742202	-0.0624185	-0.0430485	-0.0215768	-0.00317165	0.0150938	0.0287846	0.0339542	0.0321053	0.0264077	0.0185059	0.00826954	-0.000297201	-0.00986265	-0.014853	-0.0161233	-0.0194729	-0.0215063	-0.0159157	-0.0141875	-0.0135313	-0.0155532	-0.0157921	-0.0146105	-0.0102674	
-0.0612728	-0.0483905	-0.0258782	-0.00372041	0.0148141	0.0314073	0.0440452	0.0486936	0.0449624	0.038543	0.0293967	0.018421	0.0100914	-3.26807e-05	-0.0052078	-0.00685404	-0.0107329	-0.0114504	-0.00781987	-0.0039729	-0.00348123	-0.00530973	-0.00492061	-0.0032724	-1.52087e-05	
-0.0498855	-0.0344188	-0.00949858	0.0119959	0.0308894	0.0453509	0.057934	0.0623897	0.0567693	0.0488068	0.0387828	0.0275525	0.0193375	0.00946688	0.00345588	-0.00017862	-0.00271779	-0.00457282	-0.00051493	0.00393699	0.00391933	0.00367503	0.00301086	0.00506675	0.00903962	
-0.0377358	-0.0195206	0.00459638	0.0265679	0.0451723	0.0584838	0.0712973	0.0746216	0.0676988	0.0584837	0.0472415	0.0376678	0.0278851	0.0183408	0.0110126	0.00544893	0.00371653	0.00111265	0.00458115	0.00820908	0.00789044	0.00635119	0.0073392	0.00884335	0.012166	
-0.0298573	-0.0112588	0.0129749	0.0352174	0.0535936	0.0664142	0.0773253	0.0796378	0.0724998	0.061103	0.0509206	0.0409586	0.0305614	0.0211686	0.0122691	0.00664109	0.00462263	0.00193679	0.00351794	0.00673287	0.00677263	0.00504551	0.00605302	0.00775647	0.0106694	
-0.026723	-0.00763322	0.0169487	0.038502	0.0570149	0.0684148	0.0770301	0.0795513	0.0717528	0.0598642	0.0493113	0.0381103	0.0282021	0.0179985	0.00841958	0.00245792	-0.000379338	-0.00249863	-0.00216846	-0.000469113	5.07934e-05	-0.00132569	-0.000510559	0.00110559	0.00270884	
-0.0303559	-0.00924933	0.0138379	0.0358031	0.0521018	0.0632408	0.0696301	0.0719934	0.0635851	0.0521325	0.0392426	0.0298083	0.0182407	0.00913745	-0.001886	-0.00867166	-0.0118051	-0.0131545	-0.0145649	-0.0120272	-0.0142377	-0.0148599	-0.0128345	-0.0122257	-0.0116941	
-0.0400326	-0.0185582	0.00392576	0.0237637	0.0398124	0.0491175	0.0551586	0.0547143	0.0474987	0.0349263	0.0231202	0.012776	0.00251668	-0.00747953	-0.0186979	-0.0261845	-0.0283309	-0.0303001	-0.0314112	-0.0308535	-0.0325851	-0.033799	-0.0321814	-0.0308322	-0.0295982	
-0.0540538	-0.0334373	-0.0124335	0.00615668	0.021293	0.0303412	0.0344229	0.0326189	0.0254974	0.013722	0.00168635	-0.00881508	-0.0190139	-0.0288083	-0.0404721	-0.0484498	-0.0505511	-0.0514558	-0.0537749	-0.0548597	-0.0570662	-0.0572255	-0.0555254	-0.0540888	-0.0539367	
-0.0738719	-0.0540811	-0.0347206	-0.0168575	-0.00329015	0.00560089	0.00702689	0.00463609	-0.00232707	-0.0134462	-0.0252174	-0.0349102	-0.0461082	-0.0540417	-0.0661768	-0.073489	-0.0754676	-0.0755665	-0.0783691	-0.0798018	-0.0837335	-0.0816141	-0.0800659	-0.0767845	-0.0778737	
-0.0963554	-0.0762552	-0.0585543	-0.041769	-0.0284043	-0.0214816	-0.0208336	-0.0244297	-0.0306957	-0.0411038	-0.051928	-0.0620068	-0.0725851	-0.0812152	-0.0906297	-0.0976189	-0.0993995	-0.0992383	-0.102448	-0.105949	-0.106585	-0.106735	-0.103946	-0.0987133	-0.0993982	
-0.113529	-0.0935489	-0.0772455	-0.0611166	-0.0490941	-0.0427267	-0.0440805	-0.0479468	-0.0533179	-0.0626543	-0.0732583	-0.0832028	-0.093416	-0.10042	-0.107825	-0.114397	-0.116413	-0.115046	-0.119081	-0.122643	-0.122554	-0.120463	-0.116837	-0.112569	-0.111191	
-0.119586	-0.100888	-0.0846786	-0.0698531	-0.0591015	-0.0532623	-0.0560707	-0.0602457	-0.0642818	-0.0738207	-0.0838012	-0.0938854	-0.101572	-0.107645	-0.113202	-0.118789	-0.121313	-0.11982	-0.122119	-0.12615	-0.126186	-0.121954	-0.117361	-0.111874	-0.109607	
-0.113976	-0.095	-0.0789376	-0.0654234	-0.0554889	-0.0504649	-0.0533236	-0.0579526	-0.0627253	-0.0711144	-0.0819132	-0.09013	-0.0959493	-0.102696	-0.105608	-0.109775	-0.11178	-0.111059	-0.112522	-0.116	-0.113977	-0.110369	-0.103681	-0.0970522	-0.0937403	
-0.0913245	-0.072398	-0.0562516	-0.0442078	-0.0352498	-0.0307399	-0.0339096	-0.0399832	-0.0450287	-0.0524339	-0.0615462	-0.0695766	-0.0743247	-0.0795349	-0.0812898	-0.0831739	-0.0847615	-0.0851646	-0.0863617	-0.0896449	-0.0862926	-0.0793891	-0.073687	-0.0680091	-0.0645714	
-0.0547385	-0.0363832	-0.0206938	-0.00855532	-0.00101271	0.00279313	-0.00139789	-0.00890543	-0.0144357	-0.020527	-0.028243	-0.0369449	-0.0403426	-0.0436718	-0.0442105	-0.0458503	-0.0481649	-0.0486629	-0.0493628	-0.0525048	-0.0486172	-0.0421157	-0.034903	-0.0308825	-0.028898	
-0.0103748	0.00714866	0.0226759	0.0346678	0.0416862	0.0429347	0.0383315	0.0300961	0.0230697	0.0178413	0.00994629	0.00309416	0.000565493	-0.00174116	-0.0018294	-0.00366892	-0.00471216	-0.0056506	-0.00634604	-0.00782647	-0.00472411	0.000597312	0.00810843	0.0105733	0.0134845	
0.0369977	0.052577	0.0685106	0.079572	0.0857205	0.0850166	0.0798408	0.0714719	0.063047	0.0566731	0.0509143	0.0446738	0.0427096	0.0401267	0.0395997	0.0394571	0.0390903	0.0370878	0.035786	0.0336471	0.0366438	0.0431864	0.0467576	0.0481024	0.0500678	
0.0807496	0.0959916	0.110251	0.120665	0.125406	0.123605	0.117484	0.10817	0.0979601	0.0929657	0.0877382	0.0827936	0.0785676	0.0763311	0.0766371	0.0770644	0.0755246	0.0729502	0.0712997	0.0696538	0.0712697	0.0762052	0.0790556	0.0768318	0.0768129	
0.114672	0.129755	0.14239	0.151066	0.155737	0.152088	0.14532	0.134147	0.124089	0.119681	0.114258	0.109525	0.104279	0.102775	0.10309	0.10396	0.101849	0.0976898	0.0971351	0.0973304	0.0962866	0.0986519	0.100214	0.0969079	0.0953613	
0.138728	0.152679	0.164094	0.17131	0.174095	0.169747	0.160954	0.150162	0.140428	0.134748	0.129658	0.124207	0.120348	0.118262	0.116959	0.118914	0.116919	0.112016	0.110596	0.111801	0.110575	0.110082	0.108571	0.106294	0.10269	
0.153213	0.16726	0.176551	0.182071	0.182009	0.175733	0.167255	0.156815	0.146489	0.140704	0.135236	0.131332	0.125681	0.123934	0.122339	0.123887	0.122403	0.117217	0.114151	0.116419	0.115277	0.113106	0.108956	0.103278	0.100261	
0.157093	0.170668	0.178853	0.181792	0.178555	0.17071	0.163359	0.153328	0.142548	0.135481	0.132087	0.127219	0.120289	0.119308	0.118888	0.119621	0.117442	0.112482	0.110118	0.112831	0.111904	0.108213	0.101094	0.0947103	0.0907554	
0.157065	0.169784	0.176315	0.17678	0.169735	0.16134	0.15346	0.145342	0.134655	0.126246	0.123566	0.118087	0.112138	0.111272	0.111183	0.110681	0.108193	0.104957	0.102882	0.10543	0.10479	0.097897	0.0897153	0.0849508	0.0791924	
0.154136	0.166554	0.17024	0.167919	0.159065	0.148855	0.141432	0.134273	0.125614	0.115917	0.110999	0.107741	0.102486	0.101149	0.100591	0.0992874	0.0978576	0.0955616	0.0935816	0.0950808	0.0938525	0.0859966	0.0771888	0.0711528	0.0669439	
0.150723	0.160803	0.162721	0.157478	0.146829	0.136718	0.127768	0.121977	0.115109	0.103966	0.0983908	0.0951938	0.0926624	0.0892966	0.0890154	0.0890615	0.0876661	0.0859591	0.0850611	0.0851866	0.0843033	0.0764724	0.0664139	0.0603437	0.0574163	
