0.00979612	0.00989965	0.0104396	0.0116353	0.0133091	0.0161282	0.0192183	0.0239364	0.0289711	0.0330037	0.0346757	0.0362103	0.0373259	0.037245	0.0357056	0.0329717	0.0271248	0.0195137	0.0113289	0.00147077	-0.00704386	-0.0145909	-0.0184849	-0.0177511	-0.0115365	
0.00700574	0.00715427	0.00824668	0.00884439	0.0105207	0.0122781	0.016671	0.0207503	0.0262412	0.028723	0.0321777	0.0324325	0.0338591	0.033789	0.0336776	0.0300783	0.024751	0.0174693	0.00937279	0.000224245	-0.00887177	-0.0164865	-0.0206945	-0.0196045	-0.0144424	
0.00433142	0.00441301	0.00451987	0.00513748	0.00701155	0.0092383	0.0123807	0.0166007	0.0213163	0.0248751	0.0274955	0.0282471	0.0291667	0.0299537	0.0289649	0.0266852	0.0218051	0.0140879	0.00623724	-0.00233626	-0.0118143	-0.0199922	-0.023686	-0.0229072	-0.0177695	
0.000639101	0.000675559	0.00153926	0.00204234	0.00344531	0.00553658	0.00935082	0.0134634	0.0185436	0.021705	0.0247096	0.025357	0.026505	0.0270192	0.0271183	0.0251635	0.0196943	0.012227	0.00469874	-0.00421708	-0.0137195	-0.0208004	-0.0258291	-0.0256363	-0.0205008	
-0.00204641	-0.00217244	-0.00182943	-0.00128139	0.000780875	0.00268015	0.00647743	0.0104751	0.0161898	0.0191664	0.0224992	0.0230844	0.0246266	0.0253486	0.0256207	0.0234355	0.0190068	0.0116548	0.00387185	-0.004855	-0.0138993	-0.0213383	-0.0260216	-0.0257877	-0.0218699	
-0.00416341	-0.00401603	-0.00327785	-0.002439	-0.000468785	0.00135414	0.00573152	0.0101656	0.0160206	0.0189646	0.0222015	0.0231386	0.0251336	0.0264518	0.0267564	0.024556	0.0202432	0.0130285	0.0055002	-0.00298449	-0.0121329	-0.0198133	-0.0244818	-0.0251595	-0.0206836	
-0.00533025	-0.00516785	-0.00473401	-0.00345387	-0.00151601	0.00101093	0.00475964	0.0097854	0.0149752	0.0187908	0.0218278	0.0232455	0.0243573	0.0259094	0.0269621	0.0251983	0.0212447	0.0137752	0.00625795	-0.00243465	-0.0111654	-0.0185156	-0.0238992	-0.0242349	-0.020101	
-0.00615274	-0.0061638	-0.00516004	-0.00452105	-0.0027493	-0.000294423	0.00415927	0.00821769	0.0136156	0.016485	0.0199888	0.0212285	0.0224176	0.0242173	0.0251816	0.0235702	0.0196272	0.013093	0.00480681	-0.00310057	-0.012495	-0.0197492	-0.0254075	-0.0258659	-0.0217658	
-0.006874	-0.00648714	-0.00582284	-0.00536865	-0.00334602	-0.000720861	0.00256851	0.00677517	0.0124822	0.015102	0.0181424	0.0193776	0.0206846	0.022483	0.0240946	0.0220379	0.0184926	0.0111332	0.00344087	-0.0048907	-0.0140249	-0.0216604	-0.0267707	-0.0273088	-0.0232228	
-0.00640578	-0.00624436	-0.00618345	-0.00528911	-0.00371835	-0.00183491	0.00151934	0.00613641	0.0103611	0.0133377	0.0169665	0.0184486	0.0190139	0.0218437	0.0225603	0.0209273	0.0174306	0.0107026	0.00202985	-0.00590071	-0.0154318	-0.0227657	-0.0278815	-0.0286489	-0.0242053	
-0.00631716	-0.00563723	-0.00498417	-0.00447694	-0.00316712	-0.00116126	0.00187458	0.00591068	0.0113543	0.0140622	0.0169866	0.0183681	0.0202872	0.0220341	0.0235712	0.0218607	0.0185583	0.0107441	0.00239889	-0.00657772	-0.0159715	-0.0229138	-0.0276165	-0.0286535	-0.0243245	
-0.00570525	-0.00522756	-0.00475695	-0.00449064	-0.00427964	-0.00210866	0.000675023	0.00491238	0.00883121	0.0119375	0.0144993	0.0167409	0.0173928	0.0204583	0.0218446	0.0202236	0.0162319	0.00925352	-1.07212e-05	-0.00830885	-0.0174941	-0.0245711	-0.0294297	-0.0300625	-0.0256337	
-0.00443278	-0.00425476	-0.00523316	-0.00486154	-0.0033068	-0.00241114	0.000521322	0.00437356	0.00930232	0.0111655	0.0146816	0.0162147	0.0176563	0.0195295	0.0217069	0.0196713	0.0166153	0.00902587	-0.000455357	-0.00865445	-0.0180223	-0.0250317	-0.0301365	-0.0310236	-0.0268467	
-0.00429862	-0.00398467	-0.0039082	-0.00426565	-0.00456658	-0.00226916	0.000907428	0.00454919	0.00886441	0.0123055	0.0143201	0.0163847	0.0173456	0.0199813	0.0217639	0.020751	0.0170011	0.0095448	0.000156029	-0.00821536	-0.0174738	-0.024328	-0.0291042	-0.0307193	-0.0262621	
-0.00275968	-0.00259467	-0.00392874	-0.00380249	-0.00293693	-0.00108545	0.00109799	0.00602294	0.0102936	0.0129304	0.0151606	0.0180783	0.0182607	0.0214247	0.0238929	0.0221338	0.0181232	0.0113564	0.00154027	-0.00689746	-0.0158388	-0.0231017	-0.028503	-0.0297764	-0.0259328	
-0.00318001	-0.00276331	-0.00300802	-0.00349208	-0.00349753	-0.00167423	0.00130915	0.0051471	0.0094258	0.0122468	0.0146731	0.0164744	0.0177062	0.0207658	0.0230618	0.0214236	0.0184696	0.0111094	0.00142898	-0.00728836	-0.0165498	-0.023805	-0.0289929	-0.0305023	-0.0265289	
-0.002611	-0.00265885	-0.00366847	-0.00394185	-0.00356371	-0.00238914	0.000616807	0.00462161	0.00885514	0.0109585	0.0134961	0.0152644	0.0165783	0.0197491	0.0225719	0.0210327	0.0179103	0.0107331	0.000798022	-0.00833854	-0.0171066	-0.0239937	-0.0295051	-0.0311501	-0.0274556	
-0.00285702	-0.0028302	-0.00427669	-0.00476412	-0.00432488	-0.00156388	0.000866577	0.00484297	0.00842596	0.011473	0.0131852	0.0161555	0.0171259	0.0204945	0.0226282	0.0223315	0.0189026	0.0121238	0.00195122	-0.00696883	-0.0158998	-0.0228237	-0.0288134	-0.0305683	-0.0274064	
-0.00374062	-0.00341753	-0.0039914	-0.00458092	-0.00467732	-0.00262365	0.00103696	0.00492814	0.00912091	0.0120321	0.0144855	0.0160483	0.017507	0.0207928	0.0241352	0.0234688	0.0207496	0.0136943	0.00362127	-0.00588183	-0.0144055	-0.0216246	-0.02753	-0.0298975	-0.0271028	
-0.00322209	-0.00308126	-0.0050989	-0.00550389	-0.00499539	-0.00269856	-7.71598e-05	0.00485631	0.00842469	0.0112089	0.0128122	0.0162412	0.017584	0.0209613	0.0238408	0.0238083	0.0205666	0.0142483	0.00443354	-0.00523389	-0.0139395	-0.0213068	-0.0278883	-0.0305317	-0.0283148	
-0.00466431	-0.0046516	-0.00479902	-0.0055608	-0.00603833	-0.00370322	-0.000122668	0.00344433	0.00744965	0.010642	0.0123771	0.0146194	0.0169124	0.0205151	0.0237395	0.0236778	0.0206632	0.0144151	0.00452959	-0.00498563	-0.0137521	-0.0214118	-0.0281216	-0.0312885	-0.0291888	
-0.00429546	-0.00412978	-0.00558059	-0.00621547	-0.00559125	-0.00302386	0.000192963	0.00470864	0.00831444	0.0110689	0.0130728	0.0162354	0.0177663	0.0209075	0.0246224	0.0249432	0.0221608	0.0162647	0.00645012	-0.00376848	-0.0121795	-0.0200762	-0.0268944	-0.030203	-0.0284692	
-0.00382688	-0.00370462	-0.00543336	-0.00598251	-0.00547426	-0.00220518	0.00133703	0.00598713	0.00856377	0.0118508	0.0132998	0.0168328	0.0185035	0.0222976	0.024771	0.0256016	0.0228142	0.017394	0.00770012	-0.00203219	-0.0105914	-0.0187634	-0.0254313	-0.0295184	-0.0283554	
-0.00515648	-0.004678	-0.00459952	-0.00549529	-0.00498693	-0.0023813	0.00169965	0.00467049	0.00853034	0.0110229	0.0131507	0.0150573	0.0181558	0.0205585	0.024246	0.0245965	0.0224933	0.0166654	0.00743655	-0.00257581	-0.0109384	-0.0187794	-0.0257036	-0.0296083	-0.0289479	
-0.0042703	-0.00376165	-0.00510189	-0.00541063	-0.00486916	-0.00183378	0.000822743	0.00546712	0.00687469	0.00986595	0.0105615	0.0144425	0.0159308	0.0199752	0.0222734	0.0238032	0.020532	0.0158143	0.00609929	-0.00327335	-0.0116722	-0.0198958	-0.0268496	-0.0314507	-0.030929	
-0.00474951	-0.00450598	-0.00488065	-0.00525889	-0.00476386	-0.00301254	0.000160587	0.00335034	0.00589563	0.00813605	0.00931835	0.0112237	0.0141505	0.0168526	0.0201926	0.0215685	0.0197184	0.0143641	0.00563378	-0.0043919	-0.0123041	-0.0204344	-0.0271083	-0.031841	-0.0314848	
-0.00389294	-0.00331737	-0.00374269	-0.00416907	-0.00377507	-0.000576573	0.00244025	0.00552677	0.00704753	0.0100972	0.0111688	0.0138863	0.0163321	0.0189427	0.021581	0.0235343	0.0218268	0.0171287	0.00861571	-0.000987638	-0.00922038	-0.0176887	-0.0247612	-0.0294747	-0.0301077	
-0.00331322	-0.00257081	-0.00354019	-0.00373749	-0.00263995	-0.000337329	0.00242799	0.00596789	0.00752464	0.00971019	0.0109333	0.0139148	0.0163053	0.0193178	0.0220029	0.0240608	0.0217344	0.0177124	0.00977631	0.000277081	-0.00765486	-0.016107	-0.0230291	-0.028403	-0.0290824	
-0.00373268	-0.00333222	-0.00308149	-0.0034979	-0.00321307	-0.00103595	0.00192656	0.00401851	0.00546969	0.00772873	0.00895439	0.0110159	0.0147941	0.0171812	0.0199626	0.0219544	0.0204094	0.0157394	0.00866296	-0.000508793	-0.00871064	-0.0169731	-0.0237414	-0.0284645	-0.0296688	
-0.00264431	-0.00223934	-0.00279805	-0.0029938	-0.00234604	-0.0006285	0.00129399	0.0037565	0.00484188	0.00700115	0.00804381	0.0105057	0.0135286	0.0167044	0.0195212	0.0215636	0.0199038	0.0157749	0.00869123	-0.000822989	-0.00851606	-0.0168981	-0.0232721	-0.0279055	-0.0294207	
-0.00363423	-0.00296837	-0.00214163	-0.00252575	-0.00204958	-0.000606393	0.00166426	0.0031651	0.00477621	0.00666949	0.00816349	0.0102793	0.0141246	0.0167118	0.0194763	0.0221099	0.0203181	0.0160305	0.00972299	0.00056562	-0.00780409	-0.0150848	-0.0215563	-0.026297	-0.0283131	
-0.00410749	-0.00347197	-0.00319335	-0.0031476	-0.0018948	-0.000311812	0.00195435	0.00344862	0.00450318	0.00618744	0.00804072	0.0102179	0.0144575	0.0174506	0.0194593	0.0214894	0.0203948	0.0165276	0.0104876	0.00211343	-0.00570869	-0.0139588	-0.0206564	-0.0251886	-0.0278859	
-0.00470986	-0.00434591	-0.00377121	-0.00391981	-0.00299793	-0.00166352	0.000472752	0.00185376	0.00301087	0.00428608	0.00594587	0.00799799	0.0121697	0.0150444	0.0177007	0.0201884	0.0190588	0.0156036	0.0109675	0.00226993	-0.00550731	-0.0133681	-0.0201283	-0.0251584	-0.0276741	
-0.00500364	-0.00437831	-0.00339374	-0.00365081	-0.00311526	-0.00165523	0.000641758	0.00160872	0.00262645	0.00425336	0.00610801	0.00786516	0.0126225	0.0157982	0.0178803	0.0207243	0.0202284	0.0170125	0.0123798	0.00502435	-0.0033952	-0.0112042	-0.0180623	-0.0227171	-0.0262584	
-0.0049586	-0.00447818	-0.0040399	-0.00374802	-0.00196454	-0.00174872	0.000335791	0.00102546	0.00278715	0.00353731	0.00670174	0.00857592	0.0134154	0.0162696	0.0190344	0.0215291	0.0213347	0.0187527	0.0143339	0.00663964	-0.00122124	-0.00882965	-0.015607	-0.0202791	-0.023994	
-0.00639123	-0.00591853	-0.00459085	-0.00439123	-0.00404861	-0.00228049	-0.000693592	-0.000178419	0.000496392	0.00256229	0.00463432	0.00710359	0.0123108	0.0158785	0.0181596	0.0206392	0.0205333	0.0176394	0.0141813	0.00693541	-0.000868549	-0.00821487	-0.0143308	-0.0195166	-0.0237772	
-0.00647694	-0.00634182	-0.006127	-0.00601446	-0.00419715	-0.00394221	-0.00209852	-0.00203857	-0.000550153	-0.000446057	0.00316127	0.0057495	0.0114852	0.014476	0.016978	0.0189589	0.0193418	0.0172218	0.0134454	0.00728177	-0.000758392	-0.00800005	-0.0145005	-0.0192455	-0.0237169	
-0.00717253	-0.00687446	-0.00596618	-0.00529056	-0.00416985	-0.00324983	-0.00187033	-0.00129752	-0.000240907	0.000904331	0.00413177	0.00741072	0.0124294	0.0159943	0.0186877	0.0207082	0.0210024	0.0190246	0.0157646	0.00942829	0.00140679	-0.005519	-0.012093	-0.0170258	-0.0215416	
-0.00817141	-0.00739919	-0.0060585	-0.00527597	-0.00439719	-0.00334427	-0.00252308	-0.0021585	-0.00135102	-0.00014001	0.00296683	0.00644607	0.0116421	0.0156286	0.0181444	0.0196012	0.0207796	0.0189264	0.0162038	0.0104412	0.00291265	-0.0045165	-0.0102143	-0.015235	-0.0196707	
-0.00778388	-0.00743557	-0.00648289	-0.00526669	-0.0032402	-0.00308963	-0.00206918	-0.0021015	-0.00102504	-0.000935489	0.00323012	0.00687381	0.011612	0.0151051	0.0178441	0.0193988	0.0204658	0.0195182	0.0167076	0.0119926	0.00361292	-0.00273013	-0.00883375	-0.0133751	-0.017671	
-0.00808246	-0.0074229	-0.00607318	-0.00464272	-0.00411128	-0.00256465	-0.00245236	-0.00151123	-0.00137319	0.000308633	0.00263392	0.00671405	0.0105201	0.015121	0.0172971	0.0181453	0.0198163	0.0190384	0.0166882	0.0116531	0.00465091	-0.00213153	-0.00776903	-0.0124077	-0.0166729	
-0.00808655	-0.0077249	-0.00669701	-0.00536475	-0.00372557	-0.00341899	-0.00277218	-0.00285262	-0.0017687	-0.00146161	0.0020749	0.00586624	0.00969736	0.0131705	0.015407	0.0163536	0.0178901	0.0173204	0.0150064	0.0112927	0.00396042	-0.00212689	-0.00705185	-0.012257	-0.0162258	
-0.00840195	-0.00770975	-0.00639302	-0.00428587	-0.00343345	-0.00252389	-0.0028752	-0.00226611	-0.00240488	-0.00107587	0.00152714	0.00604772	0.00883803	0.0130652	0.0151688	0.0156707	0.0170073	0.0166678	0.0144275	0.0112931	0.00500113	-0.000681411	-0.00572412	-0.0103076	-0.014558	
-0.00811939	-0.00742502	-0.00596765	-0.00373679	-0.00268337	-0.00207607	-0.00269333	-0.00271379	-0.00249665	-0.00161742	0.000708817	0.00527634	0.00801794	0.0119321	0.0140292	0.0143587	0.0157138	0.0162622	0.0146071	0.011734	0.0062248	0.000951775	-0.00344294	-0.00827005	-0.0118084	
-0.00763904	-0.00694916	-0.00567	-0.00325981	-0.00178603	-0.00119012	-0.00111157	-0.00106719	-0.000727336	9.69561e-05	0.00292415	0.00721516	0.00944982	0.0127156	0.0146119	0.0152033	0.0166542	0.0173434	0.0159662	0.0144334	0.00896575	0.00376152	-4.75371e-05	-0.00511835	-0.0087194	
-0.00778144	-0.00711594	-0.00592053	-0.00353362	-0.00307143	-0.00223605	-0.00307005	-0.00213061	-0.0021761	-0.000486542	0.00125174	0.00579899	0.0072943	0.01065	0.0123925	0.0123755	0.013899	0.0153793	0.0145567	0.0128137	0.00921268	0.00429112	5.38277e-05	-0.0043219	-0.00774077	
-0.00745119	-0.00748618	-0.00663008	-0.00446525	-0.00314915	-0.00309906	-0.0038755	-0.00421465	-0.00355461	-0.00235658	1.54894e-05	0.00416327	0.00601521	0.00833601	0.00980815	0.0103677	0.0112694	0.0130877	0.0127182	0.0121764	0.00840842	0.00471299	0.00118293	-0.00338002	-0.00634626	
-0.00744123	-0.00691227	-0.00552398	-0.00313038	-0.00263631	-0.00217971	-0.00317239	-0.00284001	-0.00325507	-0.00128171	0.00083482	0.00498236	0.00664694	0.00936649	0.0108826	0.0107941	0.0122412	0.0136145	0.0138941	0.0134533	0.0117298	0.00706826	0.00378162	-0.000451497	-0.00387775	
-0.00706344	-0.00697908	-0.00574538	-0.00354131	-0.00226172	-0.00216337	-0.00341073	-0.00372424	-0.00335512	-0.00172792	0.000274679	0.00408172	0.00611669	0.00821807	0.00981847	0.0104687	0.0109603	0.013553	0.0143806	0.0144701	0.0127052	0.00997209	0.00581856	0.00184237	-0.00172171	
-0.0074647	-0.0070591	-0.00562504	-0.0036476	-0.00287233	-0.00273036	-0.00388477	-0.00411554	-0.00435771	-0.0024725	-0.00062149	0.00269976	0.0048021	0.00686822	0.00838303	0.00913023	0.0101382	0.0122659	0.0139324	0.0145571	0.0143603	0.0111211	0.00759019	0.003403	-0.00075183	
