0.00072327	0.00297295	0.00365558	0.00527951	0.00455548	0.00385558	0.00229527	0.000414416	-0.000366952	-0.00285076	-0.00469528	-0.00711629	-0.0083072	-0.0093462	-0.00892383	-0.00846662	-0.00727067	-0.00508342	-0.00381163	-0.00156211	0.00028275	0.000243245	0.00109455	0.00341204	0.00341314	
0.00254148	0.00376235	0.00488633	0.00607252	0.0051913	0.00485851	0.00256898	0.00104011	-0.000219205	-0.00206173	-0.0040107	-0.00647032	-0.0077289	-0.0088254	-0.00833018	-0.00790655	-0.00678566	-0.00434224	-0.00329548	-0.00111531	0.000978808	0.000807945	0.00245251	0.00441165	0.00476593	
0.00279844	0.00463312	0.00540576	0.00696406	0.00615913	0.00576177	0.00361684	0.00195827	0.000884328	-0.000669678	-0.00281137	-0.00514956	-0.00666505	-0.00791003	-0.00752577	-0.00732816	-0.00623712	-0.00410115	-0.00294396	-0.000789061	0.00137381	0.00129424	0.00303978	0.00539055	0.00575521	
0.00304649	0.00492063	0.00585861	0.00724518	0.00628709	0.00579696	0.00419657	0.00213327	0.00149462	-0.000455212	-0.00251032	-0.00442834	-0.00632301	-0.00722314	-0.00730946	-0.0071035	-0.00595483	-0.00420434	-0.00265207	-0.000261512	0.0018495	0.00218714	0.00358141	0.00645962	0.00683486	
0.00376765	0.00540148	0.00693627	0.00801101	0.00758519	0.00708035	0.0051404	0.00346948	0.00247546	0.000826919	-0.00147321	-0.00386826	-0.0052824	-0.00686626	-0.00716724	-0.00709183	-0.00661112	-0.00445949	-0.00362372	-0.00105702	0.00130693	0.00166144	0.00389699	0.00633784	0.00733979	
0.00287339	0.00472632	0.00574527	0.00761539	0.00638646	0.00642313	0.00437582	0.00267099	0.00243563	0.000683228	-0.00143019	-0.00356977	-0.00502849	-0.00625678	-0.0066641	-0.00677699	-0.00590505	-0.00411616	-0.00293704	-0.000767624	0.00191086	0.00240025	0.00478172	0.00715029	0.0079213	
0.00267972	0.00447642	0.0061775	0.00730439	0.00633808	0.00621044	0.00445406	0.00301626	0.00215583	0.000558608	-0.00161043	-0.00394534	-0.00549335	-0.00704739	-0.00748988	-0.00792419	-0.00727682	-0.00576208	-0.00444568	-0.00191299	0.000331709	0.00159968	0.00361655	0.00713644	0.00803985	
0.00214279	0.00415149	0.00533853	0.0066266	0.00566176	0.00546956	0.00430323	0.00200509	0.00175355	-1.23162e-06	-0.00219053	-0.00447058	-0.00633298	-0.00769923	-0.00839644	-0.00885076	-0.0084487	-0.00677653	-0.00569082	-0.00264387	-0.00021143	0.000927354	0.00391165	0.00711271	0.00843847	
0.0010612	0.00278545	0.00421283	0.00534584	0.00436329	0.00434447	0.00260045	0.00103929	0.000758609	-0.000795407	-0.00273211	-0.00508237	-0.00639807	-0.00765207	-0.00857572	-0.00898185	-0.00829517	-0.00709704	-0.00573497	-0.0031465	-0.000265985	0.00125425	0.00412153	0.00765629	0.00857643	
0.00112778	0.00283896	0.00464544	0.00567526	0.00468899	0.00433199	0.00285714	0.00131247	0.000830936	-0.000735417	-0.00283699	-0.00520173	-0.0063212	-0.00795685	-0.00883049	-0.00966662	-0.00939441	-0.00795678	-0.00706434	-0.00402183	-0.00123535	0.00033383	0.00389975	0.00712122	0.00871651	
0.00107287	0.0026618	0.00444444	0.0054042	0.00435691	0.00431719	0.00264436	0.00119704	0.000610315	-0.000468934	-0.00275809	-0.00478876	-0.00617173	-0.00727256	-0.00821585	-0.00926797	-0.00909787	-0.00813771	-0.00658824	-0.00387592	-0.00106471	0.000471103	0.00386316	0.0073603	0.00897958	
0.00208487	0.00354316	0.00521991	0.00616551	0.004979	0.00478624	0.00312571	0.00141147	0.00142114	-0.000231568	-0.0020255	-0.00419822	-0.00558504	-0.00673599	-0.00796802	-0.00893333	-0.00918395	-0.00851206	-0.00724208	-0.00445784	-0.00184546	0.000194699	0.00336851	0.00750795	0.00915102	
0.0020365	0.00406767	0.0054302	0.00651128	0.0056237	0.00466482	0.00399413	0.00192556	0.00211708	0.000364829	-0.00137663	-0.00321504	-0.00452649	-0.00612608	-0.00716838	-0.0081312	-0.00867159	-0.0078709	-0.00717465	-0.00414337	-0.00162313	0.000290151	0.00374403	0.00733824	0.00919045	
0.00366608	0.00446664	0.00635782	0.00693359	0.00531932	0.00547914	0.00331714	0.00244654	0.00170558	0.000436733	-0.00150548	-0.00358696	-0.00477379	-0.00625188	-0.00744749	-0.00884908	-0.00934784	-0.00892205	-0.00764603	-0.00500208	-0.00209168	-6.23322e-05	0.00360695	0.0077192	0.00970066	
0.00248018	0.00431325	0.00552687	0.00627063	0.00548409	0.00425676	0.00349007	0.00183187	0.00178886	0.000647149	-0.00178444	-0.00343353	-0.00473839	-0.00580301	-0.00701881	-0.0088051	-0.00918817	-0.00853209	-0.00756143	-0.00463803	-0.00189333	0.00029423	0.00420149	0.00824758	0.0105547	
0.00243504	0.00294968	0.00480038	0.00552414	0.00396805	0.00360287	0.00202148	0.00138479	0.00109398	-0.000262972	-0.00193732	-0.00368251	-0.00486665	-0.00577632	-0.00701658	-0.00849998	-0.00882499	-0.00815729	-0.0071633	-0.0041773	-0.00134496	0.00139803	0.00496074	0.00957273	0.0115731	
0.002192	0.00327028	0.00472811	0.00535729	0.00406652	0.00319418	0.00219329	0.00112938	0.000984264	-0.000389602	-0.00206658	-0.00392556	-0.00517421	-0.0063219	-0.00738278	-0.0088154	-0.00971037	-0.00860649	-0.00791887	-0.00463578	-0.00167619	0.00114	0.00533349	0.00968504	0.012344	
0.00184726	0.0029851	0.00398896	0.00478877	0.00331513	0.00258059	0.00134692	0.000477271	0.000778173	-0.000644809	-0.00235337	-0.00385104	-0.00496464	-0.00584992	-0.00686677	-0.0085246	-0.00903393	-0.00840685	-0.00698349	-0.00400729	-0.00121087	0.00218417	0.00554222	0.0103479	0.0126787	
0.00303351	0.00331264	0.00507417	0.00519824	0.00404055	0.00313712	0.00187468	0.00152601	0.00108147	-1.63538e-05	-0.00192924	-0.00310646	-0.00423492	-0.0054991	-0.00668674	-0.00828933	-0.00946539	-0.00849504	-0.00759121	-0.00453246	-0.00168413	0.00142459	0.00533678	0.00965188	0.0125589	
0.00282736	0.0038327	0.00500618	0.00553939	0.00392803	0.00316073	0.00228867	0.00173305	0.00147077	0.000322866	-0.00114953	-0.00241619	-0.00356192	-0.00477772	-0.00567884	-0.00775222	-0.00868317	-0.00814985	-0.00708345	-0.00418191	-0.00176444	0.00185993	0.0051634	0.00984338	0.0122126	
0.00400919	0.00423861	0.00590855	0.00631618	0.004993	0.00414575	0.00315771	0.00269082	0.00277829	0.00154915	-0.000179479	-0.0014657	-0.00291754	-0.00350343	-0.00521816	-0.00711067	-0.00854501	-0.00789407	-0.00700029	-0.00457081	-0.00192321	0.00127855	0.00507357	0.00928631	0.011765	
0.00425861	0.00503408	0.00633041	0.00670958	0.00565441	0.00450834	0.00353996	0.00354255	0.0032091	0.00206204	0.000569074	-0.00103163	-0.0017756	-0.00333231	-0.00455649	-0.00695472	-0.00828239	-0.00771161	-0.00729505	-0.00441854	-0.00250542	0.0014792	0.00476171	0.00936706	0.0118245	
0.00413558	0.00469386	0.0060633	0.00662224	0.00534087	0.00438223	0.00391065	0.00345309	0.00302595	0.00207224	0.000492743	-0.000204628	-0.00217913	-0.0027881	-0.0046009	-0.00669478	-0.00792893	-0.0080066	-0.00679514	-0.00470715	-0.00207707	0.00131806	0.00533279	0.00952476	0.0123581	
0.00371753	0.00418451	0.00613738	0.00574616	0.0053266	0.00421567	0.00353022	0.00343869	0.00263677	0.00186648	0.000570675	-0.00102803	-0.00194782	-0.00333237	-0.00478806	-0.00712179	-0.0084518	-0.00816296	-0.00732502	-0.00452538	-0.00262461	0.00202985	0.00540087	0.0102407	0.0132487	
0.00363785	0.00443622	0.00590733	0.0062899	0.00561118	0.00452616	0.00408119	0.00373312	0.00342592	0.00239673	0.000575501	-0.000148265	-0.00171136	-0.00280854	-0.00497357	-0.0071286	-0.0082553	-0.00831178	-0.00699355	-0.00471419	-0.0020796	0.00207324	0.00625441	0.010348	0.0138699	
0.0043504	0.00477435	0.00707084	0.00686403	0.00690408	0.00580919	0.00539697	0.00555395	0.00476123	0.00386555	0.00252544	0.00150466	4.12877e-05	-0.00156337	-0.00390423	-0.00612555	-0.00752882	-0.007894	-0.00657275	-0.00441389	-0.00222778	0.00241281	0.00625986	0.0106679	0.0138007	
0.00480606	0.00594448	0.00773662	0.0077848	0.00777446	0.0068389	0.00698238	0.0065286	0.00600717	0.00529043	0.00404999	0.00289589	0.00135133	-0.000105941	-0.00248237	-0.00500741	-0.00621163	-0.00670522	-0.00533776	-0.00329163	-0.00145227	0.00317044	0.00709354	0.0109856	0.0136586	
0.00727001	0.00786794	0.0103137	0.00977401	0.0101464	0.00898307	0.00884806	0.0085764	0.00738665	0.00690953	0.00493757	0.00382018	0.00184352	0.000184538	-0.0030275	-0.00543098	-0.00685653	-0.00756208	-0.0062959	-0.00459231	-0.00221249	0.00194507	0.0066461	0.0101422	0.013456	
0.00718044	0.00803901	0.00988706	0.00977979	0.00992161	0.00891999	0.00887313	0.00877171	0.00779478	0.00690044	0.00594942	0.00460524	0.00293639	0.000674845	-0.00217133	-0.00452745	-0.00548532	-0.00664192	-0.00508732	-0.00324995	-0.00142383	0.00361393	0.00704774	0.0111137	0.0138313	
0.0071692	0.00795442	0.010177	0.00986797	0.0106763	0.00926321	0.00999142	0.0095343	0.00832035	0.0079963	0.00669963	0.0058558	0.0034515	0.00149624	-0.00170724	-0.00384766	-0.00545869	-0.00611356	-0.00483303	-0.00341403	-0.00103201	0.0031997	0.00806771	0.0108244	0.0145048	
0.0059405	0.00691157	0.00891579	0.00881688	0.00922613	0.00885017	0.00870317	0.00888637	0.00774035	0.00744501	0.00668562	0.00540666	0.00388545	0.0019275	-0.00107969	-0.00344884	-0.00431864	-0.00526475	-0.00349333	-0.00232268	-0.000206776	0.00507377	0.00885671	0.0124615	0.015549	
0.00548643	0.00701691	0.00874637	0.00869459	0.00986448	0.00860724	0.00937044	0.00895196	0.00837123	0.00801473	0.00701139	0.00629472	0.00449661	0.00244868	-0.000879075	-0.00292706	-0.00407765	-0.00487744	-0.00367084	-0.0023937	-6.36785e-05	0.00467333	0.00930831	0.0121476	0.0157732	
0.00552347	0.00645447	0.00836506	0.00844819	0.00921347	0.00860592	0.00874837	0.00922412	0.00799741	0.00802771	0.00757595	0.00675799	0.00499725	0.0026494	-0.000610603	-0.00254779	-0.00372985	-0.00479507	-0.00353334	-0.0026351	-0.000280076	0.00446872	0.00908525	0.0122075	0.0153477	
0.00462222	0.00585515	0.00710855	0.00738327	0.00788714	0.0073525	0.00801279	0.00781908	0.00697605	0.00696459	0.00689074	0.0061265	0.00442262	0.00217709	-0.000956655	-0.00303069	-0.00396006	-0.00478887	-0.00358451	-0.00259981	-0.000267942	0.00462233	0.0091746	0.0124717	0.0154775	
0.00369452	0.00508911	0.0065528	0.00639026	0.00745229	0.00695875	0.00754269	0.00771486	0.00683698	0.00701161	0.00683949	0.00616755	0.00460139	0.00212461	-0.00112418	-0.00309696	-0.00441408	-0.00505062	-0.00411671	-0.00309469	-0.00049711	0.00401545	0.00874463	0.0119373	0.0153021	
0.0022026	0.0037053	0.00447897	0.00534315	0.00602707	0.00606538	0.0064012	0.00717421	0.00665287	0.00672179	0.00692943	0.00658016	0.00484707	0.00237032	-0.00063133	-0.00238905	-0.00361081	-0.00452281	-0.00325048	-0.00271957	-5.73612e-05	0.00433354	0.0086666	0.0118137	0.0146142	
0.00095543	0.00232231	0.00314855	0.00380635	0.004958	0.00455909	0.00546676	0.00611797	0.00565874	0.0058124	0.00640709	0.00592569	0.00453956	0.0016051	-0.000919355	-0.00290291	-0.00427671	-0.00461674	-0.00418465	-0.00334972	-0.00112976	0.00359947	0.00781856	0.0108325	0.0135772	
-0.000632935	0.000671656	0.00108605	0.00204041	0.00247451	0.0029088	0.00346211	0.00410417	0.00362497	0.00394245	0.00439733	0.00419706	0.00251451	0.000319953	-0.00282703	-0.0044227	-0.00563339	-0.00627822	-0.00526535	-0.00521619	-0.00182809	0.00208768	0.00641536	0.00938027	0.0119971	
-0.00226576	-0.000809788	-0.000606678	-0.000270157	0.000408419	0.000712865	0.00109253	0.00136702	0.000985779	0.0010715	0.00156644	0.00088887	-0.000154343	-0.00335019	-0.00556103	-0.00753689	-0.00869454	-0.00882308	-0.00877022	-0.00734771	-0.00469957	-0.000310946	0.00379722	0.0072292	0.00980497	
-0.00469458	-0.0032815	-0.00394257	-0.00331335	-0.00304542	-0.0026017	-0.00257606	-0.00228215	-0.00253505	-0.00259778	-0.00185512	-0.00191933	-0.00353403	-0.00586299	-0.00840475	-0.00978355	-0.0108639	-0.0112552	-0.0103167	-0.00987757	-0.0063659	-0.0026754	0.00195505	0.00540124	0.00754532	
-0.00684626	-0.00576687	-0.00632898	-0.00568656	-0.00521255	-0.00505263	-0.00473912	-0.00440279	-0.0047897	-0.00478123	-0.00397912	-0.00419954	-0.00531249	-0.00798756	-0.00991185	-0.0115063	-0.0126701	-0.0123396	-0.0121736	-0.011084	-0.00796083	-0.00427795	0.00024702	0.00335565	0.00541908	
-0.00818143	-0.0069745	-0.00780108	-0.00665842	-0.0068546	-0.00601237	-0.00596386	-0.00567885	-0.00581712	-0.00614168	-0.00526098	-0.00567089	-0.00661333	-0.0092519	-0.0110598	-0.0127174	-0.0136334	-0.0136535	-0.0133472	-0.0123651	-0.00923328	-0.00568793	-0.00186116	0.00152543	0.0032441	
-0.00831264	-0.00729682	-0.00835598	-0.00773004	-0.00744772	-0.00694332	-0.00671819	-0.0067206	-0.00673661	-0.00686506	-0.00619105	-0.00598205	-0.00725032	-0.00936976	-0.0113875	-0.012318	-0.0136052	-0.0135351	-0.0132297	-0.0128238	-0.00932044	-0.00684305	-0.00256242	-0.000132862	0.00134122	
-0.00673786	-0.00569168	-0.0068797	-0.00600606	-0.00596817	-0.00498918	-0.005337	-0.00525166	-0.0053659	-0.00586787	-0.00490828	-0.00556255	-0.00629776	-0.00934965	-0.0104945	-0.0121995	-0.0133402	-0.0131959	-0.0137608	-0.0126558	-0.0104454	-0.0073101	-0.00403139	-0.00138662	-0.000707514	
-0.00422542	-0.00330634	-0.00488173	-0.00387191	-0.00428427	-0.003541	-0.00386224	-0.00417478	-0.00417205	-0.00462755	-0.00414376	-0.00449641	-0.00603806	-0.0077369	-0.00988684	-0.0109647	-0.0121436	-0.0125292	-0.0124355	-0.0124168	-0.00909689	-0.0073639	-0.0037497	-0.00161033	-0.000854236	
-0.00159366	-0.00104975	-0.00202173	-0.0016667	-0.0015773	-0.00100712	-0.00110814	-0.0014443	-0.00150962	-0.00167532	-0.00109592	-0.00188386	-0.00229047	-0.00476064	-0.00608718	-0.00753262	-0.00866995	-0.00868197	-0.00997837	-0.00888165	-0.00703045	-0.00507324	-0.00254486	-0.0007628	-0.000424032	
0.00355272	0.00408148	0.00266723	0.0039653	0.0031125	0.00472077	0.00412604	0.00380092	0.00392328	0.00338257	0.00379846	0.00333351	0.00209035	4.57039e-05	-0.00204745	-0.00351944	-0.00478082	-0.00590632	-0.00658928	-0.00686852	-0.00479314	-0.0035485	-0.00142293	8.65442e-05	-0.000198425	
0.00801118	0.00856813	0.00794619	0.00812092	0.00870162	0.00910287	0.00927812	0.00894772	0.00901048	0.00867683	0.00874129	0.00816458	0.00702571	0.00466053	0.00301816	0.00139583	-0.000633645	-0.0013484	-0.00300168	-0.00291865	-0.00190476	-0.00106884	0.00050032	0.0010425	0.000546558	
0.0129169	0.0130086	0.0118766	0.012631	0.0119744	0.013265	0.0126846	0.0125986	0.0127907	0.0123653	0.0124084	0.0117066	0.0104608	0.00847798	0.00682003	0.00484098	0.00303986	0.00134488	-7.73511e-05	-0.000482638	8.75608e-05	0.000624404	0.00123234	0.00194157	0.000611134	
0.0161176	0.0161636	0.0156628	0.0156613	0.0159181	0.0166436	0.0166136	0.0160732	0.0161317	0.0160415	0.0155275	0.0147041	0.0132591	0.0111453	0.00902819	0.00698698	0.0048397	0.00289845	0.000729064	0.000374587	0.000513237	0.00043326	0.000849197	0.000702021	-0.00094492	
