-0.0871099	-0.0871099	-0.0907902	-0.0922659	-0.089131	-0.0795743	-0.0646049	-0.0447812	-0.0218759	0.000342191	0.0168523	0.0284719	0.0388464	0.0468457	0.0508796	0.0506796	0.0494198	0.044508	0.0374852	0.0290947	0.0203853	0.0127024	0.00864128	0.00756977	0.00386265	
-0.0871099	-0.0911912	-0.0945595	-0.0954735	-0.0916987	-0.0806503	-0.0645181	-0.044366	-0.0229773	-0.00316726	0.0112237	0.0216565	0.0316392	0.0397321	0.0453178	0.0471453	0.0469445	0.0427416	0.0368422	0.0296057	0.0208636	0.0131248	0.00911552	0.00648479	0.000902141	
-0.0910193	-0.0947984	-0.097535	-0.0970417	-0.0933375	-0.0814087	-0.0669206	-0.0485518	-0.0313929	-0.0149937	-0.00293696	0.00735624	0.0181807	0.0278208	0.0360106	0.0410517	0.0429014	0.0406798	0.0368759	0.0308921	0.0214486	0.0121535	0.00674176	0.00233692	-0.00430077	
-0.0927604	-0.0958648	-0.097146	-0.0967887	-0.0921811	-0.0829012	-0.0699959	-0.0570523	-0.044127	-0.0327029	-0.0224501	-0.012038	0.000311098	0.012465	0.0243496	0.0337529	0.038881	0.0395607	0.0379969	0.0332114	0.0221372	0.0109215	0.00388269	-0.0025384	-0.00931132	
-0.0896323	-0.0918347	-0.0931192	-0.0918943	-0.0904125	-0.0820002	-0.0746293	-0.0647872	-0.0581659	-0.0501044	-0.0423756	-0.0315544	-0.01738	-0.00196505	0.0150525	0.0301495	0.0395722	0.0431779	0.0435363	0.038575	0.0261245	0.012946	0.00468491	-0.00280244	-0.0112012	
-0.0797439	-0.0801693	-0.0805445	-0.0820312	-0.0814416	-0.0783579	-0.0725991	-0.0686791	-0.0650591	-0.0622254	-0.0565363	-0.0467196	-0.0312959	-0.0124738	0.0098815	0.0310067	0.0442596	0.0501405	0.0506679	0.0454893	0.031349	0.0177713	0.00927269	0.000233259	-0.00901896	
-0.0642783	-0.0633636	-0.065358	-0.0684209	-0.0733364	-0.0718606	-0.0713199	-0.0687603	-0.0704274	-0.0703429	-0.0683123	-0.0591697	-0.0429416	-0.020726	0.00694843	0.0334299	0.050272	0.0575087	0.0588346	0.0531335	0.0392477	0.0259405	0.0176912	0.00806239	-0.00350818	
-0.0438905	-0.0425819	-0.0462762	-0.05465	-0.0626205	-0.0671336	-0.0680402	-0.0706528	-0.0746441	-0.079945	-0.0802728	-0.0733915	-0.0568745	-0.0330665	-0.00243195	0.0273941	0.0461216	0.0552851	0.0576592	0.0538557	0.0408886	0.0289384	0.0212756	0.0105296	-0.00180866	
-0.0202899	-0.0204802	-0.0282966	-0.0408253	-0.0551858	-0.0629064	-0.0692951	-0.0743317	-0.0837966	-0.0918295	-0.0958717	-0.0899187	-0.0747558	-0.0511221	-0.0203619	0.0100572	0.0302909	0.0411992	0.0467711	0.0454234	0.0348314	0.0240952	0.0165254	0.0053388	-0.00835629	
0.00284726	0.000279143	-0.0108893	-0.0284553	-0.0464226	-0.0596538	-0.068988	-0.0795346	-0.091832	-0.104416	-0.109859	-0.106465	-0.0931047	-0.0723764	-0.0441714	-0.0147919	0.00554972	0.0191943	0.027647	0.0297983	0.0218304	0.0127932	0.00615355	-0.00546261	-0.019876	
0.0206176	0.0159894	0.0024758	-0.0170567	-0.0378368	-0.0533488	-0.0664424	-0.0794299	-0.0955733	-0.109716	-0.117851	-0.115915	-0.106071	-0.088732	-0.0636142	-0.0361906	-0.0151515	0.000165416	0.0117702	0.0168311	0.0118989	0.00562028	0.000296707	-0.0108046	-0.0255984	
0.0339599	0.0281436	0.0143795	-0.00526261	-0.0259013	-0.0426074	-0.0564379	-0.071682	-0.0888237	-0.105723	-0.115543	-0.117196	-0.110784	-0.0968941	-0.0745038	-0.047965	-0.0274937	-0.0108662	0.00223117	0.00964473	0.00809356	0.00451614	0.00131177	-0.00882712	-0.0234841	
0.0463538	0.0400146	0.0268084	0.00839569	-0.0106729	-0.0263038	-0.0394037	-0.0543228	-0.0727217	-0.091486	-0.105071	-0.110355	-0.1078	-0.0965737	-0.0754463	-0.0503068	-0.0303094	-0.0144657	-0.00108624	0.00756311	0.0080359	0.00689686	0.00526738	-0.00339064	-0.0159599	
0.0562241	0.0497932	0.0378	0.0216094	0.00567183	-0.00665898	-0.0165031	-0.0298944	-0.048381	-0.069934	-0.0869885	-0.0958767	-0.096105	-0.0857992	-0.0657164	-0.0407591	-0.0221018	-0.00676282	0.00615864	0.0149234	0.0166122	0.0166564	0.0164781	0.0104274	0.000266322	
0.0615816	0.0565423	0.0469009	0.0343185	0.0235683	0.0165695	0.0118536	0.00116409	-0.0172637	-0.0411952	-0.0610916	-0.0726648	-0.0742633	-0.0651671	-0.0454791	-0.0218969	-0.00386166	0.0105463	0.0227592	0.0306342	0.0324115	0.0332798	0.0352662	0.0318571	0.0250115	
0.0620137	0.0588642	0.052382	0.0442406	0.0393494	0.0383718	0.0387795	0.0310996	0.0130527	-0.0117885	-0.033257	-0.0454135	-0.0484767	-0.0398085	-0.0216865	0.00146465	0.0185457	0.0328735	0.0436598	0.0505264	0.051821	0.0543768	0.0579105	0.0571141	0.0517369	
0.0607039	0.0583958	0.0539258	0.0491372	0.0485857	0.0514035	0.0553078	0.049408	0.0327422	0.00799977	-0.01253	-0.0249349	-0.0283115	-0.0210805	-0.00377743	0.0182085	0.034942	0.0479714	0.0578766	0.0628373	0.0653155	0.0686877	0.0742337	0.0738499	0.0694527	
0.0549819	0.0531058	0.0504882	0.0484671	0.0507137	0.0557549	0.0611318	0.0573868	0.042591	0.0206073	0.00178841	-0.00909752	-0.0129256	-0.00592771	0.0104351	0.0320644	0.0472053	0.05996	0.0679355	0.073803	0.0760419	0.0813892	0.0859283	0.0855361	0.081642	
0.0463271	0.045346	0.0446971	0.0447306	0.0487176	0.0539318	0.0603203	0.0580021	0.0467191	0.0278161	0.0122816	0.00302372	-0.00021633	0.0066466	0.0224283	0.0424232	0.0563776	0.0669896	0.0756423	0.0799457	0.0835611	0.0868542	0.0908862	0.0896434	0.0876346	
0.0355171	0.0355597	0.036146	0.0372933	0.0409458	0.0458956	0.052009	0.0520616	0.0437343	0.0287423	0.0163884	0.00956182	0.0076951	0.0148673	0.0299448	0.049048	0.0610812	0.0725053	0.0794737	0.0844225	0.0846859	0.0871591	0.0888306	0.0885147	0.0886655	
0.0237372	0.0237503	0.0238172	0.0234265	0.0256654	0.0289223	0.0355322	0.0371502	0.0318739	0.0199685	0.010885	0.00744975	0.00764145	0.0161728	0.0316234	0.0506024	0.0640914	0.075233	0.0833944	0.0848702	0.0841391	0.0837764	0.0859251	0.0860818	0.088207	
0.0126863	0.0127002	0.0113516	0.00927793	0.00987568	0.0131382	0.020509	0.024114	0.0206733	0.0107604	0.00455673	0.00385865	0.00667001	0.0166548	0.0332078	0.0541749	0.0685978	0.0816716	0.0876382	0.0882467	0.0846553	0.0847652	0.0861639	0.0865219	0.0885211	
0.00511154	0.00532499	0.0025832	-0.000901515	-0.000822606	0.00312684	0.0114736	0.0161224	0.0130799	0.00425655	-0.000490931	0.00115773	0.00580319	0.0174626	0.0362695	0.0587837	0.0751147	0.0870869	0.0925978	0.0910143	0.0879235	0.0872972	0.0879923	0.0859937	0.0870054	
0.000803895	-0.00028429	-0.00483401	-0.0100529	-0.0102607	-0.00687888	0.00148427	0.00521528	0.00187018	-0.00718272	-0.0111065	-0.00819697	-0.00190128	0.0124054	0.033783	0.0588322	0.0754116	0.0873539	0.0921115	0.0915437	0.0888512	0.0883598	0.086782	0.0825966	0.0822641	
-0.00527881	-0.00790581	-0.0135921	-0.0185997	-0.0197262	-0.0165443	-0.010124	-0.00702824	-0.0115173	-0.0209544	-0.0249903	-0.0217949	-0.0135084	0.00313394	0.027814	0.0543551	0.0718278	0.084156	0.0907039	0.0921497	0.0912748	0.0907015	0.0883975	0.0830357	0.0817302	
-0.0132217	-0.0169728	-0.0218319	-0.0264859	-0.0268541	-0.025666	-0.0201839	-0.0187656	-0.0240008	-0.034211	-0.0391343	-0.0349648	-0.0253859	-0.00601657	0.0205372	0.0484124	0.0673122	0.0813613	0.0905953	0.0942513	0.0944602	0.094867	0.0930033	0.0880396	0.0862993	
-0.0202136	-0.0237778	-0.0271716	-0.0297148	-0.0300934	-0.0289294	-0.0252331	-0.0248986	-0.0314124	-0.0431561	-0.0480212	-0.0439229	-0.0327466	-0.0129981	0.0142846	0.0432912	0.0641895	0.0810776	0.0925313	0.0975552	0.099331	0.100772	0.100576	0.0962925	0.0934122	
-0.0244199	-0.0278252	-0.0304568	-0.0327948	-0.0326533	-0.0322943	-0.0296492	-0.0310153	-0.0394841	-0.0513682	-0.0564621	-0.0506769	-0.0394944	-0.0196077	0.00823219	0.0392571	0.0638629	0.0835474	0.0967768	0.103415	0.106282	0.110003	0.110606	0.106715	0.103283	
-0.0241721	-0.0270005	-0.0296059	-0.0321395	-0.0320369	-0.0319279	-0.0301254	-0.0336814	-0.0430575	-0.0558394	-0.059672	-0.0543434	-0.0435878	-0.0248213	0.00352305	0.0369896	0.0644258	0.0860114	0.100824	0.108186	0.113461	0.117654	0.11916	0.114915	0.110111	
-0.0204819	-0.0231062	-0.026615	-0.0304231	-0.0313738	-0.0318192	-0.0312693	-0.0357545	-0.0463916	-0.0584277	-0.0627751	-0.0575931	-0.0483315	-0.0296266	-0.000311634	0.0350816	0.0640469	0.0871189	0.102535	0.112027	0.117365	0.122556	0.12304	0.1182	0.111227	
-0.0165457	-0.019134	-0.0238546	-0.029187	-0.0318149	-0.033183	-0.0329353	-0.0375792	-0.047611	-0.0598453	-0.0645536	-0.061076	-0.0518874	-0.0327642	-0.00196783	0.0338808	0.0636934	0.0871989	0.104772	0.114494	0.120834	0.124458	0.124519	0.117433	0.107637	
-0.0149531	-0.0174359	-0.0223422	-0.029239	-0.0326774	-0.0353752	-0.0341981	-0.0381101	-0.046879	-0.059204	-0.0652628	-0.06223	-0.0529481	-0.0318133	-0.000841025	0.035336	0.0644236	0.0892868	0.107393	0.118618	0.123796	0.127042	0.124428	0.114813	0.101951	
-0.0142777	-0.0166071	-0.0221764	-0.0286957	-0.0342966	-0.0362163	-0.0356101	-0.037212	-0.0460622	-0.0583671	-0.0651894	-0.0621369	-0.0509449	-0.0292265	0.00231497	0.0371914	0.0664194	0.0910084	0.109848	0.120379	0.125507	0.126157	0.120925	0.107631	0.0920945	
-0.0119495	-0.0146864	-0.0201543	-0.0286407	-0.0336107	-0.037754	-0.0352079	-0.0379286	-0.0457861	-0.0590181	-0.0651205	-0.0606148	-0.0486766	-0.0263204	0.00379904	0.0382143	0.0664465	0.0907411	0.108161	0.118134	0.121327	0.120005	0.11106	0.0948647	0.0775901	
-0.00898327	-0.0120116	-0.0185353	-0.0260537	-0.0326335	-0.0347291	-0.0338714	-0.0354412	-0.0448294	-0.0565813	-0.061075	-0.0548641	-0.0422641	-0.0209755	0.00851492	0.0420318	0.0692835	0.0919619	0.107532	0.115058	0.116008	0.111549	0.10013	0.0818606	0.061558	
-0.00685176	-0.00988424	-0.0160707	-0.024181	-0.0286745	-0.0315295	-0.0295267	-0.0329559	-0.0413115	-0.0515028	-0.0530808	-0.0455496	-0.0333641	-0.012963	0.0159636	0.048545	0.0740699	0.0940179	0.106785	0.111383	0.109001	0.102251	0.089511	0.0693479	0.0471747	
-0.0074113	-0.00973837	-0.0152779	-0.0215441	-0.0252977	-0.0264438	-0.0253808	-0.0285179	-0.0360927	-0.043626	-0.0428038	-0.0346804	-0.0229945	-0.00336069	0.0247075	0.0563935	0.0793239	0.0967002	0.106173	0.107835	0.102737	0.0945923	0.0808319	0.0594557	0.035067	
-0.00877489	-0.0107497	-0.0156115	-0.0214039	-0.0241652	-0.0255767	-0.0244019	-0.0273362	-0.0335692	-0.0393979	-0.0380404	-0.0294745	-0.0180853	0.00134485	0.0284826	0.058279	0.0794183	0.0942178	0.101338	0.10048	0.0937696	0.0847375	0.070443	0.0479347	0.0236986	
-0.00940697	-0.0113505	-0.0158453	-0.0209629	-0.0242393	-0.0255637	-0.0246519	-0.0265801	-0.0320262	-0.0385327	-0.0376722	-0.0300649	-0.0178967	0.00121914	0.0272411	0.0551817	0.0742305	0.0874068	0.0926754	0.0905749	0.0830457	0.0729374	0.0580266	0.0355605	0.0125452	
-0.00762019	-0.00942956	-0.013009	-0.0185665	-0.0215578	-0.0239688	-0.0218658	-0.0234957	-0.0289503	-0.0372781	-0.0386828	-0.0313735	-0.0197222	-0.000443676	0.0239536	0.0502512	0.067442	0.0792151	0.0835261	0.0810543	0.0720243	0.061021	0.0454939	0.0244507	0.00341197	
-0.00223855	-0.0032237	-0.00675504	-0.0115205	-0.0162239	-0.0170805	-0.0155064	-0.0156197	-0.0229365	-0.033246	-0.0369252	-0.0312168	-0.0202735	-0.00228606	0.0210418	0.0458346	0.0615005	0.0720874	0.0764581	0.0727516	0.0625739	0.0491507	0.0343734	0.0149578	-0.0047604	
0.0051681	0.0047132	0.00119056	-0.00572734	-0.00979649	-0.0119623	-0.00871126	-0.010816	-0.0188726	-0.0321342	-0.037342	-0.0336012	-0.0238771	-0.00694356	0.0162381	0.0407624	0.0559775	0.0662804	0.0700762	0.0658809	0.0531624	0.0392681	0.0251282	0.00701914	-0.0108362	
0.0113456	0.0112447	0.00657186	-0.000612844	-0.00610832	-0.00688373	-0.00546808	-0.00790207	-0.0185468	-0.0321383	-0.0395912	-0.0368379	-0.028966	-0.0117128	0.0117162	0.0376866	0.0533628	0.0638749	0.0673118	0.061689	0.0482253	0.0346597	0.0214612	0.0048965	-0.0119605	
0.0181819	0.0187005	0.0134799	0.00517662	-0.000486987	-0.0027229	-0.0028182	-0.00820137	-0.0196281	-0.0340308	-0.0418619	-0.0413364	-0.0338806	-0.017603	0.00740074	0.0337095	0.0506524	0.0602633	0.0628345	0.0558836	0.0429297	0.029586	0.0180133	0.00188989	-0.0117578	
0.0257752	0.0263017	0.0208178	0.0117856	0.00505625	0.000670575	-0.00215615	-0.010142	-0.0225813	-0.0370834	-0.0455341	-0.045819	-0.0392794	-0.0226148	0.00246837	0.0302277	0.0468208	0.0565152	0.0569344	0.0505909	0.0368572	0.0250142	0.0129337	-0.00108831	-0.0126482	
0.0332634	0.0329049	0.0263983	0.0160967	0.00651547	-0.00114252	-0.00743465	-0.0168356	-0.0305489	-0.0444635	-0.0535086	-0.0532185	-0.0463684	-0.029156	-0.00307955	0.0245134	0.0418547	0.0499533	0.0510178	0.0439644	0.0314171	0.0188783	0.00842141	-0.0041303	-0.0138774	
0.0395084	0.0386872	0.0319878	0.0204323	0.00794558	-0.00359731	-0.0121862	-0.0230549	-0.0365376	-0.05135	-0.0593879	-0.0591564	-0.0509314	-0.033714	-0.00806544	0.0194073	0.035115	0.0433873	0.0437962	0.0379594	0.0249316	0.0127407	0.00376053	-0.00701972	-0.016408	
0.0449124	0.0429271	0.0347867	0.0209794	0.00503967	-0.00957534	-0.020388	-0.0312109	-0.045138	-0.0589355	-0.0664384	-0.0639144	-0.0541415	-0.0363251	-0.0108062	0.0151737	0.0307601	0.0386691	0.0400557	0.0347927	0.0212019	0.00973264	0.00188405	-0.00769114	-0.017583	
0.0492315	0.046311	0.0368952	0.0208482	0.00277026	-0.0135433	-0.0246856	-0.0359238	-0.048981	-0.0620307	-0.0676527	-0.0630305	-0.0518064	-0.0328535	-0.00917623	0.0160141	0.0303235	0.0386536	0.0409172	0.035491	0.0221827	0.0102364	0.00350361	-0.00620859	-0.0170645	
0.0523881	0.0489798	0.0381296	0.0212416	0.00114844	-0.013967	-0.0258045	-0.035776	-0.0485447	-0.0596172	-0.0632197	-0.0574929	-0.0442349	-0.0261295	-0.00303965	0.0197657	0.0335955	0.0414161	0.0435118	0.0379797	0.0243192	0.0120055	0.00503825	-0.00562581	-0.0167127	
