-0.000907247	-0.00829019	-0.0109244	-0.0126192	-0.0140347	-0.0146082	-0.0143677	-0.0137817	-0.0125227	-0.0117729	-0.011914	-0.0123893	-0.0129194	-0.0127617	-0.0132686	-0.014425	-0.0157802	-0.0173939	-0.0197115	-0.0223754	-0.0246279	-0.0263741	-0.0270783	-0.0279765	-0.0277901	
-0.000886477	-0.00432402	-0.00704329	-0.00901489	-0.0106811	-0.0112734	-0.0109369	-0.00997481	-0.00854536	-0.00765597	-0.00777174	-0.0083169	-0.00851776	-0.0085109	-0.00899762	-0.0100893	-0.0113065	-0.0130839	-0.0150145	-0.0178579	-0.0199261	-0.0215903	-0.022419	-0.0232944	-0.0230326	
-0.000933295	-0.00304927	-0.00537608	-0.00750228	-0.00894855	-0.00963957	-0.00914511	-0.00788243	-0.00628707	-0.00522807	-0.00489156	-0.00554847	-0.00526061	-0.00563631	-0.00535606	-0.0057839	-0.00748913	-0.00912184	-0.0105568	-0.0132659	-0.0146342	-0.0155949	-0.0169975	-0.0178367	-0.0183125	
-0.00270311	-0.00435869	-0.00588489	-0.00802052	-0.00924572	-0.0102377	-0.00869834	-0.00713222	-0.00533448	-0.00436883	-0.00407355	-0.00430734	-0.00397715	-0.00408629	-0.00413873	-0.00451518	-0.0058637	-0.00673752	-0.00815855	-0.0109638	-0.0116415	-0.0126793	-0.0138283	-0.0145982	-0.0141692	
-0.00409973	-0.00589235	-0.00745105	-0.00904293	-0.0108341	-0.0105904	-0.00998862	-0.00752445	-0.0055337	-0.00391819	-0.0043644	-0.00342606	-0.00338614	-0.00350018	-0.00284299	-0.0035036	-0.00392523	-0.00452979	-0.00552088	-0.00780752	-0.00835526	-0.0093751	-0.0094485	-0.0102936	-0.00951151	
-0.00598699	-0.00762299	-0.00915397	-0.011365	-0.0120572	-0.0129972	-0.0117002	-0.0094817	-0.00704812	-0.0061476	-0.00546546	-0.00567885	-0.0043602	-0.0046876	-0.00387629	-0.00317961	-0.00380487	-0.00427879	-0.00374965	-0.00633135	-0.00633577	-0.00589931	-0.00646911	-0.00705622	-0.00629914	
-0.006995	-0.00825016	-0.00987974	-0.0114009	-0.013193	-0.0133518	-0.0119624	-0.0093338	-0.00730219	-0.00589336	-0.00595478	-0.00572796	-0.00433806	-0.00501813	-0.00379938	-0.0033681	-0.00358094	-0.00331628	-0.00310111	-0.00482149	-0.00475766	-0.00447918	-0.00470684	-0.00473203	-0.00407147	
-0.00685563	-0.00839199	-0.00993528	-0.0120688	-0.0130243	-0.0136331	-0.0120819	-0.0101361	-0.00754229	-0.00615813	-0.0060784	-0.00615516	-0.004386	-0.00444557	-0.00407206	-0.00296624	-0.00232893	-0.00214942	-0.00130629	-0.00331196	-0.00321028	-0.00245111	-0.00235749	-0.00299749	-0.00160645	
-0.00600665	-0.00751602	-0.00882041	-0.0105688	-0.0125727	-0.0119973	-0.0113653	-0.00857959	-0.00662663	-0.00508981	-0.00538474	-0.00524096	-0.00367359	-0.00438976	-0.00264873	-0.00202399	-0.00111389	-0.00108421	4.92311e-05	-0.00182612	-0.00173891	-0.00117984	-0.000579037	-0.00145252	-0.000209029	
-0.00400362	-0.00534355	-0.00626557	-0.00845832	-0.00921759	-0.0106275	-0.00843064	-0.00642431	-0.00443672	-0.00333225	-0.00323835	-0.0039686	-0.00171551	-0.00229887	-0.00142185	0.000317076	0.000619849	0.00138349	0.0022982	-0.00012522	0.00044971	0.000980989	0.000353394	-0.000333623	0.000634457	
0.000649968	-0.000591309	-0.00221972	-0.00356918	-0.00523829	-0.00511486	-0.00444593	-0.00210855	-0.00015735	0.00155491	0.000182569	0.000425882	0.00179251	0.00124182	0.00262535	0.00401209	0.00513344	0.00576723	0.00592022	0.00424765	0.00445211	0.00420675	0.00405822	0.00268028	0.00291573	
0.00510691	0.00358083	0.00292841	0.00095689	-8.49472e-05	-0.000725733	0.000272519	0.00255843	0.00430108	0.00493734	0.00391547	0.00323606	0.00485217	0.00444508	0.00567184	0.00772115	0.0087528	0.00935756	0.0104474	0.00769958	0.00795386	0.00848932	0.00743183	0.00560454	0.00586481	
0.00875228	0.00801305	0.0072009	0.00588863	0.00430095	0.00357483	0.00459521	0.00716685	0.00891214	0.00893821	0.00790699	0.00663707	0.00869	0.00750671	0.010037	0.0113254	0.0125456	0.0134967	0.0144107	0.011634	0.0121458	0.0116298	0.0106388	0.00848813	0.00842931	
0.0109801	0.0100402	0.00931714	0.00780374	0.00727158	0.00608957	0.0071253	0.00909277	0.0109587	0.011351	0.00926517	0.00832251	0.00949544	0.00923204	0.0108708	0.0133773	0.0142926	0.0155359	0.0164188	0.0137609	0.0138738	0.0139662	0.0119506	0.00969773	0.00898208	
0.0115371	0.0111399	0.0106425	0.00951855	0.00803353	0.00782437	0.00836667	0.011142	0.0125988	0.0125194	0.0105924	0.00960895	0.0104115	0.0102168	0.0122729	0.0143685	0.0159819	0.0166827	0.0180636	0.0155356	0.0151161	0.0151904	0.0135209	0.0104618	0.00980901	
0.0118704	0.0112986	0.0111499	0.00979624	0.00828832	0.00718101	0.00874409	0.0111279	0.0125749	0.012269	0.0102782	0.00873366	0.0103624	0.00985059	0.0117456	0.0140821	0.0154074	0.0169457	0.0181962	0.0157685	0.0154574	0.0153638	0.013542	0.010546	0.0100203	
0.0124656	0.0123099	0.011117	0.0102478	0.00915451	0.00803236	0.00974882	0.0114459	0.0135515	0.0134016	0.0109802	0.00953768	0.0107998	0.00977426	0.012138	0.0144528	0.0157627	0.0170781	0.0180549	0.0160876	0.0159	0.0151198	0.0138658	0.0108346	0.00997309	
0.0117088	0.0114332	0.0111144	0.00940928	0.00830361	0.00803674	0.00853256	0.0113644	0.0128192	0.0129169	0.0101154	0.00915247	0.00960576	0.00921737	0.0114168	0.013751	0.0150706	0.0164174	0.0177666	0.0154394	0.0149222	0.0150452	0.0131739	0.0105401	0.00978128	
0.00898078	0.0095469	0.0089364	0.00727302	0.00619415	0.0051554	0.00646791	0.0092302	0.0108409	0.0101853	0.00798376	0.00590875	0.00724401	0.00666738	0.00848745	0.0108305	0.0124132	0.0136466	0.014946	0.0121311	0.0123791	0.0118186	0.0101257	0.00764737	0.00703913	
0.0069202	0.00672042	0.00628855	0.00508941	0.00319554	0.00276831	0.00408683	0.00641251	0.00857824	0.0082487	0.0054537	0.00399349	0.00446304	0.0043338	0.00625996	0.00852686	0.00995045	0.0113091	0.0118188	0.00962127	0.00910581	0.00857213	0.00739636	0.00468651	0.00415375	
0.00346919	0.00360995	0.00261408	0.000967164	-0.000736997	-0.00131516	-2.1443e-05	0.0023603	0.00447802	0.00457726	0.00159446	0.00029132	0.000316175	0.000611185	0.00256235	0.00509423	0.00636596	0.00775489	0.00857208	0.00637589	0.00543923	0.00557976	0.00381715	0.00191279	0.00102069	
-8.38032e-05	0.000998653	0.000130021	-0.00250151	-0.00415509	-0.00457121	-0.00370735	-0.000596282	0.00158407	0.00104129	-0.00140892	-0.00364688	-0.00286142	-0.0034076	-0.00111733	0.000668868	0.00228649	0.00383955	0.00422236	0.00202235	0.00136267	0.00127877	0.000195474	-0.00201103	-0.00235484	
-0.000813282	-0.000184464	-0.00115287	-0.00326207	-0.00521878	-0.00637398	-0.00441162	-0.00170188	0.000356773	2.60488e-05	-0.00253327	-0.00449806	-0.00451696	-0.00441843	-0.00245899	-7.79711e-06	0.000965498	0.00257244	0.00273101	0.000472449	0.000162343	-0.000460443	-0.00179533	-0.00325647	-0.00455734	
-0.000217789	-7.0205e-05	-0.00081703	-0.00283313	-0.00523393	-0.00553992	-0.00470563	-0.00162287	0.000448084	0.000254147	-0.0021414	-0.0046169	-0.00526023	-0.00424724	-0.00233606	-0.000852149	0.000874852	0.00231396	0.0027945	0.000414098	-0.000784338	-0.000338097	-0.00188501	-0.00401851	-0.0047098	
0.00114907	0.00239584	0.00123886	-0.000574208	-0.00263443	-0.0035864	-0.00193463	0.000811377	0.00266817	0.00263016	-0.000592494	-0.00311061	-0.003064	-0.00332763	-0.00179041	0.000266667	0.00135943	0.00244547	0.00275515	0.000388833	-0.000690967	-0.000561838	-0.00242713	-0.00434901	-0.00477766	
0.00354109	0.00501463	0.00397731	0.001805	-0.000442562	-0.00136403	0.000340295	0.00296023	0.00518059	0.00458365	0.00191174	-0.000408619	-0.000570086	-0.00130769	0.000971435	0.00289156	0.00394785	0.00486396	0.00495113	0.00299182	0.00150656	0.00134531	0.000110935	-0.00244821	-0.00291134	
0.00486999	0.00590182	0.00482279	0.0022569	0.000302885	1.5045e-06	0.000604936	0.00394147	0.00551247	0.00580667	0.00248487	-0.000122059	-0.00106225	-0.000729174	0.000760922	0.00222478	0.00354462	0.00478963	0.00461171	0.00266114	0.00143922	0.00149619	-0.000189047	-0.00177138	-0.00311657	
0.0036778	0.00463064	0.00341844	0.00111278	-0.000872765	-0.0014873	-0.00017164	0.00311454	0.00482844	0.00457901	0.00204398	-0.00134404	-0.00145459	-0.00177284	-0.000704739	0.000840895	0.00265971	0.00326577	0.0029964	0.0014689	4.75228e-05	-9.41742e-05	-0.00129337	-0.00303488	-0.00408776	
0.00139391	0.00191313	0.000903994	-0.00103273	-0.00377876	-0.00437011	-0.00267364	0.000316707	0.00220412	0.00176122	-0.000856587	-0.00343255	-0.00452678	-0.0050425	-0.00344412	-0.00153631	-5.86864e-05	0.000411696	0.00056154	-0.000668907	-0.00187262	-0.00248151	-0.00308731	-0.00470641	-0.00567663	
-0.000804636	-5.49029e-05	-0.00114771	-0.0038258	-0.00571195	-0.00600581	-0.00517896	-0.00170528	0.000187346	0.000128697	-0.00306442	-0.00558174	-0.00693272	-0.00695143	-0.00560575	-0.00402291	-0.00258739	-0.00159562	-0.00194061	-0.00307973	-0.00473783	-0.00386623	-0.00557593	-0.00652379	-0.00740461	
-0.00166394	-0.000268225	-0.00161502	-0.00425855	-0.00579478	-0.00640446	-0.00526291	-0.00175586	0.000253406	-0.000356722	-0.00294659	-0.00625764	-0.00665694	-0.0077748	-0.00609935	-0.00472434	-0.00327772	-0.00270115	-0.00287949	-0.00464952	-0.00551978	-0.00574001	-0.00660986	-0.00823642	-0.0083492	
0.000246656	0.000576314	-6.40553e-05	-0.0022608	-0.00470685	-0.00497483	-0.00318673	-0.000106399	0.00181246	0.00164933	-0.00143743	-0.00391442	-0.00527797	-0.00604695	-0.00464056	-0.00309532	-0.00221273	-0.00180086	-0.00217554	-0.00308671	-0.00493128	-0.00518125	-0.00640765	-0.00735445	-0.00814794	
0.00312908	0.00409072	0.00342464	0.000953395	-0.00102871	-0.00109523	0.000342633	0.00382163	0.00572997	0.00539099	0.00273766	-0.000764456	-0.00159484	-0.00236453	-0.0016615	-0.000810379	0.000901819	0.000484694	0.000106136	-0.00129782	-0.00282916	-0.00349871	-0.00450588	-0.00564443	-0.00635977	
0.00547281	0.00582923	0.00532341	0.0029477	0.000925915	0.000990245	0.00235402	0.00583416	0.00756085	0.00776776	0.00428107	0.00110213	0.000291261	-0.000839886	0.000258192	0.00116422	0.00215612	0.0023509	0.00152967	6.5258e-05	-0.00152695	-0.00204215	-0.00326083	-0.00439829	-0.00484857	
0.00460757	0.00582434	0.00487077	0.00236841	0.000838989	0.00041938	0.00218194	0.00545852	0.00764506	0.00731741	0.00436969	0.000934941	0.000286857	-0.00137913	2.55176e-05	0.000947758	0.00177408	0.00139054	0.00132054	-0.000984005	-0.00210221	-0.00291029	-0.00413943	-0.00553753	-0.00573084	
0.00161422	0.00214318	0.00192555	-0.000649307	-0.00267489	-0.00258156	-0.00125407	0.00264698	0.00392863	0.00406765	0.00040487	-0.00208696	-0.00299075	-0.00452186	-0.00339029	-0.0019315	-0.00107736	-0.00155459	-0.00177851	-0.00328993	-0.00551554	-0.00533407	-0.00698308	-0.00827617	-0.0080795	
-0.00086351	-0.000714347	-0.00183885	-0.00362531	-0.00560912	-0.00634426	-0.00412043	-0.00118323	0.000421693	0.000243375	-0.00245628	-0.0061149	-0.00627865	-0.00749018	-0.0062275	-0.00441566	-0.00334507	-0.00368828	-0.00341519	-0.00564176	-0.00692828	-0.00757146	-0.00871273	-0.0103233	-0.0100176	
-0.00145077	-0.00211555	-0.00240012	-0.00510071	-0.00722399	-0.0069769	-0.00575476	-0.00230508	-0.000581026	-0.000572966	-0.00343016	-0.00632363	-0.00719497	-0.00748527	-0.00592722	-0.00441125	-0.00315491	-0.00302082	-0.002918	-0.00521256	-0.00670485	-0.00748572	-0.0086144	-0.00996644	-0.0102995	
-0.00251259	-0.00204767	-0.00298689	-0.00600394	-0.00753491	-0.0083043	-0.00666122	-0.00314267	-0.00168642	-0.00210219	-0.00474075	-0.00735364	-0.00741869	-0.00873475	-0.00705717	-0.00451899	-0.0033805	-0.00344171	-0.00329698	-0.00511223	-0.00648078	-0.00722657	-0.0087607	-0.0100338	-0.0101096	
-0.000465256	-0.000683614	-0.00199639	-0.00450623	-0.00622508	-0.00655732	-0.00514371	-0.00239393	-0.000542818	-0.000468064	-0.00326996	-0.00575462	-0.00545209	-0.00665381	-0.00446511	-0.00242476	-0.00114617	-0.000724896	-0.000146872	-0.00259974	-0.00410511	-0.00491266	-0.00596125	-0.00818873	-0.00787489	
0.00158611	0.00104384	-0.000227893	-0.00238322	-0.00444209	-0.0049298	-0.0032508	-0.00113383	0.000769922	0.000949715	-0.00139374	-0.00350838	-0.00343866	-0.00365166	-0.00201195	0.000455504	0.0021898	0.0027628	0.00287198	0.000610963	-0.00112541	-0.0019585	-0.00384178	-0.00602774	-0.00615888	
0.00309991	0.00270422	0.00190829	-0.000589402	-0.00277338	-0.00316234	-0.00197194	0.0010205	0.00222566	0.00220598	-0.000219613	-0.00215662	-0.00191233	-0.00226552	-0.000443481	0.00248046	0.00406882	0.0046711	0.00504439	0.00232056	0.000842508	-0.000142154	-0.00240261	-0.00471946	-0.00483143	
0.00435663	0.00421863	0.00284048	0.000119225	-0.00156497	-0.0023614	-0.00148875	0.000683528	0.00253764	0.00187883	-0.000577295	-0.00239961	-0.00157426	-0.00205505	0.000345758	0.00343257	0.00495616	0.00607437	0.00692238	0.00388424	0.00302246	0.00133922	-0.000666571	-0.00309772	-0.0032587	
0.00466599	0.00416472	0.00259498	0.000319952	-0.00176776	-0.00241105	-0.00175674	0.000404329	0.0017511	0.00185794	-0.0008359	-0.00218455	-0.00148981	-0.00188854	0.00112567	0.00378487	0.0054518	0.00702976	0.00727899	0.00492381	0.00351717	0.00239139	-0.000221042	-0.00240068	-0.00316162	
0.00273818	0.00228726	0.00110959	-0.000835822	-0.00291043	-0.00421406	-0.00277997	-0.00115702	0.000205739	-0.000434189	-0.00235433	-0.00444276	-0.00391177	-0.00383832	-0.00148687	0.00135969	0.00265128	0.00393394	0.00475934	0.00258936	0.000995634	-0.000538066	-0.00246449	-0.00546429	-0.00528017	
0.00124934	0.00109544	-0.000263598	-0.00204617	-0.00474386	-0.00516967	-0.00462668	-0.00278783	-0.00156832	-0.00175946	-0.00487896	-0.00600229	-0.00570491	-0.00553096	-0.00329601	-0.000682988	0.00101758	0.00298164	0.00335128	0.000949842	-0.00025348	-0.00138045	-0.00327483	-0.00578711	-0.00624325	
0.000996377	0.00115258	-0.000361853	-0.0026758	-0.00392295	-0.00544145	-0.00485976	-0.00343772	-0.00208453	-0.00277246	-0.00502321	-0.0069963	-0.00676754	-0.00654386	-0.00441481	-0.00188215	-0.000234797	0.00108794	0.00206225	-0.000750564	-0.00139227	-0.00185215	-0.00416347	-0.00626186	-0.00651798	
-0.000267486	-0.000608506	-0.0017036	-0.00334542	-0.00562121	-0.00640582	-0.00621516	-0.00452218	-0.00332909	-0.0042402	-0.00709013	-0.00872948	-0.00849003	-0.00860689	-0.00583615	-0.00396187	-0.00260324	-0.000975626	-0.000645808	-0.00281605	-0.0033826	-0.0041782	-0.00582296	-0.00772576	-0.00728312	
-0.00296453	-0.00231449	-0.00355107	-0.00502505	-0.00657412	-0.00811046	-0.0072771	-0.00585603	-0.00475757	-0.00606325	-0.00886337	-0.0108683	-0.0103918	-0.010435	-0.00848862	-0.00636329	-0.00511609	-0.00355213	-0.00299469	-0.00592629	-0.00600677	-0.00641863	-0.00778015	-0.00910139	-0.00884253	
-0.00360849	-0.00362844	-0.00447332	-0.00595368	-0.00742469	-0.00819744	-0.00802512	-0.00659064	-0.00532438	-0.00653825	-0.00901556	-0.0109531	-0.0111327	-0.0109299	-0.00865845	-0.00694072	-0.00562358	-0.0040409	-0.00396627	-0.00594173	-0.00665686	-0.00675233	-0.00739826	-0.00898013	-0.0076077	
