-0.255857	-0.25826	-0.252771	-0.240127	-0.225908	-0.210703	-0.191809	-0.173017	-0.154041	-0.13245	-0.114372	-0.0922336	-0.0722548	-0.0553674	-0.0375578	-0.0192993	-0.00533107	0.00679536	0.0233966	0.0352873	0.043454	0.054158	0.0614302	0.0642868	0.0623003	
-0.292498	-0.28677	-0.281021	-0.271652	-0.262421	-0.245351	-0.22847	-0.211284	-0.190199	-0.166898	-0.145102	-0.120841	-0.096164	-0.0772645	-0.0554844	-0.0367588	-0.020721	-0.00515546	0.0107976	0.0226234	0.0285974	0.0390477	0.0413424	0.0401544	0.0335525	
-0.278881	-0.285784	-0.288767	-0.286252	-0.279038	-0.267648	-0.255064	-0.238306	-0.218689	-0.19747	-0.177128	-0.153416	-0.130554	-0.112428	-0.0902558	-0.0689329	-0.0551345	-0.0371365	-0.0229202	-0.0125984	-0.0073225	-0.000825644	-0.00169441	-0.00827107	-0.0167165	
-0.225163	-0.243902	-0.255655	-0.26811	-0.270854	-0.26722	-0.264276	-0.24963	-0.237839	-0.222184	-0.202899	-0.184874	-0.164066	-0.147943	-0.127495	-0.111126	-0.0990869	-0.0831951	-0.0711099	-0.067041	-0.0624776	-0.0617425	-0.0648118	-0.0759782	-0.0840654	
-0.141662	-0.169667	-0.189885	-0.210548	-0.223593	-0.22804	-0.236474	-0.235211	-0.230317	-0.225516	-0.212483	-0.202102	-0.18919	-0.178676	-0.165155	-0.153391	-0.146624	-0.135074	-0.13037	-0.1307	-0.129461	-0.13208	-0.139368	-0.150312	-0.158941	
-0.0371977	-0.0708223	-0.0978018	-0.126243	-0.144557	-0.161517	-0.178238	-0.183423	-0.188849	-0.193081	-0.191279	-0.191025	-0.189656	-0.186723	-0.182599	-0.182032	-0.183244	-0.179946	-0.183112	-0.189667	-0.191711	-0.199863	-0.208228	-0.220074	-0.226036	
0.0733446	0.0383371	0.00701931	-0.0230535	-0.0480175	-0.0710012	-0.0909592	-0.103695	-0.118992	-0.132501	-0.138213	-0.149254	-0.156817	-0.164833	-0.17328	-0.183091	-0.192124	-0.199037	-0.210268	-0.223815	-0.228681	-0.242205	-0.251708	-0.263143	-0.268568	
0.183962	0.148704	0.117471	0.0860425	0.0580678	0.0333167	0.0104081	-0.0128937	-0.0306236	-0.0503031	-0.0645858	-0.0820758	-0.10241	-0.115506	-0.13343	-0.152475	-0.167115	-0.183664	-0.201253	-0.217212	-0.227976	-0.242522	-0.256484	-0.264234	-0.272581	
0.291302	0.257664	0.223452	0.196324	0.168636	0.137593	0.116005	0.0892069	0.065773	0.044691	0.0183219	-0.00447748	-0.0285984	-0.0498023	-0.0739799	-0.0992548	-0.116711	-0.137797	-0.160125	-0.174493	-0.189843	-0.204903	-0.218691	-0.225999	-0.233952	
0.380895	0.35549	0.324689	0.299945	0.271917	0.240903	0.219604	0.191273	0.163611	0.139118	0.110431	0.0846715	0.0570869	0.0306827	0.00251522	-0.0222659	-0.0441763	-0.0686643	-0.0909893	-0.106069	-0.123281	-0.139198	-0.151897	-0.159014	-0.168358	
0.434288	0.420507	0.404906	0.385048	0.363306	0.340148	0.316377	0.286598	0.25936	0.23406	0.202748	0.175867	0.146	0.120714	0.092697	0.0666596	0.0464237	0.0208811	0.00073542	-0.0131105	-0.0331334	-0.0462745	-0.059646	-0.0661695	-0.0769698	
0.45065	0.448885	0.441766	0.435461	0.422751	0.407229	0.390528	0.36938	0.34674	0.325425	0.294066	0.268882	0.244843	0.214935	0.189274	0.167072	0.144655	0.121779	0.102348	0.0903563	0.0695351	0.0574529	0.0473343	0.0377306	0.0289049	
0.420132	0.434106	0.441443	0.444284	0.442247	0.438427	0.427677	0.418982	0.403104	0.385796	0.368459	0.349329	0.33078	0.307186	0.287705	0.271807	0.247922	0.229839	0.216591	0.199791	0.184126	0.170649	0.164138	0.150991	0.143175	
0.351594	0.373667	0.397069	0.408875	0.418872	0.43227	0.427783	0.429146	0.425756	0.414788	0.410682	0.397197	0.385516	0.373091	0.361081	0.348881	0.334977	0.321868	0.315883	0.298466	0.290278	0.28021	0.274629	0.263179	0.256478	
0.274598	0.298355	0.321996	0.341953	0.357869	0.376883	0.385807	0.395928	0.407961	0.406651	0.411753	0.409821	0.407588	0.404059	0.401173	0.395233	0.388104	0.38272	0.379254	0.368877	0.364028	0.360832	0.354309	0.348532	0.342487	
0.191189	0.216808	0.238411	0.262167	0.285109	0.298522	0.319387	0.334913	0.347517	0.358117	0.369686	0.380043	0.385474	0.393016	0.398393	0.399319	0.400106	0.406159	0.404129	0.402159	0.402063	0.404694	0.399127	0.398392	0.395202	
0.115391	0.137002	0.156915	0.179614	0.204087	0.217925	0.24335	0.260519	0.271109	0.293574	0.306867	0.319748	0.331973	0.343849	0.354241	0.361911	0.371982	0.382848	0.383269	0.389873	0.397256	0.400979	0.401035	0.403441	0.406884	
0.0601197	0.0763939	0.0937802	0.109719	0.126551	0.14509	0.164482	0.180062	0.198541	0.220337	0.23366	0.248212	0.26511	0.280715	0.293177	0.306126	0.319293	0.329983	0.335952	0.348165	0.358679	0.362029	0.367659	0.37361	0.380094	
0.0201235	0.0322694	0.0474476	0.0580599	0.0713018	0.08888	0.100696	0.116192	0.1361	0.14979	0.163316	0.182973	0.199456	0.21667	0.22818	0.243734	0.260478	0.269647	0.281896	0.296379	0.30609	0.311985	0.320519	0.329796	0.336312	
-0.00381845	0.00461031	0.0140646	0.0259783	0.0364473	0.0498527	0.0602784	0.0752882	0.0887186	0.100656	0.116345	0.135276	0.149375	0.161446	0.177804	0.194826	0.210862	0.218893	0.236243	0.250812	0.25856	0.267381	0.279135	0.28814	0.295741	
-0.0138359	-0.00684452	-0.00173744	0.0112558	0.0187034	0.0305748	0.0420375	0.0547068	0.0671185	0.0795902	0.0976837	0.109186	0.122539	0.135529	0.155685	0.16991	0.180457	0.194648	0.213051	0.223833	0.231768	0.244067	0.257351	0.264582	0.271255	
-0.0120035	-0.0042668	0.00315644	0.010867	0.0208728	0.0306201	0.0431597	0.0563228	0.0704742	0.0845898	0.101805	0.111866	0.128448	0.147349	0.161276	0.174178	0.185863	0.204944	0.217946	0.225865	0.237109	0.251517	0.260965	0.267942	0.271522	
-0.00103052	0.009554	0.0232145	0.0306529	0.0457203	0.055781	0.0698072	0.0835008	0.0963066	0.113345	0.126558	0.143333	0.16261	0.180089	0.191733	0.208373	0.224227	0.240812	0.250722	0.260761	0.274618	0.287058	0.292922	0.29964	0.303089	
0.0249836	0.0373768	0.0525444	0.0680572	0.0848102	0.101735	0.11881	0.134317	0.150826	0.168934	0.182376	0.203063	0.218292	0.230528	0.246305	0.261654	0.277193	0.289579	0.298761	0.310304	0.323859	0.331744	0.336814	0.341904	0.348379	
0.0727196	0.0891741	0.103955	0.124146	0.13978	0.159992	0.1789	0.198278	0.219996	0.237727	0.256489	0.27438	0.286453	0.300145	0.316383	0.327287	0.339457	0.345917	0.352518	0.363429	0.371576	0.372815	0.376021	0.379778	0.386657	
0.130192	0.15423	0.176013	0.198126	0.217836	0.237369	0.255919	0.274834	0.291855	0.306583	0.323624	0.334959	0.34777	0.36209	0.372096	0.379746	0.385207	0.387303	0.394221	0.400999	0.39904	0.39664	0.398859	0.401659	0.40408	
0.199539	0.225165	0.251715	0.274378	0.298352	0.318249	0.335783	0.35091	0.361505	0.372051	0.380239	0.385357	0.392818	0.396199	0.395266	0.395284	0.392251	0.392883	0.395199	0.389694	0.381254	0.380221	0.380226	0.378651	0.374718	
0.284989	0.307647	0.329292	0.347469	0.364717	0.378973	0.390423	0.399018	0.405332	0.409521	0.409256	0.408051	0.403313	0.393962	0.384675	0.37581	0.367063	0.360902	0.349048	0.33372	0.326091	0.322157	0.314658	0.306688	0.297382	
0.360905	0.380286	0.394705	0.406276	0.412516	0.415866	0.416437	0.413912	0.409686	0.401668	0.391002	0.378894	0.362662	0.346771	0.332275	0.316816	0.302275	0.28491	0.264818	0.250933	0.242468	0.230339	0.217443	0.206006	0.193708	
0.408057	0.418059	0.423508	0.425879	0.423267	0.416969	0.40725	0.393591	0.376568	0.356537	0.334915	0.311548	0.288007	0.266227	0.244205	0.221673	0.199368	0.176013	0.157549	0.144748	0.130029	0.113862	0.100591	0.0871916	0.0758985	
0.422508	0.41798	0.410907	0.400619	0.388121	0.372648	0.353952	0.332399	0.307896	0.281756	0.254281	0.225923	0.198528	0.170686	0.14226	0.114795	0.0883638	0.0654987	0.0477862	0.0302946	0.0114706	-0.00456083	-0.0193486	-0.0328739	-0.0390408	
0.397649	0.379883	0.360551	0.339228	0.317173	0.293783	0.268808	0.242942	0.215979	0.188199	0.159777	0.131028	0.101848	0.0717569	0.0423412	0.0146541	-0.0106803	-0.0320733	-0.0522513	-0.0733462	-0.0927689	-0.109963	-0.125268	-0.134172	-0.137575	
0.334009	0.307749	0.280392	0.252714	0.224845	0.197125	0.169763	0.142709	0.115851	0.0888574	0.061735	0.0342747	0.00622258	-0.0212541	-0.0472582	-0.0715605	-0.0937043	-0.114861	-0.137095	-0.159004	-0.178477	-0.194967	-0.205938	-0.211995	-0.220864	
0.239907	0.210602	0.181614	0.153297	0.125166	0.0974891	0.0704265	0.0435985	0.0171748	-0.00881009	-0.0343217	-0.059099	-0.0825996	-0.1042	-0.124331	-0.143537	-0.162698	-0.183406	-0.20478	-0.224116	-0.239919	-0.251379	-0.259695	-0.270404	-0.286114	
0.132629	0.100952	0.0720768	0.0454286	0.0202769	-0.00406019	-0.0280904	-0.0519743	-0.0753456	-0.0976446	-0.118344	-0.136838	-0.153004	-0.167668	-0.181942	-0.196845	-0.213251	-0.230522	-0.246146	-0.258615	-0.268421	-0.2775	-0.289382	-0.30531	-0.32069	
0.0317163	-0.00230358	-0.0332696	-0.061197	-0.0861909	-0.108735	-0.129146	-0.147211	-0.162683	-0.175297	-0.18501	-0.192336	-0.198404	-0.204543	-0.211549	-0.21972	-0.228437	-0.236019	-0.241748	-0.247056	-0.254323	-0.265535	-0.280545	-0.295679	-0.307157	
-0.0661989	-0.0959885	-0.124323	-0.150696	-0.174475	-0.195001	-0.211545	-0.223469	-0.230614	-0.233341	-0.232566	-0.229697	-0.226015	-0.222167	-0.21822	-0.213836	-0.208521	-0.202706	-0.19855	-0.198597	-0.204056	-0.214115	-0.226004	-0.236858	-0.24576	
-0.166723	-0.187551	-0.205786	-0.221702	-0.235272	-0.246052	-0.253439	-0.257051	-0.256873	-0.253351	-0.247246	-0.23921	-0.229412	-0.217651	-0.203812	-0.188196	-0.172055	-0.157828	-0.148026	-0.143772	-0.144528	-0.148695	-0.154485	-0.16067	-0.166169	
-0.245617	-0.25893	-0.267365	-0.271639	-0.272476	-0.270396	-0.265771	-0.25895	-0.250283	-0.240145	-0.228737	-0.215852	-0.201035	-0.18402	-0.165122	-0.145497	-0.127087	-0.111844	-0.100707	-0.0935079	-0.0895515	-0.0879837	-0.0879222	-0.0885768	-0.0899053	
-0.280561	-0.285639	-0.287133	-0.285299	-0.280411	-0.272715	-0.262446	-0.24989	-0.235426	-0.219432	-0.202076	-0.183287	-0.163035	-0.14168	-0.12017	-0.099927	-0.0822549	-0.0676533	-0.0557706	-0.0459271	-0.0374545	-0.0298235	-0.0230628	-0.0185139	-0.019352	
-0.279963	-0.274882	-0.269674	-0.264277	-0.258228	-0.250845	-0.241465	-0.22968	-0.215429	-0.198848	-0.180087	-0.159349	-0.137121	-0.11439	-0.0925337	-0.0727861	-0.055568	-0.0403467	-0.0261246	-0.0119912	0.00247292	0.0166438	0.0282835	0.0336763	0.0290527	
-0.260879	-0.248081	-0.237366	-0.228636	-0.221188	-0.21398	-0.205996	-0.196544	-0.185298	-0.172142	-0.157033	-0.140103	-0.121883	-0.103362	-0.0855862	-0.0689979	-0.0531417	-0.0370694	-0.0200424	-0.00205642	0.0158022	0.0311834	0.0408868	0.0420558	0.0334917	
-0.23298	-0.215937	-0.201705	-0.190325	-0.181215	-0.173489	-0.166332	-0.159247	-0.152012	-0.144459	-0.136333	-0.127405	-0.117673	-0.107313	-0.0962828	-0.084015	-0.0697269	-0.0531666	-0.0351388	-0.0174622	-0.00252457	0.00735769	0.0106477	0.00700139	-0.00308925	
-0.199646	-0.182103	-0.167297	-0.155535	-0.146561	-0.13987	-0.135045	-0.13191	-0.130363	-0.130073	-0.130337	-0.130252	-0.128995	-0.125847	-0.120025	-0.110785	-0.0980152	-0.0828312	-0.0674643	-0.0544363	-0.0456548	-0.0419873	-0.0433815	-0.049347	-0.0594615	
-0.158445	-0.146814	-0.138166	-0.132381	-0.129067	-0.127808	-0.128388	-0.130764	-0.134763	-0.139745	-0.144593	-0.148083	-0.1493	-0.147709	-0.142994	-0.135146	-0.124899	-0.11391	-0.104204	-0.0972635	-0.0936758	-0.0935197	-0.0967834	-0.103251	-0.111988	
-0.117165	-0.114131	-0.115767	-0.120817	-0.127958	-0.136092	-0.14452	-0.152824	-0.160516	-0.166791	-0.170672	-0.171512	-0.169352	-0.16478	-0.158511	-0.151275	-0.144073	-0.138174	-0.134512	-0.133178	-0.133754	-0.136006	-0.139826	-0.144373	-0.14749	
-0.101265	-0.101058	-0.106845	-0.11702	-0.129716	-0.14321	-0.156185	-0.167705	-0.176987	-0.183252	-0.185932	-0.185097	-0.181601	-0.176701	-0.171529	-0.167013	-0.164161	-0.163959	-0.166666	-0.171402	-0.176709	-0.181274	-0.183777	-0.182391	-0.174961	
-0.122121	-0.118924	-0.120158	-0.125098	-0.132549	-0.141217	-0.15003	-0.158219	-0.165185	-0.170399	-0.173571	-0.174955	-0.175392	-0.175906	-0.177295	-0.180215	-0.18549	-0.193826	-0.204883	-0.216813	-0.226968	-0.232863	-0.232391	-0.223834	-0.206195	
-0.157201	-0.152336	-0.148673	-0.146277	-0.144849	-0.144	-0.143503	-0.143351	-0.143619	-0.144333	-0.145584	-0.147791	-0.151732	-0.158192	-0.167573	-0.179949	-0.195326	-0.213352	-0.232531	-0.250033	-0.262711	-0.26822	-0.26515	-0.252715	-0.230559	
-0.179235	-0.176176	-0.172219	-0.167469	-0.1619	-0.155556	-0.148745	-0.142053	-0.136175	-0.13173	-0.129308	-0.129695	-0.133915	-0.142839	-0.156675	-0.174854	-0.196289	-0.219384	-0.241669	-0.259931	-0.27133	-0.274422	-0.268877	-0.254645	-0.23183	
