-0.938816	-0.963356	-0.978117	-0.986577	-0.99049	-0.99095	-0.988151	-0.981201	-0.969554	-0.949282	-0.919382	-0.874692	-0.810572	-0.726297	-0.616998	-0.478762	-0.313134	-0.120383	0.0948078	0.327435	0.565443	0.795621	1.00395	1.17624	1.31125	
-0.750507	-0.79467	-0.826207	-0.846407	-0.856673	-0.85875	-0.851313	-0.835679	-0.808841	-0.770191	-0.716954	-0.645695	-0.555087	-0.442942	-0.305567	-0.145241	0.0360651	0.234986	0.445117	0.657119	0.859654	1.04412	1.20153	1.32427	1.40013	
-0.457728	-0.518491	-0.563261	-0.593185	-0.609179	-0.612007	-0.601531	-0.577627	-0.53888	-0.484734	-0.41299	-0.322799	-0.213695	-0.0843385	0.0634852	0.226404	0.401984	0.584939	0.768207	0.943742	1.10449	1.2425	1.34694	1.40533	1.40668	
-0.0858535	-0.154611	-0.206399	-0.241733	-0.260973	-0.264139	-0.251589	-0.222715	-0.177577	-0.115588	-0.0365363	0.0591453	0.171175	0.298287	0.43755	0.586709	0.742002	0.897434	1.0462	1.18097	1.29327	1.37255	1.40888	1.3971	1.34005	
0.306442	0.239099	0.187475	0.151876	0.132417	0.12923	0.142222	0.171479	0.216717	0.277847	0.354179	0.444905	0.548803	0.663565	0.786482	0.913967	1.04029	1.15872	1.26208	1.34268	1.39267	1.40595	1.38063	1.31895	1.22371	
0.687034	0.626203	0.578854	0.545871	0.527762	0.524758	0.536933	0.564056	0.605758	0.661318	0.729617	0.809122	0.897501	0.991604	1.08754	1.18011	1.26335	1.33144	1.37882	1.40057	1.39323	1.3555	1.28737	1.18803	1.05497	
1.0216	0.974067	0.936151	0.909269	0.894345	0.89184	0.901852	0.924038	0.957692	1.00159	1.05402	1.11265	1.17449	1.23598	1.29301	1.34115	1.37626	1.39461	1.39285	1.36815	1.31826	1.24107	1.13427	0.996285	0.829649	
1.25506	1.22632	1.20251	1.18516	1.17537	1.17371	1.18028	1.19471	1.2161	1.24309	1.27383	1.30601	1.33692	1.36361	1.38295	1.39184	1.38728	1.36618	1.3254	1.26189	1.17298	1.05696	0.914594	0.751216	0.578223	
1.36937	1.35851	1.34855	1.34084	1.33634	1.33557	1.33861	1.34513	1.35433	1.36502	1.37562	1.38422	1.3886	1.38631	1.37467	1.35084	1.31179	1.25446	1.17618	1.07527	0.951919	0.809224	0.654152	0.497516	0.35223	
1.37859	1.38332	1.38543	1.38611	1.38622	1.38623	1.3862	1.38583	1.38442	1.38091	1.37388	1.36156	1.3419	1.31262	1.27125	1.21537	1.14285	1.05235	0.943898	0.819529	0.683753	0.543664	0.408285	0.286964	0.187138	
1.27957	1.29971	1.31371	1.32263	1.32725	1.32801	1.32497	1.31785	1.30601	1.28849	1.26402	1.23112	1.18819	1.13364	1.06614	0.984902	0.890087	0.783147	0.667128	0.546726	0.427996	0.3176	0.221636	0.144323	0.0870746	
1.06837	1.10114	1.12524	1.14135	1.14998	1.15141	1.14569	1.13264	1.11181	1.0826	1.04431	0.996217	0.937794	0.868852	0.789782	0.701762	0.60693	0.508425	0.410251	0.316908	0.232797	0.16149	0.10505	0.0636563	0.0357213	
0.784615	0.821922	0.850288	0.869724	0.880295	0.882057	0.875021	0.859145	0.834361	0.800627	0.758008	0.706778	0.647544	0.581357	0.509802	0.43503	0.359698	0.286786	0.219303	0.159905	0.110489	0.0718904	0.0437765	0.0248059	0.013016	
0.501726	0.534478	0.560015	0.57784	0.58765	0.589291	0.582738	0.568091	0.54559	0.515648	0.478894	0.436221	0.388821	0.338196	0.286126	0.234587	0.1856	0.14104	0.102414	0.0706727	0.0460828	0.0282328	0.0161638	0.00860557	0.00424299	
0.279314	0.302524	0.321005	0.334108	0.341389	0.34261	0.337732	0.326912	0.310512	0.289097	0.263443	0.234523	0.203488	0.171613	0.140229	0.110614	0.0838868	0.0608868	0.0420903	0.0275707	0.0170238	0.00985818	0.00532843	0.00267695	0.00124572	
0.136077	0.149768	0.160873	0.168853	0.173325	0.174077	0.171072	0.164454	0.154539	0.141805	0.126872	0.11047	0.0933988	0.076467	0.0604343	0.0459436	0.0334642	0.0232528	0.0153433	0.00956858	0.00561312	0.00308328	0.0015793	0.000751616	0.000331403	
0.0584391	0.0653165	0.0709877	0.0751128	0.0774424	0.0778348	0.076266	0.0728315	0.0677395	0.0612963	0.0538846	0.0459334	0.0378832	0.0301485	0.023081	0.0169401	0.0118742	0.00791655	0.00499862	0.0029761	0.00166366	0.000869643	0.000423549	0.000191612	8.03268e-05	
0.0222943	0.0252881	0.0277946	0.0296381	0.0306864	0.0308633	0.0301558	0.0286155	0.0263535	0.0235301	0.0203392	0.0169892	0.013683	0.0105981	0.00787082	0.00558619	0.00377519	0.00241998	0.00146555	0.000835149	0.00044609	0.000222547	0.000103371	4.45891e-05	1.78263e-05	
0.00761143	0.00875646	0.00972879	0.0104514	0.0108649	0.0109348	0.0106551	0.0100494	0.00916781	0.00808126	0.00687329	0.00563043	0.00443269	0.00334535	0.0024133	0.00165879	0.00108265	0.000668535	0.00038913	0.000212723	0.000108838	5.19542e-05	2.30764e-05	9.51658e-06	3.63812e-06	
0.00234136	0.00273047	0.00306532	0.0033166	0.00346128	0.00348577	0.00338774	0.00317646	0.0028715	0.00250011	0.00209357	0.00168317	0.00129646	0.000954352	0.000669536	0.000446303	0.000281749	0.000167882	9.40974e-05	4.94475e-05	2.42865e-05	1.11186e-05	4.73365e-06	1.87084e-06	6.85537e-07	
0.00065292	0.000771492	0.000874828	0.000953089	0.000998413	0.0010061	0.000975334	0.000909334	0.000814828	0.000701035	0.000578291	0.000456601	0.000344362	0.000247482	0.000169032	0.000109404	6.68965e-05	3.85231e-05	2.08273e-05	1.05402e-05	4.97942e-06	2.19078e-06	8.95917e-07	3.40066e-07	1.19697e-07	
0.000165968	0.000198618	0.000227418	0.000249424	0.000262239	0.000264414	0.000255702	0.000237092	0.000210647	0.000179148	0.000145648	0.000113006	8.35089e-05	5.8641e-05	3.90305e-05	2.45556e-05	1.45614e-05	8.11524e-06	4.23857e-06	2.0692e-06	9.41917e-07	3.98999e-07	1.57032e-07	5.73552e-08	1.94287e-08	
3.86453e-05	4.68221e-05	5.41196e-05	5.97432e-05	6.30355e-05	6.35954e-05	6.13534e-05	5.65849e-05	4.98581e-05	4.19295e-05	3.3611e-05	2.56395e-05	1.85766e-05	1.27555e-05	8.28042e-06	5.06894e-06	2.91836e-06	1.57604e-06	7.96333e-07	3.75576e-07	1.64999e-07	6.74069e-08	2.55747e-08	9.00399e-09	2.94037e-09	
8.2791e-06	1.01522e-05	1.18428e-05	1.31565e-05	1.39295e-05	1.40612e-05	1.35339e-05	1.24171e-05	1.08529e-05	9.02777e-06	7.13792e-06	5.35591e-06	3.80679e-06	2.55765e-06	1.62065e-06	9.66196e-07	5.40634e-07	2.83243e-07	1.38625e-07	6.32499e-08	2.68562e-08	1.05971e-08	3.882e-09	1.31946e-09	4.16039e-10	
1.63833e-06	2.03271e-06	2.39261e-06	2.67452e-06	2.84125e-06	2.86968e-06	2.7558e-06	2.51554e-06	2.18133e-06	1.79522e-06	1.4005e-06	1.03408e-06	7.21391e-07	4.74534e-07	2.9371e-07	1.70671e-07	9.29011e-08	4.72671e-08	2.24336e-08	9.91445e-09	4.07405e-09	1.55484e-09	5.50714e-10	1.80967e-10	5.51721e-11	
3.00538e-07	3.7719e-07	4.47896e-07	5.03716e-07	5.36892e-07	5.42558e-07	5.19865e-07	4.72176e-07	4.06286e-07	3.30891e-07	2.54772e-07	1.85182e-07	1.26853e-07	8.17431e-08	4.94523e-08	2.80299e-08	1.48552e-08	7.34706e-09	3.38507e-09	1.45072e-09	5.77612e-10	2.13478e-10	7.32021e-11	2.32858e-11	6.87305e-12	
5.1272e-08	6.50773e-08	7.79462e-08	8.81839e-08	9.42981e-08	9.5344e-08	9.1156e-08	8.23884e-08	7.03546e-08	5.67142e-08	4.31095e-08	3.08561e-08	2.0764e-08	1.31139e-08	7.75909e-09	4.29279e-09	2.21683e-09	1.06672e-09	4.77571e-10	1.98679e-10	7.67325e-11	2.7495e-11	9.1382e-12	2.8173e-12	8.06012e-13	
8.15866e-09	1.04705e-08	1.26478e-08	1.43931e-08	1.54404e-08	1.56198e-08	1.49015e-08	1.34034e-08	1.13604e-08	9.066e-09	6.80482e-09	4.79775e-09	3.17279e-09	1.96487e-09	1.13761e-09	6.14742e-10	3.09555e-10	1.45041e-10	6.31539e-11	2.55287e-11	9.5735e-12	3.32934e-12	1.07367e-12	3.21158e-13	8.91546e-14	
1.21417e-09	1.57524e-09	1.91877e-09	2.19618e-09	2.36342e-09	2.39211e-09	2.27725e-09	2.03858e-09	1.71518e-09	1.35527e-09	1.00471e-09	6.97969e-10	4.53758e-10	2.7566e-10	1.56255e-10	8.25204e-11	4.05464e-11	1.85125e-11	7.84613e-12	3.0845e-12	1.12421e-12	3.79812e-13	1.18964e-13	3.45599e-14	9.31848e-15	
1.69407e-10	2.22149e-10	2.7283e-10	3.14058e-10	3.39027e-10	3.43318e-10	3.26147e-10	2.90597e-10	2.42728e-10	1.8993e-10	1.39094e-10	9.52333e-11	6.08838e-11	3.62977e-11	2.01532e-11	1.04073e-11	4.99283e-12	2.22293e-12	9.17755e-13	3.51166e-13	1.245e-13	4.08994e-14	1.24536e-14	3.51691e-15	9.21892e-16	
2.22103e-11	2.94338e-11	3.64435e-11	4.21869e-11	4.56812e-11	4.62827e-11	4.38768e-11	3.89132e-11	3.22711e-11	2.50093e-11	1.80966e-11	1.22142e-11	7.68127e-12	4.4957e-12	2.44601e-12	1.23578e-12	5.79189e-13	2.51622e-13	1.01267e-13	3.77436e-14	1.3027e-14	4.16464e-15	1.23383e-15	3.39001e-16	8.64636e-17	
2.74192e-12	3.67168e-12	4.58268e-12	5.33447e-12	5.79392e-12	5.87312e-12	5.5564e-12	4.90527e-12	4.03928e-12	3.10071e-12	2.21722e-12	1.47558e-12	9.13072e-13	5.24814e-13	2.79924e-13	1.38426e-13	6.3417e-14	2.68996e-14	1.05603e-14	3.8366e-15	1.29008e-15	4.0167e-16	1.15875e-16	3.09998e-17	7.69923e-18	
3.19356e-13	4.32061e-13	5.43551e-13	6.36208e-13	6.93087e-13	7.02908e-13	6.63651e-13	5.83227e-13	4.76911e-13	3.62672e-13	2.56318e-13	1.68231e-13	1.02456e-13	5.78514e-14	3.02614e-14	1.46541e-14	6.56564e-15	2.72067e-15	1.04252e-15	3.69436e-16	1.21111e-16	3.67508e-17	1.03311e-17	2.69314e-18	6.51813e-19	
3.51555e-14	4.80473e-14	6.09212e-14	7.16952e-14	7.83384e-14	7.94872e-14	7.4897e-14	6.55254e-14	5.32107e-14	4.00903e-14	2.80084e-14	1.81331e-14	1.08717e-14	6.03225e-15	3.09566e-15	1.46858e-15	6.43803e-16	2.60762e-16	9.75854e-17	3.37515e-17	1.07942e-17	3.19447e-18	8.75657e-19	2.22582e-19	5.25321e-20	
3.66382e-15	5.05786e-15	6.46303e-15	7.64714e-15	8.38045e-15	8.50748e-15	8.0002e-15	6.96804e-15	5.61977e-15	4.19533e-15	2.89773e-15	1.85087e-15	1.09269e-15	5.95946e-16	3.00141e-16	1.39546e-16	5.98837e-17	2.37197e-17	8.67397e-18	2.92976e-18	9.14637e-19	2.64153e-19	7.0652e-20	1.75227e-20	4.0354e-21	
3.62059e-16	5.04802e-16	6.50021e-16	7.73233e-16	8.4987e-16	8.63167e-16	8.10093e-16	7.02468e-16	5.62704e-16	4.16269e-16	2.84291e-16	1.79179e-16	1.04183e-16	5.58668e-17	2.76222e-17	1.2591e-17	5.29141e-18	2.05063e-18	7.33142e-19	2.41962e-19	7.37786e-20	2.08061e-20	5.43319e-21	1.31557e-21	2.95808e-22	
3.39751e-17	4.78375e-17	6.20699e-17	7.42276e-17	8.18222e-17	8.31421e-17	7.78768e-17	6.72351e-17	5.34959e-17	3.92193e-17	2.64873e-17	1.64755e-17	9.43681e-18	4.97666e-18	2.41635e-18	1.08026e-18	4.44769e-19	1.68717e-19	5.90014e-20	1.90366e-20	5.67248e-21	1.56289e-21	3.98686e-22	9.43015e-23	2.07142e-23	
3.03162e-18	4.31029e-18	5.63504e-18	6.7743e-18	7.48902e-18	7.61343e-18	7.11739e-18	6.11814e-18	4.83548e-18	3.51348e-18	2.34679e-18	1.44085e-18	8.13141e-19	4.21832e-19	2.01189e-19	8.82433e-20	3.56083e-20	1.32273e-20	4.5266e-21	1.42849e-21	4.16182e-22	1.12088e-22	2.79467e-23	6.46066e-24	1.38711e-24	
2.57562e-19	3.69742e-19	4.87011e-19	5.88535e-19	6.52496e-19	6.63649e-19	6.1921e-19	5.29983e-19	4.16102e-19	2.99675e-19	1.97985e-19	1.2e-19	6.67375e-20	3.40646e-20	1.59636e-20	6.8716e-21	2.71861e-21	9.89307e-22	3.31453e-22	1.02354e-22	2.91702e-23	7.6833e-24	1.87329e-24	4.23476e-25	8.89121e-26	
2.08597e-20	3.02324e-20	4.01178e-20	4.87327e-20	5.41831e-20	5.5135e-20	5.13443e-20	4.37576e-20	3.41296e-20	2.4365e-20	1.59234e-20	9.52905e-21	5.22342e-21	2.62387e-21	1.2085e-21	5.10689e-22	1.98159e-22	7.0669e-23	2.31892e-23	7.01027e-24	1.95521e-24	5.03892e-25	1.20195e-25	2.65821e-26	5.46041e-27	
1.61233e-21	2.35901e-21	3.1535e-21	3.85044e-21	4.29321e-21	4.37068e-21	4.06241e-21	3.44744e-21	2.67136e-21	1.89053e-21	1.22232e-21	7.22299e-22	3.90312e-22	1.92994e-22	8.73844e-23	3.62618e-23	1.38044e-23	4.82637e-24	1.55171e-24	4.59415e-25	1.25451e-25	3.16478e-26	7.38881e-27	1.59939e-27	3.21578e-28	
1.19065e-22	1.75849e-22	2.36799e-22	2.90613e-22	3.24945e-22	3.30961e-22	3.07035e-22	2.59455e-22	1.99746e-22	1.40143e-22	8.96486e-23	5.23178e-23	2.78743e-23	1.35696e-23	6.04149e-24	2.46256e-24	9.20026e-25	3.15457e-25	9.94091e-26	2.88359e-26	7.7124e-27	1.9053e-27	4.35572e-28	9.23204e-29	1.81764e-29	
8.40914e-24	1.25358e-23	1.70038e-23	2.09742e-23	2.35176e-23	2.39641e-23	2.21898e-23	1.86725e-23	1.42829e-23	9.93527e-24	6.28867e-24	3.62485e-24	1.90445e-24	9.12945e-25	3.99768e-25	1.60101e-25	5.87193e-26	1.97515e-26	6.10284e-27	1.73506e-27	4.54697e-28	1.10046e-28	2.46438e-29	5.11656e-30	9.86824e-31	
5.68555e-25	8.55435e-25	1.16873e-24	1.44892e-24	1.62914e-24	1.66083e-24	1.53498e-24	1.28629e-24	9.77612e-25	6.74261e-25	4.2233e-25	2.40467e-25	1.24601e-25	5.88289e-26	2.53417e-26	9.97407e-27	3.59217e-27	1.18574e-27	3.59346e-28	1.00166e-28	2.57301e-29	6.10284e-30	1.33927e-30	2.7248e-31	5.15005e-32	
3.68342e-26	5.59307e-26	7.6964e-26	9.58948e-26	1.08121e-25	1.10275e-25	1.01729e-25	8.48933e-26	6.41115e-26	4.38448e-26	2.71783e-26	1.52878e-26	7.8138e-27	3.6341e-27	1.54033e-27	5.95945e-28	2.10817e-28	6.83091e-29	2.03111e-29	5.55282e-30	1.39861e-30	3.25222e-31	6.9964e-32	1.39538e-32	2.58547e-33	
2.28858e-27	3.50689e-27	4.86017e-27	6.08588e-27	6.88066e-27	7.02091e-27	6.46484e-27	5.37272e-27	4.03186e-27	2.73422e-27	1.67745e-27	9.32263e-28	4.70069e-28	2.15395e-28	8.98483e-29	3.4179e-29	1.18792e-29	3.77941e-30	1.10291e-30	2.95822e-31	7.30835e-32	1.66664e-32	3.51595e-33	6.87642e-34	1.24947e-34	
1.36484e-28	2.11042e-28	2.94557e-28	3.70675e-28	4.20229e-28	4.28989e-28	3.94285e-28	3.26335e-28	2.43355e-28	1.63658e-28	9.93797e-29	5.45749e-29	2.71506e-29	1.22592e-29	5.03359e-30	1.88313e-30	6.43193e-31	2.00984e-31	5.7579e-32	1.51565e-32	3.67391e-33	8.21921e-34	1.7009e-34	3.26317e-35	5.81649e-36	
7.81892e-30	1.21993e-29	1.71471e-29	2.16847e-29	2.46505e-29	2.51757e-29	2.30967e-29	1.90384e-29	1.41087e-29	9.40966e-30	5.65601e-30	3.0694e-30	1.5068e-30	6.70526e-31	2.71052e-31	9.97466e-32	3.34887e-32	1.02805e-32	2.89216e-33	7.47351e-34	1.77798e-34	3.90338e-35	7.9263e-36	1.49213e-36	2.60988e-37	
4.30663e-31	6.77906e-31	9.59531e-31	1.21941e-30	1.38994e-30	1.42019e-30	1.30054e-30	1.06768e-30	7.86308e-31	5.20103e-31	3.09477e-31	1.65982e-31	8.04138e-32	3.52719e-32	1.40399e-32	5.08324e-33	1.67794e-33	5.06166e-34	1.3987e-34	3.54907e-35	8.28919e-36	1.78634e-36	3.56043e-37	6.57877e-38	1.12947e-38	
2.38911e-32	3.67129e-32	5.2286e-32	6.6778e-32	7.63268e-32	7.80235e-32	7.13178e-32	5.83061e-32	4.26685e-32	2.79862e-32	1.64818e-32	8.73451e-33	4.17531e-33	1.80486e-33	7.07289e-34	2.51905e-34	8.17421e-35	2.42275e-35	6.57528e-36	1.63815e-36	3.7559e-37	7.94468e-38	1.55419e-38	2.81859e-39	4.75032e-40	
