0.0164995	0.02593	0.0348651	0.048315	0.05756	0.0651675	0.0660925	0.0549988	0.040752	0.0258109	0.0139243	0.00329069	-0.0101031	-0.0200372	-0.0181702	-0.0124131	0.000146057	0.0216886	0.0520372	0.0847828	0.113508	0.134656	0.141131	0.133326	0.109139	
-0.0138948	-0.00508084	0.00371378	0.0119527	0.0179997	0.0203526	0.0160549	0.00154747	-0.0168135	-0.0356053	-0.0476779	-0.0585808	-0.0717142	-0.0803926	-0.0786297	-0.0710855	-0.0547262	-0.0312375	0.00266593	0.0379896	0.0694039	0.088916	0.0976986	0.0895046	0.0656645	
-0.0294412	-0.0215449	-0.0152318	-0.0122932	-0.0109858	-0.0145358	-0.0224274	-0.0402412	-0.0613609	-0.0819619	-0.0945189	-0.104763	-0.116411	-0.124765	-0.12185	-0.11168	-0.093868	-0.0678085	-0.0328971	0.00428668	0.0346301	0.0535482	0.0604881	0.0520039	0.0266256	
-0.0351086	-0.0276022	-0.0264502	-0.0283665	-0.0335408	-0.0424687	-0.0532248	-0.0721729	-0.0943549	-0.115469	-0.128448	-0.137982	-0.148525	-0.155562	-0.150196	-0.137058	-0.114745	-0.0884394	-0.0538005	-0.0172942	0.0125427	0.029853	0.0368995	0.0266663	-0.00136611	
-0.0280716	-0.0239242	-0.0264115	-0.0332851	-0.0455414	-0.0581256	-0.0706292	-0.0899085	-0.109981	-0.131633	-0.145233	-0.153464	-0.162915	-0.167446	-0.159612	-0.142249	-0.118216	-0.0923599	-0.0595686	-0.0240777	0.00398675	0.0212699	0.0251277	0.0105967	-0.0182906	
-0.0128311	-0.0115042	-0.01745	-0.0299094	-0.0467753	-0.0625178	-0.0772165	-0.0936218	-0.111801	-0.133412	-0.144872	-0.152721	-0.159533	-0.16101	-0.151193	-0.132291	-0.106504	-0.0826146	-0.0518518	-0.0198773	0.00765818	0.0236775	0.0240424	0.00711653	-0.023728	
0.00514032	0.00212711	-0.00679528	-0.0238179	-0.0436951	-0.0625236	-0.0768893	-0.0915469	-0.107612	-0.125995	-0.136537	-0.141929	-0.144004	-0.142093	-0.130915	-0.109433	-0.0843236	-0.061468	-0.0335651	-0.00422829	0.0229476	0.0371811	0.0363088	0.0180641	-0.011858	
0.0196689	0.0142373	0.00143413	-0.0180452	-0.0398329	-0.0591424	-0.0741622	-0.0863017	-0.0994511	-0.115497	-0.123887	-0.125491	-0.12376	-0.118121	-0.104759	-0.0832604	-0.0583137	-0.0353606	-0.0105248	0.0164294	0.0399801	0.0532832	0.0536935	0.0389322	0.0102647	
0.0340469	0.0252245	0.0105933	-0.00948763	-0.0314646	-0.0511347	-0.0655611	-0.0766653	-0.0873044	-0.0998072	-0.105188	-0.103768	-0.0976668	-0.0889938	-0.0762257	-0.0557231	-0.0307724	-0.00944439	0.0139406	0.0375215	0.0584143	0.0712653	0.0742647	0.0605693	0.0354177	
0.0431523	0.03287	0.017647	-0.00249589	-0.0238938	-0.0421664	-0.0581421	-0.0672151	-0.0750892	-0.0836895	-0.0852416	-0.0789085	-0.0697253	-0.0591513	-0.0481923	-0.0284551	-0.005984	0.0160504	0.0389944	0.0617613	0.0802383	0.0944934	0.0991928	0.090675	0.0690499	
0.044026	0.0327763	0.017513	-0.00133743	-0.0204562	-0.0389564	-0.053863	-0.0616279	-0.0674293	-0.0713135	-0.0674366	-0.058158	-0.0448437	-0.0335667	-0.0232967	-0.00534414	0.0168841	0.0386872	0.0611975	0.0819052	0.101877	0.118954	0.128343	0.125321	0.106391	
0.0314164	0.0200314	0.00646308	-0.0104946	-0.0281103	-0.0438999	-0.0583284	-0.0641987	-0.067482	-0.0666274	-0.0608217	-0.0477503	-0.0332644	-0.0214189	-0.0123376	0.00549382	0.0249365	0.0455443	0.0655538	0.0875573	0.11013	0.130335	0.144013	0.146252	0.13143	
0.00739755	-0.0024329	-0.0148799	-0.0293715	-0.0436754	-0.0579211	-0.0696625	-0.072726	-0.0734147	-0.06972	-0.0609473	-0.0475946	-0.0323062	-0.0203662	-0.0116732	0.00339779	0.0207039	0.0404859	0.0606002	0.0848999	0.110536	0.135106	0.151205	0.156195	0.145033	
-0.0199502	-0.0291173	-0.0385461	-0.0502699	-0.0627178	-0.0736657	-0.0820165	-0.0821918	-0.0796053	-0.0726431	-0.0647022	-0.0522242	-0.036822	-0.0252263	-0.0181661	-0.00564799	0.00939131	0.0276405	0.047863	0.0740331	0.10402	0.130911	0.147948	0.154851	0.148505	
-0.0515034	-0.0579299	-0.0653035	-0.0741987	-0.082615	-0.0900792	-0.0949872	-0.0910372	-0.0862531	-0.0789864	-0.0730947	-0.0623735	-0.0479657	-0.0362604	-0.0305091	-0.0213679	-0.0107653	0.00715242	0.027269	0.0547103	0.0855531	0.115435	0.134976	0.14493	0.140535	
-0.074428	-0.080602	-0.0853645	-0.0902507	-0.094758	-0.098848	-0.0983144	-0.0925945	-0.08551	-0.078348	-0.074719	-0.0679703	-0.0543304	-0.0445767	-0.0400039	-0.0356446	-0.0258839	-0.0083199	0.0114379	0.0366678	0.0677154	0.0978567	0.118522	0.130188	0.127676	
-0.0889621	-0.094474	-0.0976201	-0.0993831	-0.0996562	-0.0981009	-0.0943557	-0.0852574	-0.0767037	-0.0696564	-0.069623	-0.0653997	-0.0557985	-0.0475835	-0.0443536	-0.0410043	-0.0324649	-0.0147033	0.00470549	0.0284964	0.0559685	0.0836384	0.106156	0.119906	0.119068	
-0.0964084	-0.102718	-0.104936	-0.102854	-0.0975907	-0.0928397	-0.0838892	-0.0743104	-0.0643187	-0.0579216	-0.0581915	-0.0583478	-0.0523077	-0.0470309	-0.0430421	-0.0413692	-0.0324465	-0.0144093	0.00403069	0.0237487	0.0471129	0.0736818	0.0967871	0.112127	0.11381	
-0.103349	-0.111324	-0.111941	-0.106248	-0.0973682	-0.0870446	-0.0757714	-0.0656971	-0.0549015	-0.047754	-0.0490346	-0.051856	-0.0505071	-0.0475219	-0.0428643	-0.0406833	-0.0307879	-0.0153968	0.0010791	0.0183471	0.0400125	0.0634293	0.0871582	0.105428	0.111231	
-0.106884	-0.115754	-0.116101	-0.107768	-0.0941949	-0.0808677	-0.0672423	-0.0571236	-0.0461767	-0.0385598	-0.0388114	-0.0432278	-0.0462945	-0.0451099	-0.0397389	-0.0364652	-0.0277611	-0.0136215	0.00190662	0.0173838	0.0353898	0.0564261	0.0801681	0.099957	0.111271	
-0.106102	-0.117351	-0.116942	-0.106838	-0.0918102	-0.0759179	-0.0601884	-0.0508673	-0.0386575	-0.030601	-0.0292101	-0.0356323	-0.0416336	-0.0425796	-0.0365864	-0.0340413	-0.0245951	-0.0131068	0.000102761	0.0131695	0.0296579	0.0484173	0.0708305	0.0929887	0.10884	
-0.10673	-0.118226	-0.118032	-0.107941	-0.0924739	-0.0745954	-0.0595391	-0.0489641	-0.0374546	-0.0287727	-0.0268139	-0.0318268	-0.0391943	-0.039627	-0.0348895	-0.0319627	-0.0250976	-0.0170306	-0.00402224	0.00922076	0.0245819	0.042077	0.0660197	0.088192	0.105664	
-0.104894	-0.117183	-0.116816	-0.107488	-0.0931016	-0.0774143	-0.0625387	-0.053046	-0.041446	-0.0332726	-0.0286724	-0.0315866	-0.0376073	-0.0375179	-0.0336736	-0.0325676	-0.0290715	-0.0223007	-0.010512	0.00185149	0.0163784	0.035903	0.0600373	0.0816752	0.0994852	
-0.0997572	-0.111709	-0.111715	-0.104654	-0.0945869	-0.0807374	-0.0689681	-0.0588908	-0.0483934	-0.0402609	-0.033954	-0.0340216	-0.0375381	-0.0359012	-0.0335162	-0.0335469	-0.032207	-0.0294872	-0.0191033	-0.00636227	0.00884255	0.0285733	0.0526815	0.0742305	0.0906753	
-0.0867795	-0.0979045	-0.0996307	-0.0963054	-0.0901422	-0.0809522	-0.0721268	-0.062594	-0.0541047	-0.0457118	-0.0376769	-0.0335089	-0.0345405	-0.0319704	-0.0312598	-0.030731	-0.0337913	-0.0327694	-0.0226088	-0.00937859	0.00526572	0.02478	0.0477043	0.0671461	0.0846581	
-0.0683641	-0.0802769	-0.0843101	-0.0851677	-0.0840627	-0.0796576	-0.0744721	-0.0673282	-0.0606923	-0.0529893	-0.0419469	-0.0349565	-0.033187	-0.0300876	-0.0293352	-0.0287875	-0.0331543	-0.0338204	-0.0269259	-0.012929	0.0031188	0.0237071	0.0438863	0.0643958	0.0823246	
-0.0461562	-0.0582085	-0.0661535	-0.0712162	-0.0745899	-0.0745904	-0.0744614	-0.0698934	-0.0670921	-0.0587151	-0.0460062	-0.0356646	-0.0304533	-0.02717	-0.0264279	-0.0235725	-0.0280279	-0.031762	-0.026268	-0.0123093	0.00485707	0.0245209	0.0442927	0.0659845	0.0858202	
-0.0234657	-0.0371504	-0.0486866	-0.058308	-0.0655676	-0.0711867	-0.0749573	-0.0748456	-0.0739026	-0.0654795	-0.051213	-0.0374277	-0.0303684	-0.0277732	-0.0259277	-0.0204154	-0.0236264	-0.0248378	-0.0214258	-0.00958558	0.00615072	0.0254123	0.0448245	0.0686045	0.0924871	
-0.00807269	-0.0222363	-0.0378624	-0.0515367	-0.0628183	-0.0727176	-0.0805676	-0.0842762	-0.0861157	-0.0791633	-0.0643699	-0.0499436	-0.0397454	-0.0369424	-0.0335104	-0.0268168	-0.0250205	-0.025094	-0.0239033	-0.0139524	0.000381614	0.0186313	0.0379732	0.0645214	0.0898809	
0.0054279	-0.00852333	-0.0274366	-0.0445992	-0.0588571	-0.07281	-0.0837645	-0.091866	-0.0967509	-0.0919032	-0.0804264	-0.0653765	-0.0524129	-0.0494188	-0.0441972	-0.0360376	-0.0309366	-0.0294376	-0.0280268	-0.0223681	-0.010397	0.0050321	0.026816	0.0545612	0.081904	
0.0235217	0.00973438	-0.0109822	-0.03168	-0.0491524	-0.0663803	-0.0798843	-0.0903871	-0.0960759	-0.0954234	-0.0878741	-0.0744004	-0.0619262	-0.0568512	-0.0498146	-0.0416142	-0.0328612	-0.0263695	-0.025897	-0.0230773	-0.0139389	0.000292361	0.0218577	0.0495813	0.0764365	
0.0401165	0.0287599	0.00670449	-0.0160039	-0.0371128	-0.0570859	-0.0715957	-0.0833345	-0.0902668	-0.0937116	-0.0914249	-0.082944	-0.0700751	-0.0633902	-0.0553991	-0.0481113	-0.0348748	-0.0270261	-0.0235465	-0.0206646	-0.0125673	-0.000754642	0.0180075	0.0425548	0.0696662	
0.0520677	0.0433546	0.0231063	-0.000834068	-0.0250797	-0.0465919	-0.0619545	-0.0756866	-0.0832614	-0.0909482	-0.0963811	-0.0915888	-0.0814394	-0.0727749	-0.0630594	-0.0552003	-0.040587	-0.0304673	-0.0240932	-0.0207906	-0.0128432	-0.00274506	0.0158698	0.0363933	0.0638513	
0.0577989	0.0538832	0.036981	0.0130462	-0.0122295	-0.0345085	-0.0518075	-0.0653564	-0.0750405	-0.0871646	-0.0981138	-0.0991124	-0.0931694	-0.0810515	-0.0708099	-0.0615695	-0.0456947	-0.0324307	-0.0261567	-0.0195356	-0.0102479	0.00216463	0.0195832	0.0378597	0.0623718	
0.0580813	0.0593117	0.047595	0.0261379	0.00151437	-0.0209489	-0.0389553	-0.0538788	-0.0664274	-0.0816221	-0.0965018	-0.103746	-0.0998974	-0.0891849	-0.0801457	-0.0700598	-0.054253	-0.0404045	-0.0292543	-0.0193649	-0.00656757	0.00743094	0.0228787	0.0404145	0.0640313	
0.0566219	0.062063	0.0578103	0.0404462	0.0178982	-0.00151935	-0.0218558	-0.0382247	-0.0533181	-0.0715631	-0.0891109	-0.0995613	-0.102737	-0.0947459	-0.0885131	-0.0786609	-0.066059	-0.0503723	-0.0347821	-0.02226	-0.00829882	0.00821409	0.0241572	0.0405653	0.0629371	
0.0474348	0.0589607	0.0600648	0.0495251	0.0319899	0.0147276	-0.00602815	-0.0232711	-0.0420114	-0.061407	-0.0791737	-0.0949165	-0.103988	-0.0990115	-0.0959475	-0.0875954	-0.077625	-0.0613644	-0.0435242	-0.0260684	-0.011918	0.00853038	0.0255858	0.0439715	0.0662288	
0.038159	0.0531555	0.060159	0.0572515	0.0463569	0.0304149	0.0127846	-0.00776357	-0.0281868	-0.0469246	-0.065407	-0.0847762	-0.0946827	-0.0969817	-0.0953868	-0.0907211	-0.0845924	-0.0699356	-0.0487382	-0.0281351	-0.0116456	0.00837104	0.0280016	0.0519104	0.0744114	
0.0316308	0.0479445	0.0616141	0.0650579	0.0616459	0.0505718	0.0336129	0.0140187	-0.00796821	-0.0267008	-0.0457563	-0.0653067	-0.0788878	-0.0865414	-0.0879983	-0.0869521	-0.0862684	-0.0731724	-0.0526467	-0.031549	-0.0130832	0.00628307	0.027917	0.0531569	0.0740776	
0.0185124	0.035314	0.0520957	0.0630603	0.0670864	0.0611789	0.0475565	0.0306067	0.00828009	-0.0105539	-0.0286695	-0.049593	-0.0656609	-0.0770645	-0.0808282	-0.0826008	-0.0843818	-0.0755519	-0.0575374	-0.0365544	-0.0154507	0.00419029	0.0251108	0.0490023	0.0712484	
0.00529977	0.0191555	0.0380645	0.0563687	0.065586	0.0650316	0.058018	0.041046	0.0235772	0.0050102	-0.013006	-0.0328756	-0.0496894	-0.0668618	-0.0705307	-0.076048	-0.0779372	-0.0745078	-0.0593476	-0.0413194	-0.0193759	-0.00231792	0.0186874	0.0411449	0.0624357	
-0.00591102	0.00602885	0.0255559	0.0479148	0.0619309	0.0675103	0.0641842	0.0526338	0.0387872	0.0230379	0.00505871	-0.0115936	-0.0318645	-0.0504325	-0.0574961	-0.0634308	-0.0659801	-0.0661423	-0.0583665	-0.0451403	-0.0276651	-0.0113578	0.00859499	0.0262726	0.0438894	
-0.0121059	-0.00243677	0.0155206	0.0385915	0.0578222	0.0668794	0.0684245	0.0645906	0.0539158	0.042337	0.0276145	0.0125915	-0.00862738	-0.0254914	-0.0382344	-0.0433388	-0.0463238	-0.0507632	-0.0523128	-0.0437199	-0.0321897	-0.018549	-0.00309272	0.00948167	0.025849	
-0.0142413	-0.0101787	0.00675636	0.0276823	0.0488136	0.0613947	0.0686894	0.0692657	0.0671986	0.0584585	0.0492101	0.0371649	0.0181276	0.000432161	-0.0150149	-0.0228459	-0.025274	-0.0334487	-0.0421461	-0.0402287	-0.0351894	-0.0288422	-0.0179037	-0.00779984	0.00608094	
-0.0214598	-0.0189741	-0.00665642	0.0115369	0.0311717	0.0484689	0.0585138	0.06556	0.0700338	0.0670763	0.0623897	0.0554866	0.0400833	0.0229733	0.00672232	-0.00254921	-0.00796602	-0.0171365	-0.029802	-0.0363959	-0.0386529	-0.0360332	-0.0329452	-0.026577	-0.0161959	
-0.0262795	-0.0224124	-0.0171192	-0.00174375	0.0162401	0.0344853	0.0480051	0.0614771	0.0682123	0.0730676	0.0732666	0.0706059	0.0624946	0.0490013	0.0310449	0.0212351	0.00985678	-0.0011919	-0.0163286	-0.0298476	-0.0391824	-0.0417649	-0.0489145	-0.0475041	-0.0397395	
-0.0260274	-0.0235522	-0.0208148	-0.0106694	0.00545026	0.0222636	0.0398098	0.0551366	0.0670259	0.0762731	0.0832807	0.0836564	0.0839957	0.0746047	0.0580658	0.0444577	0.030804	0.0155504	-0.00215451	-0.0214843	-0.0381056	-0.0507011	-0.0615432	-0.0635531	-0.0602292	
-0.0260501	-0.0227945	-0.0213944	-0.0166588	-0.0040045	0.0128707	0.0317029	0.0485085	0.0651581	0.0773095	0.0891841	0.0948482	0.101767	0.0968432	0.0871703	0.0689221	0.0527514	0.033628	0.0145122	-0.0112874	-0.0325339	-0.0509351	-0.0639694	-0.0714263	-0.0737497	
-0.0280262	-0.0218817	-0.0225663	-0.0210294	-0.0125694	0.00384035	0.0224408	0.0417972	0.0592466	0.0757893	0.0886694	0.10117	0.111313	0.113172	0.108616	0.0892937	0.0679991	0.0476696	0.0267271	-0.00151699	-0.0251246	-0.0468703	-0.0631805	-0.0764819	-0.0827824	
-0.0328346	-0.0273699	-0.0272732	-0.028327	-0.0234366	-0.00951098	0.00930016	0.0293617	0.0472026	0.0669339	0.0806127	0.0968908	0.107232	0.11707	0.113801	0.0989134	0.0767039	0.0572155	0.0328991	0.00880141	-0.0188597	-0.0446771	-0.0599689	-0.0745059	-0.0840756	
