0.00174836	0.00176755	0.00152394	0.00168839	-0.00071483	-0.00262684	-0.00345434	-0.00255079	-0.000432787	0.00259998	0.00425988	0.00618182	0.00482946	0.00279959	-0.00339537	-0.00917725	-0.0146748	-0.0179651	-0.0188072	-0.0170875	-0.0163253	-0.0128694	-0.00888417	-0.00335905	0.00275276	
0.00190964	0.00197119	0.00187538	0.0015671	-0.000555782	-0.00217873	-0.00336772	-0.00252761	0.000152652	0.00174938	0.003432	0.00510377	0.00385153	0.000610976	-0.00448153	-0.0113486	-0.0160845	-0.0201334	-0.020791	-0.0195246	-0.0177734	-0.015114	-0.010994	-0.0047438	0.000805938	
0.00182844	0.00215413	0.00211303	0.00252841	0.000631118	-0.00175497	-0.00237684	-0.00160051	0.000582402	0.00259852	0.00442083	0.00543379	0.00384839	0.0012448	-0.00481094	-0.0114284	-0.0169863	-0.0205234	-0.0210714	-0.0197527	-0.0186426	-0.0152703	-0.0113773	-0.00597062	0.000317616	
0.00146477	0.00185017	0.00235597	0.00277493	0.000834863	-0.000728368	-0.00178479	-0.000513173	0.00179766	0.00370685	0.00491845	0.00622415	0.00433787	0.00168076	-0.00408603	-0.0109415	-0.0162594	-0.0202244	-0.0214436	-0.0197136	-0.018454	-0.0155542	-0.0116456	-0.00559685	-0.000148052	
0.000542931	0.000813326	0.00174725	0.00221412	0.000570533	-0.0005585	-0.00121951	-0.000343932	0.0018387	0.00375767	0.00488086	0.00599864	0.00428733	0.00160581	-0.00439604	-0.0110648	-0.0165132	-0.0203957	-0.0210635	-0.0200285	-0.0184281	-0.0150572	-0.0111449	-0.00588748	0.000601822	
-9.67798e-05	0.00036996	0.0013341	0.00210881	0.000961514	1.0556e-05	-0.000122084	0.00139375	0.00403422	0.00555852	0.00666125	0.00765938	0.0061993	0.00326554	-0.00273927	-0.00946532	-0.0143654	-0.0181814	-0.0189762	-0.0171087	-0.0156276	-0.0125601	-0.00873892	-0.0029206	0.00251339	
-0.00171461	-0.00104502	0.000311236	0.0019702	0.00145223	0.00157034	0.00111435	0.00310012	0.00555984	0.00769289	0.00809562	0.0099348	0.00782213	0.00536867	-0.000424643	-0.00668498	-0.0120351	-0.0152566	-0.0158871	-0.0140593	-0.0122917	-0.00909163	-0.00517527	0.000166711	0.00555059	
-0.00306624	-0.00239086	-0.00112845	0.000815966	0.000995155	0.000920202	0.00136932	0.00284303	0.00517453	0.00646441	0.00774028	0.0089372	0.00728969	0.00441151	-0.00101593	-0.00759527	-0.0119176	-0.0149766	-0.0152832	-0.0134106	-0.0113194	-0.00779702	-0.004154	0.000876444	0.00670175	
-0.00465747	-0.00394689	-0.00210022	2.09018e-05	-0.000479078	0.000574913	0.000488098	0.00246402	0.00406622	0.00624938	0.0062849	0.0086233	0.00594462	0.0032733	-0.00241685	-0.00836351	-0.01312	-0.0153592	-0.0148836	-0.0127336	-0.0107641	-0.00765781	-0.00343324	0.00125937	0.00651443	
-0.00587831	-0.00534374	-0.00362687	-0.00138177	-0.000987755	-0.000536785	0.000500688	0.0016869	0.004009	0.00536364	0.00608914	0.00674212	0.00527785	0.00238922	-0.00287797	-0.00962282	-0.0128613	-0.015257	-0.015026	-0.0124722	-0.00989531	-0.00671304	-0.00278225	0.00172443	0.00697037	
-0.00653697	-0.00614957	-0.00512727	-0.00280381	-0.00228195	-0.00139403	-0.00129568	0.000377082	0.00222223	0.00378632	0.00354499	0.00499957	0.00217267	-0.000306561	-0.00579848	-0.0112944	-0.0148707	-0.0160585	-0.0155418	-0.0124596	-0.0102046	-0.00675802	-0.00281848	0.00141149	0.00694309	
-0.00708195	-0.00652694	-0.00528536	-0.0034104	-0.00280005	-0.00123664	-0.000613611	0.000803562	0.00271331	0.00356548	0.0030422	0.00451152	0.00222164	-0.000826479	-0.00598066	-0.0112986	-0.0143977	-0.0156899	-0.0148005	-0.0114445	-0.00913141	-0.00604523	-0.00170747	0.00219603	0.00706819	
-0.00746509	-0.00706227	-0.00593962	-0.00409392	-0.0036345	-0.00305111	-0.00220193	-0.00107224	0.000164985	0.000459025	0.000619787	0.00135119	-0.00101795	-0.00427404	-0.00884581	-0.0146018	-0.0170066	-0.0179684	-0.0164565	-0.0132567	-0.0102363	-0.00693396	-0.00280242	0.000906184	0.00607458	
-0.00708086	-0.00708452	-0.0058178	-0.00441407	-0.00403318	-0.00263992	-0.00254026	-0.00151577	-0.000634496	-0.000101582	-0.000963983	0.000423107	-0.00288396	-0.00533427	-0.0105987	-0.0155044	-0.0188779	-0.018468	-0.0177922	-0.0132424	-0.0106771	-0.00697827	-0.00296678	0.000632613	0.00499627	
-0.00633981	-0.00622777	-0.00555473	-0.00452949	-0.00381981	-0.00290411	-0.002565	-0.00220909	-0.00114194	-0.00109453	-0.0014575	-0.00132378	-0.0036714	-0.00750967	-0.0120518	-0.017459	-0.0192096	-0.0195223	-0.0174915	-0.014524	-0.0108053	-0.00745921	-0.0030655	-3.28685e-05	0.00487216	
-0.00591426	-0.00591805	-0.00510884	-0.00442994	-0.00387905	-0.00264281	-0.00269136	-0.00234557	-0.00194344	-0.00217813	-0.00308358	-0.00217147	-0.00505255	-0.00841257	-0.0136517	-0.0184738	-0.0206895	-0.019699	-0.0188536	-0.0145054	-0.0108966	-0.00731317	-0.0031723	0.000502072	0.00476379	
-0.00502582	-0.00515459	-0.00419539	-0.00357395	-0.00273425	-0.00170679	-0.00162176	-0.00127381	-0.000872876	-0.00163609	-0.0021322	-0.00161117	-0.00436705	-0.00855807	-0.0127848	-0.0174922	-0.0195602	-0.0189144	-0.0170916	-0.0129366	-0.00889817	-0.00531161	-0.00103799	0.00245091	0.00671667	
-0.0038913	-0.00396586	-0.00291903	-0.00253564	-0.00146231	-3.45736e-05	0.000383182	0.000202318	0.000409345	0.00026956	-0.000168805	-0.00033961	-0.0028197	-0.00684674	-0.0113975	-0.015812	-0.0176667	-0.0165644	-0.0145891	-0.0105398	-0.00604246	-0.00205503	0.002205	0.00541335	0.0100069	
-0.00410876	-0.00394685	-0.0027232	-0.00238896	-0.000580981	0.00138644	0.00163662	0.00161736	0.00201745	0.00148927	0.00120286	0.00159329	-0.000969032	-0.005482	-0.00956605	-0.0141572	-0.0162456	-0.0144487	-0.01248	-0.00816173	-0.00320721	0.000632476	0.0054463	0.00974764	0.0132269	
-0.00461267	-0.00403814	-0.00249305	-0.00194319	8.87414e-05	0.00212707	0.00271805	0.00314749	0.00295554	0.00283492	0.002825	0.00266095	0.00057711	-0.00323869	-0.00775909	-0.0121548	-0.0134804	-0.0116202	-0.00943393	-0.00547328	-0.000234437	0.00441099	0.00910616	0.0126584	0.0171073	
-0.00575947	-0.00516941	-0.00296436	-0.00243398	0.00028862	0.00266974	0.00389466	0.00412417	0.00482438	0.00417857	0.00443138	0.00437079	0.00289609	-0.00165118	-0.00502151	-0.00870487	-0.0104823	-0.00860447	-0.00638986	-0.00224389	0.00322499	0.00778736	0.0125932	0.0170062	0.0204013	
-0.00777709	-0.0068544	-0.00498048	-0.00388783	-0.000815565	0.00201669	0.00291231	0.00386817	0.00362857	0.00392014	0.00451029	0.00483577	0.00282238	-0.000831322	-0.00450549	-0.00827803	-0.00982566	-0.00776314	-0.00565402	-0.00154161	0.00435755	0.00866779	0.0138379	0.0178185	0.0211624	
-0.010185	-0.00916025	-0.00712813	-0.00646785	-0.00313462	-8.31856e-05	0.00157522	0.00176737	0.00226352	0.00209423	0.0029635	0.00258636	0.00180006	-0.00261141	-0.00590982	-0.00985091	-0.0112018	-0.00976209	-0.00722913	-0.00355798	0.00212291	0.00699337	0.0120436	0.0157394	0.0189112	
-0.0124196	-0.0115725	-0.00996653	-0.00871676	-0.00504577	-0.00205551	-0.000499741	0.000277715	0.000225022	1.07389e-05	0.000423625	0.000473084	-0.000958866	-0.00480208	-0.00842995	-0.0118337	-0.0142561	-0.0123534	-0.0103726	-0.00637403	-0.000984207	0.0038159	0.00829466	0.0119097	0.0143538	
-0.0143403	-0.0134714	-0.0117605	-0.010906	-0.00767963	-0.00454789	-0.00258206	-0.00229708	-0.00215488	-0.00253355	-0.00217804	-0.00326179	-0.00419483	-0.00870737	-0.0121811	-0.0160561	-0.0172775	-0.0164441	-0.0145042	-0.011573	-0.00544392	-0.00145746	0.00305234	0.0062123	0.00895033	
-0.0150497	-0.0147409	-0.0140634	-0.0130475	-0.00977284	-0.00704781	-0.0052142	-0.00472432	-0.00533371	-0.00612984	-0.00603972	-0.00733621	-0.00922637	-0.0137051	-0.0171867	-0.0206295	-0.0229156	-0.0221724	-0.0205188	-0.0173521	-0.0124268	-0.00761025	-0.00322281	-0.000269748	0.00105484	
-0.0152143	-0.0149722	-0.014558	-0.0139643	-0.011092	-0.00860552	-0.00656375	-0.00643621	-0.00714009	-0.00801816	-0.0085721	-0.0107937	-0.0127871	-0.0172899	-0.0215228	-0.0248372	-0.0269393	-0.0263845	-0.025266	-0.0223398	-0.0173139	-0.0129464	-0.00891843	-0.00629364	-0.00483063	
-0.0139789	-0.0140049	-0.0136835	-0.0130211	-0.0102527	-0.00797369	-0.00589617	-0.00581045	-0.00634412	-0.00764481	-0.00817941	-0.0112002	-0.0130941	-0.0184305	-0.0219904	-0.0259503	-0.0277204	-0.0280787	-0.0262349	-0.0244364	-0.0190699	-0.0148884	-0.0111998	-0.0092893	-0.00823121	
-0.0116935	-0.0121164	-0.0125407	-0.0117202	-0.00906138	-0.00680602	-0.00522713	-0.00441809	-0.00603308	-0.00726406	-0.00859696	-0.0112841	-0.0145176	-0.0185945	-0.0234075	-0.0263069	-0.0290355	-0.0289176	-0.0283322	-0.0252049	-0.0208452	-0.0162027	-0.0126784	-0.0106709	-0.0105341	
-0.00952544	-0.0100596	-0.010058	-0.00941329	-0.00668963	-0.0047592	-0.00226437	-0.00259595	-0.00334293	-0.00500671	-0.00589407	-0.0102779	-0.0122669	-0.0179474	-0.0219754	-0.0253571	-0.0270433	-0.0280666	-0.0262092	-0.0246638	-0.0195825	-0.0149696	-0.0117907	-0.00992136	-0.00937634	
-0.00636979	-0.00688969	-0.00721807	-0.00608482	-0.00342257	-0.000838841	0.000978796	0.0021414	0.000768303	-0.000488197	-0.00226482	-0.00561378	-0.00921843	-0.0134618	-0.0179428	-0.0208218	-0.023459	-0.0238478	-0.0228262	-0.0203056	-0.0156097	-0.0110714	-0.00777942	-0.00582422	-0.00593672	
-0.00352918	-0.00393302	-0.00405649	-0.00272753	-9.64356e-05	0.00183473	0.00457494	0.00528424	0.00452373	0.00335446	0.0020466	-0.00250648	-0.00525635	-0.00986103	-0.0144222	-0.0169138	-0.018816	-0.0198082	-0.0181233	-0.0156322	-0.0109716	-0.00571871	-0.00245253	-0.000627876	-0.0003446	
-0.00109339	-0.00140261	-0.00122656	0.000612112	0.00338679	0.00628083	0.00892679	0.0100023	0.00929966	0.00843166	0.00671768	0.002833	-5.58991e-05	-0.00432765	-0.00823772	-0.0107217	-0.0129228	-0.0138635	-0.0118659	-0.0094995	-0.00422866	0.00115934	0.00393733	0.0063471	0.00618607	
0.000639445	0.000484439	0.000655276	0.00269463	0.00561257	0.00844225	0.0114527	0.0126263	0.0121586	0.0111982	0.00951048	0.00570288	0.00245258	-0.000975697	-0.0050624	-0.00675073	-0.00871674	-0.00947549	-0.00785979	-0.00467037	0.000130499	0.00560856	0.00943854	0.0116055	0.0115296	
0.00165754	0.00186836	0.00215334	0.00495981	0.00807887	0.0115245	0.0148939	0.0165786	0.0160027	0.0155665	0.0138974	0.00987414	0.00692852	0.00372343	0.000184943	-0.00160675	-0.00308178	-0.00430686	-0.00207064	0.000504911	0.00554761	0.0117438	0.0148745	0.0172252	0.0172306	
0.00249605	0.00265464	0.00313508	0.00557064	0.00851396	0.0124543	0.0159587	0.0175617	0.0177634	0.0170745	0.0148478	0.0114634	0.00819777	0.00528826	0.00221436	0.00114897	-0.000661608	-0.00149257	0.000441882	0.00375818	0.00875509	0.0145385	0.0182831	0.0210525	0.0208348	
0.00243416	0.00292183	0.00316316	0.00612204	0.00921894	0.0125299	0.0161907	0.0181239	0.0179435	0.0174672	0.0158952	0.0121364	0.00882003	0.00673395	0.00387396	0.00274808	0.00192016	0.000912866	0.00284023	0.00614027	0.0109989	0.0172506	0.0212848	0.0232962	0.0234769	
0.00228411	0.0028982	0.00360655	0.00655989	0.00922908	0.0135198	0.0165203	0.0185727	0.0184738	0.0183289	0.0158445	0.0131263	0.00967965	0.00772294	0.00566603	0.00506508	0.00404474	0.00322157	0.00535303	0.00871292	0.0134977	0.0193961	0.023084	0.0259717	0.0258867	
0.00225039	0.00272989	0.00324462	0.00590486	0.0086258	0.0117624	0.0154824	0.0168406	0.0172315	0.0164442	0.0145156	0.010974	0.0076937	0.0057615	0.00400532	0.00369661	0.00361282	0.00302544	0.00493052	0.00861384	0.0129053	0.0187211	0.0231306	0.0251212	0.0255079	
0.00177911	0.00243734	0.00266796	0.0049626	0.00702361	0.0108359	0.0133055	0.0154423	0.0150228	0.0145526	0.0115962	0.00896215	0.00461528	0.00351448	0.00233923	0.00192684	0.00189061	0.00181784	0.0034187	0.00710783	0.0115867	0.017158	0.0211695	0.0233158	0.0235271	
0.00165325	0.00200912	0.00254594	0.00446613	0.00632183	0.00919295	0.0120571	0.0128782	0.0132095	0.0122021	0.00937138	0.00604224	0.00267532	0.000988514	0.000381681	0.000588079	0.00118953	0.000776475	0.00271737	0.00673711	0.0106275	0.0158783	0.0200267	0.0217235	0.0222951	
0.00156104	0.00227002	0.00273658	0.0045409	0.00616258	0.00898386	0.0108117	0.0120261	0.0117137	0.010727	0.00756121	0.0050434	0.000680058	2.90129e-05	-0.000228719	-1.07847e-05	0.000861538	0.00168696	0.00319959	0.00723921	0.0110087	0.0157259	0.0196806	0.021052	0.0214717	
0.00166189	0.00215291	0.00278651	0.00386826	0.00511026	0.00745107	0.00889924	0.00913322	0.00902694	0.00727511	0.00393249	0.00118327	-0.00265864	-0.00373215	-0.00334157	-0.00281848	-0.00137362	-0.00034072	0.00158015	0.0059261	0.00919271	0.0133122	0.017102	0.0182626	0.0185262	
0.00169991	0.00205047	0.00239086	0.00332789	0.00396738	0.0056203	0.00666932	0.00673115	0.0058828	0.00388623	3.50653e-05	-0.00278897	-0.00655564	-0.00729555	-0.00678307	-0.00578033	-0.00401144	-0.00260034	-0.000524641	0.00351292	0.00663198	0.010776	0.0144885	0.0150935	0.0155315	
0.00167119	0.00231291	0.00313965	0.00346735	0.00401049	0.00562879	0.00580925	0.00562599	0.004976	0.00232287	-0.00170144	-0.00399957	-0.00807175	-0.00840323	-0.00704738	-0.00606666	-0.00442978	-0.00209679	-0.000555656	0.0035843	0.0069539	0.0104438	0.0137588	0.0145679	0.0145487	
0.00215551	0.00246551	0.00333141	0.00387094	0.00446465	0.00493813	0.00534855	0.00453798	0.00390582	0.000933844	-0.00262786	-0.00589442	-0.00878198	-0.0094802	-0.00794896	-0.00655472	-0.00396238	-0.00198678	3.0611e-05	0.00432668	0.007317	0.0104807	0.0134338	0.0136489	0.0140453	
0.00218321	0.00244944	0.00328668	0.00347185	0.00319545	0.0042225	0.00310621	0.00271251	0.00101838	-0.00173246	-0.0066544	-0.008771	-0.0124484	-0.0125967	-0.0107552	-0.00888676	-0.0066695	-0.00342223	-0.00100556	0.00260784	0.00587945	0.00838437	0.0110699	0.0117005	0.0117889	
0.00176427	0.00201961	0.00324419	0.00314118	0.00398516	0.00347582	0.00334087	0.00158252	0.000701951	-0.00377984	-0.0072092	-0.0110528	-0.0132578	-0.0138087	-0.0114066	-0.00972064	-0.00646412	-0.00345187	-0.00163066	0.0026289	0.00545903	0.00768567	0.0100413	0.0103922	0.0100655	
0.00199165	0.00212882	0.00336401	0.0036213	0.00337223	0.00375498	0.00219235	0.001409	-0.00086045	-0.00408798	-0.00911634	-0.0119172	-0.0144867	-0.0146922	-0.0122149	-0.00965079	-0.00677701	-0.00340617	-0.000490845	0.00242381	0.00549637	0.00736268	0.00944115	0.00995528	0.00973596	
0.00247835	0.00242814	0.00372036	0.00361201	0.00392968	0.00310613	0.00196054	0.000498677	-0.00113063	-0.00515308	-0.00902131	-0.0128575	-0.0147463	-0.0150855	-0.01249	-0.00990657	-0.00645812	-0.0027134	2.72029e-05	0.00334032	0.00617638	0.00754493	0.00911718	0.00973448	0.00964122	
