-0.0199331	-0.0200719	-0.015715	-0.00672091	0.0104545	0.0342167	0.0671282	0.107835	0.154851	0.204238	0.248428	0.279167	0.286787	0.263921	0.208356	0.127054	0.029548	-0.0637839	-0.143438	-0.197857	-0.22721	-0.233072	-0.21951	-0.188627	-0.144555	
-0.0231141	-0.0216926	-0.017839	-0.00912264	0.00624627	0.0290312	0.0601438	0.0999659	0.146181	0.195299	0.240901	0.27412	0.28507	0.266791	0.21529	0.137044	0.0410334	-0.0540505	-0.136332	-0.195101	-0.226437	-0.236876	-0.223929	-0.196466	-0.153624	
-0.0284939	-0.027788	-0.0227303	-0.0150907	0.00144727	0.0223544	0.0538541	0.0934453	0.139423	0.190722	0.237935	0.274804	0.290192	0.275728	0.229217	0.153993	0.0597206	-0.0365106	-0.122039	-0.184228	-0.220509	-0.233239	-0.224632	-0.199695	-0.159167	
-0.0285161	-0.0271217	-0.0222261	-0.0133951	0.00133684	0.0219793	0.0521039	0.0898659	0.13596	0.186591	0.235172	0.274822	0.292614	0.283068	0.239755	0.167975	0.0750214	-0.0218637	-0.110434	-0.176657	-0.216354	-0.234197	-0.22786	-0.206631	-0.168116	
-0.0259142	-0.0232474	-0.0167017	-0.00989346	0.00562231	0.0235694	0.0520916	0.0886182	0.132015	0.182909	0.230545	0.271247	0.291923	0.284926	0.245907	0.176189	0.0854978	-0.0131341	-0.10303	-0.173484	-0.218022	-0.239203	-0.236721	-0.218913	-0.182484	
-0.0227952	-0.0210997	-0.0168173	-0.0103649	0.00155928	0.0178932	0.0442241	0.0781695	0.121933	0.171822	0.22072	0.263849	0.287539	0.285407	0.251131	0.185398	0.0965201	-0.000531769	-0.0927113	-0.16543	-0.213677	-0.238601	-0.239474	-0.224074	-0.190355	
-0.0239998	-0.0232617	-0.019521	-0.0154451	-0.00368644	0.0106823	0.0356969	0.0691751	0.111686	0.162443	0.212435	0.258307	0.285403	0.288648	0.259304	0.197808	0.113175	0.0155539	-0.0761136	-0.152298	-0.204399	-0.233101	-0.236987	-0.225764	-0.193898	
-0.0249959	-0.0240196	-0.0207481	-0.016022	-0.00542006	0.00934082	0.0335005	0.0657978	0.107273	0.157278	0.207913	0.254909	0.286103	0.292527	0.269507	0.212394	0.130662	0.0347741	-0.0593838	-0.138916	-0.195295	-0.227149	-0.23607	-0.226521	-0.197673	
-0.0257622	-0.0230707	-0.0190359	-0.0133155	-0.00254948	0.0123257	0.0360097	0.0662104	0.106673	0.15391	0.20386	0.251511	0.283407	0.295143	0.275642	0.223601	0.146037	0.0502087	-0.0455782	-0.128415	-0.189331	-0.225421	-0.237099	-0.231866	-0.206201	
-0.0245299	-0.022752	-0.0189754	-0.014001	-0.00393485	0.0105489	0.0322354	0.0623717	0.0999023	0.146414	0.195463	0.242914	0.279331	0.294162	0.281717	0.235546	0.162694	0.0686351	-0.0270649	-0.113717	-0.178314	-0.217149	-0.234161	-0.231112	-0.20911	
-0.0248294	-0.0229616	-0.0199939	-0.0132296	-0.00488504	0.00961824	0.0304748	0.0578271	0.0955169	0.138441	0.187537	0.235493	0.27407	0.29437	0.287806	0.248127	0.180306	0.0902849	-0.00626483	-0.0932926	-0.161841	-0.205135	-0.225842	-0.226385	-0.208943	
-0.02609	-0.0240617	-0.0198358	-0.0132308	-0.0037623	0.0106866	0.0303446	0.0580628	0.0932589	0.135764	0.184072	0.23228	0.273573	0.298802	0.297554	0.26513	0.202979	0.115483	0.0215704	-0.0684029	-0.141085	-0.18825	-0.214653	-0.218892	-0.204657	
-0.0247512	-0.0213615	-0.0167089	-0.00734395	0.00125145	0.0170021	0.0354739	0.0616659	0.0957523	0.135863	0.183971	0.231075	0.275659	0.303073	0.308847	0.282566	0.225796	0.144297	0.0504356	-0.0404937	-0.116415	-0.16885	-0.200289	-0.207794	-0.198396	
-0.0221999	-0.0183349	-0.0129129	-0.00364992	0.00641735	0.0217983	0.0407812	0.0658416	0.0996736	0.138825	0.186753	0.23526	0.280218	0.313442	0.323077	0.305163	0.25542	0.178874	0.0872753	-0.00422671	-0.0848564	-0.14162	-0.178172	-0.190634	-0.185755	
-0.012955	-0.00903375	-0.0037249	0.00570174	0.014904	0.0306047	0.0471339	0.0721694	0.102992	0.14195	0.189423	0.237548	0.286356	0.321926	0.338797	0.328654	0.2857	0.2158	0.127759	0.0349135	-0.0469257	-0.108528	-0.149704	-0.165771	-0.165251	
-0.00265963	0.00292219	0.00953692	0.0198319	0.0303263	0.0451878	0.0624604	0.0848682	0.115366	0.15213	0.198553	0.24752	0.297225	0.337225	0.359716	0.356155	0.320263	0.257307	0.171256	0.0803635	-0.0050286	-0.0716811	-0.117064	-0.138232	-0.142791	
0.0107985	0.0171302	0.0249159	0.0347175	0.0464133	0.0613723	0.078789	0.102198	0.13118	0.168252	0.213234	0.263428	0.314602	0.360016	0.387117	0.391907	0.363074	0.306055	0.224964	0.133491	0.0458925	-0.0255043	-0.0762356	-0.102992	-0.112126	
0.0308438	0.0383656	0.0466445	0.0563114	0.0676906	0.0820528	0.0991551	0.122115	0.149567	0.185551	0.228768	0.278335	0.331814	0.37862	0.412619	0.422714	0.401684	0.351793	0.274749	0.184572	0.0962578	0.0187436	-0.0362948	-0.0700279	-0.0844127	
0.0578976	0.0657275	0.0745301	0.0821886	0.0937397	0.104638	0.121332	0.140809	0.166407	0.199817	0.239791	0.289519	0.340689	0.390949	0.427552	0.444055	0.430909	0.387737	0.315679	0.22821	0.136763	0.0555796	-0.00548686	-0.0453903	-0.0646811	
0.0837977	0.0914725	0.0999316	0.107368	0.117106	0.12691	0.140005	0.157587	0.179074	0.210195	0.24733	0.294757	0.34528	0.395729	0.435733	0.457798	0.452132	0.415485	0.350011	0.262848	0.171504	0.0846416	0.0187407	-0.0283929	-0.0520737	
0.104893	0.110633	0.117817	0.122811	0.131822	0.13835	0.150122	0.164142	0.183432	0.212042	0.246553	0.291868	0.341123	0.390623	0.434649	0.459927	0.462445	0.432507	0.37256	0.288728	0.195576	0.104455	0.0320829	-0.0219858	-0.0515514	
0.126556	0.129451	0.132909	0.135119	0.139298	0.1423	0.149517	0.158326	0.173843	0.19692	0.227333	0.268637	0.313498	0.363113	0.406871	0.437081	0.445623	0.422808	0.369466	0.289736	0.195909	0.102604	0.0239392	-0.0357342	-0.0717437	
0.139549	0.139123	0.138025	0.136223	0.134625	0.133577	0.134268	0.138415	0.147817	0.165019	0.190666	0.225482	0.267903	0.314292	0.359637	0.392552	0.407442	0.391012	0.345624	0.270027	0.179036	0.0835572	0.000920332	-0.0659916	-0.107671	
0.134265	0.129157	0.123573	0.117241	0.111578	0.105946	0.103197	0.102532	0.108681	0.12098	0.142795	0.173227	0.21322	0.257931	0.304704	0.340692	0.361089	0.352343	0.313688	0.245792	0.15666	0.0629351	-0.026068	-0.0968562	-0.145822	
0.113764	0.104868	0.0942964	0.0865438	0.0750186	0.0680631	0.0608191	0.0572841	0.0612584	0.0687661	0.0883642	0.114733	0.151868	0.196686	0.242314	0.283247	0.307654	0.307664	0.277102	0.21753	0.133334	0.0406183	-0.0511891	-0.126373	-0.181205	
0.0852083	0.0738659	0.0612478	0.0493609	0.0357269	0.0249165	0.0141028	0.00876633	0.00836569	0.0138006	0.0296325	0.0521478	0.0876864	0.129833	0.176495	0.220145	0.250546	0.258937	0.239137	0.188324	0.11135	0.0212631	-0.0717362	-0.150358	-0.209744	
0.0491098	0.0364202	0.0224964	0.00933446	-0.0058105	-0.0182066	-0.0297932	-0.0365982	-0.0379375	-0.0338205	-0.0202212	0.000732265	0.0341323	0.0750094	0.121939	0.168741	0.203612	0.222205	0.210956	0.171347	0.101738	0.0164508	-0.0772796	-0.156797	-0.223185	
0.00888937	-0.002426	-0.0158288	-0.0277512	-0.0425266	-0.0535613	-0.0645785	-0.0705	-0.0715027	-0.067394	-0.0544792	-0.0335809	-0.00260997	0.0389559	0.0846137	0.134485	0.173643	0.199888	0.198117	0.168501	0.108503	0.0271533	-0.0624033	-0.146616	-0.217252	
-0.0277874	-0.0358436	-0.0443273	-0.0563156	-0.0653952	-0.076474	-0.0850085	-0.0890052	-0.0920126	-0.0854084	-0.0753496	-0.054423	-0.0248281	0.0142396	0.0606281	0.110019	0.153962	0.184727	0.19329	0.171932	0.122389	0.047558	-0.0390588	-0.125294	-0.199364	
-0.0543586	-0.0606061	-0.0673495	-0.0761421	-0.0836204	-0.0922109	-0.0981202	-0.101643	-0.102772	-0.0961526	-0.0861634	-0.0651481	-0.0368631	0.000697791	0.0474074	0.0964937	0.143803	0.180637	0.196571	0.185808	0.146497	0.0786985	-0.0034897	-0.0900901	-0.168627	
-0.071326	-0.0752502	-0.0799834	-0.0864224	-0.0917558	-0.0984083	-0.101834	-0.104841	-0.103951	-0.098226	-0.0878399	-0.0674987	-0.0418665	-0.00455966	0.0398799	0.0889828	0.139782	0.180065	0.205051	0.20408	0.175055	0.115458	0.0399262	-0.0487483	-0.128579	
-0.0811673	-0.082547	-0.0834759	-0.0884261	-0.089707	-0.0944002	-0.0950592	-0.0953594	-0.0939088	-0.0868485	-0.0769028	-0.0585803	-0.0340339	-0.000764023	0.0420469	0.0890248	0.141147	0.183585	0.21666	0.2234	0.204441	0.155263	0.0832641	-0.00226297	-0.0844207	
-0.0826651	-0.0814573	-0.0815022	-0.081221	-0.0831164	-0.0832113	-0.0822103	-0.0813215	-0.0762773	-0.0708672	-0.0587527	-0.0432392	-0.0193535	0.0104892	0.0511156	0.0963458	0.14713	0.193873	0.230249	0.246993	0.237131	0.197794	0.132268	0.0511555	-0.0336612	
-0.0800786	-0.0759099	-0.0738151	-0.0704216	-0.0703008	-0.067692	-0.0647547	-0.0628975	-0.0556261	-0.05147	-0.038463	-0.0246275	-0.00355258	0.0255619	0.0607217	0.105351	0.153724	0.202347	0.242521	0.268002	0.266156	0.23789	0.180059	0.102518	0.0176587	
-0.0691185	-0.0654903	-0.0627679	-0.0603371	-0.0584888	-0.0549808	-0.0521365	-0.0471732	-0.041744	-0.0349737	-0.0235818	-0.0106921	0.00901324	0.0349389	0.0664359	0.10934	0.154349	0.204353	0.248303	0.279523	0.287224	0.269692	0.218685	0.148469	0.0635072	
-0.0516671	-0.0482234	-0.0465069	-0.0434908	-0.0431453	-0.0391628	-0.038127	-0.0333591	-0.0301917	-0.023965	-0.0156482	-0.00525092	0.0117445	0.0322642	0.0613974	0.0990975	0.140961	0.19136	0.235654	0.272633	0.289547	0.279891	0.240416	0.176702	0.0938656	
-0.0405828	-0.0366492	-0.0340818	-0.0319252	-0.0298723	-0.0277718	-0.0260579	-0.0233943	-0.0212755	-0.0164571	-0.0118711	-0.0026487	0.00879215	0.026847	0.0510347	0.0830084	0.122534	0.168715	0.213937	0.254355	0.27756	0.276575	0.248599	0.190969	0.113766	
-0.0359376	-0.0350875	-0.0339636	-0.035289	-0.0330891	-0.0332421	-0.0320569	-0.0293858	-0.0287884	-0.0228274	-0.020183	-0.0108415	-0.00109566	0.015457	0.0370305	0.0654814	0.103569	0.146064	0.19426	0.235773	0.266533	0.275078	0.257285	0.209976	0.140039	
-0.0380344	-0.0402458	-0.0419037	-0.0442906	-0.0443567	-0.0452088	-0.0448828	-0.0432422	-0.0422359	-0.0373295	-0.0339641	-0.0261605	-0.0152833	-0.0023455	0.0195196	0.0436107	0.0808195	0.121352	0.170325	0.214244	0.252631	0.269664	0.264317	0.228088	0.167114	
-0.0422081	-0.0457254	-0.0489028	-0.051376	-0.0524515	-0.0544995	-0.0528436	-0.0546371	-0.0503613	-0.049498	-0.0441131	-0.0383758	-0.0291048	-0.0172696	0.00112693	0.0233169	0.0575949	0.0966797	0.144016	0.191843	0.233662	0.260851	0.266091	0.241883	0.190992	
-0.0446207	-0.0477076	-0.0511686	-0.052836	-0.0552433	-0.0566464	-0.0561693	-0.0584631	-0.0540605	-0.055457	-0.0494965	-0.0458145	-0.0390774	-0.0265326	-0.0143547	0.0101157	0.0379984	0.0775569	0.122626	0.172767	0.217343	0.254257	0.268283	0.257756	0.218449	
-0.0526248	-0.0537007	-0.0550472	-0.0547791	-0.0559716	-0.0543466	-0.055321	-0.0531074	-0.0520339	-0.0500625	-0.0461948	-0.0430473	-0.036652	-0.0270147	-0.016291	0.00601721	0.0294547	0.0675669	0.110282	0.159432	0.208113	0.249959	0.274295	0.275477	0.249568	
-0.0592889	-0.0592328	-0.0580983	-0.0577759	-0.055679	-0.0537177	-0.0530672	-0.0485435	-0.0490917	-0.0434075	-0.0424874	-0.0379916	-0.0320687	-0.0261956	-0.013033	0.00240395	0.0265241	0.0598745	0.100596	0.148226	0.199051	0.244807	0.278942	0.292214	0.279153	
-0.0580581	-0.0582017	-0.0574627	-0.0564399	-0.054807	-0.0529165	-0.0510231	-0.0481215	-0.0467067	-0.0425417	-0.0414338	-0.0370221	-0.0327381	-0.0272801	-0.0152397	-0.00318918	0.0202482	0.0494082	0.0872811	0.134114	0.18454	0.235146	0.277225	0.302902	0.302524	
-0.054538	-0.0545879	-0.0548976	-0.0523001	-0.0521328	-0.0490222	-0.0469424	-0.0450513	-0.041271	-0.0400416	-0.0367731	-0.0344352	-0.0314415	-0.025698	-0.0183212	-0.00666613	0.0122579	0.0374945	0.0723182	0.115878	0.165737	0.218486	0.267042	0.301224	0.31578	
-0.047474	-0.0469472	-0.046113	-0.0455776	-0.0436198	-0.0430266	-0.0405446	-0.0400953	-0.0374293	-0.0373926	-0.0354229	-0.0349003	-0.033449	-0.029381	-0.0251244	-0.0153214	-0.000132234	0.0205683	0.0532637	0.0914379	0.140809	0.193602	0.246153	0.288604	0.316941	
-0.0384844	-0.0388905	-0.0380771	-0.0404056	-0.0383097	-0.0406816	-0.0391037	-0.0400781	-0.0398054	-0.0398279	-0.0403679	-0.0403471	-0.0399206	-0.0377102	-0.0341192	-0.0262678	-0.0139108	0.00498192	0.0333669	0.0689946	0.115935	0.16871	0.223658	0.275842	0.312863	
-0.0366001	-0.0375174	-0.0383164	-0.03866	-0.0398883	-0.0398757	-0.0409161	-0.0408277	-0.041634	-0.0416984	-0.0424552	-0.0429561	-0.042338	-0.0412851	-0.0379174	-0.0310717	-0.0218493	-0.00266033	0.0194389	0.0551107	0.0976265	0.149545	0.207268	0.26485	0.309377	
-0.0428356	-0.0422741	-0.0427272	-0.0403588	-0.042224	-0.0396372	-0.0412604	-0.0398631	-0.0404806	-0.0403857	-0.0405689	-0.0410981	-0.0403036	-0.0394208	-0.0361105	-0.0306859	-0.0218833	-0.00556342	0.0143103	0.0470786	0.0860598	0.136386	0.195169	0.254314	0.308658	
-0.0492865	-0.0485418	-0.047914	-0.0473543	-0.046403	-0.0457338	-0.044793	-0.043859	-0.0429478	-0.0418719	-0.0412319	-0.0400963	-0.0390882	-0.0368124	-0.0331937	-0.0287347	-0.0182521	-0.00690326	0.0148203	0.041582	0.0789755	0.127179	0.18381	0.245482	0.307503	
