0.019737	0.0199397	0.0192715	0.0195438	0.0204277	0.0205943	0.0190662	0.0175709	0.0183429	0.0188341	0.0160415	0.0130378	0.0132973	0.0125505	0.011106	0.0109372	0.010961	0.0119376	0.0138553	0.0162199	0.016978	0.0191277	0.0207727	0.0247511	0.0267985	
0.0170281	0.0201067	0.0205038	0.0214538	0.0237086	0.0244839	0.0245546	0.0236901	0.0250322	0.0258977	0.0226709	0.0195165	0.0199012	0.0200312	0.0178046	0.0176329	0.0170184	0.0174866	0.0190894	0.0207651	0.0212774	0.0226367	0.024881	0.0282696	0.0311726	
0.0174573	0.0204208	0.0207034	0.0227821	0.0257606	0.0285682	0.0290934	0.0287369	0.0295683	0.0308638	0.0281877	0.0249903	0.0259901	0.0252639	0.023235	0.0226368	0.0218625	0.0215347	0.0222215	0.0238857	0.0230952	0.025107	0.0266222	0.0305922	0.0331178	
0.0196761	0.0222615	0.0230252	0.02588	0.0294454	0.0327428	0.0338843	0.0337946	0.0345626	0.0364264	0.034006	0.0318939	0.0326383	0.0317242	0.0291631	0.0284339	0.0270969	0.0252551	0.0257274	0.0260284	0.0256105	0.0267601	0.0285158	0.0306328	0.0333719	
0.0231999	0.0250065	0.0264242	0.0292897	0.0326145	0.0354804	0.0374171	0.0377492	0.0393275	0.0408801	0.0393965	0.0379419	0.0392931	0.03806	0.035129	0.0343658	0.0318847	0.0298267	0.0289782	0.0291653	0.0279167	0.0293116	0.0300285	0.0312255	0.0339371	
0.0265189	0.0281446	0.0293442	0.0326406	0.0344126	0.0385987	0.0392552	0.0420592	0.0425493	0.0462021	0.0438385	0.0441472	0.0445906	0.0439346	0.0404248	0.0393689	0.0368031	0.0339116	0.0332765	0.0323419	0.0309061	0.0322083	0.0324132	0.0339036	0.0352523	
0.0303402	0.0316132	0.0324519	0.0338978	0.0360847	0.0381127	0.0400946	0.0412479	0.0441803	0.04636	0.0464268	0.0450848	0.0469256	0.0452657	0.0425778	0.0407966	0.038314	0.035414	0.0347118	0.0334374	0.0309676	0.0313985	0.0317678	0.0321322	0.0335358	
0.0312037	0.0325249	0.0329677	0.0342568	0.0353457	0.0373435	0.0385649	0.0407177	0.0425459	0.0458555	0.0457921	0.0458965	0.0467303	0.045809	0.0425292	0.041299	0.0385885	0.0358203	0.0348348	0.0333593	0.0300416	0.0294008	0.0293761	0.029608	0.0300296	
0.0276505	0.0290175	0.0298262	0.0311722	0.0320976	0.0333645	0.0348516	0.0364582	0.037474	0.0405255	0.0415087	0.0418862	0.0425632	0.0411321	0.0383335	0.0372357	0.0352582	0.0313399	0.0299894	0.0274922	0.0239297	0.0220073	0.0218241	0.0206045	0.0196342	
0.0200537	0.0205369	0.0209395	0.0222762	0.022979	0.0237303	0.0245885	0.025224	0.0249734	0.0272272	0.0280885	0.0278508	0.0284959	0.027116	0.0251499	0.0243476	0.0230248	0.0187033	0.0167604	0.0144145	0.0100606	0.00810501	0.00638169	0.00407264	0.00133448	
0.0107674	0.00969456	0.00879895	0.00937615	0.00943694	0.00941909	0.00942695	0.0092673	0.00793519	0.00888027	0.00811639	0.00717455	0.00751537	0.00730161	0.00517374	0.00474507	0.00360029	-1.63607e-05	-0.0012539	-0.00367102	-0.0078727	-0.0114517	-0.0132263	-0.0179986	-0.0202706	
0.00253948	-4.33956e-06	-0.00222391	-0.00280062	-0.00439307	-0.00510031	-0.00583279	-0.0057154	-0.00849464	-0.00855476	-0.0110037	-0.0122743	-0.0126994	-0.0128892	-0.0153276	-0.01619	-0.016735	-0.0196537	-0.0197676	-0.0223692	-0.0277433	-0.0315656	-0.0351767	-0.0400136	-0.0445988	
-0.00609314	-0.00947173	-0.0125319	-0.0145816	-0.0176219	-0.0189423	-0.0195056	-0.0199508	-0.0232653	-0.02438	-0.0258941	-0.0277206	-0.0288903	-0.0300635	-0.0316368	-0.0325105	-0.032348	-0.0346948	-0.0338487	-0.0363449	-0.0413816	-0.0458048	-0.0497589	-0.0559536	-0.0606191	
-0.0151742	-0.0183452	-0.0213803	-0.0239407	-0.0273068	-0.0288307	-0.029894	-0.0309556	-0.0340494	-0.0348343	-0.035203	-0.0368645	-0.0388237	-0.0395544	-0.0406731	-0.0411452	-0.0416856	-0.0431309	-0.0421637	-0.0434102	-0.0478045	-0.052042	-0.0560734	-0.0622439	-0.0667455	
-0.0226171	-0.0253474	-0.0280242	-0.0303245	-0.033611	-0.0360648	-0.0381413	-0.0389965	-0.0414732	-0.0420581	-0.0422595	-0.0426573	-0.0436169	-0.0433702	-0.0441051	-0.0449195	-0.044794	-0.0459307	-0.0441385	-0.045727	-0.0488199	-0.0528496	-0.055585	-0.0607532	-0.0648309	
-0.0284697	-0.0303727	-0.0313734	-0.0328123	-0.0353473	-0.0386198	-0.0397398	-0.0403774	-0.0417919	-0.0439214	-0.0426248	-0.0421407	-0.0409671	-0.0409903	-0.0406808	-0.0411446	-0.0397272	-0.0401594	-0.0392355	-0.0404345	-0.0426847	-0.0444852	-0.0461863	-0.0495012	-0.0530724	
-0.0318016	-0.0323868	-0.0315078	-0.031258	-0.0336712	-0.0353752	-0.0359394	-0.0349864	-0.0373337	-0.0383259	-0.0366458	-0.0343927	-0.0340658	-0.0327194	-0.0317696	-0.030302	-0.029035	-0.0286904	-0.0282936	-0.0289472	-0.0291883	-0.0304669	-0.030178	-0.033939	-0.0358801	
-0.0335181	-0.0323583	-0.0294097	-0.0285954	-0.0285251	-0.0295535	-0.0273575	-0.0268864	-0.0271789	-0.0279774	-0.0245619	-0.0234242	-0.0226171	-0.0212492	-0.0183294	-0.0174283	-0.0154063	-0.0148009	-0.0131035	-0.0127553	-0.0119879	-0.0124423	-0.0121062	-0.0138125	-0.0149666	
-0.0331441	-0.0312015	-0.0277385	-0.0256022	-0.0247223	-0.0238209	-0.0215588	-0.0190486	-0.0188369	-0.0183063	-0.0158463	-0.013943	-0.0136194	-0.0115698	-0.00941405	-0.00826025	-0.00599929	-0.00337329	-0.00113794	0.000798756	0.00217093	0.00282499	0.00431614	0.00454983	0.00441444	
-0.0316083	-0.0293802	-0.0253259	-0.0223081	-0.0208307	-0.0196716	-0.0165721	-0.0130334	-0.0121032	-0.0124923	-0.00990333	-0.00748522	-0.00714766	-0.00633701	-0.00445293	-0.00312	-1.1169e-05	0.0030973	0.0054471	0.00804073	0.0109514	0.0122707	0.0159254	0.0162246	0.0180576	
-0.030853	-0.0283256	-0.0231414	-0.0198385	-0.0174951	-0.0163662	-0.0115891	-0.00832268	-0.00716611	-0.00826095	-0.00505332	-0.00246588	-0.003013	-0.00265385	-0.000423657	0.00106982	0.00388272	0.00645294	0.00833046	0.0118942	0.0156896	0.0184749	0.0211646	0.0241859	0.0262856	
-0.029647	-0.0273153	-0.022379	-0.0187913	-0.0172348	-0.0146529	-0.0105852	-0.00707944	-0.00679498	-0.00718086	-0.00465661	-0.00282243	-0.00379052	-0.00300782	-0.000659204	-0.000368397	0.00165185	0.00389584	0.00525716	0.00831128	0.0122786	0.0145374	0.0179492	0.0216346	0.0257084	
-0.0299898	-0.0283313	-0.0240081	-0.021743	-0.0198963	-0.0178501	-0.0138557	-0.0118423	-0.0106494	-0.0120707	-0.0104243	-0.00959996	-0.0101482	-0.00913587	-0.00791823	-0.00781034	-0.00631824	-0.00329572	-0.00321836	-0.00095501	0.00240701	0.00509824	0.00897351	0.0135702	0.0175702	
-0.0299542	-0.029073	-0.0260199	-0.0247502	-0.0237005	-0.0224689	-0.0201459	-0.0185676	-0.0177501	-0.020012	-0.0194323	-0.0186897	-0.0193292	-0.0198832	-0.018895	-0.0192184	-0.0176822	-0.0156684	-0.0159411	-0.015063	-0.0116966	-0.00879907	-0.00588387	-0.00143512	0.00183833	
-0.0276717	-0.0281065	-0.0266931	-0.0272167	-0.027674	-0.028791	-0.0283671	-0.0282518	-0.0282332	-0.0315749	-0.0312321	-0.0308265	-0.032537	-0.0341031	-0.0331975	-0.0335809	-0.0337462	-0.031745	-0.0321964	-0.0316992	-0.0288573	-0.0262764	-0.0248445	-0.0213954	-0.0187841	
-0.0246887	-0.0260565	-0.0260332	-0.0278482	-0.0301221	-0.0327387	-0.034499	-0.0359264	-0.0374081	-0.0410955	-0.0417104	-0.0419125	-0.0447174	-0.0462883	-0.0462143	-0.0467937	-0.0483826	-0.0454628	-0.0462972	-0.0456978	-0.0430648	-0.0411357	-0.0402625	-0.037707	-0.0350562	
-0.0199685	-0.0218327	-0.0229544	-0.0260781	-0.0292941	-0.0333525	-0.0364522	-0.0401596	-0.0426657	-0.0469541	-0.0485895	-0.0502245	-0.0525767	-0.0554696	-0.0551564	-0.0570641	-0.0572013	-0.0556389	-0.0559076	-0.0560294	-0.0533876	-0.0513723	-0.0518824	-0.0489445	-0.0486656	
-0.0140646	-0.0163775	-0.0184199	-0.0218909	-0.0255831	-0.0296317	-0.0341596	-0.0391645	-0.0429911	-0.0470057	-0.0508882	-0.0528168	-0.056115	-0.058202	-0.0597405	-0.0597498	-0.061089	-0.0589288	-0.0602585	-0.0595737	-0.0575012	-0.0558794	-0.0564344	-0.055015	-0.0552179	
-0.00945634	-0.0116238	-0.0140984	-0.0167653	-0.019943	-0.022827	-0.0277853	-0.0328096	-0.0368321	-0.0407205	-0.0456709	-0.0487381	-0.0514255	-0.0541219	-0.0553249	-0.0554847	-0.0558585	-0.0542686	-0.0546105	-0.0537272	-0.0517876	-0.0502277	-0.0508939	-0.0499113	-0.0493963	
-0.00399089	-0.00591151	-0.00838998	-0.0104563	-0.0119846	-0.0139399	-0.0177296	-0.0221624	-0.0253361	-0.0285695	-0.0334823	-0.0367056	-0.0391464	-0.0418104	-0.0431519	-0.0433283	-0.0430395	-0.0421241	-0.0416545	-0.0411651	-0.0394217	-0.0376725	-0.0387393	-0.0371787	-0.0384066	
0.000895881	-0.000480086	-0.00278165	-0.00299347	-0.00358365	-0.00304542	-0.00615148	-0.00806364	-0.0108248	-0.011641	-0.0159034	-0.0181463	-0.0205389	-0.0220825	-0.0239572	-0.0234296	-0.0239608	-0.0229447	-0.0226029	-0.0216954	-0.0202846	-0.0188302	-0.018515	-0.0178951	-0.0188955	
0.00537811	0.00433305	0.00249317	0.00234826	0.00355704	0.00428735	0.00387734	0.00252437	0.00265547	0.00303995	0.00155767	-0.000528434	-0.000837161	-0.00156463	-0.00249481	-0.00216292	-0.00214551	-0.00184046	-0.00103593	-0.000468127	0.000655682	0.00253211	0.00305645	0.00361548	0.00241847	
0.00894008	0.00886352	0.00756221	0.00887454	0.0105677	0.0134614	0.0137557	0.0150095	0.01647	0.0198208	0.0196769	0.0193455	0.0209736	0.0211484	0.0205853	0.0207917	0.0211693	0.0201865	0.0204089	0.0203834	0.0211533	0.022579	0.0231991	0.0229544	0.0225966	
0.00947677	0.00985054	0.00888147	0.010608	0.0132221	0.0167851	0.0182102	0.0207016	0.0237089	0.0291127	0.0302126	0.0321427	0.0352883	0.0367995	0.0366161	0.037972	0.0382093	0.0362861	0.0363533	0.0363477	0.0363317	0.0368989	0.0373807	0.0374487	0.0368753	
0.00733204	0.0075634	0.0067416	0.00783745	0.0117986	0.0148194	0.0180461	0.0201018	0.0253687	0.0306325	0.033749	0.0360418	0.0408651	0.0431413	0.0438157	0.0460334	0.0459356	0.04411	0.0441616	0.0439781	0.0429369	0.0431835	0.0442962	0.0430139	0.0428581	
0.00384962	0.00386544	0.00226505	0.00434189	0.00717279	0.0120833	0.0136791	0.0180861	0.0221027	0.0292715	0.0318681	0.0350554	0.0399699	0.042733	0.0445315	0.0461533	0.0475737	0.0451854	0.046272	0.0454544	0.0443567	0.045	0.045536	0.0434725	0.0438103	
0.00147627	0.000574467	-0.00133692	-0.000499759	0.00289112	0.00628033	0.00872583	0.012241	0.0168693	0.0236253	0.0264726	0.0297234	0.0334945	0.037999	0.0392482	0.0421246	0.0434523	0.0422173	0.0438076	0.0439731	0.0433915	0.043434	0.0435504	0.0419466	0.0420127	
0.000923486	-0.000302458	-0.00235646	-0.00183723	0.00139255	0.00391342	0.00683149	0.00965784	0.0146935	0.0201152	0.0241969	0.0257335	0.0300243	0.034279	0.0365231	0.0386799	0.0407144	0.0405433	0.0429425	0.0444872	0.0439826	0.0436764	0.0451586	0.0427903	0.0434492	
0.00280672	0.00183741	-0.000239643	0.000301043	0.00256829	0.00473162	0.00696731	0.0100118	0.0138162	0.0189723	0.0225798	0.0239602	0.0274509	0.031895	0.0341851	0.035789	0.0386539	0.0390008	0.0420822	0.0440492	0.0442266	0.0443897	0.0459396	0.0443602	0.0441085	
0.00622016	0.00517593	0.00330619	0.00256444	0.00419295	0.00439572	0.00640885	0.0078654	0.0112508	0.0140745	0.0178391	0.0184837	0.0212697	0.025226	0.0275852	0.0297786	0.0323494	0.0339712	0.0368717	0.0403168	0.0415589	0.0417241	0.0436177	0.0431147	0.0440544	
0.0118346	0.010587	0.00845825	0.00637671	0.00615284	0.00464724	0.00481338	0.0049238	0.00643896	0.00682325	0.00970881	0.00989656	0.0116431	0.0143058	0.0176392	0.0190544	0.0217177	0.0238393	0.0274696	0.0313258	0.033001	0.0332214	0.0358282	0.036689	0.0384823	
0.0182446	0.0168941	0.0150446	0.0115943	0.00989796	0.00640922	0.00521896	0.00340831	0.00317134	0.000747194	0.00219846	0.00231832	0.00214176	0.00419699	0.00674667	0.00828023	0.00991014	0.0138295	0.0166836	0.0205469	0.0222281	0.0234932	0.0257608	0.0278065	0.0297004	
0.0245226	0.0232193	0.0214634	0.0178596	0.0137755	0.0100056	0.00673356	0.00446852	0.00155605	-0.00248676	-0.00294001	-0.00298019	-0.00436234	-0.00394029	-0.00144698	-0.00053147	0.00106521	0.00522425	0.00713902	0.0103975	0.0123616	0.014154	0.014908	0.0174915	0.0199667	
0.0276379	0.0276004	0.0275669	0.0246795	0.0200738	0.0166336	0.0131462	0.0108516	0.00613623	0.00163271	-0.00107867	-0.000574103	-0.00405858	-0.00433931	-0.0032643	-0.00282924	-0.00227118	0.000814023	0.00248532	0.00387449	0.00630026	0.00652151	0.00722319	0.0100192	0.0121086	
0.0271264	0.0281664	0.030509	0.0283229	0.0246576	0.0211074	0.0195452	0.0160425	0.0124263	0.00590792	0.00399028	0.00238963	-0.000457596	-0.00301217	-0.00243565	-0.00342759	-0.00393173	-0.00140494	-0.0013529	-0.000835188	0.000256871	0.00075752	0.000402199	0.00254411	0.00437198	
0.0252947	0.0268195	0.0303598	0.0296075	0.0260089	0.0238002	0.0227796	0.020237	0.016366	0.0103491	0.00767945	0.00549829	0.00210267	-0.00156369	-0.00259001	-0.00485753	-0.00651222	-0.00541729	-0.00735676	-0.00826542	-0.00809088	-0.00766162	-0.00993944	-0.00840189	-0.00694881	
0.0222327	0.0241579	0.0282741	0.0291991	0.026082	0.0255486	0.0249134	0.0242649	0.0200095	0.0158551	0.0116439	0.0100847	0.00518633	0.00167232	-0.00176678	-0.00433555	-0.00789034	-0.00839872	-0.0118759	-0.0141294	-0.0146513	-0.0160409	-0.0183446	-0.0166864	-0.0158248	
0.020588	0.0224208	0.0261823	0.0281163	0.0257623	0.0261761	0.0260361	0.0265487	0.0232936	0.019963	0.0160927	0.0136325	0.00975251	0.00448722	0.00127793	-0.0034605	-0.00701457	-0.0101791	-0.0144998	-0.0185476	-0.0205616	-0.0226171	-0.0259712	-0.024814	-0.0251216	
0.0187706	0.0209153	0.0246001	0.0272011	0.0269236	0.0277875	0.0287188	0.0300076	0.0281841	0.026192	0.0222053	0.020491	0.0162674	0.0115759	0.00697364	0.00227702	-0.00221972	-0.00719442	-0.0122195	-0.0184587	-0.0207406	-0.024043	-0.0276946	-0.0283438	-0.029204	
0.016964	0.0192103	0.0225818	0.0257445	0.0272364	0.0286959	0.0303222	0.0318247	0.0316327	0.0303045	0.0273321	0.0254711	0.0222772	0.0179245	0.0129212	0.0091472	0.00338473	-0.00213319	-0.00843366	-0.0142802	-0.0188221	-0.0227698	-0.0265243	-0.0278554	-0.0296517	
