0.00461113	0.00195802	0.00143608	0.00217581	0.00200326	-0.0001402	-0.00145313	-0.00114064	-0.00140848	-0.00199693	-0.00227401	-0.00169106	-0.00291682	-0.00177781	-0.000562717	0.000112787	0.00178858	0.00266301	0.00399688	0.00354073	0.00452356	0.00519959	0.00396114	0.0041414	0.00468786	
0.00338091	0.000321584	-0.000782712	0.000587797	-0.000414717	-0.00201502	-0.00358184	-0.00346504	-0.00427119	-0.00514492	-0.00541646	-0.00533093	-0.0063633	-0.00540911	-0.00427541	-0.00328664	-0.00149248	-0.000578637	0.000807385	0.000835999	0.00217893	0.00337179	0.00270729	0.00304336	0.00389995	
0.00193859	-0.00100073	-0.00213947	-0.00103486	-0.00100906	-0.00259892	-0.00429828	-0.00409121	-0.00469919	-0.0061848	-0.00595743	-0.00624201	-0.00731464	-0.00638202	-0.00594718	-0.00511041	-0.00390166	-0.00304241	-0.00201686	-0.00175891	-0.000129251	0.00144714	0.00112558	0.00167841	0.00278612	
0.00208096	-0.00151794	-0.00274825	-0.0013698	-0.00131721	-0.00320615	-0.00488168	-0.00482019	-0.00609797	-0.00677767	-0.00719841	-0.00755294	-0.00777429	-0.00748955	-0.00679037	-0.00592574	-0.00476616	-0.00356786	-0.0023549	-0.00197166	-9.14056e-05	0.00193319	0.00120535	0.00244374	0.00292899	
0.00110159	-0.00273343	-0.00324902	-0.00171928	-0.00180051	-0.00290745	-0.00458688	-0.00474284	-0.00478436	-0.00587615	-0.00634103	-0.00549002	-0.00740556	-0.00617783	-0.00625434	-0.00623532	-0.00470428	-0.00447219	-0.00324943	-0.00287988	-0.00101392	0.000862756	0.000739885	0.00167819	0.0028741	
-0.000316082	-0.0025783	-0.00359712	-0.00180386	-0.00200665	-0.0028957	-0.00454716	-0.00398233	-0.00434244	-0.00549	-0.00489379	-0.00571036	-0.00639836	-0.0064507	-0.00652351	-0.00612897	-0.00567905	-0.0045879	-0.00413053	-0.00358122	-0.00142036	0.000431522	0.000448688	0.00170479	0.00288284	
-0.00190842	-0.00473598	-0.00507514	-0.00372748	-0.00399936	-0.00476069	-0.00545327	-0.00499354	-0.00521296	-0.00530314	-0.00519611	-0.00488688	-0.00614518	-0.00613555	-0.00586356	-0.00641221	-0.00494283	-0.00508739	-0.0044245	-0.00374246	-0.00263036	0.000386487	-0.000261884	0.00132871	0.00222359	
-0.00317436	-0.00542159	-0.00609266	-0.00513646	-0.00540809	-0.00609719	-0.00658964	-0.00641156	-0.00640773	-0.0070825	-0.00604026	-0.00645941	-0.00700165	-0.00723676	-0.00739786	-0.00680268	-0.00666319	-0.00550425	-0.00551275	-0.00486797	-0.00285896	-0.000583858	-0.000476459	0.000605956	0.00157828	
-0.00313378	-0.00582425	-0.00677768	-0.00575008	-0.00614242	-0.00692982	-0.00749105	-0.0072727	-0.00766571	-0.00771037	-0.00709609	-0.00671027	-0.0077127	-0.00819175	-0.00794424	-0.00836821	-0.00724888	-0.00698347	-0.00729776	-0.00632966	-0.00496137	-0.00221864	-0.00243238	-0.0017418	-0.00122317	
-0.00183604	-0.00460193	-0.00522131	-0.0041824	-0.00442088	-0.00524431	-0.0059003	-0.00584314	-0.00636968	-0.00719877	-0.0058282	-0.00619509	-0.00737961	-0.00775113	-0.00912148	-0.00888772	-0.00878343	-0.00858392	-0.00916525	-0.00913147	-0.00732546	-0.00547362	-0.00544559	-0.00530561	-0.00423495	
-0.00104992	-0.00319553	-0.00479702	-0.00274883	-0.00367406	-0.00424089	-0.00460419	-0.0048791	-0.00539787	-0.00580604	-0.00488319	-0.00458381	-0.00530889	-0.00692958	-0.00665507	-0.00805813	-0.00761879	-0.00726282	-0.00898963	-0.00851367	-0.00788469	-0.00631182	-0.00782403	-0.00745692	-0.00730511	
-0.00178844	-0.00395099	-0.00423852	-0.00372079	-0.00324788	-0.00435459	-0.00384384	-0.00363978	-0.00433895	-0.00394431	-0.0025014	-0.0021035	-0.00273819	-0.00360452	-0.0042706	-0.0053411	-0.00532895	-0.00587226	-0.00775996	-0.0078971	-0.00808232	-0.0072909	-0.00885162	-0.0095362	-0.00870409	
-0.00160161	-0.0033864	-0.00460395	-0.00368963	-0.00423781	-0.00458629	-0.00422983	-0.00411143	-0.00434761	-0.00421205	-0.00224634	-0.00157399	-0.00169734	-0.00257544	-0.00250401	-0.00335633	-0.00344343	-0.003207	-0.00558032	-0.00617571	-0.00631696	-0.00651201	-0.00872201	-0.00920497	-0.00941155	
-0.00118547	-0.00237598	-0.00363072	-0.00288041	-0.00337312	-0.00353707	-0.00279235	-0.00286125	-0.00304007	-0.00314149	-0.00100396	-0.000774352	-0.000584735	-0.00155668	-0.00216127	-0.00295306	-0.00323848	-0.00358186	-0.00636801	-0.0069995	-0.00793506	-0.00799348	-0.00961593	-0.0106497	-0.0100762	
-4.16149e-05	-0.00149064	-0.00215127	-0.00190741	-0.0020315	-0.00268693	-0.00163244	-0.0018892	-0.00275692	-0.00249002	-0.00127564	-0.00104351	-0.000813957	-0.00195713	-0.00243152	-0.00324211	-0.00349101	-0.00375788	-0.00685055	-0.00784484	-0.00849145	-0.00863774	-0.0101287	-0.0107292	-0.0106852	
-0.00135181	-0.00219068	-0.00267998	-0.00221065	-0.00260013	-0.00278028	-0.00210671	-0.00253972	-0.0031117	-0.00310504	-0.00170832	-0.0011638	-0.00099007	-0.00167617	-0.00187738	-0.00291198	-0.00252298	-0.00293931	-0.00619793	-0.00707468	-0.00808574	-0.00806296	-0.00968792	-0.0107678	-0.0111804	
-0.00232438	-0.00268777	-0.00309886	-0.00204707	-0.00267143	-0.00281513	-0.00198304	-0.00265271	-0.00376607	-0.00375007	-0.00227947	-0.00236518	-0.00134942	-0.00209603	-0.00228614	-0.00257537	-0.00256501	-0.00270513	-0.00590412	-0.00697007	-0.00759844	-0.00788185	-0.00959346	-0.0106264	-0.0113888	
-0.00212629	-0.00244226	-0.00217913	-0.00150944	-0.00181912	-0.00195463	-0.000962417	-0.00221764	-0.00330028	-0.00390512	-0.00304921	-0.00289293	-0.00268542	-0.00293503	-0.00348853	-0.00389012	-0.00338831	-0.00394931	-0.00673561	-0.00728103	-0.00816283	-0.00879254	-0.0102779	-0.0116743	-0.0119726	
-0.00249311	-0.00168727	-0.00159041	-0.000507827	-0.000974237	-0.000768053	0.000286533	-0.00115685	-0.00270464	-0.00339447	-0.00325838	-0.00369814	-0.00266165	-0.00399069	-0.0038652	-0.00462664	-0.00452925	-0.00450558	-0.00745986	-0.00748993	-0.00854623	-0.00954206	-0.0113177	-0.0121874	-0.0127179	
-0.00277882	-0.00249882	-0.00154619	-0.0012839	-0.000805777	-0.000648014	0.00070489	-0.000444488	-0.00236491	-0.00310645	-0.00333872	-0.00382108	-0.00315037	-0.00360619	-0.00459112	-0.004593	-0.00425464	-0.00461537	-0.00631931	-0.00691249	-0.00789087	-0.0093781	-0.011032	-0.0121382	-0.0126736	
-0.00450401	-0.00346147	-0.00319719	-0.00223986	-0.00253175	-0.00145111	-0.000235426	-0.00148982	-0.0027324	-0.00376834	-0.00346696	-0.00403506	-0.00270368	-0.00362112	-0.00414294	-0.00388946	-0.00344252	-0.00296884	-0.0053269	-0.00561141	-0.0068176	-0.00865179	-0.0100135	-0.0116533	-0.0125157	
-0.00452243	-0.00359982	-0.00297294	-0.00274642	-0.00260082	-0.00200256	-0.000475508	-0.00194932	-0.00376291	-0.00375056	-0.00427704	-0.00411454	-0.00312716	-0.00406156	-0.00436783	-0.00427737	-0.00302984	-0.00317544	-0.00524584	-0.00556505	-0.00683753	-0.0081893	-0.00950924	-0.0112231	-0.0123182	
-0.00446723	-0.00292005	-0.00182753	-0.00291062	-0.00214692	-0.00154872	-0.000411022	-0.00151793	-0.00344114	-0.00356872	-0.00358736	-0.00410537	-0.00313862	-0.00418617	-0.0052601	-0.00447915	-0.00441372	-0.00457152	-0.00655258	-0.00737305	-0.00757884	-0.00940426	-0.010117	-0.0114325	-0.0123809	
-0.00481909	-0.00319919	-0.00323622	-0.00322098	-0.00407202	-0.00244621	-0.0014532	-0.00281318	-0.00383726	-0.00370318	-0.00371967	-0.00358452	-0.00281961	-0.00390791	-0.00431425	-0.00480672	-0.0043027	-0.00536212	-0.00744042	-0.0073867	-0.00856987	-0.00980685	-0.0103447	-0.0116432	-0.0122149	
-0.00452498	-0.00318317	-0.00277343	-0.00510112	-0.00480969	-0.00471715	-0.00334585	-0.00479289	-0.00590339	-0.00551455	-0.00538285	-0.00490636	-0.00394512	-0.00394914	-0.0048962	-0.00405791	-0.0042632	-0.00474067	-0.00583421	-0.00631205	-0.0065417	-0.00858582	-0.00829248	-0.00981262	-0.0103052	
-0.00502779	-0.00345403	-0.00357853	-0.0055881	-0.0062696	-0.00504447	-0.00411164	-0.00453679	-0.0053565	-0.00434904	-0.00427931	-0.00340189	-0.00204335	-0.00292826	-0.00322937	-0.00343038	-0.00367452	-0.00446699	-0.00580954	-0.00646659	-0.00748626	-0.00944715	-0.00926195	-0.0101256	-0.0107108	
-0.00334771	-0.00127413	-0.00147401	-0.00385813	-0.00452282	-0.00367293	-0.00254898	-0.00364259	-0.00396735	-0.00389468	-0.00389996	-0.00303507	-0.00278412	-0.00324924	-0.00442994	-0.00428827	-0.00433122	-0.00537259	-0.00618348	-0.00723294	-0.00842445	-0.0100993	-0.00938871	-0.00990584	-0.0100449	
-0.00347492	-0.00158845	-0.00144903	-0.00440486	-0.00452465	-0.00367723	-0.00285516	-0.0032672	-0.00403941	-0.003364	-0.00337329	-0.00296227	-0.00244056	-0.00369326	-0.00491592	-0.0044034	-0.0049387	-0.00567618	-0.0063768	-0.00748904	-0.00825226	-0.00979866	-0.00828563	-0.00862149	-0.00845801	
-0.00552475	-0.0039364	-0.00437856	-0.00661652	-0.00689254	-0.00543757	-0.00479763	-0.00554696	-0.00550028	-0.00472111	-0.0049474	-0.00345585	-0.00345523	-0.00393086	-0.0042528	-0.00369897	-0.00335861	-0.00418246	-0.00417623	-0.00500179	-0.00555537	-0.00675843	-0.0055998	-0.00579168	-0.00633583	
-0.00606947	-0.00446193	-0.00446949	-0.0068884	-0.00643715	-0.00510868	-0.00503189	-0.00556464	-0.00591312	-0.00554416	-0.00557645	-0.0051016	-0.00469279	-0.00510597	-0.00549718	-0.00429701	-0.00438739	-0.00495368	-0.00403659	-0.00455476	-0.00448363	-0.0051219	-0.00399728	-0.00375983	-0.00443543	
-0.00479141	-0.00345896	-0.00348462	-0.00536234	-0.00508561	-0.00353011	-0.00370299	-0.00424784	-0.00481626	-0.00499505	-0.00596655	-0.00555811	-0.00609176	-0.00627723	-0.00700604	-0.00684033	-0.00672425	-0.0079994	-0.00656524	-0.00620563	-0.00620361	-0.00609079	-0.00398679	-0.00366705	-0.0032004	
-0.00378398	-0.00223125	-0.00257678	-0.00464171	-0.00493133	-0.00364281	-0.00385784	-0.00509943	-0.00534501	-0.00646724	-0.00794309	-0.00762396	-0.00805413	-0.00828177	-0.00869588	-0.0078323	-0.00842589	-0.00825428	-0.00609995	-0.00568466	-0.0042418	-0.00431094	-0.0022323	-0.000808878	-0.00103584	
-0.00439249	-0.00349787	-0.00322541	-0.00560364	-0.00570388	-0.00438459	-0.0051871	-0.00491676	-0.00594294	-0.00666859	-0.0077859	-0.00786192	-0.00819663	-0.00801819	-0.00863398	-0.00802046	-0.00740699	-0.00809663	-0.00499942	-0.00379771	-0.00321811	-0.00186457	-8.38673e-05	0.00127598	0.00146365	
-0.00550852	-0.0041461	-0.00441713	-0.00592521	-0.00640858	-0.00522774	-0.0055883	-0.00600232	-0.00574886	-0.00693601	-0.00815891	-0.00777246	-0.00864045	-0.00851042	-0.00855459	-0.00777449	-0.00724782	-0.00660758	-0.00386244	-0.00232001	-0.00110385	4.70227e-06	0.00212178	0.00359968	0.00356289	
-0.0046892	-0.00434352	-0.00400423	-0.00536929	-0.00619162	-0.00548616	-0.00667561	-0.0066832	-0.00690915	-0.0077961	-0.00893364	-0.00926903	-0.0100168	-0.00988243	-0.0100992	-0.00841754	-0.00794257	-0.00681677	-0.00314088	-0.00177737	0.000116853	0.00168647	0.00379679	0.0057375	0.00590645	
-0.0046151	-0.00435156	-0.00400604	-0.00556028	-0.00614407	-0.00638234	-0.00810922	-0.00772528	-0.00812177	-0.00894448	-0.0102056	-0.0103047	-0.0113025	-0.0108259	-0.0100214	-0.00913829	-0.00741439	-0.00655233	-0.00273735	-0.000620156	0.000479443	0.00319903	0.0045114	0.00684195	0.00690321	
-0.003735	-0.00342739	-0.0035124	-0.00394772	-0.00550994	-0.00576991	-0.00757719	-0.00767672	-0.00766694	-0.00929279	-0.0103171	-0.0109851	-0.0115122	-0.011091	-0.0103501	-0.0089892	-0.00832314	-0.00624507	-0.00280734	-0.000593626	0.00107674	0.00312587	0.00482079	0.00661014	0.00705637	
-0.00252211	-0.00327654	-0.00290306	-0.00393334	-0.0050643	-0.00620744	-0.0078388	-0.00787669	-0.00841878	-0.00996162	-0.0112432	-0.0114081	-0.011864	-0.0102118	-0.00933567	-0.00798644	-0.00671684	-0.00494884	-0.000814137	0.00101605	0.00255434	0.0047102	0.00535242	0.00699156	0.00711305	
-0.00370003	-0.00388866	-0.00428514	-0.00459213	-0.00565329	-0.00649784	-0.00809119	-0.00764316	-0.00814779	-0.00959662	-0.0105025	-0.0108136	-0.0102204	-0.00892576	-0.00630248	-0.00568618	-0.00412958	-0.00166979	0.00128245	0.00346006	0.00396658	0.00586878	0.00555448	0.00677596	0.00654218	
-0.00417472	-0.00518454	-0.00561001	-0.00502731	-0.00624805	-0.00740953	-0.0086552	-0.00843731	-0.00823776	-0.00979386	-0.00963006	-0.00998122	-0.00939125	-0.00644051	-0.00438212	-0.00246116	-0.00119927	0.00133105	0.00395144	0.00519095	0.00554623	0.00623135	0.00589529	0.00546515	0.00561339	
-0.00421426	-0.00498959	-0.00504631	-0.00444902	-0.00496833	-0.007235	-0.00786881	-0.00802479	-0.0075909	-0.00812573	-0.00886082	-0.00874753	-0.00811791	-0.00595866	-0.00257602	-0.00166961	-0.000358326	0.00205829	0.00367758	0.00444829	0.00440224	0.00525797	0.00391323	0.00449365	0.00426771	
-0.00437963	-0.00492352	-0.00547914	-0.00395888	-0.00488924	-0.00701846	-0.00846515	-0.00744262	-0.00713621	-0.00758281	-0.00703883	-0.00804216	-0.00677418	-0.00439901	-0.00136729	-0.000404272	0.000614961	0.00300799	0.00361537	0.0043341	0.00382607	0.00398346	0.00329632	0.0026619	0.003697	
-0.00499099	-0.00577249	-0.00605408	-0.00460227	-0.00524948	-0.00809751	-0.00820905	-0.00808906	-0.00656232	-0.00656518	-0.00620804	-0.00592868	-0.00485622	-0.0018084	0.00120152	0.00205115	0.00306082	0.00529582	0.00556603	0.00559462	0.00477922	0.00434715	0.00274625	0.00191744	0.00233437	
-0.00606713	-0.00631416	-0.00650782	-0.00445398	-0.00418083	-0.0066221	-0.00609176	-0.00497507	-0.00381217	-0.00296248	-0.00251097	-0.00257423	-0.000717261	0.001164	0.00380335	0.00369621	0.00370951	0.00563039	0.00474608	0.0042741	0.00319906	0.00230051	0.000561274	-0.000146021	0.000328169	
-0.00660183	-0.00717011	-0.00740896	-0.00507145	-0.0044626	-0.00597977	-0.00563927	-0.00383831	-0.00242534	-0.00178884	-0.000531569	-0.000460009	0.00111956	0.00348034	0.00517375	0.00456942	0.00453757	0.0057044	0.00430665	0.00386736	0.00267814	0.00141917	0.000156991	-0.00171312	-0.000819927	
-0.00735315	-0.00808928	-0.00792647	-0.00541418	-0.00427051	-0.00581058	-0.004027	-0.00315198	-0.00114303	0.000146304	0.000541919	0.00118464	0.00265349	0.00402064	0.00559598	0.00452208	0.0039991	0.00490282	0.0032855	0.00277191	0.00198301	0.00114084	-0.000587848	-0.00169104	-0.00152733	
-0.00898807	-0.00948068	-0.00916149	-0.00628437	-0.0047039	-0.00562326	-0.00393885	-0.00164427	0.000154683	0.00187636	0.00332079	0.00319393	0.00473168	0.00588783	0.00623545	0.00529093	0.00410471	0.00447525	0.00246516	0.00155629	0.00113529	-0.000382103	-0.00159541	-0.00338431	-0.00295475	
-0.00861913	-0.00858744	-0.00736448	-0.00469245	-0.00330748	-0.00339682	-0.00177189	0.000206577	0.00235097	0.00403526	0.00463808	0.00488799	0.0053589	0.00551064	0.00579763	0.00376097	0.00322855	0.00276114	0.000722433	0.000253601	-0.000646936	-0.00167558	-0.00290946	-0.00439924	-0.00380834	
-0.00949622	-0.00911729	-0.00771404	-0.00487739	-0.0030166	-0.00304536	-0.000271185	0.00168696	0.00391397	0.00601504	0.00691911	0.00666112	0.00703279	0.00674424	0.00536295	0.00425552	0.00245703	0.00181485	-7.96317e-05	-0.00167644	-0.00176324	-0.00349952	-0.00443255	-0.00525073	-0.00472738	
-0.0102205	-0.00930013	-0.00751454	-0.00533315	-0.00361546	-0.00253641	-0.000461946	0.00182653	0.00377631	0.00598641	0.00683235	0.00706346	0.00722319	0.00662282	0.0056316	0.00413157	0.00347344	0.00221275	0.000415265	-0.00070882	-0.0014199	-0.00289846	-0.00376338	-0.00469565	-0.00431608	
