4.76113e-10	2.74087e-11	3.65829e-12	4.48113e-13	5.03578e-14	5.20048e-15	4.94703e-16	4.34588e-17	3.53459e-18	2.66801e-19	1.87338e-20	1.22633e-21	7.49926e-23	4.29245e-24	2.30388e-25	1.16152e-26	5.50943e-28	2.46243e-29	1.03853e-30	4.13872e-32	1.56048e-33	5.57338e-35	1.88777e-36	6.0704e-38	1.85513e-39	
5.19489e-10	7.84565e-11	1.09407e-11	1.4003e-12	1.64419e-13	1.77394e-14	1.76279e-15	1.61749e-16	1.37392e-17	1.08298e-18	7.94015e-20	5.42674e-21	3.46459e-22	2.07021e-23	1.15991e-24	6.10429e-26	3.0224e-27	1.41007e-28	6.20777e-30	2.58242e-31	1.01643e-32	3.78982e-34	1.34014e-35	4.49937e-37	1.43573e-38	
4.14444e-09	6.75063e-10	9.97641e-11	1.34232e-11	1.64981e-12	1.85817e-13	1.92373e-14	1.83598e-15	1.61975e-16	1.32437e-17	1.00603e-18	7.11622e-20	4.69742e-21	2.89948e-22	1.67671e-23	9.10025e-25	4.64339e-26	2.23097e-27	1.01083e-28	4.32516e-30	1.75002e-31	6.70422e-33	2.43464e-34	8.39055e-36	2.74713e-37	
3.23607e-08	5.54238e-09	8.5941e-10	1.21079e-10	1.55526e-11	1.8275e-12	1.97069e-13	1.95614e-14	1.79246e-15	1.52032e-16	1.19662e-17	8.76087e-19	5.97971e-20	3.81298e-21	2.27592e-22	1.27398e-23	6.69935e-25	3.315e-26	1.5459e-27	6.80395e-29	2.83019e-30	1.11406e-31	4.15499e-33	1.46995e-34	4.93838e-36	
2.29841e-07	4.15014e-08	6.76814e-09	1.00059e-09	1.34587e-10	1.65284e-11	1.8595e-12	1.92254e-13	1.83219e-14	1.614e-15	1.31772e-16	9.99562e-18	7.06104e-19	4.65531e-20	2.87036e-21	1.65831e-22	8.9933e-24	4.58598e-25	2.2024e-26	9.9762e-28	4.26825e-29	1.72716e-30	6.61847e-32	2.40461e-33	8.29241e-35	
1.47736e-06	2.82133e-07	4.85271e-08	7.54708e-09	1.06538e-09	1.37016e-10	1.61108e-11	1.73777e-12	1.7249e-13	1.58022e-14	1.33986e-15	1.05417e-16	7.71488e-18	5.26381e-19	3.35543e-20	2.00235e-21	1.12069e-22	5.89314e-24	2.91637e-25	1.36033e-26	5.98949e-28	2.49272e-29	9.81885e-31	3.66509e-32	1.29792e-33	
8.55269e-06	1.73362e-06	3.15486e-07	5.17594e-08	7.68714e-09	1.03758e-09	1.2776e-10	1.4402e-11	1.49126e-12	1.4228e-13	1.25447e-14	1.0249e-15	7.77896e-17	5.49801e-18	3.6266e-19	2.2372e-20	1.29321e-21	7.01748e-23	3.58085e-24	1.721e-25	7.80231e-27	3.34141e-28	1.35359e-29	5.19325e-31	1.88934e-32	
4.43645e-05	9.58365e-06	1.85176e-06	3.2148e-07	5.03686e-08	7.15235e-09	9.2421e-10	1.09087e-10	1.18031e-11	1.17458e-12	1.07837e-13	9.16012e-15	7.2185e-16	5.29039e-17	3.61437e-18	2.30689e-19	1.37832e-20	7.72371e-22	4.06658e-23	2.01505e-24	9.41181e-26	4.14987e-27	1.7297e-28	6.82422e-30	2.55161e-31	
0.000205072	4.7428e-05	9.76873e-06	1.80078e-06	2.98537e-07	4.47154e-08	6.07758e-09	7.52651e-10	8.52507e-11	8.86298e-12	8.48526e-13	7.50374e-14	6.14674e-15	4.67637e-16	3.31231e-17	2.18928e-18	1.35313e-19	7.83622e-21	4.26001e-22	2.17773e-23	1.04856e-24	4.76264e-26	2.04356e-27	8.29469e-29	3.18892e-30	
0.000839936	0.000209048	4.61021e-05	9.05831e-06	1.5942e-06	2.52586e-07	3.62006e-08	4.71399e-09	5.60032e-10	6.09309e-11	6.09241e-12	5.61664e-13	4.78855e-14	3.78598e-15	2.78304e-16	1.90663e-17	1.22008e-18	7.30777e-20	4.10486e-21	2.16628e-22	1.0759e-23	5.03685e-25	2.226e-26	9.29993e-28	3.67788e-29	
0.00303086	0.000816468	0.000193736	4.07428e-05	7.63927e-06	1.28428e-06	1.94606e-07	2.67085e-08	3.33486e-09	3.8039e-10	3.9787e-11	3.82935e-12	3.40227e-13	2.79869e-14	2.13732e-15	1.51918e-16	1.00737e-17	6.24537e-19	3.62741e-20	1.97754e-21	1.01371e-22	4.89422e-24	2.22897e-25	9.58983e-27	3.90301e-28	
0.00958327	0.0028119	0.000721736	0.000163187	3.27228e-05	5.85621e-06	9.40848e-07	1.36422e-07	1.79407e-08	2.14944e-09	2.35567e-10	2.37044e-11	2.19765e-12	1.88308e-13	1.4956e-14	1.10398e-15	7.59244e-17	4.87606e-18	2.93054e-19	1.65151e-20	8.74317e-22	4.35575e-23	2.04533e-24	9.06634e-26	3.79913e-27	
0.0264317	0.00850385	0.00237433	0.000579916	0.000124859	2.38677e-05	4.0773e-06	6.26167e-07	8.69174e-08	1.09583e-08	1.26046e-09	1.32804e-10	1.28645e-11	1.14956e-12	9.50538e-14	7.2935e-15	5.20676e-16	3.46667e-17	2.15746e-18	1.25765e-19	6.88031e-21	3.53889e-22	1.71423e-23	7.83252e-25	3.38068e-26	
0.0634174	0.0225196	0.00687817	0.00182336	0.000423204	8.67005e-05	1.57937e-05	2.57524e-06	3.78106e-07	5.02574e-08	6.07685e-09	6.71348e-10	6.80343e-11	6.34725e-12	5.46953e-13	4.36647e-14	3.23839e-15	2.23694e-16	1.44255e-17	8.70369e-19	4.92328e-20	2.6158e-21	1.30772e-22	6.1617e-24	2.74051e-25	
0.132403	0.0521894	0.0175269	0.00506508	0.00127205	0.000280173	5.45695e-05	9.46869e-06	1.47338e-06	2.0682e-07	2.63275e-08	3.05372e-09	3.24123e-10	3.16032e-11	2.84067e-12	2.36142e-13	1.8208e-14	1.30575e-15	8.73062e-17	5.45524e-18	3.1922e-19	1.7528e-20	9.04763e-22	4.3979e-23	2.01632e-24	
0.241701	0.106135	0.0393421	0.0124382	0.00339041	0.000804961	0.000168011	3.1083e-05	5.13453e-06	7.62234e-07	1.02279e-07	1.24691e-08	1.38751e-09	1.41512e-10	1.32783e-11	1.15017e-12	9.22594e-14	6.87262e-15	4.7669e-16	3.08603e-17	1.86888e-18	1.06091e-19	5.65623e-21	2.83726e-22	1.34129e-23	
0.389802	0.190707	0.0781545	0.0270863	0.00802935	0.00205861	0.000461162	9.10894e-05	1.59921e-05	2.51331e-06	3.55805e-07	4.56273e-08	5.3265e-09	5.68588e-10	5.57232e-11	5.03192e-12	4.20074e-13	3.25177e-14	2.34052e-15	1.57039e-16	9.84505e-18	5.77941e-19	3.18328e-20	1.64817e-21	8.03556e-23	
0.564163	0.306166	0.138528	0.0526247	0.0169717	0.00470137	0.001131	0.000238636	4.45489e-05	7.415e-06	1.10791e-06	1.49493e-07	1.83137e-08	2.04662e-09	2.09537e-10	1.97296e-11	1.71446e-12	1.37933e-13	1.03038e-14	7.16592e-16	4.65109e-17	2.82375e-18	1.60692e-19	8.58821e-21	4.3185e-22	
0.746795	0.445606	0.221563	0.0920223	0.0322387	0.00963963	0.00248863	0.000560614	0.000111237	1.96022e-05	3.09024e-06	4.38629e-07	5.63752e-08	6.59421e-09	7.05157e-10	6.92189e-11	6.26004e-12	5.2335e-13	4.05687e-14	2.92404e-15	1.96461e-16	1.23338e-17	7.25076e-19	3.9996e-20	2.07399e-21	
0.921674	0.597504	0.324019	0.146409	0.0555259	0.0178744	0.00494196	0.00118658	0.000249886	4.65632e-05	7.7367e-06	1.15407e-06	1.55485e-07	1.90213e-08	2.12304e-09	2.1712e-10	2.04239e-11	1.77335e-12	1.42575e-13	1.0645e-14	7.40046e-16	4.80223e-17	2.91528e-18	1.65911e-19	8.86898e-21	
1.07865	0.749808	0.439276	0.214465	0.0875945	0.0302326	0.00892132	0.00227652	0.000507568	9.97918e-05	1.7442e-05	2.72961e-06	3.849e-07	4.91778e-08	5.72175e-09	6.08929e-10	5.95153e-11	5.36159e-12	4.46678e-13	3.45174e-14	2.48098e-15	1.66284e-16	1.04167e-17	6.11224e-19	3.36613e-20	
1.21316	0.892949	0.559348	0.292688	0.127905	0.0470767	0.014759	0.0039867	0.000937781	0.000193936	3.55588e-05	5.82366e-06	8.57545e-07	1.14197e-07	1.38243e-08	1.52837e-09	1.5496e-10	1.44629e-11	1.24684e-12	9.95959e-14	7.39229e-15	5.11161e-16	3.30081e-17	1.99495e-18	1.13079e-19	
1.32418	1.02079	0.676755	0.376266	0.174645	0.0681157	0.0225627	0.00642009	0.00158634	0.00034372	6.58779e-05	1.12547e-05	1.72556e-06	2.38856e-07	3.00103e-08	3.43879e-09	3.60915e-10	3.48295e-11	3.10139e-12	2.55635e-13	1.95616e-14	1.39338e-15	9.26166e-17	5.75767e-18	3.35473e-19	
1.41263	1.1302	0.785572	0.46008	0.225071	0.0923822	0.0321317	0.00957737	0.00247323	0.000558877	0.000111496	1.97931e-05	3.1484e-06	4.51507e-07	5.86966e-08	6.95117e-09	7.53192e-10	7.49677e-11	6.87894e-12	5.83798e-13	4.59613e-14	3.36586e-15	2.29861e-16	1.46725e-17	8.77301e-19	
1.48072	1.22028	0.881718	0.53945	0.275989	0.118365	0.0429444	0.0133273	0.00357674	0.000838557	0.000173302	3.18258e-05	5.23044e-06	7.74109e-07	1.03751e-07	1.26554e-08	1.4112e-09	1.44437e-10	1.36186e-11	1.18682e-12	9.58865e-14	7.20195e-15	5.04164e-16	3.29719e-17	2.01889e-18	
1.53151	1.29173	0.962804	0.610546	0.324194	0.144233	0.0542164	0.0174069	0.00482624	0.00116742	0.000248629	4.70026e-05	7.94429e-06	1.20814e-06	1.66252e-07	2.08063e-08	2.37885e-09	2.49492e-10	2.40915e-11	2.14906e-12	1.7764e-13	1.36445e-14	9.76386e-16	6.52475e-17	4.08076e-18	
1.56826	1.34622	1.02783	0.670523	0.366795	0.168072	0.0650085	0.0214532	0.00610721	0.00151529	0.000330731	6.4026e-05	1.10738e-05	1.72225e-06	2.42232e-07	3.09685e-08	3.61533e-09	3.86991e-10	3.81239e-11	3.46822e-12	2.9226e-13	2.28779e-14	1.66791e-15	1.13523e-16	7.22953e-18	
1.59347	1.38567	1.07676	0.717485	0.401414	0.188101	0.0743544	0.0250562	0.00727796	0.00184119	0.00040949	8.07333e-05	1.42139e-05	2.24928e-06	3.21771e-07	4.18263e-08	4.96309e-09	5.39821e-10	5.4022e-11	4.99105e-12	4.27032e-13	3.39322e-14	2.51061e-15	1.73384e-16	1.12014e-17	
1.60923	1.41165	1.10997	0.750303	0.426271	0.202841	0.0813859	0.0278227	0.00819415	0.00210086	0.000473339	9.45062e-05	1.68449e-05	2.69795e-06	3.90543e-07	5.13585e-08	6.16408e-09	6.78018e-10	6.86058e-11	6.40778e-12	5.54158e-13	4.45015e-14	3.32711e-15	2.32146e-16	1.51504e-17	
1.61729	1.42542	1.12791	0.76836	0.440184	0.211218	0.0854384	0.0294375	0.00873535	0.002256	0.000511899	0.000102912	1.84672e-05	2.9774e-06	4.33802e-07	5.74129e-08	6.93423e-09	7.67474e-10	7.81335e-11	7.34178e-12	6.38714e-13	5.15929e-14	3.87962e-15	2.72239e-16	1.78667e-17	
1.61863	1.42769	1.13089	0.77138	0.442524	0.212634	0.0861262	0.0297127	0.00882793	0.00228263	0.000518544	0.000104366	1.87489e-05	3.02609e-06	4.41369e-07	5.84759e-08	7.06997e-09	7.83302e-10	7.98258e-11	7.50832e-12	6.53849e-13	5.28671e-14	3.97926e-15	2.79496e-16	1.83602e-17	
1.6133	1.41858	1.11898	0.759324	0.433187	0.206987	0.0833836	0.0286158	0.00845909	0.00217658	0.000492105	9.85859e-05	1.76303e-05	2.83292e-06	4.11389e-07	5.42697e-08	6.53364e-09	7.2086e-10	7.31604e-11	6.85349e-12	5.94441e-13	4.78745e-14	3.58951e-15	2.5116e-16	1.64368e-17	
1.60082	1.39763	1.09194	0.732359	0.41259	0.19468	0.0774718	0.0262752	0.00767936	0.00195435	0.000437172	8.66756e-05	1.53438e-05	2.44109e-06	3.51043e-07	4.58665e-08	5.47003e-09	5.97922e-10	6.01296e-11	5.58213e-12	4.79876e-13	3.83099e-14	2.84762e-15	1.97556e-16	1.28204e-17	
1.57967	1.36376	1.04935	0.690948	0.381688	0.176601	0.0689515	0.0229601	0.0065929	0.00164945	0.000362913	7.08043e-05	1.2339e-05	1.93317e-06	2.73855e-07	3.52578e-08	4.1444e-09	4.46617e-10	4.4289e-11	4.05526e-12	3.4391e-13	2.709e-14	1.98719e-15	1.36077e-16	8.71772e-18	
1.54783	1.31551	0.990795	0.635992	0.342018	0.154079	0.0586206	0.0190397	0.00533766	0.00130489	0.000280758	5.36012e-05	9.14618e-06	1.4038e-06	1.94914e-07	2.46067e-08	2.83732e-09	3.00048e-10	2.92084e-11	2.62617e-12	2.18761e-13	1.69307e-14	1.22056e-15	8.21596e-17	5.17528e-18	
1.50299	1.25108	0.91608	0.569051	0.295724	0.12879	0.0474208	0.014925	0.00405962	0.000964036	0.000201692	3.74776e-05	6.22934e-06	9.32054e-07	1.26243e-07	1.55565e-08	1.75191e-09	1.81035e-10	1.72289e-11	1.5151e-12	1.23493e-13	9.35546e-15	6.60428e-16	4.35461e-17	2.68774e-18	
1.44223	1.16861	0.825752	0.492574	0.24551	0.10262	0.0363178	0.0110051	0.0028867	0.00066207	0.000133964	2.41044e-05	3.88396e-06	5.6392e-07	7.41859e-08	8.88643e-09	9.73545e-10	9.79356e-11	9.07923e-12	7.78232e-13	6.18619e-14	4.57285e-15	3.15136e-16	2.02941e-17	1.22388e-18	
1.36224	1.06693	0.721606	0.410006	0.194487	0.0774597	0.0261725	0.0075881	0.00190835	0.000420445	8.18646e-05	1.41968e-05	2.20783e-06	3.09787e-07	3.94297e-08	4.57453e-09	4.8586e-10	4.74261e-11	4.26976e-12	3.55688e-13	2.74976e-14	1.97812e-15	1.32747e-16	8.32919e-18	4.8968e-19	
1.26045	0.946226	0.607014	0.325717	0.145901	0.0549791	0.0176221	0.00485975	0.00116555	0.000245468	4.57849e-05	7.62062e-06	1.13944e-06	1.53953e-07	1.88956e-08	2.11667e-09	2.17318e-10	2.05279e-11	1.7902e-12	1.44588e-13	1.08465e-14	7.57734e-16	4.94164e-17	3.01528e-18	1.725e-19	
1.13534	0.808648	0.487167	0.244723	0.102735	0.0363852	0.0109982	0.00286991	0.000653317	0.000130964	2.331e-05	3.71068e-06	5.31714e-07	6.89748e-08	8.14131e-09	8.78341e-10	8.69704e-11	7.93274e-12	6.68768e-13	5.22703e-14	3.79819e-15	2.5725e-16	1.62787e-17	9.64532e-19	5.36202e-20	
0.98706	0.659048	0.368999	0.172069	0.0672276	0.0222472	0.00630977	0.00155109	0.000333845	6.348e-05	1.07484e-05	1.6319e-06	2.23537e-07	2.7777e-08	3.1464e-09	3.26311e-10	3.11061e-11	2.73527e-12	2.22587e-13	1.68122e-14	1.18182e-15	7.75107e-17	4.75386e-18	2.7323e-19	1.47455e-20	
0.818499	0.50562	0.260474	0.111906	0.0404544	0.0124498	0.00330013	0.000761682	0.000154553	2.78057e-05	4.46882e-06	6.45828e-07	8.44187e-08	1.00325e-08	1.08904e-09	1.08429e-10	9.9392e-12	8.41663e-13	6.6047e-14	4.81647e-15	3.27262e-16	2.07679e-17	1.23361e-18	6.87302e-20	3.59851e-21	
0.637357	0.359657	0.16902	0.0665112	0.0221525	0.00631931	0.0015615	0.000337654	6.44742e-05	1.09582e-05	1.66943e-06	2.29385e-07	2.85829e-08	3.24576e-09	3.37366e-10	3.22236e-11	2.83847e-12	2.31336e-13	1.7496e-14	1.23125e-15	8.08261e-17	4.9608e-18	2.8528e-19	1.54016e-20	7.82051e-22	
0.457476	0.233365	0.0994432	0.0357137	0.010934	0.0028866	0.000664132	0.000134426	2.41379e-05	3.87341e-06	5.59095e-07	7.30086e-08	8.66926e-09	9.40376e-10	9.35669e-11	8.5716e-12	7.25419e-13	5.68906e-14	4.14613e-15	2.81525e-16	1.78526e-17	1.05962e-18	5.89861e-20	3.08549e-21	1.51929e-22	
0.296779	0.135982	0.0523992	0.0171569	0.00482707	0.00117945	0.000252715	4.78926e-05	8.0891e-06	1.22588e-06	1.67691e-07	2.08157e-08	2.35592e-09	2.4416e-10	2.32601e-11	2.04405e-12	1.66228e-13	1.25462e-14	8.8121e-16	5.77398e-17	3.53742e-18	2.03062e-19	1.09434e-20	5.54681e-22	2.64875e-23	
0.170978	0.0702534	0.0244947	0.00732207	0.00189601	0.000429401	8.57973e-05	1.52418e-05	2.42403e-06	3.47252e-07	4.50536e-08	5.32011e-09	5.74293e-10	5.6898e-11	5.19254e-12	4.37936e-13	3.4237e-14	2.48789e-15	1.6847e-16	1.06557e-17	6.30892e-19	3.50359e-20	1.82839e-21	8.98215e-23	4.16059e-24	
0.0863771	0.0319073	0.0100986	0.00276468	0.000660772	0.000139053	2.59649e-05	4.33189e-06	6.49757e-07	8.81096e-08	1.08559e-08	1.22079e-09	1.2581e-10	1.19262e-11	1.04344e-12	8.45186e-14	6.35601e-15	4.44937e-16	2.90629e-17	1.7753e-18	1.01624e-19	5.46191e-21	2.76118e-22	1.31515e-23	5.91104e-25	
0.0380072	0.0126878	0.00366303	0.000922375	0.000204223	4.00583e-05	7.00883e-06	1.10066e-06	1.56009e-07	2.00599e-08	2.3506e-09	2.52062e-10	2.48287e-11	2.25433e-12	1.89265e-13	1.47358e-14	1.06681e-15	7.19911e-17	4.53883e-18	2.67917e-19	1.48356e-20	7.7207e-22	3.78266e-23	1.74753e-24	7.62419e-26	
0.0145416	0.00441559	0.00116945	0.00027215	5.60464e-05	1.0282e-05	1.69058e-06	2.50519e-07	3.36272e-08	4.1076e-09	4.58521e-10	4.69537e-11	4.42635e-12	3.85376e-13	3.10795e-14	2.3281e-15	1.6239e-16	1.05722e-17	6.43809e-19	3.67466e-20	1.96951e-21	9.92992e-23	4.71729e-24	2.1148e-25	8.95985e-27	
0.00484694	0.00134794	0.000329391	7.11882e-05	1.36921e-05	2.35745e-06	3.65337e-07	5.12156e-08	6.52478e-09	7.58613e-10	8.08067e-11	7.91395e-12	7.14956e-13	5.97606e-14	4.63457e-15	3.34336e-16	2.2489e-17	1.41363e-18	8.32107e-20	4.59551e-21	2.38551e-22	1.16588e-23	5.37321e-25	2.33866e-26	9.62629e-28	
