0.0828871	0.11115	0.157088	0.207397	0.254938	0.289498	0.300959	0.28564	0.24106	0.172037	0.0911485	0.0116443	-0.060043	-0.114093	-0.150903	-0.171617	-0.173266	-0.154005	-0.123584	-0.0863012	-0.0544798	-0.0376088	-0.0342857	-0.0386639	-0.0470226	
0.0838375	0.124659	0.172319	0.221936	0.265884	0.295344	0.298311	0.274144	0.221588	0.148751	0.0658699	-0.0104387	-0.0777074	-0.126653	-0.158109	-0.172401	-0.1692	-0.144452	-0.11088	-0.0751852	-0.0472462	-0.0342233	-0.0347381	-0.0409262	-0.0502261	
0.0908574	0.135141	0.185771	0.235133	0.275161	0.298329	0.294271	0.261464	0.201138	0.124597	0.0417722	-0.03166	-0.0940533	-0.138469	-0.16416	-0.172467	-0.164457	-0.13475	-0.0986014	-0.0640943	-0.0408602	-0.0308584	-0.0349338	-0.0424791	-0.0520888	
0.101219	0.148386	0.199454	0.246969	0.284782	0.302506	0.289482	0.248618	0.183091	0.10351	0.0190157	-0.0508946	-0.1081	-0.147774	-0.169477	-0.172045	-0.159372	-0.126477	-0.0877092	-0.056397	-0.0362846	-0.0316526	-0.037448	-0.0471168	-0.0566099	
0.110761	0.157687	0.210683	0.258116	0.290796	0.302088	0.283775	0.235107	0.162661	0.0807773	-0.00177569	-0.0696594	-0.122294	-0.15732	-0.173356	-0.170188	-0.153289	-0.116788	-0.0774181	-0.0466498	-0.0316786	-0.0289817	-0.0381553	-0.0483472	-0.0580289	
0.120685	0.170303	0.223413	0.268123	0.298162	0.303681	0.277403	0.222422	0.146043	0.0615087	-0.0214667	-0.086438	-0.13373	-0.164965	-0.176525	-0.168968	-0.146545	-0.109561	-0.068792	-0.0423109	-0.0296355	-0.0314701	-0.041434	-0.0535222	-0.0630323	
0.131356	0.18053	0.233426	0.277334	0.303116	0.302967	0.271261	0.208883	0.127414	0.0421254	-0.0385092	-0.101278	-0.144792	-0.171153	-0.179291	-0.1664	-0.140916	-0.100942	-0.0612841	-0.0360112	-0.0280856	-0.0319392	-0.043649	-0.0563148	-0.0659425	
0.13916	0.190182	0.243657	0.285234	0.307455	0.300819	0.263315	0.196378	0.111936	0.0242419	-0.0548019	-0.115423	-0.153717	-0.177264	-0.180706	-0.165244	-0.13455	-0.0949152	-0.0545625	-0.0327452	-0.0280247	-0.0351626	-0.0474222	-0.0602026	-0.0688765	
0.150226	0.201651	0.253002	0.29252	0.311166	0.300228	0.25745	0.18497	0.0973748	0.00993073	-0.0676135	-0.126356	-0.1617	-0.180946	-0.18153	-0.161961	-0.12848	-0.0883758	-0.0496261	-0.0304742	-0.0291311	-0.0391804	-0.0520033	-0.0646289	-0.0728075	
0.157363	0.209113	0.26061	0.298659	0.312953	0.295895	0.248284	0.172345	0.0825761	-0.00535912	-0.0807309	-0.136963	-0.169312	-0.184783	-0.182535	-0.159567	-0.12351	-0.0830102	-0.0464369	-0.0288826	-0.0305495	-0.041699	-0.0549526	-0.0671907	-0.0742582	
0.166354	0.219679	0.269872	0.304741	0.315923	0.294188	0.241993	0.161876	0.0713214	-0.0176033	-0.089791	-0.144494	-0.172397	-0.186555	-0.180321	-0.157075	-0.117389	-0.0788764	-0.0432732	-0.0292085	-0.0325741	-0.0453541	-0.0587657	-0.0709376	-0.0772937	
0.174667	0.227478	0.275687	0.309118	0.31589	0.290229	0.233538	0.1512	0.057742	-0.0286105	-0.0994295	-0.150185	-0.178212	-0.186711	-0.180234	-0.153024	-0.114268	-0.074382	-0.0422683	-0.029302	-0.034986	-0.0482759	-0.061041	-0.0726339	-0.0778968	
0.180612	0.234472	0.282395	0.313235	0.316706	0.286096	0.225299	0.140367	0.0486312	-0.0388634	-0.106256	-0.156352	-0.179614	-0.187845	-0.176881	-0.150239	-0.108697	-0.0713223	-0.0409916	-0.0305647	-0.0380021	-0.0512803	-0.0638935	-0.0740365	-0.0782825	
0.18887	0.243213	0.288709	0.316693	0.317138	0.282774	0.219282	0.132488	0.0385944	-0.0468264	-0.111395	-0.158194	-0.180972	-0.185502	-0.173643	-0.144571	-0.103772	-0.0666259	-0.0397384	-0.0313525	-0.0399627	-0.0544892	-0.0659969	-0.0759336	-0.0784925	
0.194171	0.247869	0.292391	0.318922	0.315509	0.278531	0.210482	0.122414	0.0290006	-0.0543262	-0.117732	-0.16205	-0.182325	-0.184296	-0.170943	-0.141193	-0.0995065	-0.0637978	-0.0394854	-0.0329452	-0.0425011	-0.0567184	-0.0680446	-0.0755442	-0.0771186	
0.202228	0.256554	0.298865	0.322126	0.316111	0.274729	0.205079	0.115796	0.0235901	-0.0601494	-0.11975	-0.161566	-0.179384	-0.180262	-0.16494	-0.134148	-0.0926413	-0.0578755	-0.0370873	-0.0320855	-0.0429183	-0.0576585	-0.0685089	-0.0757009	-0.0755022	
0.208932	0.262972	0.304189	0.325247	0.3152	0.271582	0.199625	0.109331	0.0159301	-0.0638337	-0.121573	-0.160988	-0.17852	-0.176327	-0.159393	-0.128694	-0.08682	-0.0539853	-0.0345055	-0.0325604	-0.0432213	-0.0588846	-0.0689033	-0.0746823	-0.0732434	
0.218725	0.271606	0.310503	0.329295	0.316982	0.270075	0.195455	0.104825	0.0138791	-0.0654525	-0.121701	-0.158231	-0.173563	-0.169696	-0.152257	-0.120109	-0.0791715	-0.046216	-0.0302359	-0.0287618	-0.0417495	-0.0569564	-0.0673065	-0.0721561	-0.0696131	
0.229277	0.283229	0.32119	0.33787	0.321825	0.272777	0.195667	0.105357	0.0137836	-0.0631038	-0.117467	-0.150483	-0.165712	-0.160205	-0.14107	-0.108335	-0.0675255	-0.0367349	-0.0215002	-0.023386	-0.0367488	-0.0538182	-0.0636949	-0.0682091	-0.065209	
0.246107	0.298007	0.335224	0.348741	0.330642	0.278481	0.20134	0.108353	0.0184705	-0.0573861	-0.109123	-0.14177	-0.154068	-0.147743	-0.127212	-0.0941535	-0.0544464	-0.0241878	-0.0123988	-0.015257	-0.0313835	-0.0480795	-0.0584378	-0.0624163	-0.0575895	
0.267616	0.319997	0.35516	0.366841	0.346092	0.292476	0.21118	0.119623	0.02984	-0.0436941	-0.095272	-0.123808	-0.135213	-0.127071	-0.105937	-0.071778	-0.032921	-0.00466293	0.0055367	-0.00013812	-0.016708	-0.0347268	-0.0458396	-0.0497066	-0.0461366	
0.298252	0.349898	0.383945	0.394964	0.371825	0.314447	0.232227	0.14084	0.050999	-0.0228488	-0.0711101	-0.0982995	-0.108283	-0.0996052	-0.0766901	-0.042861	-0.00579178	0.0210612	0.0278074	0.0204707	0.00157729	-0.0172159	-0.030326	-0.034953	-0.0310333	
0.336172	0.388439	0.421928	0.428207	0.404126	0.346753	0.262898	0.168822	0.0807085	0.00846184	-0.0394264	-0.0658574	-0.0732711	-0.0626102	-0.0385871	-0.00495765	0.032024	0.0573279	0.0617085	0.0516242	0.032033	0.0109876	-0.00331759	-0.00960669	-0.00633494	
0.385869	0.437581	0.468781	0.475903	0.449242	0.389773	0.303851	0.210764	0.121507	0.0493177	0.00304133	-0.0212698	-0.027762	-0.0162507	0.010443	0.0442531	0.0812034	0.10448	0.106094	0.0940526	0.071684	0.0499345	0.0320755	0.0249273	0.0255982	
0.441558	0.491695	0.523914	0.530355	0.501126	0.439486	0.352554	0.258977	0.169261	0.0989582	0.0520136	0.0296562	0.023291	0.0393844	0.0664533	0.101725	0.13833	0.160442	0.160428	0.144501	0.122276	0.0968126	0.0786125	0.0677745	0.0672781	
0.498046	0.547617	0.578067	0.582455	0.551551	0.489732	0.402934	0.30734	0.217488	0.147556	0.102176	0.081404	0.0769959	0.0954107	0.12411	0.162434	0.198976	0.221862	0.218882	0.203614	0.179058	0.153478	0.133166	0.121214	0.118817	
0.547826	0.597569	0.626376	0.629365	0.599668	0.535679	0.446695	0.350139	0.261797	0.192062	0.14849	0.128255	0.12678	0.146823	0.180079	0.220081	0.258716	0.281065	0.278807	0.26264	0.237381	0.210186	0.189399	0.175816	0.1715	
0.577418	0.625731	0.654524	0.657774	0.624489	0.559601	0.470752	0.375167	0.285318	0.216249	0.17336	0.154936	0.156369	0.179534	0.216507	0.259821	0.301593	0.325996	0.325334	0.310243	0.284997	0.259389	0.238528	0.226019	0.221144	
0.580017	0.626955	0.656058	0.655019	0.622281	0.558209	0.468329	0.37135	0.282079	0.213306	0.171125	0.155573	0.159368	0.185196	0.226103	0.274939	0.320325	0.347706	0.350438	0.336989	0.314538	0.290304	0.271567	0.259531	0.256354	
0.546303	0.594641	0.620209	0.619703	0.586145	0.521371	0.429801	0.333658	0.243412	0.17536	0.134367	0.120242	0.124873	0.15456	0.200364	0.254113	0.302513	0.335973	0.34246	0.333192	0.312925	0.29322	0.275977	0.266857	0.26499	
0.48158	0.527734	0.552367	0.552731	0.518413	0.451093	0.359544	0.263149	0.17376	0.104566	0.0626458	0.0485391	0.0565635	0.0885882	0.137788	0.193856	0.248946	0.287044	0.298832	0.291545	0.276414	0.258932	0.245261	0.238064	0.239621	
0.392013	0.435921	0.460752	0.45994	0.423871	0.356524	0.266069	0.168061	0.0763349	0.00604237	-0.0358863	-0.0488072	-0.0415633	-0.00772941	0.0431472	0.104297	0.163529	0.206869	0.222013	0.219828	0.208195	0.192806	0.181759	0.177426	0.182192	
0.294298	0.337113	0.362922	0.36062	0.325241	0.257357	0.165208	0.0650441	-0.02695	-0.0977597	-0.140881	-0.157033	-0.150145	-0.115352	-0.0630124	-0.00108519	0.0614445	0.1076	0.126272	0.127401	0.117114	0.102234	0.0921661	0.0895756	0.0953933	
0.202929	0.24722	0.271614	0.269928	0.233422	0.166285	0.0715745	-0.0291284	-0.12269	-0.194399	-0.241707	-0.260085	-0.253908	-0.219514	-0.170005	-0.10696	-0.042889	0.00596403	0.0260959	0.0301289	0.0195151	0.00516685	-0.00560297	-0.00822085	-0.00404268	
0.132507	0.176724	0.201524	0.200171	0.164402	0.0962461	0.000474362	-0.100777	-0.195509	-0.272546	-0.321634	-0.341848	-0.337618	-0.309249	-0.260037	-0.197502	-0.132227	-0.0845722	-0.0611512	-0.0566507	-0.0674002	-0.0831837	-0.0956557	-0.100875	-0.0993841	
0.0873989	0.133004	0.158187	0.157326	0.122706	0.0538786	-0.0414877	-0.143761	-0.242899	-0.321863	-0.372187	-0.39528	-0.397753	-0.370687	-0.323164	-0.261534	-0.199107	-0.149346	-0.123871	-0.11944	-0.130982	-0.148928	-0.163577	-0.17372	-0.176084	
0.0674148	0.113542	0.140252	0.141908	0.10857	0.0396554	-0.0543578	-0.159609	-0.260812	-0.341681	-0.394878	-0.423973	-0.428609	-0.405055	-0.360996	-0.303982	-0.241313	-0.190587	-0.165007	-0.161085	-0.173147	-0.191857	-0.210238	-0.224216	-0.230507	
0.0642473	0.113256	0.142736	0.146556	0.113852	0.0481464	-0.0467535	-0.152411	-0.254196	-0.336803	-0.396407	-0.427518	-0.43566	-0.415484	-0.377293	-0.321765	-0.260011	-0.208605	-0.182985	-0.177421	-0.187899	-0.207761	-0.228305	-0.245384	-0.255365	
0.0845906	0.1352	0.16752	0.173656	0.144644	0.0812281	-0.0120681	-0.116868	-0.218883	-0.307279	-0.368137	-0.402714	-0.414069	-0.400169	-0.364962	-0.313972	-0.253589	-0.203725	-0.177675	-0.170054	-0.180661	-0.201278	-0.224767	-0.244426	-0.258352	
0.116238	0.171115	0.206792	0.216466	0.191982	0.13179	0.0400793	-0.0633002	-0.168064	-0.256612	-0.319288	-0.357525	-0.374703	-0.363543	-0.33353	-0.285618	-0.227581	-0.179846	-0.152775	-0.143944	-0.152931	-0.175025	-0.19853	-0.22062	-0.23839	
0.157571	0.214034	0.253031	0.267904	0.247835	0.189521	0.102516	-0.000307003	-0.103804	-0.192599	-0.256219	-0.299314	-0.318004	-0.311065	-0.283905	-0.238302	-0.18313	-0.136932	-0.108597	-0.0969833	-0.10678	-0.127399	-0.150269	-0.173648	-0.194255	
0.197327	0.255718	0.29771	0.316044	0.298601	0.246357	0.163002	0.0632459	-0.0387585	-0.126307	-0.192571	-0.235215	-0.254717	-0.249068	-0.224147	-0.181359	-0.128037	-0.0808196	-0.0486341	-0.0377771	-0.0461215	-0.0644714	-0.0852578	-0.109591	-0.133356	
0.223115	0.280631	0.324523	0.345767	0.334093	0.285933	0.207279	0.110034	0.0105747	-0.0782537	-0.142222	-0.183481	-0.201988	-0.197796	-0.174952	-0.133667	-0.0793577	-0.0284897	0.00337314	0.0161777	0.01132	-0.00217503	-0.0213413	-0.0453822	-0.0676608	
0.222092	0.28037	0.325557	0.349949	0.341867	0.298594	0.222749	0.128788	0.0307009	-0.0550113	-0.116875	-0.157562	-0.175584	-0.170819	-0.146847	-0.104066	-0.0458245	0.0045671	0.0395719	0.0576869	0.0600645	0.0499782	0.0339136	0.0148611	-0.0051162	
0.208042	0.265437	0.311325	0.337075	0.333056	0.291693	0.220748	0.129754	0.034267	-0.0510205	-0.112714	-0.153566	-0.169714	-0.162817	-0.137497	-0.0915372	-0.0337311	0.0185056	0.0585708	0.0836923	0.0885849	0.0809583	0.0709403	0.0560564	0.040087	
0.183374	0.240561	0.286678	0.314897	0.312649	0.276379	0.209028	0.119227	0.0231507	-0.0622959	-0.124577	-0.165729	-0.1801	-0.173221	-0.146208	-0.100742	-0.0410166	0.014844	0.0618529	0.0891787	0.09557	0.0934429	0.0884227	0.078311	0.0643329	
0.156673	0.213028	0.261298	0.290906	0.292733	0.258301	0.1931	0.103942	0.00829251	-0.0785948	-0.142804	-0.18452	-0.19985	-0.19345	-0.167704	-0.120582	-0.0583254	0.00249284	0.0525968	0.0818661	0.0934541	0.0960273	0.0954707	0.0871338	0.077662	
0.135011	0.191022	0.239788	0.272105	0.275461	0.244148	0.181131	0.0928399	-0.00329588	-0.0914721	-0.157552	-0.202937	-0.220267	-0.216379	-0.190303	-0.142523	-0.0782693	-0.0159225	0.0369671	0.071744	0.0879326	0.0948405	0.0955953	0.0916141	0.0846998	
0.121383	0.17586	0.225948	0.259105	0.265842	0.236458	0.17581	0.0889929	-0.00691388	-0.0972406	-0.167881	-0.216855	-0.237077	-0.23551	-0.211667	-0.165272	-0.102275	-0.0398313	0.017901	0.0565516	0.0772014	0.0856712	0.090638	0.089399	0.0860417	
0.117015	0.169886	0.21928	0.254188	0.262835	0.237476	0.180138	0.0941754	-0.00342009	-0.0962259	-0.170372	-0.222905	-0.246579	-0.248849	-0.228821	-0.185526	-0.12622	-0.0626183	-0.00260034	0.0400046	0.0624262	0.0751184	0.0824163	0.0846861	0.086351	
