1.73058e-05	1.30759e-05	1.75486e-05	2.14815e-05	2.39694e-05	2.44119e-05	2.2699e-05	1.9249e-05	1.48516e-05	1.03877e-05	6.5555e-06	3.7122e-06	1.87506e-06	8.39949e-07	3.32062e-07	1.15446e-07	3.52291e-08	9.43366e-09	2.21949e-09	4.59919e-10	8.42184e-11	1.3681e-11	1.97987e-12	2.5635e-13	2.98277e-14	
1.81824e-05	2.51409e-05	3.33038e-05	4.04172e-05	4.48888e-05	4.56815e-05	4.26065e-05	3.63836e-05	2.83819e-05	2.0154e-05	1.29681e-05	7.52009e-06	3.90682e-06	1.80762e-06	7.40983e-07	2.68032e-07	8.53453e-08	2.39023e-08	5.8922e-09	1.28103e-09	2.46358e-10	4.20592e-11	6.39985e-12	8.71552e-13	1.06685e-13	
0.00010196	0.000144799	0.000188326	0.000225075	0.000247852	0.000251863	0.000236242	0.00020433	0.00016259	0.000118598	7.89218e-05	4.76346e-05	2.59065e-05	1.26097e-05	5.45832e-06	2.09025e-06	7.05563e-07	2.09539e-07	5.47439e-08	1.25993e-08	2.56101e-09	4.61309e-10	7.3922e-11	1.05816e-11	1.35881e-12	
0.000560983	0.000774738	0.000985708	0.00116023	0.00126703	0.00128572	0.00121267	0.001062	0.000861569	0.000645127	0.000443645	0.000278481	0.00015844	8.10894e-05	3.7059e-05	1.50265e-05	5.37938e-06	1.6952e-06	4.69758e-07	1.14551e-07	2.46326e-08	4.68551e-09	7.91359e-10	1.19164e-10	1.60665e-11	
0.0026924	0.00360727	0.00448421	0.00519421	0.00562276	0.0056973	0.00540501	0.00479592	0.00397065	0.00305594	0.00217524	0.00142286	0.000848889	0.000458121	0.000221769	9.55574e-05	3.64212e-05	1.2227e-05	3.60788e-06	9.35649e-07	2.13595e-07	4.30436e-08	7.68496e-09	1.22059e-09	1.73207e-10	
0.011129	0.0144406	0.0175158	0.0199479	0.021394	0.0216439	0.0206608	0.0185888	0.0157245	0.0124584	0.00919671	0.00628356	0.00394214	0.00225075	0.0011585	0.000532723	0.000217159	7.80261e-05	2.46285e-05	6.82233e-06	1.66016e-06	3.55762e-07	6.7372e-08	1.13211e-08	1.69548e-09	
0.0391433	0.0490986	0.0580268	0.0649078	0.0689329	0.0696238	0.0668979	0.0610798	0.0528576	0.0431845	0.0331309	0.0237056	0.0156881	0.00951124	0.00522783	0.00257798	0.00112985	0.000436842	0.000148289	4.41012e-05	1.14937e-05	2.63047e-06	5.30427e-07	9.46286e-08	1.50031e-08	
0.115622	0.139931	0.160909	0.176625	0.185655	0.187194	0.181103	0.167926	0.148847	0.125614	0.100376	0.0754178	0.0528249	0.0341449	0.0201373	0.0107077	0.00507601	0.00212523	0.000780714	0.000250769	7.03838e-05	1.72896e-05	3.72902e-06	7.09094e-07	1.19437e-07	
0.283075	0.330041	0.368893	0.397119	0.413029	0.415718	0.405036	0.381582	0.346727	0.30265	0.252368	0.199616	0.14846	0.10273	0.065337	0.0376892	0.019458	0.00888647	0.00355883	0.00124331	0.000378259	0.000100318	2.32625e-05	4.73648e-06	8.50951e-07	
0.568654	0.63853	0.693814	0.732727	0.754225	0.757821	0.743455	0.711423	0.66253	0.598219	0.520887	0.434324	0.343769	0.255517	0.176082	0.110867	0.0628018	0.0315461	0.0138907	0.00532207	0.00176856	0.000509875	0.000127887	2.80283e-05	5.39556e-06	
0.937308	1.01632	1.07631	1.11728	1.13946	1.14313	1.12837	1.09495	1.04261	0.971218	0.880942	0.772978	0.650674	0.51993	0.389273	0.268856	0.1683	0.0938086	0.0458579	0.019455	0.00712519	0.00225103	0.000615002	0.000145965	3.02648e-05	
1.29581	1.3665	1.41845	1.45285	1.47112	1.47416	1.46201	1.4342	1.38944	1.32643	1.24383	1.13972	1.01323	0.865764	0.702265	0.532352	0.369912	0.230609	0.12642	0.0600299	0.0244823	0.00855527	0.0025668	0.000664335	0.000149242	
1.57826	1.63282	1.67054	1.69407	1.70633	1.70845	1.70029	1.68152	1.64976	1.60216	1.53671	1.45128	1.34259	1.20848	1.04798	0.863668	0.663759	0.464193	0.287707	0.154577	0.0710034	0.0277359	0.00922329	0.0026238	0.000642893	
1.77372	1.80258	1.81736	1.82476	1.8279	1.82828	1.82654	1.8211	1.80974	1.78724	1.74729	1.68723	1.60298	1.49197	1.35255	1.18391	0.987227	0.766816	0.537578	0.329331	0.17224	0.0760564	0.0283187	0.00893211	0.00240461	
1.84174	1.82889	1.81159	1.79709	1.78695	1.78453	1.7923	1.80519	1.82195	1.83768	1.84278	1.82818	1.78738	1.713	1.6026	1.45569	1.27639	1.06882	0.83301	0.580313	0.34782	0.175355	0.073852	0.0260632	0.00776879	
1.74498	1.6884	1.63819	1.59717	1.57269	1.5685	1.58478	1.61987	1.66752	1.72183	1.7784	1.82238	1.84604	1.83596	1.78311	1.68046	1.52654	1.3325	1.11145	0.860257	0.587618	0.339796	0.163192	0.0649812	0.0216071	
1.50908	1.40519	1.3157	1.24684	1.20935	1.20429	1.22754	1.285	1.36734	1.46676	1.57409	1.67829	1.76631	1.82705	1.84683	1.81656	1.72567	1.56621	1.35558	1.11852	0.848697	0.558769	0.306738	0.13859	0.0517203	
1.13418	0.981359	0.855885	0.767725	0.716285	0.707417	0.742519	0.816314	0.927177	1.07153	1.23408	1.40661	1.56815	1.70687	1.8032	1.84554	1.82672	1.74218	1.57284	1.34582	1.09062	0.798156	0.496821	0.254729	0.107008	
0.658303	0.469987	0.316972	0.207227	0.1469	0.136849	0.177297	0.268063	0.405197	0.578435	0.786699	1.0148	1.24737	1.46836	1.65385	1.78877	1.84481	1.82735	1.73479	1.54595	1.30305	1.02513	0.70931	0.409463	0.19326	
0.12918	-0.0886478	-0.259102	-0.376149	-0.438203	-0.447817	-0.406434	-0.31098	-0.164276	0.0357965	0.280125	0.555334	0.849418	1.13938	1.40657	1.62527	1.78657	1.84481	1.82178	1.70156	1.48718	1.22558	0.918285	0.587668	0.309304	
-0.411708	-0.632768	-0.799782	-0.913741	-0.976503	-0.986899	-0.9437	-0.853068	-0.708178	-0.50546	-0.24997	0.0547395	0.39649	0.747495	1.09701	1.3964	1.63889	1.79633	1.84643	1.80008	1.63718	1.3974	1.10758	0.770589	0.446803	
-0.89851	-1.11397	-1.26069	-1.35261	-1.39696	-1.4035	-1.37708	-1.30515	-1.17818	-0.99147	-0.743798	-0.428282	-0.0690569	0.330165	0.728381	1.11479	1.43831	1.68459	1.81666	1.84345	1.74631	1.5402	1.27113	0.943228	0.593687	
-1.30317	-1.47063	-1.57825	-1.63276	-1.65881	-1.66466	-1.64715	-1.60427	-1.51984	-1.38075	-1.16534	-0.872733	-0.510126	-0.0887098	0.358289	0.800552	1.19697	1.5255	1.74205	1.84045	1.81288	1.65245	1.40797	1.09693	0.738358	
-1.58396	-1.69226	-1.73233	-1.73291	-1.71819	-1.71488	-1.72866	-1.73569	-1.71495	-1.63639	-1.47927	-1.2315	-0.892631	-0.473808	-0.00799257	0.481354	0.94188	1.33914	1.63401	1.80202	1.84165	1.7338	1.51852	1.22798	0.872124	
-1.7305	-1.74568	-1.71109	-1.65175	-1.60441	-1.59665	-1.63002	-1.68695	-1.73647	-1.74782	-1.67379	-1.49674	-1.20484	-0.809185	-0.333925	0.179856	0.686602	1.14173	1.50699	1.7407	1.84172	1.78707	1.60402	1.33551	0.98952	
-1.75252	-1.67517	-1.54219	-1.41869	-1.34147	-1.32773	-1.38112	-1.48864	-1.62651	-1.7304	-1.75203	-1.65868	-1.43019	-1.07288	-0.613487	-0.0896963	0.452036	0.953687	1.37523	1.66633	1.82264	1.81807	1.6672	1.42027	1.08766	
-1.67517	-1.50234	-1.30338	-1.15361	-1.07094	-1.05694	-1.11214	-1.23412	-1.42117	-1.61518	-1.73032	-1.73393	-1.5772	-1.27376	-0.836605	-0.312101	0.249874	0.78263	1.25184	1.59136	1.79361	1.83335	1.71197	1.48419	1.1655	
-1.54219	-1.30338	-1.05685	-0.912581	-0.900434	-0.906256	-0.896314	-0.981572	-1.20034	-1.45199	-1.65589	-1.74648	-1.65819	-1.40869	-0.995408	-0.4836	0.0891303	0.645132	1.14872	1.52357	1.7607	1.83828	1.74272	1.53012	1.22333	
-1.41869	-1.15361	-0.912581	-0.808458	-0.848122	-0.866557	-0.8143	-0.849452	-1.05057	-1.31181	-1.56916	-1.72517	-1.69053	-1.49038	-1.09957	-0.605033	-0.0223412	0.546039	1.07034	1.47533	1.73429	1.83651	1.76143	1.56048	1.26228	
-1.34147	-1.07094	-0.900434	-0.848122	-0.90287	-0.924974	-0.863228	-0.863178	-0.990572	-1.22291	-1.51228	-1.6934	-1.7046	-1.5265	-1.15885	-0.666217	-0.0861465	0.492835	1.02654	1.44567	1.7187	1.83448	1.77062	1.57648	1.28323	
-1.32773	-1.05694	-0.906256	-0.866557	-0.924974	-0.946325	-0.881951	-0.876731	-0.984215	-1.20726	-1.50397	-1.68643	-1.70828	-1.53152	-1.16875	-0.67447	-0.0977598	0.48446	1.01812	1.43934	1.7166	1.83455	1.77201	1.57902	1.28671	
-1.38112	-1.11214	-0.896314	-0.8143	-0.863228	-0.881951	-0.824273	-0.844086	-1.01685	-1.26946	-1.54119	-1.71293	-1.69858	-1.5114	-1.12852	-0.635251	-0.0528576	0.518908	1.04815	1.46131	1.72672	1.83542	1.76608	1.56858	1.27282	
-1.48864	-1.23412	-0.981572	-0.849452	-0.863178	-0.876731	-0.844086	-0.906092	-1.12891	-1.39094	-1.61912	-1.74049	-1.67439	-1.44815	-1.04493	-0.538822	0.0400112	0.601007	1.1135	1.50175	1.74902	1.83801	1.75156	1.54411	1.24116	
-1.62651	-1.42117	-1.20034	-1.05057	-0.990572	-0.984215	-1.01685	-1.12891	-1.33103	-1.55112	-1.70671	-1.74311	-1.61705	-1.33196	-0.907966	-0.388504	0.180143	0.724166	1.20836	1.56207	1.78004	1.83657	1.72598	1.50461	1.19101	
-1.7304	-1.61518	-1.45199	-1.31181	-1.22291	-1.20726	-1.26946	-1.39094	-1.55112	-1.69487	-1.75325	-1.69973	-1.4983	-1.16295	-0.707492	-0.185217	0.365598	0.882661	1.32426	1.63605	1.81204	1.82583	1.68709	1.44823	1.12129	
-1.75203	-1.73032	-1.65589	-1.56916	-1.51228	-1.50397	-1.54119	-1.61912	-1.70671	-1.75325	-1.71791	-1.57243	-1.30403	-0.923174	-0.454284	0.0682152	0.589371	1.06503	1.45501	1.71182	1.83557	1.80183	1.6319	1.37213	1.03122	
-1.65868	-1.73393	-1.74648	-1.72517	-1.6934	-1.68643	-1.71293	-1.74049	-1.74311	-1.69973	-1.57243	-1.35077	-1.0273	-0.614023	-0.141692	0.355876	0.838032	1.26056	1.58485	1.77989	1.8447	1.75826	1.55566	1.27387	0.921301	
-1.43019	-1.5772	-1.65819	-1.69053	-1.7046	-1.70828	-1.69858	-1.67439	-1.61705	-1.4983	-1.30403	-1.0273	-0.671	-0.249523	0.208101	0.674471	1.09496	1.45285	1.70311	1.8289	1.82827	1.68862	1.4554	1.15224	0.793583	
-1.07288	-1.27376	-1.40869	-1.49038	-1.5265	-1.53152	-1.5114	-1.44815	-1.33196	-1.16295	-0.923174	-0.614023	-0.249523	0.162614	0.581267	0.98923	1.34527	1.62591	1.79159	1.84731	1.77802	1.58892	1.32912	1.00734	0.652414	
-0.613487	-0.836605	-0.995408	-1.09957	-1.15885	-1.16875	-1.12852	-1.04493	-0.907966	-0.707492	-0.454284	-0.141692	0.208101	0.581267	0.952096	1.29196	1.56332	1.75736	1.84152	1.82411	1.68592	1.45804	1.17626	0.841589	0.505151	
-0.0896963	-0.312101	-0.4836	-0.605033	-0.666217	-0.67447	-0.635251	-0.538822	-0.388504	-0.185217	0.0682152	0.355876	0.674471	0.98923	1.29196	1.53869	1.73554	1.83471	1.83874	1.74778	1.55178	1.29777	0.996963	0.66135	0.362366	
0.452036	0.249874	0.0891303	-0.0223412	-0.0861465	-0.0977598	-0.0528576	0.0400112	0.180143	0.365598	0.589371	0.838032	1.09496	1.34527	1.56332	1.73554	1.83278	1.84056	1.7781	1.61525	1.38031	1.10866	0.794637	0.4791	0.236374	
0.953687	0.78263	0.645132	0.546039	0.492835	0.48446	0.518908	0.601007	0.724166	0.882661	1.06503	1.26056	1.45285	1.62591	1.75736	1.83471	1.84056	1.78641	1.64753	1.42984	1.17862	0.891771	0.580971	0.312674	0.137547	
1.37523	1.25184	1.14872	1.07034	1.02654	1.01812	1.04815	1.1135	1.20836	1.32426	1.45501	1.58485	1.70311	1.79159	1.84152	1.83874	1.7781	1.64753	1.44665	1.21205	0.949068	0.654659	0.378437	0.179734	0.070203	
1.66633	1.59136	1.52357	1.47533	1.44567	1.43934	1.46131	1.50175	1.56207	1.63605	1.71182	1.77989	1.8289	1.84731	1.82411	1.74778	1.61525	1.42984	1.21205	0.967797	0.69284	0.422675	0.213953	0.0894159	0.031054	
1.82264	1.79361	1.7607	1.73429	1.7187	1.7166	1.72672	1.74902	1.78004	1.81204	1.83557	1.8447	1.82827	1.77802	1.68592	1.55178	1.38031	1.17862	0.949068	0.69284	0.438229	0.233129	0.103219	0.0381139	0.0118328	
1.81807	1.83335	1.83828	1.83651	1.83448	1.83455	1.83542	1.83801	1.83657	1.82583	1.80183	1.75826	1.68862	1.58892	1.45804	1.29777	1.10866	0.891771	0.654659	0.422675	0.233129	0.108248	0.0422024	0.013878	0.00387998	
1.6672	1.71197	1.74272	1.76143	1.77062	1.77201	1.76608	1.75156	1.72598	1.68709	1.6319	1.55566	1.4554	1.32912	1.17626	0.996963	0.794637	0.580971	0.378437	0.213953	0.103219	0.0422024	0.0146336	0.00432527	0.00109765	
1.42027	1.48419	1.53012	1.56048	1.57648	1.57902	1.56858	1.54411	1.50461	1.44823	1.37213	1.27387	1.15224	1.00734	0.841589	0.66135	0.4791	0.312674	0.179734	0.0894159	0.0381139	0.013878	0.00432527	0.00115962	0.000269182	
1.08766	1.1655	1.22333	1.26228	1.28323	1.28671	1.27282	1.24116	1.19101	1.12129	1.03122	0.921301	0.793583	0.652414	0.505151	0.362366	0.236374	0.137547	0.070203	0.031054	0.0118328	0.00387998	0.00109765	0.000269182	5.75586e-05	
