0.252318	0.255126	0.267448	0.278255	0.292126	0.303263	0.312702	0.321717	0.329835	0.334155	0.338268	0.340648	0.341032	0.343363	0.343181	0.343826	0.343792	0.341308	0.34143	0.340902	0.339791	0.339102	0.339315	0.337699	0.336241	
0.291002	0.305725	0.316426	0.324692	0.333216	0.338108	0.343604	0.346833	0.348982	0.349218	0.348133	0.345054	0.339755	0.33765	0.330461	0.325349	0.321555	0.313886	0.310945	0.304246	0.300092	0.295975	0.291944	0.286304	0.281704	
0.335474	0.34378	0.348921	0.348008	0.348872	0.345694	0.341417	0.337093	0.330726	0.324471	0.316287	0.30734	0.298974	0.289043	0.279258	0.27011	0.261529	0.250061	0.242371	0.234134	0.225367	0.218728	0.210476	0.204049	0.197999	
0.354479	0.352149	0.348463	0.337868	0.330525	0.318338	0.305016	0.293838	0.278858	0.264995	0.2523	0.237296	0.224092	0.211682	0.196792	0.184737	0.170671	0.15761	0.147305	0.134949	0.124064	0.116016	0.10715	0.0992305	0.0932027	
0.337943	0.32676	0.312662	0.295448	0.277666	0.257181	0.237686	0.219205	0.198468	0.182193	0.163455	0.145869	0.131684	0.1148	0.100199	0.086022	0.0727682	0.0579312	0.045659	0.0326276	0.0218703	0.0133589	0.00293021	-0.00382252	-0.0100635	
0.278813	0.258942	0.240077	0.216248	0.195538	0.17333	0.149567	0.130532	0.108049	0.0884088	0.0707491	0.0512266	0.0372712	0.020209	0.00628836	-0.00575469	-0.0214969	-0.0330189	-0.0450022	-0.0552127	-0.0668097	-0.0742395	-0.0846556	-0.0923007	-0.100557	
0.199437	0.171251	0.144491	0.118678	0.0943839	0.0708383	0.0489736	0.0300329	0.00931356	-0.00540851	-0.0215994	-0.0365199	-0.0476927	-0.0610432	-0.0715996	-0.0811398	-0.0922746	-0.099452	-0.108954	-0.118679	-0.12678	-0.134656	-0.145351	-0.153832	-0.161803	
0.107977	0.0783108	0.0496613	0.0247109	-0.000910953	-0.0215778	-0.0429118	-0.0604771	-0.0774416	-0.0916594	-0.104487	-0.116444	-0.122758	-0.132982	-0.137115	-0.14199	-0.148404	-0.152073	-0.158945	-0.163104	-0.169234	-0.175499	-0.184023	-0.191018	-0.199351	
0.0150505	-0.0121299	-0.0372059	-0.0600958	-0.0811733	-0.0993489	-0.116494	-0.130516	-0.144299	-0.155178	-0.164452	-0.172006	-0.176577	-0.18179	-0.183722	-0.185039	-0.190123	-0.18812	-0.191881	-0.193355	-0.196874	-0.200528	-0.206582	-0.211814	-0.217692	
-0.0763312	-0.0967289	-0.11705	-0.130534	-0.148162	-0.159651	-0.170836	-0.181221	-0.188619	-0.194702	-0.200357	-0.203178	-0.205298	-0.206857	-0.205285	-0.205536	-0.204132	-0.201049	-0.201898	-0.200799	-0.198868	-0.201457	-0.202026	-0.205168	-0.208361	
-0.157942	-0.173562	-0.187854	-0.195772	-0.205467	-0.210058	-0.213386	-0.217203	-0.215818	-0.216488	-0.214799	-0.211388	-0.208519	-0.204823	-0.199995	-0.19632	-0.19217	-0.187024	-0.183162	-0.17708	-0.172981	-0.171089	-0.168504	-0.168268	-0.169422	
-0.214937	-0.226673	-0.235326	-0.240039	-0.242586	-0.24241	-0.239211	-0.235845	-0.228347	-0.221254	-0.213416	-0.202101	-0.19542	-0.185186	-0.176157	-0.16922	-0.159954	-0.150355	-0.142671	-0.134489	-0.126522	-0.121621	-0.114245	-0.110653	-0.108089	
-0.245559	-0.250677	-0.254182	-0.251659	-0.249811	-0.243536	-0.235027	-0.227322	-0.214235	-0.204166	-0.191106	-0.177571	-0.167447	-0.153004	-0.142165	-0.132547	-0.117916	-0.110403	-0.0990987	-0.0897171	-0.0788319	-0.0722448	-0.0621046	-0.0580954	-0.0542037	
-0.248516	-0.245537	-0.240258	-0.235238	-0.224912	-0.216778	-0.20388	-0.193007	-0.179168	-0.166355	-0.153812	-0.139632	-0.128825	-0.115683	-0.104733	-0.0947035	-0.0820417	-0.0747316	-0.062617	-0.0531267	-0.0455381	-0.037558	-0.0310089	-0.0250787	-0.0224063	
-0.225696	-0.216105	-0.20364	-0.196083	-0.182072	-0.171504	-0.16	-0.146685	-0.135401	-0.124133	-0.112204	-0.10194	-0.0932039	-0.0822425	-0.0743591	-0.066344	-0.0561707	-0.0500387	-0.0418709	-0.0361501	-0.0315216	-0.0256299	-0.020732	-0.01805	-0.0167522	
-0.18921	-0.174851	-0.160577	-0.14881	-0.135747	-0.126041	-0.115594	-0.106025	-0.0983295	-0.0902022	-0.0819559	-0.0766855	-0.0691053	-0.0619144	-0.0580305	-0.0508361	-0.0451129	-0.0443814	-0.0387594	-0.0368718	-0.0347339	-0.0312996	-0.0314694	-0.0302195	-0.0292739	
-0.155968	-0.14097	-0.125536	-0.115219	-0.101782	-0.0935522	-0.0854682	-0.0776472	-0.0740968	-0.0673712	-0.0644193	-0.061075	-0.0556881	-0.0550303	-0.0520004	-0.0495674	-0.0516044	-0.0509489	-0.0508075	-0.0512294	-0.0546634	-0.0529249	-0.0562397	-0.0534973	-0.0540201	
-0.127727	-0.117215	-0.105976	-0.0975869	-0.0895592	-0.0811922	-0.0778964	-0.0704047	-0.0681353	-0.064913	-0.0605552	-0.0606629	-0.0575598	-0.0578962	-0.0592082	-0.0591123	-0.0649532	-0.0644994	-0.0705573	-0.0746675	-0.0787641	-0.0794809	-0.0821929	-0.0833423	-0.0820184	
-0.103696	-0.0991379	-0.0969067	-0.0892448	-0.0886309	-0.0842423	-0.081471	-0.0799467	-0.0785809	-0.0768082	-0.0769265	-0.0777542	-0.0775293	-0.0800305	-0.0836941	-0.0851708	-0.0922412	-0.0958339	-0.102419	-0.107797	-0.109464	-0.113683	-0.116682	-0.116137	-0.11201	
-0.0792742	-0.0817161	-0.0867785	-0.0868524	-0.0924939	-0.0928731	-0.0948689	-0.0972253	-0.0975946	-0.0986042	-0.102028	-0.102638	-0.105537	-0.111582	-0.113588	-0.120245	-0.127214	-0.131132	-0.137649	-0.142153	-0.145908	-0.151463	-0.150853	-0.149027	-0.144309	
-0.0615229	-0.0668765	-0.0740854	-0.0805844	-0.0896982	-0.0950266	-0.10291	-0.108345	-0.111751	-0.118288	-0.120759	-0.125203	-0.131032	-0.135437	-0.140041	-0.146828	-0.151298	-0.155163	-0.161424	-0.166732	-0.16922	-0.172947	-0.170053	-0.169586	-0.16172	
-0.062787	-0.0668869	-0.0727571	-0.0779863	-0.0838056	-0.0911834	-0.0951479	-0.102408	-0.106721	-0.111915	-0.117908	-0.122336	-0.129941	-0.134624	-0.140942	-0.14886	-0.151609	-0.159988	-0.164348	-0.169198	-0.169877	-0.173741	-0.172049	-0.168591	-0.161412	
-0.0759537	-0.0752268	-0.0750202	-0.0782966	-0.0780327	-0.0823882	-0.0832857	-0.0870675	-0.0894593	-0.0920379	-0.097006	-0.100108	-0.106079	-0.112834	-0.117511	-0.127166	-0.129427	-0.13852	-0.141371	-0.144129	-0.149055	-0.150618	-0.149023	-0.145268	-0.141552	
-0.0966108	-0.0878218	-0.0771916	-0.0766088	-0.0683194	-0.068256	-0.0676191	-0.0667328	-0.0690623	-0.0724	-0.0747528	-0.0809911	-0.0867116	-0.0924302	-0.0991493	-0.104411	-0.108935	-0.113107	-0.116762	-0.117749	-0.123024	-0.118352	-0.118508	-0.114996	-0.111651	
-0.118231	-0.104744	-0.0908526	-0.0822709	-0.0718895	-0.0667487	-0.0624614	-0.059211	-0.0611446	-0.0625288	-0.0660132	-0.0722095	-0.0778942	-0.0810541	-0.0898755	-0.0901283	-0.0958301	-0.0965318	-0.0986368	-0.0971004	-0.0969161	-0.0919854	-0.0920308	-0.0872623	-0.0832572	
-0.144619	-0.128501	-0.117215	-0.100326	-0.0948113	-0.0841231	-0.0788763	-0.0758182	-0.0744946	-0.07479	-0.0776997	-0.0810715	-0.0833894	-0.0859893	-0.0901629	-0.087	-0.0889124	-0.0867166	-0.0811498	-0.0787446	-0.0727467	-0.0690245	-0.063181	-0.0585485	-0.0524281	
-0.184398	-0.168798	-0.157409	-0.140486	-0.13283	-0.120059	-0.112621	-0.107772	-0.102814	-0.10194	-0.102514	-0.102238	-0.101546	-0.103355	-0.0986115	-0.0953224	-0.0923069	-0.0846674	-0.0755105	-0.071426	-0.0592039	-0.0513842	-0.0422807	-0.035841	-0.0294081	
-0.220238	-0.211163	-0.200434	-0.19181	-0.179784	-0.169765	-0.161106	-0.152436	-0.146719	-0.141979	-0.138657	-0.133864	-0.130242	-0.126413	-0.116164	-0.113727	-0.103946	-0.0923945	-0.085056	-0.072306	-0.0572413	-0.0468309	-0.0369559	-0.0275478	-0.0211431	
-0.235172	-0.234537	-0.229872	-0.227259	-0.219381	-0.213197	-0.207463	-0.199273	-0.19426	-0.18872	-0.181051	-0.17597	-0.168124	-0.158856	-0.149724	-0.141965	-0.127513	-0.116887	-0.106026	-0.0873855	-0.0749694	-0.0639409	-0.0500577	-0.0402852	-0.032058	
-0.224466	-0.231681	-0.235644	-0.237228	-0.236291	-0.235928	-0.232243	-0.23028	-0.226075	-0.222385	-0.216184	-0.211432	-0.202843	-0.193338	-0.185991	-0.17283	-0.16132	-0.151518	-0.136113	-0.122117	-0.112182	-0.0989398	-0.0857825	-0.0784263	-0.0734119	
-0.186806	-0.199883	-0.209918	-0.217425	-0.221764	-0.228167	-0.228403	-0.233221	-0.233293	-0.232429	-0.233223	-0.227721	-0.224587	-0.217805	-0.211344	-0.201491	-0.194385	-0.184465	-0.172533	-0.164375	-0.155822	-0.143797	-0.139378	-0.135344	-0.134795	
-0.123329	-0.1411	-0.156479	-0.169514	-0.181789	-0.191804	-0.202004	-0.21042	-0.217702	-0.222592	-0.227394	-0.226931	-0.228726	-0.226126	-0.223078	-0.219272	-0.214342	-0.207383	-0.201417	-0.196541	-0.190835	-0.186146	-0.188001	-0.186626	-0.186587	
-0.0412308	-0.0640587	-0.0858327	-0.104716	-0.125402	-0.13987	-0.159319	-0.171469	-0.18515	-0.196368	-0.202358	-0.210458	-0.213054	-0.21586	-0.216137	-0.214906	-0.212376	-0.208771	-0.2062	-0.20519	-0.202425	-0.205569	-0.20716	-0.208585	-0.212118	
0.0463068	0.0181074	-0.00861009	-0.0335456	-0.0566748	-0.0776396	-0.0978158	-0.114727	-0.130995	-0.144578	-0.15455	-0.166076	-0.17124	-0.178601	-0.181313	-0.183472	-0.184362	-0.184248	-0.186259	-0.188018	-0.189693	-0.196434	-0.198139	-0.204565	-0.214146	
0.136449	0.105605	0.0766347	0.0486796	0.0253158	0.000700478	-0.0174674	-0.037608	-0.053706	-0.0678049	-0.0824013	-0.0930221	-0.104069	-0.113608	-0.120952	-0.128425	-0.133455	-0.139156	-0.145462	-0.149267	-0.157463	-0.163958	-0.170244	-0.181179	-0.19068	
0.22425	0.198629	0.173081	0.148165	0.124341	0.100915	0.0803797	0.0588178	0.0406593	0.0227514	0.00519019	-0.00839277	-0.0247512	-0.0369556	-0.0501866	-0.0614299	-0.0711222	-0.0815779	-0.0897062	-0.0983941	-0.109463	-0.115462	-0.125875	-0.135138	-0.140517	
0.294768	0.277712	0.259491	0.240814	0.220529	0.201691	0.180604	0.161241	0.1412	0.120928	0.102791	0.0844166	0.0668202	0.0510236	0.034737	0.0211019	0.00723207	-0.00564396	-0.0171946	-0.0308676	-0.0405039	-0.0489818	-0.0590093	-0.0642452	-0.0699964	
0.338309	0.328804	0.317684	0.304753	0.290884	0.276726	0.260718	0.245961	0.228862	0.212606	0.197264	0.180408	0.166015	0.15009	0.135378	0.121225	0.106824	0.0936975	0.0797578	0.0668201	0.0574487	0.0457377	0.0374945	0.0312372	0.0229811	
0.343173	0.344512	0.343387	0.339681	0.334264	0.326459	0.318092	0.308048	0.29702	0.286394	0.274814	0.263202	0.251787	0.238897	0.227409	0.215543	0.204519	0.193847	0.182648	0.173261	0.162476	0.15141	0.143786	0.135445	0.129672	
0.30916	0.32075	0.330225	0.337788	0.342536	0.34476	0.345436	0.342972	0.339972	0.335232	0.328941	0.322465	0.313914	0.305533	0.297379	0.289292	0.281924	0.274134	0.266408	0.258374	0.248855	0.241777	0.235081	0.228929	0.226618	
0.257003	0.27341	0.288544	0.302258	0.313819	0.323635	0.331189	0.336877	0.341368	0.343779	0.345004	0.344656	0.342449	0.340431	0.337381	0.33419	0.330504	0.325936	0.321121	0.315575	0.311076	0.307715	0.303444	0.300823	0.29847	
0.197979	0.217514	0.235774	0.251987	0.266342	0.27859	0.288732	0.298111	0.306123	0.313369	0.319651	0.324191	0.328206	0.331548	0.333968	0.335942	0.336868	0.336914	0.336478	0.336006	0.336182	0.33541	0.334736	0.334923	0.333993	
0.136264	0.155789	0.174403	0.19136	0.206529	0.219546	0.231034	0.241723	0.251597	0.261144	0.26952	0.276933	0.284308	0.290998	0.297575	0.303545	0.308331	0.312143	0.315232	0.318076	0.320296	0.322094	0.324913	0.327928	0.331081	
0.0815137	0.0963399	0.111128	0.125672	0.139318	0.152004	0.164096	0.175742	0.187407	0.198533	0.208671	0.218459	0.228067	0.23758	0.247014	0.255361	0.262209	0.267747	0.27234	0.276365	0.279893	0.283805	0.288227	0.292827	0.297715	
0.0372831	0.0484948	0.0600749	0.0718279	0.0831522	0.0940257	0.104612	0.115255	0.126207	0.136688	0.146668	0.156475	0.1662	0.176157	0.185658	0.193996	0.201077	0.207198	0.212879	0.218215	0.223098	0.227563	0.231665	0.235912	0.239767	
0.00588105	0.0156976	0.0255922	0.0350683	0.0437679	0.0515737	0.0588644	0.0663379	0.0740476	0.0816675	0.0891672	0.0966886	0.104537	0.112626	0.12026	0.127173	0.133471	0.139682	0.146248	0.152654	0.158152	0.162577	0.166548	0.170399	0.173673	
-0.0131841	-0.00617797	0.000643573	0.00687816	0.0123016	0.0168546	0.0210647	0.0256019	0.0305385	0.0357546	0.0411234	0.0468997	0.0533663	0.0601311	0.0667003	0.0727517	0.0783436	0.0840762	0.0900994	0.0956788	0.100382	0.104744	0.109398	0.113972	0.117962	
-0.0281469	-0.0248373	-0.0211134	-0.0172077	-0.0134631	-0.0100024	-0.00653825	-0.00272701	0.00144856	0.00572376	0.0100142	0.014717	0.0200609	0.0257871	0.0314775	0.0365989	0.0410855	0.0453054	0.04911	0.0520765	0.054644	0.0579972	0.0625898	0.0675979	0.0719812	
-0.0377392	-0.0359227	-0.0334453	-0.0305499	-0.0276488	-0.0249167	-0.0222141	-0.0192971	-0.0161518	-0.0130709	-0.0100607	-0.00676211	-0.00296346	0.00123182	0.00540943	0.00910803	0.012336	0.0153457	0.0179671	0.0199336	0.0217477	0.0243954	0.0280658	0.0318869	0.0351273	
-0.0393804	-0.0366368	-0.0340655	-0.0319556	-0.0305665	-0.0298986	-0.0296091	-0.0292075	-0.0284666	-0.0274684	-0.0261982	-0.0244495	-0.0220769	-0.0192259	-0.0162891	-0.0135032	-0.0106842	-0.00744267	-0.00380122	-0.000297633	0.00282546	0.00586027	0.00873899	0.0108878	0.0129034	
