-0.0011684	-0.00120099	-0.0032391	-0.00579732	-0.00987437	-0.0155575	-0.0189889	-0.018537	-0.0178208	-0.0183883	-0.0181814	-0.0196587	-0.024341	-0.0268444	-0.0285059	-0.036526	-0.0500714	-0.0591298	-0.0603433	-0.0571934	-0.0499947	-0.0381648	-0.0218029	-0.00134551	0.0206143	
0.0024738	0.0046149	0.00124944	-0.00222157	-0.00925223	-0.0152608	-0.0218431	-0.0218305	-0.0229433	-0.0225995	-0.0217289	-0.0225504	-0.026509	-0.0287859	-0.0278107	-0.0339735	-0.0460858	-0.0546707	-0.0552621	-0.0525666	-0.0470479	-0.0365014	-0.0198484	0.000417134	0.021944	
0.00668637	0.00899842	0.00430812	-0.00229845	-0.0102685	-0.0191286	-0.0256897	-0.0277016	-0.0281732	-0.0281714	-0.026052	-0.0268009	-0.0299977	-0.0315842	-0.0281824	-0.0327958	-0.0434913	-0.0517133	-0.0518554	-0.0494806	-0.0450481	-0.0339869	-0.0167589	0.00368222	0.0249756	
0.011351	0.0134794	0.0072351	-0.00115685	-0.011399	-0.0210762	-0.0290094	-0.0302664	-0.0314817	-0.0303213	-0.0293289	-0.0292104	-0.0328304	-0.033145	-0.0298511	-0.0336155	-0.0441184	-0.0522157	-0.0525475	-0.0506479	-0.0457836	-0.0331597	-0.0155968	0.00515929	0.0252625	
0.0146412	0.0159126	0.00824602	-0.00214811	-0.0140583	-0.0247259	-0.0326179	-0.033994	-0.0341099	-0.0336038	-0.0324701	-0.0331012	-0.0351021	-0.0359295	-0.0327908	-0.0378163	-0.0478232	-0.0563594	-0.0561635	-0.0547166	-0.0470013	-0.0335248	-0.01423	0.00512071	0.0250929	
0.0166192	0.0162341	0.0071306	-0.00520139	-0.0183325	-0.0295094	-0.0373781	-0.0385064	-0.0379111	-0.0372804	-0.0366806	-0.0370893	-0.0381235	-0.039605	-0.0380583	-0.0442404	-0.0544717	-0.0621936	-0.0628759	-0.0584516	-0.0501284	-0.0327141	-0.014546	0.00598274	0.0243715	
0.0168296	0.0157385	0.0063989	-0.00638753	-0.0190305	-0.0299537	-0.0372218	-0.0379615	-0.036229	-0.0351213	-0.0356691	-0.0362524	-0.038168	-0.0409656	-0.0424043	-0.0498128	-0.0596635	-0.0683648	-0.0673649	-0.0629356	-0.0507131	-0.0330451	-0.0125239	0.00744188	0.0260852	
0.0166906	0.0144372	0.00430178	-0.00861035	-0.0209354	-0.0309532	-0.0377514	-0.0379759	-0.0345926	-0.0333971	-0.0338358	-0.0361639	-0.0385628	-0.0429912	-0.0461464	-0.0534748	-0.0638784	-0.0716495	-0.0713011	-0.0645983	-0.0511048	-0.0314309	-0.00926905	0.0108668	0.0293333	
0.0149344	0.0126994	0.00242193	-0.00946485	-0.0206359	-0.0279683	-0.033642	-0.0316426	-0.0280342	-0.0253357	-0.0276286	-0.0305437	-0.0357664	-0.0410361	-0.0454861	-0.053353	-0.0636535	-0.0725216	-0.071478	-0.0641464	-0.0489874	-0.027168	-0.00375486	0.0171364	0.0340223	
0.00965128	0.00785842	-0.00162682	-0.0127265	-0.0205714	-0.0255129	-0.0268246	-0.0239711	-0.0181226	-0.0160087	-0.0184809	-0.023497	-0.0301635	-0.0367001	-0.0417309	-0.0498441	-0.0606407	-0.0696406	-0.0685122	-0.0602321	-0.0441894	-0.0202266	0.00397384	0.0250728	0.040652	
0.00143704	-4.22634e-05	-0.00905783	-0.0183562	-0.0241589	-0.0244897	-0.023043	-0.0176253	-0.0117448	-0.00931064	-0.0125771	-0.0193237	-0.0265301	-0.0343343	-0.039536	-0.0485724	-0.0591865	-0.0684024	-0.0667181	-0.0581249	-0.0407882	-0.0156764	0.00960167	0.0304294	0.0459924	
-0.00983224	-0.0106826	-0.0181929	-0.0260331	-0.0285939	-0.025632	-0.0205354	-0.013881	-0.00724506	-0.00540861	-0.00866026	-0.0171608	-0.0244614	-0.0340131	-0.0402475	-0.0503494	-0.0606763	-0.0693944	-0.0677448	-0.0587206	-0.0401502	-0.0141879	0.012545	0.0328627	0.0493002	
-0.0203129	-0.0213869	-0.027462	-0.0347592	-0.0344562	-0.0304247	-0.0225237	-0.0156414	-0.00847751	-0.00604066	-0.0111219	-0.0185859	-0.0286492	-0.0378072	-0.0481445	-0.0574535	-0.0676882	-0.0754218	-0.0739025	-0.0648557	-0.045005	-0.0179446	0.00920936	0.0306455	0.0463675	
-0.0269819	-0.0289965	-0.0348576	-0.0411382	-0.0408436	-0.0361538	-0.0280664	-0.0214551	-0.0135994	-0.011707	-0.0167699	-0.0258233	-0.0358956	-0.0476618	-0.0602783	-0.070093	-0.0790488	-0.0860926	-0.0849909	-0.0748962	-0.0535177	-0.0258793	0.00184157	0.0233864	0.0384062	
-0.0307764	-0.0331175	-0.038304	-0.0434771	-0.0435684	-0.0384948	-0.0311739	-0.0237562	-0.0161614	-0.0138805	-0.0195235	-0.0295299	-0.0402134	-0.0548344	-0.0693245	-0.0800362	-0.0874904	-0.0933346	-0.0929193	-0.0797134	-0.0583254	-0.0287824	-0.00301459	0.0190441	0.0334779	
-0.0307915	-0.0330617	-0.0376873	-0.0424097	-0.0428335	-0.0378635	-0.0305501	-0.0225151	-0.0143554	-0.0122216	-0.0181493	-0.0282587	-0.0401214	-0.0559564	-0.0728524	-0.0833808	-0.0893793	-0.0939221	-0.0916391	-0.0785432	-0.0542732	-0.0277248	-0.000862896	0.018986	0.0350991	
-0.0280984	-0.0293837	-0.0327862	-0.0378878	-0.037141	-0.0325682	-0.0232811	-0.0155171	-0.00611086	-0.00459479	-0.0107743	-0.0213489	-0.0342651	-0.0508021	-0.0702487	-0.0803648	-0.0859122	-0.0878719	-0.0855334	-0.0707356	-0.047525	-0.0212073	0.00429201	0.0244519	0.0404976	
-0.0272549	-0.0278486	-0.0309389	-0.03556	-0.0348186	-0.0283596	-0.0184703	-0.00916627	-0.000482227	0.00253048	-0.00400443	-0.0143093	-0.027978	-0.0441542	-0.0639245	-0.0735973	-0.0769099	-0.0770286	-0.0729743	-0.0580454	-0.0346974	-0.00817494	0.0167274	0.0371644	0.0519521	
-0.0295437	-0.0291338	-0.0313749	-0.0346595	-0.0328908	-0.0246308	-0.0133701	-0.00371381	0.00489095	0.00823077	0.00336466	-0.00844849	-0.0214654	-0.0386129	-0.0558831	-0.0658783	-0.0668471	-0.0651622	-0.0602827	-0.0452469	-0.0212438	0.00606772	0.031552	0.0501284	0.064883	
-0.0349842	-0.0335392	-0.033444	-0.0347001	-0.0303926	-0.0211297	-0.00805314	0.0010668	0.00954973	0.0133566	0.00868483	-0.00271945	-0.0173726	-0.0326506	-0.0497355	-0.0579345	-0.0588248	-0.0552336	-0.0497521	-0.0345336	-0.0091032	0.0185542	0.0431356	0.0604994	0.073796	
-0.0424738	-0.0408186	-0.0392607	-0.0376444	-0.0327772	-0.0220759	-0.00978758	-0.000298306	0.00709292	0.0110737	0.00697859	-0.00460376	-0.0186395	-0.0329732	-0.0485735	-0.0558762	-0.0564859	-0.0505478	-0.0442989	-0.0271227	-0.00172925	0.0256413	0.0481473	0.065019	0.0763031	
-0.0524931	-0.0502857	-0.0466614	-0.0430388	-0.036492	-0.0259289	-0.0134421	-0.00436827	0.0022186	0.00588982	0.00185756	-0.00860654	-0.0224921	-0.0358406	-0.0508325	-0.0581218	-0.0574285	-0.0495796	-0.0409411	-0.0223895	0.00228988	0.0285368	0.0496565	0.0655715	0.0761397	
-0.062417	-0.059452	-0.0546147	-0.0483257	-0.0419214	-0.0302609	-0.0187534	-0.00928961	-0.0039687	-0.00154212	-0.00483421	-0.014505	-0.0270513	-0.0415396	-0.0561408	-0.0640114	-0.0612025	-0.052229	-0.04099	-0.0230638	0.00194111	0.0250864	0.0466167	0.0598778	0.0707012	
-0.0717009	-0.0683535	-0.0622718	-0.0554651	-0.0485226	-0.0380358	-0.026675	-0.0177029	-0.0136865	-0.0126696	-0.0157263	-0.0238401	-0.0358438	-0.0513658	-0.0657455	-0.0732229	-0.0685102	-0.0581963	-0.0462843	-0.0272746	-0.00476498	0.0185403	0.0363901	0.0501895	0.0581677	
-0.0774811	-0.0750534	-0.0692571	-0.0630455	-0.0568023	-0.0483684	-0.0383091	-0.0302742	-0.0279119	-0.0283254	-0.0317728	-0.0385821	-0.0515027	-0.0666053	-0.08165	-0.087166	-0.0823259	-0.0712791	-0.0581925	-0.0398145	-0.0174449	0.00343399	0.0196277	0.0324451	0.0375653	
-0.0796564	-0.0786036	-0.0746335	-0.0686881	-0.0645648	-0.0576484	-0.0504641	-0.0431002	-0.0428472	-0.044916	-0.0487618	-0.0563688	-0.0688187	-0.0849164	-0.0979646	-0.103757	-0.0986229	-0.0876454	-0.0732903	-0.0548321	-0.0327352	-0.0143319	0.00120818	0.0109549	0.0150449	
-0.0755328	-0.0766512	-0.0743698	-0.0702432	-0.0678781	-0.0642773	-0.0595836	-0.0545211	-0.0562591	-0.0603134	-0.0654804	-0.0735477	-0.0866395	-0.101883	-0.113422	-0.119681	-0.115275	-0.104221	-0.0881227	-0.0691813	-0.0487913	-0.0312243	-0.018441	-0.00960969	-0.00844225	
-0.0622612	-0.0657919	-0.0658466	-0.0631976	-0.064049	-0.0630173	-0.0624449	-0.0600898	-0.0649239	-0.0715372	-0.077996	-0.0875259	-0.100507	-0.11579	-0.125842	-0.133118	-0.130149	-0.118574	-0.101091	-0.0817917	-0.0637351	-0.0469415	-0.0364696	-0.0286481	-0.0310523	
-0.0431279	-0.0492854	-0.051291	-0.0521087	-0.0533679	-0.0571286	-0.0582194	-0.0611699	-0.067862	-0.0771164	-0.0845855	-0.0934577	-0.107358	-0.120393	-0.12981	-0.135932	-0.133588	-0.121477	-0.101072	-0.0825949	-0.0649651	-0.0502098	-0.0403353	-0.0352802	-0.0390023	
-0.0176417	-0.0250641	-0.0287051	-0.0302069	-0.0326079	-0.0377575	-0.042805	-0.048958	-0.0583285	-0.0692281	-0.0768283	-0.0861068	-0.099758	-0.112456	-0.120381	-0.125341	-0.123613	-0.11099	-0.0888915	-0.0705162	-0.0538849	-0.041474	-0.0317696	-0.0287326	-0.0327563	
0.0108435	0.00303552	-0.0015481	-0.00271794	-0.00598147	-0.0121103	-0.021415	-0.0297593	-0.0414226	-0.0526112	-0.0600441	-0.0697545	-0.0812755	-0.0945615	-0.0988143	-0.103187	-0.100115	-0.0871468	-0.0642089	-0.0444308	-0.030673	-0.0187416	-0.0110401	-0.00792492	-0.0134342	
0.037271	0.0298869	0.0267031	0.025361	0.0240117	0.0151459	0.00518954	-0.00672795	-0.017661	-0.0291819	-0.0370128	-0.045189	-0.0559655	-0.0655526	-0.0688652	-0.0695636	-0.0657095	-0.0516372	-0.0275372	-0.00771965	0.00574317	0.0156111	0.0225713	0.0252928	0.0182264	
0.0588274	0.0534699	0.0524096	0.0537402	0.0528781	0.044885	0.0329542	0.0211624	0.0102545	-0.0001367	-0.00936453	-0.0161161	-0.0247316	-0.0308744	-0.032715	-0.0302684	-0.0246074	-0.00900794	0.0146946	0.0354331	0.0481645	0.0567646	0.062725	0.0642332	0.0567976	
0.0748849	0.0713732	0.0726673	0.0754801	0.075793	0.0676286	0.0558451	0.04341	0.0339154	0.0234	0.0141841	0.00821049	0.00331286	0.00065534	0.00104986	0.00658017	0.0151263	0.0321308	0.0555728	0.0765538	0.089355	0.0962025	0.100938	0.0999959	0.0942077	
0.0833522	0.082307	0.0863997	0.0910542	0.0930025	0.0864862	0.0757301	0.0630058	0.0541565	0.0434453	0.0346961	0.0291362	0.0274535	0.0280447	0.0303797	0.0389021	0.0495119	0.0681777	0.0911198	0.112279	0.12505	0.130321	0.133347	0.13135	0.126401	
0.085541	0.086119	0.0912278	0.0964166	0.0994461	0.0949324	0.0847475	0.072059	0.0620795	0.0530284	0.0440987	0.0399152	0.040293	0.0440384	0.0496963	0.0600455	0.0740642	0.0936683	0.116881	0.137863	0.149207	0.154216	0.155151	0.153293	0.147833	
0.0826104	0.0843781	0.0900387	0.0958624	0.0999773	0.0973548	0.0879182	0.0740048	0.063783	0.055012	0.0472002	0.0426055	0.0442497	0.0503046	0.0581076	0.0710323	0.0869613	0.108493	0.131206	0.15126	0.161702	0.165401	0.166285	0.162583	0.156793	
0.0750185	0.0777151	0.0836454	0.0909662	0.095446	0.0955259	0.0853236	0.0715696	0.0596031	0.0519048	0.0438349	0.0394572	0.041046	0.048726	0.0578382	0.0731285	0.0909733	0.113625	0.135263	0.154162	0.164162	0.167339	0.167433	0.161893	0.155103	
0.0652169	0.0677834	0.0735308	0.0803061	0.0856394	0.0854422	0.0758819	0.0611308	0.0484614	0.0403127	0.0319816	0.0273117	0.0292634	0.0376111	0.0489574	0.0655469	0.0864235	0.1083	0.128768	0.146548	0.157066	0.160197	0.158304	0.151262	0.144271	
0.0539857	0.0567419	0.0624645	0.0700007	0.0744328	0.0752544	0.0655187	0.051619	0.0380286	0.0283908	0.0193557	0.0129312	0.0156123	0.0235873	0.0365123	0.0542401	0.0766259	0.0983048	0.11616	0.134097	0.145261	0.148373	0.144139	0.136167	0.128502	
0.0430485	0.0457391	0.0514702	0.0588973	0.0625173	0.0634179	0.0542637	0.0418584	0.0269253	0.0164428	0.00478332	-0.0017858	-0.000345547	0.0087614	0.0218574	0.0400969	0.0637148	0.0842956	0.10137	0.117591	0.130461	0.133002	0.127152	0.118312	0.109548	
0.0330351	0.0351375	0.0406998	0.0464645	0.0502181	0.0495194	0.043222	0.0305771	0.0163696	0.00279811	-0.00932168	-0.017582	-0.0155851	-0.00628254	0.00806878	0.0257553	0.0501009	0.0706886	0.0866965	0.101448	0.114104	0.117576	0.110343	0.100062	0.0904601	
0.0258863	0.027273	0.031378	0.0365052	0.0383003	0.0385519	0.0328898	0.0224262	0.00687193	-0.00819664	-0.0213582	-0.0303313	-0.0286348	-0.0193438	-0.00422389	0.013011	0.0368042	0.0577088	0.072368	0.084678	0.0964579	0.101012	0.0930415	0.0813969	0.0702844	
0.0195599	0.020424	0.0234673	0.026861	0.0287372	0.0285993	0.0254716	0.0161024	0.000477938	-0.0158274	-0.029497	-0.0378309	-0.0381343	-0.0287025	-0.0133015	0.0045775	0.0276715	0.047294	0.0617786	0.0707481	0.0827821	0.0869028	0.0795691	0.0667062	0.0550178	
0.0149649	0.0149973	0.0164269	0.0176026	0.0198525	0.0188546	0.0184813	0.00944829	-0.00482356	-0.0230782	-0.0350496	-0.0436766	-0.0444849	-0.0368783	-0.019811	-0.000502453	0.0210844	0.0395287	0.0520646	0.061235	0.070254	0.0745766	0.0666205	0.0544581	0.0426679	
0.0128405	0.0121091	0.0109518	0.0110062	0.0116132	0.0117841	0.0111948	0.0049638	-0.00974602	-0.0271636	-0.0393095	-0.0460631	-0.048902	-0.0422853	-0.0251463	-0.00367456	0.0159731	0.0318394	0.0436451	0.0513841	0.058395	0.059579	0.0531922	0.0424805	0.0314458	
0.00919851	0.00862081	0.00620607	0.00432887	0.00518654	0.00484309	0.00597334	0.000990328	-0.0112277	-0.0281272	-0.0391037	-0.0446146	-0.0480223	-0.0425073	-0.0257033	-0.00273009	0.015526	0.0294318	0.040157	0.0468449	0.0510407	0.050138	0.0456899	0.0369331	0.0274945	
0.00702957	0.00661897	0.00283794	-0.000919045	-0.00103822	-0.00191341	-0.00047897	-0.00398507	-0.0133668	-0.0286078	-0.0383707	-0.0431827	-0.0455422	-0.0408948	-0.0247456	-0.00184884	0.0150533	0.0282663	0.036362	0.042345	0.0420211	0.0410564	0.0369208	0.0304499	0.0221322	
0.00562697	0.00558265	0.000523028	-0.00398476	-0.00692679	-0.00709717	-0.00763913	-0.00826323	-0.0160845	-0.0272219	-0.0371946	-0.0401934	-0.0418904	-0.0359945	-0.0217746	-0.000219826	0.0156027	0.0274023	0.0346452	0.0364309	0.0345076	0.0309374	0.0293761	0.0234575	0.0167579	
0.00295847	0.003772	-0.0010029	-0.00695878	-0.010897	-0.0124638	-0.0126984	-0.0127984	-0.0166331	-0.0248286	-0.0325743	-0.0354399	-0.0343092	-0.0279055	-0.0143894	0.00416054	0.0186035	0.0297111	0.0348258	0.0349903	0.0290203	0.0255841	0.0244672	0.0204714	0.0149341	
