0.00712178	0.00672955	0.00770073	0.00679954	0.00594834	0.00461663	0.00308475	0.00240039	0.00148078	0.00134762	0.00225996	0.00206781	0.00241804	0.00270821	0.00268267	0.00216228	0.00253628	0.00217348	0.00253752	0.00260807	0.000921722	0.00197922	0.00225591	0.00186214	0.00153755	
0.00691686	0.00867905	0.00820463	0.00832314	0.00730816	0.00609577	0.004855	0.0039313	0.00333633	0.00346991	0.00408425	0.00465989	0.00438819	0.00580011	0.00450268	0.00514623	0.00502003	0.0043903	0.0053743	0.00467144	0.00397421	0.00410154	0.00486816	0.00456598	0.00434892	
0.00795086	0.00825765	0.00889535	0.00861361	0.00761163	0.00647722	0.00519657	0.00430016	0.00359078	0.00353777	0.00468262	0.00460552	0.00547042	0.00578804	0.00596474	0.00544397	0.00614808	0.00568709	0.006317	0.00651339	0.00490032	0.00565654	0.00633589	0.00611275	0.0057596	
0.00699669	0.00831778	0.00857994	0.00819627	0.00727593	0.0061981	0.00455046	0.00384139	0.00307753	0.0030261	0.00399684	0.00424503	0.00467755	0.00573034	0.00499658	0.00571496	0.00565556	0.00544923	0.00624685	0.00596421	0.00489386	0.00566833	0.00615063	0.00590591	0.00586438	
0.00604902	0.00724178	0.00750804	0.00720367	0.00648686	0.00516994	0.00389018	0.00264606	0.00213519	0.00193017	0.002706	0.00349888	0.00379013	0.00460554	0.00437538	0.00453648	0.00488836	0.00432432	0.00528821	0.00509634	0.00385961	0.00447771	0.00541316	0.00550755	0.005082	
0.00468616	0.0060051	0.00632351	0.00603373	0.00509491	0.00388608	0.00234752	0.00114119	0.000433395	0.000118574	0.00133701	0.00127579	0.00231923	0.00285165	0.00283766	0.0030215	0.00325556	0.00308656	0.00363668	0.00366829	0.00243164	0.00321823	0.00396427	0.00391817	0.00384733	
0.00306416	0.00468678	0.00500244	0.00428777	0.00369838	0.00223073	0.000438774	-0.000638989	-0.00154776	-0.00173497	-0.0012193	-0.000397009	0.000119403	0.000881307	0.000565158	0.00101362	0.000903157	0.000838733	0.00180756	0.0014639	0.000149121	0.000988213	0.00187594	0.00225298	0.00170035	
0.00235326	0.00374438	0.00400661	0.00347915	0.00233564	0.00086351	-0.000804026	-0.00234816	-0.00314726	-0.00360008	-0.00291725	-0.0027044	-0.00177558	-0.00125106	-0.00145682	-0.00148635	-0.00136416	-0.00143066	-0.0011333	-0.00142355	-0.00231054	-0.00174206	-0.00103857	-0.000812897	-0.000668796	
0.00133861	0.00301697	0.00314113	0.00257055	0.00163021	2.58266e-05	-0.00184742	-0.00327314	-0.00419106	-0.00495303	-0.00408608	-0.00384009	-0.00291703	-0.00245159	-0.00245919	-0.00223173	-0.00232672	-0.00248887	-0.00198168	-0.0022016	-0.00353132	-0.00275953	-0.00189572	-0.00178903	-0.00199799	
0.00117202	0.00309733	0.00300688	0.0024239	0.00134308	-0.000351787	-0.00210342	-0.00380695	-0.00503668	-0.00518269	-0.00509006	-0.00454653	-0.00361855	-0.00319029	-0.00342205	-0.00318945	-0.00341607	-0.00353094	-0.00312236	-0.00391856	-0.00464856	-0.00433528	-0.0034434	-0.00320865	-0.00349404	
0.00208555	0.00364953	0.00410971	0.00334982	0.00207701	0.000761224	-0.0016841	-0.00320937	-0.00423838	-0.00513796	-0.00459851	-0.00450414	-0.00334869	-0.00304016	-0.00311664	-0.00326249	-0.00343988	-0.00360094	-0.00358253	-0.00384434	-0.00547031	-0.00464433	-0.00391132	-0.00390695	-0.00367982	
0.00173261	0.00403844	0.00383219	0.00343244	0.00274005	0.000606705	-0.000909945	-0.0030044	-0.00392285	-0.00448287	-0.00434714	-0.0040136	-0.00314948	-0.0025062	-0.00314786	-0.00275238	-0.00311549	-0.00324452	-0.00319705	-0.00417433	-0.00480201	-0.00456298	-0.00370399	-0.00330428	-0.00380078	
0.0019775	0.00364648	0.00458227	0.0037635	0.00296392	0.00164108	-0.000326512	-0.00198877	-0.00288283	-0.00346204	-0.00309675	-0.00304846	-0.00129104	-0.00144952	-0.000933909	-0.00121237	-0.00113448	-0.00126794	-0.00146354	-0.00166313	-0.00327015	-0.00233195	-0.00195882	-0.00170201	-0.00165841	
0.00224653	0.00497783	0.00484279	0.00478418	0.00378414	0.00216461	0.000464513	-0.00139482	-0.00239491	-0.00301863	-0.00279693	-0.00236548	-0.00140122	-0.00032891	-0.000822526	-0.00035206	-0.000559342	-0.000282484	-0.00018098	-0.00162066	-0.00204281	-0.00198684	-0.0013096	-0.0010802	-0.00134198	
0.00210351	0.0035841	0.00497143	0.00403131	0.00356414	0.00219021	0.000220169	-0.00151319	-0.00238627	-0.0031933	-0.00285806	-0.0030258	-0.000903967	-0.000803411	-0.000295869	-0.000614891	-0.000335729	-4.19708e-06	-0.000633275	-0.000683258	-0.00230595	-0.00142974	-0.0012644	-0.00068237	-0.000980217	
0.00150642	0.00420574	0.00445205	0.00478495	0.00379147	0.00248825	0.000761346	-0.00142164	-0.00207235	-0.00291647	-0.00292246	-0.0025206	-0.00119884	-0.000375116	-0.000625628	-0.000394108	-0.000328893	-7.58269e-05	-0.000282427	-0.00141154	-0.00202791	-0.00182511	-0.00110551	-0.00122833	-0.00115669	
0.00188674	0.00411826	0.00516893	0.00475647	0.00415054	0.00278347	0.000726187	-0.00121489	-0.00208167	-0.00305715	-0.00303621	-0.0028236	-0.00104268	-0.000540462	-0.00031459	-0.000312238	0.000302335	0.000467509	0.000241894	-0.000514899	-0.00134942	-0.000894456	-0.000739829	-0.000149555	-0.000431931	
0.00144038	0.00348551	0.00476331	0.00458782	0.00366146	0.00266891	0.000663079	-0.00130611	-0.00221966	-0.00313652	-0.00313894	-0.00288277	-0.00110677	-0.000274828	1.95333e-05	-5.20758e-05	0.000485094	0.00131477	0.000695033	0.000183046	-0.000648726	-8.14438e-05	0.000287814	0.000320959	0.000300226	
0.00188177	0.00456856	0.00551759	0.00553682	0.00475795	0.00331716	0.00174052	-0.000955284	-0.00167075	-0.00267006	-0.00307503	-0.00286243	-0.00131737	-0.000211972	-0.000634819	-0.000243847	0.0002747	0.000661106	2.44063e-07	-0.000448658	-0.00143359	-0.000913571	-0.000995379	-0.000450449	-0.000802751	
0.0020186	0.0038942	0.00572172	0.00532072	0.0046203	0.00337909	0.00142704	-0.00122519	-0.00188435	-0.00348819	-0.00339471	-0.00387474	-0.00151768	-0.00167539	-0.000715952	-0.00138879	-0.000520513	0.000100475	-0.000544152	-0.00160165	-0.00210447	-0.00171712	-0.00162754	-0.00150432	-0.00178894	
0.000303825	0.00313858	0.00398896	0.00414204	0.00334885	0.00208071	2.29452e-05	-0.00219185	-0.00333284	-0.00434185	-0.0051436	-0.00457606	-0.00319878	-0.00206607	-0.00228953	-0.00196733	-0.00135058	-0.000704501	-0.00150039	-0.00206889	-0.00254108	-0.00213343	-0.00214621	-0.00157037	-0.00189919	
0.001389	0.0033091	0.00478783	0.00484592	0.00386301	0.0028416	0.000811554	-0.00167805	-0.00260905	-0.00406026	-0.00435876	-0.00434814	-0.00229395	-0.0020431	-0.00139315	-0.00174729	-0.000859253	-7.40593e-05	-0.000892673	-0.00161986	-0.00201992	-0.00195279	-0.00181785	-0.00178257	-0.00208715	
0.00158323	0.00400423	0.00544486	0.00529786	0.0046853	0.00349157	0.00168819	-0.000948213	-0.00176481	-0.00326951	-0.00373489	-0.00363073	-0.00197266	-0.0014129	-0.00130079	-0.00105596	-0.000717778	0.000284225	-0.000903395	-0.00148528	-0.00201218	-0.00174342	-0.00222017	-0.00175377	-0.00210507	
0.00103581	0.00350112	0.00505991	0.00498465	0.00470018	0.00326633	0.00186937	-0.000877647	-0.00177213	-0.00316017	-0.00385504	-0.00335849	-0.0018325	-0.00124636	-0.00076711	-0.0011623	-0.000103632	0.000366066	-0.00035866	-0.0013792	-0.00147334	-0.00172409	-0.00174871	-0.00109108	-0.00176161	
0.000704225	0.00321522	0.00456751	0.00481549	0.00422569	0.00310843	0.00117059	-0.000920632	-0.00211046	-0.00354167	-0.00369822	-0.00387429	-0.00177795	-0.00150966	-0.0010977	-0.00115334	-0.00046479	0.00025394	-0.000793853	-0.00170512	-0.00181923	-0.00204366	-0.00209203	-0.0017562	-0.00149649	
0.00114185	0.00356346	0.00497962	0.00501927	0.00466863	0.00345477	0.00170932	-0.000579207	-0.00166222	-0.00277191	-0.00383805	-0.00317545	-0.00152599	-0.00140791	-0.00095436	-0.000686298	-0.000442314	0.000475355	-0.000758602	-0.00119428	-0.00189392	-0.00183774	-0.00221085	-0.00167372	-0.00194018	
-0.000190516	0.00266287	0.0038152	0.00420781	0.00376694	0.00303098	0.00139939	-0.000693489	-0.00157667	-0.00287671	-0.00303211	-0.0029737	-0.000862145	-0.000704902	-0.000116186	-0.000111139	0.000315594	0.00125001	0.000246638	-0.000906961	-0.000607096	-0.00111211	-0.00125098	-0.00100739	-0.000576139	
0.000372397	0.00284256	0.00421596	0.00407597	0.00425024	0.0028204	0.00161847	-0.000585525	-0.00173179	-0.0029776	-0.00362228	-0.00278819	-0.00137199	-0.00097088	-0.000453647	-0.000353156	-3.07398e-05	0.00070555	3.22913e-06	-0.000941628	-0.00101927	-0.00141353	-0.00156311	-0.000904969	-0.00120494	
-0.000179745	0.00239348	0.00380972	0.00424354	0.00379579	0.0029005	0.0018674	-0.000344722	-0.00160534	-0.00232895	-0.00302778	-0.00219711	-0.000765928	-0.000655573	-0.000132813	-9.01545e-05	0.00034483	0.00090027	8.42152e-06	-0.00109899	-0.000657575	-0.00151405	-0.00143723	-0.000955244	-0.000595604	
-0.000847612	0.00154314	0.00299346	0.00329553	0.00303818	0.00244815	0.000949728	-0.000758451	-0.00186037	-0.00324836	-0.00338369	-0.00249921	-0.00115531	-0.00107391	-0.000220332	-8.5626e-05	2.83366e-05	0.00102227	-0.000253193	-0.000502918	-0.00066368	-0.00086412	-0.00131617	-0.00073584	-2.33275e-05	
-0.00146687	0.00110054	0.00220157	0.00253939	0.00248935	0.0014499	0.000564899	-0.00136332	-0.00252336	-0.003435	-0.00395703	-0.0027507	-0.00138748	-0.00118616	-0.000453393	-0.00027262	-0.000149108	0.000544052	-0.000485218	-0.00123038	-0.000506026	-0.00149451	-0.00138148	-0.000712959	-0.000662042	
-0.00017156	0.0018549	0.00334171	0.00344814	0.00315315	0.00241315	0.00102679	-0.000424914	-0.00207394	-0.00303993	-0.00338538	-0.00248953	-0.00128618	-0.00123822	-0.00048005	-0.0003928	-0.00014406	0.000302455	-0.000693267	-0.00120635	-0.00136764	-0.00185958	-0.00186413	-0.0015688	-0.00103145	
-0.000961868	0.00112737	0.00224936	0.00257488	0.00265246	0.00161574	0.000926968	-0.00079821	-0.00226746	-0.00291618	-0.00356713	-0.0019834	-0.00140783	-0.00117534	-0.000782709	-8.55126e-05	-0.000298859	0.000109783	-0.000199904	-0.00154553	-0.000639457	-0.00192989	-0.00163958	-0.00114586	-0.000911236	
-0.000354404	0.00121101	0.00295554	0.00317208	0.00286411	0.00249633	0.00114561	-8.59838e-05	-0.00164552	-0.00246589	-0.00282041	-0.00176727	-0.000754125	-0.000715023	8.78824e-06	0.00046474	0.000724282	0.00107136	9.94737e-05	9.3147e-05	-2.76385e-05	-0.000429125	-0.000918722	-0.000333304	0.000242016	
-0.000174859	0.00173028	0.00258302	0.00340171	0.00324139	0.00236758	0.00169312	0.00034497	-0.00100239	-0.00196004	-0.00238764	-0.00106735	-0.000695052	-0.000112465	0.000262621	0.000621457	0.000923021	0.00130295	0.000612917	1.1963e-05	0.000463413	-0.000381925	-0.000479326	-5.32388e-06	0.000357533	
-0.000810677	0.000702302	0.00221209	0.00275053	0.00270182	0.00229572	0.00146226	0.000307244	-0.00125318	-0.0017116	-0.00232095	-0.00121448	-0.000500056	-0.000298041	0.000307199	0.00075234	0.00119855	0.00120367	0.000870993	0.000553135	0.00077626	-0.000113929	-0.000119021	0.000387795	0.000655586	
-0.000803751	0.00012602	0.00181616	0.00234285	0.00249596	0.00210063	0.00118991	0.000416292	-0.00141232	-0.00229789	-0.00245338	-0.00113842	-0.00133375	-0.000801292	5.74947e-05	0.000245525	0.000600151	0.00078639	0.000104941	5.71693e-06	0.000157739	-0.000462745	-0.000794365	-0.000553013	0.000134351	
-0.00203364	-0.000516298	0.000771038	0.00164484	0.00153406	0.00134251	0.000619612	-0.000131651	-0.00181755	-0.00258598	-0.00277579	-0.00162871	-0.00170586	-0.000826813	-0.000759695	0.000155641	0.000455725	-7.9653e-05	-0.000111676	-0.000623897	0.000201476	-0.000928779	-0.00105414	-0.000683111	-0.000333631	
-0.00194516	-0.00145013	0.000403198	0.00127234	0.00123836	0.00102658	0.000403248	-0.000409913	-0.00202242	-0.00283368	-0.00294716	-0.00211495	-0.00190927	-0.00132656	-0.00079828	-0.000439469	0.000225732	2.39448e-05	-0.000381938	7.77627e-05	-0.000419276	-0.000340752	-0.000912267	-0.000776327	-0.00036626	
-0.00252591	-0.00145824	-0.000354731	0.00129764	0.000956823	0.000925431	0.000592004	-0.000274352	-0.00187421	-0.0023074	-0.00270154	-0.00173192	-0.00198022	-0.000991565	-0.000952279	-0.000297965	0.000137537	-0.000384075	-0.000202038	-0.000496567	-3.40708e-05	-0.000747745	-0.000953706	-0.000930845	-0.000251117	
-0.00128146	-0.00076663	0.00119077	0.00206929	0.00219469	0.00207339	0.00139129	0.000770747	-0.00103326	-0.00184967	-0.00207547	-0.00146181	-0.00175958	-0.00134934	-0.000766397	-0.000204006	8.82183e-05	-0.000556529	-0.000498228	-0.000391356	-0.000506976	-0.000839879	-0.00119901	-0.00136463	-0.00116483	
-0.00202218	-0.00139478	3.15898e-05	0.00157029	0.00165267	0.00165211	0.00110269	0.000867679	-0.00097757	-0.00182019	-0.0018768	-0.00137322	-0.00204856	-0.00110301	-0.000993575	-0.000581391	-0.000160302	-0.000748722	-0.000840395	-0.000582916	-0.000452856	-0.000762874	-0.0011566	-0.00134294	-0.000478211	
-0.00148669	-0.000766574	0.000589185	0.00218029	0.00241213	0.00227401	0.00170069	0.00137574	-0.000245987	-0.00117273	-0.00145786	-0.00118571	-0.00175576	-0.000868587	-0.00101079	-0.000218749	0.000175097	-0.000895731	-0.000266686	-0.000277015	-0.000332419	-0.000603396	-0.000833531	-0.00118153	-0.000922875	
-0.0020528	-0.00173179	-0.000238329	0.00148505	0.00211008	0.00182605	0.00173455	0.00150127	-0.000144028	-0.000888967	-0.000911956	-0.000873747	-0.00157349	-0.00078928	-0.000564425	-0.000262573	0.000198236	-0.000374619	-0.000380668	2.7087e-05	-0.000195512	-2.02955e-05	-0.000535681	-0.000981513	-0.000339054	
-0.00344924	-0.00263391	-0.00148074	0.00027385	0.000789178	0.00119904	0.000993196	0.000991692	-0.000601177	-0.00106477	-0.00133771	-0.0013347	-0.00196896	-0.00110712	-0.00119053	-0.000570591	-0.000131217	-0.000960849	-0.000400347	-2.0425e-05	-5.15103e-05	-0.000148699	-0.000548237	-0.00104068	-0.000435011	
-0.00310169	-0.00253603	-0.00127493	0.00021972	0.00136458	0.00106946	0.00133308	0.0012137	-0.000125356	-0.000866481	-0.00094868	-0.00115235	-0.00181915	-0.00125372	-0.00109865	-0.000380848	-0.000206105	-0.000717579	-0.000222176	-0.000168363	-0.000138736	-0.000317604	-0.000651789	-0.00136607	-0.00149466	
-0.00416846	-0.00388986	-0.002433	-0.000594877	-0.000237014	0.000521882	0.000467046	0.000817719	-0.000336316	-0.00086455	-0.0010829	-0.00140509	-0.00196891	-0.00140063	-0.00133473	-0.000784203	-0.000356176	-0.0010896	-0.00074489	8.8606e-06	-0.0005812	-0.000360815	-0.000932105	-0.00152127	-0.000892481	
-0.0043646	-0.00340067	-0.00228383	-0.000839865	0.000437887	0.000367013	0.000873401	0.000825505	0.000196316	-0.000531899	-0.000608389	-0.00097679	-0.00172062	-0.00118206	-0.00114843	-0.000245216	-0.000178626	-0.000873032	9.17317e-06	5.55336e-05	-4.93632e-05	-0.00030364	-0.000413653	-0.00115454	-0.00152441	
-0.0040173	-0.00339021	-0.00217058	-0.000709835	0.000174313	0.000741932	0.000775818	0.00109671	0.000357511	-0.000181632	-0.000289037	-0.00106237	-0.00151208	-0.00115584	-0.000908243	-0.000602095	-0.000353801	-0.000821308	-0.000565821	0.000264056	-0.000280382	-8.41919e-05	-0.000772545	-0.00134949	-0.000931774	
-0.00448362	-0.00356421	-0.00247761	-0.000988373	0.000209693	0.000435908	0.00102784	0.00123001	0.000923816	0.000352008	0.000160172	-0.000633326	-0.00107751	-0.000980419	-0.000708352	-0.000188292	-0.000361359	-0.000647019	-0.000176944	0.000161185	0.000126963	1.19111e-05	-0.000425148	-0.000761266	-0.000843239	
