-0.0238423	-0.0238423	-0.0252789	-0.0243984	-0.0272108	-0.0273789	-0.0286415	-0.0301754	-0.0306318	-0.0313018	-0.0315148	-0.0312714	-0.0307135	-0.0306698	-0.0302329	-0.0297193	-0.0298942	-0.0284249	-0.0303104	-0.0278491	-0.0289036	-0.0291665	-0.0287754	-0.0289422	-0.0295783	
-0.0238423	-0.0241143	-0.0248617	-0.0250726	-0.0268067	-0.0274085	-0.0287789	-0.0295759	-0.0306063	-0.0308256	-0.0307874	-0.0310758	-0.0297757	-0.0303861	-0.02954	-0.0292615	-0.0296624	-0.0279112	-0.0300804	-0.0280066	-0.0285032	-0.0286852	-0.0292117	-0.0285032	-0.0296038	
-0.0248091	-0.0244133	-0.0238683	-0.0248447	-0.0253979	-0.0260567	-0.0279486	-0.028251	-0.030059	-0.0297244	-0.0311046	-0.0304503	-0.0296432	-0.0317586	-0.0286251	-0.0300376	-0.0298039	-0.0283204	-0.0291151	-0.0296232	-0.029472	-0.0289787	-0.0289472	-0.0287834	-0.0303062	
-0.0230342	-0.0237939	-0.0240551	-0.026378	-0.0262422	-0.0288866	-0.0292289	-0.0298917	-0.0315586	-0.0303232	-0.0303412	-0.0306913	-0.0282068	-0.0287875	-0.0287178	-0.0270892	-0.0281767	-0.0267634	-0.0279965	-0.0267853	-0.0263903	-0.0272517	-0.0294725	-0.0270729	-0.0289132	
-0.0247839	-0.02457	-0.0237083	-0.0253876	-0.0252504	-0.0264753	-0.0281934	-0.0283524	-0.0303136	-0.0297886	-0.0308181	-0.0303161	-0.0295425	-0.0307104	-0.0288731	-0.029231	-0.0286974	-0.02837	-0.0273105	-0.0290495	-0.02803	-0.0281496	-0.027527	-0.0276842	-0.0288614	
-0.0239479	-0.024253	-0.0235201	-0.0272329	-0.0256998	-0.0289048	-0.029427	-0.0298429	-0.0318309	-0.0304319	-0.0310098	-0.0307444	-0.0286709	-0.0296656	-0.0285923	-0.0276216	-0.0280718	-0.0272895	-0.0264959	-0.0276528	-0.0260187	-0.0259867	-0.0283207	-0.0261434	-0.0276753	
-0.024348	-0.0248272	-0.0246501	-0.0268583	-0.0267758	-0.0287637	-0.0297299	-0.030305	-0.0315907	-0.0311959	-0.0308748	-0.0306288	-0.0297583	-0.0285417	-0.0295522	-0.0277882	-0.0272212	-0.0279597	-0.0262578	-0.0271875	-0.0259511	-0.027259	-0.0271827	-0.0271082	-0.0270069	
-0.0251648	-0.024987	-0.0243857	-0.0270154	-0.0264771	-0.0287641	-0.029884	-0.0309047	-0.0322697	-0.0321014	-0.0326624	-0.031891	-0.0313165	-0.0310443	-0.0305489	-0.0293177	-0.0286621	-0.028847	-0.0260483	-0.0287142	-0.0264204	-0.0257322	-0.0263711	-0.0263659	-0.0265962	
-0.025165	-0.0256656	-0.0258963	-0.0284984	-0.0283505	-0.0307029	-0.031059	-0.0322126	-0.0327579	-0.0327356	-0.0319559	-0.0315419	-0.0307885	-0.0292552	-0.0304774	-0.0287997	-0.028102	-0.0289882	-0.0266399	-0.027882	-0.0263993	-0.0261315	-0.0273143	-0.0266156	-0.026044	
-0.0256759	-0.0257996	-0.0255546	-0.0273429	-0.0280002	-0.029612	-0.0309894	-0.0323674	-0.0331096	-0.0341073	-0.0336652	-0.0329978	-0.0337177	-0.0312058	-0.0328221	-0.0308471	-0.0298991	-0.0303429	-0.0282714	-0.028559	-0.0274289	-0.0272245	-0.025899	-0.0269112	-0.0253054	
-0.0259898	-0.0259222	-0.0271505	-0.0276734	-0.0294429	-0.0306604	-0.0311976	-0.033519	-0.0330666	-0.034402	-0.0335244	-0.0330341	-0.0328402	-0.0316694	-0.0324893	-0.030827	-0.0300377	-0.0313375	-0.0278072	-0.0297933	-0.028578	-0.0267142	-0.0272877	-0.0273463	-0.0265289	
-0.0259946	-0.0265159	-0.0268987	-0.028485	-0.0295243	-0.0310842	-0.0316617	-0.0333643	-0.0333566	-0.0345269	-0.0338527	-0.0325363	-0.0337139	-0.0310212	-0.0326008	-0.0314005	-0.0304927	-0.0306995	-0.0307875	-0.0290367	-0.0287048	-0.028533	-0.0278571	-0.0285957	-0.0270922	
-0.0257443	-0.0255019	-0.0264456	-0.0263996	-0.0291693	-0.0295287	-0.0314635	-0.0334862	-0.033234	-0.0358707	-0.0342516	-0.0343019	-0.0345754	-0.0329762	-0.0341083	-0.0326628	-0.031638	-0.031789	-0.0306253	-0.0301053	-0.0306091	-0.0285794	-0.0275422	-0.0286244	-0.0270099	
-0.0258054	-0.0261731	-0.028675	-0.0271467	-0.0305467	-0.0307736	-0.0305414	-0.0335655	-0.0321467	-0.0338678	-0.0335772	-0.0320048	-0.0331317	-0.0311168	-0.033093	-0.0318095	-0.0314142	-0.0327636	-0.0317176	-0.0311039	-0.0310484	-0.0307888	-0.0293026	-0.0306889	-0.0295021	
-0.0252853	-0.025177	-0.0254976	-0.0270418	-0.028637	-0.0297017	-0.0317328	-0.0332119	-0.033391	-0.0356254	-0.0346716	-0.0340173	-0.0345519	-0.0330283	-0.0327205	-0.0332739	-0.0318762	-0.0309095	-0.0323032	-0.0297754	-0.0306121	-0.0283137	-0.0283047	-0.0293197	-0.0283355	
-0.0246078	-0.0246772	-0.0267467	-0.0253716	-0.0289692	-0.0286337	-0.0299294	-0.0321842	-0.0318035	-0.0336465	-0.0330077	-0.0328989	-0.0333922	-0.0318534	-0.0332271	-0.0328623	-0.0316142	-0.0334549	-0.0324056	-0.0308239	-0.0319445	-0.0317093	-0.0294065	-0.0310672	-0.0296977	
-0.0245029	-0.0247095	-0.0261796	-0.0262131	-0.0283136	-0.029078	-0.0293274	-0.0315562	-0.0312378	-0.0328103	-0.032309	-0.0319262	-0.0322933	-0.0313134	-0.0314744	-0.0313213	-0.0314809	-0.0312671	-0.0327914	-0.0313684	-0.0319106	-0.0296432	-0.0295452	-0.0305836	-0.0308835	
-0.0226514	-0.0225217	-0.0242333	-0.0243924	-0.027677	-0.0280508	-0.029933	-0.0316878	-0.0320454	-0.0332189	-0.0336225	-0.0320122	-0.032257	-0.032449	-0.0300494	-0.032665	-0.0307197	-0.0316629	-0.0312158	-0.0301412	-0.0308317	-0.0300394	-0.0295622	-0.0301727	-0.0295725	
-0.0242213	-0.0243639	-0.0246363	-0.0253521	-0.0265858	-0.0272711	-0.0280381	-0.0288128	-0.0298334	-0.0312648	-0.0303098	-0.032165	-0.0308462	-0.0311791	-0.0310648	-0.0311889	-0.0319283	-0.030697	-0.0345871	-0.0312932	-0.0328849	-0.0311391	-0.0315634	-0.0302808	-0.0315481	
-0.0216216	-0.022099	-0.0248456	-0.0237886	-0.0282196	-0.0287849	-0.0293562	-0.031445	-0.0312083	-0.031954	-0.0327819	-0.0311505	-0.0308103	-0.0307695	-0.0286407	-0.0293017	-0.0301574	-0.0291455	-0.0308276	-0.0290086	-0.030799	-0.0295945	-0.0281072	-0.0293293	-0.0306841	
-0.0225434	-0.0224798	-0.0245375	-0.0231798	-0.0269034	-0.0270476	-0.0286197	-0.029686	-0.0299457	-0.0312685	-0.032026	-0.031333	-0.0321188	-0.0313513	-0.0301641	-0.0309587	-0.0309264	-0.029818	-0.0320296	-0.0304701	-0.0303615	-0.0301785	-0.0299149	-0.0306838	-0.0297159	
-0.0227414	-0.0225512	-0.0239872	-0.0240869	-0.0269598	-0.0266078	-0.0296951	-0.0293265	-0.0300588	-0.0314357	-0.0307609	-0.0316487	-0.0306309	-0.0316449	-0.0283339	-0.0312424	-0.0290032	-0.029466	-0.0305913	-0.0294566	-0.0302561	-0.0307368	-0.0283457	-0.0287604	-0.0297115	
-0.0222207	-0.0227894	-0.0235993	-0.026015	-0.0262927	-0.0288304	-0.0292433	-0.0297658	-0.0313326	-0.0301989	-0.0315338	-0.0312845	-0.029917	-0.0305544	-0.0286211	-0.0292405	-0.0290414	-0.028995	-0.0310923	-0.0281028	-0.030428	-0.0288283	-0.0284757	-0.028822	-0.0304067	
-0.0220603	-0.0217362	-0.0230084	-0.0230652	-0.0259441	-0.0263534	-0.028853	-0.0294731	-0.0306021	-0.031259	-0.0317403	-0.032369	-0.0312964	-0.0321969	-0.0297614	-0.0307742	-0.0299228	-0.0294472	-0.0296888	-0.0291325	-0.0310882	-0.0294616	-0.0292622	-0.0298082	-0.028276	
-0.0227231	-0.0227485	-0.0244396	-0.0246022	-0.0266698	-0.0275684	-0.0285834	-0.0294763	-0.0297993	-0.0294901	-0.0308182	-0.0310367	-0.0301122	-0.0314504	-0.0291473	-0.0295357	-0.0300186	-0.0284957	-0.030514	-0.0301199	-0.0299091	-0.0304141	-0.0310161	-0.0285746	-0.0281849	
-0.0225783	-0.0221284	-0.0230846	-0.0235257	-0.0257298	-0.0268537	-0.0287303	-0.0299095	-0.0302185	-0.0304623	-0.0312791	-0.031263	-0.0312511	-0.0315663	-0.0292262	-0.0311758	-0.029571	-0.0285661	-0.0307698	-0.0286438	-0.0292095	-0.0304519	-0.0294017	-0.0281645	-0.0293134	
-0.0228058	-0.0225793	-0.0222301	-0.0239739	-0.025321	-0.0265002	-0.0292157	-0.028964	-0.0309154	-0.0295747	-0.0309154	-0.0309676	-0.0303732	-0.0312353	-0.029191	-0.0302804	-0.0293044	-0.0282064	-0.0300831	-0.0274715	-0.0293251	-0.0294081	-0.0290807	-0.0278956	-0.0282987	
-0.0234182	-0.022945	-0.0233024	-0.0221401	-0.0251827	-0.0245282	-0.0275729	-0.027417	-0.029108	-0.0290872	-0.0290108	-0.0310562	-0.0289754	-0.0306266	-0.0287126	-0.0293368	-0.0286268	-0.0280466	-0.0287447	-0.0278562	-0.0282969	-0.0293334	-0.0283458	-0.0284645	-0.0265639	
-0.0229097	-0.0228315	-0.0227975	-0.0237195	-0.0249517	-0.0264003	-0.0273814	-0.0281041	-0.0291723	-0.0280317	-0.0290946	-0.0284849	-0.0266844	-0.0288021	-0.0248424	-0.0260398	-0.0259956	-0.0238351	-0.0256159	-0.0245607	-0.024665	-0.0248658	-0.0252963	-0.024967	-0.0239598	
-0.0226535	-0.0219806	-0.0215884	-0.0213212	-0.0226152	-0.0240871	-0.0245808	-0.0262514	-0.0271419	-0.0268761	-0.0281486	-0.0265757	-0.0265364	-0.0263224	-0.0238531	-0.024664	-0.0225189	-0.0219606	-0.0225017	-0.0206155	-0.0212135	-0.0213459	-0.0212183	-0.020674	-0.0204016	
-0.0230662	-0.0220157	-0.0201948	-0.0202682	-0.0204105	-0.0203938	-0.0223888	-0.021629	-0.0235869	-0.023104	-0.0233617	-0.0226198	-0.0210922	-0.0220766	-0.0189173	-0.0187075	-0.0171315	-0.0149544	-0.0156929	-0.01402	-0.0151374	-0.0145808	-0.0152754	-0.0130891	-0.0142124	
-0.0213827	-0.0206522	-0.0204531	-0.0176381	-0.0185628	-0.0171656	-0.0178807	-0.0171358	-0.0180803	-0.0170129	-0.0163626	-0.0155038	-0.0124421	-0.0127556	-0.0100599	-0.00845093	-0.00668808	-0.00436475	-0.00447466	-0.00265383	-0.0016116	-0.00303161	-0.00195745	-0.001278	-0.00177354	
-0.0174897	-0.0153636	-0.0134253	-0.0117308	-0.0105498	-0.00948224	-0.0103036	-0.00932507	-0.0101444	-0.00880425	-0.00780201	-0.00596607	-0.0022264	-0.00265973	0.00286284	0.00401837	0.00727155	0.0120428	0.0123294	0.015339	0.0161199	0.017617	0.0186825	0.018747	0.0182446	
-0.0142169	-0.0108897	-0.00792911	-0.00317308	0.000155526	0.00306571	0.00554314	0.00692492	0.00780359	0.0103963	0.0112093	0.0139117	0.0164016	0.0183637	0.022134	0.0244348	0.0291673	0.0330954	0.0352232	0.0394428	0.0408284	0.0417045	0.0432314	0.0441478	0.0451362	
-0.00403052	0.000236321	0.00457484	0.00910021	0.0136825	0.0191059	0.0217739	0.0263653	0.0290911	0.0331216	0.0370644	0.0406585	0.0455188	0.0479807	0.0548994	0.0577823	0.0633136	0.0691772	0.0724164	0.0769773	0.0786973	0.0822876	0.0838142	0.0865307	0.0864835	
0.0120214	0.0186682	0.0247986	0.0328002	0.038776	0.0458622	0.051709	0.0569897	0.0613344	0.0671149	0.0716109	0.0767198	0.0822362	0.0871734	0.0937513	0.0990738	0.10488	0.111606	0.11573	0.122587	0.127126	0.130253	0.133747	0.136281	0.136432	
0.0340431	0.0444808	0.0546273	0.0653748	0.0738979	0.0845506	0.0917917	0.100051	0.106623	0.113134	0.119423	0.125548	0.132394	0.13663	0.145914	0.150115	0.157329	0.164865	0.170296	0.177679	0.181418	0.186302	0.190492	0.192823	0.193678	
0.0667396	0.0789457	0.0916727	0.105377	0.11725	0.129785	0.141543	0.151987	0.16096	0.169774	0.176384	0.183798	0.191227	0.197736	0.205336	0.211332	0.217666	0.224704	0.228444	0.236189	0.240675	0.245303	0.249347	0.252395	0.254334	
0.113273	0.128644	0.143389	0.159494	0.171623	0.18638	0.197646	0.209284	0.219297	0.227689	0.23462	0.241669	0.249498	0.254664	0.263272	0.266907	0.273514	0.279023	0.283368	0.289651	0.293112	0.298039	0.302455	0.304821	0.305764	
0.165007	0.182387	0.199306	0.21679	0.2315	0.24604	0.258704	0.270007	0.279273	0.286915	0.292399	0.296449	0.301241	0.305005	0.308977	0.311429	0.313581	0.317167	0.317157	0.322696	0.325362	0.328513	0.330027	0.33138	0.331445	
0.223782	0.240445	0.254811	0.27172	0.283246	0.297271	0.307045	0.316094	0.323768	0.32848	0.33186	0.333818	0.334343	0.333499	0.335339	0.333109	0.333332	0.331887	0.329977	0.330984	0.329817	0.329665	0.330947	0.329716	0.329214	
0.278475	0.291661	0.302653	0.314026	0.322649	0.331095	0.336914	0.341118	0.343721	0.343331	0.342894	0.339963	0.336165	0.330897	0.326213	0.321029	0.315742	0.311574	0.304295	0.302302	0.297666	0.296035	0.293398	0.291364	0.289393	
0.319501	0.32632	0.329845	0.335365	0.335338	0.337909	0.336519	0.333713	0.330615	0.324244	0.317532	0.310556	0.301323	0.291396	0.28218	0.271205	0.262924	0.253943	0.245075	0.239299	0.231922	0.226051	0.222921	0.217803	0.214892	
0.332272	0.330242	0.326065	0.322679	0.315641	0.310166	0.302405	0.292826	0.284066	0.271939	0.261118	0.247891	0.234389	0.220391	0.206388	0.192797	0.180618	0.169888	0.158228	0.150064	0.139677	0.133195	0.126525	0.120792	0.116486	
0.314043	0.301128	0.287361	0.275639	0.260249	0.247821	0.234164	0.219491	0.206088	0.190963	0.176368	0.161644	0.145271	0.130433	0.114889	0.0997639	0.0869547	0.0747566	0.0625217	0.0533996	0.0426131	0.0334695	0.0270868	0.0196506	0.015501	
0.262842	0.240957	0.218838	0.200678	0.179427	0.161895	0.144415	0.126903	0.112573	0.0952141	0.0809347	0.0649945	0.0493356	0.035419	0.0205066	0.00700838	-0.00472136	-0.016531	-0.026908	-0.0364766	-0.0473631	-0.0549501	-0.0616202	-0.0686715	-0.0729361	
0.186138	0.158911	0.13326	0.110595	0.0885242	0.0685751	0.0496492	0.0320296	0.0173138	0.00165748	-0.0121017	-0.0253285	-0.039281	-0.0502443	-0.062834	-0.0737518	-0.0834861	-0.0923216	-0.101388	-0.108296	-0.116628	-0.123206	-0.129465	-0.136566	-0.140822	
0.0929837	0.0653222	0.0389752	0.0187756	-0.00227138	-0.0188534	-0.0347621	-0.0503741	-0.0617421	-0.0758256	-0.0860154	-0.0968655	-0.107574	-0.115092	-0.125594	-0.133178	-0.139615	-0.147382	-0.151761	-0.157691	-0.163926	-0.169709	-0.17466	-0.182104	-0.185761	
0.000189779	-0.025394	-0.0473845	-0.0669232	-0.0828019	-0.0966423	-0.108075	-0.11866	-0.126884	-0.136197	-0.143209	-0.149105	-0.155544	-0.15897	-0.164377	-0.168134	-0.171834	-0.175592	-0.178533	-0.182033	-0.18613	-0.189062	-0.19407	-0.199457	-0.202833	
-0.0798301	-0.100951	-0.118477	-0.132042	-0.144903	-0.154451	-0.161886	-0.16881	-0.173004	-0.179218	-0.181815	-0.184941	-0.187388	-0.185536	-0.187939	-0.186505	-0.18621	-0.188179	-0.18718	-0.189029	-0.189864	-0.191885	-0.192745	-0.195926	-0.195728	
