-0.842755	-0.851457	-0.815489	-0.723004	-0.56408	-0.351468	-0.123196	0.0852135	0.2389	0.334925	0.360785	0.296834	0.184625	0.0569101	-0.0471623	-0.10925	-0.144468	-0.153568	-0.157766	-0.152906	-0.153331	-0.15099	-0.153222	-0.151286	-0.153261	
-0.488909	-0.608418	-0.630871	-0.595155	-0.495859	-0.338526	-0.167373	0.00101597	0.147584	0.240236	0.274364	0.230537	0.125767	0.00989812	-0.0938228	-0.156591	-0.187492	-0.193798	-0.189627	-0.180591	-0.169616	-0.161733	-0.156046	-0.152312	-0.149388	
-0.196316	-0.332768	-0.402987	-0.421287	-0.386772	-0.297613	-0.192067	-0.0883686	0.0254123	0.112804	0.142036	0.116364	0.0409636	-0.0465049	-0.123483	-0.179711	-0.208748	-0.219898	-0.216454	-0.210511	-0.19968	-0.18946	-0.17901	-0.172722	-0.165107	
0.116237	-0.0301453	-0.142714	-0.206693	-0.234019	-0.229516	-0.194826	-0.150334	-0.0983658	-0.0475591	-0.0309043	-0.0469288	-0.0825279	-0.126243	-0.161798	-0.190988	-0.21083	-0.223733	-0.22832	-0.227503	-0.22411	-0.218417	-0.20999	-0.203096	-0.195734	
0.437373	0.289746	0.145372	0.0371038	-0.0440706	-0.120585	-0.172261	-0.189008	-0.195689	-0.2043	-0.219955	-0.240239	-0.249752	-0.248196	-0.238389	-0.226638	-0.219107	-0.216306	-0.218606	-0.221064	-0.223292	-0.225275	-0.225449	-0.223256	-0.221662	
0.747765	0.60758	0.453042	0.300532	0.160998	0.0260162	-0.0989393	-0.19465	-0.269478	-0.338192	-0.393382	-0.425366	-0.426864	-0.40011	-0.35824	-0.312877	-0.274199	-0.244861	-0.226206	-0.216783	-0.212388	-0.211318	-0.213302	-0.214484	-0.216482	
1.03435	0.905406	0.756917	0.57625	0.378937	0.191958	0.0181402	-0.146669	-0.298784	-0.431865	-0.530743	-0.581913	-0.586274	-0.553239	-0.497972	-0.434715	-0.37479	-0.324351	-0.284002	-0.254683	-0.234842	-0.221095	-0.213017	-0.208675	-0.206117	
1.29172	1.17711	1.02956	0.840254	0.615029	0.382689	0.158871	-0.0610414	-0.272879	-0.458411	-0.598182	-0.679598	-0.704458	-0.685399	-0.637707	-0.574877	-0.507308	-0.443746	-0.387978	-0.341061	-0.304144	-0.275775	-0.25407	-0.238743	-0.227471	
1.50289	1.41218	1.26118	1.06916	0.845365	0.594377	0.326386	0.0554813	-0.199845	-0.41796	-0.583901	-0.692914	-0.74844	-0.760326	-0.740675	-0.700295	-0.646966	-0.587679	-0.528768	-0.473471	-0.424099	-0.382323	-0.347524	-0.319534	-0.297644	
1.63984	1.58351	1.44954	1.26353	1.04433	0.791783	0.507748	0.211343	-0.0688597	-0.308202	-0.494259	-0.627141	-0.71309	-0.759885	-0.77572	-0.768604	-0.744847	-0.708952	-0.665721	-0.619421	-0.572893	-0.528895	-0.489145	-0.454262	-0.424909	
1.69112	1.66965	1.57806	1.42051	1.20905	0.956599	0.677131	0.389937	0.116886	-0.124451	-0.324575	-0.482116	-0.600651	-0.684818	-0.73903	-0.768149	-0.777499	-0.771498	-0.753835	-0.72831	-0.698019	-0.665495	-0.633152	-0.60255	-0.574926	
1.67038	1.67657	1.62758	1.51263	1.32976	1.09521	0.835588	0.575168	0.329638	0.10653	-0.0912221	-0.262557	-0.407479	-0.526488	-0.620089	-0.689229	-0.736204	-0.764371	-0.777096	-0.777773	-0.769724	-0.755694	-0.738146	-0.719168	-0.700337	
1.59062	1.62121	1.59877	1.51991	1.38322	1.19875	0.986675	0.767705	0.555529	0.355956	0.170328	-0.000881149	-0.156704	-0.29593	-0.417356	-0.519861	-0.602935	-0.667281	-0.714569	-0.746974	-0.767074	-0.777496	-0.780657	-0.778811	-0.773859	
1.4465	1.50461	1.50469	1.45543	1.36711	1.24834	1.10655	0.948905	0.782117	0.611823	0.442432	0.277557	0.120405	-0.0263484	-0.160782	-0.28156	-0.387676	-0.478602	-0.554502	-0.616113	-0.664647	-0.70171	-0.72905	-0.748455	-0.761642	
1.23126	1.31686	1.35127	1.34231	1.30392	1.24647	1.17311	1.08251	0.973381	0.847031	0.707429	0.560024	0.410555	0.264184	0.124912	-0.00459377	-0.12273	-0.228594	-0.321841	-0.402591	-0.471309	-0.528761	-0.575934	-0.61393	-0.643906	
0.962373	1.06472	1.14048	1.18655	1.20672	1.20656	1.18909	1.1539	1.09893	1.023	0.927109	0.814519	0.689996	0.558964	0.426688	0.297632	0.175141	0.0614846	-0.0419625	-0.13454	-0.21611	-0.2869	-0.347398	-0.398245	-0.440161	
0.682438	0.783593	0.888683	0.98611	1.06643	1.12438	1.15854	1.16953	1.15846	1.12629	1.07411	1.00355	0.91708	0.818	0.710256	0.598025	0.485259	0.375346	0.270956	0.174014	0.0857667	0.00690158	-0.0623225	-0.121955	-0.172245	
0.436904	0.521192	0.630987	0.754467	0.876719	0.984365	1.06869	1.12622	1.15737	1.16449	1.15045	1.11791	1.06927	1.00684	0.93306	0.850641	0.762512	0.671643	0.580834	0.492559	0.408861	0.331316	0.261063	0.198855	0.145138	
0.252526	0.312861	0.405566	0.524008	0.656497	0.789338	0.910177	1.0103	1.08534	1.13463	1.15992	1.16411	1.15036	1.12163	1.08057	1.02956	0.970872	0.906728	0.839331	0.770805	0.703128	0.638067	0.577135	0.521568	0.47234	
0.132127	0.169831	0.235655	0.328398	0.442897	0.570692	0.701599	0.825664	0.934843	1.02393	1.09064	1.13511	1.15912	1.16527	1.15649	1.13557	1.10511	1.06743	1.02463	0.97863	0.931186	0.883909	0.838248	0.795479	0.756701	
0.06283	0.0836747	0.12401	0.185632	0.268443	0.369853	0.484747	0.606168	0.726481	0.838626	0.937085	1.01836	1.08097	1.12513	1.15227	1.16452	1.16432	1.15412	1.13625	1.11285	1.08581	1.05681	1.02733	0.998664	0.971916	
0.0272742	0.0375815	0.0593088	0.0949023	0.146458	0.214965	0.299668	0.397834	0.505008	0.615686	0.724173	0.825374	0.915356	0.991607	1.05302	1.0997	1.13261	1.15335	1.16377	1.16584	1.1615	1.15253	1.14055	1.12697	1.11303	
0.0108561	0.0154563	0.0258864	0.0440637	0.072226	0.112473	0.166212	0.233677	0.313672	0.403617	0.499883	0.598307	0.694748	0.785563	0.867928	0.939981	1.00081	1.05035	1.08916	1.11827	1.13896	1.15267	1.16082	1.16476	1.16573	
0.00397904	0.00584615	0.0103562	0.0186677	0.0323564	0.0532445	0.0831136	0.123354	0.174631	0.236668	0.308186	0.387042	0.470488	0.555518	0.639206	0.718982	0.792817	0.859306	0.917668	0.96767	1.00953	1.0438	1.07124	1.09272	1.10915	
0.00134831	0.00204194	0.00381366	0.00724984	0.0132353	0.0229295	0.0376755	0.0588366	0.0875852	0.124685	0.170321	0.224015	0.284652	0.350594	0.419867	0.490368	0.560071	0.627174	0.690215	0.748114	0.800178	0.846059	0.885702	0.919268	0.947066	
0.000423935	0.000661093	0.00129787	0.00259254	0.00496744	0.00902996	0.0155672	0.0255008	0.039798	0.059348	0.0848265	0.116576	0.154529	0.198189	0.246666	0.298767	0.353111	0.408249	0.462781	0.515441	0.565159	0.611086	0.6526	0.689284	0.720896	
0.0001241	0.000199084	0.000409713	0.000857184	0.00171844	0.00326794	0.00589359	0.0100979	0.016476	0.0256685	0.0382916	0.0548563	0.0756917	0.100886	0.130259	0.163361	0.199513	0.237861	0.277441	0.317256	0.356332	0.393771	0.428783	0.460703	0.488995	
3.39268e-05	5.5943e-05	0.000120384	0.000263038	0.000550225	0.0010917	0.00205421	0.0036717	0.00624735	0.0101432	0.0157553	0.0234757	0.0336467	0.046514	0.0621878	0.0806176	0.101584	0.124711	0.149486	0.175301	0.201487	0.22736	0.252249	0.275528	0.296636	
8.68647e-06	1.47114e-05	3.30263e-05	7.51733e-05	0.000163678	0.000338022	0.000662053	0.00123159	0.00218021	0.00368072	0.00594006	0.0091865	0.0136495	0.0195346	0.0269968	0.0361169	0.0468836	0.0591853	0.0728112	0.0874612	0.102763	0.118296	0.133611	0.148256	0.161799	
2.08833e-06	3.63012e-06	8.484e-06	2.00714e-05	4.53914e-05	9.73634e-05	0.000198074	0.000382683	0.00070335	0.00123219	0.00206199	0.00330362	0.00507945	0.00751291	0.0107152	0.014771	0.019725	0.0255713	0.0322473	0.039633	0.0475548	0.0557943	0.0641003	0.0722028	0.0798272	
4.72548e-07	8.42578e-07	2.04614e-06	5.02127e-06	1.17717e-05	2.6176e-05	5.52071e-05	0.000110565	0.00021059	0.000382136	0.000661923	0.00109677	0.00174217	0.00265894	0.00390793	0.0055433	0.00760514	0.0101125	0.0130578	0.0164033	0.0200804	0.0239916	0.0280153	0.0320124	0.035834	
1.00864e-07	1.84374e-07	4.64427e-07	1.18008e-06	2.863e-06	6.58843e-06	1.43809e-05	2.98045e-05	5.87295e-05	0.000110203	0.000197273	0.000337524	0.00055308	0.000869807	0.00131562	0.00191787	0.0027001	0.00367853	0.00485864	0.00623256	0.00777749	0.00945545	0.0112146	0.0129917	0.0147162	
2.03495e-08	3.81151e-08	9.94292e-08	2.61169e-07	6.54694e-07	1.55677e-06	3.51134e-06	7.51916e-06	1.53051e-05	2.96541e-05	5.47784e-05	9.66431e-05	0.000163147	0.000264047	0.000410519	0.000614327	0.000886597	0.00123633	0.00166882	0.00218417	0.00277625	0.00343206	0.00413192	0.0048502	0.00555688	
3.88787e-09	7.4582e-09	2.01195e-08	5.4551e-08	1.41096e-07	3.46195e-07	8.05754e-07	1.78031e-06	3.73812e-06	7.46833e-06	1.42177e-05	2.58325e-05	4.4872e-05	7.4652e-05	0.000119171	0.000182881	0.000270301	0.000385466	0.000531298	0.000708953	0.000917256	0.00115232	0.00140741	0.00167318	0.0019381	
7.04646e-10	1.38385e-09	3.85529e-09	1.07756e-08	2.87209e-08	7.26221e-08	1.74192e-07	3.9661e-07	8.57964e-07	1.76533e-06	3.45937e-06	6.46556e-06	1.15435e-05	1.97204e-05	3.22917e-05	5.07722e-05	7.67858e-05	0.000111893	0.000157367	0.000213945	0.000281585	0.000359282	0.000444965	0.000535514	0.000626906	
1.21349e-10	2.43882e-10	7.00806e-10	2.01678e-09	5.53287e-09	1.44007e-08	3.55563e-08	8.33279e-08	1.855e-07	3.92646e-07	7.91152e-07	1.51945e-06	2.78552e-06	4.88184e-06	8.19251e-06	1.31863e-05	2.03899e-05	3.03395e-05	4.35102e-05	6.02314e-05	8.05986e-05	0.000104396	0.000131046	0.000159596	0.00018876	
1.98867e-11	4.08865e-11	1.21047e-10	3.58269e-10	1.01059e-09	2.70462e-09	6.86675e-09	1.65463e-08	3.78659e-08	8.23678e-08	1.70479e-07	3.36124e-07	6.32131e-07	1.13555e-06	1.95138e-06	3.21281e-06	5.07587e-06	7.70709e-06	1.12638e-05	1.5868e-05	2.15778e-05	2.83597e-05	3.60677e-05	4.44351e-05	5.30809e-05	
3.10577e-12	6.53007e-12	1.98971e-11	6.05062e-11	1.75313e-10	4.81971e-10	1.25704e-09	3.11138e-09	7.3126e-09	1.63314e-08	3.46893e-08	7.0152e-08	1.35229e-07	2.48796e-07	4.3748e-07	7.36268e-07	1.18771e-06	1.83916e-06	2.73769e-06	3.92298e-06	5.41862e-06	7.22346e-06	9.30437e-06	1.15922e-05	1.39827e-05	
4.6284e-13	9.94904e-13	3.11692e-12	9.72941e-12	2.89307e-11	8.16294e-11	2.18507e-10	5.55049e-10	1.33856e-09	3.06658e-09	6.67906e-09	1.38428e-08	2.73299e-08	5.14599e-08	9.25256e-08	1.59073e-07	2.61856e-07	4.13295e-07	6.26302e-07	9.12453e-07	1.27966e-06	1.72965e-06	2.25572e-06	2.84131e-06	3.45979e-06	
6.59006e-14	1.44784e-13	4.65956e-13	1.4917e-12	4.54829e-12	1.316e-11	3.61247e-11	9.40957e-11	2.32652e-10	5.46307e-10	1.21913e-09	2.58758e-09	5.22856e-09	1.00687e-08	1.84999e-08	3.24714e-08	5.45156e-08	8.76581e-08	1.35168e-07	2.00133e-07	2.84874e-07	3.90284e-07	5.15191e-07	6.5591e-07	8.06105e-07	
8.97542e-15	2.01491e-14	6.65567e-14	2.18353e-13	6.82157e-13	2.02244e-12	5.68873e-12	1.51826e-11	3.84576e-11	9.24915e-11	2.11324e-10	4.59016e-10	9.48639e-10	1.86716e-09	3.50366e-09	6.27501e-09	1.07391e-08	1.75838e-08	2.75785e-08	4.14827e-08	5.99108e-08	8.31699e-08	1.11096e-07	1.42929e-07	1.77256e-07	
1.1706e-15	2.68458e-15	9.09453e-15	3.05532e-14	9.77302e-14	2.96682e-13	8.54494e-13	2.33503e-12	6.05508e-12	1.49049e-11	3.48432e-11	7.74014e-11	1.63508e-10	3.28739e-10	6.29652e-10	1.15009e-09	2.00548e-09	3.34231e-09	5.32983e-09	8.14161e-09	1.19266e-08	1.67723e-08	2.26656e-08	2.94608e-08	3.6862e-08	
1.46353e-16	3.428e-16	1.19013e-15	4.09147e-15	1.33908e-14	4.15958e-14	1.2259e-13	3.42768e-13	9.09352e-13	2.28954e-12	5.47277e-12	1.24259e-11	2.68152e-11	5.50417e-11	1.07554e-10	2.00259e-10	3.55647e-10	6.0306e-10	9.77414e-10	1.51578e-09	2.25157e-09	3.20675e-09	4.38317e-09	5.75489e-09	7.26372e-09	
1.75576e-17	4.1994e-17	1.49309e-16	5.24934e-16	1.75678e-15	5.58041e-15	1.68184e-14	4.80864e-14	1.30434e-13	3.35699e-13	8.20018e-13	1.9019e-12	4.19056e-12	8.77725e-12	1.74893e-11	3.31801e-11	5.99887e-11	1.03458e-10	1.70367e-10	2.68147e-10	4.03786e-10	5.82283e-10	8.04851e-10	1.06724e-09	1.35865e-09	
2.02305e-18	4.94e-18	1.7976e-17	6.45924e-17	2.20914e-16	7.17173e-16	2.20902e-15	6.4547e-15	1.78907e-14	4.70422e-14	1.17364e-13	2.77916e-13	6.24899e-13	1.33495e-12	2.7112e-12	5.23875e-12	9.63868e-12	1.6901e-11	2.82686e-11	4.51441e-11	6.88968e-11	1.00575e-10	1.40556e-10	1.88202e-10	2.41621e-10	
2.24084e-19	5.58538e-19	2.07883e-18	7.63017e-18	2.66543e-17	8.83853e-17	2.78083e-16	8.29946e-16	2.34937e-15	6.30781e-15	1.60649e-14	3.88198e-14	8.90336e-14	1.93901e-13	4.01218e-13	7.89291e-13	1.4773e-12	2.63283e-12	4.47156e-12	7.24352e-12	1.12013e-11	1.65494e-11	2.33799e-11	3.16069e-11	4.09169e-11	
2.38805e-20	6.07486e-20	2.31128e-19	8.66095e-19	3.08862e-18	1.0456e-17	3.35857e-17	1.0233e-16	2.95688e-16	8.10235e-16	2.10548e-15	5.18943e-15	1.21347e-14	2.69306e-14	5.67512e-14	1.13622e-13	2.16268e-13	3.91626e-13	6.75196e-13	1.1092e-12	1.73762e-12	2.59781e-12	3.70937e-12	5.06226e-12	6.60736e-12	
2.45051e-21	6.3611e-21	2.47265e-20	9.45492e-20	3.44043e-19	1.18847e-18	3.89546e-18	1.21108e-17	3.57044e-17	9.98034e-17	2.64501e-16	6.64657e-16	1.58393e-15	3.5807e-15	7.68181e-15	1.56471e-14	3.02775e-14	5.5693e-14	9.74472e-14	1.62307e-13	2.57526e-13	3.89528e-13	5.6208e-13	7.7427e-13	1.01881e-12	
2.42366e-22	6.41909e-22	2.54803e-21	9.93771e-21	3.68812e-20	1.29947e-19	4.34438e-19	1.37758e-18	4.14191e-18	1.18056e-17	3.18961e-17	8.1685e-17	1.98312e-16	4.56507e-16	9.96717e-16	2.06488e-15	4.06093e-15	7.58585e-15	1.34677e-14	2.27389e-14	3.65364e-14	5.5905e-14	8.1514e-14	1.13333e-13	1.50361e-13	
2.36973e-23	6.40759e-23	2.59863e-22	1.0343e-21	3.91719e-21	1.40857e-20	4.80618e-20	1.5554e-19	4.77256e-19	1.38806e-18	3.82591e-18	9.99299e-18	2.47343e-17	5.80234e-17	1.29032e-16	2.72094e-16	5.44299e-16	1.03337e-15	1.86294e-15	3.19088e-15	5.19576e-15	8.04793e-15	1.18666e-14	1.66795e-14	2.24853e-14	
