0.00155187	0.00210954	0.00215081	0.00226442	0.00222489	0.00171044	-6.36386e-05	-0.001497	-0.00232485	-0.003233	-0.00375974	-0.00359014	-0.00304286	-0.00187875	-0.00045574	0.00227015	0.00395029	0.00557056	0.0064269	0.00734959	0.0070475	0.00629787	0.00499509	0.0041594	0.00298268	
0.00154959	0.00190665	0.00221246	0.00220719	0.00223499	0.00175997	0.000152788	-0.00106648	-0.00215961	-0.00298919	-0.00368444	-0.00354471	-0.00332548	-0.00197731	-0.00058825	0.0019539	0.00361039	0.0055786	0.00646981	0.00766116	0.00766807	0.00676706	0.00585668	0.00503094	0.00384332	
-0.000510181	-0.000493027	6.70419e-05	0.000408329	0.000111622	-0.000758895	-0.001408	-0.00266987	-0.00424174	-0.00512328	-0.00554114	-0.00580859	-0.00537022	-0.00480906	-0.00231382	-0.000930518	0.00148204	0.00318987	0.0047151	0.00608321	0.00623959	0.00567514	0.00550163	0.00466961	0.00385762	
-0.00273374	-0.00257888	-0.00222351	-0.00220815	-0.00206367	-0.00261851	-0.0034006	-0.00472195	-0.00518285	-0.00665774	-0.00740572	-0.00728364	-0.00701757	-0.00600927	-0.0044741	-0.00262084	-0.000646959	0.00165302	0.00294422	0.00490251	0.00520721	0.00488073	0.00460639	0.00365107	0.00326967	
-0.00467543	-0.00467081	-0.0039849	-0.00391788	-0.00401238	-0.00447952	-0.00507992	-0.00563679	-0.00698475	-0.00835883	-0.00884691	-0.00908102	-0.00894949	-0.00738583	-0.00616256	-0.00417791	-0.00225988	-0.000159339	0.00201037	0.00390336	0.00430364	0.00468416	0.00446151	0.00361713	0.00323765	
-0.00470216	-0.0052342	-0.00442566	-0.00398155	-0.00379476	-0.00477692	-0.00432081	-0.00567029	-0.00677568	-0.00803361	-0.0091226	-0.00917517	-0.00910963	-0.00813979	-0.00634052	-0.00513962	-0.0025804	-0.000521044	0.00116404	0.00351073	0.0041999	0.00408606	0.00470925	0.00366904	0.00335534	
-0.00335628	-0.00309783	-0.00207739	-0.00215839	-0.00166391	-0.00206016	-0.00246992	-0.00275514	-0.00390493	-0.00605341	-0.00659698	-0.00708985	-0.00694698	-0.00610866	-0.00439184	-0.0034573	-0.00116212	0.000807581	0.00327632	0.00480049	0.00602244	0.00639608	0.00612911	0.00542048	0.00543675	
-0.00170837	-0.00184899	-0.000737265	-0.00085689	-0.000136476	-0.000618614	-0.000641145	-0.00146925	-0.00230274	-0.00426284	-0.00590637	-0.00552589	-0.00611072	-0.00452532	-0.00381962	-0.00187242	-0.000468736	0.00233947	0.00426903	0.00650252	0.00737524	0.00761924	0.00808343	0.00729666	0.00716711	
-0.00263644	-0.00272843	-0.00121174	-0.000481705	-0.000217844	-0.000994362	-0.000107259	-0.000466824	-0.00249259	-0.00421475	-0.00530493	-0.00614005	-0.00609691	-0.00590999	-0.00448703	-0.0036364	-0.00161673	-0.000156105	0.00281935	0.00474056	0.00553198	0.0059352	0.00646512	0.00613169	0.00615093	
-0.002312	-0.00274846	-0.00153606	-0.00114135	-0.000465879	-0.0012212	-0.000368738	-0.00164085	-0.0022607	-0.00424427	-0.00606241	-0.00638098	-0.00647926	-0.00575776	-0.00480439	-0.00394664	-0.00193258	0.000406738	0.00200354	0.00480999	0.00626155	0.00586554	0.00710621	0.00678425	0.00687172	
-0.00434841	-0.0039772	-0.00227193	-0.00210094	-0.00162055	-0.00219814	-0.00180878	-0.00171458	-0.00351491	-0.00614046	-0.00714152	-0.00803597	-0.00882748	-0.00784199	-0.00694073	-0.00591128	-0.00442089	-0.00196584	0.000633004	0.00280395	0.0042414	0.0048363	0.00571677	0.00600916	0.00643852	
-0.00485198	-0.0048892	-0.00332153	-0.00308046	-0.0022092	-0.00292469	-0.00197479	-0.00273745	-0.00382348	-0.00645766	-0.00872078	-0.00862976	-0.00992331	-0.00939379	-0.00845527	-0.0077746	-0.00566693	-0.0031813	-0.00131346	0.00180989	0.00288513	0.00334306	0.00505182	0.00485243	0.00567126	
-0.00549306	-0.00515007	-0.00388649	-0.00345025	-0.00284664	-0.00345255	-0.00231168	-0.00276453	-0.00413581	-0.00735697	-0.00882826	-0.010386	-0.0104625	-0.0104708	-0.00901478	-0.00862134	-0.00631403	-0.00395637	-0.00112471	0.00128454	0.00276262	0.00366683	0.00514431	0.00523512	0.0059167	
-0.00578984	-0.00591209	-0.00411267	-0.00379201	-0.00319727	-0.00360325	-0.00236736	-0.00268517	-0.00430694	-0.00682718	-0.00927683	-0.00998598	-0.0113615	-0.0104455	-0.00994689	-0.00859357	-0.00675585	-0.00411423	-0.00196621	0.000821158	0.00230883	0.00268471	0.00467278	0.00470517	0.00526969	
-0.00483051	-0.00459646	-0.0029652	-0.00249565	-0.00190941	-0.00249446	-0.00106055	-0.00114323	-0.00305054	-0.0059098	-0.00770662	-0.00897715	-0.0100708	-0.0098134	-0.00878136	-0.00823286	-0.00608692	-0.00355938	-0.000968864	0.0012684	0.0028669	0.00376784	0.00462359	0.00518324	0.00589294	
-0.00185995	-0.00220811	-0.000703519	-0.000649093	6.68937e-05	-0.000233853	0.000607534	0.000133194	-0.000960138	-0.00414236	-0.00650285	-0.00733056	-0.00869267	-0.00843539	-0.0068947	-0.00641277	-0.00385678	-0.0010923	0.00117737	0.00419981	0.00562553	0.00608326	0.00787588	0.00774331	0.00848733	
-0.00162838	-0.00135726	0.000245327	0.000626885	0.0011301	0.000618368	0.00165677	0.00156391	-0.000149855	-0.00318377	-0.00525936	-0.0066034	-0.00786298	-0.0075286	-0.00677721	-0.00516098	-0.00341364	-0.000756858	0.00189428	0.00439177	0.00570136	0.00642997	0.00747072	0.00791464	0.00832572	
-0.00164602	-0.00220126	-0.000694993	-4.93262e-05	0.000728282	0.000299929	0.00108395	0.000683972	-0.00105038	-0.0035046	-0.00609847	-0.00732335	-0.00842535	-0.0078448	-0.00694339	-0.00590787	-0.00312479	-0.000825802	0.00196329	0.00484819	0.00605219	0.00639794	0.00739965	0.00741416	0.00826083	
-0.00211294	-0.00248963	-0.00114422	3.61082e-05	0.00046183	-4.37653e-05	0.00116223	0.000522133	-0.000912708	-0.00412733	-0.00607601	-0.00784155	-0.00893915	-0.00822822	-0.00688031	-0.00587783	-0.00375994	-0.000316245	0.00222084	0.00526187	0.00614674	0.00667129	0.00738927	0.00736605	0.00774965	
-0.00182403	-0.00158358	-9.10409e-05	0.000387704	0.0015253	0.00118042	0.00155493	0.00152466	-0.000287544	-0.00340325	-0.00586703	-0.0073434	-0.00822834	-0.00818271	-0.00668227	-0.00512075	-0.00285867	0.000169694	0.00289521	0.00597001	0.00697377	0.00709919	0.00810472	0.00755029	0.00782788	
-0.00114909	-0.00110023	0.000347932	0.000931491	0.00201042	0.00175689	0.00232023	0.00186771	0.000142365	-0.0032198	-0.00635694	-0.00772976	-0.00881386	-0.00822279	-0.00716437	-0.00577564	-0.0032235	5.91857e-05	0.00294485	0.00608528	0.0075083	0.00752863	0.00799284	0.00809371	0.00825116	
-0.00108836	-0.00161988	0.000258572	0.00131907	0.00195945	0.00198954	0.00294113	0.0021914	0.00050947	-0.00340712	-0.00584173	-0.00812008	-0.00932054	-0.00887529	-0.00701898	-0.00627501	-0.00334344	-0.00047703	0.00291677	0.00619874	0.00747662	0.00717485	0.00825335	0.00752284	0.00789201	
-0.00300262	-0.00279775	-0.00107238	0.000434917	0.00107212	0.00112695	0.00165767	0.00148556	-0.0005261	-0.0044217	-0.00780154	-0.00898612	-0.0107342	-0.00997392	-0.00936259	-0.00708061	-0.00469336	-0.00115284	0.00197706	0.00512183	0.00641701	0.00701367	0.00720577	0.00709484	0.00629544	
-0.0035683	-0.00352248	-0.00222797	-0.000579659	0.000947021	0.000997094	0.00143697	0.00103451	-0.00125817	-0.00471609	-0.00776238	-0.0104391	-0.0108533	-0.0112422	-0.00965871	-0.00805378	-0.00531877	-0.00216559	0.00162994	0.00475422	0.00638094	0.00677878	0.0070292	0.00682967	0.00644576	
-0.0045925	-0.00441569	-0.00220226	-0.000610979	0.000276142	0.000692579	0.00152293	0.00116888	-0.00153952	-0.00519476	-0.00839176	-0.0102346	-0.0116851	-0.0113035	-0.0101443	-0.00851283	-0.00539508	-0.00182827	0.00174794	0.00544746	0.007266	0.00745639	0.0076541	0.00744157	0.0073873	
-0.00537181	-0.00480717	-0.00284659	-0.00124888	0.000788698	0.000720879	0.00170331	0.000849211	-0.00151121	-0.00523912	-0.0085642	-0.0106567	-0.0118073	-0.0119484	-0.0105401	-0.00912994	-0.00572671	-0.00201159	0.00167771	0.00499674	0.00721727	0.00765592	0.00790865	0.00753823	0.00719571	
-0.00500398	-0.00483037	-0.00275696	-0.000749049	0.000952447	0.00160156	0.00208801	0.0013415	-0.00105825	-0.00471824	-0.00825125	-0.0100181	-0.011575	-0.011413	-0.0102762	-0.00840352	-0.00511436	-0.00171032	0.00237661	0.005771	0.00795667	0.00801906	0.00841412	0.00829412	0.00777631	
-0.00335736	-0.00299572	-0.000968084	0.00113011	0.00286314	0.00363523	0.00440839	0.0035241	0.00139164	-0.0027851	-0.00563198	-0.00828738	-0.00937153	-0.00945049	-0.00821541	-0.00618032	-0.00340419	0.000652773	0.00448543	0.00811769	0.010172	0.0103397	0.0107045	0.0103002	0.0101721	
-0.00175773	-0.00096814	0.00105767	0.00314537	0.00536115	0.0061165	0.00652694	0.00597275	0.00338765	-0.000390534	-0.00361807	-0.00589754	-0.00751786	-0.00734041	-0.00641085	-0.00449834	-0.00135791	0.0026316	0.00657713	0.00971952	0.0116928	0.0122268	0.0124608	0.0121445	0.0118244	
0.000351462	0.000833891	0.00283914	0.00531235	0.00808928	0.00836224	0.00960024	0.00829819	0.00613232	0.00287251	-0.000773473	-0.00319881	-0.00466815	-0.0051082	-0.00358767	-0.00196232	0.000943809	0.004534	0.00845257	0.0115578	0.0134285	0.0131925	0.0139543	0.0132738	0.0128451	
0.000516268	0.00174101	0.00377671	0.0062526	0.00857386	0.00923875	0.010447	0.00933036	0.00709077	0.00341136	-0.00020455	-0.00281747	-0.00442543	-0.00504662	-0.0038919	-0.002368	0.000820433	0.00372638	0.00823677	0.0109083	0.0130406	0.0129055	0.0134603	0.0125735	0.0124241	
0.00200983	0.00271408	0.00501633	0.00720658	0.0101957	0.0107642	0.0114822	0.0101985	0.00774034	0.00438682	0.000594123	-0.00211787	-0.00430575	-0.00481075	-0.00409208	-0.00265942	2.49998e-05	0.00360301	0.00721609	0.00985827	0.0119824	0.0121078	0.0119975	0.0114686	0.0106367	
0.00159934	0.00242657	0.00459493	0.00706223	0.00919641	0.00989652	0.0103644	0.0089066	0.00626663	0.00206966	-0.00128055	-0.00465629	-0.00670095	-0.00779584	-0.00718293	-0.0056189	-0.00317604	8.46945e-05	0.0038673	0.00671359	0.0089471	0.00888204	0.00935487	0.00835239	0.00824997	
-0.000611134	6.45915e-05	0.00256106	0.00454258	0.00703264	0.00753729	0.00774001	0.00621137	0.00333083	-0.000788973	-0.00484092	-0.0080565	-0.010557	-0.0112353	-0.0112221	-0.00976497	-0.00729275	-0.0041979	-0.000368412	0.002451	0.00474223	0.00451753	0.00504982	0.00440397	0.00423675	
-0.00450887	-0.00379209	-0.00175278	0.000521292	0.00349772	0.00355881	0.00409745	0.00172667	-0.00110157	-0.00549823	-0.00952291	-0.0129964	-0.0155898	-0.0168237	-0.0162659	-0.0149355	-0.0122712	-0.00916803	-0.0052313	-0.00289019	-0.000441249	-0.000266549	4.58732e-05	-0.000509232	-0.00105265	
-0.00813731	-0.0076331	-0.00491865	-0.00310114	-0.000576634	-0.000451192	-2.90332e-05	-0.0019824	-0.00553008	-0.00989635	-0.0145515	-0.0178168	-0.0204228	-0.0218365	-0.0208815	-0.0199746	-0.016564	-0.0134769	-0.00973372	-0.00719666	-0.00450043	-0.00463257	-0.00387457	-0.00499888	-0.00447804	
-0.0104118	-0.00969129	-0.0078609	-0.00561485	-0.00327002	-0.00331936	-0.00303775	-0.00572476	-0.00909313	-0.0137969	-0.0181652	-0.0221581	-0.0246501	-0.0254382	-0.0250613	-0.0231151	-0.0204303	-0.0167441	-0.012774	-0.00995977	-0.00757328	-0.00707522	-0.00702593	-0.00713876	-0.00692911	
-0.0118646	-0.011525	-0.00926063	-0.0076325	-0.00511866	-0.00530662	-0.00558851	-0.00812632	-0.0119329	-0.0167757	-0.021093	-0.0249331	-0.0274436	-0.0287721	-0.0278188	-0.0257342	-0.0225492	-0.019089	-0.0148461	-0.0119376	-0.00929715	-0.00899582	-0.00796918	-0.00869152	-0.00849606	
-0.0123988	-0.0117528	-0.00979737	-0.00792268	-0.0059253	-0.00626249	-0.00646869	-0.00948989	-0.0127618	-0.0180623	-0.0225568	-0.0258054	-0.0289787	-0.0289596	-0.0281159	-0.0262309	-0.0229482	-0.0185204	-0.0147565	-0.0115809	-0.00901376	-0.00831964	-0.00762717	-0.0078929	-0.00769296	
-0.0113113	-0.0108495	-0.00881981	-0.00720639	-0.0046584	-0.00531077	-0.00576903	-0.0087653	-0.0127177	-0.0174458	-0.021568	-0.0253785	-0.0280024	-0.0281448	-0.0263516	-0.0247704	-0.0204998	-0.0168448	-0.0125642	-0.00913992	-0.00649495	-0.0061207	-0.00511909	-0.00529201	-0.00453523	
-0.00992815	-0.00904286	-0.00704991	-0.00556031	-0.00321942	-0.00391311	-0.00433507	-0.00715794	-0.0111925	-0.0159782	-0.0206137	-0.023447	-0.0259116	-0.0263148	-0.0247728	-0.0218327	-0.0182664	-0.0135838	-0.00969817	-0.00628193	-0.00362669	-0.00292235	-0.00186836	-0.00192956	-0.00149105	
-0.0065307	-0.00583667	-0.0042709	-0.00240095	-0.000339534	-0.000705597	-0.00154047	-0.00457601	-0.00854704	-0.0133102	-0.0171906	-0.020704	-0.0226756	-0.0230033	-0.0204584	-0.0181434	-0.0138045	-0.00931	-0.00504702	-0.0015979	0.000811383	0.00180095	0.00295273	0.00254747	0.00330492	
-0.00252303	-0.00223579	-5.76145e-05	0.00171509	0.00345372	0.00247725	0.00233457	-0.00105448	-0.00517465	-0.00987422	-0.0137836	-0.0167445	-0.0189662	-0.018292	-0.0165938	-0.0133082	-0.00914756	-0.00436799	-0.000633015	0.00350832	0.00577469	0.00674737	0.00716832	0.00770548	0.00798285	
0.00133938	0.00199422	0.0039362	0.00587484	0.00756024	0.00722107	0.00626682	0.0030973	-0.00100058	-0.00557049	-0.00974399	-0.012396	-0.0142636	-0.0141031	-0.0118515	-0.00902193	-0.00453419	-0.000301708	0.00399301	0.00769356	0.00975136	0.0108253	0.0119869	0.0115759	0.0123928	
0.00460072	0.00546668	0.00769815	0.00918967	0.0108387	0.0100715	0.00908548	0.00608947	0.00205128	-0.00295956	-0.00684381	-0.00909242	-0.0109036	-0.0105801	-0.00796992	-0.00520235	-0.00074793	0.00411282	0.00799064	0.0117694	0.014242	0.0151844	0.0164214	0.0165802	0.0167633	
0.00665099	0.00755246	0.0098326	0.0114264	0.0130044	0.0123879	0.0113608	0.00845784	0.00452345	-0.000281553	-0.00395347	-0.00651005	-0.00808085	-0.00782933	-0.00511072	-0.00236456	0.00180428	0.00660069	0.0103451	0.0144929	0.0166204	0.0179453	0.0188408	0.0187232	0.0189685	
0.00704511	0.00761067	0.00999787	0.0120769	0.0129101	0.0123432	0.011559	0.00852323	0.00449843	0.000106384	-0.00387458	-0.00586374	-0.00763027	-0.00698579	-0.00468273	-0.0015558	0.00291776	0.00771101	0.0115666	0.0155907	0.0181511	0.0190016	0.0203885	0.0200434	0.0204009	
0.00741021	0.00807188	0.0104838	0.01243	0.0138304	0.0131448	0.0117206	0.00918916	0.00520832	0.000639947	-0.00279499	-0.0055887	-0.00644609	-0.00606883	-0.00345323	-0.000370128	0.00415934	0.00821281	0.0128058	0.0168546	0.0189604	0.0202679	0.0212296	0.0213331	0.0213271	
0.00714147	0.00807831	0.0103053	0.0122975	0.0133509	0.0125447	0.0115937	0.0086189	0.00496475	0.000413599	-0.00367332	-0.00555295	-0.00706166	-0.00627157	-0.0036616	-0.000514686	0.00365804	0.00859147	0.0121881	0.0168273	0.0186599	0.0198033	0.0212448	0.0212904	0.0213408	
0.00690378	0.00769317	0.0102575	0.0120748	0.0131484	0.0127354	0.0111577	0.0088451	0.00503663	7.16081e-05	-0.00300096	-0.0052371	-0.00678584	-0.00597516	-0.00291197	-0.000165604	0.00440189	0.00872496	0.0127859	0.0167993	0.0187653	0.0200127	0.0210315	0.0211644	0.021738	
