-0.116854	-0.106108	-0.107878	-0.126895	-0.153708	-0.17711	-0.179312	-0.159572	-0.146727	-0.165955	-0.220204	-0.306697	-0.417115	-0.522333	-0.58496	-0.585088	-0.517265	-0.371948	-0.139802	0.167717	0.515495	0.862982	1.17707	1.42768	1.58181	
-0.117933	-0.108763	-0.104853	-0.118913	-0.143866	-0.170254	-0.180775	-0.165811	-0.14709	-0.154566	-0.197049	-0.272511	-0.376448	-0.486139	-0.563122	-0.580216	-0.528749	-0.400553	-0.184329	0.114387	0.462474	0.81414	1.13019	1.38083	1.53903	
-0.111797	-0.110253	-0.106301	-0.115472	-0.135725	-0.160241	-0.176363	-0.170656	-0.153619	-0.153327	-0.184801	-0.248193	-0.340681	-0.446512	-0.530926	-0.561409	-0.523654	-0.410113	-0.210387	0.0741972	0.414778	0.763593	1.07623	1.32225	1.48049	
-0.104188	-0.111813	-0.11137	-0.116129	-0.129788	-0.148662	-0.167174	-0.173086	-0.164322	-0.160934	-0.182752	-0.23358	-0.310927	-0.405524	-0.490065	-0.529611	-0.502873	-0.401601	-0.218338	0.0476299	0.373095	0.711735	1.01566	1.25323	1.40827	
-0.0973677	-0.113339	-0.118231	-0.119407	-0.125571	-0.136932	-0.155558	-0.173558	-0.17752	-0.175608	-0.189584	-0.227526	-0.287071	-0.364591	-0.442304	-0.485937	-0.467368	-0.376408	-0.209438	0.0343503	0.337861	0.659135	0.949116	1.17493	1.32425	
-0.0931071	-0.114599	-0.1248	-0.123241	-0.122069	-0.126351	-0.144534	-0.173591	-0.192024	-0.195304	-0.203403	-0.22808	-0.268017	-0.324439	-0.389293	-0.431645	-0.418253	-0.336282	-0.185636	0.0333191	0.309206	0.606441	0.877323	1.08838	1.23003	
-0.0927114	-0.114764	-0.127875	-0.124824	-0.118456	-0.118588	-0.137325	-0.175164	-0.207129	-0.217887	-0.221767	-0.232692	-0.252032	-0.285176	-0.332377	-0.368088	-0.356915	-0.283311	-0.149351	0.0429739	0.286921	0.554243	0.801064	0.994584	1.12711	
-0.0946984	-0.111886	-0.125285	-0.12312	-0.1157	-0.116135	-0.136787	-0.179972	-0.222385	-0.241178	-0.241768	-0.238472	-0.237106	-0.2464	-0.272481	-0.296696	-0.285124	-0.219896	-0.103239	0.061423	0.270432	0.502917	0.721087	0.894554	1.01692	
-0.0973163	-0.106138	-0.118764	-0.120293	-0.116392	-0.121192	-0.144229	-0.188738	-0.237389	-0.262987	-0.260201	-0.242506	-0.221255	-0.207313	-0.2101	-0.219011	-0.205091	-0.148675	-0.0499847	0.0866025	0.258776	0.452507	0.638061	0.789387	0.901044	
-0.0998352	-0.10002	-0.111498	-0.118814	-0.122491	-0.134332	-0.15917	-0.2014	-0.251729	-0.28103	-0.273785	-0.242176	-0.202714	-0.166841	-0.145431	-0.136773	-0.119434	-0.0723852	0.00785685	0.116362	0.250593	0.402688	0.552582	0.68035	0.781259	
-0.101104	-0.0952623	-0.105965	-0.120834	-0.135301	-0.155053	-0.180355	-0.217442	-0.264464	-0.292669	-0.279503	-0.235476	-0.18001	-0.123783	-0.0786242	-0.052004	-0.0310347	0.00631473	0.0679323	0.148474	0.244156	0.352818	0.465238	0.568941	0.659605	
-0.101438	-0.093948	-0.105347	-0.129482	-0.155892	-0.181947	-0.205719	-0.235134	-0.273378	-0.29513	-0.275263	-0.221212	-0.151893	-0.0770232	-0.0101178	0.0329786	0.0572127	0.0849931	0.128053	0.180603	0.237459	0.302098	0.37672	0.456906	0.538319	
-0.103705	-0.0989163	-0.112949	-0.146859	-0.182966	-0.211676	-0.231871	-0.251218	-0.275499	-0.286576	-0.26038	-0.198734	-0.117197	-0.0258861	0.0590533	0.115691	0.142686	0.161506	0.186072	0.210286	0.22842	0.249822	0.28794	0.346198	0.419723	
-0.110021	-0.110932	-0.130134	-0.171793	-0.212316	-0.240007	-0.255175	-0.262059	-0.268495	-0.266745	-0.235073	-0.167342	-0.0750095	0.0293419	0.12713	0.193781	0.223263	0.233914	0.239732	0.235013	0.215161	0.195636	0.200106	0.238879	0.306045	
-0.120366	-0.130596	-0.156534	-0.200503	-0.239651	-0.264144	-0.272571	-0.264353	-0.251129	-0.236248	-0.199416	-0.126244	-0.0254126	0.0870043	0.191902	0.265416	0.297346	0.300265	0.286597	0.252444	0.196359	0.13976	0.114718	0.136964	0.199229	
-0.136693	-0.159776	-0.18924	-0.228381	-0.26257	-0.28206	-0.280395	-0.255025	-0.222951	-0.19565	-0.153205	-0.0755333	0.0297377	0.144332	0.251384	0.329509	0.363596	0.358361	0.324156	0.260769	0.171552	0.0830836	0.0334616	0.0422371	0.100776	
-0.162909	-0.195819	-0.221748	-0.2518	-0.27923	-0.289906	-0.274193	-0.232255	-0.184407	-0.145431	-0.096914	-0.01723	0.0869943	0.198473	0.304416	0.385466	0.420459	0.405694	0.350203	0.259123	0.141328	0.0270898	-0.0419802	-0.0439179	0.0116436	
-0.196394	-0.230182	-0.248367	-0.268676	-0.285926	-0.28255	-0.251633	-0.196888	-0.136665	-0.0863608	-0.0326054	0.044821	0.142586	0.247533	0.350571	0.432481	0.46582	0.439768	0.363401	0.24792	0.107279	-0.026386	-0.110162	-0.120642	-0.0677758	
-0.227726	-0.256865	-0.267674	-0.276155	-0.277527	-0.257618	-0.214603	-0.151332	-0.0806187	-0.0199279	0.0359712	0.106171	0.193742	0.290678	0.389288	0.468867	0.497185	0.458806	0.363831	0.228906	0.0717074	-0.0755041	-0.170084	-0.187643	-0.137591	
-0.25204	-0.276024	-0.277753	-0.269026	-0.25136	-0.217598	-0.166719	-0.0967654	-0.0167629	0.0509608	0.104054	0.163135	0.238998	0.327192	0.418937	0.492095	0.5125	0.462552	0.353237	0.204873	0.0371471	-0.118774	-0.221315	-0.24515	-0.198297	
-0.270081	-0.285729	-0.272462	-0.243562	-0.20968	-0.166551	-0.109306	-0.0329469	0.0529374	0.121572	0.167058	0.213399	0.277346	0.355343	0.436704	0.499715	0.511222	0.452731	0.334777	0.179064	0.00584112	-0.155305	-0.264003	-0.293797	-0.250622	
-0.278132	-0.278287	-0.247072	-0.201662	-0.156638	-0.105732	-0.0417179	0.0384445	0.123447	0.186436	0.221769	0.255585	0.307048	0.372098	0.439587	0.490717	0.495031	0.432867	0.312332	0.154485	-0.020655	-0.1849	-0.298778	-0.334469	-0.295393	
-0.267296	-0.249257	-0.204173	-0.14794	-0.093615	-0.0344363	0.0340799	0.111424	0.188102	0.241527	0.266599	0.288115	0.325111	0.374054	0.425967	0.466509	0.467744	0.40749	0.289634	0.133352	-0.0416469	-0.207967	-0.326576	-0.368145	-0.333423	
-0.234737	-0.20304	-0.149371	-0.0840622	-0.0200895	0.0448329	0.110996	0.177999	0.242094	0.285338	0.300471	0.308312	0.327992	0.359107	0.396828	0.430954	0.434442	0.381068	0.269533	0.116828	-0.0572387	-0.225338	-0.348458	-0.395772	-0.365435	
-0.186602	-0.145733	-0.0842181	-0.00955889	0.0609024	0.124122	0.180156	0.232876	0.284167	0.317547	0.321303	0.312691	0.31326	0.32788	0.355943	0.389463	0.400229	0.357093	0.253634	0.105069	-0.068108	-0.238034	-0.365454	-0.418184	-0.392033	
-0.127939	-0.0777997	-0.00802199	0.0720882	0.140841	0.194285	0.236411	0.275291	0.314706	0.336683	0.32578	0.298577	0.281243	0.284082	0.308947	0.347593	0.369137	0.337599	0.242324	0.0974942	-0.0752242	-0.247077	-0.378458	-0.436063	-0.413698	
-0.0573871	0.00170343	0.0750463	0.151847	0.210708	0.250796	0.279748	0.306197	0.332525	0.339442	0.311009	0.26605	0.235629	0.233608	0.261794	0.30978	0.343536	0.323175	0.235073	0.0931237	-0.0796014	-0.253353	-0.388186	-0.449935	-0.430795	
0.0254449	0.0872908	0.155221	0.22097	0.266782	0.29439	0.311471	0.32431	0.333966	0.322584	0.276881	0.218851	0.182628	0.182862	0.219307	0.278633	0.324128	0.313307	0.23085	0.0908872	-0.0821344	-0.257558	-0.395168	-0.460188	-0.443594	
0.113034	0.168319	0.224093	0.276543	0.310298	0.326308	0.329832	0.325356	0.3153	0.285834	0.227303	0.16358	0.129133	0.137097	0.184338	0.254897	0.310333	0.306861	0.228482	0.0898247	-0.0835222	-0.260192	-0.399773	-0.467089	-0.452287	
0.193972	0.237039	0.279598	0.319982	0.341948	0.343953	0.329825	0.305177	0.27618	0.233372	0.169365	0.107664	0.0808463	0.0994391	0.157686	0.237885	0.300855	0.302517	0.226897	0.0891799	-0.084261	-0.261585	-0.402238	-0.470813	-0.456998	
0.261825	0.292349	0.322991	0.350977	0.357987	0.341579	0.307109	0.263658	0.221252	0.17286	0.111054	0.0572407	0.041151	0.0707637	0.138583	0.226122	0.294181	0.299051	0.225242	0.088412	-0.0846746	-0.261936	-0.402696	-0.471455	-0.457794	
0.316309	0.334987	0.352623	0.364506	0.352075	0.315012	0.262212	0.206207	0.15885	0.112808	0.0588678	0.0158903	0.0109742	0.050239	0.125406	0.217908	0.288913	0.295477	0.222892	0.0871591	-0.0849586	-0.261347	-0.401201	-0.469043	-0.454694	
0.357269	0.361693	0.362235	0.353972	0.320677	0.265853	0.201601	0.14196	0.0979737	0.0599558	0.0164691	-0.0154792	-0.0106013	0.0361193	0.116319	0.211702	0.283926	0.291059	0.21941	0.0851876	-0.0852215	-0.25985	-0.397743	-0.46355	-0.447668	
0.379515	0.365227	0.345544	0.31705	0.266885	0.201853	0.135258	0.080336	0.0454738	0.0178941	-0.0153733	-0.0379266	-0.0254509	0.026454	0.109685	0.206291	0.278387	0.285267	0.214493	0.0823447	-0.0855164	-0.257427	-0.392254	-0.454893	-0.436642	
0.375455	0.340305	0.302021	0.258697	0.199859	0.133771	0.0728573	0.0281369	0.00474261	-0.0128645	-0.0379495	-0.0534895	-0.0356314	0.019542	0.104256	0.200806	0.271704	0.277716	0.207916	0.0785242	-0.0858603	-0.254015	-0.384618	-0.442941	-0.421502	
0.34142	0.288723	0.238817	0.189512	0.130964	0.0712878	0.020913	-0.0115908	-0.024031	-0.0339047	-0.0535188	-0.0643484	-0.0429006	0.0141206	0.099181	0.19466	0.263446	0.268103	0.1995	0.0736457	-0.0862426	-0.249512	-0.37466	-0.427506	-0.402089	
0.282048	0.219934	0.167824	0.121179	0.069577	0.0203598	-0.018071	-0.0390511	-0.0427144	-0.0477246	-0.0644273	-0.0723282	-0.048528	0.00936883	0.0939313	0.187459	0.253279	0.256172	0.189086	0.0676485	-0.0866235	-0.243765	-0.362146	-0.408344	-0.378201	
0.208761	0.146732	0.100738	0.0624594	0.0208302	-0.0172408	-0.0448013	-0.0563802	-0.0539738	-0.0568325	-0.0726092	-0.0787185	-0.0533059	0.00481776	0.0881985	0.178923	0.240921	0.241692	0.176539	0.0604961	-0.0869248	-0.236561	-0.346768	-0.385141	-0.349583	
0.134764	0.0804243	0.0454031	0.0174165	-0.0143829	-0.042804	-0.0617144	-0.0663382	-0.0603786	-0.0632708	-0.0794248	-0.0842994	-0.0576514	0.000239166	0.0818057	0.168826	0.22611	0.224455	0.161753	0.0521891	-0.0870134	-0.227609	-0.328124	-0.3575	-0.315913	
0.070307	0.0275679	0.00470016	-0.0140052	-0.0379688	-0.0590854	-0.0716561	-0.0714478	-0.0639728	-0.0684901	-0.0857053	-0.0894555	-0.0617286	-0.00445182	0.0746405	0.156965	0.208603	0.204286	0.144667	0.0427809	-0.0866862	-0.216523	-0.305713	-0.324938	-0.276801	
0.0203112	-0.0101365	-0.0223163	-0.0343315	-0.0529838	-0.0690076	-0.0770757	-0.0736297	-0.0662018	-0.0734199	-0.0918748	-0.0943027	-0.0655509	-0.00926908	0.0666096	0.143133	0.188174	0.181059	0.125282	0.0323866	-0.0856669	-0.202831	-0.278947	-0.286902	-0.231804	
-0.0148132	-0.0344403	-0.038669	-0.0468736	-0.0623905	-0.0749483	-0.0797402	-0.0741872	-0.0680204	-0.0786029	-0.0980751	-0.0987916	-0.0690571	-0.0142061	0.0576074	0.127114	0.164621	0.154709	0.103658	0.0211701	-0.0836371	-0.186027	-0.247231	-0.24286	-0.180502	
-0.0376379	-0.0485922	-0.0477656	-0.0546223	-0.0684847	-0.0785409	-0.0807688	-0.0739524	-0.0700489	-0.0843172	-0.10426	-0.102783	-0.0721648	-0.0192723	0.0474917	0.108672	0.137776	0.125227	0.0798988	0.00929645	-0.0803157	-0.165689	-0.210113	-0.19247	-0.122668	
-0.0514684	-0.0558477	-0.0525624	-0.0598178	-0.0727668	-0.0807517	-0.0808078	-0.0734675	-0.0727039	-0.0906579	-0.11026	-0.1061	-0.074809	-0.0245232	0.0360628	0.0875419	0.107495	0.09265	0.0541018	-0.00314718	-0.0755794	-0.141652	-0.167507	-0.135833	-0.0585248	
-0.0593473	-0.0588974	-0.0552202	-0.0638775	-0.076073	-0.082081	-0.0802239	-0.0731305	-0.0762772	-0.0975788	-0.115822	-0.10857	-0.0769747	-0.0300867	0.0230433	0.0634281	0.073663	0.0570354	0.0263114	-0.0162262	-0.0695697	-0.114159	-0.119888	-0.0737223	0.0109992	
-0.0635032	-0.0595852	-0.0571444	-0.0675908	-0.0787864	-0.0827439	-0.0792546	-0.0732911	-0.0809691	-0.104908	-0.120641	-0.110062	-0.0787241	-0.0361879	0.00806418	0.0360054	0.0361964	0.018455	-0.00349341	-0.0301606	-0.0626847	-0.0838489	-0.0682883	-0.00759619	0.0841999	
-0.065235	-0.0591766	-0.059228	-0.0712896	-0.0809955	-0.082819	-0.0781212	-0.074297	-0.0868816	-0.112353	-0.124397	-0.11052	-0.0802216	-0.0431677	-0.00933602	0.00494517	-0.00492037	-0.0229655	-0.0353289	-0.0451899	-0.0553669	-0.0514712	-0.0139391	0.0607709	0.158899	
-0.0654256	-0.0585766	-0.0619261	-0.0749876	-0.0826505	-0.0823594	-0.0770925	-0.076495	-0.0939888	-0.119504	-0.126799	-0.109996	-0.0817528	-0.0514928	-0.0296914	-0.0300319	-0.0495694	-0.0669602	-0.0690534	-0.061312	-0.0477153	-0.017357	0.042381	0.129995	0.233058	
-0.0645537	-0.0583696	-0.0654289	-0.0785369	-0.0836488	-0.0814537	-0.076519	-0.0802026	-0.102098	-0.125858	-0.127629	-0.108685	-0.0837372	-0.0617509	-0.0535647	-0.0690791	-0.0974165	-0.113022	-0.1042	-0.0780223	-0.0391213	0.0190764	0.100999	0.199761	0.305138	
-0.0629984	-0.0591469	-0.0697143	-0.0816387	-0.0838986	-0.0802953	-0.0768394	-0.0856436	-0.110814	-0.130864	-0.126809	-0.10694	-0.0867318	-0.074632	-0.081482	-0.112139	-0.147847	-0.160346	-0.139907	-0.094243	-0.0282147	0.0594286	0.163651	0.271218	0.373097	
