0.00063083	0.000762606	0.000200237	8.88324e-05	-0.000581817	-1.92434e-05	0.00075286	0.00100677	0.00228309	0.00327514	0.00196984	0.00176115	0.00179224	0.00255876	0.00331548	0.00434557	0.00518911	0.00469235	0.00433693	0.00322162	0.00190004	0.000296344	-0.00129666	-0.00242487	-0.00446017	
0.000702437	0.000439358	-2.3045e-05	-0.000214032	-0.000615344	-0.00031125	0.000464576	0.0010887	0.00235111	0.00309088	0.00185454	0.00223976	0.00164773	0.0027115	0.00317864	0.00436355	0.00470856	0.00453661	0.00393289	0.00297906	0.00164194	0.000287141	-0.0013268	-0.00256282	-0.00451363	
0.000242155	4.30317e-05	-0.000218023	-0.000501246	-0.000570776	-0.00025784	0.000414872	0.000794179	0.00212876	0.00318649	0.0021242	0.00213757	0.0022423	0.00294989	0.00389015	0.00489519	0.00574323	0.00546452	0.00514205	0.00419034	0.00296883	0.0018246	-0.000323571	-0.001003	-0.00326182	
9.02475e-05	-0.000196888	-0.000540397	-0.00038006	-0.00117351	-0.000691684	-0.000326745	0.000210749	0.00162195	0.00245405	0.00141468	0.00160774	0.00136253	0.00254942	0.00317894	0.00416988	0.00505676	0.00483596	0.00448645	0.00338235	0.00240769	0.000714113	-0.000425808	-0.00194629	-0.00369298	
-0.000602247	-0.000648117	-0.000658748	-0.00124164	-0.00146351	-0.00125081	-0.000816044	-1.89562e-05	0.000697513	0.00211933	0.000661992	0.00125791	0.00104784	0.00192787	0.00285892	0.00395605	0.00476707	0.00454012	0.00440802	0.00325514	0.00223081	0.00107125	-0.000779304	-0.00176189	-0.00404591	
1.42866e-05	-0.00028835	-0.000272128	-0.000707674	-0.00122801	-0.000868757	-0.000577251	-0.000337836	0.0010618	0.00189522	0.000834039	0.00128813	0.000676056	0.00207302	0.00244074	0.00340335	0.00382972	0.00411836	0.0032882	0.00230137	0.00139166	-0.00019945	-0.00168251	-0.0027875	-0.00492072	
0.000766369	0.00047161	0.000409531	-0.000251032	-0.000646944	-0.000420954	-0.000444714	0.000196494	0.000795404	0.00178408	0.00112488	0.00076457	0.00110062	0.00161631	0.00244311	0.00323528	0.00399396	0.00389743	0.00327439	0.00219803	0.00155054	9.97208e-05	-0.00178459	-0.00285816	-0.00463658	
0.00106841	0.001131	0.00074961	0.000238951	0.000104808	-0.000168473	0.000290683	0.00016088	0.0019279	0.00252595	0.00149831	0.00207609	0.00186256	0.00293664	0.00349661	0.0043052	0.00502945	0.00492311	0.00443329	0.00324814	0.00275528	0.00125781	-0.000587356	-0.00141387	-0.00383271	
0.00250317	0.00244484	0.00219856	0.00174588	0.000976828	0.00140541	0.00111663	0.00213925	0.00257549	0.00388219	0.00300078	0.00343273	0.00306195	0.00409568	0.00468865	0.00526168	0.00570564	0.00576358	0.00516755	0.00382764	0.00332814	0.00169302	0.000102888	-0.00109093	-0.0027809	
0.00364222	0.00334826	0.00341802	0.00274539	0.00263658	0.00247843	0.00234015	0.00302712	0.00412333	0.00475767	0.00435774	0.00416937	0.00436447	0.00506698	0.00573753	0.00645472	0.006837	0.00705018	0.00600814	0.00519338	0.00449332	0.00301278	0.000877184	-8.11761e-05	-0.00208284	
0.00234386	0.00210086	0.00237278	0.00177177	0.00122357	0.00145252	0.00175618	0.00207282	0.00337591	0.00453765	0.00400918	0.00409584	0.00423986	0.00499564	0.00591525	0.00609454	0.00652572	0.00679162	0.00605189	0.00489917	0.00436587	0.00290544	0.00122572	0.000356603	-0.00155896	
0.00207949	0.00240272	0.00231149	0.00188204	0.00178159	0.00191539	0.00145195	0.00274836	0.00392354	0.00449171	0.00422537	0.00474063	0.00456143	0.00579918	0.00593844	0.00699952	0.00743844	0.00746945	0.00715824	0.00582573	0.00588665	0.00375102	0.00211421	0.00075681	-0.000860753	
0.00198149	0.0017191	0.00231912	0.00154123	0.00145483	0.00118895	0.00169342	0.00245351	0.00355906	0.00472627	0.00440435	0.00460761	0.00498469	0.00544223	0.00672147	0.00649479	0.00726472	0.00769167	0.00696678	0.0058806	0.0055081	0.00409015	0.00207073	0.00115134	-0.000991699	
0.00265479	0.00275529	0.00297931	0.00265667	0.00224259	0.00254502	0.00220621	0.00353228	0.00458923	0.00541903	0.00517797	0.00591097	0.0055215	0.00693114	0.00679963	0.00776329	0.00802064	0.00835558	0.00778122	0.00678783	0.00628268	0.00457455	0.00292598	0.0015715	-0.00029215	
0.00339229	0.0032052	0.00389472	0.0032788	0.00315691	0.0029542	0.00302932	0.00418749	0.00530262	0.0062176	0.00622747	0.00619129	0.0069323	0.00690725	0.00817301	0.00785663	0.00855339	0.00892722	0.00837992	0.00731665	0.00674865	0.00538823	0.00344059	0.00235995	0.000451393	
0.00442288	0.00437225	0.0049409	0.00425992	0.00427325	0.00397909	0.00382962	0.00496804	0.00588835	0.00696435	0.0064484	0.00732052	0.00681916	0.00801953	0.00797452	0.00829836	0.00895359	0.00917166	0.00884252	0.00748052	0.00758654	0.00563281	0.00433924	0.002553	0.000957279	
0.00517794	0.00460839	0.00569041	0.00515498	0.00514138	0.00443778	0.00466185	0.00577013	0.00642157	0.00741193	0.00697615	0.00787509	0.00771354	0.00840012	0.00884261	0.00910358	0.00963549	0.0097976	0.00953369	0.00860039	0.00825519	0.00680826	0.00488271	0.00404479	0.00189962	
0.00462147	0.00434569	0.00534348	0.0048984	0.00489963	0.00477661	0.00463427	0.00569372	0.00654946	0.00777624	0.00741978	0.00806513	0.00830131	0.00889057	0.00940097	0.00953299	0.00998318	0.0105223	0.0100953	0.0090481	0.00894703	0.00740933	0.00625643	0.00452806	0.00295151	
0.0042817	0.00380089	0.00500285	0.00448592	0.00461899	0.00383219	0.00394657	0.00514696	0.00588703	0.00662157	0.00660932	0.00770221	0.00750233	0.00830569	0.00881253	0.00920637	0.00975042	0.0101505	0.0102432	0.00949957	0.00888572	0.00784621	0.00616281	0.00517956	0.00280812	
0.00313515	0.00271205	0.00390199	0.00325727	0.00329628	0.00265831	0.0027247	0.00384807	0.00442455	0.00567969	0.00529967	0.0062145	0.00621545	0.00711907	0.00755977	0.00764541	0.00861695	0.00900052	0.00941713	0.00819942	0.00821377	0.00687843	0.00563634	0.00417472	0.00244827	
0.00172489	0.00125753	0.00256835	0.00215031	0.00220886	0.00154435	0.00183744	0.00314287	0.00369319	0.00472936	0.004501	0.00598509	0.00545862	0.00624582	0.00667675	0.00744641	0.00804724	0.00867606	0.00860872	0.00811052	0.0078747	0.00668223	0.0055108	0.00395877	0.00204279	
2.36321e-05	-0.000118578	0.00132398	0.000253031	0.000874306	-0.000214258	0.000112628	0.00129649	0.00174267	0.00292525	0.00268461	0.00347593	0.00370577	0.00422222	0.00508109	0.00529501	0.00637335	0.00697406	0.0074229	0.00658956	0.00651957	0.00572482	0.00432592	0.00319754	0.00106484	
-0.00160148	-0.00169286	-0.000798731	-0.000926333	-0.00117501	-0.001922	-0.00196665	-0.000775206	-0.000116711	0.000539263	0.000771929	0.00157964	0.00144415	0.00227853	0.00282443	0.00369077	0.00413249	0.00553058	0.00544664	0.00505833	0.0050947	0.00404414	0.00304451	0.00174745	-1.18021e-05	
-0.00276982	-0.00302707	-0.0015231	-0.00242253	-0.00224307	-0.00317788	-0.00321956	-0.00185303	-0.00160316	-0.000689161	-0.000336925	-2.67678e-05	0.000306305	0.000720904	0.00157362	0.00172545	0.00309871	0.00359259	0.00424333	0.00335357	0.00332	0.00268131	0.00147198	0.000403615	-0.00153548	
-0.00482043	-0.00494937	-0.00377829	-0.00423297	-0.00455503	-0.00543264	-0.00518612	-0.00448967	-0.0035419	-0.00294769	-0.002484	-0.00183049	-0.00199758	-0.00123214	-0.000493521	-9.37326e-05	0.000781704	0.00181435	0.00166664	0.00138478	0.00111763	0.000350188	-0.000480868	-0.00176664	-0.00335826	
-0.00712036	-0.00659319	-0.00576732	-0.00654064	-0.00657763	-0.00755425	-0.00795166	-0.0064792	-0.00647955	-0.00577284	-0.00500464	-0.0047359	-0.0042894	-0.0040815	-0.00317897	-0.00240494	-0.00123274	-0.000286368	-0.000148303	-0.000545292	-0.000751417	-0.00138341	-0.00238561	-0.00375776	-0.00522995	
-0.00836099	-0.00827031	-0.00734697	-0.00820642	-0.00834262	-0.00943532	-0.00956721	-0.00874774	-0.0079448	-0.00777579	-0.00672711	-0.00687403	-0.00621279	-0.00616356	-0.0052147	-0.00494266	-0.00391094	-0.0027903	-0.00281958	-0.00337554	-0.00377382	-0.00457528	-0.00513501	-0.00655839	-0.00798128	
-0.00995615	-0.00953725	-0.00890694	-0.00928761	-0.00980938	-0.0105434	-0.0107876	-0.00978639	-0.00938395	-0.00910954	-0.00797504	-0.00810767	-0.00759116	-0.00756811	-0.00677902	-0.00585483	-0.00496301	-0.00366697	-0.00367692	-0.00410989	-0.00463175	-0.00493979	-0.00613515	-0.00700108	-0.00874579	
-0.0101531	-0.00980079	-0.00931388	-0.00987487	-0.0105494	-0.0109758	-0.0115591	-0.0105166	-0.00984455	-0.0100031	-0.0085998	-0.00884145	-0.0083271	-0.00844829	-0.00748722	-0.00698852	-0.00572362	-0.00460637	-0.00443055	-0.00504218	-0.00523499	-0.00623911	-0.00632738	-0.00796587	-0.00900447	
-0.00833923	-0.0077722	-0.00721569	-0.00777221	-0.00834742	-0.00936316	-0.0093705	-0.00908883	-0.00859856	-0.00868762	-0.00727832	-0.00777094	-0.00725841	-0.00756614	-0.00621677	-0.00571569	-0.00447195	-0.00289716	-0.00329148	-0.00330441	-0.00403908	-0.00425881	-0.00555131	-0.00642354	-0.0081642	
-0.00592655	-0.00486667	-0.00495083	-0.00532401	-0.005908	-0.00656827	-0.00750677	-0.00626225	-0.00617642	-0.00641697	-0.00487411	-0.00554407	-0.00524051	-0.00549349	-0.00508216	-0.00407054	-0.00297329	-0.00188786	-0.00203874	-0.002749	-0.00290479	-0.00365097	-0.00399715	-0.00558907	-0.00654476	
-0.00261197	-0.00183947	-0.00130574	-0.00180712	-0.00269433	-0.00356185	-0.00356332	-0.00352538	-0.00305364	-0.00327485	-0.00171046	-0.00285162	-0.00235072	-0.00289245	-0.00194104	-0.00157798	-0.000355535	0.000986717	0.000788388	0.000473542	-0.000499412	-0.000809645	-0.0013126	-0.00243016	-0.00416951	
0.000488385	0.00171844	0.00163419	0.00140574	0.000617169	-0.000366157	-0.000913111	-0.000312308	-0.000327877	-0.000439368	0.00090355	0.000181533	0.000380864	-4.1199e-05	0.00029695	0.00162403	0.00272504	0.00335978	0.00360131	0.00326225	0.00227804	0.0021178	0.00143465	5.70624e-05	-0.00139828	
0.00217197	0.00305668	0.00300317	0.00315027	0.0018631	0.00121946	0.00111467	0.00114067	0.00182289	0.00170997	0.00301562	0.00255642	0.0026503	0.00216766	0.00308022	0.00396822	0.0048961	0.00601255	0.00595341	0.00557557	0.00473022	0.00444029	0.0045819	0.00296237	0.00155315	
0.00343746	0.00481919	0.0048253	0.00447779	0.00400386	0.00307	0.00292126	0.00310355	0.00370204	0.00384781	0.00499849	0.00468631	0.00501133	0.00457775	0.00531334	0.0064161	0.00799231	0.00875495	0.00865552	0.00849536	0.00761946	0.00764525	0.00691479	0.00592373	0.00423055	
0.00382997	0.00519348	0.00484523	0.00514543	0.00404162	0.00337343	0.00322103	0.00368523	0.00396978	0.00416868	0.00563113	0.00550905	0.00550455	0.00550507	0.0060901	0.00737876	0.00846936	0.00955541	0.00960988	0.00955917	0.00859468	0.0082852	0.00847295	0.00719742	0.0057117	
0.00222895	0.00396086	0.00403883	0.00405991	0.00318411	0.00250112	0.00305566	0.00276108	0.00343891	0.00399374	0.00529624	0.00521111	0.00538415	0.00543445	0.00594071	0.00742417	0.00909215	0.0097358	0.0102339	0.0101846	0.00941862	0.00959736	0.00971482	0.00874162	0.00700331	
0.00219351	0.00346802	0.00331665	0.00396914	0.00288431	0.00218864	0.00236793	0.00283484	0.00303475	0.00376208	0.00490299	0.00517607	0.00535966	0.00502136	0.00572727	0.00757265	0.00860281	0.00936278	0.0100459	0.0103011	0.00901562	0.0096015	0.00982112	0.00876937	0.00771257	
0.0013511	0.00301535	0.00297055	0.00330218	0.00224814	0.0018337	0.00229287	0.00168077	0.00271372	0.00337882	0.00421229	0.00478674	0.00479393	0.00497459	0.00534529	0.00714656	0.00845683	0.009299	0.0101243	0.010013	0.00941297	0.00950803	0.00974021	0.00909183	0.00737401	
6.8535e-05	0.00155792	0.00133448	0.00161493	0.000684203	0.00037778	0.000199503	0.000382717	0.000999083	0.00197057	0.00277844	0.00323461	0.0033687	0.00332463	0.00380415	0.00559706	0.00700564	0.00759936	0.00805378	0.00857989	0.00768738	0.0079017	0.00829629	0.00747656	0.00636801	
-2.62259e-05	0.00126657	0.000871678	0.00107715	-4.39934e-05	-0.000729341	-0.000523579	-0.00102133	-0.000739424	8.76125e-05	0.00103396	0.00151135	0.00124631	0.00129306	0.00151312	0.0031607	0.00435815	0.0047969	0.0054509	0.00563521	0.00450617	0.00501315	0.00533662	0.00477987	0.00298895	
-0.000321927	0.000925303	0.000364381	0.000754352	-0.000795396	-0.00122875	-0.00136281	-0.00208928	-0.00172611	-0.00107505	-0.000738481	7.15332e-05	-0.00033655	-0.000424941	-0.000840497	0.000868599	0.00190839	0.00210388	0.00255735	0.00252101	0.00175063	0.00170845	0.00234152	0.00137541	0.000254985	
-0.00144029	-0.000850832	-0.00128893	-0.000911324	-0.00218787	-0.00293314	-0.00298453	-0.00326308	-0.00341366	-0.00252018	-0.00212241	-0.00156039	-0.001798	-0.00237828	-0.00198217	-0.000881548	-0.000164693	5.85168e-05	0.000516716	0.000911078	-0.000367518	0.000428639	0.000433561	0.000249959	-0.000886404	
-0.00175797	-0.000760264	-0.00142437	-0.00136169	-0.00266436	-0.00300517	-0.0031977	-0.00431761	-0.00361063	-0.00299233	-0.00299426	-0.00196059	-0.00266539	-0.00233868	-0.00278418	-0.0012987	-0.000567091	-0.000687964	-0.000134735	-1.21869e-05	-0.000154513	-0.000315262	0.000135726	-0.00022207	-0.00165068	
-0.000902833	-0.000397528	-0.000844292	-0.000625916	-0.00188249	-0.00202738	-0.00250547	-0.00294932	-0.00307449	-0.00193552	-0.00200718	-0.00128067	-0.00133823	-0.00161253	-0.00145993	-0.000485247	3.06968e-05	0.000169617	0.000471558	0.00113873	0.000164562	0.000559564	0.000756028	0.000148619	-0.00085806	
-0.00262209	-0.00180111	-0.00202627	-0.00219431	-0.00243944	-0.00270094	-0.00255298	-0.00324906	-0.00278761	-0.00189359	-0.00154666	-0.000342897	-0.000653901	-0.000610299	-0.000908164	0.000154927	0.000877331	0.000429209	0.0012637	0.00137941	0.00104021	0.00153841	0.00146453	0.00147344	0.000193107	
-0.00165011	-0.00121652	-0.00156344	-0.00113033	-0.0021372	-0.00180683	-0.00214465	-0.0025093	-0.00226324	-0.00124101	-0.00153954	-0.000238691	-0.000375818	-4.03547e-05	-0.000172663	0.00080586	0.000974758	0.00153907	0.0019481	0.00226435	0.0021577	0.00211216	0.00238596	0.00162323	0.000872215	
-0.00223995	-0.00203655	-0.00184148	-0.00211928	-0.00173451	-0.00211506	-0.00191055	-0.00203147	-0.00185151	-0.000936545	-0.000487158	0.000620804	0.000689406	0.000799765	0.0011728	0.00158402	0.00219786	0.00193072	0.0027441	0.00316064	0.00304184	0.00353263	0.00283127	0.00315682	0.00192337	
-0.00238063	-0.00224553	-0.00191341	-0.00141719	-0.00161914	-0.00104215	-0.00090425	-0.00101623	-0.000463315	0.00078585	0.000933088	0.00242741	0.00253939	0.00337848	0.00323699	0.00377572	0.00396947	0.00442144	0.00486653	0.00524747	0.00575272	0.00521496	0.0053483	0.00494945	0.0042413	
-0.00176822	-0.00191115	-0.00137561	-0.00168509	-0.00120482	-0.000929443	-0.000575434	-0.000670141	-0.000359132	0.000828864	0.00125529	0.00251127	0.00315884	0.00374034	0.00405334	0.00435304	0.00485673	0.00504686	0.00568779	0.00620988	0.00649881	0.00653963	0.00601895	0.00605546	0.00513124	
