-0.00116736	-0.0013282	-0.00182912	-0.00172085	-0.00223699	-0.00201415	-0.00248382	-0.00215791	-0.00180055	-0.00148282	-0.00108796	-0.00131295	-0.000785979	-0.00154466	-0.00136325	-0.00177152	-0.00188454	-0.00162236	-0.00168639	-0.00138213	-0.00138955	-0.00142691	-0.00148645	-0.00169267	-0.00147674	
-0.00118196	-0.00151551	-0.0019778	-0.00188749	-0.00219887	-0.00212132	-0.00237356	-0.00227692	-0.00174324	-0.00163308	-0.00106063	-0.00142422	-0.000857472	-0.00163384	-0.0013916	-0.00194077	-0.00201348	-0.00161481	-0.00172755	-0.0011664	-0.00122056	-0.00121954	-0.00141991	-0.00161934	-0.00152428	
-0.00156649	-0.0017653	-0.00202418	-0.00215201	-0.00204786	-0.00201025	-0.00194937	-0.00178859	-0.00169547	-0.0015203	-0.00102908	-0.000870382	-0.00151269	-0.0011578	-0.00194769	-0.00169053	-0.00218787	-0.00217317	-0.00166042	-0.00141332	-0.00103603	-0.0013628	-0.00172846	-0.0018588	-0.00191242	
-0.00137504	-0.00211984	-0.00236579	-0.00245374	-0.0022737	-0.00222186	-0.00213835	-0.00175852	-0.00184033	-0.00147128	-0.00118812	-0.001685	-0.0011702	-0.00190249	-0.00191986	-0.00251997	-0.00261798	-0.00237277	-0.00253424	-0.00201818	-0.00177809	-0.00182793	-0.00209387	-0.00260192	-0.00236314	
-0.00150603	-0.0022154	-0.00294395	-0.00263291	-0.00239659	-0.00238016	-0.00187526	-0.00174759	-0.00158602	-0.0014493	-0.000915813	-0.00135045	-0.00105662	-0.00180638	-0.00165147	-0.00190747	-0.00219166	-0.00202429	-0.00196363	-0.00149028	-0.000995902	-0.00143214	-0.00165325	-0.0019837	-0.00190359	
-0.0017279	-0.00252523	-0.00318386	-0.00278002	-0.0027331	-0.00239374	-0.00222442	-0.00138941	-0.0014463	-0.00166467	-0.000576818	-0.000979645	-0.000790518	-0.00124222	-0.00143905	-0.00157021	-0.00199202	-0.00166314	-0.00194356	-0.000862732	-0.000990221	-0.000940677	-0.00171036	-0.00201358	-0.00174452	
-0.00160546	-0.002126	-0.0029526	-0.00279665	-0.00249593	-0.00244726	-0.00191568	-0.00154128	-0.00156885	-0.0010906	-0.000539634	-0.00119353	-0.000196817	-0.00116845	-0.00143028	-0.00183539	-0.00255911	-0.00205931	-0.00235832	-0.00203205	-0.00128381	-0.00181517	-0.00216957	-0.00283539	-0.00250921	
-0.00164696	-0.00230642	-0.00306162	-0.0027916	-0.00249226	-0.00239684	-0.00194064	-0.00126775	-0.00148055	-0.00158602	-0.000514646	-0.000697184	-0.000384446	-0.00103816	-0.00137695	-0.00170636	-0.00211029	-0.00216859	-0.0023651	-0.00131592	-0.00130037	-0.00136131	-0.00227346	-0.00261788	-0.00257616	
-0.00171264	-0.00238847	-0.00370508	-0.00326469	-0.00314335	-0.0027013	-0.00226893	-0.00174925	-0.00187785	-0.00151764	-0.000756544	-0.000939882	-0.000508341	-0.00094482	-0.00170565	-0.00203745	-0.00307926	-0.00295871	-0.00285526	-0.00268213	-0.00176455	-0.00239213	-0.00270169	-0.00346305	-0.00278884	
-0.00147452	-0.00282562	-0.00328669	-0.00303571	-0.00269458	-0.00233426	-0.00207398	-0.0012309	-0.00130485	-0.00132008	6.90977e-05	-0.00114425	0.000494005	-0.00115389	-0.000684141	-0.0017781	-0.00228533	-0.00179879	-0.00257408	-0.00101466	-0.00106809	-0.000871194	-0.00191226	-0.00278726	-0.0022359	
-0.00139453	-0.00242635	-0.00350995	-0.00332225	-0.00271957	-0.00282472	-0.00186462	-0.0012902	-0.00156651	-0.00122279	-0.000216415	-0.000510141	-2.96333e-05	-0.00089509	-0.001433	-0.00187657	-0.00272021	-0.00281887	-0.00269581	-0.00218434	-0.00119272	-0.0017677	-0.0025677	-0.0028731	-0.00282333	
-0.00100776	-0.00234108	-0.00350561	-0.00284529	-0.0027036	-0.00227957	-0.00195288	-0.000896231	-0.00116344	-0.00130378	-0.000129532	-0.000531986	-1.89272e-06	-0.000636842	-0.00109342	-0.00182458	-0.00258498	-0.00231124	-0.00240121	-0.00113193	-0.000900656	-0.000776425	-0.00174835	-0.00254994	-0.00211387	
-0.000682703	-0.0019211	-0.00337273	-0.00280748	-0.00245692	-0.00220734	-0.00130613	-0.0010918	-0.00112973	-0.00106067	0.000100131	-0.000701493	0.00045998	-0.0011748	-0.000814349	-0.00188394	-0.00266376	-0.00264453	-0.00248964	-0.00157563	-0.000371016	-0.00106337	-0.00170722	-0.00273688	-0.00229477	
-0.000769692	-0.00274357	-0.00360686	-0.00309898	-0.00265619	-0.00250806	-0.00159305	-0.000721534	-0.00125009	-0.00163627	6.97182e-05	-0.000913531	0.000265536	-0.00084321	-0.00134055	-0.00198849	-0.00283063	-0.00230876	-0.00271279	-0.000796462	-0.000559169	-0.000211572	-0.00158998	-0.00222215	-0.0019461	
-0.000892163	-0.00217265	-0.00342118	-0.00282863	-0.00241254	-0.00202821	-0.00130144	-0.000802798	-0.00136069	-0.00089688	-0.000395914	-0.00080317	-1.56652e-06	-0.000894266	-0.00125242	-0.00218558	-0.00305961	-0.00268597	-0.00249143	-0.00131354	-0.000104578	-0.000742454	-0.00140676	-0.00243732	-0.00198811	
-5.08149e-05	-0.00164678	-0.00265438	-0.0021674	-0.0016923	-0.00131323	-0.000830134	-0.00033776	-0.000721894	-0.00121604	-1.04519e-05	-0.000716911	0.000236799	-0.00114771	-0.0013373	-0.00179673	-0.00261378	-0.00221131	-0.00238422	-0.000494066	0.000101458	7.89672e-05	-0.00135179	-0.00221176	-0.001878	
-0.000192113	-0.00161859	-0.00301621	-0.00215988	-0.00172329	-0.00131591	-0.000639333	9.35144e-05	-0.000879808	-0.000795731	0.00048538	-0.000416325	0.000584101	-0.000431115	-0.000525498	-0.00146931	-0.00207252	-0.00162217	-0.00132567	-0.000368767	0.00092178	0.000527676	-0.000513747	-0.0014175	-0.00120589	
1.59654e-05	-0.00177454	-0.00279471	-0.00206731	-0.00146554	-0.000999347	-0.000404742	0.000287502	-0.00051346	-0.000722806	0.000478472	-0.000285198	0.0006273	-0.000141767	-0.000308085	-0.000792272	-0.00171895	-0.00083877	-0.00106353	0.000911498	0.00182561	0.00143293	0.000175048	-0.00100874	-0.000670962	
0.00033449	-0.00103262	-0.00268462	-0.00209674	-0.00139939	-0.00117283	-0.000146724	4.21962e-05	-0.000560076	-0.00104688	-0.000282564	-0.000736063	6.55064e-05	-0.00133563	-0.00132684	-0.00208429	-0.00265052	-0.00278619	-0.00240094	-0.000838307	0.000382325	-1.80594e-05	-0.00152778	-0.00222307	-0.00259181	
0.000363913	-0.00163717	-0.00279784	-0.00185189	-0.0016209	-0.000619423	-0.000418774	0.000632498	-0.000493132	-0.000777378	0.000246871	-0.000720809	0.000135875	-0.000736968	-0.00125673	-0.00152622	-0.00315202	-0.00199773	-0.00201543	-0.000165651	0.000711824	0.000644007	-0.000686961	-0.0020602	-0.00166335	
0.00104775	-0.00052822	-0.00200294	-0.00131557	-0.00059867	0.000168965	0.000733457	0.00119375	0.000645721	0.00029003	0.00126059	0.000429853	0.00110835	-0.00014568	7.48819e-05	-0.0010447	-0.00171941	-0.0012154	-0.000870088	0.000821649	0.00227379	0.00141024	5.29943e-05	-0.0013838	-0.00134099	
0.00135127	-0.000574646	-0.00161952	-0.00120504	-0.000133182	0.000321411	0.00105316	0.00176697	0.00118858	0.000945177	0.00162955	0.00125039	0.00165945	0.000826702	0.000304106	8.86762e-05	-0.000866235	-7.24929e-06	9.97691e-05	0.00226701	0.00318799	0.00288178	0.00097911	8.96543e-06	-0.000567731	
0.00213106	0.00020335	-0.00136357	-0.000184106	0.000302497	0.00116742	0.00162101	0.00239437	0.00169529	0.00160949	0.00265369	0.0015043	0.00220073	0.00124871	0.0009183	0.000221703	-0.000589029	-0.000173756	0.000601949	0.0023461	0.00327361	0.00282001	0.00116894	-0.000354646	-0.000557747	
0.00380703	0.00182633	0.000684956	0.00112615	0.00183545	0.00266624	0.00315291	0.0038397	0.0032409	0.00288021	0.00327852	0.00272566	0.00295264	0.00176929	0.00126299	0.000573917	-0.000588817	-0.000134547	0.000398647	0.00190195	0.00318966	0.0021773	0.000492912	-0.00129933	-0.00126412	
0.00396829	0.00184329	0.000337093	0.00112227	0.00240159	0.00281911	0.0038634	0.00424767	0.00417621	0.00342449	0.00429505	0.00371755	0.00402859	0.00286418	0.00257473	0.00164951	0.000813471	0.00106121	0.00185047	0.00352597	0.00447887	0.00402086	0.00176777	0.00082877	6.0516e-06	
0.0051801	0.00295289	0.00191661	0.00252697	0.00324502	0.00452646	0.00504657	0.0061497	0.00527557	0.00542888	0.00610282	0.00555631	0.00584811	0.00490787	0.00443151	0.00355814	0.00254841	0.00333024	0.0037456	0.00579338	0.00669578	0.00592746	0.00398461	0.00224842	0.00225218	
0.00718436	0.0051166	0.00360757	0.00454186	0.00552294	0.00619687	0.00725961	0.00752385	0.00747605	0.00698154	0.0078778	0.00713117	0.00730522	0.00640324	0.00561913	0.00484526	0.00411212	0.00444679	0.00537989	0.00697627	0.00806448	0.0069878	0.00503955	0.00344989	0.00266416	
0.00830661	0.0057966	0.00472968	0.00538147	0.00656103	0.00751738	0.00826858	0.00907394	0.00865659	0.00868314	0.0089741	0.00902219	0.00872016	0.00743715	0.00707845	0.00612392	0.00517842	0.00564554	0.00618554	0.00814784	0.00888152	0.00801405	0.00609253	0.00448184	0.00376348	
0.00912286	0.00672286	0.00550681	0.00612956	0.00736884	0.00837121	0.00936255	0.00993503	0.00975546	0.0095091	0.0102676	0.00951831	0.00952176	0.0087064	0.00780104	0.00693321	0.00612397	0.00653189	0.0073706	0.00918191	0.0101752	0.00950056	0.00734212	0.00557792	0.00523417	
0.0103315	0.00804694	0.00693005	0.00725942	0.00862486	0.00951241	0.0106118	0.0111709	0.0109585	0.0109425	0.0112424	0.0111407	0.0107737	0.00985648	0.00932644	0.00809068	0.00749748	0.00772723	0.00873625	0.0105654	0.0116302	0.0108174	0.00856203	0.00720819	0.00604397	
0.0106536	0.00836433	0.00685991	0.00742904	0.00906354	0.0101398	0.0110778	0.0116939	0.0117281	0.0115324	0.0120171	0.0120518	0.0116752	0.0107479	0.00989195	0.00918669	0.00835212	0.00864501	0.00976586	0.011759	0.0130927	0.0120249	0.010399	0.00839793	0.00765215	
0.0104105	0.00800738	0.00717742	0.00728578	0.00868048	0.00979024	0.0111363	0.0117718	0.0116346	0.0119707	0.0124051	0.0120688	0.0119848	0.0110974	0.0103108	0.00868115	0.0082932	0.00846006	0.00976623	0.0115841	0.0126283	0.0123027	0.0100056	0.00860146	0.00794887	
0.00959214	0.00709439	0.00579164	0.00627516	0.00762357	0.00850869	0.0097011	0.0103249	0.0101744	0.0105052	0.0109146	0.010799	0.0106035	0.00963063	0.00879536	0.0078886	0.00718997	0.00780565	0.00916018	0.0111694	0.0123095	0.0118022	0.00995722	0.00861385	0.00800557	
0.00797529	0.00548457	0.0043597	0.00464462	0.00587933	0.00703614	0.00813689	0.00875609	0.00921067	0.00915379	0.00968975	0.00977145	0.00964709	0.00852316	0.00775456	0.00666345	0.00623856	0.00670024	0.00790923	0.0100272	0.0113432	0.0106182	0.00909383	0.00744596	0.00680561	
0.004726	0.00234882	0.00124348	0.00160608	0.0030138	0.00406007	0.00555059	0.00649093	0.00640854	0.00707705	0.00760978	0.00724114	0.0074683	0.00655456	0.0059096	0.0043625	0.00407215	0.00444546	0.0061925	0.00799227	0.00936534	0.00893861	0.00732419	0.00585699	0.0055308	
0.00111572	-0.00175897	-0.00285409	-0.00245329	-0.000892966	9.74213e-05	0.0016636	0.00220826	0.00267697	0.00261868	0.00347007	0.00337779	0.00341822	0.00237623	0.00167493	0.000861336	0.000405266	0.0012227	0.00263508	0.00512879	0.00610821	0.00609216	0.00442689	0.00350639	0.00273138	
-0.00361914	-0.00575146	-0.00721807	-0.00722638	-0.00567514	-0.00474059	-0.00345119	-0.00258809	-0.00229988	-0.00195434	-0.00155102	-0.00176324	-0.00173115	-0.00297559	-0.00343551	-0.00488772	-0.00472998	-0.0045045	-0.00256077	-0.000754045	0.00111758	0.000465674	-0.000164917	-0.00165097	-0.00170372	
-0.00659916	-0.00956422	-0.0103205	-0.0102078	-0.00888099	-0.00802885	-0.00643251	-0.00566206	-0.00542791	-0.00514399	-0.00428065	-0.00503563	-0.00502705	-0.00597304	-0.00656966	-0.00779271	-0.0081891	-0.00738818	-0.00574614	-0.00360643	-0.00236454	-0.00242615	-0.00397378	-0.00484988	-0.00535649	
-0.0107285	-0.0129231	-0.0144275	-0.0142075	-0.0127012	-0.0118648	-0.01045	-0.00948641	-0.0093166	-0.00895477	-0.00833753	-0.00877055	-0.00862164	-0.0100084	-0.0105737	-0.011869	-0.0117578	-0.0113672	-0.00962982	-0.00754707	-0.00618529	-0.00647906	-0.0075199	-0.00874204	-0.00879824	
-0.0128699	-0.0157656	-0.0168175	-0.0172382	-0.0159673	-0.0153363	-0.0140257	-0.0131017	-0.012867	-0.0125903	-0.0121017	-0.0126593	-0.0128359	-0.0139877	-0.015016	-0.0158324	-0.0165972	-0.0156078	-0.0142859	-0.0120929	-0.0107847	-0.0110411	-0.0121425	-0.0133241	-0.0134307	
-0.0136786	-0.0164531	-0.0182572	-0.0182281	-0.0173667	-0.0169849	-0.0158123	-0.0149168	-0.0148943	-0.0149862	-0.0140542	-0.0152971	-0.0150218	-0.0168948	-0.0172376	-0.0191584	-0.0192438	-0.0188624	-0.0173939	-0.0154221	-0.0144269	-0.014456	-0.0157753	-0.0167515	-0.0169516	
-0.0128875	-0.0156274	-0.0173188	-0.0176196	-0.0170526	-0.0163446	-0.0156723	-0.0146334	-0.0149821	-0.0147341	-0.0141668	-0.0150828	-0.0152667	-0.0167945	-0.0183866	-0.0192674	-0.0206245	-0.0196346	-0.0189118	-0.0170826	-0.016165	-0.0165476	-0.0175815	-0.0190235	-0.0186565	
-0.0114621	-0.0140503	-0.0162411	-0.016319	-0.0154814	-0.0156541	-0.0144727	-0.0140513	-0.0137349	-0.0138088	-0.0129578	-0.014021	-0.0140353	-0.0159334	-0.0167307	-0.0183693	-0.018794	-0.0186197	-0.0174291	-0.0158725	-0.0149904	-0.0151621	-0.0167668	-0.0175079	-0.0182858	
-0.00766716	-0.0104061	-0.0121655	-0.0129064	-0.0127221	-0.0120946	-0.0118116	-0.0105989	-0.0112405	-0.0108015	-0.00996388	-0.0111526	-0.0112053	-0.0129073	-0.0139443	-0.0153312	-0.0164003	-0.0154016	-0.015057	-0.0131998	-0.0127927	-0.0131565	-0.0142607	-0.0158724	-0.0156193	
-0.00182897	-0.00432332	-0.00695786	-0.00689483	-0.00713854	-0.00698427	-0.00636729	-0.00584892	-0.00589402	-0.0060168	-0.00491318	-0.00660512	-0.00638998	-0.00854037	-0.00977575	-0.0111227	-0.0121452	-0.011895	-0.0108946	-0.00974937	-0.00915018	-0.00990507	-0.0115259	-0.0128209	-0.0133579	
0.001968	-0.000256167	-0.00246253	-0.00294129	-0.00303824	-0.00257342	-0.00239712	-0.00115836	-0.00141544	-0.000708014	-0.000429339	-0.000887288	-0.00131342	-0.00320118	-0.00439546	-0.00576198	-0.00695713	-0.00628428	-0.00597388	-0.00429585	-0.00387227	-0.00466672	-0.006173	-0.00770994	-0.00789197	
0.00616659	0.00347682	0.00128652	0.00104175	0.00099025	0.00110467	0.00185301	0.00267303	0.00312217	0.00313289	0.00491485	0.00354423	0.00363448	0.00227039	0.00090381	1.59819e-05	-0.00134817	-0.000475169	7.89651e-05	0.00167036	0.00182409	0.00148836	-0.000196847	-0.00148661	-0.00217738	
0.00949354	0.0070071	0.00496478	0.00478987	0.00434209	0.00472117	0.00506322	0.00647007	0.00643029	0.00714068	0.00846996	0.00754103	0.00827085	0.00589021	0.00564294	0.00456528	0.00370407	0.00459154	0.00497683	0.00650535	0.00716203	0.00631202	0.00481614	0.00332171	0.00277771	
0.00963362	0.00765464	0.00513994	0.00516759	0.00475618	0.00555806	0.00615532	0.00688673	0.00819031	0.00863036	0.0104393	0.00984751	0.0100305	0.00903988	0.00792655	0.00744286	0.00663164	0.00777053	0.0082325	0.00974615	0.0103435	0.00977822	0.00836487	0.00725569	0.0065035	
0.00894392	0.00712885	0.0049233	0.00477309	0.00464251	0.00492678	0.00565843	0.00739795	0.00756705	0.00904075	0.0104843	0.0105489	0.0104941	0.00963645	0.00895709	0.00847034	0.00778101	0.00875487	0.00978958	0.0108607	0.0117377	0.011023	0.00984816	0.00891326	0.00806969	
