0.497983	0.497983	0.425284	0.342523	0.258147	0.182101	0.118163	0.0686297	0.0343186	0.0135371	0.0058875	0.00616333	0.00764837	0.00363413	-0.0100217	-0.030697	-0.0516279	-0.0684235	-0.0771116	-0.0814955	-0.0820095	-0.0820068	-0.0838244	-0.0905656	-0.105506	
0.497983	0.441073	0.369743	0.291058	0.214001	0.144107	0.0860759	0.0402267	0.00803476	-0.0110341	-0.0192191	-0.01993	-0.02229	-0.0305662	-0.0481357	-0.0708013	-0.0911251	-0.106349	-0.113258	-0.116566	-0.116586	-0.116535	-0.119122	-0.127545	-0.142792	
0.425716	0.370285	0.304799	0.234392	0.168386	0.108258	0.0589665	0.0199489	-0.00770263	-0.022753	-0.0291879	-0.029228	-0.033517	-0.0440543	-0.0642644	-0.0868916	-0.105833	-0.118548	-0.122756	-0.124527	-0.122807	-0.122035	-0.123458	-0.132173	-0.143325	
0.343842	0.292699	0.235587	0.176694	0.123672	0.07574	0.03812	0.00724038	-0.0124511	-0.0221261	-0.0244931	-0.0219426	-0.0264363	-0.0377526	-0.0583169	-0.0803868	-0.0965712	-0.105762	-0.107667	-0.105948	-0.103079	-0.0997971	-0.100745	-0.107406	-0.117006	
0.26078	0.217177	0.171227	0.125336	0.0871939	0.0529636	0.026626	0.00626889	-0.00687016	-0.0097494	-0.00828673	-0.00343812	-0.00729613	-0.0192496	-0.0401224	-0.0606355	-0.0744817	-0.0806122	-0.079165	-0.0757217	-0.069819	-0.0657935	-0.064144	-0.0712278	-0.0774214	
0.186379	0.149095	0.112961	0.0792341	0.0547474	0.0326453	0.0186371	0.00638267	0.0021484	0.00465411	0.0110225	0.0188623	0.0155734	0.00434497	-0.0162985	-0.0349168	-0.0461425	-0.0486536	-0.0450852	-0.03813	-0.0313827	-0.0243864	-0.023114	-0.0279747	-0.0337575	
0.12425	0.0929639	0.0655604	0.0434149	0.0301105	0.0202785	0.0145989	0.0115398	0.0122285	0.0203317	0.0296681	0.0388445	0.0366646	0.0241593	0.00480934	-0.0129371	-0.0213596	-0.0211658	-0.014973	-0.00649591	0.00292764	0.00957748	0.013106	0.00739763	0.00346563	
0.0765302	0.0489488	0.0282895	0.0141438	0.0112105	0.00936809	0.0128362	0.0148866	0.0220143	0.0330114	0.04571	0.0560415	0.0535413	0.0419309	0.0218023	0.00673616	-8.28648e-05	0.00302069	0.0111628	0.0219396	0.0314621	0.040374	0.0425814	0.0381212	0.0346919	
0.0439366	0.0184656	0.00225006	-0.00409545	-0.000655871	0.00625662	0.0145372	0.0229598	0.0327833	0.0473795	0.0612256	0.0714881	0.0694349	0.0553382	0.037099	0.0216211	0.0172492	0.0223622	0.0316287	0.0434648	0.0543187	0.0618042	0.0647964	0.0599457	0.0564647	
0.0248327	0.00103054	-0.0113156	-0.0124556	-0.00241331	0.00967951	0.0234336	0.0346176	0.0480028	0.062973	0.0780482	0.087019	0.0831085	0.0686742	0.0481341	0.0344942	0.03012	0.0364544	0.0465111	0.0586176	0.0684216	0.076059	0.0772276	0.0716937	0.0689176	
0.018752	-0.00566799	-0.0164285	-0.0137188	-8.88577e-05	0.0166654	0.0331679	0.0475407	0.0619424	0.0781353	0.092418	0.0994872	0.09411	0.0760488	0.0556514	0.0402559	0.0363543	0.0428163	0.0521518	0.0637993	0.0727129	0.0781285	0.0776945	0.0716811	0.0674689	
0.0203914	-0.00515807	-0.0155005	-0.0104261	0.00521072	0.0246389	0.0422057	0.0574906	0.0716367	0.0864731	0.0988269	0.102497	0.0934993	0.0727578	0.0492098	0.0334078	0.0281339	0.0339285	0.0424005	0.0524931	0.0599725	0.0632018	0.061106	0.0535441	0.049282	
0.0228402	-0.00672016	-0.0192367	-0.0146364	0.00134324	0.0210177	0.0393605	0.0540515	0.0684013	0.0813027	0.0921656	0.0921448	0.0803072	0.0562171	0.031066	0.0133834	0.0077955	0.012491	0.019891	0.0293722	0.0347098	0.0369167	0.0325056	0.0244123	0.019567	
0.019202	-0.0148141	-0.0298519	-0.0262269	-0.0111227	0.00899284	0.0257886	0.0411253	0.0527754	0.0652271	0.0724966	0.0698198	0.0545323	0.0280218	0.00124506	-0.0166921	-0.023305	-0.0184895	-0.011548	-0.00348026	0.00250964	0.00241356	-0.00242774	-0.0103715	-0.015765	
0.00529696	-0.0327721	-0.0506208	-0.047505	-0.0328216	-0.0126682	0.00519289	0.0195514	0.0329209	0.0429754	0.0504112	0.0447278	0.0279271	-0.000259609	-0.0267541	-0.0453394	-0.0503412	-0.0462247	-0.0391819	-0.0301391	-0.0259498	-0.0250102	-0.0307227	-0.0389941	-0.0429331	
-0.0162151	-0.0563864	-0.0742739	-0.0706228	-0.0543607	-0.0322923	-0.0136602	0.00327998	0.0161178	0.0278471	0.033438	0.0273676	0.00886366	-0.019519	-0.0466775	-0.063119	-0.0687968	-0.0631948	-0.0558693	-0.0478417	-0.0417723	-0.0422943	-0.0480065	-0.0547843	-0.0591024	
-0.0384396	-0.0780372	-0.0945583	-0.0881244	-0.0694325	-0.0446455	-0.0231884	-0.00462196	0.010725	0.0224186	0.0283426	0.0207866	0.00195914	-0.0273876	-0.0528848	-0.0700518	-0.0734413	-0.0686051	-0.061085	-0.0522666	-0.0473815	-0.0471643	-0.0528367	-0.0599106	-0.0625751	
-0.0567801	-0.094753	-0.108657	-0.0986476	-0.0767724	-0.0481691	-0.0239745	-0.00249371	0.014947	0.0279505	0.0339813	0.0256295	0.00567953	-0.0235536	-0.0496889	-0.0652946	-0.069422	-0.0642456	-0.0570461	-0.0493157	-0.0439818	-0.0445964	-0.0507822	-0.0568416	-0.0594997	
-0.0669574	-0.103053	-0.114202	-0.101862	-0.0766018	-0.0457572	-0.0187142	0.00482304	0.0235029	0.0374176	0.0428723	0.0335837	0.012434	-0.0173057	-0.0433566	-0.0586016	-0.0625298	-0.0575275	-0.0506504	-0.043097	-0.0381845	-0.0386806	-0.044956	-0.0507161	-0.0523695	
-0.0725517	-0.107289	-0.116762	-0.100988	-0.0740808	-0.0398361	-0.0112617	0.0148164	0.0347205	0.0490089	0.0542123	0.0434775	0.0216509	-0.00954899	-0.0346758	-0.0509626	-0.054128	-0.0502283	-0.0435228	-0.0367272	-0.0317483	-0.0330265	-0.0386246	-0.0442859	-0.0451895	
-0.0733289	-0.107215	-0.114927	-0.0980989	-0.0683807	-0.0335381	-0.00249969	0.0237076	0.0452284	0.0585726	0.0630273	0.0510065	0.0269603	-0.00363855	-0.030627	-0.0450454	-0.0494452	-0.0450598	-0.038797	-0.0320097	-0.0280745	-0.0284119	-0.0356146	-0.039837	-0.0406541	
-0.0721104	-0.105528	-0.112721	-0.0938822	-0.0639019	-0.0266427	0.00372365	0.0319765	0.0521527	0.0659449	0.0683858	0.0544411	0.0293731	-0.00351569	-0.0294517	-0.0454146	-0.0491612	-0.0456585	-0.0392709	-0.0333802	-0.0285283	-0.0309239	-0.0364137	-0.042073	-0.041697	
-0.0708385	-0.104626	-0.111154	-0.0928084	-0.061176	-0.0250082	0.0070856	0.0337016	0.0544958	0.0665889	0.0676829	0.0523653	0.0251898	-0.00809114	-0.0348189	-0.0507609	-0.0544715	-0.0514685	-0.0451999	-0.0387143	-0.0355591	-0.0362902	-0.0442634	-0.0481923	-0.0486259	
-0.0720308	-0.107304	-0.115514	-0.096664	-0.0668551	-0.0294526	0.00137277	0.028933	0.0491966	0.0607376	0.0615756	0.0450309	0.0175335	-0.0153951	-0.0422833	-0.0567177	-0.060795	-0.0568509	-0.0502482	-0.0437945	-0.0392846	-0.0415288	-0.0477843	-0.0532137	-0.0525255	
-0.0783817	-0.114086	-0.121433	-0.103368	-0.0715374	-0.0345882	-0.0023851	0.0255704	0.0456732	0.0580768	0.0577056	0.0414159	0.0136744	-0.0196305	-0.0448798	-0.059673	-0.062062	-0.0582424	-0.0507309	-0.0437163	-0.03934	-0.0406492	-0.047874	-0.052309	-0.0516739	
-0.0862336	-0.121728	-0.128424	-0.10849	-0.0758393	-0.0363999	-0.00258891	0.026855	0.0488848	0.0614712	0.0623246	0.0460535	0.0187606	-0.0137937	-0.0388681	-0.0527247	-0.0548723	-0.0506837	-0.0428418	-0.0354718	-0.0307573	-0.0324861	-0.0393739	-0.0442698	-0.0438062	
-0.08994	-0.123465	-0.127962	-0.10527	-0.0706301	-0.0286705	0.00669586	0.0372858	0.0600893	0.0722424	0.0728456	0.0555618	0.0274923	-0.00553385	-0.0314962	-0.0453273	-0.0486574	-0.0443616	-0.0375099	-0.0301212	-0.0260037	-0.0276839	-0.0349673	-0.0398599	-0.0394106	
-0.0890534	-0.121346	-0.123872	-0.100488	-0.0632873	-0.0203566	0.016403	0.0481845	0.0703019	0.0828021	0.0818372	0.0637183	0.0346756	-0.000106156	-0.0268991	-0.0423684	-0.0465174	-0.0440881	-0.0373801	-0.0318265	-0.027604	-0.0305704	-0.0375413	-0.0429263	-0.0419599	
-0.0854709	-0.118715	-0.121861	-0.0977684	-0.0612138	-0.0179285	0.019276	0.0505176	0.0731787	0.0843026	0.0826794	0.0635059	0.0332677	-0.00257252	-0.0301989	-0.0470224	-0.052222	-0.0501728	-0.0451439	-0.0386668	-0.0358074	-0.0378156	-0.0454282	-0.0491128	-0.0492364	
-0.0853589	-0.119626	-0.123811	-0.0999408	-0.06376	-0.0199994	0.0169811	0.0488219	0.0711622	0.0817233	0.0799785	0.0595819	0.0283886	-0.0077526	-0.0375241	-0.0538975	-0.0604361	-0.0586029	-0.0528881	-0.0468735	-0.042931	-0.0449514	-0.0508726	-0.0552302	-0.0526603	
-0.0903307	-0.125452	-0.129155	-0.105872	-0.0678584	-0.0239806	0.0151564	0.0481424	0.0710329	0.0832379	0.0806329	0.0608025	0.0291161	-0.00831792	-0.0379255	-0.0561931	-0.0626094	-0.0613246	-0.0554695	-0.0485993	-0.0438734	-0.0449379	-0.0511193	-0.0537916	-0.0524042	
-0.0932542	-0.128144	-0.131579	-0.107259	-0.0684692	-0.0231329	0.0166703	0.0509666	0.0745783	0.0873247	0.0846	0.0642786	0.0311548	-0.00650951	-0.0378343	-0.0566646	-0.063629	-0.0627148	-0.0566402	-0.0493823	-0.0434108	-0.0436675	-0.0487616	-0.0516146	-0.049743	
-0.0949207	-0.128592	-0.131463	-0.104688	-0.0654247	-0.017886	0.0227256	0.0575961	0.0824256	0.094416	0.0924455	0.0705272	0.036982	-0.00262897	-0.0348326	-0.0557918	-0.0630825	-0.0630927	-0.0575815	-0.0504701	-0.044756	-0.0440069	-0.0491949	-0.0523378	-0.0502443	
-0.0927647	-0.126728	-0.129179	-0.104159	-0.0631308	-0.0170172	0.0247459	0.0597884	0.0847192	0.0976676	0.0953811	0.0738011	0.0392381	-3.12944e-05	-0.0343342	-0.0546066	-0.0637632	-0.0639583	-0.0581258	-0.0523831	-0.0455862	-0.0445771	-0.0493129	-0.0517785	-0.0497747	
-0.0889435	-0.123104	-0.126811	-0.100922	-0.0618427	-0.0144228	0.0259751	0.0614148	0.086138	0.0994946	0.0974131	0.0753861	0.0411474	-0.0007341	-0.033521	-0.0567758	-0.0653549	-0.0660769	-0.0621422	-0.0555571	-0.0495713	-0.048945	-0.0522816	-0.0544602	-0.0530025	
-0.0858102	-0.120207	-0.124841	-0.100345	-0.061979	-0.0156092	0.0251957	0.0596585	0.0858725	0.0985148	0.0982048	0.0763271	0.0419682	0.000728709	-0.0344458	-0.0569283	-0.0667974	-0.0681399	-0.0643213	-0.0584021	-0.0531316	-0.0509818	-0.0545845	-0.0562998	-0.0533854	
-0.0826222	-0.118214	-0.12421	-0.101611	-0.0644123	-0.0192527	0.0212268	0.0559532	0.082709	0.0968333	0.0972877	0.076651	0.0434226	0.00168351	-0.0330371	-0.0560384	-0.0673519	-0.0679838	-0.0657163	-0.0598771	-0.0543636	-0.0524713	-0.0552264	-0.055415	-0.05364	
-0.0796038	-0.115402	-0.121813	-0.101288	-0.0645497	-0.0206661	0.0192084	0.0544808	0.0808062	0.0971408	0.0976995	0.0796362	0.0457698	0.00539108	-0.0306637	-0.0531065	-0.0657262	-0.0664764	-0.0648147	-0.0591376	-0.0542211	-0.0520566	-0.0538833	-0.0542445	-0.0516858	
-0.0764296	-0.112114	-0.119208	-0.0983778	-0.0639575	-0.0195687	0.0188209	0.0555583	0.0816387	0.100216	0.102363	0.0862177	0.0548479	0.0126481	-0.0216298	-0.0479925	-0.0588713	-0.0630193	-0.0610104	-0.0567622	-0.0520277	-0.0507275	-0.0517462	-0.0531793	-0.0499985	
-0.0677226	-0.103323	-0.111095	-0.0925978	-0.0589484	-0.0184377	0.0200889	0.0535685	0.0818938	0.0989	0.104157	0.0888315	0.0581342	0.0177526	-0.0198922	-0.0453147	-0.0581209	-0.0634907	-0.0613876	-0.0581915	-0.0544981	-0.0519096	-0.0551371	-0.0552572	-0.0525009	
-0.0583724	-0.0946735	-0.104542	-0.0876318	-0.0579248	-0.0185875	0.016481	0.0498081	0.0770667	0.0953436	0.102825	0.088911	0.0606771	0.0198752	-0.0177903	-0.0440692	-0.0593876	-0.0636156	-0.0641734	-0.0613391	-0.0574362	-0.0570663	-0.0592102	-0.0596879	-0.0574679	
-0.0502759	-0.0882337	-0.100435	-0.0879747	-0.0609138	-0.0257948	0.00804817	0.0400845	0.0678139	0.0877282	0.0978107	0.087898	0.0619288	0.0236459	-0.0135884	-0.0402917	-0.0558073	-0.0600893	-0.0616613	-0.0582481	-0.056046	-0.0552375	-0.0575824	-0.0591515	-0.0551748	
-0.0434213	-0.0819082	-0.0954693	-0.0856143	-0.0609798	-0.0281222	0.00349372	0.0357578	0.0629543	0.0862143	0.0975924	0.0918005	0.0690224	0.0321672	-0.00320335	-0.031623	-0.047207	-0.0530652	-0.0549654	-0.0533329	-0.0507854	-0.0515106	-0.0539372	-0.0556969	-0.0522384	
-0.0327521	-0.0707158	-0.0856683	-0.0776855	-0.0561889	-0.0258277	0.00443579	0.0338737	0.0624112	0.085836	0.100523	0.0970205	0.0767808	0.0424114	0.00676117	-0.0220494	-0.0390368	-0.0465717	-0.0499678	-0.0485177	-0.0489236	-0.0484894	-0.0529454	-0.0549795	-0.0520623	
-0.0186447	-0.0571349	-0.0744874	-0.0687919	-0.0521923	-0.0240795	0.00234415	0.0313694	0.0578	0.083048	0.0999853	0.0994993	0.0826658	0.0506304	0.0152497	-0.0131287	-0.032926	-0.0412927	-0.0460486	-0.0466304	-0.0468002	-0.0478199	-0.0527703	-0.0556212	-0.0534422	
-0.00377929	-0.0442001	-0.0647941	-0.0645855	-0.0503712	-0.0283217	-0.003667	0.022631	0.0492643	0.0751476	0.0949657	0.0989323	0.0865419	0.0578792	0.0259251	-0.00299986	-0.0218463	-0.0322221	-0.0373164	-0.0388395	-0.0395936	-0.0415596	-0.0463762	-0.050945	-0.0483574	
0.00779484	-0.0335335	-0.0559249	-0.0593292	-0.0467084	-0.0276982	-0.00500183	0.0192264	0.0458649	0.0730219	0.0950889	0.104659	0.0962214	0.0724987	0.042237	0.0153108	-0.00498765	-0.0154365	-0.0221119	-0.024579	-0.0256344	-0.0290416	-0.0343583	-0.0393684	-0.0386618	
0.020261	-0.0208943	-0.0446415	-0.0492803	-0.0399312	-0.0213388	-0.000999524	0.0219152	0.0477786	0.0755567	0.100889	0.114319	0.111922	0.0910848	0.0643036	0.0371856	0.0173394	0.00587455	-0.0024829	-0.00477654	-0.00824482	-0.0120144	-0.0178178	-0.0254017	-0.0249277	
0.0358677	-0.00517783	-0.0289007	-0.0349565	-0.0283793	-0.0124189	0.00579301	0.027114	0.051583	0.0798958	0.107347	0.125138	0.126681	0.111043	0.0851663	0.0605592	0.0399238	0.0286286	0.0194627	0.0161572	0.0113518	0.00818558	-2.41294e-05	-0.0075425	-0.00959642	
0.051493	0.0104285	-0.0110123	-0.018472	-0.0137556	-0.00190932	0.0135557	0.0333523	0.0562272	0.0857359	0.11475	0.136481	0.142714	0.130881	0.109278	0.0853393	0.0672417	0.0551977	0.0467477	0.0412698	0.0371174	0.0318539	0.0245854	0.014361	0.010845	
