-0.00849856	-0.00864808	-0.00829695	-0.00818198	-0.00782002	-0.00770797	-0.00721576	-0.00711463	-0.00686987	-0.00677486	-0.00656024	-0.00650793	-0.00610502	-0.00589276	-0.00516256	-0.00409405	-0.00371665	-0.00251487	-0.00208903	-0.00120898	-0.000492409	0.000144565	0.000776253	0.00145163	0.00201025	
-0.00856959	-0.0086649	-0.00832848	-0.0084098	-0.00791332	-0.00784737	-0.00725567	-0.00719632	-0.00698913	-0.00685097	-0.0068474	-0.00648956	-0.00630158	-0.00596445	-0.00535745	-0.00438815	-0.00379294	-0.00286108	-0.00231927	-0.00151673	-0.000779867	-7.46874e-05	0.00042354	0.00110134	0.00150016	
-0.007012	-0.00723504	-0.00684648	-0.00655463	-0.0065321	-0.00594917	-0.00586816	-0.00545151	-0.00574161	-0.00535956	-0.00587441	-0.00568853	-0.00571115	-0.00528097	-0.00485077	-0.00464824	-0.0036744	-0.00320723	-0.00222666	-0.00183661	-0.00102013	-0.00018536	0.000436153	0.00122155	0.00156768	
-0.00411582	-0.00383641	-0.00403584	-0.00373332	-0.00386714	-0.00354388	-0.0031024	-0.00305668	-0.00290567	-0.00332138	-0.00302287	-0.00311679	-0.00294949	-0.00312347	-0.00270041	-0.0021717	-0.0018014	-0.00136499	-0.00120406	-0.000424124	3.97551e-05	0.00051264	0.000803066	0.00109022	0.00131043	
0.00122874	0.000719191	0.00132749	0.00093281	0.00107965	0.000965367	0.00103715	0.00122344	0.000716523	0.000561735	-2.28725e-05	-2.61048e-05	-0.000424117	-0.000511934	-0.00053673	-0.000555094	-0.00025378	-0.000271308	-0.000102593	0.000214708	0.00039762	0.000646138	0.00074378	0.000752689	0.000688454	
0.00406778	0.00407568	0.00394528	0.00393617	0.00332755	0.00395219	0.00381219	0.00389857	0.00317921	0.00295925	0.00258625	0.00229782	0.00206564	0.00195292	0.00169431	0.00140759	0.00173592	0.00137282	0.00138208	0.00122651	0.00147849	0.00134415	0.00136415	0.00109511	0.000790356	
0.00616976	0.00588904	0.00594209	0.0057562	0.00553085	0.00559934	0.00583631	0.00571718	0.00500447	0.0043948	0.00412786	0.00380488	0.00344655	0.00284056	0.00278263	0.0023111	0.00242968	0.00189618	0.00125656	0.001721	0.00110191	0.00160283	0.00082407	0.000988013	0.000409094	
0.00762517	0.00737836	0.00720867	0.0067382	0.0064609	0.00671602	0.00635875	0.00655083	0.00551865	0.00522761	0.00459051	0.00436849	0.00381603	0.00353348	0.00310796	0.00246002	0.00239109	0.00160452	0.00123436	0.000986353	0.00075387	0.000532397	0.000226026	-4.45772e-05	-0.000544931	
0.00749398	0.00677922	0.00722853	0.00641635	0.00610016	0.00617741	0.00603895	0.00636781	0.00507871	0.00479179	0.00419224	0.00405843	0.00380201	0.00320083	0.00284525	0.00210205	0.00217008	0.00140788	0.000513229	0.000549319	-2.66142e-05	-2.49068e-05	-0.000915598	-0.00124009	-0.00202076	
0.00479242	0.00506226	0.00428528	0.00414566	0.00334291	0.00367082	0.00367657	0.00342656	0.00284705	0.0021569	0.0022158	0.00185419	0.00163669	0.00124036	0.00112168	0.000492957	0.000443697	-0.000369719	-0.00089119	-0.000818532	-0.00131537	-0.00118036	-0.00188942	-0.00206851	-0.00291722	
0.00277598	0.0018399	0.00214581	0.00117094	0.0011209	0.00141218	0.000929488	0.00170948	0.000282326	0.000245076	-0.000573927	-0.000191544	-0.000457332	-0.000861888	-0.00104543	-0.00184505	-0.00143154	-0.0024574	-0.00279115	-0.00282782	-0.0031451	-0.00294816	-0.00356255	-0.00354946	-0.00404082	
-0.00141593	-0.00124288	-0.00180068	-0.0023203	-0.00303161	-0.00239641	-0.00220098	-0.00205645	-0.00273754	-0.00307359	-0.00287725	-0.00296307	-0.00255257	-0.00271698	-0.00284932	-0.00313458	-0.00291541	-0.00329891	-0.00398631	-0.00390694	-0.00404805	-0.0040476	-0.0042932	-0.00443043	-0.00478824	
-0.00381461	-0.00478252	-0.00434775	-0.00516136	-0.00524963	-0.0051247	-0.00481651	-0.00437801	-0.00522186	-0.00532012	-0.00546322	-0.0051788	-0.00511216	-0.00500217	-0.00485813	-0.00513573	-0.00471651	-0.00523248	-0.00544538	-0.00495988	-0.00531471	-0.00466963	-0.00523294	-0.0048553	-0.00527034	
-0.00688649	-0.00664685	-0.00725809	-0.00752766	-0.00824156	-0.00717081	-0.00729003	-0.00647141	-0.00731864	-0.00758048	-0.00738198	-0.00712234	-0.00634472	-0.00656602	-0.00627684	-0.0064365	-0.00561824	-0.00621043	-0.00636792	-0.00583548	-0.00558077	-0.00505555	-0.00538868	-0.00501891	-0.00512791	
-0.00803124	-0.008864	-0.00816666	-0.00913334	-0.00901899	-0.00881713	-0.00813354	-0.00756612	-0.00853859	-0.00833251	-0.0084564	-0.00783803	-0.00752362	-0.0071201	-0.0068523	-0.00689142	-0.00608164	-0.00634414	-0.0064943	-0.00584851	-0.00586018	-0.00494117	-0.00527529	-0.0047443	-0.00496819	
-0.00881529	-0.00895758	-0.00928459	-0.00955928	-0.0100986	-0.00921935	-0.00882984	-0.00807349	-0.00879987	-0.00885499	-0.00843481	-0.00789812	-0.00721551	-0.00704322	-0.00644429	-0.00627007	-0.00557077	-0.0057497	-0.00575689	-0.00516716	-0.00486772	-0.00431975	-0.00419689	-0.00386605	-0.00390267	
-0.00776443	-0.00822493	-0.00773665	-0.008378	-0.00847716	-0.00759483	-0.00736989	-0.00617447	-0.00704713	-0.00722389	-0.00728077	-0.00648513	-0.00571573	-0.00576277	-0.0055655	-0.00553908	-0.00459836	-0.00488205	-0.00508479	-0.00432869	-0.00403219	-0.00315054	-0.0034848	-0.00291829	-0.00280586	
-0.00667672	-0.00654717	-0.00673153	-0.00701821	-0.00742914	-0.00666769	-0.00575996	-0.00529837	-0.00599904	-0.00588339	-0.00556212	-0.00484153	-0.00430611	-0.00396434	-0.00331395	-0.0036135	-0.00260424	-0.00293312	-0.0029715	-0.00238224	-0.0023491	-0.00130524	-0.00171864	-0.00116246	-0.00156296	
-0.00396629	-0.0046724	-0.0039713	-0.00463831	-0.004476	-0.00366909	-0.0032839	-0.00205307	-0.00320712	-0.00314872	-0.00333485	-0.00230047	-0.00195596	-0.00180656	-0.00180979	-0.00159015	-0.000888965	-0.00133852	-0.00155617	-0.00121967	-0.000658132	-0.000376822	-0.000314201	-0.000480845	-0.000610809	
-0.00316969	-0.00277087	-0.00309532	-0.00313714	-0.00379162	-0.00256146	-0.00187888	-0.00134103	-0.00184933	-0.00235003	-0.00177994	-0.00144044	-0.000374273	-0.000512591	-0.000190936	-0.000122221	0.00054396	0.000380215	-0.000269783	0.000655345	0.000602762	0.00156134	0.000895563	0.00124768	0.000869181	
-0.000766293	-0.00172956	-0.000756284	-0.00167909	-0.00141977	-0.000898378	0.000201662	0.000797641	-0.00024882	-0.000175274	-0.000485083	0.000530219	0.000546056	0.0011645	0.000977776	0.000990321	0.00153853	0.00107084	0.0010344	0.00124195	0.00154812	0.00223278	0.00190062	0.00211723	0.00162141	
0.000644656	0.00045948	0.000505972	0.000246951	-0.000127757	0.0010517	0.00173813	0.00266779	0.00161938	0.00127594	0.00118649	0.00180106	0.00257904	0.00221437	0.00236536	0.00229157	0.00282761	0.0022794	0.00180056	0.00219102	0.00247851	0.00269635	0.00246428	0.00228614	0.00188859	
0.00195873	0.00147931	0.00169112	0.00110823	0.000777612	0.00147694	0.00259754	0.00286451	0.00210174	0.00171401	0.00168412	0.00239566	0.00266315	0.00291186	0.00270637	0.00294064	0.00324216	0.00280626	0.00237277	0.00274092	0.00268051	0.00335947	0.00247784	0.0026968	0.00203485	
0.00429082	0.00343568	0.00370491	0.00290157	0.00259461	0.00338008	0.004276	0.0045162	0.00338963	0.00300747	0.00266507	0.00320757	0.00327513	0.00309705	0.00278586	0.00264901	0.00290786	0.00249223	0.00193274	0.00205165	0.00221775	0.00281127	0.00240218	0.00223362	0.00154794	
0.00552884	0.00476971	0.00484057	0.00405672	0.00364835	0.00457137	0.0052758	0.00600116	0.0047607	0.00425076	0.0040041	0.004309	0.0048554	0.00429105	0.00409505	0.00411925	0.00396866	0.00345869	0.0025452	0.00282579	0.00296918	0.00306668	0.00265819	0.0021154	0.00148707	
0.00699733	0.00617244	0.00604489	0.00544039	0.0050098	0.00566184	0.00702364	0.00687766	0.00600347	0.00542638	0.00498627	0.00548651	0.00539943	0.00532866	0.0051682	0.00493006	0.0050732	0.00409233	0.00352627	0.00366693	0.0034444	0.00396593	0.00271667	0.0026112	0.00150875	
0.00819383	0.00746071	0.00755587	0.00671825	0.00619087	0.00706906	0.00790338	0.00822735	0.00707583	0.00656052	0.00597566	0.00613009	0.00617351	0.00586422	0.00526318	0.00514248	0.00498902	0.00432759	0.00355199	0.00331948	0.00355966	0.00355749	0.00302349	0.00230415	0.0013881	
0.00852459	0.00765746	0.00742668	0.00677005	0.0060594	0.00667787	0.00760921	0.00787597	0.0066641	0.00593553	0.00563715	0.00577298	0.00600679	0.00518029	0.00514609	0.00508275	0.00491901	0.00424959	0.00337967	0.0036662	0.0037127	0.00364352	0.00312182	0.00254928	0.00154694	
0.00818312	0.00754389	0.00743785	0.00667469	0.00594122	0.0065549	0.00777497	0.00757314	0.00642032	0.00575107	0.00524482	0.00541615	0.00533603	0.00495961	0.00459276	0.00440278	0.0043934	0.00371567	0.0030871	0.00320029	0.00315909	0.00372887	0.00273126	0.00267943	0.00146889	
0.00754	0.00671265	0.00668939	0.00581122	0.00501317	0.00579254	0.00674875	0.0067554	0.00563524	0.00500008	0.0045431	0.00463278	0.0048023	0.00442605	0.00412289	0.00401405	0.00392884	0.00341129	0.0028261	0.00276071	0.0032769	0.00337989	0.00290303	0.00245689	0.00158479	
0.00741088	0.00670454	0.0064096	0.0056936	0.0049996	0.00551764	0.00632901	0.00655988	0.00523066	0.00455383	0.00401516	0.00415492	0.00438592	0.00344429	0.00356106	0.00336481	0.0033116	0.00260889	0.00193577	0.00228098	0.00251511	0.00282134	0.00220678	0.00212555	0.00133694	
0.00720541	0.006648	0.00647469	0.00569544	0.00495523	0.00574858	0.00671948	0.00649617	0.0056825	0.00480555	0.00437597	0.00441598	0.00416831	0.00407615	0.00355184	0.0035071	0.00331756	0.00278051	0.0024043	0.0021961	0.00269112	0.00275593	0.00241949	0.00197189	0.00109107	
0.00705556	0.00677347	0.0063703	0.00578406	0.00501504	0.00551135	0.00648202	0.00674646	0.00565803	0.00460974	0.00442118	0.00438915	0.00466265	0.00397198	0.00407561	0.00383106	0.00381913	0.00330594	0.00249727	0.00289464	0.00287999	0.00332706	0.00256187	0.00241062	0.00153162	
0.00734045	0.00680396	0.00664443	0.00567896	0.0054362	0.00619249	0.00707488	0.00749113	0.00622287	0.00556814	0.00500383	0.00529948	0.0052496	0.00489681	0.0046698	0.00447904	0.00460549	0.0038604	0.00340492	0.00320301	0.0037306	0.0034304	0.00335382	0.00260824	0.00197037	
0.00664548	0.00668151	0.00636187	0.00577985	0.0052066	0.00606183	0.00725949	0.00706061	0.00631135	0.00528468	0.00529142	0.00499634	0.00505637	0.00493336	0.00487529	0.00463176	0.00457	0.00412154	0.00358329	0.00375092	0.00357798	0.00412581	0.00349159	0.00337062	0.00254303	
0.00537364	0.00522955	0.00470276	0.00425177	0.00397503	0.00480341	0.00561412	0.00624718	0.00544216	0.00469078	0.00446772	0.00483372	0.00515548	0.00491098	0.00513656	0.00510287	0.00534199	0.00472129	0.00427107	0.00443839	0.00460985	0.00471376	0.00430413	0.00378575	0.00328492	
0.00460476	0.00429512	0.00446021	0.00358586	0.00337945	0.00420686	0.00510784	0.00554406	0.0045672	0.00391799	0.00349279	0.00355127	0.00368378	0.00358836	0.00350159	0.00328407	0.00372072	0.00332957	0.00309964	0.00308749	0.00340027	0.00384166	0.00375944	0.00343184	0.0031463	
0.00216164	0.00252307	0.00194448	0.00171913	0.0010798	0.00213155	0.00307888	0.00358105	0.00290274	0.00215913	0.00240509	0.0023293	0.00277171	0.00245361	0.00285382	0.00286625	0.00338082	0.00315054	0.00284324	0.00332083	0.00313984	0.0038493	0.00355386	0.00350552	0.00297506	
0.000828786	0.000562606	0.000441729	-0.000191988	-7.41878e-05	0.000620426	0.00150138	0.00243027	0.00177291	0.00130482	0.00121647	0.00172709	0.00178382	0.00173404	0.0020431	0.00220073	0.00301162	0.00234542	0.00225744	0.00258132	0.00257232	0.00328971	0.00288	0.00300282	0.00265455	
-0.00109156	-0.000863373	-0.00116928	-0.00127095	-0.00181389	-0.000542376	0.000189157	0.00121758	0.000192748	9.85946e-05	0.000355037	2.32523e-06	0.000424271	0.000387831	0.00100858	0.000735241	0.00145793	0.00141915	0.00122884	0.00141423	0.00173087	0.00221888	0.00252112	0.00214276	0.00216616	
-0.00306939	-0.00304927	-0.0032221	-0.00360851	-0.00374512	-0.00292061	-0.0017359	-0.00109968	-0.0014377	-0.0016005	-0.00138591	-0.0011547	-0.000744624	-0.00051585	-7.53749e-05	1.02626e-05	0.000980855	0.000590424	0.000421937	0.00113079	0.000851038	0.00192635	0.00129285	0.00177189	0.00148437	
-0.00485728	-0.00468133	-0.00499318	-0.00519691	-0.0056929	-0.00414755	-0.00362712	-0.00254973	-0.0029109	-0.00292365	-0.00283028	-0.00248773	-0.00184869	-0.0021039	-0.00134704	-0.0012204	-0.00016246	-0.000670088	-0.000654557	-0.000181927	-0.000153143	0.000451797	0.000551333	0.000521869	0.000469199	
-0.00676147	-0.00665834	-0.0065402	-0.00689764	-0.00704471	-0.0060203	-0.00525535	-0.00428791	-0.00481367	-0.00477517	-0.00453348	-0.00434183	-0.0040434	-0.00396906	-0.00323588	-0.00310574	-0.00232299	-0.00234824	-0.00222743	-0.00194522	-0.00184295	-0.000925052	-0.000767129	-0.000724396	-0.000593511	
-0.00828585	-0.00827289	-0.00867321	-0.00910492	-0.00937052	-0.00832262	-0.0076625	-0.00688896	-0.00711325	-0.0070044	-0.00676114	-0.00643827	-0.00586681	-0.00578574	-0.00483063	-0.00486445	-0.0034743	-0.00372428	-0.00377476	-0.00303201	-0.00315572	-0.00195504	-0.00240212	-0.00180261	-0.00174252	
-0.00814703	-0.00836441	-0.00827675	-0.00873372	-0.00915831	-0.0080114	-0.00752669	-0.00648747	-0.00727546	-0.00740755	-0.00736375	-0.00738549	-0.00721442	-0.00729076	-0.00696704	-0.00653152	-0.00574007	-0.00607679	-0.00608755	-0.00564303	-0.0054055	-0.0047276	-0.00437366	-0.00393217	-0.00373689	
-0.00826453	-0.00864701	-0.00890479	-0.00939732	-0.00963452	-0.00891128	-0.00812744	-0.00752777	-0.00783608	-0.00785113	-0.00776716	-0.00780487	-0.00745652	-0.0076537	-0.00672429	-0.00669151	-0.00576694	-0.00594424	-0.00610431	-0.00555936	-0.0058638	-0.00487249	-0.0049946	-0.0045506	-0.00469918	
-0.00686052	-0.00730046	-0.00689945	-0.00795285	-0.00804559	-0.00709767	-0.0067334	-0.00588818	-0.00652005	-0.00644318	-0.00682353	-0.00655206	-0.00673928	-0.00675	-0.0065654	-0.0062903	-0.00559816	-0.00574735	-0.00610908	-0.00608581	-0.00604046	-0.00554838	-0.0058528	-0.00562488	-0.005615	
-0.00409629	-0.00470741	-0.0049422	-0.00551715	-0.00586824	-0.00520329	-0.00487803	-0.0043491	-0.00461896	-0.00532089	-0.00528829	-0.00550285	-0.0056284	-0.00591422	-0.00577733	-0.0057102	-0.00520807	-0.00538163	-0.00616558	-0.00601501	-0.00639737	-0.00578353	-0.0062518	-0.00579565	-0.00619356	
-0.00114312	-0.00191834	-0.00176858	-0.0028829	-0.00337239	-0.00309437	-0.00284217	-0.00230425	-0.00335244	-0.00332101	-0.00394249	-0.00414746	-0.00451296	-0.00478566	-0.00471593	-0.00463729	-0.00438489	-0.00472297	-0.00557219	-0.00545322	-0.00559934	-0.00569938	-0.00560069	-0.005658	-0.00581654	
0.00136703	0.000268929	0.000698283	-0.000516422	-0.000808147	-0.000673719	-0.000133766	-0.000132825	-0.00033336	-0.000759107	-0.00139801	-0.00126141	-0.00202867	-0.00193599	-0.00255938	-0.00211016	-0.00192505	-0.00260392	-0.00330946	-0.0035947	-0.00401691	-0.003858	-0.00472838	-0.00456204	-0.00529086	
