-0.240137	-0.292727	-0.375796	-0.485808	-0.605428	-0.704721	-0.769237	-0.772814	-0.705917	-0.578459	-0.385858	-0.138371	0.131033	0.405422	0.672821	0.899264	1.05486	1.13903	1.15781	1.10132	0.960955	0.756113	0.532062	0.334496	0.188475	
-0.292727	-0.372126	-0.471135	-0.590788	-0.692997	-0.758873	-0.778599	-0.730281	-0.619375	-0.451888	-0.22478	0.0373693	0.305597	0.571373	0.815007	1.00047	1.11209	1.15774	1.13765	1.0392	0.864332	0.645637	0.430988	0.257372	0.138064	
-0.375796	-0.471135	-0.585437	-0.688644	-0.751366	-0.777723	-0.747072	-0.648444	-0.497415	-0.292501	-0.0415942	0.222517	0.482928	0.73203	0.940354	1.07888	1.14739	1.15451	1.09285	0.953294	0.752099	0.531479	0.335753	0.190126	0.0969735	
-0.485808	-0.590788	-0.688644	-0.748816	-0.775157	-0.756483	-0.668678	-0.526576	-0.340141	-0.104881	0.154722	0.410644	0.657476	0.878824	1.04128	1.13139	1.15901	1.12613	1.02109	0.845426	0.629829	0.419805	0.2505	0.134336	0.0650861	
-0.605428	-0.692997	-0.751366	-0.775157	-0.759401	-0.679514	-0.543048	-0.369129	-0.150596	0.101771	0.354663	0.596305	0.821436	1.00172	1.11223	1.15669	1.14475	1.06923	0.922161	0.720473	0.504893	0.316696	0.178255	0.090454	0.0416067	
-0.704721	-0.758873	-0.777723	-0.756483	-0.679514	-0.548442	-0.382487	-0.177815	0.0648682	0.31436	0.550631	0.773266	0.963712	1.09168	1.15103	1.15412	1.10134	0.9816	0.799341	0.586345	0.385399	0.227151	0.120511	0.0578439	0.0252559	
-0.769237	-0.778599	-0.747072	-0.668678	-0.543048	-0.382487	-0.186785	0.0458165	0.289757	0.520625	0.737647	0.931234	1.07177	1.14405	1.15829	1.12175	1.02522	0.864303	0.660181	0.452947	0.278734	0.154259	0.0771278	0.0350221	0.0145183	
-0.772814	-0.730281	-0.648444	-0.526576	-0.369129	-0.177815	0.0458165	0.281443	0.505803	0.716068	0.907709	1.05498	1.13716	1.15981	1.1343	1.05573	0.915058	0.723601	0.515859	0.330279	0.19015	0.0988204	0.0465854	0.0200228	0.00788538	
-0.705917	-0.619375	-0.497415	-0.340141	-0.150596	0.0648682	0.289757	0.505803	0.708873	0.895413	1.04373	1.1316	1.16013	1.14182	1.07608	0.952627	0.775116	0.571249	0.37897	0.22624	0.121896	0.0595347	0.0264866	0.0107861	0.00403905	
-0.578459	-0.451888	-0.292501	-0.104881	0.101771	0.31436	0.520625	0.716068	0.895413	1.03977	1.12849	1.16005	1.14607	1.08882	0.97868	0.814355	0.617042	0.422217	0.2604	0.145025	0.0732097	0.0336494	0.0141476	0.00546564	0.0019484	
-0.385858	-0.22478	-0.0415942	0.154722	0.354663	0.550631	0.737647	0.907709	1.04373	1.12849	1.15998	1.148	1.09577	0.994926	0.841668	0.651976	0.457884	0.290552	0.166711	0.0867514	0.0411058	0.0178126	0.00708955	0.00260231	0.000884323	
-0.138371	0.0373693	0.222517	0.410644	0.596305	0.773266	0.931234	1.05498	1.1316	1.16005	1.148	1.09797	1.00269	0.857691	0.675429	0.484383	0.314868	0.185457	0.09919	0.0483377	0.0215477	0.0088219	0.00333019	0.00116341	0.000377442	
0.131033	0.305597	0.482928	0.657476	0.821436	0.963712	1.07177	1.13716	1.16013	1.14607	1.09577	1.00269	0.862962	0.687179	0.500667	0.3319	0.199919	0.109557	0.054771	0.0250651	0.0105386	0.00408584	0.00146586	0.000488268	0.000151472	
0.405422	0.571373	0.73203	0.878824	1.00172	1.09168	1.14405	1.15981	1.14182	1.08882	0.994926	0.857691	0.687179	0.506156	0.340664	0.209043	0.117001	0.0598476	0.0280567	0.0120935	0.00480875	0.00176971	0.000604679	0.000192396	5.71654e-05	
0.672821	0.815007	0.940354	1.04128	1.11223	1.15103	1.15829	1.1343	1.07608	0.97868	0.841668	0.675429	0.500667	0.340664	0.212161	0.12089	0.063101	0.0302373	0.0133377	0.00543148	0.00204805	0.000717159	0.000233863	7.121e-05	2.02976e-05	
0.899264	1.00047	1.07888	1.13139	1.15669	1.15412	1.12175	1.05573	0.952627	0.814355	0.651976	0.484383	0.3319	0.209043	0.12089	0.0642215	0.0313874	0.0141428	0.00588965	0.00227274	0.000814824	0.000272117	8.48627e-05	2.47735e-05	6.78508e-06	
1.05486	1.11209	1.14739	1.15901	1.14475	1.10134	1.02522	0.915058	0.775116	0.617042	0.457884	0.314868	0.199919	0.117001	0.063101	0.0313874	0.0144214	0.00613266	0.00241899	0.000887099	0.000303165	9.67745e-05	2.89197e-05	8.10801e-06	2.13708e-06	
1.13903	1.15774	1.15451	1.12613	1.06923	0.9816	0.864303	0.723601	0.571249	0.422217	0.290552	0.185457	0.109557	0.0598476	0.0302373	0.0141428	0.00613266	0.00246976	0.000925569	0.000323448	0.000105621	3.22955e-05	9.26538e-06	2.49898e-06	6.34829e-07	
1.15781	1.13765	1.09285	1.02109	0.922161	0.799341	0.660181	0.515859	0.37897	0.2604	0.166711	0.09919	0.054771	0.0280567	0.0133377	0.00588965	0.00241899	0.000925569	0.000330502	0.000110339	3.45056e-05	1.01266e-05	2.79413e-06	7.26129e-07	1.78039e-07	
1.10132	1.0392	0.953294	0.845426	0.720473	0.586345	0.452947	0.330279	0.22624	0.145025	0.0867514	0.0483377	0.0250651	0.0120935	0.00543148	0.00227274	0.000887099	0.000323448	0.000110339	3.52751e-05	1.05865e-05	2.98756e-06	7.94127e-07	1.99149e-07	4.71925e-08	
0.960955	0.864332	0.752099	0.629829	0.504893	0.385399	0.278734	0.19015	0.121896	0.0732097	0.0411058	0.0215477	0.0105386	0.00480875	0.00204805	0.000814824	0.000303165	0.000105621	3.45056e-05	1.05865e-05	3.05495e-06	8.3046e-07	2.12991e-07	5.16161e-08	1.18366e-08	
0.756113	0.645637	0.531479	0.419805	0.316696	0.227151	0.154259	0.0988204	0.0595347	0.0336494	0.0178126	0.0088219	0.00408584	0.00176971	0.000717159	0.000272117	9.67745e-05	3.22955e-05	1.01266e-05	2.98756e-06	8.3046e-07	2.17814e-07	5.398e-08	1.26581e-08	2.81243e-09	
0.532062	0.430988	0.335753	0.2505	0.178255	0.120511	0.0771278	0.0465854	0.0264866	0.0141476	0.00708955	0.00333019	0.00146586	0.000604679	0.000233863	8.48627e-05	2.89197e-05	9.26538e-06	2.79413e-06	7.94127e-07	2.12991e-07	5.398e-08	1.29443e-08	2.94077e-09	6.33783e-10	
0.334496	0.257372	0.190126	0.134336	0.090454	0.0578439	0.0350221	0.0200228	0.0107861	0.00546564	0.00260231	0.00116341	0.000488268	0.000192396	7.121e-05	2.47735e-05	8.10801e-06	2.49898e-06	7.26129e-07	1.99149e-07	5.16161e-08	1.26581e-08	2.94077e-09	6.48037e-10	1.35614e-10	
0.188475	0.138064	0.0969735	0.0650861	0.0416067	0.0252559	0.0145183	0.00788538	0.00403905	0.0019484	0.000884323	0.000377442	0.000151472	5.71654e-05	2.02976e-05	6.78508e-06	2.13708e-06	6.34829e-07	1.78039e-07	4.71925e-08	1.18366e-08	2.81243e-09	6.33783e-10	1.35614e-10	2.75847e-11	
0.0956662	0.0668916	0.0447997	0.0286496	0.0174431	0.0100838	0.0055219	0.00285859	0.00139676	0.000643406	0.000279195	0.000114081	4.38904e-05	1.59026e-05	5.4288e-06	1.74725e-06	5.30598e-07	1.52169e-07	4.1254e-08	1.05837e-08	2.57223e-09	5.92866e-10	1.29735e-10	2.69828e-11	5.3397e-12	
0.043992	0.0294378	0.0188512	0.0115197	0.00669985	0.00369974	0.00193576	0.000957975	0.0004478	0.00019752	8.21602e-05	3.22184e-05	1.19106e-05	4.15204e-06	1.36547e-06	4.23906e-07	1.24324e-07	3.44759e-08	9.0481e-09	2.24963e-09	5.30426e-10	1.18727e-10	2.52545e-11	5.11031e-12	9.84746e-13	
0.0184308	0.0118322	0.0072634	0.00425258	0.00236901	0.00125301	0.00062809	0.000297928	0.000133572	5.65551e-05	2.26029e-05	8.52515e-06	3.03463e-06	1.01976e-06	3.23656e-07	9.70798e-08	2.75396e-08	7.39491e-09	1.88125e-09	4.53847e-10	1.03932e-10	2.26152e-11	4.68053e-12	9.22292e-13	1.73201e-13	
0.00707244	0.00436579	0.00257512	0.00144797	0.000774493	0.00039332	0.000189341	8.62872e-05	3.71892e-05	1.51482e-05	5.82915e-06	2.11884e-06	7.27585e-07	2.36102e-07	7.24357e-08	2.10239e-08	5.7769e-09	1.50401e-09	3.71329e-10	8.70198e-11	1.93748e-11	4.10233e-12	8.26837e-13	1.58789e-13	2.90834e-14	
0.00249783	0.00148566	0.000843789	0.00045665	0.000235035	0.000114854	5.32128e-05	2.33478e-05	9.69337e-06	3.80592e-06	1.41278e-06	4.95787e-07	1.64511e-07	5.1632e-08	1.5335e-08	4.31278e-09	1.14935e-09	2.90474e-10	6.96779e-11	1.58781e-11	3.44044e-12	7.09485e-13	1.39376e-13	2.61068e-14	4.667e-15	
0.000815523	0.000468235	0.000256558	0.000133896	6.64442e-05	3.13047e-05	1.39858e-05	5.91932e-06	2.37169e-06	8.99195e-07	3.22533e-07	1.09453e-07	3.51479e-08	1.06846e-08	3.07623e-09	8.39372e-10	2.17206e-10	5.33469e-11	1.24458e-11	2.76051e-12	5.82628e-13	1.17117e-13	2.2442e-14	4.10307e-15	7.16388e-16	
0.000247127	0.000137198	7.26479e-05	3.66265e-05	1.75547e-05	7.98818e-06	3.44741e-06	1.40985e-06	5.46055e-07	2.00235e-07	6.95078e-08	2.28429e-08	7.10888e-09	2.09585e-09	5.85673e-10	1.55223e-10	3.90456e-11	9.32891e-12	2.11878e-12	4.57828e-13	9.42005e-14	1.84722e-14	3.45522e-15	6.17029e-16	1.05289e-16	
6.97555e-05	3.75025e-05	1.92205e-05	9.37592e-06	4.34722e-06	1.91363e-06	7.99014e-07	3.16227e-07	1.18576e-07	4.21151e-08	1.4168e-08	4.51512e-09	1.36348e-09	3.90328e-10	1.05986e-10	2.73137e-11	6.6854e-12	1.55532e-12	3.4419e-13	7.25147e-14	1.45568e-14	2.78667e-15	5.09165e-16	8.88689e-17	1.48295e-17	
1.84001e-05	9.59295e-06	4.76537e-06	2.25239e-06	1.01174e-06	4.31453e-07	1.74541e-07	6.69449e-08	2.43354e-08	8.38287e-09	2.7365e-09	8.46697e-10	2.48392e-10	6.91226e-11	1.82565e-11	4.57937e-12	1.09166e-12	2.47509e-13	5.34139e-14	1.09807e-14	2.15215e-15	4.02484e-16	7.18811e-17	1.22697e-17	2.00336e-18	
4.54909e-06	2.30276e-06	1.11017e-06	5.09095e-07	2.21829e-07	9.17635e-08	3.60138e-08	1.34034e-08	4.72935e-09	1.58195e-09	5.01685e-10	1.50876e-10	4.3045e-11	1.16559e-11	2.99736e-12	7.32454e-13	1.70205e-13	3.76392e-14	7.92721e-15	1.59132e-15	3.04722e-16	5.57073e-17	9.73054e-18	1.62529e-18	2.59801e-19	
1.05695e-06	5.20073e-07	2.43615e-07	1.08516e-07	4.59227e-08	1.84495e-08	7.03286e-09	2.54281e-09	8.71886e-10	2.83509e-10	8.74388e-11	2.55856e-11	7.10588e-12	1.87409e-12	4.69639e-13	1.11899e-13	2.53674e-14	5.47567e-15	1.12628e-15	2.20921e-16	4.13584e-17	7.39552e-18	1.26416e-18	2.06731e-19	3.23684e-20	
2.31352e-07	1.10769e-07	5.04689e-08	2.18606e-08	8.99465e-09	3.51337e-09	1.30224e-09	4.57901e-10	1.52732e-10	4.83277e-11	1.45097e-11	4.13489e-12	1.11892e-12	2.8767e-13	7.03088e-14	1.63467e-14	3.61795e-15	7.62828e-16	1.53339e-16	2.94089e-17	5.38573e-18	9.42527e-19	1.57749e-19	2.52699e-20	3.87737e-21	
4.78137e-08	2.22971e-08	9.89102e-09	4.17023e-09	1.66997e-09	6.34843e-10	2.29026e-10	7.83959e-11	2.54615e-11	7.84719e-12	2.2956e-12	6.37667e-13	1.6827e-13	4.22061e-14	1.00685e-14	2.28594e-15	4.94289e-16	1.01867e-16	2.0024e-17	3.75723e-18	6.73474e-19	1.15411e-19	1.89227e-20	2.97073e-21	4.46903e-22	
9.34936e-09	4.2502e-09	1.83731e-09	7.54714e-10	2.94414e-10	1.09028e-10	3.83184e-11	1.27801e-11	4.04523e-12	1.21539e-12	3.46723e-13	9.39558e-14	2.41966e-14	5.92543e-15	1.38068e-15	3.06315e-16	6.47518e-17	1.30516e-17	2.51032e-18	4.61085e-19	8.09379e-20	1.35886e-20	2.18365e-21	3.36128e-22	4.95975e-23	
1.73295e-09	7.68596e-10	3.24051e-10	1.29796e-10	4.9367e-11	1.7824e-11	6.108e-12	1.9866e-12	6.1333e-13	1.79786e-13	5.00548e-14	1.32422e-14	3.33059e-15	7.96871e-16	1.81483e-16	3.93699e-17	8.14104e-18	1.60584e-18	3.02383e-19	5.43967e-20	9.35579e-21	1.53961e-21	2.42598e-22	3.66301e-23	5.3037e-24	
3.05019e-10	1.32083e-10	5.43551e-11	2.1246e-11	7.88489e-12	2.7778e-12	9.28878e-13	2.94845e-13	8.88555e-14	2.54308e-14	6.91493e-15	1.78722e-15	4.39305e-16	1.02758e-16	2.28882e-17	4.85794e-18	9.83215e-19	1.89898e-19	3.50259e-20	6.17429e-21	1.04097e-21	1.67984e-22	2.59659e-23	3.84736e-24	5.46839e-25	
5.10631e-11	2.16044e-11	8.68406e-12	3.31486e-12	1.20129e-12	4.13246e-13	1.34942e-13	4.18332e-14	1.23148e-14	3.44365e-15	9.15123e-16	2.31223e-16	5.55802e-17	1.2718e-17	2.77215e-18	5.75988e-19	1.14163e-19	2.16007e-20	3.90453e-21	6.74762e-22	1.11568e-22	1.76628e-23	2.67935e-24	3.89732e-25	5.43977e-26	
8.14299e-12	3.36834e-12	1.32335e-12	4.93648e-13	1.74807e-13	5.87592e-14	1.87498e-14	5.68065e-15	1.6346e-15	4.46888e-16	1.16136e-16	2.87042e-17	6.7514e-18	1.51213e-18	3.22721e-19	6.56768e-20	1.27543e-20	2.36529e-21	4.19196e-22	7.10523e-23	1.15263e-23	1.79091e-24	2.66716e-25	3.81001e-26	5.22412e-27	
1.23871e-12	5.01258e-13	1.92606e-13	7.02567e-14	2.43259e-14	7.995e-15	2.49457e-15	7.39099e-16	2.08012e-16	5.56338e-17	1.41472e-17	3.42237e-18	7.88092e-19	1.72864e-19	3.61415e-20	7.20766e-21	1.37209e-21	2.49513e-22	4.33759e-23	7.21392e-24	1.14863e-24	1.75226e-25	2.56294e-26	3.59674e-27	4.84636e-28	
1.79985e-13	7.1291e-14	2.68068e-14	9.56747e-15	3.24099e-15	1.04213e-15	3.18136e-16	9.22321e-17	2.54036e-17	6.65051e-18	1.65574e-18	3.92248e-19	8.84787e-20	1.90159e-20	3.8967e-21	7.6189e-22	1.4224e-22	2.53748e-23	4.32875e-24	7.06675e-25	1.10483e-25	1.65541e-26	2.37883e-27	3.28075e-28	4.34549e-29	
2.50103e-14	9.70189e-15	3.57196e-15	1.24806e-15	4.13863e-16	1.30268e-16	3.89305e-17	1.105e-17	2.98016e-18	7.64083e-19	1.86342e-19	4.32527e-20	9.56166e-21	2.01451e-21	4.04787e-22	7.76288e-23	1.42192e-23	2.48949e-24	4.16912e-25	6.68348e-26	1.02636e-26	1.51097e-27	2.13391e-28	2.89312e-29	3.76813e-30	
3.32752e-15	1.26478e-15	4.56172e-16	1.5612e-16	5.07053e-17	1.56316e-17	4.57555e-18	1.27217e-18	3.36131e-19	8.44444e-20	2.0183e-20	4.5923e-21	9.95396e-22	2.05677e-22	4.05425e-23	7.62939e-24	1.37165e-24	2.35775e-25	3.87768e-26	6.10642e-27	9.21423e-28	1.33322e-28	1.85108e-29	2.4679e-30	3.16162e-31	
4.24347e-16	1.58116e-16	5.58937e-17	1.8746e-17	5.9661e-18	1.80229e-18	5.16973e-19	1.40867e-19	3.64815e-20	8.98466e-21	2.10555e-21	4.69838e-22	9.98961e-23	2.02524e-23	3.91786e-24	7.23743e-25	1.27764e-25	2.15696e-26	3.48505e-27	5.393e-28	7.99871e-29	1.13786e-29	1.55363e-30	2.03747e-31	2.56812e-32	
5.19749e-17	1.89872e-17	6.58015e-18	2.16353e-18	6.7502e-19	1.99906e-19	5.62167e-20	1.5019e-20	3.8141e-21	9.21244e-22	2.11772e-22	4.63627e-23	9.67342e-24	1.92494e-24	3.65594e-25	6.6321e-26	1.15e-26	1.90748e-27	3.02877e-28	4.60714e-29	6.71848e-30	9.39932e-31	1.26244e-31	1.62898e-32	2.02068e-33	
6.66769e-18	2.29574e-18	7.7221e-19	2.48179e-19	7.58164e-20	2.19945e-20	6.05998e-21	1.58646e-21	3.94844e-22	9.3483e-23	2.10688e-23	4.52321e-24	9.25696e-25	1.80726e-25	3.36846e-26	5.99822e-27	1.02122e-27	1.66362e-28	2.59501e-29	3.87882e-30	5.55964e-31	7.64696e-32	1.01002e-32	1.28193e-33	1.56481e-34	
