-0.00287978	-0.00257794	-0.00262306	-0.00209766	-0.00177432	-0.00109845	-0.00111102	-0.00101432	-0.000863652	-0.00100032	-0.00119805	-0.00109933	-0.00101283	-0.00139001	-0.00168591	-0.00161918	-0.00194638	-0.00190212	-0.00171052	-0.00138523	-0.00134093	-0.000570845	-0.000255264	-8.72456e-05	0.000381982	
-0.00291776	-0.00249765	-0.00260579	-0.00198986	-0.0018317	-0.00116661	-0.00103152	-0.000831365	-0.000866897	-0.000895823	-0.00113406	-0.000995667	-0.000926206	-0.00114291	-0.00157744	-0.00132238	-0.00176439	-0.00165114	-0.00159484	-0.00112655	-0.00121236	-0.000345539	-8.70258e-05	3.8637e-05	0.00051702	
-0.0038381	-0.00397334	-0.00377784	-0.0033103	-0.00302417	-0.00267874	-0.00204043	-0.00191321	-0.00197832	-0.00196445	-0.00225914	-0.00197744	-0.00185247	-0.00221552	-0.00187849	-0.00203638	-0.00211564	-0.00218748	-0.0017696	-0.00166153	-0.00145215	-0.000902726	-0.000110905	-0.000329383	-2.81168e-05	
-0.0051396	-0.0045035	-0.00450575	-0.00413928	-0.00383831	-0.00313117	-0.0028588	-0.00249042	-0.00236899	-0.00253608	-0.00282951	-0.00223609	-0.00217705	-0.00224855	-0.00202451	-0.00213854	-0.00226753	-0.00202253	-0.00244361	-0.00185901	-0.00182833	-0.00128826	-0.00125115	-0.000515081	-0.000269069	
-0.00418327	-0.00383255	-0.00415346	-0.00321037	-0.00344914	-0.00326067	-0.0024246	-0.00252869	-0.00236263	-0.00259484	-0.002723	-0.00254018	-0.00226939	-0.00247364	-0.00186299	-0.00203003	-0.00214447	-0.00197084	-0.00220037	-0.00160926	-0.00181526	-0.0005584	-0.000450158	-0.000264386	0.000376822	
-0.00239676	-0.00253621	-0.00264041	-0.00199004	-0.00238497	-0.00220936	-0.00156133	-0.00145449	-0.00132091	-0.00135516	-0.00191169	-0.00129161	-0.00093576	-0.000945311	-0.000815155	-7.53713e-05	-0.000669716	-0.000765467	-0.000544603	-0.000620016	-0.000570045	0.000324979	0.000926648	0.000500793	0.00151172	
-0.00242281	-0.00238168	-0.00284558	-0.00179721	-0.00256335	-0.00265621	-0.00154304	-0.00192272	-0.00153316	-0.00187523	-0.00201928	-0.00163883	-0.000945808	-0.00164964	-0.000346878	-0.000834428	-0.000999698	-0.000619722	-0.00102251	-0.000565273	-0.000972854	0.000324631	0.000548375	0.000798412	0.00196587	
-0.00288931	-0.00237317	-0.00269375	-0.00262189	-0.00311647	-0.00295698	-0.00269638	-0.00222079	-0.00199389	-0.0023036	-0.00269555	-0.00199682	-0.00166723	-0.0014494	-0.000969928	-0.00039472	-0.000889404	-0.000589076	-0.00100333	-0.000171012	-0.000450545	0.000672082	0.00109877	0.00120501	0.0022264	
-0.0029068	-0.00321997	-0.00351797	-0.00294823	-0.00358502	-0.00388012	-0.00274242	-0.00293602	-0.00228496	-0.00266227	-0.00271907	-0.00210029	-0.00162145	-0.00207397	-0.000560532	-0.00110548	-0.000801816	-0.00125933	-0.001029	-0.000418397	-0.00109559	0.000528858	0.00117646	0.00051533	0.00187917	
-0.00297371	-0.00272443	-0.00337366	-0.00290862	-0.00393555	-0.00364915	-0.00339035	-0.00288947	-0.00260612	-0.00275003	-0.0030572	-0.00216381	-0.00194072	-0.00171709	-0.0016743	-0.000876615	-0.00134646	-0.0012837	-0.00156149	-0.000656428	-0.00083957	0.000788847	0.000923989	0.00137534	0.00275191	
-0.00157561	-0.00198878	-0.00287154	-0.00178936	-0.00314782	-0.00358426	-0.00205865	-0.00237127	-0.00190589	-0.00223524	-0.00222183	-0.00190855	-0.00132972	-0.00201492	-0.000604264	-0.000654156	-0.00117801	-0.000851752	-0.00124555	-0.000217555	-0.000696616	0.00149429	0.00191224	0.00169974	0.00297873	
-0.000970365	-0.00144171	-0.00166441	-0.00169089	-0.00240262	-0.00239688	-0.00183424	-0.00141704	-0.00119581	-0.00125527	-0.00179774	-0.000923586	-0.000738208	-0.00120823	-0.000169076	0.000168394	-0.000250859	-0.00058986	-0.000402766	-0.000138341	0.000309181	0.00179764	0.00249469	0.00234735	0.00380706	
-0.0015039	-0.00183827	-0.00271946	-0.00146698	-0.00282689	-0.00316907	-0.00167669	-0.00208183	-0.00188152	-0.00215886	-0.0024655	-0.00223089	-0.00196762	-0.00264776	-0.0012214	-0.0014145	-0.00136787	-0.00141364	-0.00184249	-0.000547695	-0.0011755	0.00129749	0.00166391	0.00212551	0.00352893	
-0.00163966	-0.00149043	-0.0024122	-0.00171382	-0.00275093	-0.0027693	-0.00195257	-0.00136711	-0.00151755	-0.00161838	-0.00233191	-0.00174354	-0.00137603	-0.00163768	-0.00103111	-0.000113912	-0.000894201	-0.0007393	-0.00102251	-9.41188e-05	-0.000120799	0.00184173	0.00233899	0.00257242	0.00382023	
-0.00227912	-0.002582	-0.00308386	-0.00225789	-0.00336025	-0.00346245	-0.00212565	-0.00267002	-0.0018821	-0.00289965	-0.00336624	-0.00259445	-0.0026802	-0.00340957	-0.00172251	-0.00209574	-0.00206353	-0.00194046	-0.00230169	-0.0011167	-0.00133204	0.000958535	0.00181089	0.0018079	0.00383942	
-0.00200654	-0.00198614	-0.00255814	-0.00181922	-0.00298663	-0.00288007	-0.002063	-0.00180881	-0.00187901	-0.00250183	-0.00318336	-0.00278997	-0.00280978	-0.00299285	-0.00211602	-0.00173622	-0.00181892	-0.0019092	-0.00189759	-0.0010956	-0.000563653	0.00130879	0.00223861	0.0028181	0.00456468	
-0.00145834	-0.00158337	-0.00214333	-0.000960929	-0.00221337	-0.00253441	-0.000970401	-0.00132917	-0.00114713	-0.00183587	-0.00265451	-0.00235511	-0.00208873	-0.00290743	-0.00175294	-0.00102544	-0.00167145	-0.00131997	-0.00168551	-0.00038862	-0.000937422	0.00169609	0.0028088	0.00304348	0.00450124	
-0.00162512	-0.00141565	-0.001598	-0.00110538	-0.00219542	-0.00190444	-0.00143035	-0.00110955	-0.00109505	-0.0019264	-0.00299304	-0.00256036	-0.00221815	-0.00317686	-0.00155749	-0.00155307	-0.00165197	-0.00162309	-0.00164991	-0.0011559	-0.000566636	0.00148578	0.00254237	0.00331133	0.00501521	
-0.00141489	-0.000929517	-0.00176794	-0.000711041	-0.00217372	-0.00238604	-0.00118323	-0.00141085	-0.00119955	-0.00199706	-0.00307846	-0.00249738	-0.00269161	-0.00283079	-0.0019748	-0.00132787	-0.00167223	-0.00146318	-0.00219269	-0.000520091	-0.00106547	0.00170721	0.00300631	0.00330419	0.00490443	
-0.00158875	-0.00133652	-0.00203594	-0.00148294	-0.00259882	-0.00301285	-0.00176097	-0.00170786	-0.00163024	-0.00245008	-0.00346117	-0.00316664	-0.0026669	-0.00327595	-0.00195785	-0.00133104	-0.00189403	-0.0019905	-0.00186956	-0.00114212	-0.00100974	0.00159875	0.0029561	0.00334214	0.00486368	
-0.00225872	-0.00224595	-0.00237111	-0.00211874	-0.00325915	-0.00319476	-0.00233453	-0.0022008	-0.00176013	-0.00298741	-0.00394818	-0.00320082	-0.00331339	-0.003353	-0.00228331	-0.00181439	-0.00193935	-0.00217977	-0.00223579	-0.0015781	-0.00125172	0.00131856	0.00253349	0.00299355	0.00458623	
-0.00210548	-0.00176142	-0.00225151	-0.0016905	-0.00294505	-0.00294405	-0.00203214	-0.00153479	-0.00157098	-0.00248974	-0.00328683	-0.00307579	-0.00268953	-0.00299988	-0.00127254	-0.00129637	-0.00127191	-0.00135635	-0.00143077	-0.000872637	-0.00022726	0.00192593	0.0032387	0.00376667	0.00480705	
-0.00206427	-0.0015696	-0.00198491	-0.00171439	-0.00251019	-0.00252762	-0.001524	-0.00143908	-0.00115595	-0.00189431	-0.00355492	-0.00236094	-0.00224263	-0.00257805	-0.00148932	-0.000466703	-0.000864305	-0.000691059	-0.000992642	0.000133539	-0.00011518	0.00253222	0.00401836	0.00400507	0.00521703	
-0.00181897	-0.00189639	-0.00191838	-0.00135201	-0.00254618	-0.00233574	-0.00127945	-0.00104106	-0.000844176	-0.00203085	-0.00249882	-0.00242648	-0.00184919	-0.00220011	-0.000597411	-0.000248954	-0.000220473	-7.08836e-05	-0.000177715	0.000530347	0.00100751	0.00319604	0.00400103	0.00460722	0.00521664	
-0.00235293	-0.00199345	-0.00208213	-0.00180758	-0.00232377	-0.00244351	-0.00144947	-0.00117136	-0.00117496	-0.00181704	-0.00309771	-0.00226486	-0.00195131	-0.00208744	-0.00110174	-2.1424e-05	-0.000259128	-7.7155e-05	-0.000171082	0.000329453	0.00100591	0.00276274	0.00438327	0.00422069	0.00501998	
-0.00206188	-0.00176318	-0.00190024	-0.00132439	-0.00193256	-0.00204742	-0.000850763	-0.000701592	-0.000519312	-0.00139737	-0.00234019	-0.00166552	-0.00128952	-0.00161873	3.07834e-05	0.000550978	0.000548739	0.000722902	0.000493097	0.00132747	0.00143626	0.00321499	0.00461406	0.00456081	0.00537287	
-0.00183495	-0.00152723	-0.00160816	-0.000986171	-0.00181861	-0.00161232	-0.000788183	-0.000242533	-0.00039879	-0.00128102	-0.00203402	-0.001782	-0.00122999	-0.000799901	-6.25191e-05	0.000811799	0.00113738	0.000919161	0.000986126	0.00126654	0.00190179	0.00382995	0.00476261	0.00487529	0.00502705	
-0.00203042	-0.00165303	-0.00162543	-0.00115952	-0.00166678	-0.00161031	-0.000629903	-0.000595735	-0.000220705	-0.00162791	-0.00205348	-0.00186775	-0.00131123	-0.00109879	1.20444e-05	0.000703059	0.000441816	0.000619668	0.000401417	0.000925422	0.00148978	0.00328112	0.00403365	0.00442666	0.00453376	
-0.00150635	-0.00107261	-0.00127964	-0.00132211	-0.00146997	-0.00160158	-0.000720263	-0.000502892	-0.000427339	-0.00116921	-0.00262131	-0.00170173	-0.00103297	-0.000734278	0.000519756	0.00107772	0.00143426	0.00134113	0.00143363	0.00173257	0.00264698	0.00416553	0.00573763	0.00498198	0.00551635	
-0.00211343	-0.00192644	-0.00179861	-0.00153841	-0.0019628	-0.00193736	-0.00100343	-0.00061174	-0.000608121	-0.00169056	-0.00219829	-0.00201999	-0.00130302	-0.000870217	6.86318e-05	0.00071352	0.000623414	0.000589851	0.000538903	0.00097488	0.00157619	0.00341851	0.00449627	0.0044715	0.00443164	
-0.00219058	-0.00170708	-0.00165548	-0.0016487	-0.00192121	-0.00207218	-0.00105752	-0.000986593	-0.000588568	-0.00183013	-0.00248492	-0.00215865	-0.00107034	-0.00104559	0.000155506	0.000489311	0.00032748	0.000433205	0.00048136	0.000806669	0.00153611	0.00345186	0.00438256	0.00463599	0.00472481	
-0.000808588	-0.000743486	-0.000553951	-0.000645713	-0.000873137	-0.000887278	6.15729e-05	0.000224268	0.000333692	-0.00051915	-0.00129425	-0.000875635	-0.000354864	0.000254617	0.000969165	0.00137485	0.00162896	0.00110022	0.00126804	0.00167056	0.00225922	0.00391167	0.00525326	0.00496041	0.00564033	
-0.000662361	-0.000167148	-0.000401166	-0.000290667	-0.0003572	-0.000729315	0.000336681	0.000555743	0.000652298	-0.000189929	-0.0009065	-0.000850316	0.000154571	0.000143488	0.00107251	0.0010335	0.00118011	0.000782235	0.00078927	0.000937627	0.0017535	0.00354502	0.00490801	0.00483867	0.00533825	
-0.000451834	-0.000314591	-4.35189e-05	-0.000262925	-0.000420487	-0.000435133	0.000338307	0.000547278	0.00109446	-0.000230622	-0.000773868	-0.000590604	2.6375e-06	0.000473937	0.000930275	0.00113285	0.00116411	0.000423434	0.000430844	0.000716897	0.00145844	0.00374326	0.00446498	0.00517369	0.00559765	
-0.00137183	-0.00123458	-0.0014996	-0.00103126	-0.00157257	-0.00171162	-0.0005062	-0.000233579	-0.000192408	-0.00109326	-0.00158545	-0.00165317	-0.00109627	-0.000573632	-0.000156199	4.99257e-05	2.72977e-06	-0.000364435	-0.000805679	-5.16063e-05	0.000333186	0.00274802	0.00422249	0.00443402	0.00502137	
-0.00238433	-0.00209715	-0.00202763	-0.00252948	-0.00218145	-0.00246565	-0.00129321	-0.000978117	-0.00080699	-0.00155436	-0.00235953	-0.00228462	-0.00138964	-0.00159849	-0.000366113	-0.000719908	-0.000791185	-0.00157012	-0.00137546	-0.00134988	-0.000205351	0.00180066	0.00354507	0.00354855	0.00465809	
-0.00175212	-0.00190288	-0.00194345	-0.00175194	-0.00212444	-0.00230767	-0.0010713	-0.00110823	-0.000802675	-0.00179299	-0.00234855	-0.00223157	-0.00164853	-0.00110608	-0.000664383	-0.000700608	-0.000920951	-0.0010618	-0.00180608	-0.000550099	0.000393286	0.0030976	0.00441623	0.00508729	0.00615174	
-0.00151096	-0.001465	-0.00146628	-0.00119002	-0.00153361	-0.00133774	-0.000622554	-0.000123097	-0.000205839	-0.00116327	-0.00131888	-0.00156528	-0.000250734	-0.000492808	0.000126384	-0.000130781	-0.000288269	-0.00106911	-0.000761522	-0.000388634	0.000747812	0.00373724	0.00496033	0.00573725	0.00691268	
-0.00179707	-0.000983554	-0.00134696	-0.000992705	-0.00120401	-0.00134141	-8.79652e-06	-0.000121317	0.000284452	-0.000506832	-0.0013714	-0.000867129	-0.000304939	-0.000211758	0.000193881	2.60104e-05	-0.000639504	-0.00089399	-0.00167641	0.000110423	0.00043844	0.00337333	0.00500688	0.00525334	0.00662218	
0.000113811	1.73912e-05	-3.63022e-05	0.000451158	-9.70281e-05	-1.45556e-05	0.000820369	0.000912566	0.000868759	5.4873e-05	-7.03723e-06	-0.000286464	0.000494339	0.00045593	0.00136376	0.000177758	0.000183022	-0.000645998	-0.000293137	4.22273e-05	0.00170663	0.00422463	0.00561967	0.00632589	0.00769636	
0.000681781	0.00101957	0.000813251	0.00108167	0.000744777	0.000540723	0.00141222	0.00103119	0.00119705	0.00037215	-0.000229341	-0.000232206	0.000300086	0.000347058	0.000265326	0.000332822	-0.000508243	-0.000976926	-0.000956652	0.000158635	0.000760865	0.00405833	0.00548706	0.00584925	0.00741989	
0.00056623	0.00119074	0.000424902	0.0013804	0.000555605	0.000282655	0.00157609	0.00113759	0.00120135	0.000354159	-0.000237083	-0.000353289	0.000245755	-0.000192924	0.000483415	-0.000241941	-0.000793883	-0.00117136	-0.00177521	-9.19797e-05	0.000394449	0.0032309	0.00463205	0.00513782	0.00647654	
0.000512865	0.000759645	0.000435305	0.00112053	0.000308615	0.000262528	0.00098205	0.000753494	0.000472045	-4.76576e-05	-0.00107144	-0.000530435	-0.000533402	-0.000489687	-0.00035986	-0.000704719	-0.00107395	-0.00149717	-0.00171385	-0.000421463	0.000477246	0.00325005	0.00475589	0.00487893	0.00669312	
0.000250006	0.000735365	0.000191925	0.00116788	0.000216842	0.000187238	0.00101748	0.000640124	0.000414096	-0.000575092	-0.000955912	-0.00134593	-0.000339452	-0.00140515	-8.50948e-05	-0.000767576	-0.00173303	-0.0017168	-0.00176786	-0.000380592	0.000416301	0.00309455	0.00437489	0.00529706	0.00619458	
0.00103481	0.000939214	0.000650641	0.00143786	0.000616498	0.000447972	0.00144075	0.000766941	0.00064452	0.000120345	-0.00096014	-0.000157659	-6.75192e-05	0.000261409	0.000175738	0.000284572	-5.53046e-05	-0.0004569	-0.000305054	0.0010245	0.00185292	0.00439801	0.00600988	0.00591295	0.00751001	
0.00124282	0.00171726	0.00126756	0.00235359	0.00132554	0.00126163	0.00204928	0.00157411	0.0013636	0.000401452	9.09112e-05	0.000694774	0.000994229	0.000522289	0.00183955	0.0009387	0.000550461	0.000517281	0.000517562	0.00184667	0.00268888	0.00492033	0.00631844	0.00661635	0.00788902	
0.00319806	0.0038094	0.00320285	0.00398377	0.0033347	0.00342251	0.00388786	0.00351799	0.00378026	0.0029572	0.00220528	0.00351256	0.00401855	0.00350576	0.0044139	0.00426954	0.00341738	0.00341443	0.00326447	0.00456483	0.00503278	0.00766845	0.00855866	0.00863255	0.00984127	
0.0046937	0.00482589	0.00415911	0.00571782	0.00443125	0.0044637	0.00544914	0.00507426	0.00462411	0.00450496	0.00392899	0.00483744	0.00525497	0.00514955	0.00584096	0.00572175	0.00483807	0.00494778	0.00458442	0.0063061	0.0064636	0.00861065	0.00967203	0.00976756	0.0107568	
0.00492328	0.00514652	0.00482046	0.00529185	0.0047205	0.00485495	0.00526424	0.00510055	0.00542608	0.00476192	0.00393701	0.00536432	0.00593863	0.00538603	0.00644723	0.00593837	0.00531914	0.00508022	0.00552647	0.0062346	0.00680019	0.00878246	0.00987176	0.00981437	0.010743	
0.00601158	0.00560722	0.00516294	0.00611014	0.00500899	0.00517385	0.00601888	0.00566429	0.00591651	0.00542586	0.00517851	0.00646184	0.00706265	0.00666552	0.00766946	0.00736615	0.00652092	0.00681949	0.00640703	0.00780122	0.00807952	0.00996224	0.0108736	0.0107586	0.011523	
