-0.0331344	-0.0348863	-0.0367369	-0.0365412	-0.0354581	-0.0348586	-0.0361132	-0.0347445	-0.0343488	-0.0362861	-0.0354323	-0.0346294	-0.0321206	-0.0321512	-0.0312349	-0.0288143	-0.0250272	-0.0224851	-0.0219717	-0.0210243	-0.018938	-0.0144654	-0.0135954	-0.0106328	-0.01067	
-0.0273783	-0.0297539	-0.0321952	-0.0318382	-0.0312742	-0.0314129	-0.0323448	-0.0324117	-0.0317399	-0.0338622	-0.0336952	-0.0330066	-0.0315786	-0.0314005	-0.0316393	-0.0291854	-0.0264059	-0.0250154	-0.0247016	-0.024711	-0.0228838	-0.0189873	-0.0180502	-0.0158355	-0.0154945	
-0.0201862	-0.0225112	-0.0251036	-0.0252774	-0.0252623	-0.025321	-0.0277625	-0.0275843	-0.0273578	-0.0300962	-0.0293953	-0.0295945	-0.0278131	-0.0278118	-0.0278784	-0.0257289	-0.0234835	-0.0222123	-0.0228344	-0.0224351	-0.0212164	-0.0182107	-0.017446	-0.0170804	-0.0173743	
-0.0122551	-0.0145318	-0.0177447	-0.018198	-0.0183179	-0.0193243	-0.0208341	-0.0213096	-0.0209273	-0.02261	-0.0232681	-0.0219651	-0.0209992	-0.0210046	-0.0206072	-0.0198876	-0.0175552	-0.0175345	-0.0183137	-0.0190738	-0.0181499	-0.015408	-0.0168302	-0.0159674	-0.0178336	
-0.00311582	-0.00516628	-0.00834136	-0.00890285	-0.00976929	-0.0103474	-0.0124522	-0.013157	-0.0128653	-0.0161498	-0.015452	-0.0155805	-0.0146805	-0.0142808	-0.0154465	-0.0139242	-0.0126703	-0.0124639	-0.0138949	-0.0143483	-0.0135912	-0.0118028	-0.011487	-0.0136472	-0.0148597	
0.00365922	0.00172171	-0.00151896	-0.00281167	-0.00336977	-0.0036388	-0.00564907	-0.00582361	-0.00640327	-0.00824878	-0.00851175	-0.0081805	-0.00676169	-0.00787987	-0.0082527	-0.00732701	-0.00636195	-0.00683916	-0.00812187	-0.0097958	-0.00909701	-0.00713271	-0.00861261	-0.00936682	-0.0122693	
0.00892402	0.00658578	0.00301333	0.00237181	0.00169099	0.00132214	0.00026901	-0.00116647	-0.00100727	-0.00362742	-0.00329517	-0.00253373	-0.00249865	-0.00243582	-0.00311193	-0.00224051	-0.00067874	-0.000994185	-0.00300868	-0.00410107	-0.002906	-0.00167063	-0.00220161	-0.00378089	-0.00679109	
0.00901284	0.00659246	0.00291721	0.00191134	0.00197859	0.00220262	0.000645957	0.000612776	0.000583887	-0.000618374	0.000458381	0.000957902	0.00225964	0.00223125	0.00206434	0.00375242	0.0053773	0.00491144	0.00327385	0.00208251	0.00234106	0.00401173	0.00321547	1.08785e-05	-0.00237355	
0.0071234	0.0047861	0.00122126	0.000905328	0.00105705	0.000885915	0.000728229	0.000192034	0.00123479	0.00108023	0.00152206	0.00333421	0.0037688	0.00394209	0.00504024	0.00611926	0.00782003	0.00820207	0.00620346	0.00479867	0.00588181	0.0064592	0.0061551	0.00380439	0.000608595	
0.00588627	0.00341219	-0.000259178	-0.00058677	-0.000460956	-0.000474468	-0.00107461	-0.000508876	0.000288617	1.10798e-07	0.00128135	0.00199009	0.00295887	0.00290345	0.00337684	0.00531363	0.00649866	0.00668833	0.00568032	0.00455598	0.00560825	0.00705509	0.00712629	0.00490401	0.00285463	
0.00292167	0.000353917	-0.00271484	-0.00333947	-0.00400589	-0.00328824	-0.00331404	-0.00295702	-0.00172467	-0.00159788	-0.0005818	0.000450554	0.00143695	0.000988884	0.0016498	0.00319101	0.00425257	0.00465458	0.00324065	0.00245508	0.00408483	0.00567361	0.00652343	0.00506504	0.00364996	
-0.000290363	-0.00253102	-0.00609348	-0.0073439	-0.00698438	-0.00695857	-0.00638719	-0.00518721	-0.00418936	-0.00401096	-0.00251192	-0.000975277	-0.000761693	4.26625e-05	0.000757836	0.00162907	0.003492	0.00350682	0.00243924	0.00226092	0.00354379	0.0053763	0.00604886	0.00378241	0.00229739	
-0.00364739	-0.00547561	-0.00876127	-0.00931355	-0.00885891	-0.00814866	-0.00635385	-0.00540584	-0.00414302	-0.00302068	-0.00182269	-0.000447337	-0.00031297	0.000339193	0.000496118	0.00141618	0.00166915	0.000922907	-0.000217516	-0.000874073	0.000637649	0.00186661	0.00294523	5.79409e-05	-0.000834566	
-0.00456463	-0.00619528	-0.00889784	-0.00904798	-0.00876345	-0.00743815	-0.00605131	-0.00440289	-0.00380998	-0.00230145	-0.00120558	-0.000581095	-0.000571361	-0.00125826	-0.000699723	-0.00055281	-0.00130994	-0.00197284	-0.00364002	-0.00431228	-0.00214505	-0.00121576	-0.000411813	-0.00249402	-0.00351323	
-0.00552599	-0.00653321	-0.00880475	-0.00892129	-0.00810679	-0.00731246	-0.00544684	-0.00464674	-0.00328651	-0.00229606	-0.0015829	-0.000448588	-0.00171518	-0.00189973	-0.00178511	-0.0023712	-0.002732	-0.00377466	-0.00533357	-0.00562855	-0.00376494	-0.00275421	-0.00195179	-0.00423451	-0.00501172	
-0.00688501	-0.00741289	-0.00832869	-0.00780591	-0.00712639	-0.00576267	-0.0041492	-0.00256786	-0.00193301	-0.000450782	0.000438567	-5.06747e-05	-0.00055454	-0.00123024	-0.00162598	-0.00212938	-0.00296968	-0.00394118	-0.00566016	-0.00599615	-0.0052973	-0.00454031	-0.00367926	-0.00661997	-0.00668582	
-0.00635547	-0.00567803	-0.00570065	-0.00471999	-0.0030826	-0.00245026	0.000154741	0.000867954	0.00145538	0.00310716	0.00272521	0.00291325	0.000365354	-0.000267819	-0.000975955	-0.00230553	-0.00337806	-0.00439929	-0.00624373	-0.00785398	-0.00675485	-0.0070303	-0.0061415	-0.00796341	-0.00838822	
-0.00450329	-0.00296206	-0.00227299	-0.000841455	0.000514303	0.00194247	0.00403728	0.00489002	0.00461606	0.0054802	0.00549619	0.00429415	0.00178105	0.0011184	-0.000268528	-0.00145542	-0.002871	-0.00404351	-0.00601028	-0.00766381	-0.00743606	-0.00801017	-0.00664114	-0.00953183	-0.00923941	
-0.00344722	-0.00111431	0.000626244	0.00213181	0.00417866	0.00588548	0.00809686	0.00922154	0.00798837	0.00929196	0.00763042	0.00619168	0.00344874	0.00183795	0.00171327	-0.000434946	-0.0016951	-0.00313045	-0.00536259	-0.0073263	-0.00748474	-0.00786225	-0.00748521	-0.0089977	-0.00959947	
-0.00412645	-0.000779521	0.00112315	0.00290549	0.00598084	0.00762459	0.0106747	0.0111766	0.0105239	0.011021	0.00986139	0.00801194	0.00461364	0.00398485	0.00338546	0.00151602	4.50414e-06	-0.00180359	-0.00415561	-0.00572621	-0.00633558	-0.00707024	-0.00644656	-0.00915038	-0.00953542	
-0.00432685	-0.00178803	0.00117386	0.00322956	0.00523024	0.00809964	0.010982	0.0116367	0.0104642	0.0115981	0.00977534	0.00744283	0.00491412	0.00407095	0.00406133	0.00288279	0.000861781	-0.00064822	-0.00260972	-0.0045669	-0.00457246	-0.00549263	-0.00516413	-0.0072531	-0.0077395	
-0.00568695	-0.00235375	0.000221454	0.00220569	0.0038213	0.00610735	0.00927278	0.00921402	0.00897713	0.00963757	0.00817744	0.00647314	0.0033645	0.00332696	0.00374794	0.0022734	0.000923296	-0.000167788	-0.0016682	-0.00255791	-0.00252251	-0.00355299	-0.0033909	-0.00580421	-0.00659177	
-0.00700536	-0.00377101	-0.000724789	3.04433e-05	0.00232682	0.00404487	0.00662978	0.00791799	0.00683075	0.008571	0.00750835	0.00538941	0.00286834	0.00233372	0.00276653	0.00118158	-0.000287255	-0.00140819	-0.00247823	-0.00301256	-0.00336447	-0.00440068	-0.00469843	-0.00686291	-0.00729634	
-0.00586694	-0.0034002	-0.000853662	-0.000107753	0.000540833	0.00211623	0.00516263	0.00520718	0.00468457	0.0066848	0.0050769	0.00316427	0.000388954	-0.000297389	-2.50744e-06	-0.00131514	-0.00265266	-0.00363353	-0.00389706	-0.00441554	-0.00448598	-0.00516042	-0.00587487	-0.00677857	-0.00704635	
-0.00559986	-0.00313059	-0.00178853	-0.00229565	-0.00207715	-0.000900868	0.000754327	0.00166879	0.00135746	0.0029273	0.00297845	0.000956433	-0.00144481	-0.00175434	-0.00130819	-0.00240161	-0.00346758	-0.00401427	-0.0041447	-0.00397987	-0.00437707	-0.00511123	-0.00574618	-0.00669628	-0.00668673	
-0.00477209	-0.00333506	-0.0018578	-0.00307479	-0.00362373	-0.00296765	-0.00130025	-0.00118358	-0.00110295	0.00124345	0.00103566	-0.000302085	-0.00226987	-0.00265441	-0.00175351	-0.00201668	-0.0031937	-0.00330386	-0.00342041	-0.00347962	-0.00378164	-0.00501987	-0.00545225	-0.00604853	-0.0062238	
-0.00338758	-0.00229218	-0.00164738	-0.00291114	-0.00372741	-0.00347146	-0.00192887	-0.00135627	-0.0014554	0.000962969	0.00161053	-0.000364083	-0.00158039	-0.00202121	-0.00125749	-0.001406	-0.00241326	-0.00324564	-0.00340454	-0.0034428	-0.00480973	-0.00525512	-0.0066413	-0.0064773	-0.006496	
-0.00222539	-0.00200372	-0.000708246	-0.00276398	-0.00380394	-0.00347361	-0.00271067	-0.00226999	-0.00162002	0.000100575	0.000741082	-0.000197803	-0.00187384	-0.00154196	-0.000613988	-0.00081799	-0.00187505	-0.00285537	-0.00302113	-0.0029251	-0.00391129	-0.00463729	-0.00563348	-0.0053304	-0.00556543	
-0.00395778	-0.00383981	-0.00332895	-0.00492297	-0.00693555	-0.00646721	-0.00545309	-0.00516046	-0.00432584	-0.00204361	-0.0010296	-0.00179127	-0.00154831	-0.00105594	0.000481456	0.000994447	-0.000187405	-0.000917621	-0.000902353	-0.000299473	-0.00160351	-0.00225205	-0.00362968	-0.00361265	-0.00404463	
-0.00480986	-0.00504994	-0.00484452	-0.00746245	-0.0087739	-0.00911341	-0.00898847	-0.00824233	-0.00786164	-0.00614372	-0.00433853	-0.00454395	-0.00373015	-0.00230578	-0.00035954	0.000274869	-0.00016998	-0.000501276	0.000320631	0.00158484	0.000532047	7.71854e-05	-0.00186758	-0.00123379	-0.00237561	
-0.00440913	-0.00501068	-0.00476666	-0.00737417	-0.00956088	-0.00990338	-0.00989888	-0.0102381	-0.00947381	-0.00802558	-0.00695686	-0.00678748	-0.00616124	-0.00499309	-0.00351375	-0.00288061	-0.00312409	-0.00362255	-0.00198131	-0.000397165	-0.00124982	-0.00117416	-0.00250924	-0.00106579	-0.00119418	
-0.00286673	-0.00357138	-0.00418739	-0.00667169	-0.00981999	-0.0102506	-0.0115957	-0.0117595	-0.0114192	-0.0107689	-0.00929265	-0.0100558	-0.00883456	-0.00832447	-0.00685694	-0.00566015	-0.00582602	-0.00519704	-0.00341425	-0.00142524	-0.0017088	-0.00175423	-0.00275766	-0.000775921	-0.000608465	
-0.00277986	-0.003086	-0.00395079	-0.00667083	-0.00935804	-0.0108793	-0.0119194	-0.0126335	-0.0114901	-0.011761	-0.0103597	-0.0107818	-0.0105272	-0.00944345	-0.00856378	-0.0070621	-0.00628437	-0.00556835	-0.00299944	-0.00102437	-0.00149305	-0.00160308	-0.00272098	-0.000971915	-0.000870742	
-0.00285021	-0.00330501	-0.0034928	-0.00608275	-0.00918869	-0.0102145	-0.0116911	-0.0115156	-0.0109275	-0.010384	-0.00983977	-0.0105549	-0.00965206	-0.00994366	-0.00896817	-0.00766883	-0.00700944	-0.00594118	-0.00336386	-0.00175641	-0.00214296	-0.00274544	-0.00412413	-0.00201894	-0.00205038	
-0.00041915	-0.000820671	-0.00180312	-0.00381883	-0.00755576	-0.00886406	-0.0110401	-0.0117386	-0.0102771	-0.0121805	-0.0110797	-0.0120454	-0.0121023	-0.0114778	-0.0116446	-0.00967828	-0.00847548	-0.00710303	-0.00399154	-0.00182879	-0.00229851	-0.00280539	-0.00346873	-0.00219499	-0.00139657	
-0.000405086	5.78945e-05	-0.000927116	-0.00259879	-0.00559784	-0.00770286	-0.00940167	-0.0101489	-0.00951469	-0.0109737	-0.0113404	-0.011939	-0.012028	-0.012513	-0.0123257	-0.0114865	-0.0101895	-0.0086021	-0.00591339	-0.00401235	-0.00383246	-0.00423267	-0.00476854	-0.0017776	-0.000843895	
-0.00132258	-0.00141285	-0.00135643	-0.00290487	-0.00544102	-0.00718039	-0.00979614	-0.0101129	-0.00982925	-0.0116061	-0.0117047	-0.0121179	-0.011597	-0.0116355	-0.0120432	-0.0102899	-0.00927709	-0.00738952	-0.00445437	-0.00290919	-0.00245112	-0.00338127	-0.00335474	-0.00172533	-0.000437221	
-0.00276808	-0.00211842	-0.00247574	-0.00210861	-0.00414212	-0.00609676	-0.00811392	-0.00934693	-0.00843173	-0.0111028	-0.0111522	-0.0110039	-0.0109498	-0.010241	-0.0110603	-0.00981903	-0.00807256	-0.00683748	-0.00427611	-0.00274085	-0.00303965	-0.00353104	-0.00335225	-0.00184434	2.41632e-05	
-0.00276381	-0.00216414	-0.00168128	-0.0012134	-0.00235231	-0.00464485	-0.00734075	-0.00804367	-0.00849491	-0.0101204	-0.0112575	-0.0106496	-0.00976371	-0.0106301	-0.0103998	-0.0102367	-0.00919106	-0.00700605	-0.0055039	-0.00478882	-0.00401735	-0.00519636	-0.00502561	-0.00217481	-0.000995715	
-0.00160431	-0.00112958	-0.000402555	0.000635366	-0.000130801	-0.00300251	-0.00585364	-0.00713797	-0.00742461	-0.0100815	-0.0108417	-0.0109404	-0.0105006	-0.0102988	-0.012162	-0.0109867	-0.0101536	-0.00896447	-0.0071123	-0.0066188	-0.00656125	-0.0070803	-0.00514129	-0.0041534	-0.000743945	
-0.00167541	-0.00115896	-0.000515822	0.00121826	0.000575973	-0.00234915	-0.00472504	-0.00570423	-0.00609555	-0.0080517	-0.00998873	-0.00925377	-0.00933425	-0.0100873	-0.0109246	-0.0118827	-0.0106384	-0.00935763	-0.00896574	-0.00865856	-0.00843687	-0.00894932	-0.00725912	-0.00472021	-0.00212371	
-0.00271947	-0.00208586	-0.00159944	-4.94899e-05	-4.54928e-05	-0.00272916	-0.00510208	-0.00512991	-0.00548558	-0.00692395	-0.0088609	-0.00838794	-0.00764767	-0.00894101	-0.00991901	-0.0104726	-0.00988645	-0.00854846	-0.00810954	-0.00847371	-0.00838871	-0.00848728	-0.00699365	-0.00499933	-0.00256437	
-0.00297819	-0.00305932	-0.00274618	-0.000990865	-0.000621292	-0.00338766	-0.00470367	-0.00464759	-0.00452031	-0.00561237	-0.00732609	-0.0065478	-0.00641327	-0.00662021	-0.00856978	-0.00905099	-0.00838451	-0.00708172	-0.00704146	-0.0073295	-0.00714059	-0.00816968	-0.00555145	-0.00565745	-0.00300052	
-0.00330276	-0.00335666	-0.00300404	-0.00100903	0.000155229	-0.00178526	-0.00297604	-0.00244828	-0.00243094	-0.00281872	-0.00476352	-0.00350319	-0.00360048	-0.00490792	-0.00658077	-0.00855535	-0.00792858	-0.00700234	-0.00722792	-0.00767664	-0.00789205	-0.00839964	-0.00734239	-0.00704283	-0.00566642	
-0.00355145	-0.00342728	-0.0029868	-0.000398166	0.00142407	-0.00025378	-0.000956674	-0.000549384	-0.00103193	-0.000893764	-0.00292954	-0.00193647	-0.0020125	-0.00406844	-0.00599092	-0.00818312	-0.00820413	-0.00713714	-0.00756917	-0.00823076	-0.00849762	-0.00918921	-0.00841178	-0.00888422	-0.00802079	
-0.00391368	-0.00475004	-0.00389469	-0.00160455	0.000512023	-0.00121083	-0.00145585	-0.00118851	-0.00161756	-0.00142669	-0.00265056	-0.00139232	-0.0022338	-0.00327939	-0.00598296	-0.00796941	-0.00806057	-0.00687164	-0.00769274	-0.0083627	-0.00840295	-0.0102535	-0.00891083	-0.0109611	-0.0101633	
-0.00525894	-0.00531518	-0.00469288	-0.00237247	-4.06278e-06	-0.00126105	-0.00171149	-0.00148371	-0.00244916	-0.00212101	-0.00320735	-0.00250219	-0.00282763	-0.00450702	-0.00649954	-0.00852878	-0.00828622	-0.00804665	-0.00834515	-0.00923038	-0.0103302	-0.0100507	-0.0103178	-0.0110286	-0.0106832	
-0.00599848	-0.00692163	-0.00589152	-0.00399147	-0.00222882	-0.00285068	-0.00290134	-0.00267686	-0.00388079	-0.00295941	-0.00399289	-0.00269699	-0.00278834	-0.00439158	-0.00458434	-0.00695351	-0.00698402	-0.00574461	-0.00762069	-0.00875984	-0.00925021	-0.0104976	-0.0107485	-0.01152	-0.0127878	
-0.00690268	-0.0070122	-0.00562903	-0.00406688	-0.00178398	-0.00164055	-0.00116835	-0.00109339	-0.00194649	-0.0019337	-0.0013304	-0.00127352	-0.00132922	-0.00149628	-0.00354595	-0.00448848	-0.00512366	-0.00609016	-0.00751782	-0.00932416	-0.0113055	-0.0112375	-0.0116124	-0.0136009	-0.0137976	
-0.00707369	-0.0072695	-0.00606491	-0.00454705	-0.00298692	-0.00177632	-0.00101332	-0.00107008	-0.0021082	-0.00137611	-0.000771804	-0.000217386	0.000454266	-0.000370741	-0.00014384	-0.00189725	-0.00276386	-0.00351487	-0.00616463	-0.0084969	-0.0104844	-0.010872	-0.0129882	-0.0138967	-0.0166894	
