-0.280269	-0.281754	-0.281311	-0.286602	-0.291844	-0.296883	-0.295227	-0.288353	-0.287684	-0.296287	-0.305731	-0.30571	-0.297209	-0.283548	-0.267788	-0.265442	-0.282548	-0.318902	-0.359064	-0.392031	-0.412743	-0.40691	-0.3647	-0.283787	-0.167177	
-0.206924	-0.208429	-0.209565	-0.216281	-0.221426	-0.224962	-0.220081	-0.212827	-0.213055	-0.221834	-0.227319	-0.222442	-0.210049	-0.19205	-0.177199	-0.175883	-0.197887	-0.233319	-0.270978	-0.298951	-0.311561	-0.295424	-0.241364	-0.148464	-0.0261097	
-0.111012	-0.112717	-0.116397	-0.123517	-0.129624	-0.129949	-0.124552	-0.116302	-0.12041	-0.127349	-0.130247	-0.120725	-0.104956	-0.0856981	-0.0712361	-0.0750892	-0.100153	-0.135496	-0.170814	-0.192208	-0.198656	-0.171232	-0.106845	-0.00576481	0.119676	
0.00123675	-0.00331276	-0.00774278	-0.016726	-0.0216141	-0.0203534	-0.0137847	-0.00712906	-0.0146823	-0.0192095	-0.0204017	-0.00510541	0.0103599	0.0320997	0.0415165	0.0325848	0.00373187	-0.0330688	-0.0643979	-0.0822231	-0.0820992	-0.0439308	0.027068	0.135136	0.260545	
0.120544	0.116853	0.10846	0.100807	0.0960371	0.099343	0.106463	0.108724	0.100407	0.095505	0.0995249	0.115602	0.132555	0.152239	0.155068	0.139919	0.105086	0.0678088	0.0387106	0.0221433	0.030407	0.0739712	0.150863	0.262197	0.380526	
0.237905	0.233414	0.224002	0.216937	0.214184	0.218594	0.224918	0.222302	0.212799	0.208575	0.216329	0.231246	0.248343	0.261274	0.256773	0.231501	0.190983	0.152324	0.122346	0.108094	0.121324	0.167852	0.250619	0.355986	0.468334	
0.33628	0.330821	0.321243	0.316411	0.315084	0.32112	0.324046	0.317537	0.306296	0.304709	0.3131	0.327378	0.340058	0.345623	0.329832	0.294072	0.247709	0.205696	0.17442	0.161196	0.175738	0.226617	0.306881	0.406233	0.509817	
0.39786	0.394082	0.385337	0.383175	0.384861	0.389292	0.390298	0.37672	0.368343	0.365039	0.376277	0.383793	0.392592	0.384997	0.357327	0.309477	0.257342	0.210837	0.179506	0.164611	0.185781	0.236839	0.318453	0.412847	0.50778	
0.407119	0.402429	0.398393	0.397468	0.402492	0.40463	0.401415	0.384433	0.377514	0.375404	0.385827	0.387694	0.390141	0.369243	0.33048	0.273803	0.217938	0.17273	0.140951	0.133102	0.160564	0.215456	0.301483	0.386861	0.479995	
0.373551	0.368714	0.367771	0.370548	0.374146	0.376884	0.36494	0.351691	0.342767	0.347234	0.351258	0.352168	0.343712	0.312896	0.26363	0.201524	0.145951	0.102858	0.0736839	0.0767847	0.107723	0.173963	0.257135	0.342146	0.434246	
0.304017	0.300491	0.303414	0.307584	0.31136	0.309988	0.294502	0.283013	0.276984	0.283937	0.283147	0.281261	0.261424	0.222126	0.164531	0.101168	0.0507325	0.0105061	-0.00638998	0.00672908	0.0512588	0.128816	0.213209	0.304881	0.394467	
0.21706	0.215702	0.221376	0.224817	0.228546	0.220598	0.20627	0.196004	0.197034	0.202461	0.200572	0.193575	0.165072	0.12018	0.0578416	0.00141258	-0.0431336	-0.0728767	-0.0752468	-0.0493274	0.0122163	0.0958554	0.184091	0.278132	0.363243	
0.136177	0.13953	0.144241	0.148209	0.147824	0.136314	0.123391	0.11766	0.12403	0.126549	0.124153	0.108898	0.0748582	0.0229506	-0.0380495	-0.0868655	-0.124464	-0.140524	-0.130547	-0.0885257	-0.0135446	0.0744053	0.168327	0.262709	0.346338	
0.0669384	0.0722072	0.0767602	0.0787299	0.0742369	0.0608422	0.0510369	0.0517609	0.0594279	0.0599105	0.0535992	0.0308711	-0.00908322	-0.065697	-0.120155	-0.161642	-0.187353	-0.189376	-0.164009	-0.103589	-0.0182107	0.0758631	0.174641	0.266161	0.350784	
0.0170031	0.0221693	0.0249821	0.0241703	0.0150192	0.002851	-0.00262637	0.00452853	0.010033	0.00892214	-0.00429783	-0.0323088	-0.0795345	-0.134276	-0.181602	-0.212406	-0.225347	-0.212757	-0.170514	-0.0948888	-0.00351913	0.0956751	0.191591	0.281193	0.361075	
-0.0152578	-0.00951181	-0.0111543	-0.0140627	-0.0270511	-0.0354302	-0.0349999	-0.0253918	-0.0225155	-0.0289721	-0.0478094	-0.0841255	-0.134377	-0.186135	-0.223522	-0.244103	-0.243661	-0.216894	-0.157842	-0.07265	0.0243181	0.123329	0.216493	0.304162	0.373879	
-0.0336915	-0.0315441	-0.0348	-0.0426183	-0.0540218	-0.0587463	-0.0514271	-0.044038	-0.0449954	-0.0584155	-0.0838466	-0.128045	-0.178259	-0.224643	-0.250388	-0.26119	-0.245971	-0.204947	-0.13068	-0.0387982	0.0617623	0.157368	0.249975	0.329462	0.389916	
-0.0451868	-0.0490937	-0.0527376	-0.0647805	-0.0717384	-0.0713087	-0.0608056	-0.0576068	-0.0654009	-0.0845407	-0.119495	-0.166357	-0.216197	-0.250667	-0.267522	-0.264077	-0.235614	-0.17777	-0.092458	0.00531303	0.104492	0.198486	0.285397	0.35605	0.403247	
-0.0530902	-0.059374	-0.0666538	-0.0773256	-0.0804014	-0.073443	-0.0651241	-0.0677463	-0.0825317	-0.108725	-0.150491	-0.19819	-0.241649	-0.26359	-0.270194	-0.251542	-0.209918	-0.136074	-0.0443563	0.0554011	0.150222	0.240275	0.317261	0.378229	0.404964	
-0.0583101	-0.0643551	-0.0745395	-0.0803481	-0.0785211	-0.0682341	-0.0658048	-0.0760389	-0.0974515	-0.132291	-0.177328	-0.224658	-0.256089	-0.269293	-0.262149	-0.232261	-0.1751	-0.09125	0.00433903	0.101535	0.192329	0.275406	0.344732	0.391344	0.400748	
-0.0681855	-0.0752133	-0.0837119	-0.0844938	-0.0772541	-0.0695727	-0.0752048	-0.093017	-0.121963	-0.162968	-0.209612	-0.249723	-0.269028	-0.271001	-0.249814	-0.206668	-0.13333	-0.0424185	0.0560774	0.149823	0.236983	0.313148	0.372844	0.401219	0.394589	
-0.0736482	-0.0815249	-0.0855164	-0.0815416	-0.0724361	-0.0722317	-0.0863211	-0.110988	-0.146686	-0.190442	-0.234179	-0.261236	-0.268976	-0.256298	-0.222535	-0.162748	-0.0783472	0.0171218	0.113249	0.201323	0.281085	0.346972	0.389726	0.398421	0.371922	
-0.0736901	-0.0789508	-0.0774209	-0.0697016	-0.064566	-0.0741203	-0.0959165	-0.127387	-0.167927	-0.212184	-0.247193	-0.261667	-0.25734	-0.232209	-0.185681	-0.112195	-0.0224831	0.072844	0.162198	0.243416	0.314047	0.367391	0.392538	0.383584	0.340465	
-0.0767464	-0.0771904	-0.0709874	-0.0637167	-0.0675659	-0.0865398	-0.115009	-0.152151	-0.195008	-0.234788	-0.256999	-0.259167	-0.241789	-0.204603	-0.143006	-0.0594623	0.0338682	0.126075	0.209724	0.284874	0.346381	0.385814	0.393522	0.366509	0.310369	
-0.0703383	-0.0662926	-0.0587818	-0.0580511	-0.0728933	-0.099315	-0.133159	-0.173488	-0.214441	-0.243314	-0.251294	-0.240078	-0.209767	-0.158433	-0.0830791	0.00680507	0.0998295	0.185819	0.262837	0.328817	0.376953	0.397736	0.384438	0.338688	0.271359	
-0.0491659	-0.0420883	-0.0382921	-0.0482473	-0.0724894	-0.104144	-0.141787	-0.18231	-0.215966	-0.230755	-0.225336	-0.201727	-0.15929	-0.0943852	-0.0106888	0.0800181	0.166869	0.244202	0.311798	0.365023	0.395847	0.395541	0.361969	0.302135	0.228864	
-0.0186988	-0.0126023	-0.0178391	-0.0386759	-0.0688296	-0.103904	-0.143015	-0.179159	-0.200444	-0.200896	-0.183236	-0.148227	-0.0932645	-0.0176131	0.0693427	0.155958	0.234076	0.302392	0.359044	0.397521	0.409065	0.388121	0.337849	0.268841	0.194335	
0.0228194	0.0217485	0.00503483	-0.0231881	-0.0561432	-0.092888	-0.129511	-0.155409	-0.161576	-0.148739	-0.119641	-0.0727929	-0.00573546	0.0763376	0.161676	0.240565	0.309336	0.367679	0.411181	0.431869	0.42222	0.381588	0.317665	0.24286	0.169784	
0.0760668	0.0634597	0.0377946	0.00661984	-0.0274434	-0.0630021	-0.0914308	-0.102471	-0.0937819	-0.0690857	-0.0285543	0.0306042	0.106796	0.189964	0.269104	0.338394	0.397246	0.443538	0.470544	0.470105	0.438385	0.379856	0.305331	0.227606	0.157166	
0.139135	0.116368	0.0870526	0.0554471	0.0220095	-0.00720334	-0.0217034	-0.016633	0.00492112	0.0407808	0.0933395	0.163264	0.243307	0.321959	0.391528	0.450177	0.497292	0.527948	0.534187	0.510096	0.456963	0.383535	0.302249	0.224776	0.158651	
0.199673	0.172639	0.14346	0.112718	0.0842437	0.0678299	0.0700952	0.0893698	0.122081	0.169487	0.233562	0.309823	0.387488	0.457307	0.51599	0.563437	0.59673	0.608794	0.592649	0.546831	0.477629	0.396469	0.31549	0.243709	0.185424	
0.242837	0.215286	0.186774	0.15974	0.142665	0.143206	0.161173	0.192514	0.237022	0.297199	0.370815	0.448619	0.520444	0.581507	0.631531	0.669206	0.688807	0.68294	0.64792	0.587304	0.510815	0.430289	0.355577	0.292201	0.241429	
0.268135	0.239902	0.21333	0.195606	0.194661	0.211614	0.24254	0.285998	0.344303	0.416864	0.496106	0.571638	0.637218	0.691916	0.73538	0.763349	0.768554	0.745689	0.695723	0.626327	0.548588	0.472842	0.405801	0.349923	0.304474	
0.263336	0.236156	0.217318	0.214505	0.229807	0.25979	0.302274	0.35903	0.430503	0.510657	0.589392	0.659283	0.71846	0.767006	0.802016	0.816884	0.805416	0.766559	0.706018	0.633964	0.561004	0.494919	0.439396	0.394622	0.358706	
0.205093	0.184959	0.180122	0.193153	0.22127	0.26202	0.316662	0.386207	0.465992	0.546575	0.619845	0.682946	0.736011	0.777212	0.800903	0.800633	0.77393	0.724773	0.662291	0.597069	0.537632	0.488638	0.450991	0.423058	0.402072	
0.103168	0.0958692	0.105972	0.131255	0.169331	0.221087	0.287775	0.365856	0.446806	0.522353	0.588857	0.646209	0.693253	0.725195	0.735605	0.720954	0.683695	0.631807	0.5756	0.524086	0.48275	0.453203	0.434165	0.422852	0.416136	
-0.00851647	-0.00152876	0.0203648	0.0550439	0.103154	0.165936	0.24063	0.319698	0.395156	0.462966	0.522737	0.573683	0.611628	0.630192	0.624947	0.596903	0.55282	0.50257	0.455549	0.418107	0.392774	0.378942	0.374179	0.375447	0.379902	
-0.10939	-0.090383	-0.0589055	-0.0144367	0.0440636	0.114238	0.189397	0.262104	0.328283	0.387437	0.439117	0.479746	0.503113	0.504059	0.482187	0.442871	0.395269	0.348936	0.311029	0.285113	0.27149	0.26835	0.273004	0.282766	0.29541	
-0.193303	-0.164171	-0.122608	-0.0678862	-0.00225676	0.0682342	0.136745	0.19934	0.255482	0.305043	0.345152	0.370115	0.37449	0.356723	0.320699	0.274443	0.22718	0.186512	0.156903	0.139625	0.133654	0.136824	0.14677	0.161474	0.179449	
-0.261115	-0.221357	-0.169438	-0.107705	-0.0417048	0.0223601	0.0807925	0.132956	0.178799	0.216009	0.239638	0.24457	0.228777	0.195011	0.150048	0.102289	0.0592129	0.0257714	0.00403838	-0.0062068	-0.00650609	0.00117833	0.0150532	0.033744	0.0563012	
-0.30998	-0.260123	-0.201664	-0.1398	-0.0800613	-0.0257383	0.0225088	0.0645135	0.0981501	0.118991	0.122445	0.106628	0.0738949	0.0302231	-0.016837	-0.0603667	-0.0955025	-0.119841	-0.133069	-0.136213	-0.130875	-0.118676	-0.100983	-0.0788747	-0.0532176	
-0.317118	-0.262026	-0.204387	-0.149154	-0.0991723	-0.0550058	-0.0168535	0.0132712	0.0312145	0.0326428	0.0157681	-0.0171602	-0.0604525	-0.107001	-0.150398	-0.186209	-0.212243	-0.228158	-0.234808	-0.233588	-0.225939	-0.213111	-0.196133	-0.175908	-0.153259	
-0.261909	-0.208473	-0.157733	-0.112201	-0.0724739	-0.0388415	-0.0130937	0.00112058	-0.000157418	-0.0187847	-0.0529338	-0.0973696	-0.145283	-0.190474	-0.228758	-0.258262	-0.278941	-0.291838	-0.29839	-0.299921	-0.297377	-0.291356	-0.282305	-0.270672	-0.256897	
-0.161611	-0.114793	-0.0731212	-0.0373369	-0.00812645	0.0126232	0.0217849	0.0162572	-0.00530215	-0.0413146	-0.0873424	-0.137352	-0.185525	-0.227724	-0.262058	-0.288575	-0.308535	-0.323623	-0.335302	-0.344395	-0.351033	-0.354971	-0.355992	-0.354076	-0.349281	
-0.0532088	-0.0156062	0.0162551	0.0413909	0.0575848	0.0616982	0.0511773	0.0255902	-0.0128606	-0.0599312	-0.110481	-0.159652	-0.203804	-0.241014	-0.271077	-0.295091	-0.314836	-0.332093	-0.348016	-0.362782	-0.375758	-0.38612	-0.39341	-0.397601	-0.398784	
0.0468342	0.0732507	0.092796	0.103472	0.102381	0.0870617	0.0572797	0.0157941	-0.032556	-0.0826241	-0.13031	-0.172993	-0.209396	-0.239334	-0.263535	-0.283437	-0.30084	-0.317342	-0.333694	-0.349514	-0.363702	-0.375326	-0.384191	-0.390649	-0.3951	
0.140762	0.153485	0.156403	0.147749	0.126161	0.0916703	0.0467383	-0.00380895	-0.0543891	-0.100676	-0.140562	-0.173762	-0.200885	-0.222811	-0.240596	-0.255591	-0.269357	-0.283172	-0.297374	-0.311152	-0.323196	-0.332761	-0.340112	-0.346029	-0.351241	
0.226654	0.222741	0.205311	0.174769	0.133001	0.0830533	0.0292031	-0.02339	-0.070098	-0.1084	-0.138276	-0.161254	-0.179121	-0.193247	-0.20467	-0.21449	-0.223956	-0.234029	-0.244723	-0.254989	-0.263524	-0.269909	-0.274853	-0.27943	-0.284664	
0.294666	0.272645	0.23472	0.184398	0.126892	0.0674581	0.0109035	-0.038515	-0.0778917	-0.106618	-0.126304	-0.139588	-0.148829	-0.155552	-0.160704	-0.165178	-0.170003	-0.175961	-0.182967	-0.189992	-0.195925	-0.200683	-0.205283	-0.210863	-0.2184	
0.332932	0.294945	0.241717	0.178743	0.113057	0.0506176	-0.00417529	-0.0482359	-0.0801639	-0.100746	-0.112566	-0.118761	-0.121877	-0.123486	-0.124511	-0.125748	-0.12809	-0.132237	-0.138148	-0.144924	-0.151585	-0.158142	-0.165652	-0.175021	-0.186139	
