-0.00855075	-0.0110742	-0.0139796	-0.0167178	-0.0186113	-0.0201126	-0.017743	-0.0162361	-0.0113152	-0.00819241	-0.00650488	-0.002059	0.00296158	0.0071113	0.00901225	0.0121906	0.0144709	0.0144318	0.0126496	0.0120438	0.0114328	0.0124616	0.0141499	0.0173582	0.0177192	
-0.00843335	-0.010928	-0.0136946	-0.0169829	-0.0193901	-0.0208145	-0.0191707	-0.0177543	-0.0130846	-0.00982014	-0.0077654	-0.00323251	0.00201052	0.00479167	0.00781381	0.011386	0.0143681	0.0122327	0.0109872	0.00855296	0.00719254	0.00771123	0.0115268	0.012549	0.0135969	
-0.0117249	-0.0134228	-0.0169814	-0.0197957	-0.0233189	-0.0249523	-0.0238177	-0.0217039	-0.0169322	-0.0142104	-0.0129111	-0.00939739	-0.00430208	-0.000462613	0.00161873	0.00500114	0.0066579	0.00675064	0.00472682	0.00112425	-9.86198e-05	-0.00019229	0.00331919	0.00498953	0.00709977	
-0.0116256	-0.014001	-0.0170044	-0.0208713	-0.0239206	-0.0263846	-0.0240218	-0.0230977	-0.0190486	-0.0173668	-0.0151063	-0.0125459	-0.00756253	-0.00499568	-0.00245178	-0.000723821	0.00253969	0.00178202	-0.000191824	-0.00362211	-0.00500911	-0.00416981	-0.00160926	0.00120463	0.003029	
-0.00764326	-0.00945135	-0.0132583	-0.0158728	-0.0188649	-0.0209773	-0.0200051	-0.0192227	-0.0158124	-0.0137212	-0.0122127	-0.00987398	-0.00571451	-0.00354902	-0.00347853	-0.000964711	0.0013742	0.00143623	-0.00100287	-0.00376603	-0.00423193	-0.00368656	1.90821e-05	0.00248401	0.00442813	
-0.000250659	-0.00151295	-0.0048247	-0.00679514	-0.00978775	-0.0119079	-0.0117177	-0.0112308	-0.0089611	-0.00679213	-0.00530871	-0.00454675	-0.00192749	-0.000552786	2.58263e-05	0.00121414	0.00130472	0.00243705	0.000269783	-0.00096032	-0.00155397	-0.000654489	0.00302264	0.00512971	0.0075412	
0.0102399	0.010791	0.00765363	0.00601883	0.00349789	0.00104963	0.00135639	0.000605161	0.00184292	0.00282958	0.00301984	0.00327917	0.0046461	0.00579308	0.00447966	0.00465599	0.00634247	0.00593349	0.00337146	0.000878736	0.00257201	0.00354161	0.00641651	0.00955743	0.0113487	
0.0210206	0.0221594	0.0209274	0.020066	0.01856	0.0162253	0.0156296	0.014353	0.014456	0.0137049	0.012503	0.0108922	0.0122434	0.0125889	0.0114572	0.0115444	0.011842	0.0109792	0.00823781	0.00765199	0.00865617	0.00997371	0.0136581	0.0159502	0.0172273	
0.0318591	0.0356067	0.0356453	0.0364266	0.0346812	0.032949	0.0324328	0.0315461	0.0286752	0.0269083	0.0241098	0.0228493	0.0224587	0.0224346	0.0210435	0.0207074	0.0202512	0.0192205	0.0158057	0.0154311	0.0164162	0.0181334	0.0203981	0.0226346	0.0250052	
0.045046	0.0500083	0.0516497	0.0532278	0.0524152	0.0513395	0.0513401	0.0493385	0.045941	0.0422646	0.0389308	0.0354979	0.0350168	0.0341423	0.0318352	0.0307409	0.0307265	0.0294126	0.0253806	0.023321	0.024678	0.0257266	0.0277749	0.03009	0.0314815	
0.0566192	0.0620925	0.0648482	0.067053	0.0669281	0.0664075	0.0660661	0.0642728	0.0601651	0.0556108	0.0510027	0.0461557	0.0448246	0.042366	0.0399293	0.0389446	0.0383441	0.0356001	0.0309937	0.0296753	0.0306326	0.0307834	0.0324497	0.0346161	0.0353708	
0.0659031	0.072278	0.075056	0.0775036	0.0768718	0.0765345	0.0764303	0.0745589	0.0692318	0.064266	0.0597361	0.0544713	0.0509225	0.0480632	0.0453447	0.0438573	0.0410757	0.0396384	0.0342007	0.0325836	0.0321331	0.0336533	0.0342208	0.0354885	0.0358406	
0.070452	0.0770791	0.0791184	0.081476	0.0811156	0.0807993	0.0799812	0.0776817	0.0723933	0.0680473	0.063025	0.0573544	0.0538807	0.0512112	0.047363	0.0448504	0.0432736	0.0407181	0.0346307	0.0319732	0.0328335	0.033311	0.0338784	0.035027	0.0345398	
0.068164	0.0732442	0.0757853	0.0778635	0.0775658	0.0774379	0.0765304	0.0744403	0.0688809	0.0643808	0.0605722	0.0546131	0.0510311	0.0484418	0.0450674	0.0428027	0.0395253	0.0366546	0.030833	0.0282118	0.0285517	0.028756	0.0286877	0.028945	0.02868	
0.0578431	0.0627813	0.0651219	0.0668571	0.0664427	0.0661545	0.0661085	0.0648446	0.0583131	0.054353	0.0505321	0.0460775	0.0420872	0.039354	0.0367606	0.0339189	0.0310907	0.0277384	0.021641	0.0194712	0.0183137	0.0192978	0.0179974	0.0179069	0.0169193	
0.0371256	0.0415993	0.0428921	0.0446432	0.0440699	0.044834	0.0451285	0.0443532	0.0390215	0.035825	0.0318453	0.0270281	0.0237311	0.0231779	0.019713	0.0165134	0.0142887	0.0116906	0.00647211	0.00364331	0.00440523	0.00488447	0.00371223	0.00363368	0.00282274	
0.0125265	0.0138751	0.0158257	0.0157307	0.0154032	0.0167045	0.0179762	0.0190025	0.0133877	0.0103541	0.00852158	0.00488454	0.00253109	0.000148611	-0.00105235	-0.00312222	-0.00613809	-0.00918711	-0.0131234	-0.0137885	-0.0136995	-0.0132296	-0.0136552	-0.013596	-0.0149028	
-0.0158182	-0.0143686	-0.0145612	-0.0144679	-0.0147556	-0.0132605	-0.0112931	-0.0102081	-0.0136538	-0.0151995	-0.0168754	-0.0188523	-0.0210582	-0.0212367	-0.0225618	-0.0251983	-0.0264297	-0.0283601	-0.0312113	-0.032129	-0.0316357	-0.0294975	-0.0300072	-0.0288089	-0.0296116	
-0.0402916	-0.0403647	-0.0405597	-0.0415539	-0.0418461	-0.0396391	-0.0381972	-0.0363781	-0.0384782	-0.0389876	-0.039228	-0.0411307	-0.0421843	-0.0413958	-0.0413082	-0.0422255	-0.0439719	-0.0449136	-0.0473333	-0.0468662	-0.0449589	-0.0427159	-0.0423535	-0.0410012	-0.041951	
-0.0593158	-0.0604523	-0.060758	-0.0625576	-0.0623962	-0.0601445	-0.058385	-0.0560834	-0.0580792	-0.0588148	-0.0579606	-0.0575465	-0.0575642	-0.0571113	-0.0552932	-0.0551358	-0.0559015	-0.0574531	-0.058254	-0.0569979	-0.0547392	-0.0525992	-0.0514649	-0.050218	-0.0510866	
-0.0706763	-0.0721873	-0.0730341	-0.0739989	-0.0728626	-0.0703976	-0.0691731	-0.068365	-0.0690902	-0.0692896	-0.0682071	-0.0675988	-0.0675293	-0.0648969	-0.06261	-0.0619042	-0.0617728	-0.061636	-0.0612398	-0.0598615	-0.0575245	-0.0547694	-0.0547615	-0.0536081	-0.0545132	
-0.071183	-0.0727252	-0.0724894	-0.0733612	-0.0721701	-0.0700147	-0.0688822	-0.0676781	-0.0688181	-0.069112	-0.068327	-0.0669287	-0.0669338	-0.0651794	-0.0619902	-0.0602507	-0.0592317	-0.0589772	-0.0583067	-0.0560476	-0.0533827	-0.0508954	-0.0508682	-0.0506144	-0.0528278	
-0.0610846	-0.063318	-0.0623441	-0.0637264	-0.0626976	-0.0604193	-0.0588486	-0.0576327	-0.0585442	-0.060156	-0.0587462	-0.0578327	-0.0576246	-0.056458	-0.0528478	-0.0512207	-0.0510241	-0.051406	-0.0481154	-0.0457544	-0.0426858	-0.0414759	-0.0404613	-0.0411824	-0.0442448	
-0.0435992	-0.0452641	-0.0456197	-0.0463788	-0.0446451	-0.0425073	-0.0408422	-0.0405451	-0.0414885	-0.0420911	-0.0423342	-0.0408033	-0.0409536	-0.039479	-0.0372181	-0.0372062	-0.0361805	-0.0357435	-0.0332404	-0.0307454	-0.0280543	-0.0252908	-0.0254736	-0.0270514	-0.0311162	
-0.0182401	-0.0206164	-0.0204754	-0.0206971	-0.0193607	-0.0175738	-0.0157593	-0.0160739	-0.0166154	-0.0178732	-0.0173033	-0.015856	-0.0166474	-0.0161994	-0.014129	-0.0142171	-0.0143815	-0.0150115	-0.0116049	-0.00997533	-0.00793592	-0.00605908	-0.00579303	-0.00845004	-0.0126379	
0.00551856	0.00228459	0.00305048	0.00237612	0.00412979	0.00620989	0.0076135	0.00776515	0.00788656	0.00678763	0.00704811	0.00760732	0.00772196	0.00747546	0.00911447	0.00895605	0.00738036	0.00575533	0.00845654	0.0100548	0.0126722	0.0131085	0.0132485	0.00966288	0.00508676	
0.027169	0.025443	0.0238017	0.0239226	0.0262095	0.0282434	0.0300097	0.0287581	0.0297035	0.0291024	0.0282466	0.0300914	0.0297266	0.0305529	0.0306784	0.0286484	0.0274576	0.025774	0.0276003	0.0279091	0.0289444	0.0301914	0.0289296	0.0244707	0.0198714	
0.0436805	0.0400702	0.0392031	0.0392215	0.0416645	0.0435092	0.0442769	0.0433051	0.0441608	0.0435186	0.0446563	0.046293	0.0458957	0.0451719	0.0454683	0.0451964	0.0415428	0.0390254	0.0407224	0.0416131	0.0415397	0.0407609	0.0394751	0.0352287	0.0307278	
0.0502155	0.0468452	0.0458564	0.0462107	0.0482934	0.049026	0.0492572	0.0480958	0.0503956	0.0502844	0.0509833	0.0522343	0.0536037	0.0532397	0.0531616	0.0523204	0.049376	0.0467238	0.0480197	0.0486147	0.0491527	0.0480026	0.0474657	0.0433033	0.0384786	
0.0529728	0.0507891	0.0490128	0.048877	0.0495544	0.0501923	0.050249	0.0485237	0.0505419	0.050887	0.0521135	0.0550011	0.0566726	0.0569892	0.0567162	0.05591	0.0527458	0.0505795	0.0516355	0.0523165	0.0523695	0.0514228	0.0496763	0.0452651	0.0418984	
0.0489061	0.0469261	0.0451566	0.0447774	0.0458892	0.0463798	0.0450182	0.0435695	0.0451901	0.0463957	0.0480781	0.0514472	0.0536638	0.0537181	0.0539173	0.0540802	0.0502705	0.0492727	0.0498107	0.0517849	0.050916	0.0498759	0.0483669	0.043989	0.0404355	
0.0394174	0.0381899	0.036268	0.0373687	0.0388265	0.0380606	0.0362894	0.0343024	0.0373156	0.0377765	0.0396134	0.0419538	0.0452735	0.0459118	0.0453866	0.0449077	0.0436071	0.0416791	0.0430316	0.0437077	0.0439695	0.0420869	0.0414616	0.0374855	0.0343605	
0.0242117	0.024454	0.0232284	0.025209	0.0261105	0.0255322	0.0238775	0.0232118	0.0236055	0.0257936	0.0263009	0.0290376	0.0315932	0.0325517	0.0314016	0.0309461	0.0292036	0.0293848	0.0293629	0.0312447	0.0312834	0.030515	0.028645	0.0244728	0.0234352	
0.00897375	0.00991967	0.00899119	0.0117343	0.0129711	0.0131722	0.0114065	0.0101565	0.0113407	0.0138768	0.0140868	0.0156849	0.01797	0.0187495	0.0172772	0.0167804	0.0148884	0.0157113	0.0169237	0.0203763	0.0193666	0.0188807	0.0179299	0.0150266	0.0140786	
-0.00486229	-0.00373861	-0.00421989	-0.00136412	0.000620326	0.00088311	-0.000947826	-0.00151733	0.000648359	0.00285947	0.00390784	0.00496362	0.00721617	0.00730737	0.00474021	0.00415153	0.00428384	0.00495466	0.00591205	0.00842097	0.0100753	0.00951828	0.00790453	0.00690087	0.00676547	
-0.0159873	-0.0143193	-0.0145762	-0.0114412	-0.00950051	-0.00969127	-0.0109425	-0.00956779	-0.00829671	-0.00478346	-0.00325929	-0.00241023	-0.000674767	0.000245215	-0.00141259	-0.00397424	-0.00510771	-0.00203429	-0.00177971	0.00130069	0.001937	0.00190527	8.77267e-05	-0.00142578	-0.000554267	
-0.0244143	-0.0231102	-0.0222297	-0.0189532	-0.0177129	-0.0172978	-0.0181689	-0.0161593	-0.014245	-0.0107927	-0.00790916	-0.00774007	-0.00537851	-0.00499202	-0.00726871	-0.00913304	-0.00950356	-0.00767929	-0.00655472	-0.0034937	-0.0035906	-0.00501995	-0.00680561	-0.00811633	-0.00649967	
-0.0318865	-0.0296594	-0.0279647	-0.0260712	-0.0247122	-0.0242037	-0.0242268	-0.0220379	-0.0204788	-0.0158968	-0.0130647	-0.0119173	-0.010108	-0.0102684	-0.0124931	-0.0141935	-0.0128103	-0.0107816	-0.0103625	-0.00912124	-0.00892864	-0.00919688	-0.0131844	-0.0138891	-0.01244	
-0.0342891	-0.0329014	-0.031084	-0.0297429	-0.0282894	-0.0284517	-0.0284824	-0.0257595	-0.023141	-0.019635	-0.0164436	-0.0154444	-0.013543	-0.0137577	-0.0143645	-0.0169069	-0.0153969	-0.0128211	-0.0112276	-0.0107841	-0.0104703	-0.0122749	-0.0163047	-0.016995	-0.0146636	
-0.0317081	-0.0310596	-0.0291151	-0.0275145	-0.0274156	-0.0273316	-0.0274509	-0.0236669	-0.0224575	-0.019219	-0.0161981	-0.0143555	-0.0136755	-0.0134148	-0.0143942	-0.0149133	-0.0120608	-0.00898297	-0.0074191	-0.00688629	-0.00547823	-0.00755993	-0.0110892	-0.0126769	-0.00955013	
-0.0257288	-0.0257242	-0.0230006	-0.0233843	-0.0240925	-0.0245884	-0.022479	-0.0199548	-0.0194536	-0.0158908	-0.0131064	-0.0112394	-0.0112696	-0.0104645	-0.0111398	-0.0119567	-0.0070752	-0.00383296	-0.00261714	-0.000635972	-0.000416961	-0.00151575	-0.00556376	-0.00525143	-0.00296627	
-0.0187218	-0.019825	-0.0177887	-0.0191792	-0.0199338	-0.02074	-0.0189454	-0.0171145	-0.0145248	-0.0130677	-0.0105772	-0.0100129	-0.00901333	-0.00847013	-0.00938427	-0.009408	-0.00444183	-0.00125047	0.00204159	0.00288495	0.00461829	0.0019966	-0.0018608	-0.000208149	0.00317088	
-0.0129733	-0.0138948	-0.0138791	-0.0152357	-0.0168251	-0.0175926	-0.0164551	-0.0148902	-0.0128743	-0.0120495	-0.00950365	-0.00888828	-0.00992113	-0.0101552	-0.00959161	-0.00805041	-0.00524996	-0.0014597	0.00302354	0.00267061	0.00424387	0.00189216	-5.30116e-05	-0.000379674	0.00348931	
-0.0101923	-0.0131555	-0.011923	-0.0151269	-0.017538	-0.0192678	-0.0172685	-0.0160183	-0.0151687	-0.015122	-0.0131302	-0.0133226	-0.0143024	-0.0158584	-0.014694	-0.0147936	-0.0106967	-0.00699535	-0.00376451	-0.00274805	-0.00256567	-0.00572221	-0.00728414	-0.00545696	-0.000647775	
-0.00656456	-0.00914079	-0.00954257	-0.0128375	-0.0161232	-0.017877	-0.0172699	-0.0167232	-0.0165858	-0.0164803	-0.0168198	-0.0170013	-0.0201823	-0.0208302	-0.0205893	-0.0199897	-0.0174586	-0.013125	-0.00956049	-0.0098782	-0.010262	-0.0123342	-0.0142475	-0.0116484	-0.00721046	
2.94307e-05	-0.00199757	-0.00449048	-0.00722608	-0.010992	-0.01249	-0.0130809	-0.014885	-0.0147095	-0.0158848	-0.0169234	-0.0183602	-0.0233369	-0.0250787	-0.0247849	-0.0226182	-0.0217055	-0.0186342	-0.0145081	-0.0152025	-0.0173573	-0.0184483	-0.018756	-0.0166495	-0.0131458	
0.0083542	0.00560141	0.00447988	0.00158071	-0.00329941	-0.00517178	-0.00568891	-0.00772567	-0.00900531	-0.0128843	-0.0148725	-0.0183055	-0.0223121	-0.0258983	-0.0271404	-0.0252154	-0.023677	-0.0208664	-0.0179983	-0.0184204	-0.0207716	-0.0227081	-0.0208788	-0.0187009	-0.0148513	
0.0183658	0.016932	0.0153597	0.0123771	0.0080636	0.0058253	0.00465932	0.00211495	-0.00099847	-0.00518222	-0.00947184	-0.0135245	-0.0197636	-0.0239607	-0.0255575	-0.0237676	-0.0240678	-0.0212637	-0.0193692	-0.019847	-0.0228636	-0.0235506	-0.0204496	-0.0188788	-0.0160553	
0.0267819	0.0261639	0.0242902	0.0212486	0.0189777	0.0166537	0.014222	0.0102297	0.00729316	0.0023021	-0.00384505	-0.00957966	-0.0154829	-0.0217056	-0.0237056	-0.0227921	-0.0217636	-0.0207844	-0.020558	-0.0198531	-0.0226938	-0.0227748	-0.0201159	-0.0162674	-0.013448	
0.029969	0.0321058	0.0294992	0.0286541	0.0246296	0.02314	0.0204274	0.0179263	0.0132358	0.00721288	0.000633538	-0.00509155	-0.0115119	-0.0177567	-0.0211926	-0.0195257	-0.0200038	-0.0190056	-0.0194471	-0.0196091	-0.0223704	-0.0219519	-0.018348	-0.0152878	-0.0144386	
