-0.104151	-0.105255	-0.113825	-0.109745	-0.104948	-0.105499	-0.114203	-0.110671	-0.100749	-0.110379	-0.119491	-0.125199	-0.131098	-0.125683	-0.107768	-0.114911	-0.139966	-0.183692	-0.245988	-0.305629	-0.351879	-0.370854	-0.345553	-0.295614	-0.20452	
-0.116157	-0.110472	-0.116143	-0.110877	-0.107779	-0.110108	-0.119298	-0.116807	-0.0973885	-0.104882	-0.125539	-0.132721	-0.131045	-0.128585	-0.115003	-0.121812	-0.159855	-0.204822	-0.265238	-0.322318	-0.357237	-0.358671	-0.326719	-0.258971	-0.162866	
-0.125501	-0.120826	-0.111136	-0.109225	-0.114893	-0.112193	-0.113543	-0.120473	-0.110575	-0.113573	-0.128078	-0.132509	-0.12578	-0.117899	-0.12031	-0.135881	-0.18372	-0.235275	-0.293811	-0.342915	-0.365083	-0.348473	-0.304158	-0.222661	-0.115095	
-0.126562	-0.124456	-0.111392	-0.112779	-0.123662	-0.122908	-0.108211	-0.107941	-0.117041	-0.126766	-0.13703	-0.136417	-0.128837	-0.115109	-0.123802	-0.152785	-0.201479	-0.259128	-0.313478	-0.354601	-0.361502	-0.332642	-0.274707	-0.184257	-0.0654881	
-0.130997	-0.129354	-0.113165	-0.114325	-0.123498	-0.131335	-0.120238	-0.105613	-0.118551	-0.133456	-0.13616	-0.133082	-0.129088	-0.123575	-0.13945	-0.181076	-0.229682	-0.284551	-0.332624	-0.357256	-0.347491	-0.304654	-0.233011	-0.132888	-0.006526	
-0.127296	-0.130483	-0.127206	-0.124653	-0.119418	-0.121782	-0.124728	-0.120243	-0.129171	-0.139334	-0.136103	-0.127494	-0.124558	-0.130829	-0.159368	-0.209118	-0.261127	-0.311193	-0.349469	-0.357988	-0.328919	-0.274019	-0.188412	-0.0776357	0.0515288	
-0.121928	-0.121496	-0.13778	-0.140199	-0.124288	-0.114978	-0.119744	-0.130363	-0.143293	-0.142834	-0.136354	-0.128603	-0.125633	-0.144215	-0.183262	-0.236678	-0.286678	-0.333229	-0.355971	-0.34869	-0.30376	-0.235772	-0.13973	-0.0199104	0.108579	
-0.133119	-0.126691	-0.134006	-0.139334	-0.133784	-0.121853	-0.12345	-0.135756	-0.146723	-0.143912	-0.135285	-0.13534	-0.138707	-0.168502	-0.214262	-0.264344	-0.308713	-0.34373	-0.351388	-0.32302	-0.26839	-0.186575	-0.0824859	0.0415675	0.164721	
-0.147485	-0.140141	-0.135544	-0.130095	-0.13638	-0.137739	-0.140101	-0.147706	-0.141664	-0.135026	-0.130897	-0.13923	-0.160903	-0.201372	-0.253347	-0.296532	-0.33406	-0.350163	-0.338662	-0.289682	-0.221737	-0.128029	-0.0145255	0.109838	0.223238	
-0.162237	-0.15605	-0.142711	-0.12646	-0.131028	-0.147976	-0.155806	-0.159018	-0.146372	-0.134214	-0.134613	-0.145433	-0.181565	-0.22981	-0.281148	-0.321174	-0.349882	-0.350896	-0.318881	-0.257864	-0.175607	-0.07276	0.0480508	0.168239	0.271317	
-0.162788	-0.164224	-0.150905	-0.144576	-0.140974	-0.14741	-0.154685	-0.151973	-0.146995	-0.145375	-0.156041	-0.176041	-0.216031	-0.26353	-0.302097	-0.332302	-0.344393	-0.327603	-0.277781	-0.208386	-0.116956	-0.00840581	0.111226	0.220197	0.310241	
-0.149776	-0.15275	-0.15721	-0.168297	-0.165342	-0.156392	-0.152371	-0.140566	-0.138376	-0.151177	-0.175556	-0.214494	-0.260052	-0.302665	-0.330469	-0.344908	-0.335161	-0.294993	-0.228497	-0.146481	-0.0458155	0.068382	0.181553	0.277592	0.352877	
-0.1553	-0.149465	-0.160628	-0.170428	-0.175419	-0.170607	-0.15681	-0.144557	-0.147754	-0.167204	-0.198073	-0.245439	-0.292278	-0.325795	-0.346134	-0.346439	-0.316971	-0.258799	-0.181337	-0.0879014	0.020407	0.135915	0.239224	0.322409	0.384116	
-0.180608	-0.168672	-0.167463	-0.16674	-0.171033	-0.169875	-0.160183	-0.162536	-0.177669	-0.201624	-0.236901	-0.279236	-0.315	-0.335461	-0.342059	-0.324878	-0.277247	-0.20728	-0.123264	-0.0230435	0.087364	0.194876	0.283951	0.352004	0.399903	
-0.210747	-0.198347	-0.182591	-0.170994	-0.163214	-0.15999	-0.167943	-0.188961	-0.214204	-0.244994	-0.283657	-0.314978	-0.33261	-0.337969	-0.324682	-0.285	-0.221459	-0.142868	-0.0522782	0.0514058	0.157767	0.250696	0.323125	0.375361	0.407541	
-0.231009	-0.225169	-0.205818	-0.184424	-0.166872	-0.164522	-0.182848	-0.211797	-0.247075	-0.288178	-0.324969	-0.344616	-0.34728	-0.334826	-0.29805	-0.2359	-0.158992	-0.0719691	0.0264249	0.130557	0.226908	0.303175	0.359093	0.395959	0.409804	
-0.225829	-0.228845	-0.222792	-0.209953	-0.199609	-0.200662	-0.214036	-0.238585	-0.275566	-0.314638	-0.340594	-0.35118	-0.345916	-0.317581	-0.262437	-0.187709	-0.102408	-0.00704984	0.097104	0.197403	0.280597	0.342296	0.384727	0.40693	0.401438	
-0.212734	-0.214609	-0.22299	-0.232189	-0.242542	-0.254797	-0.269815	-0.290485	-0.31364	-0.329873	-0.335056	-0.330698	-0.31064	-0.266355	-0.201996	-0.1261	-0.0396992	0.0571497	0.155894	0.242263	0.308338	0.355581	0.384524	0.389866	0.364255	
-0.221064	-0.213297	-0.222625	-0.244055	-0.271483	-0.299791	-0.326215	-0.346599	-0.354515	-0.349373	-0.334314	-0.306174	-0.259255	-0.195409	-0.122387	-0.0429307	0.0451962	0.137128	0.22003	0.284813	0.330993	0.360836	0.370978	0.353938	0.3065	
-0.260287	-0.239864	-0.241497	-0.261911	-0.293828	-0.328318	-0.357188	-0.373509	-0.374263	-0.360401	-0.330514	-0.280256	-0.211847	-0.134066	-0.0512347	0.0377113	0.12966	0.213903	0.28025	0.327097	0.357391	0.369995	0.358584	0.318171	0.252128	
-0.339468	-0.303273	-0.289873	-0.296571	-0.316686	-0.341105	-0.360915	-0.370255	-0.365982	-0.34406	-0.300645	-0.237624	-0.162317	-0.0800307	0.00902689	0.10241	0.190222	0.261806	0.313803	0.348596	0.366575	0.362522	0.330782	0.272309	0.196634	
-0.456197	-0.409098	-0.37521	-0.355142	-0.346712	-0.345761	-0.346472	-0.342228	-0.326125	-0.292579	-0.241176	-0.176806	-0.10342	-0.0213565	0.0670251	0.153023	0.226051	0.281306	0.320206	0.343484	0.346864	0.324337	0.274923	0.205948	0.130198	
-0.578346	-0.532959	-0.486399	-0.442028	-0.401997	-0.366792	-0.334354	-0.300259	-0.260011	-0.211907	-0.156925	-0.095504	-0.0263411	0.0496336	0.125531	0.191945	0.243811	0.281596	0.305976	0.31326	0.297309	0.255722	0.193687	0.122464	0.05432	
-0.676686	-0.64124	-0.594252	-0.539037	-0.478084	-0.412938	-0.344663	-0.274464	-0.204159	-0.135478	-0.0681813	-0.000143823	0.0689432	0.134691	0.190483	0.232733	0.262314	0.28036	0.284043	0.26773	0.228293	0.16928	0.100351	0.0330066	-0.0238903	
-0.737263	-0.717493	-0.676874	-0.619078	-0.547269	-0.464424	-0.374087	-0.28046	-0.187274	-0.0965276	-0.00889621	0.073896	0.147408	0.206385	0.248581	0.275593	0.289336	0.288341	0.26831	0.226575	0.16609	0.0955087	0.0256987	-0.0344487	-0.0803863	
-0.737389	-0.742299	-0.71726	-0.666219	-0.594221	-0.506782	-0.409199	-0.305885	-0.200109	-0.0947601	0.00608851	0.0966709	0.171447	0.227879	0.266816	0.289639	0.295202	0.280149	0.242512	0.18521	0.116384	0.0465128	-0.0153963	-0.0642295	-0.0990137	
-0.65648	-0.690323	-0.692001	-0.663352	-0.608269	-0.531891	-0.439609	-0.336594	-0.228171	-0.120467	-0.0202121	0.0668435	0.137712	0.192087	0.230036	0.249771	0.248032	0.223044	0.177449	0.118681	0.0565513	-0.000149985	-0.0460097	-0.0794503	-0.101732	
-0.502055	-0.559816	-0.589601	-0.591157	-0.565477	-0.515052	-0.444004	-0.358132	-0.26463	-0.171099	-0.0839594	-0.00724631	0.057047	0.107204	0.140299	0.152725	0.142625	0.112211	0.0680339	0.0189262	-0.0269658	-0.0643594	-0.0914054	-0.108922	-0.119097	
-0.293332	-0.369602	-0.421553	-0.449094	-0.452874	-0.434687	-0.397856	-0.347163	-0.28812	-0.225876	-0.164501	-0.107282	-0.0577834	-0.0204687	0.000147747	0.00158007	-0.0148225	-0.0437749	-0.077835	-0.109959	-0.135447	-0.152546	-0.161878	-0.165348	-0.165135	
-0.0378274	-0.130512	-0.202217	-0.252947	-0.284233	-0.298654	-0.29934	-0.289438	-0.271706	-0.248532	-0.222507	-0.197152	-0.177011	-0.166609	-0.168633	-0.182509	-0.204381	-0.22857	-0.249668	-0.264152	-0.270925	-0.270873	-0.265952	-0.258321	-0.249795	
0.253362	0.150669	0.0607128	-0.0147627	-0.0758577	-0.1239	-0.160719	-0.188152	-0.208026	-0.222548	-0.234702	-0.248105	-0.266075	-0.290287	-0.319843	-0.351415	-0.380483	-0.402979	-0.416537	-0.420878	-0.417404	-0.408406	-0.396294	-0.383109	-0.370334	
0.546917	0.447344	0.348733	0.254337	0.166648	0.0872232	0.0166151	-0.0456942	-0.101342	-0.152928	-0.203449	-0.255312	-0.309303	-0.364046	-0.416334	-0.462228	-0.498406	-0.52313	-0.536522	-0.540191	-0.53655	-0.528137	-0.517174	-0.505365	-0.493905	
0.804306	0.719259	0.626544	0.528781	0.428912	0.329629	0.232802	0.139133	0.048209	-0.0409582	-0.129079	-0.215768	-0.299179	-0.376314	-0.44388	-0.499294	-0.54138	-0.570532	-0.588392	-0.597281	-0.599642	-0.597654	-0.593068	-0.587182	-0.58092	
1.00711	0.94053	0.862709	0.774844	0.678315	0.574576	0.464999	0.350859	0.233525	0.114828	-0.00265245	-0.115577	-0.220248	-0.313287	-0.39233	-0.456443	-0.50613	-0.542996	-0.569235	-0.587161	-0.59887	-0.606093	-0.610171	-0.61211	-0.612657	
1.15283	1.10576	1.04463	0.970458	0.883789	0.785112	0.675263	0.555824	0.429388	0.299581	0.17078	0.0475461	-0.0660692	-0.167123	-0.254101	-0.326889	-0.386459	-0.434432	-0.472657	-0.502911	-0.526744	-0.545431	-0.559988	-0.571227	-0.579794	
1.23318	1.21003	1.16771	1.10806	1.03259	0.942757	0.840354	0.727852	0.608511	0.486228	0.365113	0.248961	0.140774	0.0424843	-0.0450591	-0.121901	-0.188679	-0.24633	-0.295862	-0.338229	-0.374277	-0.404738	-0.43025	-0.451369	-0.468586	
1.22951	1.23656	1.21956	1.18048	1.12198	1.04716	0.959503	0.862718	0.760593	0.656725	0.554239	0.455572	0.362374	0.275559	0.195461	0.122043	0.0550806	-0.00570182	-0.060569	-0.109756	-0.153477	-0.191946	-0.225383	-0.254019	-0.278093	
1.13099	1.16947	1.18379	1.17466	1.14436	1.09623	1.03429	0.962676	0.885269	0.805354	0.725445	0.647267	0.571853	0.499737	0.431153	0.366203	0.30497	0.247566	0.194139	0.14485	0.0998495	0.0592584	0.0231546	-0.00842719	-0.0354899	
0.952171	1.0143	1.05833	1.08315	1.08924	1.07837	1.05319	1.01674	0.972001	0.921637	0.867784	0.812053	0.7556	0.699251	0.643627	0.58924	0.536549	0.485989	0.437965	0.392854	0.350986	0.312645	0.278062	0.247419	0.220852	
0.731251	0.803011	0.866145	0.918361	0.958304	0.985543	1.00042	1.00386	0.997115	0.981586	0.958702	0.929836	0.896273	0.859205	0.819727	0.778844	0.737463	0.696391	0.656336	0.617908	0.581624	0.547915	0.517138	0.489582	0.465478	
0.512552	0.58003	0.647618	0.712985	0.773943	0.828602	0.875475	0.913537	0.942237	0.961476	0.971558	0.973125	0.967081	0.954498	0.936546	0.914412	0.889245	0.862117	0.833994	0.805729	0.778058	0.751607	0.7269	0.704371	0.684375	
0.328808	0.383121	0.4429	0.506579	0.57222	0.637688	0.700837	0.759696	0.812612	0.858354	0.896157	0.925722	0.947167	0.960953	0.9678	0.968597	0.964324	0.955988	0.944572	0.931002	0.916127	0.900706	0.885402	0.870787	0.857345	
0.193805	0.232252	0.277865	0.330008	0.387536	0.4489	0.512289	0.575802	0.637603	0.696059	0.749836	0.797954	0.839801	0.875113	0.903933	0.926553	0.943459	0.955265	0.962671	0.966406	0.967205	0.96577	0.96276	0.958771	0.954329	
0.105402	0.129759	0.160529	0.197742	0.241025	0.289623	0.342472	0.398287	0.45567	0.513212	0.569588	0.623628	0.674367	0.721074	0.763254	0.80064	0.833172	0.86096	0.884256	0.903412	0.918852	0.931036	0.940436	0.947516	0.952705	
0.0531151	0.0670979	0.0857474	0.109398	0.138147	0.171843	0.210091	0.252279	0.297625	0.345225	0.394116	0.443329	0.491943	0.539126	0.584167	0.626495	0.665686	0.701458	0.733666	0.762279	0.787365	0.809067	0.827579	0.843127	0.855942	
0.0249013	0.0322443	0.0425194	0.0560998	0.073258	0.0941417	0.118757	0.14696	0.178462	0.212838	0.249557	0.288005	0.327522	0.367436	0.407096	0.445896	0.483299	0.518847	0.552173	0.582997	0.611123	0.636434	0.658874	0.678438	0.695137	
0.0109029	0.0144578	0.0196515	0.0267746	0.036093	0.0478299	0.0621458	0.0791221	0.0987486	0.120917	0.145421	0.171968	0.200186	0.229652	0.259903	0.290465	0.320866	0.35066	0.379435	0.406826	0.432524	0.456274	0.477883	0.497199	0.514076	
0.00448016	0.00607954	0.00851065	0.0119601	0.0166209	0.022682	0.0303157	0.0396631	0.0508209	0.0638302	0.0786688	0.0952481	0.113414	0.132952	0.153599	0.17505	0.196974	0.219027	0.240866	0.262158	0.282596	0.301914	0.3199	0.336391	0.351206	
0.00175491	0.00243694	0.00351372	0.0050923	0.00729329	0.0102466	0.0140846	0.0189337	0.0249049	0.0320841	0.0405237	0.0502357	0.0611875	0.0733004	0.0864502	0.100472	0.115164	0.130298	0.145627	0.160897	0.175864	0.190318	0.204122	0.217257	0.229788	
0.000724759	0.00103043	0.00153149	0.00229007	0.00338096	0.00489024	0.00691229	0.00954505	0.0128841	0.0170157	0.02201	0.027914	0.0347462	0.0424921	0.0511022	0.0604912	0.0705401	0.0811	0.0919982	0.103049	0.114068	0.12491	0.135538	0.146191	0.157811	
