0.041137	0.05705	0.0637844	0.0653881	0.0628698	0.0589757	0.0534329	0.0458243	0.0371991	0.029383	0.0220194	0.0168507	0.0123899	0.00818825	0.00441618	0.00195095	0.00196228	0.00078297	-0.00215119	-0.00501868	-0.00914594	-0.0120374	-0.013971	-0.0160879	-0.0168083	
0.0415036	0.0551864	0.0633348	0.0658711	0.0648592	0.0622255	0.0573126	0.0502947	0.0418904	0.0333476	0.0254495	0.0199775	0.0158122	0.0108071	0.00582945	0.00253831	0.00145123	3.36074e-05	-0.00253165	-0.00582496	-0.00997408	-0.0134854	-0.0156079	-0.0177274	-0.018956	
0.0399689	0.0526786	0.0609322	0.0642776	0.0652166	0.0636984	0.0597755	0.0537371	0.0457145	0.0378728	0.0304588	0.0248985	0.0203204	0.0139645	0.00779968	0.00397947	0.00223429	0.0004948	-0.00114564	-0.00475714	-0.00918136	-0.0131355	-0.0155105	-0.0173878	-0.019118	
0.0382991	0.0507477	0.058929	0.0634867	0.0662741	0.066758	0.0627448	0.0572539	0.0508502	0.0433084	0.0361368	0.0294523	0.0247289	0.0174915	0.0102201	0.00512502	0.00161101	-0.000131129	-0.0025988	-0.0068591	-0.0110063	-0.0155868	-0.0178197	-0.0189814	-0.0196201	
0.0360057	0.0470913	0.0561904	0.0615376	0.0652596	0.0654141	0.0629593	0.0590794	0.0529344	0.0457119	0.0382094	0.0323165	0.0275236	0.019198	0.0103553	0.00374556	-0.00136849	-0.00473006	-0.00639368	-0.0115367	-0.0162007	-0.0198631	-0.0205951	-0.0204384	-0.0213517	
0.0321547	0.0435283	0.0512573	0.0551518	0.0576243	0.0585242	0.0560277	0.0538761	0.050164	0.0427002	0.0351774	0.0278672	0.0239026	0.0158162	0.00652195	-0.000943267	-0.00700674	-0.00920984	-0.0109068	-0.0146915	-0.0169877	-0.0197347	-0.0196302	-0.0185647	-0.0179474	
0.0312071	0.0407855	0.047667	0.0496977	0.051258	0.0514975	0.0515789	0.0517029	0.0482128	0.0411119	0.0329476	0.0265864	0.022004	0.013494	0.00401723	-0.00322473	-0.00966189	-0.012936	-0.0128749	-0.0163724	-0.0182174	-0.0202054	-0.0196009	-0.0178993	-0.0176496	
0.0307652	0.0412833	0.0466364	0.0475074	0.0484622	0.0497955	0.0491238	0.0494095	0.047745	0.0410858	0.0336252	0.0256536	0.0221862	0.0142481	0.00499322	-0.00264935	-0.0100938	-0.013134	-0.0136146	-0.0160464	-0.0170434	-0.0197826	-0.0201662	-0.0184531	-0.0170705	
0.031765	0.040403	0.0450904	0.0450755	0.0460082	0.0462356	0.0456229	0.0461237	0.0443515	0.038721	0.0316996	0.0264119	0.0227744	0.0151543	0.00619518	-0.00123955	-0.00882634	-0.0120075	-0.0113945	-0.0150396	-0.0170163	-0.02013	-0.0199007	-0.0175065	-0.0169121	
0.0309973	0.0395785	0.0428419	0.0418778	0.0412576	0.0403549	0.0381807	0.0383633	0.0377267	0.032902	0.0279309	0.0225258	0.0214686	0.0148727	0.00603598	-0.00141717	-0.00830338	-0.0106955	-0.0104989	-0.0137634	-0.0161495	-0.0188167	-0.0183835	-0.0159693	-0.0151847	
0.0305798	0.0373295	0.0399795	0.0378795	0.0360389	0.0336294	0.031084	0.0315383	0.0311765	0.0276217	0.0236792	0.021906	0.0209375	0.0151702	0.00678159	-0.000366934	-0.00705773	-0.00927646	-0.00958457	-0.0145535	-0.0167788	-0.0198319	-0.0192192	-0.0167283	-0.0159566	
0.0262968	0.0332284	0.0357897	0.0330231	0.0294164	0.0254922	0.022298	0.0226389	0.0228806	0.0204327	0.0187618	0.017153	0.0194514	0.0154439	0.00785178	0.00125375	-0.00501396	-0.00846187	-0.00907515	-0.012395	-0.0152489	-0.0178832	-0.0185312	-0.0168195	-0.0156126	
0.0230162	0.0283828	0.0297751	0.026317	0.0221147	0.0174721	0.0133017	0.0132054	0.0139126	0.012181	0.0109484	0.0131363	0.0162582	0.0143352	0.00909164	0.00347055	-0.00338761	-0.00576931	-0.00552157	-0.00907001	-0.0104978	-0.0145341	-0.0155704	-0.0133777	-0.0120239	
0.01968	0.024726	0.0256168	0.0212664	0.0162158	0.0110456	0.00713686	0.00698269	0.00723171	0.00615584	0.0069083	0.00904888	0.0147402	0.015307	0.0120275	0.00740771	0.00195304	-0.000419927	0.000179232	-0.0023725	-0.00644033	-0.0104191	-0.0119233	-0.010469	-0.0102338	
0.0205157	0.0240505	0.0229114	0.0182732	0.013633	0.00849517	0.0034347	0.00214543	0.00268666	0.00146901	0.00185165	0.00649806	0.013237	0.015961	0.0146074	0.0111774	0.00639653	0.00609658	0.00670149	0.00215972	-0.00149849	-0.0069234	-0.00898049	-0.00844859	-0.00928831	
0.0198495	0.0225786	0.0208876	0.0152195	0.00943969	0.00373346	-0.00126651	-0.00274369	-0.00357296	-0.00466964	-0.00304233	0.00193205	0.0107142	0.0152079	0.0150606	0.013348	0.0114925	0.0115918	0.0117898	0.00781576	0.0023047	-0.00305285	-0.00655217	-0.00742823	-0.00893224	
0.0202656	0.0219558	0.0191938	0.0129687	0.00668423	-0.000158231	-0.00634278	-0.00926821	-0.0101626	-0.0121588	-0.0104659	-0.00402958	0.00513619	0.010558	0.0122973	0.0132231	0.0123105	0.013444	0.0142021	0.0104598	0.00623597	9.65862e-05	-0.00419531	-0.00564482	-0.00710251	
0.0192513	0.0216768	0.0195245	0.0130362	0.00522164	-0.00218941	-0.00901701	-0.012438	-0.0149919	-0.0166228	-0.0148766	-0.00919093	-0.000244708	0.0063487	0.010165	0.01215	0.0121367	0.0132535	0.0145816	0.0117639	0.00703243	0.000456384	-0.00475989	-0.0062658	-0.00824931	
0.0210018	0.0240671	0.0230872	0.0165532	0.00895464	0.000206797	-0.00750229	-0.0124848	-0.0151844	-0.0188595	-0.0182997	-0.0139551	-0.00535577	0.00197295	0.00617565	0.00892326	0.00858157	0.0107972	0.012953	0.0103421	0.00504931	-0.00145569	-0.00616419	-0.00810953	-0.0104786	
0.0197299	0.0243335	0.0235925	0.0181615	0.00994895	0.00128325	-0.00730616	-0.012602	-0.0170641	-0.0210885	-0.0222715	-0.0185531	-0.0101395	-0.00251352	0.00283608	0.00559193	0.00685517	0.0104879	0.0133532	0.00998993	0.00568378	-0.00066741	-0.00597903	-0.00801219	-0.0117016	
0.0191439	0.0245739	0.025423	0.019295	0.0116178	0.00171917	-0.00734022	-0.0139495	-0.0187068	-0.0253326	-0.0271897	-0.0249293	-0.0172707	-0.00970716	-0.00544972	-0.00117327	0.00164528	0.0075065	0.0114689	0.0107379	0.00738207	0.00235128	-0.00251527	-0.0055326	-0.0086219	
0.0200531	0.0272468	0.0278719	0.0236434	0.0152126	0.00473339	-0.00516416	-0.0116964	-0.0185592	-0.025899	-0.0299224	-0.0287537	-0.0225501	-0.0174259	-0.0126405	-0.00795704	-0.00336362	0.00335166	0.00933513	0.00934967	0.00853599	0.00394077	-0.00102386	-0.00208199	-0.00534544	
0.0230549	0.0316144	0.0347628	0.030098	0.0232445	0.013218	0.00328845	-0.00492786	-0.012373	-0.0221256	-0.026751	-0.0278779	-0.0249211	-0.0205674	-0.016867	-0.0110213	-0.00670269	0.000883884	0.00717413	0.00926577	0.00839165	0.00428639	0.000736366	-0.000690078	-0.00288221	
0.026092	0.0361948	0.0401015	0.0390961	0.033327	0.0234855	0.0130106	0.00455958	-0.00518612	-0.0152884	-0.0217433	-0.0256774	-0.0244061	-0.0225196	-0.0186441	-0.0138091	-0.00922019	-0.00141959	0.00734234	0.00980502	0.00996341	0.00671846	0.00275318	0.00204621	-0.00177701	
0.0299512	0.0414478	0.0476244	0.0464007	0.0422955	0.0335577	0.0223887	0.0119711	0.0025298	-0.00888435	-0.0170339	-0.0229557	-0.0251483	-0.0245041	-0.0228197	-0.0187991	-0.0150048	-0.00532233	0.00430868	0.00810196	0.00971705	0.00728296	0.00447845	0.00306024	-0.000140316	
0.033306	0.0455545	0.052343	0.0536262	0.0499443	0.0406399	0.0289543	0.0187002	0.00745774	-0.00504919	-0.0147242	-0.023555	-0.0266586	-0.0282475	-0.0282679	-0.0261698	-0.0221195	-0.0127358	-0.00215829	0.0029407	0.00613288	0.00591094	0.00368873	0.00354873	0.000384309	
0.0342323	0.0472288	0.0547367	0.0561706	0.053828	0.0451396	0.0326236	0.0208068	0.00922029	-0.00493548	-0.0165071	-0.0247637	-0.0287505	-0.0315629	-0.0331321	-0.0316827	-0.0287763	-0.019402	-0.00838841	-0.00216571	0.00343878	0.00437867	0.00358528	0.00428305	0.0020761	
0.0324283	0.0468286	0.0561355	0.0594798	0.0573369	0.0485964	0.0359703	0.0244623	0.0119257	-0.00296959	-0.0142375	-0.0232018	-0.0278033	-0.0317148	-0.0344904	-0.0342956	-0.0322277	-0.0244961	-0.0145435	-0.00731722	-0.000739625	0.00170384	0.00273304	0.00516043	0.00483593	
0.0283278	0.0435399	0.0523418	0.0556375	0.0544635	0.0464261	0.0351432	0.0245219	0.0124653	-0.0023402	-0.0136726	-0.0220374	-0.0266446	-0.0308043	-0.0326523	-0.0320177	-0.0309454	-0.024379	-0.0140404	-0.00653289	0.000204583	0.00404592	0.00652447	0.0104382	0.0112146	
0.0243746	0.0391145	0.0478376	0.0508476	0.0494534	0.0433761	0.0331962	0.0234011	0.0124995	-0.00135639	-0.0126456	-0.02105	-0.0261047	-0.0291347	-0.0302524	-0.0297208	-0.0288322	-0.022018	-0.0118202	-0.00414343	0.00407702	0.00887444	0.0134796	0.0192273	0.0221222	
0.0243185	0.0388212	0.0467433	0.0494029	0.0487459	0.0427785	0.0340755	0.025273	0.0147318	0.00176585	-0.0080658	-0.0169098	-0.0215406	-0.0243283	-0.0256164	-0.0259452	-0.0257152	-0.0193644	-0.00901439	-0.000253101	0.00758312	0.0146219	0.0206216	0.0272312	0.0306117	
0.0248522	0.0398884	0.0483183	0.0514621	0.0507875	0.0464693	0.0379308	0.0302886	0.0225776	0.0116111	0.000709023	-0.00689409	-0.010888	-0.0134557	-0.0152483	-0.0170561	-0.0181529	-0.0133621	-0.00475209	0.00144343	0.00959912	0.0156342	0.0215004	0.0286043	0.0322988	
0.0270781	0.041532	0.0497891	0.0522508	0.0521945	0.0473702	0.0401512	0.0334211	0.0258155	0.0149367	0.00617489	-0.00149334	-0.00503392	-0.00698064	-0.00984169	-0.0120088	-0.0136461	-0.00980825	-0.00320819	0.00309829	0.00972995	0.0159438	0.0221432	0.0290529	0.0332698	
0.0297302	0.0430201	0.0498107	0.0529013	0.0517558	0.0463493	0.0384604	0.0332134	0.0273776	0.0176187	0.00771395	0.0012894	-0.00164625	-0.00560391	-0.009183	-0.0123704	-0.014898	-0.0122431	-0.00535509	5.09819e-05	0.00699395	0.012625	0.0180184	0.025447	0.0297246	
0.0302785	0.0420371	0.0491459	0.0501374	0.0478402	0.0420391	0.0356996	0.0310219	0.026527	0.0179386	0.010153	0.0038222	-0.00094373	-0.00485353	-0.00946026	-0.0125896	-0.0157149	-0.0138701	-0.00897758	-0.0048465	8.72244e-05	0.00436071	0.010018	0.0174554	0.0227702	
0.0293312	0.0406384	0.0459238	0.0464759	0.0427305	0.0366433	0.0302982	0.0276698	0.0240369	0.0157883	0.00859839	0.00265252	-0.00100069	-0.00530503	-0.00949573	-0.0138068	-0.018355	-0.0181207	-0.0145231	-0.0122162	-0.00928773	-0.00612418	-0.00175059	0.00554043	0.0107109	
0.0286319	0.0389254	0.0440162	0.0425003	0.0386854	0.032097	0.0255019	0.0215201	0.0176781	0.0111095	0.00462787	-0.000755235	-0.00492908	-0.00892061	-0.0141598	-0.0194259	-0.025687	-0.0271685	-0.0251594	-0.0256423	-0.0244203	-0.022643	-0.0187709	-0.0113092	-0.00596304	
0.0246673	0.0349416	0.0384673	0.0366637	0.0314191	0.0233675	0.0156061	0.0111672	0.00689539	0.0001651	-0.00488194	-0.0103731	-0.012739	-0.0164619	-0.0226203	-0.0292754	-0.0369765	-0.0387832	-0.0386505	-0.0404756	-0.0400132	-0.0396728	-0.036652	-0.0292662	-0.0233753	
0.0175426	0.0259062	0.0285927	0.0258845	0.0196075	0.0105268	0.00147585	-0.0042263	-0.00890375	-0.0145861	-0.0198481	-0.023702	-0.0249204	-0.0283203	-0.0340097	-0.0405194	-0.047851	-0.0503073	-0.0499733	-0.0526373	-0.0535377	-0.0536535	-0.0516389	-0.0445767	-0.039215	
0.00927733	0.0167828	0.0200479	0.01671	0.00992862	0.000945935	-0.00957601	-0.0171476	-0.0212503	-0.0282643	-0.0329225	-0.0356484	-0.0363016	-0.0391429	-0.0459235	-0.0529055	-0.0599926	-0.0624004	-0.0629655	-0.0656218	-0.0665831	-0.0681762	-0.0661363	-0.0596287	-0.0532641	
-0.000836967	0.00800814	0.0104672	0.00693349	0.000261159	-0.0104798	-0.0220153	-0.0284584	-0.0344637	-0.0414021	-0.0449685	-0.0467834	-0.0465733	-0.0491232	-0.0546534	-0.0614064	-0.0679269	-0.0706711	-0.0711966	-0.0739916	-0.0762909	-0.0779768	-0.0767763	-0.0703268	-0.0639732	
-0.00720482	0.00104313	0.00296212	-0.00135453	-0.00844171	-0.0201135	-0.031729	-0.0389553	-0.0447944	-0.0518385	-0.0564329	-0.0578672	-0.0559073	-0.0582628	-0.0630897	-0.0671101	-0.0733287	-0.0756703	-0.07499	-0.078341	-0.0799452	-0.0816445	-0.0794912	-0.0721136	-0.0652357	
-0.0110311	-0.00322293	-0.00196208	-0.00680651	-0.0151746	-0.0268905	-0.0372648	-0.0443828	-0.0520072	-0.0593123	-0.0621516	-0.0636633	-0.0611107	-0.0619064	-0.0646213	-0.0678127	-0.0727831	-0.0725306	-0.0708523	-0.0729694	-0.0732286	-0.0743561	-0.0723131	-0.0637517	-0.0563454	
-0.0102576	-0.00357555	-0.00150102	-0.00596315	-0.0149353	-0.0251057	-0.0355223	-0.0429622	-0.0481821	-0.0560644	-0.0600611	-0.0595849	-0.0564636	-0.0559628	-0.0570197	-0.0585485	-0.0617093	-0.0607719	-0.0575935	-0.0585137	-0.0594063	-0.0599118	-0.0565297	-0.0493376	-0.0414889	
-0.00159852	0.00649286	0.00909463	0.00337167	-0.0045004	-0.0133856	-0.0232259	-0.0310927	-0.0375509	-0.0447771	-0.0483903	-0.0484631	-0.0455539	-0.0428429	-0.0427744	-0.0440803	-0.0446432	-0.0424757	-0.0390354	-0.0393692	-0.0397072	-0.0395621	-0.0363822	-0.0293047	-0.0214881	
0.0150591	0.0246127	0.0259925	0.0212377	0.0148922	0.00560283	-0.00414768	-0.0106912	-0.0173314	-0.0254781	-0.0302881	-0.0304515	-0.0262484	-0.0245669	-0.0239974	-0.0242498	-0.0254491	-0.0225528	-0.0187848	-0.0199038	-0.0188868	-0.018989	-0.0158995	-0.00928002	-0.00320348	
0.0370265	0.0453401	0.0469239	0.0421269	0.0365771	0.0277921	0.0173108	0.0107531	0.00318124	-0.00390012	-0.00859158	-0.0108662	-0.00605022	-0.00447858	-0.0044579	-0.00382545	-0.00427789	-0.00176959	0.00180974	0.000844316	0.00156915	0.00210336	0.00398699	0.0102805	0.0152603	
0.063385	0.0702446	0.0719853	0.0672423	0.0609448	0.0512622	0.0418539	0.0341633	0.0271222	0.0174954	0.0123196	0.0101401	0.0134534	0.0148836	0.0133393	0.0142447	0.0137609	0.0160354	0.0190913	0.01842	0.0187183	0.018008	0.0203559	0.0255091	0.0297687	
0.0878115	0.0958152	0.0967676	0.0925487	0.084483	0.0757071	0.065241	0.0569293	0.0493566	0.0403561	0.0330228	0.0304394	0.0322368	0.0319473	0.0303168	0.0301294	0.029607	0.0311013	0.0334192	0.0324812	0.0309283	0.0293895	0.0306183	0.0337099	0.0377898	
0.109615	0.116657	0.11753	0.112327	0.105082	0.09593	0.0856154	0.0764129	0.0674876	0.0579054	0.0488105	0.0468423	0.0467522	0.0439315	0.041673	0.0412833	0.0402432	0.0414278	0.043802	0.0401571	0.0382785	0.0349119	0.0351697	0.0378894	0.0393011	
