0.000466165	0.00130883	0.00338552	0.00547596	0.00506167	0.00337725	0.00230541	0.00145778	7.44104e-05	-0.0023839	-0.00454733	-0.00565634	-0.00653851	-0.00725926	-0.00891307	-0.00927546	-0.0107189	-0.0123128	-0.0120215	-0.00994079	-0.00477725	-0.000487789	0.00297901	0.00555146	0.00705883	
0.000480063	0.000169246	0.000941785	0.00221303	0.00156331	0.000463198	0.000133783	0.000152567	0.000129274	-0.00138302	-0.00320891	-0.00397282	-0.00477972	-0.00552752	-0.00727319	-0.00807597	-0.00940355	-0.0111799	-0.0115617	-0.0104228	-0.00623019	-0.00216741	0.00152139	0.00439714	0.00623805	
0.000648185	-0.00027062	-0.00082262	-0.00133798	-0.00223964	-0.00245838	-0.00259258	-0.00174928	-0.000551954	-0.000886391	-0.00227707	-0.00244575	-0.00293731	-0.00384289	-0.00538001	-0.00695333	-0.00809246	-0.00979604	-0.0109045	-0.0104736	-0.00753463	-0.00396054	-0.000433245	0.00242239	0.00487232	
0.00193044	0.00127437	-0.00151437	-0.00313148	-0.00460674	-0.00529275	-0.00544744	-0.00468946	-0.00262553	-0.00257419	-0.0025433	-0.00179813	-0.00183621	-0.00188008	-0.00362479	-0.0051811	-0.00609053	-0.00793749	-0.00945834	-0.00953612	-0.00750741	-0.00504198	-0.00177791	0.00056316	0.00268063	
0.00300498	0.00157701	-0.00204518	-0.00503274	-0.00695726	-0.00764959	-0.00761434	-0.00643903	-0.00466556	-0.00251914	-0.00221523	-0.000862596	0.000587231	0.000385349	-0.00054447	-0.00259328	-0.00358422	-0.00537177	-0.00768839	-0.00901743	-0.00836642	-0.00647341	-0.00431601	-0.00230822	-9.34222e-05	
0.00321185	0.00165653	-0.00339201	-0.00654791	-0.00984205	-0.0108315	-0.0101606	-0.00935539	-0.00622115	-0.00406733	-0.00216629	0.000553142	0.00267751	0.00367376	0.00228261	0.000709901	-0.000608672	-0.00324883	-0.00617468	-0.0085803	-0.00887903	-0.00830792	-0.00656313	-0.00493589	-0.0030239	
0.00724944	0.00446638	-0.000159196	-0.00575256	-0.0105763	-0.0117484	-0.0126848	-0.0122098	-0.00966047	-0.00686748	-0.00536644	-0.00160819	0.00186032	0.00337145	0.00404299	0.00228548	0.00184052	7.39761e-06	-0.00350383	-0.00621372	-0.0072455	-0.0063891	-0.00532528	-0.00481146	-0.0033901	
0.0076191	0.00580122	-0.000337911	-0.00558539	-0.0108205	-0.0128941	-0.01372	-0.0131354	-0.00945115	-0.00753155	-0.00420526	0.000846991	0.00443643	0.00761648	0.00790731	0.00630312	0.00566151	0.00218242	-0.00267586	-0.00633188	-0.00831068	-0.0082392	-0.00701221	-0.00701162	-0.00605156	
0.0103972	0.0074515	0.00132444	-0.00497361	-0.0101598	-0.013134	-0.0139941	-0.0126671	-0.0101068	-0.00606484	-0.00320097	0.00175288	0.00715877	0.0102613	0.0120437	0.0102324	0.00950155	0.0063266	-0.000154705	-0.00506872	-0.00785945	-0.0080582	-0.00751195	-0.00837097	-0.00780068	
0.0158261	0.0125655	0.00486695	-0.00121454	-0.00781417	-0.0123674	-0.013553	-0.0134017	-0.0101306	-0.00651903	-0.00293091	0.0023724	0.00802295	0.0123963	0.013949	0.0139048	0.0134094	0.00930306	0.0032006	-0.00286269	-0.00565905	-0.00583026	-0.0058694	-0.00666655	-0.00759627	
0.0218686	0.0174056	0.0106614	0.00330802	-0.00420264	-0.00849196	-0.0110447	-0.011163	-0.00767874	-0.00331946	-0.000253691	0.00492131	0.0108839	0.0151111	0.0173816	0.0168685	0.0164465	0.0127198	0.00526872	-0.00121762	-0.00429658	-0.0044114	-0.00388685	-0.00530801	-0.00609084	
0.0267453	0.02274	0.0144736	0.00745017	-0.000638528	-0.00453066	-0.00754171	-0.00775022	-0.00252568	0.00128039	0.00554986	0.0115681	0.0165332	0.0210219	0.0228956	0.0220119	0.021357	0.0159558	0.00794822	0.000720625	-0.0035952	-0.00357192	-0.00332685	-0.00472312	-0.00537695	
0.0353215	0.0311173	0.0224155	0.0135955	0.00574687	0.00049889	-0.00283974	-0.00304489	0.000823383	0.00576984	0.00955939	0.0152572	0.0206821	0.0246277	0.0274441	0.0260794	0.0257288	0.0217804	0.0127299	0.00613	0.00206788	0.0010674	0.00187335	-0.00020096	-0.00173963	
0.0434944	0.0395614	0.0295842	0.0202297	0.0122384	0.00633079	0.00330025	0.00307071	0.00707095	0.0125645	0.0168637	0.0221997	0.0274483	0.0306338	0.0323092	0.0314676	0.0303487	0.0254484	0.0177701	0.0101643	0.00579318	0.00560822	0.00525145	0.00415438	0.00247443	
0.0515386	0.0468285	0.0375469	0.026894	0.0187331	0.0131803	0.0107063	0.0109624	0.01512	0.0206484	0.025446	0.0305881	0.0350968	0.0383926	0.0381516	0.036555	0.0351269	0.0299981	0.0221863	0.0147217	0.010482	0.00932852	0.00989345	0.00880198	0.00759487	
0.0596606	0.0543458	0.0441219	0.034405	0.0243151	0.0201962	0.0173401	0.0174058	0.0223899	0.0274249	0.0324531	0.0377869	0.0426414	0.0449479	0.0444218	0.042658	0.0407309	0.0356656	0.0288436	0.0216701	0.0168378	0.0166453	0.0166505	0.0151173	0.0144784	
0.0649027	0.0597135	0.0499913	0.0394206	0.0295969	0.0248829	0.0228497	0.0234103	0.028276	0.0336851	0.0383712	0.0448337	0.0493513	0.0510814	0.0512971	0.0479621	0.0464113	0.0427773	0.0348929	0.0286856	0.0248467	0.0234424	0.0238096	0.0232595	0.0211366	
0.0668461	0.062818	0.053145	0.0432344	0.0344963	0.0294173	0.0280305	0.0295232	0.0343489	0.0401923	0.044756	0.0502783	0.0554766	0.0561234	0.0558549	0.052621	0.0504675	0.0468737	0.0395756	0.0336358	0.0299614	0.0302272	0.030399	0.0302307	0.0288133	
0.0654885	0.0615642	0.053704	0.0432004	0.0359653	0.030617	0.0299338	0.0321445	0.0370397	0.0423651	0.0476378	0.0532614	0.0571722	0.05998	0.0585146	0.0559747	0.0550331	0.0502891	0.0438102	0.0381182	0.0349444	0.0359093	0.037314	0.037367	0.0365554	
0.0600194	0.0556541	0.047896	0.0396777	0.0320409	0.0281276	0.0268552	0.0292942	0.0347776	0.0403152	0.0456008	0.0506576	0.0560405	0.0588761	0.058689	0.0578716	0.0569499	0.0531871	0.0470909	0.0421829	0.0397247	0.0419322	0.0449025	0.0441126	0.0444021	
0.0491341	0.0452965	0.0384166	0.030973	0.0240347	0.0205043	0.0194808	0.022283	0.027937	0.0342981	0.0394679	0.0453927	0.0508509	0.0537469	0.0563333	0.0554846	0.0554064	0.0528689	0.0467381	0.0423804	0.0417538	0.04472	0.0476537	0.0500958	0.049202	
0.0340959	0.0314785	0.0244708	0.0184906	0.0126331	0.0095279	0.00928581	0.0119827	0.0177473	0.0242053	0.0292409	0.0345136	0.041097	0.0443685	0.048278	0.0485885	0.0489568	0.0473142	0.041717	0.0388807	0.0392644	0.0441912	0.0482337	0.0521907	0.0524699	
0.016927	0.0140608	0.0078808	0.000677174	-0.00416036	-0.00699131	-0.0071431	-0.00456245	0.00127647	0.00726184	0.0136106	0.0192077	0.0261225	0.0319157	0.0360866	0.0384442	0.0397488	0.0381468	0.0342451	0.0327088	0.033591	0.0401257	0.0458597	0.0496496	0.0523036	
0.000209798	-0.00313297	-0.00944793	-0.0171398	-0.0222719	-0.025144	-0.0255733	-0.0231876	-0.017877	-0.011791	-0.00633337	0.000512479	0.00758098	0.0139485	0.0199636	0.0225473	0.0250042	0.0248114	0.021607	0.0221357	0.0247916	0.0319457	0.0400657	0.044762	0.0490156	
-0.015157	-0.018489	-0.0256205	-0.0343564	-0.0402154	-0.0439661	-0.0445881	-0.0420495	-0.0382242	-0.0321	-0.0263229	-0.0195572	-0.0114844	-0.00492499	0.00242275	0.00521801	0.00828009	0.00893441	0.00680018	0.00871163	0.0123867	0.0205551	0.0289373	0.0354547	0.0400949	
-0.0264669	-0.0301704	-0.0382738	-0.0469158	-0.0549347	-0.0588334	-0.0596615	-0.0586408	-0.055195	-0.0495551	-0.0444309	-0.0375745	-0.0296598	-0.0232382	-0.0158603	-0.0134244	-0.00929619	-0.00911269	-0.00956109	-0.00683302	-0.00321797	0.00677974	0.014504	0.0229532	0.0277233	
-0.0304153	-0.0349815	-0.0436963	-0.054133	-0.0633636	-0.0685431	-0.0714205	-0.0710409	-0.0680098	-0.0645238	-0.0581715	-0.0533508	-0.0450182	-0.0389002	-0.033256	-0.0292182	-0.0268675	-0.0249781	-0.0256055	-0.0222775	-0.018352	-0.00956865	0.000537651	0.00701248	0.0136794	
-0.0267632	-0.032397	-0.0424009	-0.0539382	-0.0646318	-0.0718753	-0.0762421	-0.077461	-0.0758211	-0.0721696	-0.0677448	-0.062179	-0.0552389	-0.0506977	-0.0445168	-0.0425851	-0.0401954	-0.0378833	-0.0385531	-0.0353841	-0.0309679	-0.0226399	-0.0139003	-0.00631492	-0.000932575	
-0.0182324	-0.0249364	-0.0354518	-0.0480912	-0.0591339	-0.0693532	-0.0746074	-0.0766296	-0.0762597	-0.0725102	-0.0685584	-0.0639222	-0.0580013	-0.0539395	-0.0493537	-0.0486202	-0.0464608	-0.045164	-0.0466409	-0.0437909	-0.0404706	-0.0330805	-0.0247633	-0.0184776	-0.0139177	
-0.00562256	-0.0127831	-0.0239547	-0.0365796	-0.0497391	-0.0596811	-0.0662575	-0.0698439	-0.0690237	-0.0651917	-0.0626256	-0.0579516	-0.0531827	-0.0504899	-0.0466783	-0.0476937	-0.0460402	-0.0474221	-0.0485228	-0.0474222	-0.0464504	-0.0380047	-0.0329771	-0.0277443	-0.0245124	
0.00967658	0.00187456	-0.00924036	-0.0228795	-0.0354712	-0.0458527	-0.0536841	-0.0567194	-0.0565158	-0.0541656	-0.0507177	-0.0475328	-0.0438224	-0.0418697	-0.0397775	-0.0420177	-0.0423168	-0.0431614	-0.0469216	-0.0459981	-0.0450671	-0.0401382	-0.0338976	-0.0315751	-0.0297303	
0.0235181	0.0160062	0.00354957	-0.00918217	-0.0218949	-0.0317165	-0.0393384	-0.043424	-0.043063	-0.0405441	-0.0374068	-0.0348479	-0.031262	-0.0300416	-0.0286804	-0.0316013	-0.0332987	-0.0353458	-0.0395466	-0.0401783	-0.040093	-0.0351811	-0.0306003	-0.0292165	-0.02864	
0.0328359	0.0249899	0.0129225	1.12498e-06	-0.0122675	-0.0217531	-0.028055	-0.0317236	-0.0310389	-0.0280005	-0.0248856	-0.0215143	-0.0179032	-0.0160143	-0.0152038	-0.0187158	-0.0207247	-0.024118	-0.0292784	-0.0310115	-0.0316525	-0.0277511	-0.0237967	-0.0228035	-0.02355	
0.0387832	0.031036	0.0186902	0.00580074	-0.00541986	-0.0134205	-0.0197011	-0.0225399	-0.02179	-0.0188705	-0.0150222	-0.0115454	-0.00718853	-0.00502726	-0.00380821	-0.00657045	-0.00952932	-0.0132354	-0.0181322	-0.0207503	-0.021516	-0.0171308	-0.0138866	-0.0136334	-0.0150186	
0.038736	0.0312958	0.01964	0.0074935	-0.00283369	-0.0100429	-0.014705	-0.0166337	-0.0160516	-0.0114334	-0.00705836	-0.00330643	0.00185238	0.00396442	0.00568378	0.00207798	-0.00128576	-0.00540065	-0.0121479	-0.0146062	-0.0149756	-0.0108476	-0.00632305	-0.00467658	-0.00582751	
0.0377688	0.0303805	0.0192248	0.00688249	-0.00288918	-0.00967085	-0.0137114	-0.0162321	-0.0141736	-0.00945769	-0.00554369	-0.000489207	0.00387964	0.00696795	0.00861085	0.00553558	0.00297888	-0.00169501	-0.00693215	-0.00928938	-0.00905818	-0.00333769	0.00159639	0.00406718	0.00369889	
0.0334032	0.0261309	0.0141412	0.00235933	-0.00745147	-0.0136515	-0.0174688	-0.019261	-0.0171024	-0.0118122	-0.00691716	-0.00127155	0.00444824	0.00770589	0.00962968	0.00709627	0.00478173	0.00063537	-0.00454392	-0.00619648	-0.00536838	0.00101213	0.00745578	0.0104287	0.0110042	
0.0271589	0.0191365	0.00838942	-0.00366591	-0.0131513	-0.0190854	-0.0233649	-0.0238121	-0.0211528	-0.0154136	-0.00921845	-0.00282558	0.00248522	0.00668268	0.00947321	0.00676607	0.00535117	0.00140329	-0.00359753	-0.00525392	-0.0038733	0.00315776	0.00986841	0.0137434	0.0145181	
0.0210661	0.0144602	0.00276156	-0.00830947	-0.018257	-0.0242626	-0.0276766	-0.0286387	-0.0244091	-0.0186243	-0.0115653	-0.0057637	0.000971845	0.00522651	0.006549	0.00523699	0.00295918	-0.000353468	-0.00582631	-0.00708358	-0.00534953	0.000931912	0.00946493	0.0127923	0.0149056	
0.0172188	0.0100212	-0.000639981	-0.0120172	-0.0217794	-0.0279037	-0.0314492	-0.0320262	-0.0278328	-0.021503	-0.0153343	-0.00820602	-0.00233122	0.00143483	0.0030861	0.000412901	-0.00163861	-0.00504451	-0.00907414	-0.0109086	-0.00837292	-0.000360788	0.00679797	0.0118735	0.0139695	
0.0140932	0.00662709	-0.00465865	-0.016881	-0.0264871	-0.0337463	-0.0378063	-0.0368216	-0.0331773	-0.0267177	-0.019393	-0.0131445	-0.00550025	-0.00138108	-0.000456494	-0.00218336	-0.00366684	-0.00653734	-0.0111295	-0.0120749	-0.00991315	-0.00323233	0.00429116	0.00852344	0.010522	
0.0125553	0.00557449	-0.00571123	-0.0178435	-0.0288629	-0.0354838	-0.0392437	-0.0392232	-0.0349333	-0.0285715	-0.0224659	-0.0154854	-0.00771973	-0.00434328	-0.00285956	-0.0054221	-0.00712609	-0.00997196	-0.0138287	-0.0148245	-0.0128802	-0.00538519	0.000179893	0.00466081	0.0063535	
0.0134657	0.00639151	-0.0050639	-0.0176978	-0.0275702	-0.035192	-0.038919	-0.0386776	-0.0345718	-0.028843	-0.0229308	-0.0151904	-0.00801353	-0.00469117	-0.00421371	-0.00732028	-0.00971364	-0.0124722	-0.0167866	-0.0179821	-0.0163747	-0.0108177	-0.00477352	-0.00114033	0.000650923	
0.0170229	0.00978404	-0.0019913	-0.0146881	-0.0253549	-0.0328152	-0.0373927	-0.0377883	-0.0347756	-0.0287916	-0.0231249	-0.0160399	-0.0084529	-0.00485307	-0.00411777	-0.0074075	-0.00906237	-0.0123559	-0.0163264	-0.0185298	-0.0186372	-0.0130552	-0.00943353	-0.00687062	-0.00546434	
0.0202387	0.0137123	0.0025664	-0.00954556	-0.0206962	-0.0277566	-0.03276	-0.0338389	-0.0312459	-0.0264826	-0.020818	-0.0136454	-0.00678298	-0.00367554	-0.00254893	-0.00625783	-0.00802875	-0.0113743	-0.0175568	-0.0197685	-0.0203101	-0.0168807	-0.0131023	-0.0113337	-0.01031	
0.0220643	0.016254	0.00507028	-0.00648334	-0.0168642	-0.0242805	-0.0292022	-0.031092	-0.0277131	-0.0232941	-0.0176626	-0.0103811	-0.00363193	0.000158603	0.000739668	-0.00154178	-0.00420118	-0.00883215	-0.0155372	-0.0198455	-0.0211158	-0.0189154	-0.0159978	-0.0152158	-0.0138652	
0.0222067	0.0169794	0.0064029	-0.0039239	-0.0146609	-0.022771	-0.0279023	-0.02934	-0.0274091	-0.0224777	-0.0167123	-0.00939332	-0.00188543	0.00197056	0.00398588	0.00222789	0.000603896	-0.0043472	-0.0116751	-0.0160258	-0.01847	-0.0172549	-0.0154401	-0.0153856	-0.01484	
0.0200837	0.015262	0.0068032	-0.00447887	-0.0149252	-0.0222413	-0.0284288	-0.0300667	-0.0278159	-0.0239167	-0.0180117	-0.00984743	-0.0018652	0.00330776	0.0063778	0.00548087	0.00479302	-0.000451258	-0.00784511	-0.0128892	-0.0157745	-0.0145157	-0.0140919	-0.0140531	-0.0146137	
0.0161029	0.0127866	0.00315657	-0.0058784	-0.0165875	-0.0248701	-0.0297366	-0.0323729	-0.0298351	-0.0259442	-0.0195565	-0.0108739	-0.00165122	0.00392792	0.00686591	0.00756732	0.00562708	0.000732314	-0.00768144	-0.0135211	-0.0158583	-0.0159019	-0.0147899	-0.0154738	-0.0151123	
0.0161978	0.0115797	0.00438666	-0.00599211	-0.0166622	-0.0257528	-0.0322024	-0.0342325	-0.0340473	-0.030017	-0.0246567	-0.0157499	-0.00686663	-0.000968405	0.0032021	0.00362685	0.00346478	-0.00139567	-0.00820551	-0.0136568	-0.0157525	-0.0141833	-0.0142973	-0.0139974	-0.0136253	
