-0.022976	-0.022976	-0.0237051	-0.0224566	-0.0238291	-0.0223803	-0.0229518	-0.0221807	-0.0208583	-0.0198139	-0.0151852	-0.0101467	0.000269009	0.0153662	0.0368164	0.0676003	0.105377	0.150508	0.198376	0.242313	0.273283	0.285812	0.268371	0.225019	0.156731	
-0.022976	-0.0230068	-0.0235347	-0.0226713	-0.0236468	-0.0224426	-0.0227866	-0.0218989	-0.0204352	-0.0187191	-0.0136927	-0.00738713	0.00426949	0.0211103	0.0451893	0.0777515	0.118464	0.164231	0.211662	0.253126	0.278091	0.283346	0.257571	0.206447	0.133406	
-0.0235821	-0.0234111	-0.0239875	-0.0227832	-0.0234968	-0.0222617	-0.021853	-0.0213612	-0.0188895	-0.0169843	-0.0114483	-0.00365213	0.0087885	0.0272698	0.0539741	0.0878046	0.130895	0.177691	0.223757	0.262331	0.282516	0.279411	0.246656	0.189874	0.114247	
-0.0222233	-0.0224428	-0.0226824	-0.0222132	-0.022838	-0.0219823	-0.0221422	-0.0210676	-0.0196322	-0.0165389	-0.010915	-0.00224638	0.0120032	0.0321616	0.0609049	0.0973978	0.1426	0.189358	0.235798	0.271306	0.285424	0.277427	0.237653	0.174119	0.0984437	
-0.0235461	-0.0233744	-0.0233708	-0.0228278	-0.0224872	-0.0217564	-0.0207566	-0.0198297	-0.0173042	-0.0137691	-0.00753738	0.0025084	0.017821	0.0389261	0.0705524	0.107509	0.154489	0.202174	0.246161	0.278595	0.288483	0.271899	0.226778	0.158876	0.0794471	
-0.0220985	-0.0221877	-0.0221738	-0.0220112	-0.0217926	-0.021424	-0.0205658	-0.0196618	-0.0173814	-0.0131062	-0.00689766	0.00489788	0.0205494	0.0447752	0.0770656	0.117143	0.165379	0.213089	0.256723	0.285953	0.290633	0.268802	0.218265	0.145107	0.0651188	
-0.0227034	-0.0225536	-0.0218029	-0.0222292	-0.0208313	-0.0206219	-0.0195435	-0.0175814	-0.01575	-0.0102138	-0.00314214	0.00869584	0.0274589	0.0511054	0.0868443	0.127545	0.177017	0.22505	0.266931	0.292853	0.293054	0.26469	0.208965	0.131649	0.0496528	
-0.0219488	-0.0216787	-0.0213339	-0.0211645	-0.0199134	-0.0197258	-0.0175866	-0.0165941	-0.0131094	-0.00768527	-0.000318295	0.0142916	0.0318713	0.0597617	0.0954416	0.138935	0.188985	0.237704	0.277482	0.300254	0.296742	0.261761	0.201712	0.121237	0.037662	
-0.0205249	-0.020112	-0.0188048	-0.0196925	-0.0173465	-0.0173893	-0.0157112	-0.0130048	-0.0108142	-0.00365368	0.00470654	0.0191784	0.0403949	0.0681926	0.106753	0.151814	0.202872	0.251417	0.290468	0.309793	0.301688	0.262733	0.198317	0.114035	0.0299358	
-0.0193302	-0.0182668	-0.0167958	-0.016503	-0.0137182	-0.0130206	-0.0100579	-0.00744533	-0.00349478	0.0038612	0.0131384	0.0295392	0.0509223	0.0812164	0.1209	0.167448	0.218936	0.267915	0.30498	0.320995	0.309864	0.264922	0.197092	0.111478	0.0263644	
-0.0144413	-0.0129776	-0.0110436	-0.0106987	-0.00730392	-0.00660964	-0.00278791	0.000174792	0.00512039	0.0133794	0.0240045	0.0421488	0.065148	0.09817	0.139074	0.188574	0.240253	0.289727	0.325044	0.338921	0.323451	0.275528	0.204249	0.116788	0.0317418	
-0.00911018	-0.0063765	-0.00294666	-0.00172151	0.00305482	0.00555024	0.00943231	0.0151941	0.0200816	0.030227	0.0425995	0.061177	0.0874036	0.120837	0.164532	0.214565	0.267962	0.31613	0.351223	0.361119	0.343233	0.290647	0.217438	0.128475	0.0438668	
0.00165278	0.00564961	0.00987209	0.0128941	0.0187598	0.0216843	0.0287809	0.0334117	0.0420386	0.052428	0.0663871	0.0881695	0.114712	0.152113	0.196586	0.249792	0.302382	0.352851	0.384406	0.393581	0.371659	0.317213	0.240514	0.15222	0.0681659	
0.0170534	0.0228933	0.0288601	0.0336179	0.0404864	0.0466416	0.0532121	0.062114	0.0707443	0.0836795	0.100384	0.12258	0.153139	0.191741	0.238613	0.293106	0.347672	0.396018	0.428704	0.433526	0.410036	0.351665	0.274519	0.18486	0.101571	
0.0388408	0.0473339	0.0559992	0.0628291	0.0726121	0.0795847	0.089807	0.0986581	0.110239	0.12436	0.142213	0.16712	0.198524	0.239658	0.288149	0.343968	0.398388	0.447823	0.47725	0.481372	0.454045	0.394307	0.314065	0.225348	0.142908	
0.0698061	0.0801224	0.0901092	0.0996211	0.109888	0.120045	0.130998	0.142722	0.155952	0.171698	0.192517	0.217829	0.252363	0.294858	0.344652	0.402071	0.456361	0.504537	0.532939	0.533333	0.503324	0.441307	0.359378	0.270625	0.189404	
0.10758	0.12085	0.133291	0.144984	0.157051	0.168507	0.180816	0.193115	0.207292	0.223481	0.244532	0.271505	0.305074	0.349571	0.399177	0.456389	0.510529	0.557086	0.582971	0.58065	0.548022	0.482189	0.399396	0.310003	0.229109	
0.15257	0.166492	0.179953	0.191594	0.204625	0.216087	0.228806	0.24194	0.255865	0.272362	0.293803	0.319469	0.355209	0.397437	0.448057	0.503826	0.556309	0.600404	0.623159	0.616982	0.579541	0.512501	0.425977	0.336467	0.256251	
0.199915	0.213408	0.225472	0.237481	0.248047	0.259003	0.269786	0.280982	0.294284	0.308596	0.328064	0.353443	0.385618	0.428896	0.476245	0.5309	0.580682	0.621581	0.640479	0.629982	0.588975	0.517554	0.429196	0.338923	0.258531	
0.24308	0.254059	0.26312	0.271869	0.279201	0.286831	0.294044	0.301898	0.311855	0.322913	0.339971	0.361161	0.392481	0.431261	0.477918	0.528799	0.5759	0.612907	0.627594	0.612186	0.567075	0.492003	0.401355	0.309725	0.228918	
0.272922	0.277894	0.282037	0.284458	0.287247	0.289418	0.291919	0.295789	0.300879	0.308933	0.321684	0.340324	0.367576	0.404573	0.447369	0.495481	0.539776	0.571997	0.583126	0.563765	0.512508	0.435541	0.341107	0.248489	0.168138	
0.284159	0.281875	0.277532	0.274675	0.268315	0.26481	0.260673	0.257871	0.258728	0.26053	0.270286	0.284151	0.309498	0.34259	0.384019	0.429954	0.470328	0.501352	0.508193	0.485272	0.432064	0.351735	0.255401	0.162907	0.082069	
0.265971	0.255393	0.243759	0.233278	0.220791	0.211296	0.201629	0.194395	0.190903	0.18928	0.195641	0.207585	0.229413	0.262109	0.300548	0.344908	0.384399	0.411764	0.416879	0.39184	0.334932	0.252674	0.156163	0.0618578	-0.0178622	
0.222705	0.204417	0.186291	0.168431	0.150907	0.135527	0.121408	0.110849	0.103563	0.100657	0.105358	0.115949	0.138496	0.170017	0.209582	0.25416	0.293066	0.320389	0.324864	0.298541	0.240561	0.158365	0.060015	-0.0322891	-0.111534	
0.156453	0.13362	0.110811	0.0915965	0.0697106	0.0534338	0.0372039	0.0249691	0.0172499	0.013569	0.018525	0.02982	0.0530685	0.0855799	0.126167	0.172144	0.211507	0.239589	0.243987	0.217327	0.15989	0.077042	-0.0201885	-0.112157	-0.189337	
0.0776016	0.0540486	0.0312304	0.0109591	-0.00901133	-0.0256665	-0.0400417	-0.051608	-0.0575157	-0.0595242	-0.052911	-0.0386961	-0.0142225	0.0213691	0.063806	0.111043	0.153078	0.18187	0.186766	0.161404	0.103835	0.0204915	-0.0753821	-0.166209	-0.243145	
0.000897695	-0.0207093	-0.0411514	-0.058591	-0.0761031	-0.0895038	-0.102052	-0.109461	-0.113899	-0.112111	-0.102992	-0.0861432	-0.0582988	-0.0206141	0.0242313	0.0741215	0.118128	0.147391	0.15517	0.129241	0.0730319	-0.00890514	-0.104613	-0.195049	-0.268892	
-0.0668691	-0.082908	-0.0975974	-0.109995	-0.122278	-0.131598	-0.140025	-0.144126	-0.1452	-0.140962	-0.128727	-0.110001	-0.0784148	-0.0407786	0.00785193	0.0573979	0.103556	0.134354	0.141557	0.117058	0.0616626	-0.0198517	-0.114656	-0.203265	-0.277368	
-0.116884	-0.128145	-0.138648	-0.145075	-0.15346	-0.157894	-0.161215	-0.163159	-0.158079	-0.152392	-0.136046	-0.113703	-0.0812809	-0.0390235	0.00947473	0.0621894	0.108728	0.141529	0.148767	0.126255	0.0696999	-0.00984012	-0.104421	-0.192198	-0.264313	
-0.148906	-0.154224	-0.158921	-0.160795	-0.164058	-0.16381	-0.164879	-0.161753	-0.155494	-0.146741	-0.128031	-0.103889	-0.0696066	-0.025022	0.0238169	0.0791865	0.126674	0.160057	0.169147	0.146931	0.0917426	0.0131498	-0.0802971	-0.166643	-0.237947	
-0.163946	-0.164089	-0.164469	-0.160802	-0.160269	-0.155367	-0.152838	-0.14605	-0.137376	-0.125086	-0.104687	-0.0785479	-0.0414533	0.00306987	0.0544958	0.110555	0.15852	0.193604	0.203583	0.180736	0.127648	0.0489552	-0.0438642	-0.130637	-0.199397	
-0.162566	-0.157777	-0.152137	-0.146214	-0.139545	-0.132347	-0.126011	-0.116468	-0.106205	-0.0909114	-0.0696155	-0.042003	-0.00414809	0.0406742	0.0942169	0.148748	0.199365	0.233587	0.244392	0.222238	0.168288	0.0893723	-0.00334605	-0.0893474	-0.160039	
-0.143171	-0.134258	-0.125781	-0.114917	-0.10707	-0.0968411	-0.0882466	-0.0792457	-0.066281	-0.0519197	-0.0300422	-0.00217903	0.0346277	0.0801137	0.131996	0.187429	0.236203	0.271455	0.280759	0.258982	0.204068	0.124954	0.0310048	-0.0556057	-0.127574	
-0.112913	-0.101112	-0.09039	-0.0779915	-0.0692378	-0.05749	-0.0498497	-0.0399945	-0.0286012	-0.0154214	0.00566587	0.0309083	0.0663585	0.110444	0.159966	0.213094	0.261559	0.294415	0.30346	0.279939	0.224291	0.142343	0.0483337	-0.0414301	-0.114668	
-0.0752506	-0.0644374	-0.0552387	-0.0452799	-0.0378621	-0.0296872	-0.0223718	-0.016206	-0.00634028	0.00442747	0.0231394	0.0464598	0.0795971	0.121897	0.169894	0.22179	0.267459	0.300394	0.308244	0.283325	0.226391	0.144414	0.047452	-0.0438561	-0.117886	
-0.0438861	-0.0365597	-0.0302365	-0.0251806	-0.0206507	-0.0161427	-0.0128797	-0.00803017	-0.0027235	0.00680048	0.0223766	0.0437716	0.0748027	0.115278	0.161674	0.212501	0.257611	0.288765	0.297176	0.271592	0.214261	0.131182	0.0326847	-0.0588146	-0.13644	
-0.0249306	-0.0225346	-0.0224141	-0.019767	-0.0214406	-0.0193419	-0.0193061	-0.0173092	-0.0129239	-0.0055667	0.00891264	0.028724	0.0600088	0.0982364	0.145032	0.196205	0.239861	0.273611	0.280127	0.257037	0.200371	0.117071	0.0182346	-0.0754	-0.154985	
-0.0230212	-0.0243367	-0.0274104	-0.0283735	-0.0319906	-0.0318024	-0.0335236	-0.0313727	-0.0275868	-0.0203571	-0.00607385	0.0141493	0.0441011	0.0835341	0.1299	0.180386	0.227327	0.259492	0.268449	0.246194	0.190535	0.106769	0.00938577	-0.0873442	-0.167479	
-0.0290574	-0.0326271	-0.0370887	-0.0408347	-0.0443187	-0.0468162	-0.0472735	-0.0461935	-0.0411488	-0.0337957	-0.0189252	0.00152243	0.0328097	0.0721288	0.11945	0.171484	0.218346	0.252811	0.264064	0.242969	0.189299	0.107985	0.00852022	-0.0881608	-0.170341	
-0.041387	-0.0445718	-0.0477085	-0.0510711	-0.0534685	-0.0549616	-0.0550798	-0.0525204	-0.0471631	-0.0387169	-0.0239388	-0.00244952	0.0277636	0.0689101	0.115259	0.168664	0.216316	0.251382	0.264877	0.24529	0.193965	0.112873	0.0137654	-0.0832703	-0.168586	
-0.0518179	-0.0548626	-0.0579901	-0.059435	-0.0621988	-0.0615968	-0.0609192	-0.0568733	-0.0500139	-0.0403759	-0.023345	-0.00203015	0.0311099	0.0708363	0.119871	0.174077	0.222034	0.260732	0.274321	0.257725	0.208149	0.127973	0.0298989	-0.068625	-0.155417	
-0.0590217	-0.0605441	-0.0617304	-0.0620328	-0.0628348	-0.0614256	-0.0592839	-0.0544969	-0.0465778	-0.0357712	-0.0186015	0.00537783	0.0368708	0.0790686	0.127419	0.181627	0.231479	0.270675	0.286283	0.27226	0.224111	0.14535	0.0488064	-0.0510787	-0.137968	
-0.0610959	-0.0603758	-0.0592553	-0.0579229	-0.0563825	-0.0539742	-0.0506772	-0.0450021	-0.0369103	-0.0254846	-0.00782448	0.014708	0.0477147	0.0878416	0.136602	0.190104	0.239711	0.27924	0.297168	0.283415	0.237764	0.16042	0.0639627	-0.0360518	-0.124672	
-0.0577886	-0.0556227	-0.0530366	-0.0511689	-0.0476081	-0.0455376	-0.0407902	-0.0359066	-0.0274931	-0.0158839	0.000265337	0.0235218	0.0533593	0.0938334	0.139754	0.192199	0.240701	0.280792	0.299135	0.288014	0.243867	0.167841	0.07181	-0.0284373	-0.119499	
-0.0481053	-0.0463584	-0.0453947	-0.0441571	-0.0427303	-0.0410002	-0.0388386	-0.0344183	-0.0281292	-0.0179692	-0.00241413	0.0178516	0.0480114	0.0855768	0.131139	0.182492	0.230934	0.271465	0.292182	0.282669	0.242318	0.167712	0.0744085	-0.0263753	-0.117894	
-0.044502	-0.0436096	-0.0430568	-0.0440016	-0.0423439	-0.0430279	-0.0408394	-0.0387213	-0.0333679	-0.0243041	-0.011066	0.00940259	0.0367565	0.0737443	0.117756	0.168428	0.217087	0.259582	0.281348	0.277012	0.239152	0.168342	0.076518	-0.0239008	-0.116497	
-0.0479742	-0.0493647	-0.0507263	-0.0524235	-0.0523987	-0.0520949	-0.0504162	-0.0471882	-0.0419012	-0.0323399	-0.0182209	0.00239747	0.030948	0.067691	0.112053	0.163364	0.213617	0.256936	0.283101	0.280981	0.248717	0.180384	0.0914427	-0.00922416	-0.102006	
-0.0540497	-0.0552511	-0.0549708	-0.0573163	-0.0550172	-0.0554465	-0.0517026	-0.0484581	-0.0429406	-0.0329703	-0.0196836	0.00155131	0.0296555	0.0661153	0.111027	0.162373	0.213804	0.259492	0.287228	0.290297	0.26129	0.197607	0.110659	0.0110369	-0.0837224	
-0.0578056	-0.0564122	-0.0544045	-0.05301	-0.0499578	-0.0478906	-0.0440795	-0.0404028	-0.0349847	-0.0259727	-0.0135747	0.00639488	0.0326118	0.0680457	0.111292	0.162274	0.213758	0.260046	0.290693	0.295836	0.271526	0.210956	0.127151	0.027146	-0.0680282	
-0.0560866	-0.0530946	-0.049418	-0.0483408	-0.0425316	-0.0408354	-0.0363884	-0.0328289	-0.0284724	-0.0198585	-0.00895307	0.00925716	0.0339614	0.0668128	0.109306	0.157909	0.209856	0.257029	0.289665	0.298937	0.277941	0.221423	0.140144	0.0406783	-0.0570967	
