-0.012997	-0.0145813	-0.0183125	-0.0211784	-0.0228287	-0.0236285	-0.0246474	-0.0237846	-0.0213332	-0.0186211	-0.0159368	-0.0125859	-0.0106721	-0.00704805	-0.00385345	-0.00221175	-0.00447391	-0.00717194	-0.0140357	-0.0200656	-0.0279847	-0.0378089	-0.0460439	-0.0541586	-0.0567208	
-0.00597502	-0.0077936	-0.0111136	-0.014656	-0.0147736	-0.016241	-0.0169163	-0.0153688	-0.0132879	-0.0106886	-0.00814281	-0.00456301	-0.0029023	0.000720098	0.00404883	0.00434428	0.0023503	-0.000859191	-0.00809216	-0.0143202	-0.0228658	-0.0324662	-0.0412258	-0.0487774	-0.0521684	
-0.000396787	-0.00108163	-0.00399054	-0.00654176	-0.00729388	-0.00813076	-0.00813676	-0.00663885	-0.0040281	-0.00165149	0.00109317	0.00405971	0.00633129	0.00935888	0.0119373	0.0124269	0.00988833	0.00640237	-0.00117572	-0.00789585	-0.0165828	-0.0261814	-0.034529	-0.0429703	-0.0454814	
0.00480501	0.00393463	0.00189272	-0.000505188	-0.000918425	-0.000688058	-0.00142508	0.000796564	0.00302498	0.00573978	0.00854709	0.0122493	0.0139447	0.0168744	0.0195903	0.0199877	0.0169212	0.0141592	0.00547365	-0.00117056	-0.00962071	-0.0192628	-0.0281914	-0.0358483	-0.0400231	
0.00932642	0.00881657	0.00664062	0.00386616	0.00497114	0.00442569	0.00512037	0.00714181	0.0101698	0.0128152	0.0165608	0.0190558	0.0210281	0.0238991	0.0269213	0.0273012	0.0255873	0.021575	0.0141636	0.00650202	-0.00142223	-0.0109065	-0.0194421	-0.0280642	-0.0319824	
0.012518	0.0113739	0.00875486	0.00720163	0.00687569	0.00771019	0.00772513	0.0108718	0.0131049	0.0168596	0.0201464	0.0227703	0.0251502	0.0280518	0.0312223	0.0324031	0.0299532	0.027841	0.0192705	0.0130876	0.00501308	-0.00439528	-0.0135214	-0.0222686	-0.0265093	
0.0117918	0.0108344	0.00890687	0.00594878	0.0068267	0.00711704	0.00847669	0.0113147	0.0151125	0.0180809	0.0215986	0.0246449	0.0270079	0.0301087	0.0338273	0.0350144	0.0330846	0.030436	0.0231978	0.0159215	0.00873519	-0.00105761	-0.0101895	-0.0185566	-0.0228303	
0.00790777	0.00715537	0.00493407	0.00330941	0.00379753	0.00503371	0.00578306	0.00936749	0.0121899	0.0153462	0.0192937	0.0220748	0.0244476	0.027978	0.0314219	0.0328131	0.0317062	0.0289482	0.021542	0.0147989	0.00690787	-0.00221502	-0.0105703	-0.019668	-0.0244212	
0.00408103	0.00282949	0.000929743	-0.000852445	0.000502516	0.00175013	0.00246809	0.00542535	0.00826434	0.011388	0.0149942	0.0178859	0.0207781	0.0236175	0.0273949	0.0297716	0.0281397	0.0259564	0.0187031	0.0112079	0.00413731	-0.00375062	-0.0132911	-0.0216013	-0.0265824	
0.0027383	0.0016786	-0.000511836	-0.00217738	-0.00127522	-0.000193873	0.000390205	0.00327152	0.00620653	0.00897362	0.0126923	0.015615	0.0186161	0.0215058	0.0254339	0.0276755	0.0266599	0.0245538	0.0177777	0.0107449	0.00430984	-0.00438058	-0.0135558	-0.0223458	-0.0274268	
0.00237951	0.000669608	-0.00160141	-0.00326889	-0.00324322	-0.00252484	-0.00154932	0.00126937	0.00426097	0.00689401	0.0105319	0.0134254	0.0168018	0.0195268	0.0235562	0.0254341	0.0246542	0.0229808	0.0164018	0.00959713	0.00283953	-0.00594164	-0.0150521	-0.0240004	-0.0295095	
0.0015709	0.000354172	-0.00154126	-0.00353641	-0.00349888	-0.00245574	-0.002213	0.000596586	0.00338739	0.00578258	0.00944796	0.0123586	0.0150934	0.0179014	0.0208113	0.0230509	0.0224809	0.020986	0.0147301	0.00763085	0.000620107	-0.00738157	-0.0166199	-0.0258702	-0.0316641	
0.00154295	-0.000212562	-0.00245556	-0.00389749	-0.00360405	-0.00381129	-0.00288356	-0.000640512	0.00156471	0.00436537	0.00812335	0.0101698	0.0128931	0.0150999	0.017931	0.0203379	0.0209668	0.0189861	0.0138046	0.00608386	-0.000501026	-0.00840786	-0.0180204	-0.0266608	-0.0332199	
0.00299341	0.00138998	-0.00104606	-0.0014106	-0.00225552	-0.00140084	-0.00115411	0.000828658	0.00271423	0.00566875	0.00896096	0.0105777	0.0137322	0.0150354	0.0182826	0.0210046	0.0211702	0.0203291	0.0147892	0.00781845	0.000852828	-0.00686618	-0.0163759	-0.0256638	-0.0323166	
0.00495949	0.00302046	0.00234529	0.000545986	0.000461812	0.000482332	0.00149216	0.00254734	0.00545293	0.00732254	0.0102642	0.011883	0.0145299	0.0162311	0.0194481	0.0222271	0.0225586	0.0215295	0.0163881	0.00914464	0.00275172	-0.00511381	-0.0148077	-0.0242173	-0.0318903	
0.00553636	0.00475224	0.00286593	0.00238293	0.00161356	0.00168796	0.00201594	0.00365894	0.00554419	0.00727232	0.0104863	0.0115027	0.014162	0.0161762	0.0188506	0.021809	0.0229124	0.0214022	0.0171668	0.0102586	0.00408267	-0.00417166	-0.0135142	-0.0239392	-0.0309912	
0.00796267	0.00573356	0.00464816	0.00330367	0.00243836	0.00248662	0.0029264	0.00438979	0.00599412	0.00849193	0.0110184	0.0126828	0.0153603	0.0169948	0.0197362	0.0231555	0.0241494	0.0233648	0.0195308	0.0127163	0.00605656	-0.00122094	-0.0119199	-0.020797	-0.0292064	
0.0102515	0.00794876	0.00643149	0.00544403	0.00410828	0.00354483	0.00422091	0.00505667	0.00714898	0.00934631	0.0128595	0.0140089	0.0171641	0.0184643	0.0211708	0.0241401	0.0261399	0.0252955	0.0220849	0.0151025	0.00906701	0.00122748	-0.00878744	-0.0185872	-0.0266185	
0.010719	0.00787796	0.00626283	0.00538234	0.00328886	0.00341253	0.00359431	0.00486654	0.00631953	0.00870581	0.0118653	0.0135829	0.0168948	0.0186122	0.0212022	0.0240254	0.0262373	0.0256017	0.0220584	0.0160659	0.0100612	0.00235857	-0.0075448	-0.0170038	-0.0249675	
0.00901144	0.00620688	0.00524907	0.00348842	0.0019986	0.000686149	0.00177501	0.00205073	0.00433249	0.00632405	0.00982658	0.0113542	0.0146449	0.0166344	0.018644	0.0223086	0.0248667	0.0240805	0.0219206	0.0154394	0.00952194	0.00192367	-0.0076745	-0.0166924	-0.0249296	
0.00649942	0.00321158	0.0015864	0.00113382	-0.00138768	-0.00176094	-0.0014457	-0.000565941	0.000639096	0.0036719	0.00658457	0.00877205	0.0122918	0.0143145	0.0167934	0.0200721	0.0233414	0.0226021	0.0207258	0.0144592	0.00830692	0.00131792	-0.00816637	-0.0170652	-0.0255189	
0.00331678	0.000291268	-0.00057593	-0.00166546	-0.0039585	-0.0048549	-0.00472713	-0.00412856	-0.00217196	0.000473992	0.00367154	0.00608399	0.0093003	0.0115829	0.0138971	0.0176155	0.0208962	0.0208625	0.0189631	0.0132926	0.00716436	0.00041274	-0.00925192	-0.0179911	-0.0264975	
0.000966407	-0.00183411	-0.00304797	-0.00419368	-0.00654869	-0.00792336	-0.00769784	-0.00740195	-0.00572713	-0.00327525	-0.000339782	0.00200629	0.0053992	0.0079296	0.0105116	0.0144954	0.0183069	0.0182047	0.0174963	0.0121081	0.00628839	-0.000408404	-0.00965569	-0.0186697	-0.0269755	
0.000765738	-0.00239058	-0.00429776	-0.00439138	-0.00713481	-0.00867444	-0.00788849	-0.00757248	-0.00664676	-0.00395402	-0.00164522	0.00061222	0.00408729	0.00702752	0.00977232	0.0137181	0.018011	0.017898	0.0177681	0.0125152	0.00711469	0.000500287	-0.00844645	-0.0171698	-0.0262123	
-2.67944e-05	-0.00223532	-0.00297002	-0.00341945	-0.00605083	-0.00716931	-0.00672926	-0.00697478	-0.00544233	-0.00328008	-0.00111421	0.00150139	0.0047729	0.00743535	0.0102693	0.0140849	0.0181708	0.0187386	0.0180383	0.0137709	0.00777328	0.00145166	-0.00746849	-0.0164344	-0.0256454	
0.000605628	-0.00183664	-0.00231825	-0.00235522	-0.00418856	-0.00552878	-0.0040288	-0.00468828	-0.00411933	-0.00170575	-4.75937e-05	0.0025796	0.00598987	0.00902465	0.0113336	0.015147	0.0192301	0.0192192	0.0189686	0.014787	0.00857405	0.00264853	-0.0060757	-0.0145087	-0.0239999	
-0.00020785	-0.00139141	-0.00223252	-0.00123213	-0.00268458	-0.00307368	-0.00279761	-0.00323199	-0.00296584	-0.000787163	0.00109266	0.00452029	0.00748772	0.0107863	0.0130534	0.0163492	0.0203096	0.0210194	0.0204819	0.0169947	0.0111523	0.00458564	-0.00291733	-0.0120749	-0.0210765	
-0.000469133	-0.00263619	-0.00206687	-0.00137917	-0.00236318	-0.00305825	-0.00179526	-0.00276312	-0.00176837	0.00090995	0.00250884	0.00627933	0.00941063	0.0123947	0.0144495	0.0177853	0.0214082	0.0216577	0.0218878	0.0182862	0.0123123	0.00657087	-0.00139551	-0.00965597	-0.018644	
-0.00319297	-0.00430971	-0.00457043	-0.00343176	-0.00441444	-0.0049623	-0.00398912	-0.00381369	-0.00287994	-0.000454612	0.00207902	0.00560824	0.00864581	0.0116905	0.0136191	0.0163251	0.0195545	0.0198929	0.0196569	0.0164891	0.010567	0.00464959	-0.00239903	-0.010747	-0.0195867	
-0.00496296	-0.00555586	-0.00491827	-0.00499588	-0.00559884	-0.00598516	-0.0050192	-0.00487201	-0.00349045	-0.000919944	0.00114813	0.00562257	0.00788621	0.0110862	0.0128214	0.0153718	0.0180666	0.0186173	0.0182816	0.0153536	0.0096567	0.00376689	-0.00290416	-0.0111305	-0.0202839	
-0.00469242	-0.00557845	-0.00564448	-0.00565859	-0.0061517	-0.00661734	-0.00549133	-0.00490538	-0.00384334	-0.00110249	0.00100275	0.00512849	0.00770026	0.0109134	0.0127033	0.0155554	0.0178251	0.018827	0.0185769	0.0163637	0.0107392	0.00495133	-0.00197895	-0.00996552	-0.0192644	
-0.00436497	-0.00433222	-0.00483379	-0.00467675	-0.0047782	-0.00429603	-0.00397531	-0.00286774	-0.00178466	8.82701e-05	0.0022606	0.00620826	0.00868492	0.0115104	0.014069	0.0160041	0.0185906	0.020044	0.0198626	0.0183053	0.013097	0.00660362	0.000216291	-0.00834651	-0.0173801	
-0.00425576	-0.00472979	-0.00443951	-0.00471967	-0.00356983	-0.00376369	-0.00274315	-0.00218126	-0.00106641	0.000591111	0.00261374	0.00648471	0.00830118	0.0113603	0.0129445	0.0154436	0.0173622	0.0198763	0.0198902	0.0187685	0.0135912	0.00697556	0.000348638	-0.00748441	-0.0170602	
-0.00488557	-0.00494411	-0.0054851	-0.00502613	-0.00446513	-0.00325062	-0.00351019	-0.00198042	-0.00158685	0.000432088	0.00227672	0.00588589	0.00786476	0.0099727	0.0123934	0.0142662	0.0162336	0.0197294	0.0196269	0.0193051	0.0140145	0.00746957	0.00115406	-0.00677904	-0.015464	
-0.00316526	-0.00314827	-0.00329657	-0.00355503	-0.00214402	-0.00172708	-0.0011687	-0.000171149	0.00108846	0.00225861	0.00492234	0.00754355	0.00933394	0.0118369	0.0140129	0.0157887	0.0184745	0.0212705	0.0221467	0.0216193	0.0173109	0.0102672	0.00504758	-0.00338561	-0.0121368	
-0.00418916	-0.00420537	-0.00406141	-0.00474057	-0.00314466	-0.00233271	-0.00255336	-0.00143338	-5.15141e-05	0.00142631	0.00367294	0.00687657	0.0088311	0.0108947	0.0136829	0.0157996	0.0173375	0.0219466	0.022161	0.0226665	0.0187361	0.0122867	0.00627118	-0.00111397	-0.010337	
-0.00591	-0.00577755	-0.00568789	-0.00570313	-0.00421866	-0.00344832	-0.0037849	-0.00261453	-0.00183076	-0.000426925	0.00179662	0.00426016	0.00646599	0.00875557	0.0115633	0.0131893	0.0157329	0.019496	0.0206255	0.0216613	0.0181703	0.0120002	0.0067857	-0.000929829	-0.00922567	
-0.00820621	-0.00817354	-0.00787067	-0.00813957	-0.00578009	-0.00529917	-0.0060643	-0.00521223	-0.00421999	-0.00363742	-0.000683328	0.00175096	0.00420763	0.00698497	0.00980009	0.0112621	0.0133192	0.0172227	0.0187233	0.0198312	0.0174167	0.0113095	0.00660671	-0.000558152	-0.00848697	
-0.0076844	-0.00806578	-0.00769617	-0.00773279	-0.00626391	-0.00528759	-0.00641376	-0.00616376	-0.00506364	-0.00408894	-0.00193806	0.000924473	0.00408197	0.00615873	0.00973278	0.0114407	0.0125393	0.0172657	0.0189339	0.0198414	0.0179308	0.0126406	0.00739395	0.00150335	-0.00605464	
-0.00551888	-0.00634544	-0.00674711	-0.00672556	-0.00490101	-0.0048741	-0.00546208	-0.00466018	-0.00392682	-0.00358621	-0.000798576	0.00096199	0.00396033	0.0072462	0.0102897	0.0118638	0.0141828	0.0176467	0.0197918	0.0209206	0.0192943	0.0146166	0.0106054	0.00453389	-0.0023927	
-0.00574417	-0.00721675	-0.00703335	-0.00731431	-0.0058523	-0.00477151	-0.0060886	-0.00540195	-0.00445178	-0.00392242	-0.00207037	0.00034299	0.00363587	0.00596996	0.00959957	0.0111871	0.0127106	0.0168772	0.0196248	0.0206083	0.020202	0.0165617	0.0116124	0.00631493	-0.000371345	
-0.00636765	-0.00824651	-0.00881666	-0.00789944	-0.00707295	-0.00638005	-0.00666037	-0.00646474	-0.00538703	-0.00507936	-0.0025868	-0.00111431	0.00236801	0.00512817	0.00777033	0.0100331	0.0114094	0.0152419	0.0187251	0.019941	0.0203482	0.0167866	0.0121842	0.00655214	-9.06144e-05	
-0.00668864	-0.00920173	-0.0092686	-0.00883947	-0.00713633	-0.00657738	-0.00727889	-0.00678522	-0.00626335	-0.00559412	-0.00348663	-0.00160967	0.00172701	0.00442714	0.00745385	0.00879126	0.0109712	0.0139517	0.0180329	0.0198528	0.0201081	0.0180004	0.0126776	0.00743362	0.00100551	
-0.00596279	-0.00900268	-0.00935247	-0.00838532	-0.00794371	-0.00717473	-0.00766756	-0.00760259	-0.00693526	-0.00616246	-0.00445438	-0.002818	0.00049352	0.0032921	0.00589034	0.00810609	0.0100808	0.0132277	0.0178464	0.0195189	0.020979	0.0191808	0.0143775	0.00941059	0.00354751	
-0.00418537	-0.00772537	-0.00899035	-0.00799961	-0.00791021	-0.00747336	-0.00716397	-0.00702935	-0.006616	-0.00602546	-0.00465763	-0.00403865	-0.00075791	0.0020385	0.00444673	0.00746911	0.00975916	0.0127082	0.0174128	0.0193235	0.0210624	0.0204567	0.0163253	0.0121762	0.00716856	
-0.00312017	-0.00747718	-0.0082007	-0.00819731	-0.00767503	-0.00730201	-0.00687337	-0.00690952	-0.00690361	-0.00593031	-0.00582208	-0.00474317	-0.00216359	0.000397186	0.00338967	0.00571524	0.0092209	0.0112725	0.0166326	0.0188722	0.0206217	0.0214307	0.017067	0.0138263	0.00926365	
-0.00314708	-0.00731356	-0.00937445	-0.00833215	-0.00880001	-0.00818944	-0.00724609	-0.00736538	-0.00724639	-0.00683168	-0.00618572	-0.00561403	-0.0032997	0.000247212	0.00225741	0.00546535	0.00832207	0.0107565	0.0155119	0.0181421	0.0208719	0.021233	0.0184961	0.0151227	0.0110907	
-0.00217894	-0.00638337	-0.00769942	-0.00729667	-0.00758933	-0.00687523	-0.00597362	-0.00676177	-0.00705958	-0.00618161	-0.00680582	-0.00575442	-0.00301101	-0.000529314	0.00209196	0.00518595	0.00777649	0.0100348	0.0150931	0.0178925	0.0204722	0.0226572	0.0191027	0.0167294	0.0130999	
-0.00326604	-0.00660745	-0.00824784	-0.00777789	-0.00790275	-0.00774074	-0.00658628	-0.00698632	-0.00723632	-0.0071302	-0.0071458	-0.00611558	-0.00483426	-0.000932832	0.0011829	0.00385506	0.00765662	0.00930261	0.0136523	0.0175807	0.0206388	0.0224951	0.0211117	0.018547	0.0147105	
-0.00302181	-0.00547498	-0.00694657	-0.00654273	-0.00703516	-0.00633618	-0.00505228	-0.00572707	-0.00589672	-0.00586933	-0.0068439	-0.0061143	-0.00488368	-0.00236668	-9.90578e-05	0.00340217	0.00618849	0.0087487	0.0125827	0.0166407	0.0204083	0.023181	0.0221842	0.0201631	0.0169593	
