-0.0615694	-0.0507694	-0.0467219	-0.0412269	-0.0367948	-0.0326776	-0.029021	-0.025393	-0.0212694	-0.0177489	-0.0132555	-0.00879628	-0.00384936	0.00160924	0.00633095	0.0105071	0.0141599	0.0164879	0.0190845	0.0214557	0.0234395	0.025765	0.0270568	0.029358	0.0327261	
-0.0622287	-0.0579637	-0.0539838	-0.0491136	-0.044473	-0.0403017	-0.0363674	-0.0329572	-0.0288746	-0.0247739	-0.0202413	-0.0156346	-0.0112514	-0.00651736	-0.00146074	0.00270715	0.00681708	0.00952996	0.0122738	0.0153981	0.0171786	0.0198117	0.0217308	0.0244144	0.0283176	
-0.0599891	-0.057014	-0.0543964	-0.0511202	-0.0468628	-0.0433734	-0.0401987	-0.0375341	-0.0344106	-0.0305291	-0.0261263	-0.0220575	-0.0179963	-0.0147137	-0.00995126	-0.0051818	-0.00161013	0.00195937	0.00462335	0.00745486	0.00985117	0.0118074	0.0136731	0.0168745	0.020094	
-0.052111	-0.0502152	-0.04832	-0.0464299	-0.0431394	-0.0405028	-0.0386577	-0.0363889	-0.0347418	-0.0315838	-0.0272286	-0.0242001	-0.0215203	-0.0198487	-0.0167616	-0.0126416	-0.00962456	-0.00722242	-0.00455194	-0.00269133	-0.000755272	0.00145463	0.00211559	0.00570719	0.00820096	
-0.0386451	-0.0370085	-0.0365358	-0.0347253	-0.0333956	-0.0311756	-0.0309237	-0.0303441	-0.0291162	-0.0279082	-0.0238898	-0.0222816	-0.0213665	-0.0218523	-0.0202819	-0.017988	-0.015972	-0.0144962	-0.0142644	-0.0123134	-0.0117649	-0.0100707	-0.00902205	-0.00678993	-0.00418816	
-0.0206755	-0.020097	-0.0202066	-0.0199109	-0.0191117	-0.0199742	-0.0198832	-0.0208764	-0.0218834	-0.0206109	-0.0186738	-0.0177512	-0.0188765	-0.0207491	-0.0202699	-0.0194539	-0.0172794	-0.0176524	-0.0176986	-0.0166652	-0.0180069	-0.0160625	-0.0167557	-0.0163848	-0.0153786	
-0.00379548	-0.00279008	-0.00396258	-0.00428807	-0.00412079	-0.00557854	-0.00615155	-0.00891253	-0.00988391	-0.00885116	-0.008309	-0.00823739	-0.0102051	-0.0145396	-0.0148038	-0.015082	-0.0156661	-0.0158761	-0.0187218	-0.0195982	-0.0212366	-0.0217927	-0.0224774	-0.0235196	-0.0245259	
0.0140473	0.0145663	0.0147938	0.0134634	0.013398	0.011392	0.00919388	0.00664229	0.00415897	0.00455	0.00431636	0.00279678	-0.000977037	-0.00626587	-0.00822244	-0.00960666	-0.0112897	-0.0132318	-0.0157976	-0.0189927	-0.0216106	-0.0220771	-0.0246201	-0.0256546	-0.0286427	
0.026613	0.0284362	0.0278471	0.0270502	0.0257528	0.0253017	0.0214992	0.0186592	0.0171442	0.0159498	0.0167468	0.0138872	0.00970707	0.00373012	0.00132258	-0.00136014	-0.00371865	-0.00593166	-0.0106309	-0.0135568	-0.0183214	-0.0196031	-0.0215931	-0.0241632	-0.0275778	
0.033993	0.0358585	0.0358794	0.034684	0.0342392	0.0321498	0.0297907	0.0273109	0.0248216	0.024834	0.0254743	0.0226341	0.0182792	0.0127063	0.00969525	0.00658515	0.00490076	0.00152244	-0.00199096	-0.00516207	-0.011593	-0.0120463	-0.0153736	-0.0184229	-0.0227999	
0.0349738	0.0384745	0.038167	0.0378796	0.0379717	0.0362718	0.0354371	0.0317702	0.0304468	0.0310422	0.0308248	0.0293101	0.0251115	0.0183788	0.0154987	0.0124102	0.00920848	0.00708568	0.00300093	-0.000514478	-0.00565237	-0.00742512	-0.00941855	-0.0116149	-0.0157553	
0.0325582	0.0354514	0.0367302	0.0360807	0.0367938	0.0354687	0.0345749	0.0320916	0.0296883	0.0304663	0.0309411	0.0298064	0.0256015	0.0195779	0.0166578	0.0143625	0.0115118	0.00984328	0.00720812	0.00377731	0.00042447	-0.00108019	-0.00274301	-0.00375084	-0.00752647	
0.025205	0.0288587	0.0291625	0.0293032	0.029856	0.0301418	0.028836	0.027038	0.0254205	0.0264741	0.0282007	0.0276885	0.024107	0.0178698	0.0160386	0.0132299	0.0118147	0.010089	0.00738167	0.00630926	0.00273172	0.00292213	0.00235444	0.00169158	-0.000347238	
0.0177853	0.0208614	0.0219216	0.021869	0.0228084	0.0229056	0.0223833	0.0206723	0.018792	0.0200701	0.0224962	0.0216807	0.0184461	0.0125497	0.0106476	0.00877234	0.00822998	0.00694999	0.00520115	0.00567253	0.00337578	0.0053829	0.00548965	0.00606312	0.00494781	
0.00965215	0.0131111	0.0131587	0.0134944	0.014385	0.0150738	0.0149688	0.0125661	0.0121428	0.0130846	0.0153773	0.0157588	0.0121409	0.00642004	0.00480313	0.00380394	0.00326682	0.00257852	0.00149295	0.00218295	0.00172723	0.00467384	0.00566326	0.0075409	0.0070187	
0.00261965	0.00530816	0.00585564	0.00553474	0.00666055	0.00758378	0.00744754	0.00620626	0.00553135	0.00629986	0.00944478	0.00911675	0.00557654	0.00081064	-0.00159566	-0.00124435	-0.00235021	-0.0020932	-0.00303652	-0.0022368	-0.000457392	0.00205055	0.00523745	0.00688471	0.00727655	
-0.00325785	-0.000166268	-9.44247e-05	-0.000452627	0.00102913	0.00130436	0.00125758	0.000838857	-0.000620336	0.00144654	0.00333441	0.00316909	-0.000306999	-0.00559785	-0.0067454	-0.00744616	-0.0066553	-0.00712274	-0.00687182	-0.00512946	-0.00428132	0.000739226	0.00370407	0.00579502	0.00633293	
-0.00724884	-0.00479084	-0.00429104	-0.00491072	-0.00340014	-0.00345133	-0.00272756	-0.00383398	-0.00472677	-0.0024469	-0.00138956	-0.00160179	-0.00492016	-0.0102481	-0.0111279	-0.0114776	-0.0106628	-0.0098537	-0.0094122	-0.00804582	-0.00659069	-0.00189322	0.00137175	0.00398288	0.00402905	
-0.00964461	-0.00748663	-0.00731694	-0.00682279	-0.00567447	-0.00486605	-0.00486108	-0.00583292	-0.00593962	-0.00456422	-0.00299899	-0.00342376	-0.00752942	-0.0126581	-0.0139722	-0.0148161	-0.0137015	-0.0127434	-0.0122553	-0.0113868	-0.0104683	-0.00569126	-0.0025815	0.000497934	0.000740157	
-0.00847604	-0.00720804	-0.00725394	-0.00646413	-0.00569123	-0.00507466	-0.00543628	-0.00711093	-0.00725905	-0.0063791	-0.00433999	-0.00571939	-0.00953919	-0.0143294	-0.0166884	-0.0160314	-0.0156969	-0.0135422	-0.0135981	-0.0128805	-0.0117138	-0.00888785	-0.00433581	-0.00310348	-0.00184495	
-0.00613303	-0.00507341	-0.00452043	-0.00463976	-0.00376114	-0.00355393	-0.00469796	-0.00637795	-0.00778665	-0.00656279	-0.00519001	-0.0063873	-0.0103271	-0.015214	-0.0166187	-0.0162091	-0.0145404	-0.0130191	-0.0127562	-0.0120372	-0.0122144	-0.00928108	-0.00623409	-0.00510533	-0.00447191	
-0.00424978	-0.00288948	-0.00247196	-0.00280831	-0.0017408	-0.00172643	-0.00251349	-0.00498972	-0.00582452	-0.00431303	-0.00319652	-0.00291623	-0.00742019	-0.0120479	-0.013349	-0.0130521	-0.0115477	-0.0109116	-0.0110549	-0.0116677	-0.0122924	-0.0107203	-0.00910353	-0.00791292	-0.00803215	
-0.00173165	0.000196827	0.00091621	0.000577003	0.00126858	0.00122968	-0.000386098	-0.00214923	-0.00409643	-0.00269176	-0.000907485	-0.00137475	-0.0053444	-0.00988961	-0.0108428	-0.0101815	-0.00849931	-0.0078971	-0.0086218	-0.00918305	-0.010296	-0.00968079	-0.00862694	-0.00830811	-0.00866895	
-0.00163694	0.000888851	0.00124604	0.000764475	0.00141011	0.00034412	-0.000558632	-0.00304776	-0.00471913	-0.00277929	-0.00111081	-0.000600388	-0.00339514	-0.00698405	-0.00708486	-0.00535723	-0.00374952	-0.00324045	-0.00412423	-0.00511399	-0.00653258	-0.00696027	-0.00677404	-0.00770919	-0.00850752	
-0.00416493	-0.00141588	-1.65048e-05	-0.0011388	-0.000429616	-0.00148185	-0.00268938	-0.00461608	-0.00598053	-0.00345625	-0.00161806	-0.000288441	-0.00224758	-0.00487188	-0.00411564	-0.00214827	-0.0003591	0.00014723	-0.00107442	-0.00212783	-0.00367524	-0.00474356	-0.00503944	-0.00682963	-0.00777998	
-0.0054988	-0.00289119	-0.002481	-0.00249068	-0.00323689	-0.0044812	-0.00608467	-0.00871181	-0.00887633	-0.00695445	-0.00453275	-0.00228182	-0.00400007	-0.0053819	-0.00389221	-0.00181796	0.000711045	0.00165899	0.000345698	-0.00051578	-0.00206181	-0.00321117	-0.00383937	-0.00544848	-0.00665673	
-0.0068764	-0.00499567	-0.00427454	-0.00517623	-0.00603162	-0.0078215	-0.0102671	-0.0127241	-0.0138792	-0.0110241	-0.00838167	-0.00628999	-0.00623146	-0.00768933	-0.00595533	-0.00299265	-0.000548525	0.00120286	0.000108734	-0.000313818	-0.00220749	-0.00331383	-0.0031803	-0.00587169	-0.00596349	
-0.00710029	-0.00550252	-0.00516377	-0.00696948	-0.00809635	-0.0107644	-0.0137341	-0.0170943	-0.0175234	-0.0152879	-0.0120685	-0.00895497	-0.00932554	-0.00976488	-0.00792501	-0.00498543	-0.00196094	0.00023521	-0.000727873	-0.00119027	-0.0029354	-0.00434122	-0.00443528	-0.00661312	-0.007429	
-0.00437366	-0.00336991	-0.00287492	-0.00534802	-0.00671384	-0.00984312	-0.0135033	-0.0165356	-0.0184851	-0.0153179	-0.0131781	-0.00974036	-0.0102732	-0.0114653	-0.00949291	-0.00749352	-0.00362472	-0.0022426	-0.0024818	-0.00293074	-0.00543736	-0.00568276	-0.00593553	-0.00775193	-0.00809417	
-0.00300792	-0.00178861	-0.00204307	-0.00432987	-0.00620544	-0.00918108	-0.0124833	-0.0160697	-0.0178783	-0.0151665	-0.0119378	-0.00894691	-0.00880594	-0.0101748	-0.00839113	-0.00622842	-0.00311952	-0.000358586	-0.0015369	-0.00240076	-0.00458964	-0.00626279	-0.00667427	-0.00831471	-0.00966403	
-0.00274287	-0.000934385	-0.00122141	-0.00400498	-0.00472629	-0.00793759	-0.0111358	-0.0147397	-0.0168484	-0.0134028	-0.0108554	-0.00754495	-0.00695745	-0.0082922	-0.00638919	-0.00391895	-0.000597806	0.00134743	0.00124039	0.000144158	-0.00318699	-0.00393586	-0.00476347	-0.00752334	-0.00890392	
-0.00306163	-0.00160715	-0.00152232	-0.00342398	-0.00404489	-0.00687826	-0.00951022	-0.0127594	-0.0137584	-0.0112687	-0.00831798	-0.00547142	-0.00561707	-0.00613765	-0.00468064	-0.00239742	-6.57794e-05	0.00243052	0.0015449	0.000835752	-0.00104362	-0.00293251	-0.00242494	-0.00476549	-0.00643167	
-0.00597342	-0.00457974	-0.00474657	-0.00517913	-0.00614794	-0.00855857	-0.0108275	-0.0137727	-0.0149137	-0.0114855	-0.00908588	-0.0059959	-0.00539928	-0.00646919	-0.00349693	-0.00175455	0.00133027	0.00332274	0.00322273	0.00355485	0.00101442	0.000911423	0.000408257	-0.00150502	-0.00331928	
-0.00839724	-0.00686688	-0.00601958	-0.0071114	-0.0076764	-0.0100705	-0.0125243	-0.0157482	-0.0167651	-0.0139726	-0.0105224	-0.0084689	-0.00766292	-0.0079238	-0.00574477	-0.00298092	-0.000816809	0.00208377	0.00209282	0.00324846	0.00241905	0.00241237	0.00347447	0.00166934	0.000405452	
-0.00908711	-0.00727636	-0.00659534	-0.00726046	-0.00779157	-0.009931	-0.0124477	-0.0159757	-0.0166571	-0.0144227	-0.0119296	-0.00948768	-0.0100034	-0.0104299	-0.00809664	-0.00652914	-0.00431811	-0.00213459	-0.00149944	0.000400309	-2.48899e-05	0.00171153	0.00350532	0.00277165	0.00233267	
-0.00879553	-0.00747162	-0.00630118	-0.00753773	-0.00835905	-0.0101365	-0.0128085	-0.0156796	-0.0174239	-0.014715	-0.0126354	-0.0104409	-0.0104276	-0.0116565	-0.0092904	-0.00847263	-0.00653113	-0.00484457	-0.00427257	-0.00209313	-0.00202574	0.000417968	0.0021839	0.00295242	0.00237494	
-0.00708687	-0.00434937	-0.00434047	-0.00579709	-0.00644722	-0.00886387	-0.0114566	-0.014921	-0.0167951	-0.0151526	-0.0128664	-0.0109352	-0.0111687	-0.0128408	-0.011204	-0.00971033	-0.00818642	-0.00612162	-0.00501046	-0.0027926	-0.00211014	0.000731022	0.00285322	0.00370428	0.00332995	
-0.00638901	-0.00430878	-0.00387652	-0.00590785	-0.00636359	-0.00776681	-0.0102359	-0.0129102	-0.0147279	-0.0130721	-0.00994353	-0.0081408	-0.00884433	-0.010201	-0.00963855	-0.00849217	-0.00694847	-0.005681	-0.00486269	-0.00314179	-0.00294183	-0.000576881	0.00212327	0.00277954	0.00295158	
-0.00549191	-0.00345307	-0.00382054	-0.0049902	-0.00512226	-0.00692889	-0.00849569	-0.0113529	-0.0132997	-0.0108348	-0.00860992	-0.00651334	-0.00718944	-0.00934978	-0.00813256	-0.00721635	-0.00590099	-0.00397569	-0.00291732	-0.00179749	-0.00103617	0.00113853	0.00334828	0.00434371	0.00339153	
-0.00590883	-0.00357533	-0.00392038	-0.00515471	-0.0055245	-0.00636275	-0.00811205	-0.0103593	-0.0112998	-0.0095116	-0.00634424	-0.00534	-0.00567404	-0.00771257	-0.0071517	-0.00620784	-0.00483677	-0.00295313	-0.00220077	-0.000915274	-0.000933709	0.00158951	0.00384426	0.00487901	0.0040853	
-0.00480619	-0.00327779	-0.00356564	-0.00472797	-0.00456661	-0.00601693	-0.00714046	-0.00933874	-0.010134	-0.008303	-0.00607611	-0.00479532	-0.00570306	-0.00737809	-0.00737742	-0.00607911	-0.00495778	-0.00296365	-0.00133017	-0.000331745	5.7135e-06	0.00258766	0.00554369	0.00557938	0.00528089	
-0.00483803	-0.00358016	-0.00398225	-0.0051469	-0.00582184	-0.00611386	-0.00720401	-0.00926594	-0.00936954	-0.00762492	-0.0054168	-0.00390664	-0.00467321	-0.00662658	-0.00562202	-0.00522328	-0.00408118	-0.00136959	-0.000978096	0.000501509	0.00121487	0.00292766	0.00556406	0.00628673	0.00470303	
-0.00501085	-0.00318673	-0.00378923	-0.00511258	-0.00509404	-0.00602376	-0.0066284	-0.00778127	-0.00883261	-0.00633869	-0.00405925	-0.00260553	-0.00322698	-0.00519581	-0.00446572	-0.00385304	-0.00226771	-0.00158696	-0.000250307	0.000883122	2.13154e-05	0.00329017	0.00451678	0.00505346	0.00408329	
-0.00267147	-0.00114346	-0.00143939	-0.00327855	-0.00362867	-0.00388998	-0.00494327	-0.00685531	-0.00711827	-0.0059582	-0.00296228	-0.00139141	-0.00243459	-0.00400678	-0.00386477	-0.00270994	-0.00247118	-0.000902168	-0.000941366	0.000321226	0.000734857	0.00176241	0.00430229	0.00361974	0.00288564	
-0.00113399	0.000653931	0.000302759	-0.000840194	-0.000923755	-0.00181149	-0.00265336	-0.00409535	-0.005513	-0.00307606	-0.000847602	0.00129786	0.000106515	-0.00233988	-0.00145236	-0.00177784	-0.000839431	-0.000922721	-0.000931966	-0.000230876	-0.000734321	0.00142793	0.00205019	0.00257889	0.00154096	
0.00123493	0.00284064	0.00245258	0.000956102	0.00112166	0.000396036	-0.000832496	-0.00264288	-0.00383749	-0.00165987	0.00145351	0.0033343	0.00289292	0.000678251	0.000938939	0.00184344	0.00220264	0.00209619	0.00135417	0.00121441	0.000502713	0.00158701	0.00166621	0.00153696	0.000750839	
0.00385798	0.00572587	0.00571228	0.00533929	0.005161	0.00424913	0.00310674	0.000776987	0.000131103	0.00168769	0.00510339	0.00725163	0.00604697	0.00404589	0.00384924	0.00445822	0.00466	0.00437957	0.00311458	0.00268188	0.00180348	0.00208749	0.00205567	0.00110097	0.000567697	
0.00526921	0.00713482	0.00818596	0.00813326	0.0087323	0.00824483	0.00698811	0.0057032	0.00458909	0.00712009	0.0100286	0.012257	0.0116761	0.00841771	0.00846936	0.00819226	0.00786398	0.00696773	0.00467144	0.00326726	0.00184351	0.00167225	0.000830411	0.000759554	0.000295312	
0.00775528	0.0105728	0.0111615	0.0119167	0.0125606	0.0114819	0.0108882	0.00855067	0.00768296	0.00909771	0.012109	0.0141723	0.0133794	0.01088	0.0105044	0.0106231	0.0108478	0.00966011	0.00780532	0.00647868	0.00455738	0.00470315	0.0030374	0.0028142	0.00205564	
0.0114764	0.0136497	0.0151386	0.0159359	0.0165754	0.0166795	0.01495	0.0130605	0.0118545	0.0124961	0.0154616	0.0165605	0.0158463	0.0125598	0.0121161	0.0122994	0.0119893	0.0113686	0.00847198	0.00774568	0.00608574	0.00583572	0.00559112	0.00483096	0.00518607	
