0.0361698	0.0334783	0.0339299	0.0344958	0.0333733	0.0344686	0.0362892	0.0368445	0.0365475	0.039703	0.0430334	0.0438034	0.0443988	0.0467682	0.0497372	0.0527011	0.0565431	0.0606876	0.0641267	0.0679619	0.0749189	0.083554	0.0910244	0.0986206	0.102953	
0.0317248	0.0286296	0.0278983	0.0285944	0.0270281	0.0278364	0.0287899	0.0294602	0.028503	0.0318473	0.0348241	0.0362679	0.0364566	0.039403	0.0425643	0.0463871	0.0504261	0.0547725	0.0570372	0.0623489	0.0687679	0.0775108	0.0851093	0.0941362	0.0987869	
0.022413	0.0192695	0.018269	0.0181928	0.0157599	0.0164032	0.0173021	0.0171557	0.0161397	0.01982	0.0228868	0.0228071	0.0233752	0.0268147	0.0303201	0.032761	0.0378333	0.0421641	0.044697	0.0488527	0.0563278	0.0654421	0.0739341	0.082535	0.0884868	
0.0105115	0.00732502	0.00523578	0.0048864	0.00231079	0.00215152	0.00178959	0.00191187	0.00117654	0.00418862	0.00613306	0.00704141	0.0072524	0.0097848	0.0126244	0.0162609	0.0197474	0.0234455	0.0265432	0.0327329	0.0400171	0.0495114	0.0578712	0.066581	0.0732524	
-0.00481477	-0.00910165	-0.0102087	-0.0111276	-0.0141025	-0.0152953	-0.0153748	-0.0163358	-0.0180831	-0.0154534	-0.0115977	-0.0115462	-0.0122932	-0.010875	-0.00786015	-0.00584171	-0.0019079	0.00185746	0.00471744	0.0106129	0.01898	0.0303023	0.0381584	0.0484604	0.0554547	
-0.0200577	-0.0225912	-0.0244825	-0.0242228	-0.0284356	-0.0295787	-0.0312161	-0.0324352	-0.034758	-0.03161	-0.0296394	-0.0294782	-0.0308335	-0.0285847	-0.0272678	-0.0252008	-0.0231398	-0.0196807	-0.0166781	-0.0103617	-0.00154694	0.00867885	0.0181419	0.0279483	0.0365318	
-0.0330571	-0.0362354	-0.0372642	-0.0379748	-0.040583	-0.0419471	-0.0438109	-0.0459932	-0.0483396	-0.046104	-0.0450476	-0.0455607	-0.0470651	-0.0461945	-0.0445759	-0.0432376	-0.0411173	-0.0381661	-0.0356042	-0.029694	-0.0218891	-0.0104479	-0.00162719	0.00896999	0.0176595	
-0.0441549	-0.0469169	-0.0476676	-0.0479313	-0.0508801	-0.0529553	-0.0541757	-0.0559138	-0.0585014	-0.0580577	-0.0576275	-0.0587421	-0.0611854	-0.0607729	-0.0593147	-0.0586869	-0.0562643	-0.054067	-0.0508159	-0.0472247	-0.039045	-0.0292799	-0.0203212	-0.00931762	-0.000441491	
-0.0498594	-0.051185	-0.0522091	-0.0525095	-0.0551327	-0.0559853	-0.0582166	-0.0605651	-0.0630111	-0.061714	-0.0630104	-0.0656094	-0.0685052	-0.0674733	-0.0666761	-0.0662008	-0.0646724	-0.0620873	-0.060557	-0.0556366	-0.0482574	-0.0383016	-0.0308538	-0.0213564	-0.0121158	
-0.0493427	-0.0496265	-0.0495342	-0.0493142	-0.050314	-0.0520403	-0.0540934	-0.0562733	-0.0587561	-0.0586221	-0.0604119	-0.0613758	-0.0644711	-0.0651783	-0.0644811	-0.0639552	-0.0619442	-0.0612171	-0.058564	-0.0539978	-0.0473066	-0.0383244	-0.0311513	-0.0214355	-0.0134014	
-0.0421033	-0.041773	-0.0402112	-0.0388679	-0.0390467	-0.0405281	-0.0425795	-0.045208	-0.0470063	-0.0475461	-0.0483157	-0.0511966	-0.0539551	-0.0542219	-0.0529163	-0.0528041	-0.0517659	-0.0508888	-0.049068	-0.0451257	-0.0375241	-0.0295516	-0.0229464	-0.0145447	-0.00666889	
-0.0290136	-0.0266745	-0.025589	-0.0238721	-0.0228853	-0.0229049	-0.0251898	-0.0280287	-0.0302122	-0.0301451	-0.0324469	-0.0344736	-0.0374968	-0.0372632	-0.0359477	-0.034823	-0.033832	-0.0332501	-0.0310428	-0.0259552	-0.0199627	-0.011184	-0.0050909	0.00197413	0.00830885	
-0.0147615	-0.0127352	-0.0115193	-0.00918183	-0.00679205	-0.0070381	-0.00903395	-0.0111011	-0.0121952	-0.0126542	-0.0149342	-0.0161703	-0.0183475	-0.0181513	-0.017123	-0.0154725	-0.0138264	-0.0123525	-0.00959305	-0.00435435	0.00253319	0.0104295	0.016391	0.0231343	0.0283292	
-0.00196744	-0.000305018	0.00134442	0.00293333	0.00562439	0.00559737	0.0044478	0.00302694	0.00324799	0.00343835	0.00286476	0.00110127	-0.000408416	-0.000325413	0.00242126	0.00412836	0.00634197	0.00839863	0.0127728	0.0169766	0.0244575	0.0322749	0.0388559	0.0436658	0.0488454	
0.00410284	0.00672707	0.00665179	0.00789882	0.0104641	0.011596	0.0107553	0.0105273	0.012394	0.0141479	0.0125542	0.012236	0.0116029	0.0132112	0.0145507	0.0177802	0.0205731	0.0230484	0.0271244	0.0332139	0.0402749	0.0479048	0.0539958	0.0592875	0.0635569	
0.00267464	0.00379029	0.00427353	0.00494823	0.00803325	0.00792737	0.00844448	0.00980236	0.0122944	0.0136927	0.0133692	0.0149867	0.0152466	0.0160346	0.019062	0.0222204	0.0251866	0.0275828	0.0332041	0.039141	0.0463034	0.0539506	0.0599285	0.0651582	0.0698239	
-0.0069992	-0.00594315	-0.00624779	-0.00590105	-0.00303838	-0.00215589	-0.00199792	-0.00104209	0.00318009	0.00551136	0.00690266	0.00799177	0.00990862	0.0119489	0.0158543	0.0199677	0.0229372	0.0255187	0.0324761	0.0383437	0.0465268	0.0524906	0.0599742	0.0645907	0.0703404	
-0.0173426	-0.0164944	-0.0169486	-0.0173189	-0.0144924	-0.0141917	-0.0134742	-0.0116161	-0.00731403	-0.00431828	-0.0030555	-6.75482e-05	0.00260111	0.00610261	0.0109357	0.0155779	0.0190486	0.0225415	0.0284841	0.0356906	0.0424774	0.0498176	0.0560749	0.0621757	0.0680058	
-0.0250581	-0.0244851	-0.0261038	-0.0261251	-0.0230889	-0.023036	-0.0221511	-0.0197559	-0.0143256	-0.0122095	-0.0105893	-0.00639575	-0.00227212	0.00197996	0.00712063	0.0121253	0.0155148	0.0180937	0.0248906	0.0314584	0.0387356	0.0450843	0.0525169	0.0581413	0.06446	
-0.0306624	-0.0312581	-0.0326311	-0.0340023	-0.0306053	-0.028984	-0.0283242	-0.0268865	-0.0214734	-0.0186158	-0.0150378	-0.0126862	-0.00719957	-0.00278076	0.00291482	0.00756821	0.0105045	0.0139901	0.0194621	0.0258841	0.0336733	0.0394956	0.0476319	0.0527503	0.0605786	
-0.0339161	-0.0341005	-0.0362401	-0.0369792	-0.0345585	-0.034709	-0.033736	-0.0306559	-0.0247546	-0.0224809	-0.0209749	-0.0160496	-0.0110517	-0.00629472	-0.00170168	0.0029113	0.00617228	0.00862661	0.0136346	0.0201302	0.0259348	0.0326582	0.0397692	0.0468799	0.0546728	
-0.0308753	-0.0317335	-0.0340585	-0.0362876	-0.0343762	-0.033285	-0.0324784	-0.0296354	-0.0236722	-0.0215465	-0.0188985	-0.0155612	-0.0100876	-0.00585238	-0.00134133	0.00313065	0.00490887	0.00724864	0.0116073	0.0176522	0.024467	0.0297621	0.0382359	0.0446195	0.0530474	
-0.0250834	-0.0260303	-0.0278678	-0.0303566	-0.0287722	-0.0279224	-0.0270427	-0.0240447	-0.0187447	-0.0168091	-0.0139331	-0.0107555	-0.0052776	-0.00201698	0.00178803	0.00447154	0.00565722	0.00775571	0.0119864	0.0171724	0.0229258	0.028076	0.0360893	0.0422866	0.0509846	
-0.0161177	-0.0161717	-0.0177198	-0.0185843	-0.0175579	-0.017734	-0.0171261	-0.0136773	-0.00869957	-0.00720405	-0.00599027	-0.00253617	0.00139669	0.00423818	0.00623961	0.00844183	0.00857831	0.00956794	0.0131621	0.0180301	0.0224173	0.0267843	0.0336031	0.0408952	0.0484649	
-0.00462318	-0.00439124	-0.00491787	-0.00594975	-0.00479661	-0.00360488	-0.00297687	-0.00052735	0.00292726	0.00400804	0.00459302	0.00599805	0.00914227	0.0103353	0.0115096	0.0124004	0.0112412	0.0121992	0.0146841	0.0188463	0.0230139	0.0270357	0.0337648	0.039612	0.0473585	
0.00548858	0.00582045	0.00622712	0.00690855	0.00766069	0.008873	0.00909315	0.0108862	0.0140562	0.0134732	0.0131972	0.0127808	0.0148385	0.0152808	0.014789	0.0137229	0.0118165	0.0120703	0.0147947	0.0176692	0.0219882	0.0249033	0.0310317	0.0371834	0.0443556	
0.0130627	0.0142986	0.0157712	0.0165074	0.0175543	0.0183026	0.0182329	0.0203794	0.0214831	0.0207486	0.0185099	0.0184045	0.0181777	0.016734	0.0147313	0.0132327	0.0110608	0.010773	0.0111844	0.0149566	0.0172688	0.0207484	0.0258607	0.0325942	0.0392911	
0.015717	0.0183232	0.0193834	0.0208156	0.0209775	0.0223551	0.0219164	0.022931	0.0234833	0.0217708	0.0190162	0.0160662	0.0153378	0.014017	0.0105612	0.00745117	0.00417793	0.00330183	0.00366047	0.00615344	0.00822299	0.0112845	0.0161632	0.0220051	0.028715	
0.0100914	0.0114865	0.0144571	0.0162411	0.0153553	0.0156641	0.0158695	0.0166305	0.0147886	0.0116902	0.00921176	0.00581523	0.00451356	0.00130223	-0.00232106	-0.00642213	-0.0105059	-0.0120597	-0.0125168	-0.010963	-0.00917034	-0.00715799	-0.0031737	0.00306769	0.00966286	
-0.00349695	-0.000935715	0.00218095	0.00419228	0.00346303	0.00369624	0.00307677	0.00259148	-0.000549487	-0.00320434	-0.00829113	-0.0105476	-0.0131793	-0.0168871	-0.0214532	-0.026109	-0.0294935	-0.0311128	-0.0326353	-0.0308162	-0.0316997	-0.0287176	-0.0256615	-0.0191247	-0.0127613	
-0.0166946	-0.0141619	-0.0107886	-0.00843663	-0.0101894	-0.00961611	-0.0108469	-0.0120181	-0.0158232	-0.0200956	-0.0239022	-0.0286973	-0.0319618	-0.0350274	-0.0393298	-0.0445662	-0.0486753	-0.0496383	-0.0505065	-0.0503607	-0.0497721	-0.0484015	-0.04542	-0.0391858	-0.032699	
-0.0290533	-0.0280159	-0.0245903	-0.0224224	-0.0239332	-0.0251541	-0.024943	-0.0254328	-0.0311559	-0.0357796	-0.0396906	-0.0432059	-0.0472677	-0.0511725	-0.0559655	-0.0617536	-0.0641996	-0.0647284	-0.0654833	-0.0651657	-0.0650633	-0.0624548	-0.0597554	-0.052511	-0.0455781	
-0.0318905	-0.0320053	-0.0298782	-0.0281825	-0.0302706	-0.0313361	-0.0313511	-0.0331956	-0.0385749	-0.0417618	-0.0459668	-0.0500757	-0.0540167	-0.0570211	-0.0621225	-0.0673541	-0.0694519	-0.070151	-0.0692788	-0.0688632	-0.068702	-0.0658194	-0.0625123	-0.0550822	-0.0471542	
-0.0299425	-0.0306734	-0.0287584	-0.0281268	-0.0320956	-0.0330831	-0.0326045	-0.0342276	-0.0398597	-0.0426124	-0.0457021	-0.0489494	-0.0526825	-0.0547751	-0.0596467	-0.064115	-0.0660203	-0.0654725	-0.0651402	-0.0653843	-0.0631362	-0.060113	-0.0570492	-0.0485811	-0.039756	
-0.0222635	-0.023551	-0.0228903	-0.0240276	-0.0269784	-0.0287507	-0.0280967	-0.030219	-0.0349358	-0.0378242	-0.0394104	-0.0408673	-0.0440401	-0.0460949	-0.0491673	-0.0531141	-0.0534783	-0.052972	-0.0517089	-0.0519421	-0.0508887	-0.046993	-0.0435045	-0.0346353	-0.0259739	
-0.00981606	-0.0118631	-0.0124368	-0.0138685	-0.0165982	-0.0187631	-0.018598	-0.019992	-0.0243321	-0.0266895	-0.0273342	-0.0285744	-0.0301721	-0.0311063	-0.0329717	-0.0352802	-0.0351625	-0.034364	-0.0333088	-0.0331337	-0.0317525	-0.029592	-0.0252791	-0.0185251	-0.00876235	
0.00118189	-0.000225829	-0.00188865	-0.00275961	-0.0062824	-0.0081484	-0.0064657	-0.00849193	-0.0126454	-0.0134479	-0.0130463	-0.0136063	-0.015284	-0.0135469	-0.0151894	-0.0167973	-0.0148928	-0.012645	-0.0119942	-0.0124539	-0.0112744	-0.00815178	-0.00468942	0.00246821	0.0114589	
0.0154945	0.0126317	0.0114637	0.00869557	0.00715336	0.00515797	0.00661353	0.00438881	0.00226672	0.00107925	0.00271325	0.00334657	0.00385862	0.00336798	0.00423747	0.00471543	0.0073157	0.00849029	0.0111379	0.0109029	0.0114929	0.0140287	0.0183844	0.0240358	0.0319781	
0.0272537	0.0258714	0.023341	0.0210575	0.0200496	0.0187301	0.019259	0.0180109	0.0168961	0.0168399	0.017802	0.0198373	0.0214505	0.0220339	0.0229643	0.024085	0.0273162	0.0300249	0.03142	0.0314397	0.0331514	0.0349914	0.0400528	0.0435097	0.0515898	
0.0363287	0.0355056	0.032193	0.0306248	0.0303879	0.0302913	0.031105	0.0292311	0.0288301	0.0296219	0.0326062	0.03485	0.035287	0.0369335	0.0386519	0.0399986	0.0436944	0.0465352	0.04795	0.047147	0.0488246	0.0510793	0.0554208	0.0596411	0.066133	
0.0395931	0.0386843	0.0367785	0.0349582	0.0368422	0.0368749	0.0370902	0.0367429	0.0378543	0.0382902	0.0405585	0.0435619	0.0449802	0.0452188	0.0465256	0.0494972	0.0524916	0.0548684	0.0557453	0.055481	0.0573261	0.059236	0.0634682	0.0670021	0.0727345	
0.0385546	0.0395919	0.0374351	0.0361647	0.0385923	0.0399376	0.04019	0.0393641	0.0414	0.0428803	0.0449272	0.0466558	0.0478321	0.0490797	0.049569	0.0524467	0.0554027	0.0573993	0.0575725	0.0574265	0.0592325	0.0609631	0.0658094	0.068972	0.0741411	
0.0363201	0.036024	0.0341782	0.0334624	0.037011	0.039404	0.0387793	0.038653	0.0407178	0.0422518	0.0450472	0.0464518	0.0475701	0.0464228	0.0480633	0.051962	0.0543314	0.0549832	0.0555945	0.0567275	0.0581769	0.0602608	0.0650776	0.0682565	0.0738537	
0.0326703	0.0333356	0.0313457	0.0316945	0.0341086	0.0367935	0.0356724	0.0364879	0.0386766	0.0404702	0.0422497	0.0446033	0.0453456	0.0447415	0.0459668	0.0500854	0.0505919	0.0531591	0.0528987	0.0540734	0.054892	0.058718	0.0619454	0.0653563	0.0709274	
0.0287766	0.0291486	0.0276641	0.027146	0.0298824	0.0317675	0.0306677	0.0303503	0.0339016	0.0357447	0.0379637	0.0394363	0.0408377	0.0399256	0.0414272	0.0450407	0.0463971	0.0460439	0.0461321	0.0474736	0.0489232	0.0513253	0.055012	0.0591597	0.0624803	
0.0231196	0.0228813	0.0214765	0.0208646	0.0237039	0.0255672	0.0229912	0.0233784	0.025688	0.0281286	0.0298704	0.0316887	0.0327376	0.0311584	0.0330065	0.0359256	0.0371325	0.0366784	0.0357799	0.0379986	0.0392781	0.0407985	0.0448249	0.0484498	0.0524983	
0.0164623	0.017417	0.0167564	0.0166847	0.0173357	0.0192215	0.0157461	0.0165429	0.0178183	0.0201871	0.0204991	0.0226694	0.0223665	0.021835	0.0235801	0.0257963	0.0249096	0.0257191	0.0247951	0.0262288	0.0263583	0.0296929	0.0323187	0.0364605	0.0407243	
0.011723	0.0121499	0.0127579	0.0126688	0.0138627	0.0141776	0.0105293	0.0103149	0.0124525	0.0139182	0.0128137	0.0135412	0.0139147	0.0129438	0.0133442	0.0162827	0.0163652	0.0144944	0.0147936	0.0170121	0.0185397	0.0213683	0.0241359	0.0299404	0.0320171	
0.01188	0.013108	0.012565	0.0135445	0.0135814	0.01382	0.0113954	0.0100059	0.0101356	0.0115187	0.0113033	0.0104909	0.00939645	0.00990271	0.00950022	0.0110189	0.0109011	0.0115413	0.0113907	0.0134266	0.0155615	0.018348	0.02116	0.0273216	0.0305899	
0.0122797	0.0116765	0.0130668	0.0139032	0.0140668	0.0128396	0.0109569	0.0106018	0.0111237	0.0114757	0.0102339	0.00847328	0.00865585	0.00723775	0.00842184	0.00862305	0.00897109	0.00811601	0.00945773	0.0113222	0.0140007	0.0175706	0.0203789	0.0252294	0.0303923	
