-0.0492908	-0.0498086	-0.0503205	-0.054216	-0.0559681	-0.0589906	-0.0635045	-0.0628003	-0.0666914	-0.066767	-0.0654831	-0.0683477	-0.066995	-0.0665145	-0.0651779	-0.0638622	-0.0615794	-0.0574385	-0.0579232	-0.0538859	-0.055862	-0.0580649	-0.0605358	-0.0648471	-0.0740182	
-0.0513602	-0.0500445	-0.0469702	-0.0511088	-0.0515846	-0.0528997	-0.0594706	-0.058228	-0.0620892	-0.0641887	-0.0640997	-0.0665511	-0.0648413	-0.0639749	-0.0651638	-0.0638854	-0.0618621	-0.0621731	-0.0634717	-0.0628239	-0.0658652	-0.0712246	-0.0738885	-0.0796478	-0.0871992	
-0.0577771	-0.0559891	-0.0553921	-0.053826	-0.0539071	-0.0542972	-0.0558773	-0.0539025	-0.0572628	-0.0575884	-0.0563957	-0.0597027	-0.0580745	-0.0605615	-0.0609008	-0.0615618	-0.0631351	-0.0645407	-0.068303	-0.0688674	-0.0756518	-0.0794878	-0.0813233	-0.0861933	-0.0909615	
-0.064691	-0.0621556	-0.0587739	-0.0608097	-0.0597856	-0.0588153	-0.0599642	-0.0559974	-0.0566961	-0.0551142	-0.0533274	-0.0568307	-0.0547548	-0.0551928	-0.059013	-0.0587859	-0.0624035	-0.0648704	-0.0697298	-0.0716004	-0.0763023	-0.0798799	-0.0792859	-0.0837016	-0.083719	
-0.0689206	-0.0685057	-0.0677557	-0.065604	-0.0649655	-0.0626323	-0.0614165	-0.0582186	-0.0577971	-0.056405	-0.0555666	-0.0569306	-0.055397	-0.0593437	-0.0622089	-0.063284	-0.066205	-0.0698155	-0.070249	-0.0720803	-0.0745691	-0.0755057	-0.0712018	-0.0730014	-0.0681231	
-0.0604468	-0.0626882	-0.0664978	-0.0660069	-0.0678765	-0.0681673	-0.065363	-0.0646406	-0.0624766	-0.0605608	-0.0589294	-0.0604772	-0.0607551	-0.0632455	-0.0656336	-0.0658921	-0.0688195	-0.069304	-0.0694941	-0.0690922	-0.0684727	-0.0639727	-0.0580091	-0.0554277	-0.0458134	
-0.0459578	-0.0481899	-0.0507917	-0.0527739	-0.0551714	-0.0578392	-0.0577611	-0.0606735	-0.061598	-0.0612787	-0.0643886	-0.064691	-0.0648112	-0.0664501	-0.068135	-0.0671808	-0.0677349	-0.0673865	-0.0623596	-0.0600541	-0.0540949	-0.046818	-0.0358359	-0.0284948	-0.0122461	
-0.0324494	-0.0310578	-0.0329697	-0.0301077	-0.0334625	-0.0352825	-0.0353265	-0.04178	-0.041803	-0.045585	-0.0493239	-0.0493125	-0.0527177	-0.0557397	-0.0550568	-0.0548724	-0.0527454	-0.050326	-0.0427545	-0.0391685	-0.0288872	-0.0160851	-0.00283337	0.00993691	0.0286094	
-0.0324117	-0.022787	-0.0169852	-0.0101891	-0.00649416	-0.00667615	-0.00217808	-0.00653171	-0.00568362	-0.00708267	-0.0119686	-0.0116416	-0.0162128	-0.0160318	-0.0143476	-0.0134254	-0.00980034	-0.00514678	0.00338009	0.0120046	0.0243308	0.0407332	0.0529458	0.0704202	0.0887885	
-0.04427	-0.0273151	-0.011787	0.000895141	0.012982	0.0220811	0.0308166	0.0347215	0.0403512	0.0430625	0.0420623	0.0468717	0.0473069	0.0494886	0.054364	0.0574404	0.0647074	0.0737596	0.0850953	0.0952544	0.110367	0.126836	0.140347	0.157896	0.175444	
-0.057205	-0.0341616	-0.011643	0.00822037	0.0276541	0.045495	0.0605132	0.0736325	0.0872982	0.0947815	0.104681	0.115124	0.118965	0.128364	0.138173	0.146605	0.159464	0.171346	0.184323	0.198777	0.215636	0.232926	0.244491	0.264083	0.277462	
-0.0640469	-0.0352604	-0.00687718	0.0180104	0.0453019	0.0677682	0.0903319	0.112604	0.129591	0.148908	0.164656	0.179152	0.192525	0.20849	0.223563	0.236116	0.250912	0.267461	0.281282	0.299557	0.314138	0.331323	0.342751	0.361667	0.372477	
-0.0595176	-0.0269125	0.00800854	0.0361815	0.0672254	0.0981694	0.120811	0.150014	0.171911	0.193411	0.216046	0.233788	0.25498	0.273734	0.289017	0.306509	0.323074	0.341821	0.35448	0.371669	0.387943	0.400542	0.413893	0.427649	0.436479	
-0.0298694	-0.000245084	0.0318634	0.0624301	0.0928891	0.124922	0.149981	0.180721	0.204867	0.227275	0.253429	0.272014	0.291612	0.310355	0.324866	0.343354	0.358584	0.371408	0.385067	0.399859	0.412627	0.420312	0.432167	0.440842	0.443919	
0.0328105	0.0552598	0.0762867	0.102927	0.124799	0.148183	0.171644	0.194905	0.214107	0.236609	0.256333	0.270744	0.290153	0.304499	0.318913	0.332326	0.342989	0.354352	0.36476	0.373961	0.380639	0.38469	0.392252	0.391792	0.390355	
0.121745	0.131141	0.140989	0.153361	0.163098	0.176051	0.186526	0.196303	0.207068	0.215601	0.225141	0.23182	0.243046	0.249703	0.255111	0.263883	0.269956	0.275642	0.280749	0.283845	0.287151	0.284038	0.286489	0.278505	0.272803	
0.231935	0.223139	0.214321	0.208218	0.201028	0.194289	0.190578	0.183218	0.180636	0.175911	0.171419	0.169659	0.165738	0.161777	0.160279	0.159452	0.158136	0.152526	0.154072	0.148027	0.1422	0.135044	0.129471	0.116358	0.105276	
0.333444	0.309515	0.282446	0.259699	0.235176	0.207416	0.189231	0.163025	0.143431	0.12605	0.105083	0.0916312	0.0766182	0.0623285	0.0553281	0.041327	0.0313474	0.0214519	0.011956	-0.000612751	-0.0147338	-0.023089	-0.0397923	-0.0554683	-0.0684606	
0.408301	0.367718	0.329181	0.28621	0.251146	0.211553	0.177814	0.141913	0.110093	0.0809935	0.0501378	0.0271615	0.00239235	-0.0196282	-0.0398008	-0.0604726	-0.079576	-0.0946319	-0.116453	-0.132287	-0.152856	-0.166966	-0.189762	-0.204875	-0.21956	
0.459892	0.404787	0.355245	0.297911	0.250878	0.204547	0.156715	0.118519	0.0799285	0.044155	0.0115526	-0.016249	-0.047918	-0.0733866	-0.0999642	-0.123635	-0.149155	-0.172035	-0.197966	-0.220928	-0.24384	-0.264528	-0.28745	-0.305265	-0.320547	
0.482529	0.421266	0.361786	0.306273	0.249141	0.20099	0.148603	0.107383	0.0655018	0.0243539	-0.0064129	-0.0411389	-0.0738289	-0.0989884	-0.127888	-0.156224	-0.182533	-0.209969	-0.235265	-0.262144	-0.28283	-0.308759	-0.330392	-0.34849	-0.363632	
0.481723	0.421304	0.359295	0.307602	0.250793	0.201347	0.15471	0.110727	0.0691272	0.0314387	-0.000707948	-0.0376473	-0.0659072	-0.0932219	-0.125468	-0.153158	-0.177541	-0.205875	-0.230057	-0.255733	-0.277968	-0.303414	-0.322589	-0.337969	-0.357014	
0.456731	0.405658	0.353188	0.304562	0.255949	0.209058	0.168196	0.126428	0.0885176	0.0576247	0.0226009	-0.00773534	-0.0312821	-0.0624539	-0.0875752	-0.109333	-0.132322	-0.156796	-0.178954	-0.199706	-0.220562	-0.240465	-0.25657	-0.272924	-0.291925	
0.399633	0.362973	0.326846	0.288372	0.252737	0.218119	0.183967	0.152	0.123349	0.0948976	0.0679275	0.0453457	0.0244419	-0.000231657	-0.0144805	-0.0315936	-0.0515679	-0.0670574	-0.082118	-0.0950294	-0.110687	-0.12597	-0.137081	-0.153474	-0.167604	
0.31273	0.292107	0.2735	0.250824	0.233135	0.213125	0.194125	0.176121	0.160096	0.141436	0.128504	0.115593	0.101093	0.0923381	0.0834498	0.0731697	0.0630686	0.0590288	0.0529758	0.0451061	0.0352399	0.0294421	0.0223257	0.00977066	-0.000672441	
0.206609	0.202641	0.20038	0.197094	0.19744	0.193584	0.194296	0.192284	0.190501	0.190857	0.188858	0.190328	0.187341	0.190943	0.189311	0.188984	0.192361	0.195468	0.194304	0.193013	0.193777	0.196842	0.190078	0.184493	0.17996	
0.100134	0.112617	0.124823	0.141254	0.15417	0.169223	0.183713	0.19726	0.20993	0.224123	0.234574	0.24712	0.257095	0.268353	0.277511	0.286773	0.299143	0.304579	0.310646	0.320118	0.32901	0.332502	0.331994	0.334804	0.335658	
0.011079	0.036513	0.0619149	0.0909196	0.115058	0.143798	0.166354	0.190638	0.212848	0.232162	0.253412	0.269475	0.289245	0.305056	0.32067	0.337027	0.351029	0.36152	0.378053	0.392327	0.402903	0.409772	0.41999	0.42745	0.429686	
-0.0441364	-0.0144439	0.0171593	0.0469179	0.078709	0.10929	0.137453	0.165977	0.191919	0.215419	0.239684	0.259159	0.281563	0.298406	0.316536	0.335267	0.349114	0.367725	0.386701	0.399483	0.412725	0.426429	0.439789	0.449201	0.453049	
-0.067761	-0.0385876	-0.00868032	0.0179847	0.0477274	0.0730642	0.100842	0.12622	0.150428	0.174404	0.195053	0.216572	0.234893	0.252711	0.272371	0.289904	0.307304	0.328655	0.34324	0.358136	0.37508	0.390688	0.403702	0.414563	0.421193	
-0.0779108	-0.0518362	-0.0267459	-0.000897479	0.0230134	0.0456907	0.0689812	0.0886189	0.1077	0.125196	0.139584	0.155502	0.16775	0.183773	0.198814	0.212433	0.229934	0.244917	0.258085	0.276522	0.293068	0.307758	0.321148	0.331053	0.342413	
-0.0749269	-0.056244	-0.0384167	-0.0186864	-0.00127477	0.017743	0.0345626	0.0497018	0.0635674	0.0746677	0.0847984	0.093467	0.101747	0.110637	0.117296	0.125971	0.13656	0.145079	0.159243	0.174356	0.186601	0.199198	0.210367	0.221297	0.237591	
-0.0641867	-0.0517611	-0.0402259	-0.0303702	-0.0204374	-0.0105563	-0.00258963	0.0060839	0.0131289	0.0190755	0.0250025	0.0287762	0.0333126	0.0356767	0.0389701	0.0448189	0.0502495	0.0583482	0.0696625	0.0779031	0.0871063	0.0977373	0.108698	0.123733	0.138016	
-0.0638849	-0.057041	-0.0504055	-0.0456662	-0.0403552	-0.0366778	-0.033537	-0.0303628	-0.0285892	-0.0268728	-0.0257421	-0.0255035	-0.0250296	-0.0247516	-0.0220174	-0.0187508	-0.0151089	-0.00859061	-0.00368837	0.00136465	0.00988642	0.0194775	0.0313481	0.0443799	0.0529545	
-0.0733498	-0.0738789	-0.0733196	-0.0711426	-0.0683594	-0.0654148	-0.0616689	-0.058717	-0.055897	-0.0534672	-0.0522798	-0.0514443	-0.0512888	-0.0504663	-0.0495594	-0.0491062	-0.0474937	-0.0457699	-0.044718	-0.0406401	-0.0354757	-0.030208	-0.0236453	-0.0180325	-0.00980194	
-0.0865582	-0.0893647	-0.0906442	-0.0894561	-0.087498	-0.0840521	-0.0795418	-0.0748842	-0.0693487	-0.0644136	-0.0606023	-0.0575617	-0.0559231	-0.0549504	-0.0552038	-0.055469	-0.0554154	-0.0561983	-0.0559974	-0.0555328	-0.0568863	-0.0582103	-0.0587543	-0.0567471	-0.0475814	
-0.100079	-0.0993373	-0.0968107	-0.093191	-0.0888537	-0.0839368	-0.0788372	-0.073148	-0.0674477	-0.0626426	-0.0588624	-0.0564028	-0.0552287	-0.0550841	-0.0554699	-0.0560559	-0.057475	-0.059635	-0.0623967	-0.0675493	-0.0737638	-0.0789859	-0.0823819	-0.0814599	-0.0772939	
-0.103974	-0.100221	-0.0947901	-0.0889359	-0.0826961	-0.0768024	-0.0712806	-0.0658237	-0.0614133	-0.0580162	-0.0555662	-0.0542229	-0.0534246	-0.0532115	-0.0535777	-0.0551946	-0.0584407	-0.063247	-0.0703612	-0.0790428	-0.0871169	-0.0939491	-0.0987145	-0.10132	-0.104157	
-0.0969554	-0.0925617	-0.0872572	-0.0816539	-0.0762371	-0.0713295	-0.0668789	-0.0631715	-0.0604487	-0.0583747	-0.0567359	-0.0552679	-0.053808	-0.0529197	-0.0532957	-0.0554759	-0.0596954	-0.0661995	-0.0747162	-0.0836548	-0.0923394	-0.100571	-0.107832	-0.114955	-0.121593	
-0.0855034	-0.0818243	-0.0781962	-0.0746854	-0.0716944	-0.0691029	-0.0669547	-0.0655431	-0.0645069	-0.0635175	-0.0622246	-0.0604402	-0.0587532	-0.0578949	-0.0583471	-0.0602394	-0.0637393	-0.0688396	-0.0749927	-0.0820321	-0.0903013	-0.0994565	-0.109204	-0.118986	-0.126453	
-0.0758675	-0.0724837	-0.0701948	-0.0689676	-0.0686351	-0.068893	-0.0696602	-0.0707779	-0.0717359	-0.0720643	-0.0714358	-0.0701292	-0.0689487	-0.0682702	-0.0680674	-0.0682728	-0.0689211	-0.0701061	-0.0722824	-0.0763969	-0.0827775	-0.0910306	-0.100387	-0.109013	-0.115296	
-0.0757928	-0.0731961	-0.0713754	-0.0704463	-0.0701822	-0.0705395	-0.0715611	-0.0730378	-0.0745182	-0.0753553	-0.0752869	-0.0747026	-0.0739925	-0.0731315	-0.0719718	-0.0705752	-0.0692003	-0.068414	-0.0690574	-0.0716013	-0.0757655	-0.0809534	-0.0863153	-0.0913022	-0.0968557	
-0.0813924	-0.0819417	-0.0816829	-0.0805529	-0.0785904	-0.0762456	-0.0741101	-0.0724608	-0.0710693	-0.0694412	-0.0675229	-0.065683	-0.0641303	-0.0628812	-0.0619801	-0.0615998	-0.0619704	-0.0632987	-0.0655554	-0.0682749	-0.0708715	-0.0730421	-0.075206	-0.0789916	-0.0861872	
-0.0817358	-0.082407	-0.0824955	-0.0816467	-0.0797671	-0.0771885	-0.0744364	-0.0717156	-0.0687176	-0.065189	-0.0614763	-0.0582982	-0.0562253	-0.0555104	-0.0561538	-0.0579274	-0.0603763	-0.062944	-0.0651877	-0.0668717	-0.0680053	-0.0690639	-0.071284	-0.0760269	-0.0832343	
-0.0794514	-0.0751017	-0.0718304	-0.0695931	-0.0681928	-0.0675475	-0.0675657	-0.067784	-0.0674593	-0.0662788	-0.0647244	-0.0636698	-0.0637364	-0.0650053	-0.0671285	-0.0694506	-0.07123	-0.0721288	-0.0724418	-0.0726753	-0.0731824	-0.0743983	-0.0767789	-0.0800118	-0.0828917	
-0.0794396	-0.07409	-0.0697544	-0.0666428	-0.0647467	-0.0641061	-0.0646311	-0.0657932	-0.0668333	-0.0673965	-0.0677932	-0.0685526	-0.0698508	-0.0714511	-0.072974	-0.0740527	-0.0745916	-0.0750964	-0.0763028	-0.0783185	-0.0805949	-0.0826191	-0.0839784	-0.0841253	-0.0828942	
-0.0778575	-0.0774332	-0.0769517	-0.0761988	-0.0751255	-0.0740115	-0.0731477	-0.0724322	-0.0714811	-0.070133	-0.0686538	-0.0673494	-0.0662017	-0.0650447	-0.0638697	-0.0629152	-0.0627954	-0.0644307	-0.0682103	-0.0732335	-0.0779047	-0.0810501	-0.0821768	-0.0814213	-0.0796333	
-0.0758486	-0.0770632	-0.0783423	-0.0792342	-0.0795124	-0.0793135	-0.0788376	-0.0779727	-0.0763894	-0.0740115	-0.0711869	-0.0683119	-0.0655116	-0.062789	-0.060264	-0.058272	-0.0574994	-0.0588099	-0.0623798	-0.0671497	-0.071619	-0.0748885	-0.0767298	-0.0773551	-0.0772818	
-0.0784718	-0.076698	-0.0754758	-0.0746852	-0.0741951	-0.0740174	-0.0741189	-0.074166	-0.0736761	-0.0725004	-0.0709937	-0.0696295	-0.0686012	-0.0678342	-0.0671738	-0.0665464	-0.0662005	-0.0666865	-0.0682108	-0.0702385	-0.0722174	-0.0743083	-0.0769719	-0.0803024	-0.0837742	
-0.0837909	-0.0801146	-0.076718	-0.0737805	-0.0713905	-0.0696831	-0.0687084	-0.0682144	-0.0677685	-0.0672063	-0.0668483	-0.0671648	-0.0683179	-0.0700731	-0.0719665	-0.0734944	-0.0744094	-0.0748933	-0.0751748	-0.0752156	-0.0753186	-0.0766632	-0.080505	-0.0869636	-0.0944036	
