-0.00394122	-0.00394122	-0.00147189	-5.30275e-05	0.00159651	0.00489409	0.00901532	0.0125089	0.0164572	0.0211481	0.0261461	0.0290043	0.0311693	0.0324111	0.0311838	0.0273239	0.0214758	0.0138112	0.00566557	-0.00200651	-0.00973904	-0.0144097	-0.0159568	-0.0145907	-0.0112773	
-0.00394122	-0.00282401	-0.000434289	0.000825896	0.00306997	0.00681461	0.0109133	0.0145265	0.0191552	0.0237074	0.0283675	0.0312492	0.0328076	0.0329034	0.0313752	0.0272404	0.0203224	0.0126362	0.00479332	-0.00316492	-0.0102295	-0.0135123	-0.0143867	-0.0127101	-0.0085384	
-0.0014062	-0.00039803	0.000261043	0.0017332	0.00573858	0.00905222	0.0112932	0.0162802	0.0221979	0.0256502	0.0294167	0.0331198	0.0336386	0.032747	0.031388	0.026789	0.0190172	0.011161	0.00258039	-0.00548963	-0.0107507	-0.0129906	-0.0135312	-0.0108473	-0.0069575	
7.42799e-05	0.000930882	0.00182213	0.00355449	0.00822703	0.0112405	0.0144178	0.0194068	0.0257029	0.0283445	0.0327119	0.0359185	0.036877	0.0354038	0.0329817	0.0270863	0.0191416	0.0110879	0.00233245	-0.00446378	-0.00861178	-0.0103696	-0.00968353	-0.00656974	-0.00211064	
0.00191067	0.0033607	0.00598147	0.00838148	0.0117732	0.0159436	0.0202934	0.0255254	0.0304927	0.0347398	0.0384833	0.0417366	0.0430151	0.0413426	0.0361738	0.0298788	0.0220793	0.0129919	0.00443531	-0.00142307	-0.00509709	-0.00624863	-0.00513316	-0.0013456	0.00342719	
0.00557489	0.00743297	0.00958686	0.0116073	0.0160963	0.0194543	0.0241926	0.0286595	0.0349814	0.0383358	0.0426954	0.0450851	0.0466413	0.0432758	0.0381713	0.0317507	0.0229904	0.0140399	0.00630361	4.47063e-05	-0.00361353	-0.00282264	-0.000225426	0.00332122	0.00921495	
0.0100591	0.0118749	0.0122086	0.0150682	0.020631	0.0243274	0.0276345	0.0342301	0.0398045	0.0429895	0.0467704	0.0505573	0.04966	0.0460576	0.0415671	0.034562	0.024436	0.0162652	0.00881945	0.00181346	-0.000138308	0.00190569	0.00445778	0.0102632	0.0166036	
0.0137939	0.0157541	0.0174777	0.0203277	0.0261263	0.0290197	0.0344052	0.0404336	0.0465659	0.0483653	0.0539148	0.0562182	0.054983	0.0510631	0.0474431	0.0386842	0.027639	0.0200066	0.0126116	0.00613059	0.00485893	0.00729034	0.011446	0.0172556	0.0238421	
0.0178753	0.0204828	0.0234013	0.0266212	0.0310945	0.0353681	0.040026	0.0466402	0.0521206	0.0561197	0.0600553	0.0624718	0.060591	0.0566474	0.0513023	0.0427956	0.0319556	0.0229007	0.0152663	0.00988883	0.00902966	0.0118104	0.0164955	0.0232285	0.0294004	
0.0225078	0.0248674	0.0266184	0.0289335	0.0349952	0.0384246	0.0428676	0.0480805	0.0558515	0.058952	0.0629192	0.0642432	0.0632426	0.0576055	0.0516646	0.0433738	0.0320536	0.0226627	0.0160281	0.0112112	0.00999122	0.01393	0.0202867	0.0265603	0.0345086	
0.0271724	0.0291411	0.0300666	0.0329048	0.0383349	0.042306	0.0459986	0.0529522	0.0592735	0.062389	0.0650629	0.0674356	0.0655416	0.0598041	0.0527819	0.043768	0.0316633	0.0222789	0.0154261	0.0102443	0.0101677	0.0151359	0.0205106	0.0280212	0.0365057	
0.0296152	0.0316069	0.0332954	0.0355598	0.0409987	0.044096	0.0492943	0.0547893	0.0611748	0.0631672	0.0667856	0.0677495	0.0660611	0.0597889	0.0523107	0.0416415	0.0292103	0.019878	0.0123336	0.00685303	0.00819472	0.0133532	0.019318	0.0268667	0.0355518	
0.0313215	0.0325924	0.0329631	0.0356508	0.0413791	0.0448748	0.0479344	0.0532364	0.0588559	0.0617601	0.0643519	0.0654247	0.0626751	0.0551953	0.0462282	0.035116	0.0231209	0.0131555	0.00429712	-0.000875599	0.00126439	0.00666493	0.0126932	0.0215217	0.0297234	
0.0317826	0.0317919	0.0311075	0.033315	0.0388862	0.0407785	0.0436208	0.0487367	0.0544121	0.0556456	0.0581762	0.0588084	0.0548009	0.0458481	0.0367711	0.0250021	0.0116607	0.000812301	-0.00714781	-0.0119561	-0.0107827	-0.00592996	0.00171109	0.0108304	0.0193487	
0.029576	0.0293284	0.0290312	0.0302393	0.0332038	0.0352332	0.038576	0.0445174	0.0486658	0.0494191	0.0510124	0.051154	0.0455469	0.0364657	0.0267079	0.0144631	-0.000779241	-0.0121779	-0.0206882	-0.0254515	-0.025087	-0.0189029	-0.0111226	-0.0026746	0.00582999	
0.0248883	0.0244737	0.0238245	0.0238054	0.0265424	0.0284857	0.0313628	0.0354601	0.0398852	0.0409597	0.0418475	0.0400977	0.0341417	0.0245642	0.014228	0.000814589	-0.0153174	-0.0278562	-0.0360633	-0.0416198	-0.0408433	-0.0341946	-0.0259068	-0.0177418	-0.00921122	
0.0183652	0.0169501	0.0154556	0.0155115	0.0185153	0.0194926	0.0211784	0.0243976	0.0288449	0.0294684	0.0296486	0.027629	0.0221647	0.0112458	-0.000918056	-0.0153351	-0.0313868	-0.0441134	-0.0532283	-0.0589807	-0.0572342	-0.0501352	-0.0423482	-0.0342067	-0.0252406	
0.0101581	0.00877126	0.00724648	0.0074197	0.00942804	0.0106164	0.0129644	0.0169255	0.0200541	0.0203522	0.0205078	0.0187696	0.0127463	0.000845861	-0.0118857	-0.027606	-0.043776	-0.0576175	-0.0662112	-0.0720594	-0.0705822	-0.0647368	-0.0563522	-0.046733	-0.0380344	
0.00179127	0.000745619	-0.00129476	-0.00120751	0.00106991	0.00324373	0.00574638	0.00991209	0.0131489	0.0144351	0.0141565	0.011641	0.0043517	-0.00647136	-0.019773	-0.0352189	-0.0523609	-0.0655698	-0.0757217	-0.0812493	-0.0800638	-0.0731625	-0.0643775	-0.0549131	-0.0455758	
-0.00568978	-0.00693787	-0.00899857	-0.00774347	-0.00440517	-0.00253964	-0.000613827	0.00408478	0.00851077	0.0102085	0.00959987	0.00662281	-0.000410439	-0.0106519	-0.0238381	-0.039927	-0.0573471	-0.070647	-0.0805302	-0.0856174	-0.0843364	-0.0774353	-0.0681469	-0.0573599	-0.048248	
-0.0128789	-0.013312	-0.0135635	-0.011211	-0.00728742	-0.00546593	-0.00161757	0.00377749	0.00851512	0.00970471	0.0103044	0.00862749	0.0022571	-0.00891285	-0.0227101	-0.0383385	-0.0548926	-0.0684324	-0.0782914	-0.0833588	-0.0806055	-0.0734736	-0.0634542	-0.053039	-0.042832	
-0.0166337	-0.0156191	-0.0148189	-0.0118284	-0.00736834	-0.00369122	0.00142187	0.00734328	0.0122814	0.0145351	0.0160395	0.0145825	0.00839633	-0.00365106	-0.0160273	-0.0309901	-0.0468548	-0.0616279	-0.0703243	-0.0754883	-0.0724601	-0.0647497	-0.0536293	-0.0424616	-0.0317539	
-0.0170907	-0.0154313	-0.0142618	-0.00995171	-0.00513089	4.80092e-05	0.0049076	0.0123733	0.0177777	0.0216941	0.021975	0.0210221	0.0148404	0.0043767	-0.00773231	-0.0220889	-0.0383565	-0.0524049	-0.0607022	-0.0651974	-0.061416	-0.0526625	-0.0413441	-0.0299074	-0.0171732	
-0.0144689	-0.012496	-0.0103342	-0.00581849	-0.000356264	0.00460087	0.011524	0.018772	0.0250211	0.0283634	0.0298106	0.0288729	0.0239043	0.0138596	0.00104124	-0.0135707	-0.0297946	-0.0421878	-0.0506322	-0.0536009	-0.0502198	-0.0406957	-0.0291144	-0.0162754	-0.003975	
-0.0100617	-0.00733344	-0.00531937	-0.000428362	0.00529954	0.0112332	0.0184669	0.0257193	0.0313772	0.0363156	0.038411	0.0377165	0.0322619	0.0225295	0.00957678	-0.00494054	-0.0205945	-0.0332629	-0.0410449	-0.0441104	-0.0395707	-0.0296042	-0.0161949	-0.00370081	0.0083181	
-0.00476261	-0.0021361	-0.000303052	0.00480445	0.0109474	0.0155471	0.0228648	0.0297129	0.0361566	0.041245	0.0435079	0.0417893	0.0367117	0.0275724	0.0151304	0.000259476	-0.0156868	-0.0284877	-0.0361738	-0.0395102	-0.0341213	-0.0237631	-0.00980395	0.00329767	0.0157242	
-0.000278871	0.0018329	0.00350927	0.00936843	0.0135441	0.0185188	0.0245683	0.0329631	0.0371939	0.0430329	0.0440317	0.0431556	0.0379372	0.0290457	0.0163134	0.000796854	-0.0147705	-0.0279357	-0.0357179	-0.0394065	-0.0336403	-0.0237468	-0.00954578	0.00460839	0.018073	
0.00353683	0.00509986	0.00650588	0.0105765	0.0156217	0.0189675	0.0263433	0.032062	0.0377019	0.0416085	0.0440152	0.0419923	0.0374237	0.0270751	0.0145121	-0.000443582	-0.0162108	-0.0300015	-0.0387755	-0.0417695	-0.0364691	-0.0264014	-0.0127815	0.00162134	0.0153539	
0.00617257	0.00742033	0.00769869	0.0115814	0.016055	0.019706	0.0257795	0.0319266	0.0375497	0.041683	0.0430214	0.0411485	0.0359772	0.0255523	0.0131275	-0.00239555	-0.0191659	-0.0328409	-0.041157	-0.0453818	-0.0411691	-0.0307658	-0.0167552	-0.00331733	0.0107319	
0.00634953	0.00745377	0.00747355	0.0107802	0.0149214	0.0182025	0.0244504	0.0302149	0.0355261	0.0392481	0.0404076	0.0391546	0.0334326	0.0230026	0.00950412	-0.00584333	-0.022969	-0.036391	-0.0455382	-0.050459	-0.0461692	-0.0366495	-0.0228822	-0.00857283	0.00568517	
0.00523176	0.00610088	0.00568308	0.00926741	0.0127902	0.0168399	0.0216645	0.0278811	0.031842	0.0366205	0.0372579	0.0363572	0.0303497	0.0198455	0.00595533	-0.00934331	-0.0267205	-0.0407275	-0.0503818	-0.0556485	-0.0521653	-0.0421451	-0.0281574	-0.0141643	-0.000970742	
0.00311381	0.0038909	0.00394421	0.00745264	0.0119002	0.0146297	0.0205401	0.0260728	0.0309757	0.034438	0.0360569	0.0341838	0.0290283	0.0179361	0.00493132	-0.0110001	-0.0289254	-0.044068	-0.0532172	-0.0587064	-0.0552683	-0.046126	-0.0331829	-0.0195938	-0.00534278	
0.000206986	0.000907925	0.00123658	0.00516759	0.00964696	0.0126624	0.0191839	0.0252308	0.0296336	0.0328912	0.034734	0.0328877	0.0280137	0.0172577	0.00395657	-0.0125368	-0.0299396	-0.0442482	-0.0545703	-0.0610392	-0.0575392	-0.0479068	-0.0357523	-0.0223728	-0.00801377	
-0.00292921	-0.001925	-0.00136717	0.00313633	0.00861533	0.0122737	0.0190011	0.0255569	0.0304684	0.0344434	0.0362697	0.0346141	0.0289748	0.0186262	0.00525259	-0.0105529	-0.0285763	-0.0441302	-0.0552471	-0.0610928	-0.057849	-0.0495553	-0.0368806	-0.0230101	-0.0091683	
-0.00532991	-0.00447952	-0.00413193	0.00033072	0.00601851	0.00979178	0.0166784	0.0237381	0.0294603	0.033302	0.0356531	0.0340638	0.0288278	0.0181046	0.00539316	-0.0112018	-0.0290465	-0.0446072	-0.055586	-0.0623361	-0.0595613	-0.0500204	-0.0370903	-0.0235467	-0.00994499	
-0.0068916	-0.00579286	-0.00531362	-0.00105744	0.00526333	0.0100998	0.0176994	0.0246229	0.030813	0.0351395	0.0381501	0.0372008	0.0319684	0.0217421	0.00834297	-0.00871179	-0.0271942	-0.0417453	-0.0531531	-0.0605195	-0.057961	-0.048682	-0.0353398	-0.0214531	-0.00668393	
-0.00726356	-0.00606284	-0.00552681	-0.000844044	0.00557721	0.0116524	0.0183209	0.0263391	0.0327805	0.038197	0.040637	0.040872	0.0360732	0.0259372	0.0122727	-0.00437991	-0.0228789	-0.0383282	-0.0500405	-0.0567001	-0.0538207	-0.0449076	-0.0321666	-0.0178101	-0.00289042	
-0.00714794	-0.00542782	-0.00386313	0.000800272	0.00743307	0.0130053	0.0202067	0.0288204	0.0362196	0.0415423	0.0444008	0.0452419	0.040337	0.030429	0.0174088	0.00114766	-0.0187261	-0.0343223	-0.0452812	-0.0523023	-0.050581	-0.0418228	-0.0290328	-0.0144251	0.000941014	
-0.00713155	-0.00494657	-0.00281748	0.00217927	0.00876794	0.0148478	0.022083	0.0308696	0.0383466	0.0436798	0.0474879	0.0481982	0.0441082	0.0331532	0.0210186	0.00437885	-0.0140417	-0.0304831	-0.042135	-0.0498441	-0.047584	-0.0387955	-0.0263631	-0.0112847	0.00476254	
-0.00529369	-0.0036698	-0.0016433	0.00336327	0.0108702	0.016009	0.023116	0.031197	0.0391791	0.0438524	0.0471311	0.0479704	0.0443087	0.0341797	0.0207985	0.00481283	-0.0138477	-0.0300989	-0.0427241	-0.0503262	-0.0484958	-0.0402622	-0.0278693	-0.0128906	0.00298942	
-0.00330311	-0.00250507	-0.00133803	0.00372295	0.0102883	0.0153428	0.021638	0.030231	0.0372476	0.0420837	0.045019	0.0456598	0.0413083	0.0318092	0.0195081	0.00329764	-0.0160307	-0.0324017	-0.0439591	-0.0518139	-0.0515929	-0.0434984	-0.0300979	-0.0149958	0.000748534	
-0.00132008	-0.000235936	0.000468017	0.00454293	0.0109861	0.015791	0.0225964	0.0304132	0.0378506	0.0426933	0.046259	0.0459069	0.0414309	0.0322069	0.0202849	0.00331553	-0.0152912	-0.0320002	-0.0444896	-0.0538496	-0.0530005	-0.0455368	-0.0331881	-0.0181443	-0.00157498	
0.000254391	0.00128976	0.00163399	0.00525877	0.010875	0.0158676	0.0220361	0.0300566	0.0367914	0.0413898	0.0449069	0.0456349	0.0410274	0.0315218	0.0189085	0.00299182	-0.0160799	-0.0328747	-0.0462165	-0.0544218	-0.0546004	-0.0479406	-0.0361819	-0.0217721	-0.00562348	
0.00142343	0.0022358	0.00311988	0.00654908	0.0114807	0.0158397	0.0216374	0.0292641	0.035539	0.0399332	0.0434335	0.0450823	0.0403217	0.0306958	0.0178153	0.00208926	-0.0166716	-0.0334688	-0.0468428	-0.0558515	-0.0554615	-0.0492638	-0.0382026	-0.0243247	-0.00776312	
0.00396997	0.00530019	0.00700164	0.0106021	0.0153179	0.0194914	0.0247856	0.0320127	0.0391213	0.0438223	0.0470998	0.0473277	0.0435327	0.0344695	0.0228405	0.0059322	-0.012846	-0.0298793	-0.0437405	-0.0535333	-0.0536951	-0.0469999	-0.036912	-0.0235792	-0.00801043	
0.00736149	0.00929228	0.0111361	0.0146355	0.019579	0.023968	0.029511	0.0366898	0.0435678	0.0478451	0.0506969	0.0514983	0.0475397	0.0384089	0.0266942	0.0110728	-0.00837755	-0.0264257	-0.040404	-0.0491904	-0.0502795	-0.0457818	-0.0355988	-0.0219985	-0.00623756	
0.0107154	0.0124536	0.0143517	0.0176371	0.0232604	0.02738	0.0331022	0.0385541	0.0451496	0.0487672	0.0528303	0.0531834	0.04922	0.0388955	0.0271629	0.0110881	-0.00805442	-0.0251713	-0.0389426	-0.0489617	-0.0517183	-0.0466352	-0.0368602	-0.0234728	-0.00790175	
0.0142616	0.0158101	0.0175672	0.021247	0.0264602	0.0305174	0.0346894	0.0402337	0.0461752	0.050309	0.0528017	0.0533048	0.0490289	0.039013	0.0257549	0.0092856	-0.00912053	-0.0267901	-0.0416994	-0.0529221	-0.0548169	-0.0504758	-0.0411145	-0.0277376	-0.0123223	
0.0173565	0.0189171	0.0201866	0.0226806	0.0277049	0.0309325	0.0360752	0.0412523	0.0476569	0.0494794	0.0520091	0.051188	0.0478993	0.0373706	0.0244924	0.00735014	-0.0119811	-0.030424	-0.0462145	-0.0570182	-0.059867	-0.055453	-0.0462692	-0.0330232	-0.0173366	
0.0199584	0.0217976	0.0221486	0.0241323	0.0287455	0.0323264	0.0368439	0.0424127	0.0473457	0.0496505	0.0510412	0.0506463	0.0454073	0.0360294	0.0226981	0.00555192	-0.0154148	-0.0339596	-0.0495667	-0.061664	-0.0655798	-0.0615325	-0.0522891	-0.0387718	-0.0235865	
