-0.021735	-0.0218434	-0.0210154	-0.0206445	-0.0197864	-0.0170168	-0.013052	-0.00975228	-0.00714827	-0.00396024	-0.00144745	0.000655447	0.000302004	-0.00224932	-0.00556096	-0.0094001	-0.0119235	-0.0126773	-0.0122671	-0.00955123	-0.00633629	-0.00359978	-0.000951647	0.00353648	0.00810391	
-0.0219108	-0.0209969	-0.0211394	-0.0216231	-0.0212191	-0.0187149	-0.015124	-0.0116516	-0.00807209	-0.00416512	-0.00159943	0.000411183	0.000243596	-0.0015809	-0.00473501	-0.00864951	-0.0106961	-0.0115026	-0.0115303	-0.00929276	-0.00671805	-0.00405572	-0.00115887	0.00314154	0.00789322	
-0.0185578	-0.0185594	-0.0205101	-0.0212761	-0.0207681	-0.0197154	-0.0170589	-0.0134015	-0.00878942	-0.0050151	-0.00281084	0.000269887	0.000446873	-0.00138654	-0.0047192	-0.00817683	-0.00968005	-0.010308	-0.0108247	-0.00952703	-0.00750144	-0.00485797	-0.00142973	0.00252077	0.00744954	
-0.0179472	-0.0180513	-0.0207935	-0.0213676	-0.0211796	-0.0207226	-0.0192125	-0.0148837	-0.010439	-0.00621387	-0.00262147	0.00109339	0.0013559	-7.0623e-05	-0.00185492	-0.00479164	-0.00544807	-0.00617298	-0.00725775	-0.00652546	-0.00516274	-0.00309269	-0.000834583	0.00250731	0.00638502	
-0.0160119	-0.0162507	-0.0185895	-0.0200775	-0.021577	-0.0223366	-0.020202	-0.0178057	-0.0138147	-0.00871451	-0.00414275	0.000106876	-0.000280936	-0.000385759	-0.00133053	-0.00324114	-0.00341581	-0.00375627	-0.0050036	-0.00426859	-0.00302553	-0.00180465	0.000269448	0.00232198	0.00616561	
-0.013306	-0.0128757	-0.0156228	-0.0182856	-0.0214075	-0.0222365	-0.021599	-0.0189807	-0.0162777	-0.0113054	-0.00604	-0.00171816	-0.000992288	-0.000849022	-0.00120259	-0.00305794	-0.00138951	-0.00132765	-0.00275936	-0.00238719	-0.00187471	-0.000961339	0.000264078	0.00218717	0.00425745	
-0.0117749	-0.0115555	-0.0142573	-0.0173028	-0.0206222	-0.0228767	-0.0218063	-0.0204288	-0.0167932	-0.0124789	-0.00860645	-0.00283736	-0.00123903	9.2192e-05	-0.000242422	-0.000347418	0.00226756	0.00312426	0.00152249	0.00130443	0.00130565	0.00172047	0.00301585	0.00272206	0.00428214	
-0.0110922	-0.0104477	-0.0143548	-0.0172348	-0.0203442	-0.0222004	-0.0229078	-0.0199971	-0.0171293	-0.0139852	-0.0102947	-0.00486683	-0.0017221	0.000607768	0.00232886	0.00257584	0.0063917	0.00734197	0.00586516	0.00514569	0.00464605	0.00494363	0.00437347	0.00355374	0.0032982	
-0.00800525	-0.00780354	-0.0116648	-0.0149869	-0.0184406	-0.021927	-0.0216729	-0.0204188	-0.0176386	-0.0152446	-0.0128251	-0.00687371	-0.00441555	-0.000715102	0.00137927	0.00256371	0.00661262	0.008846	0.0073524	0.00658034	0.00610727	0.00567771	0.00532536	0.00311037	0.00283968	
-0.0083607	-0.00794001	-0.0117576	-0.014158	-0.0183792	-0.0213385	-0.0219171	-0.0194844	-0.0181245	-0.0163039	-0.0131217	-0.00843899	-0.00511822	-0.000952448	0.00242701	0.00382869	0.00955048	0.0122916	0.0114341	0.0103669	0.00917528	0.00844386	0.00695426	0.0044578	0.00170614	
-0.00845502	-0.00818409	-0.0107997	-0.0134053	-0.0173333	-0.021025	-0.020668	-0.0196256	-0.0176939	-0.0155402	-0.013618	-0.00902432	-0.00677245	-0.00153709	0.00215793	0.00483663	0.0108314	0.0149492	0.014489	0.0138154	0.012469	0.0110705	0.00965732	0.00522612	0.00248956	
-0.00713327	-0.0065651	-0.00994722	-0.0123357	-0.0162644	-0.0187085	-0.019385	-0.0180103	-0.0161247	-0.0136098	-0.0114181	-0.00869916	-0.00613455	-0.00182949	0.00225835	0.00509963	0.0121176	0.0162413	0.0165855	0.0160338	0.0148227	0.0132625	0.0101792	0.0057745	0.00185051	
-0.006384	-0.00578307	-0.00927446	-0.0126795	-0.0155553	-0.0179205	-0.0182267	-0.0174176	-0.0147545	-0.0122799	-0.010946	-0.00761974	-0.00704227	-0.00355533	-6.85479e-05	0.00408855	0.0116818	0.0165405	0.0170275	0.0176263	0.0164753	0.0144945	0.0117138	0.00658974	0.00281463	
-0.00503068	-0.00502072	-0.00901971	-0.0118459	-0.0152133	-0.0172182	-0.0175883	-0.0160808	-0.0137466	-0.0118769	-0.00979077	-0.00717472	-0.0069144	-0.00539492	-0.00173916	0.00244946	0.0101208	0.0149862	0.0166092	0.0171813	0.0164781	0.0149729	0.012473	0.00814431	0.00269026	
-0.00437678	-0.00416646	-0.00775945	-0.0112178	-0.014122	-0.0164454	-0.0162254	-0.0134348	-0.011035	-0.00943725	-0.00725619	-0.00496822	-0.00633995	-0.00480988	-0.00248229	0.00112725	0.00860198	0.0145926	0.0162793	0.0170046	0.0165777	0.0159603	0.0138423	0.00810657	0.00293006	
-0.00430244	-0.00463013	-0.00788579	-0.0108353	-0.0144232	-0.0164562	-0.0147945	-0.0115412	-0.00892573	-0.00711689	-0.00535409	-0.0042488	-0.00477825	-0.0044418	-0.00301376	-7.38105e-05	0.00779142	0.0142855	0.0158508	0.0160993	0.0176154	0.0172828	0.0145814	0.00970635	0.00321078	
-0.00352338	-0.00311965	-0.00631355	-0.009859	-0.0134412	-0.0155505	-0.0136467	-0.0100085	-0.00746017	-0.006001	-0.0050889	-0.00453836	-0.0057568	-0.00567759	-0.00580096	-0.00312002	0.00505489	0.0108764	0.0121474	0.0141119	0.0152496	0.0158395	0.014294	0.00927194	0.00380766	
-0.000950065	-0.00146155	-0.00411095	-0.00729621	-0.0115115	-0.013254	-0.0109815	-0.00817933	-0.00476519	-0.00300059	-0.00338997	-0.00325057	-0.00500548	-0.00642241	-0.00675552	-0.00497626	0.00188855	0.00731636	0.00937214	0.0108235	0.012004	0.0125457	0.0117461	0.00738409	0.00122623	
-0.00249326	-0.00288035	-0.00534088	-0.00855378	-0.0119431	-0.0130466	-0.0119556	-0.00819871	-0.00417375	-0.00265839	-0.0018782	-0.00248845	-0.00427893	-0.00530864	-0.00645471	-0.00483203	0.00131881	0.00676082	0.0095938	0.010986	0.0116334	0.0127258	0.0117966	0.00692343	0.0020284	
-0.000896705	-0.00206921	-0.00446037	-0.00759818	-0.0101323	-0.0114018	-0.0105602	-0.00718052	-0.00350013	-0.00178603	-0.00123638	-0.0018723	-0.00397719	-0.00599955	-0.00728521	-0.00609025	-0.00123848	0.00444629	0.00769286	0.00831361	0.01032	0.0100439	0.00896931	0.00611785	0.000912058	
0.00170163	0.000350959	-0.00248268	-0.0049755	-0.00689187	-0.00883401	-0.00797403	-0.00547051	-0.00226927	-0.001105	0.000435228	-0.00100016	-0.00345271	-0.00565177	-0.00731219	-0.00663437	-0.00236275	0.00241626	0.00523089	0.00629761	0.00634417	0.00615501	0.00494525	0.00215866	-0.00186225	
0.00438743	0.00209227	-0.00104879	-0.00337655	-0.00540722	-0.00706528	-0.00593209	-0.00360088	-0.00129624	0.000616258	0.00117261	0.000416691	-0.0031292	-0.0053256	-0.00698434	-0.00719768	-0.00273271	0.00130491	0.00332168	0.00395069	0.00344004	0.00267483	0.00180772	-0.00169265	-0.00457819	
0.00643677	0.00283273	-0.000408547	-0.00348155	-0.00688683	-0.00781618	-0.00648604	-0.00453225	-0.00176297	-0.000853151	0.000714906	-0.000809975	-0.00378564	-0.00596671	-0.00816662	-0.00750086	-0.00295729	0.000375774	0.00211724	0.00286577	0.00231223	0.00150128	0.000433417	-0.00258509	-0.00448383	
0.0101641	0.00723107	0.00282888	-0.00165998	-0.00582838	-0.00677858	-0.00590535	-0.00209408	-0.000511532	0.000835337	0.00238812	0.000151402	-0.00217453	-0.00465871	-0.00762167	-0.00645452	-0.0028582	-0.000844303	0.00144551	0.000513149	0.000861798	-0.00125052	-0.00165019	-0.00384989	-0.00682084	
0.0156163	0.0118541	0.00705409	0.00178709	-0.00269869	-0.00489358	-0.00266317	-0.000555951	0.00294022	0.0036725	0.00529802	0.00340768	0.00147675	-0.00189477	-0.00486638	-0.00413251	-0.00192277	0.000324924	0.00114509	-0.000289484	-0.00110641	-0.00213023	-0.00341747	-0.00552528	-0.00878699	
0.0217736	0.017255	0.0110534	0.00570502	0.000987079	-0.00167571	-0.000591066	0.00249154	0.0055065	0.00742012	0.00860222	0.00759044	0.00471193	0.00138099	-0.00195481	-0.0024379	0.000145773	0.00102459	0.000769188	-0.00129749	-0.00281651	-0.00357889	-0.00437489	-0.00731545	-0.00844272	
0.0274027	0.0213102	0.0150731	0.00849291	0.00316235	0.000639568	0.000863922	0.0034386	0.00785677	0.0092048	0.010717	0.0107114	0.00701562	0.00444011	0.00111085	-0.000313932	0.00166794	0.00262865	0.00128973	-0.000206345	-0.00222666	-0.00275732	-0.00248447	-0.00510114	-0.00534223	
0.0330351	0.0281299	0.0199901	0.0138252	0.00819057	0.00529691	0.00471749	0.00927874	0.0117531	0.0138996	0.0165874	0.0151225	0.0133558	0.0108851	0.00675341	0.00447879	0.00566205	0.00499192	0.00495325	0.00133669	0.000538718	-0.000842401	9.02961e-05	-0.00183402	-0.00361179	
0.0408788	0.0357818	0.0276455	0.0209247	0.0156946	0.0119405	0.0129584	0.0158652	0.0194133	0.0215348	0.0243844	0.0235244	0.0221603	0.0195647	0.0149159	0.0115932	0.0107665	0.00993291	0.00827731	0.00510085	0.00333716	0.00206328	0.00223689	0.000681456	-0.000870085	
0.0493124	0.0426137	0.0345106	0.0283613	0.0223708	0.0189198	0.0196606	0.0217073	0.0251081	0.0279718	0.0310083	0.0305249	0.0292206	0.0263898	0.0214023	0.0174846	0.0158812	0.0143485	0.0127985	0.00988017	0.00750825	0.0062414	0.00660389	0.0059516	0.00472754	
0.0564879	0.0498984	0.0423438	0.0354033	0.0294191	0.0266431	0.0264262	0.0285877	0.0325806	0.0355976	0.0384762	0.0395125	0.03646	0.034651	0.029042	0.0243771	0.0224936	0.0202705	0.0179887	0.0156712	0.0123179	0.0112554	0.0128632	0.0107703	0.0113348	
0.0628078	0.0579418	0.0496564	0.0432872	0.037414	0.0343184	0.0342458	0.037339	0.0409516	0.0442946	0.0476912	0.0480615	0.0458951	0.0432837	0.0379459	0.0327084	0.0305295	0.0268548	0.0248774	0.0216409	0.0188103	0.0179279	0.0187455	0.0171413	0.0176368	
0.0678233	0.0634495	0.0558443	0.0488002	0.0438088	0.0398032	0.0408432	0.0441086	0.0481705	0.0524284	0.0557286	0.0563379	0.054685	0.0510615	0.0462988	0.0412231	0.038179	0.0348783	0.0320347	0.0283043	0.0259288	0.0249327	0.0253873	0.0243051	0.0246208	
0.0714649	0.0662024	0.0592756	0.0525223	0.0471072	0.0439044	0.0441082	0.04823	0.0529987	0.0570878	0.061225	0.0618809	0.0594927	0.0561292	0.0510836	0.0465909	0.0439233	0.0412007	0.0374872	0.0339624	0.031942	0.0316979	0.0326912	0.0318719	0.0322834	
0.0693549	0.0651776	0.0582825	0.0529879	0.0475024	0.0450582	0.0456008	0.0501421	0.0557474	0.0603027	0.0647377	0.0663479	0.0638994	0.0608124	0.0559557	0.0516106	0.0494764	0.0468909	0.0429365	0.0386785	0.0375261	0.0367537	0.0374331	0.0370441	0.037231	
0.0637701	0.0613423	0.054212	0.0498193	0.0448733	0.0420059	0.0433961	0.0480786	0.0536774	0.0579895	0.0632026	0.0648611	0.0628243	0.0609368	0.0555641	0.0506776	0.0498475	0.0466318	0.0431279	0.0402653	0.0379636	0.03833	0.0394629	0.0386592	0.0409105	
0.0519877	0.0486409	0.0439031	0.0385076	0.0345497	0.031224	0.033949	0.0376974	0.0440447	0.0492632	0.0540322	0.0568997	0.0567397	0.0545019	0.050145	0.0459412	0.0444971	0.0439139	0.0409139	0.0385762	0.0376523	0.0382963	0.0392675	0.0400089	0.041681	
0.0360724	0.0328708	0.0290853	0.0244418	0.0207914	0.0187628	0.0198283	0.0250139	0.0303006	0.0359515	0.0413631	0.0445055	0.0445928	0.0440581	0.0389915	0.0354515	0.0353628	0.0345287	0.033343	0.0319346	0.0315234	0.0326792	0.0352837	0.0352524	0.0388561	
0.0157246	0.0142069	0.0109396	0.0076471	0.00404031	0.00274187	0.00344241	0.00783804	0.013691	0.0195501	0.0248732	0.0287566	0.0294197	0.0284828	0.0248503	0.0211318	0.0212848	0.0214822	0.0214222	0.0205874	0.0209318	0.0226995	0.0248754	0.0260878	0.0291455	
-0.00472477	-0.00524392	-0.00878349	-0.011319	-0.0147648	-0.0165043	-0.0156867	-0.0116582	-0.00646867	-0.000826941	0.00493325	0.00753399	0.00938204	0.00817765	0.00513473	0.0018126	0.00250759	0.00323107	0.00453735	0.00442948	0.00557733	0.00824615	0.0104366	0.0121262	0.0150718	
-0.0229041	-0.0237928	-0.0264668	-0.0306909	-0.033693	-0.036	-0.0350429	-0.0318572	-0.0262966	-0.021659	-0.0167115	-0.0136621	-0.0129461	-0.0137032	-0.0167893	-0.0190683	-0.0189831	-0.0164097	-0.0153507	-0.0141717	-0.011643	-0.00921632	-0.00653178	-0.00484479	-0.00173978	
-0.0366491	-0.0369719	-0.0405166	-0.0440095	-0.0486129	-0.0509173	-0.0502251	-0.0471908	-0.0421477	-0.038228	-0.0336585	-0.0313272	-0.0316093	-0.0325605	-0.0357717	-0.0384625	-0.0372752	-0.0358764	-0.0342022	-0.0328984	-0.0305309	-0.0280916	-0.0257483	-0.0243249	-0.0222817	
-0.0444399	-0.0444561	-0.0484298	-0.053003	-0.0576281	-0.0609914	-0.0601521	-0.0575364	-0.0536425	-0.0503889	-0.047809	-0.0457007	-0.0476759	-0.0489352	-0.0521127	-0.0549893	-0.0533611	-0.0523075	-0.0512265	-0.0496308	-0.0477905	-0.0455309	-0.0434833	-0.0430911	-0.040865	
-0.045512	-0.0459092	-0.0498088	-0.0546042	-0.0598958	-0.0639191	-0.0637272	-0.0616274	-0.0589583	-0.0570158	-0.0547091	-0.0546806	-0.0565262	-0.0589996	-0.0627346	-0.0653059	-0.0641792	-0.0626774	-0.0621573	-0.0604773	-0.0591202	-0.0577003	-0.0566551	-0.056551	-0.0553132	
-0.0395909	-0.0404535	-0.0442381	-0.0491859	-0.0546359	-0.0583922	-0.058908	-0.0569382	-0.0555867	-0.0535515	-0.0531512	-0.0529136	-0.0558588	-0.0590454	-0.0631533	-0.0662131	-0.0649956	-0.0640288	-0.0634004	-0.0635472	-0.0623403	-0.0634675	-0.0634872	-0.0649265	-0.0654398	
-0.0264503	-0.0270961	-0.0314786	-0.035758	-0.0417097	-0.0457594	-0.0468032	-0.0462102	-0.0448148	-0.0449756	-0.0442439	-0.0455483	-0.0492908	-0.05272	-0.0577727	-0.0616594	-0.059435	-0.0597246	-0.0600014	-0.0597319	-0.0616935	-0.0626496	-0.064329	-0.0680736	-0.0684181	
-0.0118486	-0.0117026	-0.0160663	-0.0209071	-0.0258731	-0.0302638	-0.0318269	-0.0316062	-0.0319555	-0.0315484	-0.0323538	-0.0339507	-0.0370284	-0.0424822	-0.0469096	-0.0506118	-0.0501084	-0.0495878	-0.0510226	-0.0529285	-0.054344	-0.0574417	-0.061017	-0.0637447	-0.0669678	
0.00126266	0.00108473	-0.00330705	-0.00805462	-0.0133746	-0.0180195	-0.0192338	-0.0203327	-0.0199128	-0.02049	-0.0211409	-0.0225256	-0.0267027	-0.0306175	-0.0358243	-0.0384314	-0.0371771	-0.0367166	-0.0381597	-0.0395746	-0.042178	-0.0452474	-0.0480195	-0.0530192	-0.0548886	
0.0104295	0.0114876	0.00732644	0.0026551	-0.0021444	-0.00597833	-0.00830618	-0.00865203	-0.00837893	-0.00903514	-0.00976297	-0.0100725	-0.0139334	-0.0176016	-0.0211949	-0.024398	-0.0222956	-0.0217149	-0.0231406	-0.0247103	-0.0273864	-0.030372	-0.0342894	-0.0384675	-0.0414724	
0.0182855	0.0202198	0.0168624	0.0127196	0.00822943	0.00338287	0.00228482	0.00167099	0.0015888	0.00148313	0.000441154	0.000860257	-0.00244926	-0.0055095	-0.00922362	-0.0117446	-0.0101834	-0.00914996	-0.0106944	-0.0120244	-0.0147539	-0.0177703	-0.0211442	-0.0252801	-0.0279897	
