-0.111759	-0.0918951	-0.073949	-0.0644975	-0.0604425	-0.0521366	-0.0392574	-0.0248123	-0.011851	0.00407064	0.0250352	0.042091	0.0548862	0.0561288	0.0508999	0.054518	0.0524554	0.0405102	0.0282251	0.0145618	0.000665063	-0.0157251	-0.0297371	-0.0338799	-0.0337382	
-0.113454	-0.0958213	-0.0800396	-0.0714878	-0.0676039	-0.0600323	-0.0495971	-0.03764	-0.0258087	-0.0114388	0.00772052	0.023845	0.036542	0.0420702	0.0439535	0.0520655	0.0561824	0.0521053	0.0432894	0.030182	0.0159393	-0.00144761	-0.0179449	-0.0262724	-0.0287851	
-0.117552	-0.100858	-0.0849136	-0.0772161	-0.073624	-0.0664601	-0.0573394	-0.0461588	-0.0341578	-0.0191476	-0.00343862	0.0062436	0.0170569	0.0234128	0.0266303	0.0405581	0.0520152	0.054226	0.0546782	0.0480287	0.0319075	0.0126912	-0.00365571	-0.0127092	-0.0152413	
-0.118313	-0.0994251	-0.0828268	-0.0757853	-0.073929	-0.0701	-0.0644858	-0.0550569	-0.0440626	-0.0293085	-0.0143658	-0.0079595	0.000230553	0.00877591	0.0159033	0.030053	0.0420957	0.0485283	0.0526798	0.0496354	0.0394142	0.0271218	0.0169486	0.0104731	0.00460212	
-0.110149	-0.0886067	-0.07095	-0.0652546	-0.0675264	-0.0708047	-0.0710934	-0.0652498	-0.0583824	-0.0446661	-0.0276273	-0.0193207	-0.00989295	-0.000178941	0.0073243	0.0190706	0.0294276	0.0362193	0.0418217	0.0458016	0.0452396	0.0392593	0.0341323	0.0305331	0.023975	
-0.102835	-0.079637	-0.0613427	-0.0557843	-0.0584175	-0.0650994	-0.07117	-0.0686072	-0.0641409	-0.0565436	-0.0430008	-0.0307801	-0.0206941	-0.0139341	-0.00620791	0.00404666	0.0140132	0.0264138	0.0376733	0.0444484	0.046015	0.0440914	0.044763	0.0458612	0.0421536	
-0.0985224	-0.0740714	-0.0550668	-0.0474995	-0.0472557	-0.054512	-0.063888	-0.0651278	-0.0650251	-0.0616831	-0.0533031	-0.0445611	-0.0337973	-0.0256796	-0.0200555	-0.0130612	-0.00267279	0.0121771	0.0277441	0.041148	0.0481314	0.0513489	0.0563497	0.0586675	0.0551242	
-0.0925387	-0.0674888	-0.0479656	-0.0402451	-0.0397254	-0.0451742	-0.0549822	-0.0613906	-0.06424	-0.061859	-0.0567144	-0.049948	-0.0415433	-0.0361283	-0.031652	-0.0288314	-0.02391	-0.00998945	0.0114765	0.0350112	0.0499931	0.0582308	0.0669027	0.0705003	0.0656258	
-0.0864849	-0.0608827	-0.0425517	-0.0355829	-0.0340526	-0.038916	-0.0470805	-0.0523797	-0.0584319	-0.0590379	-0.0537775	-0.0500535	-0.0488798	-0.0463144	-0.0428815	-0.044468	-0.0403046	-0.0239764	-0.00216408	0.0227135	0.0418721	0.0559205	0.0705485	0.0778166	0.0746765	
-0.0827431	-0.0588073	-0.0406646	-0.0297956	-0.0245817	-0.0275034	-0.0342584	-0.0409879	-0.048363	-0.0527767	-0.0546316	-0.0530746	-0.0526049	-0.0522691	-0.0493813	-0.0522626	-0.0504228	-0.0357329	-0.0147309	0.010338	0.0299495	0.0452013	0.0644057	0.0797369	0.0834334	
-0.077641	-0.0541978	-0.033517	-0.0184633	-0.00798892	-0.0105233	-0.0235062	-0.0337394	-0.0397713	-0.0456345	-0.0495789	-0.0488256	-0.0511163	-0.0518096	-0.050707	-0.0595123	-0.0611696	-0.04556	-0.0234451	-0.000124928	0.0173365	0.0348026	0.0584812	0.0757061	0.0795133	
-0.0664073	-0.0460242	-0.0255188	-0.00613071	0.00726297	0.00428389	-0.0088837	-0.0217695	-0.0278883	-0.0305472	-0.0366352	-0.040888	-0.0461582	-0.0501815	-0.053346	-0.0636346	-0.0648431	-0.0501552	-0.0297874	-0.00774461	0.0100271	0.026654	0.0462584	0.0620336	0.06937	
-0.0503624	-0.0345593	-0.0141344	0.00700999	0.02087	0.0207484	0.00930375	-0.00367334	-0.00863106	-0.0137175	-0.0218631	-0.0261233	-0.0356855	-0.0448029	-0.0510059	-0.0633095	-0.0651827	-0.0498649	-0.028905	-0.00996546	0.00174921	0.0141269	0.032607	0.0473937	0.0532655	
-0.024	-0.011352	0.00312866	0.0203645	0.033491	0.0338508	0.0273507	0.0193369	0.0136984	0.0069362	-0.00217282	-0.00955756	-0.0204875	-0.0302792	-0.040062	-0.0535697	-0.0558015	-0.0440772	-0.02882	-0.0161958	-0.00615903	0.00642726	0.0196523	0.0290103	0.0351893	
0.00315427	0.0141892	0.0256476	0.040485	0.0505342	0.0535124	0.0511211	0.0421853	0.0358003	0.0265924	0.0142362	0.00814686	0.000870502	-0.00690552	-0.0160242	-0.030036	-0.0383429	-0.0359806	-0.0273572	-0.0189092	-0.0118985	-0.00339355	0.00532572	0.0120437	0.0164875	
0.0231877	0.0351794	0.0486982	0.0622192	0.0717853	0.0758355	0.0742133	0.0678991	0.0609331	0.0490826	0.036947	0.0289801	0.0222524	0.0188725	0.0118315	-0.000501641	-0.0111195	-0.0165606	-0.0167255	-0.0180988	-0.018039	-0.0125288	-0.00831371	-0.00669412	-0.0029848	
0.0324214	0.0424661	0.0572312	0.0767674	0.0902617	0.0964656	0.0989315	0.0942661	0.0874787	0.0769596	0.0628643	0.052058	0.0482498	0.0478947	0.0427209	0.0335331	0.0202533	0.00666357	-0.00234351	-0.0106766	-0.0135944	-0.013985	-0.0204757	-0.0250489	-0.0211327	
0.031408	0.0406087	0.0592748	0.0846242	0.103424	0.113872	0.114401	0.108702	0.104348	0.0974183	0.0899505	0.0839715	0.0824155	0.0824595	0.076074	0.0671482	0.0523396	0.033794	0.0193681	0.00440819	-0.00755892	-0.0156123	-0.024828	-0.0313808	-0.0308933	
0.013065	0.0278774	0.0507592	0.0802933	0.105719	0.11984	0.122216	0.117211	0.11049	0.107628	0.108485	0.10845	0.114372	0.118298	0.112545	0.10641	0.0915765	0.0675417	0.0421825	0.0153141	-0.00129221	-0.00965805	-0.0211284	-0.028408	-0.0260142	
-0.0267118	-0.0048342	0.0260981	0.0607369	0.0879426	0.10799	0.118232	0.117329	0.111904	0.110854	0.116157	0.124308	0.13847	0.146611	0.143729	0.139803	0.125703	0.0997624	0.0697033	0.0393369	0.0173978	0.001274	-0.0123973	-0.0186527	-0.0177214	
-0.0778366	-0.0529678	-0.016376	0.0184165	0.0475498	0.0740843	0.094257	0.106204	0.107351	0.108999	0.117877	0.128724	0.145789	0.157115	0.158866	0.161442	0.153595	0.130734	0.100198	0.0681375	0.0430671	0.0237397	0.00697173	-0.00314582	-0.00311339	
-0.130451	-0.106171	-0.0709712	-0.0341827	0.000276395	0.0314592	0.0578238	0.0748546	0.0795829	0.0868319	0.100556	0.117025	0.139473	0.156191	0.166235	0.174201	0.169991	0.150239	0.119805	0.091288	0.0721692	0.0544647	0.0364776	0.0255242	0.0250618	
-0.17358	-0.15612	-0.126559	-0.0907777	-0.0529666	-0.0175624	0.00922216	0.0267675	0.0365889	0.0505059	0.0708818	0.0936496	0.118254	0.138225	0.1551	0.168772	0.170911	0.156041	0.131274	0.11279	0.0985899	0.0826077	0.0710345	0.0646026	0.0631365	
-0.210973	-0.201997	-0.180586	-0.150356	-0.1108	-0.0720378	-0.0410291	-0.0172647	-0.00161149	0.0149909	0.0345004	0.0555151	0.0767201	0.0977955	0.122594	0.143092	0.152609	0.14803	0.133728	0.125676	0.122132	0.115144	0.106059	0.0979559	0.097222	
-0.239043	-0.234331	-0.219317	-0.195173	-0.160303	-0.12165	-0.0851125	-0.0562685	-0.0371774	-0.0220993	-0.00754188	0.00936479	0.0251872	0.0462022	0.0756136	0.0996246	0.11696	0.123783	0.122912	0.130755	0.138008	0.135343	0.130355	0.126667	0.12916	
-0.25087	-0.2487	-0.238388	-0.222498	-0.194838	-0.157546	-0.120123	-0.091008	-0.0714034	-0.0600397	-0.0506417	-0.0368112	-0.0252754	-0.00714275	0.0225846	0.0502044	0.0736189	0.0883697	0.0989776	0.116542	0.130992	0.139638	0.147542	0.153178	0.161092	
-0.248567	-0.249837	-0.246685	-0.237364	-0.213561	-0.179874	-0.145748	-0.118144	-0.0990666	-0.0909586	-0.0841734	-0.0728592	-0.0669155	-0.0533712	-0.0274686	-0.00347569	0.0207701	0.0440779	0.0654941	0.0896491	0.113044	0.134612	0.152633	0.16598	0.179298	
-0.237097	-0.245494	-0.248233	-0.239623	-0.21864	-0.190286	-0.159948	-0.13424	-0.115189	-0.107116	-0.102868	-0.0981006	-0.0980853	-0.0915113	-0.0757854	-0.0556451	-0.0291553	-0.000246068	0.0312731	0.0631546	0.0896792	0.114009	0.138457	0.161402	0.180994	
-0.219342	-0.233948	-0.237279	-0.227717	-0.209359	-0.185469	-0.161695	-0.141112	-0.122383	-0.114636	-0.11451	-0.116048	-0.12062	-0.120078	-0.110119	-0.0917359	-0.0676093	-0.0361282	0.00134582	0.0312369	0.0557787	0.0849258	0.115271	0.142813	0.164911	
-0.189303	-0.207205	-0.213271	-0.206415	-0.190686	-0.172408	-0.156516	-0.14046	-0.124832	-0.117837	-0.118294	-0.12544	-0.132054	-0.13115	-0.125466	-0.113279	-0.0949054	-0.0653163	-0.0281668	-0.000170069	0.0242685	0.0534143	0.0838462	0.114206	0.13873	
-0.149455	-0.170584	-0.181963	-0.179573	-0.169357	-0.156967	-0.143572	-0.130218	-0.118655	-0.111562	-0.115062	-0.126246	-0.128943	-0.128738	-0.129934	-0.122528	-0.110279	-0.0866416	-0.0525519	-0.0265387	-0.00432702	0.0222003	0.0524288	0.0842889	0.107291	
-0.110083	-0.134397	-0.149362	-0.153129	-0.150341	-0.140176	-0.124976	-0.109715	-0.098892	-0.0952291	-0.102048	-0.113834	-0.118308	-0.121942	-0.125148	-0.122387	-0.115464	-0.094233	-0.0659096	-0.0472657	-0.0292298	-0.00406769	0.0254605	0.0529929	0.0691491	
-0.0803774	-0.106124	-0.12247	-0.130582	-0.13163	-0.123725	-0.106404	-0.0869103	-0.07757	-0.0732911	-0.0765606	-0.0903636	-0.0989585	-0.104734	-0.112832	-0.116198	-0.110103	-0.0928808	-0.0734893	-0.0570334	-0.0398184	-0.021843	-0.00178771	0.0181042	0.0303159	
-0.0613047	-0.0873661	-0.103077	-0.110735	-0.114293	-0.110033	-0.0931228	-0.0749555	-0.062326	-0.0502523	-0.0512197	-0.0621123	-0.0684485	-0.0776903	-0.0906806	-0.0989267	-0.0963125	-0.0844428	-0.0712947	-0.05743	-0.0449949	-0.0344147	-0.0219108	-0.0122026	-0.010165	
-0.0510549	-0.0800096	-0.0951573	-0.10262	-0.106564	-0.10185	-0.0879449	-0.0688593	-0.0483249	-0.0358196	-0.034807	-0.0360596	-0.0409004	-0.049237	-0.0588899	-0.0699139	-0.069575	-0.0622782	-0.0589676	-0.0539301	-0.04974	-0.0456347	-0.0392793	-0.0391011	-0.0446358	
-0.0433161	-0.0744751	-0.091761	-0.103086	-0.107403	-0.105388	-0.0942789	-0.0711673	-0.048101	-0.0335352	-0.022077	-0.0139749	-0.0157384	-0.0209486	-0.0295969	-0.0391297	-0.0365954	-0.0351216	-0.0419392	-0.0444662	-0.0463762	-0.0509838	-0.0566832	-0.0628599	-0.0663642	
-0.0317292	-0.0651974	-0.0889433	-0.106454	-0.116152	-0.117729	-0.106564	-0.0847782	-0.0584325	-0.0341873	-0.0134768	0.00147239	0.00251198	-0.00239162	-0.00709586	-0.011076	-0.010373	-0.0143608	-0.0239471	-0.0302719	-0.0372615	-0.0474857	-0.0590543	-0.0715345	-0.0838899	
-0.0229057	-0.0621605	-0.092029	-0.11396	-0.125262	-0.122329	-0.112185	-0.0937153	-0.0645741	-0.0387332	-0.0151023	0.00238937	0.00459305	0.00510587	0.00769733	0.00936581	0.00886932	0.000382589	-0.00962785	-0.0164683	-0.0244724	-0.0357049	-0.0525222	-0.0737241	-0.0942876	
-0.00711972	-0.0514098	-0.0884609	-0.116132	-0.126516	-0.123843	-0.117098	-0.100336	-0.0742686	-0.0472172	-0.020192	-0.00237802	0.00495868	0.0078368	0.00984765	0.0168176	0.0178422	0.00986526	0.00390084	-0.00398085	-0.0139484	-0.0279518	-0.0534952	-0.078145	-0.0933113	
0.0215382	-0.0269371	-0.0741417	-0.107247	-0.121454	-0.125583	-0.120977	-0.109288	-0.0882247	-0.0576017	-0.0289527	-0.00658811	0.00802293	0.00995421	0.0142305	0.0236121	0.0189254	0.00886339	0.00290046	-0.00621062	-0.0159866	-0.0306746	-0.0527873	-0.0731904	-0.0899723	
0.0488123	-0.00348933	-0.0543706	-0.0889616	-0.109049	-0.117853	-0.118144	-0.112878	-0.0969869	-0.0691968	-0.0387441	-0.0103206	0.0101505	0.0171265	0.0236121	0.0264471	0.0128056	-0.0039361	-0.0162059	-0.0236336	-0.0261405	-0.0353872	-0.0499707	-0.0658531	-0.0836956	
0.071713	0.0200831	-0.0284486	-0.0651697	-0.0907643	-0.105248	-0.110785	-0.106476	-0.0941541	-0.0688206	-0.0364391	-0.00996667	0.00938965	0.0179282	0.0187455	0.0127555	-0.00319506	-0.0188415	-0.0294604	-0.0352438	-0.0372555	-0.044294	-0.0555939	-0.0655603	-0.0741456	
0.0857743	0.0425762	-0.000358332	-0.0343167	-0.061641	-0.0815971	-0.0890894	-0.0888458	-0.0819868	-0.0613743	-0.0352858	-0.0147059	0.00026184	0.00974473	0.00886862	-0.00350394	-0.0182221	-0.0306961	-0.0390728	-0.0422356	-0.0474207	-0.0541167	-0.0595912	-0.0683348	-0.0775236	
0.0963585	0.0637728	0.0307492	0.0025205	-0.0252766	-0.0483553	-0.0611157	-0.0694319	-0.0688603	-0.058204	-0.0425027	-0.0249419	-0.0101265	0.00409294	0.00383151	-0.0144558	-0.027317	-0.0374743	-0.0481384	-0.051723	-0.0572785	-0.0618216	-0.0658233	-0.0787905	-0.0886129	
0.115546	0.0889718	0.0631348	0.0320732	0.00177407	-0.0238834	-0.0440569	-0.0538739	-0.0553822	-0.0534228	-0.0453015	-0.0315621	-0.017022	-0.00333365	-0.0043161	-0.0204846	-0.0313348	-0.0386219	-0.0495826	-0.0601558	-0.0699643	-0.0768632	-0.0834776	-0.0905564	-0.0903024	
0.132863	0.114269	0.0906546	0.0566026	0.0252747	-0.0031817	-0.027966	-0.0384259	-0.0441065	-0.0498205	-0.0473723	-0.038481	-0.0248023	-0.0128512	-0.013335	-0.0218234	-0.0317154	-0.0418117	-0.0529427	-0.0677117	-0.0819888	-0.091446	-0.0956249	-0.0949286	-0.0933328	
0.144692	0.138167	0.116153	0.0860206	0.0536532	0.021897	-0.00465466	-0.0224716	-0.0352799	-0.0467709	-0.0521453	-0.0482104	-0.0352453	-0.0258948	-0.0268268	-0.0295379	-0.0368577	-0.0463282	-0.0551392	-0.0722058	-0.0890536	-0.0966091	-0.0994802	-0.0992186	-0.0975167	
0.155332	0.158663	0.142144	0.116829	0.0836253	0.0508658	0.0230908	-0.00431838	-0.0242534	-0.0410233	-0.057463	-0.0586942	-0.0506925	-0.0499532	-0.0473182	-0.0423521	-0.0462348	-0.04968	-0.0567662	-0.0762384	-0.0905971	-0.0968981	-0.102049	-0.0976498	-0.087828	
0.161837	0.173482	0.16667	0.145013	0.113665	0.0817243	0.0492082	0.0141612	-0.015352	-0.040687	-0.0626582	-0.0698008	-0.0705118	-0.0733179	-0.0664947	-0.0570689	-0.0550183	-0.0569874	-0.0678272	-0.0809606	-0.0873677	-0.0942047	-0.0953599	-0.0844595	-0.0769952	
0.16684	0.186774	0.187104	0.16782	0.138333	0.10425	0.0645113	0.0255578	-0.0136683	-0.0460086	-0.0656506	-0.0816331	-0.0906956	-0.0882561	-0.0831514	-0.0748747	-0.0635204	-0.0657623	-0.0767048	-0.0792901	-0.0841789	-0.0910296	-0.0842443	-0.0757495	-0.0790024	
