-0.0167148	-0.013983	-0.0119776	-0.0114347	-0.0125139	-0.016354	-0.0221031	-0.0256401	-0.0275563	-0.0253952	-0.021562	-0.0169067	-0.0118578	-0.00818379	-0.00441951	-0.00141873	0.000630029	0.000300184	-0.0013664	-0.00415989	-0.00722605	-0.00741356	-0.00533441	-0.000520148	0.00708419	
-0.0168696	-0.016337	-0.0147205	-0.0140102	-0.0142769	-0.0171561	-0.022622	-0.0261571	-0.0282674	-0.0263554	-0.0223266	-0.0170021	-0.0108259	-0.00639746	-0.0013722	0.00216327	0.00451973	0.004985	0.00290048	-0.000813687	-0.00543456	-0.00853128	-0.00951678	-0.00686326	-0.00108448	
-0.0143942	-0.015598	-0.0155084	-0.0156929	-0.0166036	-0.0186098	-0.0243002	-0.0294338	-0.0324366	-0.0319955	-0.0276693	-0.0207004	-0.0127307	-0.00604711	0.00108276	0.00562982	0.00852993	0.00959679	0.00703707	0.00224191	-0.00393625	-0.0099535	-0.0142221	-0.0138409	-0.0100486	
-0.013082	-0.0153361	-0.0156089	-0.0154772	-0.0146626	-0.0173138	-0.0228421	-0.0272319	-0.0316357	-0.0317887	-0.0285386	-0.0220067	-0.013504	-0.00714686	0.000681799	0.0054551	0.00896444	0.0109459	0.00808285	0.00306258	-0.00454017	-0.0126165	-0.0185924	-0.0198039	-0.0168488	
-0.0158385	-0.0169642	-0.0166422	-0.0157085	-0.0150619	-0.0147559	-0.0193526	-0.0246168	-0.027413	-0.0279665	-0.024006	-0.0172386	-0.00996811	-0.00388288	0.00372363	0.0084328	0.0116715	0.0135762	0.00970726	0.00230155	-0.007346	-0.0184703	-0.0273037	-0.0290382	-0.0266411	
-0.0213401	-0.0230866	-0.022085	-0.0196935	-0.0160891	-0.0163654	-0.0195418	-0.0217343	-0.0245413	-0.0237418	-0.0196932	-0.012414	-0.00329462	0.00313469	0.011733	0.0161939	0.0189733	0.020147	0.014231	0.00531002	-0.0076835	-0.0229277	-0.0355727	-0.04162	-0.041328	
-0.0258626	-0.0261138	-0.0247374	-0.022277	-0.0191842	-0.0160682	-0.0178754	-0.0214315	-0.0232547	-0.0235857	-0.01863	-0.00950508	0.000546044	0.00939983	0.019269	0.0244654	0.0269787	0.0274376	0.0204391	0.00863789	-0.00669982	-0.0255562	-0.0427473	-0.0513655	-0.0542765	
-0.0267746	-0.0276041	-0.0259031	-0.0219135	-0.0161215	-0.0133871	-0.0144978	-0.0167199	-0.0203875	-0.0208369	-0.0167807	-0.00863833	0.00164505	0.00936442	0.019417	0.0247867	0.0279882	0.0294496	0.0220476	0.010646	-0.00592924	-0.0263584	-0.0443497	-0.0553667	-0.0593647	
-0.0245034	-0.0243716	-0.0226415	-0.019214	-0.0139741	-0.0099595	-0.0118118	-0.0167584	-0.0203304	-0.0216696	-0.0176479	-0.00917763	1.26412e-05	0.00802576	0.0178305	0.0238182	0.0278672	0.02965	0.0228577	0.0100315	-0.00732819	-0.0289756	-0.0489531	-0.059471	-0.063814	
-0.021968	-0.0234065	-0.0218887	-0.0168742	-0.0108739	-0.00819005	-0.0108076	-0.0155582	-0.0205072	-0.0225773	-0.0192849	-0.0118639	-0.00239165	0.00570999	0.0163304	0.0225495	0.026523	0.0287967	0.0216216	0.00957671	-0.00833765	-0.0312882	-0.0519309	-0.0649188	-0.069373	
-0.0233338	-0.0235741	-0.0212114	-0.0170866	-0.0109286	-0.00718581	-0.00884077	-0.0140088	-0.0192603	-0.022599	-0.0211617	-0.0138139	-0.00396808	0.00505667	0.015496	0.0218438	0.0258897	0.0273885	0.0203865	0.00731515	-0.0106782	-0.033768	-0.055814	-0.068269	-0.0730098	
-0.0250949	-0.0257447	-0.0241212	-0.0188508	-0.0125653	-0.00800408	-0.0087	-0.0132885	-0.018666	-0.0231268	-0.0212208	-0.0143051	-0.00524002	0.00407532	0.0150555	0.0217048	0.0258615	0.0279267	0.0207318	0.00778842	-0.0111584	-0.0350805	-0.0563878	-0.0696117	-0.0734236	
-0.0252553	-0.0266479	-0.025416	-0.0216804	-0.0147608	-0.0102637	-0.0112276	-0.0164689	-0.0226288	-0.025798	-0.0241392	-0.0162945	-0.00528493	0.00461579	0.0156902	0.0235958	0.0292737	0.0319512	0.0251927	0.0112188	-0.00823502	-0.0329665	-0.0561445	-0.0696297	-0.0741941	
-0.0251442	-0.0270825	-0.0268076	-0.0219966	-0.0155958	-0.0115851	-0.0132963	-0.0198476	-0.0256402	-0.0297057	-0.0262076	-0.017111	-0.00651525	0.00582911	0.0189104	0.0280346	0.0341939	0.0370072	0.0307685	0.0172526	-0.00343959	-0.0298963	-0.0544124	-0.0709205	-0.0767171	
-0.0259103	-0.028489	-0.0277808	-0.0232985	-0.0162591	-0.0121631	-0.0133225	-0.0191645	-0.0254389	-0.0282863	-0.025761	-0.0164655	-0.00292365	0.0100956	0.0232251	0.0331092	0.0394809	0.0423348	0.0352848	0.0201611	-0.00121933	-0.0290078	-0.0556674	-0.073517	-0.0808341	
-0.0259833	-0.0270244	-0.0261698	-0.0213067	-0.0148271	-0.0105718	-0.0108579	-0.0170566	-0.0228454	-0.0271101	-0.023543	-0.0132363	-0.00119376	0.0136475	0.028397	0.0392591	0.0462345	0.04797	0.0402157	0.0237233	-0.0010789	-0.031858	-0.0605449	-0.0807449	-0.0885435	
-0.0241406	-0.0254601	-0.0247286	-0.0199528	-0.0130639	-0.00819561	-0.00828075	-0.014056	-0.0198513	-0.0230408	-0.0199355	-0.0101771	0.00370234	0.01844	0.0323843	0.0434094	0.049899	0.0517397	0.0427579	0.0237835	-0.00256646	-0.0356294	-0.0663637	-0.0877694	-0.0967257	
-0.0227087	-0.023689	-0.0228299	-0.0176846	-0.0107512	-0.0066422	-0.00648418	-0.0125483	-0.0182022	-0.0216373	-0.0179391	-0.00702957	0.0057995	0.0210772	0.0354179	0.0461232	0.0528136	0.0533448	0.0437318	0.0243959	-0.00417506	-0.0391457	-0.0717008	-0.095425	-0.104914	
-0.0225365	-0.0246005	-0.0243295	-0.0191036	-0.0123557	-0.00823186	-0.00821325	-0.0140327	-0.0185778	-0.0213762	-0.016718	-0.00560295	0.00815189	0.0240551	0.0375533	0.0483515	0.0539097	0.0539338	0.0439352	0.0231596	-0.00552185	-0.0414404	-0.0750711	-0.0993069	-0.109702	
-0.0232071	-0.0255851	-0.0251329	-0.0201061	-0.0141235	-0.0107207	-0.0102528	-0.0159586	-0.0206889	-0.0225547	-0.0180608	-0.00626637	0.00823309	0.0248541	0.0398091	0.0508596	0.057268	0.0572612	0.0461045	0.0249817	-0.0054432	-0.0425232	-0.076715	-0.102168	-0.112039	
-0.0248333	-0.0263403	-0.026343	-0.0216306	-0.0150734	-0.0118492	-0.0117676	-0.0175743	-0.021217	-0.023696	-0.0178216	-0.00498958	0.00993524	0.0284561	0.0434747	0.0559776	0.0621513	0.0610456	0.0497708	0.0263983	-0.00509396	-0.0434025	-0.0785631	-0.102808	-0.112565	
-0.0254588	-0.0268452	-0.0259439	-0.0197981	-0.0138307	-0.0101883	-0.009588	-0.0154562	-0.0195586	-0.0210263	-0.0157575	-0.00261814	0.0141644	0.0328902	0.0492279	0.0610935	0.0675207	0.0673688	0.0543003	0.030646	-0.00252639	-0.0425466	-0.0785026	-0.105177	-0.115195	
-0.0260084	-0.0262421	-0.0253829	-0.0198389	-0.0121731	-0.00854093	-0.00730791	-0.0118938	-0.0151059	-0.0170853	-0.00988495	0.00469849	0.0206711	0.0398515	0.0555548	0.0689425	0.0751044	0.0726748	0.0595989	0.0338665	-0.000177076	-0.041727	-0.0808947	-0.108776	-0.121782	
-0.0221665	-0.023871	-0.02326	-0.0168523	-0.010824	-0.00606565	-0.00408852	-0.00911963	-0.0115335	-0.0109651	-0.00329179	0.0105565	0.0270384	0.0463644	0.0632597	0.0749806	0.080423	0.0785521	0.0627733	0.0359913	-0.000715098	-0.0447222	-0.0846109	-0.115554	-0.12918	
-0.0147923	-0.0155624	-0.0147293	-0.00950256	-0.00219232	0.00109361	0.00113696	-0.00404861	-0.00701828	-0.00804981	-0.00126159	0.0126045	0.029056	0.0480467	0.0635043	0.0762315	0.0818035	0.0787497	0.0636716	0.0349908	-0.00291906	-0.0486719	-0.0911991	-0.121292	-0.136087	
-0.00452235	-0.00596561	-0.00556805	5.8184e-05	0.00552378	0.00803142	0.00742646	0.000697886	-0.0037875	-0.00611066	-0.000649219	0.0121494	0.0279153	0.0464998	0.0618856	0.0724087	0.0772742	0.0743526	0.0575582	0.0291332	-0.0095449	-0.0553543	-0.0967011	-0.127872	-0.141562	
0.00266298	0.000648567	0.000349459	0.00435723	0.00896564	0.0101844	0.00823506	0.00129869	-0.00381293	-0.00710117	-0.00196232	0.0109646	0.0262965	0.043353	0.0581461	0.0700195	0.0740488	0.0689134	0.0510945	0.0210783	-0.0174052	-0.0635142	-0.106434	-0.137248	-0.152327	
0.00777776	0.00410644	0.00240341	0.00449469	0.00686611	0.00598805	0.00339253	-0.00415484	-0.0100876	-0.0118175	-0.00509644	0.0076224	0.0223924	0.0407692	0.0568508	0.067165	0.0700392	0.0643175	0.0453942	0.0139526	-0.0275206	-0.0754171	-0.118773	-0.15067	-0.165548	
0.00832996	0.00385222	0.000815274	0.00171947	0.00349578	0.0038745	0.00051263	-0.00852803	-0.0137349	-0.0163144	-0.011381	0.000213237	0.0150656	0.033106	0.0473222	0.0568281	0.0599025	0.0546901	0.0360319	0.0046048	-0.0363709	-0.0848413	-0.129097	-0.160897	-0.176142	
0.00944977	0.00279846	-0.00190726	-0.00196313	-5.97331e-05	-0.00203942	-0.00649959	-0.0142449	-0.0206658	-0.0242419	-0.0213255	-0.010912	0.00399068	0.0210259	0.0354591	0.0455173	0.0483696	0.0422948	0.0232241	-0.00797762	-0.0483956	-0.0957527	-0.139069	-0.169801	-0.183789	
0.00475033	-0.00189625	-0.00705727	-0.00795031	-0.00817552	-0.0103888	-0.0146034	-0.0233562	-0.0298301	-0.0355706	-0.0327975	-0.022036	-0.00899299	0.00784054	0.0226575	0.0336176	0.0371764	0.0310556	0.012254	-0.0187629	-0.0585179	-0.104529	-0.14662	-0.176395	-0.188655	
-0.00413127	-0.0119074	-0.0175191	-0.0183228	-0.0188038	-0.0220004	-0.0265228	-0.0350877	-0.0428636	-0.0468948	-0.0433721	-0.032338	-0.0179172	-0.00134341	0.0142701	0.0251649	0.0277914	0.0223133	0.00452283	-0.0260516	-0.0656642	-0.11123	-0.152258	-0.179968	-0.189686	
-0.0170792	-0.024266	-0.0298001	-0.0320573	-0.0332566	-0.0355183	-0.0389466	-0.0476424	-0.0543038	-0.0574952	-0.0516807	-0.0394362	-0.0245994	-0.00540689	0.00961139	0.0193621	0.0220963	0.0163151	-0.000941927	-0.0309094	-0.0690852	-0.112457	-0.150807	-0.175961	-0.183523	
-0.0261622	-0.0333639	-0.0394332	-0.0409731	-0.0415596	-0.0438736	-0.0484177	-0.0575557	-0.0630514	-0.0646528	-0.0602238	-0.0479284	-0.0309234	-0.0112121	0.00510531	0.0164082	0.0217585	0.0177464	9.33228e-05	-0.0277384	-0.0633177	-0.104334	-0.139674	-0.163089	-0.168819	
-0.0365913	-0.0423545	-0.0467905	-0.0473046	-0.0469332	-0.048867	-0.0526831	-0.0601379	-0.0652304	-0.0684131	-0.0628682	-0.0489549	-0.0317808	-0.0117148	0.00556187	0.0201449	0.026841	0.0242484	0.0101566	-0.016352	-0.0498632	-0.0890793	-0.12331	-0.143746	-0.148057	
-0.0445763	-0.0504818	-0.054973	-0.0542706	-0.0520038	-0.0522114	-0.0535306	-0.059319	-0.0629084	-0.0629668	-0.0556841	-0.0400267	-0.021572	-0.000626297	0.0186818	0.0330022	0.0400392	0.0388964	0.0257137	0.000980946	-0.0328437	-0.0711118	-0.104109	-0.125873	-0.128334	
-0.0451707	-0.0494434	-0.0527746	-0.0510342	-0.0489323	-0.0482441	-0.0481866	-0.0520376	-0.0534096	-0.0526676	-0.0430055	-0.0259099	-0.00608202	0.0171517	0.0372161	0.0535137	0.0612936	0.0601509	0.0473557	0.0213346	-0.0122927	-0.0513833	-0.0861584	-0.108215	-0.113497	
-0.0380417	-0.0410182	-0.0421867	-0.0392138	-0.0349389	-0.0333823	-0.032123	-0.0347605	-0.0370752	-0.0340923	-0.0229779	-0.00623298	0.0142159	0.0375103	0.0572364	0.0715634	0.0795725	0.0789505	0.0643565	0.0393635	0.0062301	-0.0326932	-0.0657546	-0.0881583	-0.0945027	
-0.023833	-0.0240977	-0.0238588	-0.0201975	-0.0155775	-0.0120277	-0.0107117	-0.0148533	-0.0149788	-0.0127828	-0.00257096	0.0153973	0.0349436	0.0578159	0.0768745	0.0899136	0.0968318	0.0951968	0.0801502	0.0543976	0.0214238	-0.0176425	-0.0517964	-0.0733103	-0.079369	
-0.00147185	-0.00243868	-0.00251573	0.00132425	0.00597866	0.00821815	0.00892794	0.00574914	0.00453942	0.00757872	0.0176453	0.03502	0.0563505	0.0773477	0.0956398	0.108938	0.112852	0.10956	0.0936129	0.0658431	0.0317997	-0.00745151	-0.0424966	-0.0653398	-0.0721174	
0.0182119	0.0192675	0.0202757	0.0237605	0.0281723	0.0303164	0.0305927	0.0255508	0.0242798	0.026591	0.0362659	0.0535146	0.0719624	0.0914435	0.107868	0.119647	0.124101	0.11829	0.101624	0.0750175	0.039012	-0.0010867	-0.0366347	-0.0620851	-0.0717598	
0.0398677	0.0403096	0.0405064	0.043987	0.0478819	0.0480446	0.045919	0.0413869	0.0393998	0.0409854	0.0509417	0.0664638	0.0840981	0.102334	0.116715	0.12619	0.127725	0.121163	0.103295	0.0749427	0.0389692	-0.00283811	-0.0389556	-0.062936	-0.0742828	
0.0577708	0.0586547	0.0599992	0.0621063	0.0641564	0.0634131	0.0602209	0.0541361	0.0497431	0.0485083	0.0573886	0.071848	0.0867124	0.103838	0.11821	0.124975	0.12576	0.120209	0.100314	0.0710154	0.0355974	-0.0063367	-0.043727	-0.0690231	-0.0785512	
0.069506	0.0713316	0.0721311	0.0739132	0.0758559	0.0738736	0.0685378	0.05934	0.0538346	0.0523082	0.0577575	0.0706716	0.0851691	0.100102	0.11372	0.120018	0.119507	0.113228	0.0929755	0.0628982	0.0278164	-0.012857	-0.0498739	-0.0746837	-0.0831309	
0.0737055	0.0754625	0.0756547	0.0786173	0.0787015	0.0754653	0.0703107	0.059748	0.0527244	0.0494113	0.0542218	0.0663397	0.0805718	0.0948873	0.105614	0.11204	0.111312	0.102417	0.0831749	0.0538039	0.0175512	-0.0225293	-0.0569684	-0.0796673	-0.0890396	
0.0716969	0.0731651	0.0738711	0.0755322	0.0764749	0.0735348	0.0660924	0.0548868	0.0460556	0.043191	0.0478981	0.0584082	0.0731142	0.0865422	0.0965279	0.102218	0.101053	0.0919734	0.0724385	0.04457	0.00884564	-0.0311282	-0.0642592	-0.0852022	-0.0936206	
0.0626699	0.0653599	0.0671452	0.0694548	0.0713068	0.0679153	0.0594536	0.0487256	0.0409081	0.0355145	0.0398486	0.0508291	0.062908	0.0760622	0.0863184	0.0905913	0.089407	0.0818002	0.0626327	0.0351483	0.00160018	-0.0362206	-0.0696061	-0.0906919	-0.096645	
0.0521919	0.0543518	0.0568587	0.0601609	0.0621041	0.0598827	0.0516214	0.0409927	0.032513	0.0283282	0.032786	0.0430877	0.0560428	0.066768	0.0770509	0.0819858	0.0788037	0.0727818	0.0534172	0.0249712	-0.0069828	-0.0435542	-0.0746753	-0.0949652	-0.100485	
0.0385114	0.042519	0.0461417	0.0503545	0.0542653	0.0517775	0.0445374	0.0339713	0.0261173	0.0224428	0.0253786	0.0362514	0.0469199	0.0577999	0.0688889	0.0724001	0.0712565	0.0638344	0.0454999	0.0194442	-0.0141551	-0.050073	-0.0798967	-0.0990577	-0.104958	
0.0265904	0.0301646	0.0347232	0.0407527	0.0434175	0.0425225	0.0358166	0.0249457	0.0180998	0.0148739	0.0186881	0.0290151	0.0408413	0.052506	0.0616819	0.0652024	0.0642392	0.0564108	0.0384293	0.0111559	-0.0199357	-0.0545136	-0.0859562	-0.101678	-0.107837	
