0.000481725	0.0001277	-0.00131197	-0.000887329	-0.000378434	0.000382064	0.00140568	0.00222372	0.00231518	0.00171312	0.00293821	0.0026166	0.00351449	0.00428947	0.00516616	0.00579844	0.0049818	0.00433705	0.00353307	0.0030256	0.000935551	-0.000568829	-0.0023784	-0.00527449	-0.00646038	
0.000210902	0.000418827	-0.000987748	-0.000460123	-0.000170882	0.000731798	0.00170277	0.00195926	0.00226325	0.00196218	0.00286757	0.00202032	0.00345374	0.00398721	0.0051054	0.00564315	0.00528891	0.00433578	0.00384384	0.00327871	0.00126328	-0.00038209	-0.00224656	-0.00489392	-0.00637335	
-0.00134105	-0.00107561	-0.00245473	-0.00185642	-0.00176372	-0.000757931	0.000337113	0.000916166	0.00124247	0.000853351	0.00163805	0.00135105	0.00221505	0.00319434	0.00384353	0.00451658	0.00383098	0.00307752	0.0023784	0.00188334	-5.7794e-05	-0.00176256	-0.00301012	-0.00592558	-0.00684363	
-0.000854302	-0.000498002	-0.00182245	-0.00162087	-0.000974711	-0.000306151	0.00089098	0.00111694	0.00134223	0.00112027	0.00179512	0.00133175	0.00254569	0.00308432	0.00406237	0.0048566	0.00430278	0.00367404	0.00295049	0.0026453	0.000454419	-0.000764843	-0.0031652	-0.00526037	-0.00697849	
-0.000288853	-0.000144541	-0.00169449	-0.000940521	-0.00107689	-9.06277e-05	0.000915286	0.000826366	0.00166085	0.000882791	0.00186474	0.00120455	0.00229034	0.00313498	0.00374639	0.00446867	0.00407625	0.00329041	0.00243475	0.0020751	0.000127008	-0.00167404	-0.00319498	-0.00588669	-0.00720767	
0.0004833	0.000776249	-0.000694183	-0.000269414	-6.37813e-05	0.000871762	0.00178908	0.00209046	0.00205307	0.00186551	0.00244344	0.00184323	0.00319685	0.00330122	0.00445064	0.00506314	0.00476258	0.00346339	0.00306363	0.0026132	0.000505482	-0.000936353	-0.00299312	-0.00553565	-0.00710258	
0.0015853	0.00183555	0.000458138	0.000942982	0.000959697	0.00182672	0.00282353	0.0025626	0.00327261	0.0028087	0.00292912	0.00312568	0.00343374	0.00444715	0.00481995	0.0055883	0.00492584	0.00403015	0.00331715	0.00281568	0.000721421	-0.00100604	-0.00273831	-0.00531382	-0.00732802	
0.00232843	0.00201219	0.00100708	0.00118554	0.000946266	0.00221806	0.00265817	0.00318078	0.00299816	0.00296638	0.00360352	0.00280282	0.00396528	0.00421414	0.00502083	0.00560056	0.00509248	0.00418861	0.00335669	0.00310722	0.000971694	-0.000626635	-0.00239195	-0.00499816	-0.00633507	
0.00240208	0.00233713	0.00125279	0.00137771	0.00174173	0.00220647	0.00344913	0.00313126	0.00443703	0.00378242	0.00433304	0.00401095	0.00515844	0.00552408	0.00616343	0.00697244	0.00660176	0.00548967	0.0048626	0.0046199	0.00261387	0.00100301	-0.00103759	-0.00327334	-0.00537348	
0.00182355	0.00205261	0.000921653	0.00127321	0.00106713	0.00215204	0.00316618	0.00326231	0.00401056	0.00429337	0.00454482	0.00477686	0.00548936	0.00616256	0.00696241	0.00740077	0.007242	0.00616443	0.0059607	0.00522833	0.00344763	0.00175106	0.000184817	-0.0023262	-0.00423213	
0.00306626	0.00299282	0.00177694	0.0020526	0.00224076	0.00294483	0.00346389	0.00409368	0.00467762	0.00463646	0.00509871	0.0050402	0.0059322	0.00655747	0.00705486	0.00787071	0.00751656	0.00651224	0.00604422	0.00572295	0.0037786	0.00192508	-5.5569e-05	-0.00255373	-0.00448426	
0.00278669	0.0021776	0.00153352	0.00165387	0.00161253	0.00237048	0.00369647	0.00335418	0.00442425	0.00494662	0.00511138	0.00479189	0.00614483	0.00637003	0.0074867	0.00742871	0.00726744	0.00667007	0.00586598	0.00573322	0.00352207	0.00232624	0.000128407	-0.00194392	-0.00427721	
0.00369503	0.00360655	0.00242542	0.00289695	0.00276565	0.00384079	0.0041504	0.00467313	0.005665	0.00575438	0.00609079	0.00621231	0.00690267	0.00770593	0.00774541	0.00879635	0.0083258	0.00726618	0.00691344	0.00636535	0.00466927	0.00263951	0.000856348	-0.00176616	-0.00355855	
0.00438131	0.00408927	0.00337621	0.00339211	0.00355268	0.00386374	0.0050996	0.00489722	0.00605689	0.00648081	0.00677764	0.00651622	0.00781118	0.00787623	0.00912032	0.00915961	0.00924663	0.00845995	0.00793151	0.00734516	0.0057517	0.00404158	0.00171707	-0.000360755	-0.00267545	
0.00511429	0.00507423	0.00390003	0.0042466	0.00407493	0.00492785	0.00545919	0.00565001	0.00670421	0.00732636	0.00733888	0.00771804	0.00793926	0.0091966	0.00909656	0.0100992	0.00975739	0.00887574	0.00841661	0.00794465	0.00638801	0.00450531	0.00257292	0.000156563	-0.00184902	
0.00569456	0.00558755	0.00449568	0.00503659	0.00481534	0.00556752	0.00627105	0.00630767	0.00760875	0.00789695	0.00830102	0.00779173	0.00907518	0.00929524	0.0101764	0.0105487	0.0102105	0.00966338	0.00896784	0.00886631	0.00678589	0.00559666	0.00298364	0.00124957	-0.00101662	
0.00482461	0.00524344	0.00384959	0.00445087	0.00441271	0.00535027	0.00565673	0.00583035	0.00727204	0.00780972	0.0080198	0.00771906	0.00870161	0.00953504	0.009974	0.0103637	0.0104778	0.00992494	0.00928319	0.00877028	0.00742593	0.00575132	0.00379846	0.00125749	-0.000119153	
0.0041882	0.00428537	0.0030549	0.0037245	0.00350298	0.00389922	0.00467595	0.00490777	0.0061344	0.00666288	0.00698209	0.00714111	0.00763097	0.00872808	0.00908168	0.00978177	0.00992811	0.0094604	0.00907936	0.00882907	0.00723094	0.00587151	0.00352584	0.00196155	0.000136874	
0.00334136	0.00365002	0.00228327	0.00297792	0.00265817	0.00345411	0.00390147	0.00401977	0.00548418	0.00648313	0.00650545	0.00631369	0.00726283	0.0080981	0.00855529	0.00897593	0.00916641	0.0089781	0.0083411	0.00785189	0.00678911	0.00511435	0.00329649	0.00114418	-6.45129e-05	
0.00281551	0.00306936	0.00174622	0.00260471	0.00225477	0.00295301	0.00329451	0.00361306	0.00509285	0.00559911	0.00603393	0.00599742	0.00655011	0.00734947	0.00791918	0.00871544	0.00849655	0.00851741	0.00766578	0.00773521	0.00612268	0.00479147	0.0026196	0.00078201	-0.000921596	
0.000614952	0.000922476	-0.000352623	0.00024361	3.11151e-05	0.000634554	0.000954695	0.00114301	0.00275608	0.00355057	0.0038411	0.00351827	0.0046186	0.00552568	0.0061152	0.00642195	0.00691034	0.00673658	0.00642879	0.00589233	0.00479923	0.00360881	0.00142028	-9.89086e-06	-0.00151784	
-0.000898991	-0.000795803	-0.00211628	-0.00107304	-0.0019794	-0.00110672	-0.00102105	-0.000717083	0.000758989	0.00149737	0.00168154	0.00199812	0.00217397	0.00341576	0.00381963	0.00483021	0.0049038	0.00501676	0.00440333	0.00428954	0.00331486	0.00177885	0.000180047	-0.00172881	-0.00286602	
-0.00282859	-0.00278428	-0.00348787	-0.00362967	-0.0036264	-0.0033871	-0.00303323	-0.00275001	-0.00158419	-0.000435233	-0.000679678	-0.000559522	1.7541e-05	0.000773227	0.00160326	0.00193949	0.00267513	0.0023842	0.00228415	0.00181297	0.000819398	-0.000110329	-0.00205538	-0.00343963	-0.00510385	
-0.0058541	-0.00548822	-0.00649396	-0.00586005	-0.0064495	-0.00613425	-0.00586258	-0.0055634	-0.00402035	-0.00318641	-0.00342631	-0.00284879	-0.00281725	-0.00152842	-0.00104345	1.07067e-05	-4.3622e-05	0.000660921	-4.56975e-05	-0.000231189	-0.000833624	-0.002279	-0.00371256	-0.0050785	-0.00638436	
-0.00705505	-0.00703264	-0.00744772	-0.0075195	-0.0078039	-0.00776452	-0.00800852	-0.00708936	-0.00630608	-0.00528205	-0.00556075	-0.00540184	-0.0047728	-0.0040253	-0.00317444	-0.00235382	-0.0015978	-0.00134038	-0.00144715	-0.00213681	-0.00252604	-0.00369279	-0.00566488	-0.00663185	-0.00815135	
-0.00749781	-0.00809683	-0.0081889	-0.00835842	-0.00898533	-0.00909164	-0.00892178	-0.00892452	-0.00727101	-0.00652993	-0.00723724	-0.00660203	-0.0066873	-0.00532409	-0.00477312	-0.00426123	-0.00359464	-0.00321431	-0.00350786	-0.00430023	-0.00469121	-0.00607251	-0.0076754	-0.0087335	-0.0104397	
-0.00785078	-0.00807522	-0.00820016	-0.00858819	-0.00907469	-0.00903325	-0.00929962	-0.00860836	-0.00796572	-0.00671871	-0.00764624	-0.00695155	-0.00725991	-0.00613569	-0.00545743	-0.00463979	-0.00404133	-0.00381582	-0.00407953	-0.004782	-0.00535024	-0.00660342	-0.00846389	-0.00957535	-0.011494	
-0.00796329	-0.00844868	-0.00811157	-0.00928047	-0.00938194	-0.00975656	-0.00982004	-0.00933983	-0.00835341	-0.00743681	-0.00838328	-0.00776372	-0.0079726	-0.00704059	-0.00627522	-0.0059524	-0.00506461	-0.0049888	-0.00517288	-0.00619822	-0.00654358	-0.00823698	-0.00930183	-0.0106468	-0.0124225	
-0.00663699	-0.0071373	-0.00662137	-0.00768121	-0.00792288	-0.00850994	-0.00841994	-0.00804101	-0.00743513	-0.00632075	-0.00762104	-0.00702179	-0.0073543	-0.00648048	-0.00583917	-0.00494878	-0.00434392	-0.00395712	-0.0043993	-0.00522084	-0.00580441	-0.00691286	-0.00910104	-0.00965864	-0.0120192	
-0.00557621	-0.00620309	-0.00563031	-0.00666726	-0.00694003	-0.00705458	-0.00748224	-0.00634314	-0.00559505	-0.00466428	-0.00584148	-0.00509629	-0.00548202	-0.00472722	-0.00426979	-0.00345791	-0.00256938	-0.0026212	-0.00258856	-0.00418488	-0.00422	-0.00592785	-0.00687017	-0.00811238	-0.0098185	
-0.00246932	-0.0032385	-0.00205172	-0.00330146	-0.00368221	-0.00419693	-0.00364667	-0.00349971	-0.00248199	-0.00148515	-0.00278975	-0.00207557	-0.00260336	-0.00194802	-0.000839165	-0.000534095	0.000478996	0.001122	0.000843052	-0.000214105	-0.0010141	-0.00218828	-0.00378146	-0.00435858	-0.00700957	
-4.7311e-05	-0.000270815	0.000494337	-0.000527001	-0.000721807	-0.00113498	-0.00140148	9.33561e-05	0.000420063	0.00139332	0.00037322	0.00121027	0.00044833	0.00107456	0.00179964	0.00271078	0.00362089	0.0038861	0.00376555	0.0024866	0.00236061	0.000791242	-0.000483493	-0.00140641	-0.00325724	
0.00246206	0.00204915	0.00348374	0.00239204	0.00203817	0.00163365	0.00196206	0.00280263	0.00371252	0.0044165	0.00360531	0.00405118	0.00352898	0.00404406	0.00507042	0.00543476	0.00663462	0.00746592	0.00683384	0.00555309	0.00546449	0.00387981	0.00285486	0.00205737	-0.000130384	
0.00444706	0.00447849	0.00579666	0.00458758	0.00466003	0.00400477	0.00397502	0.00554437	0.00591937	0.00669267	0.00598645	0.00625598	0.00602773	0.00643977	0.00699982	0.00793781	0.00932599	0.00963583	0.00929686	0.00807447	0.00765327	0.00654158	0.00488647	0.00437347	0.00233062	
0.00434534	0.00431861	0.00547152	0.00495959	0.00430465	0.00409742	0.00432572	0.00570852	0.0064058	0.0070681	0.00686333	0.00724844	0.00692046	0.00753785	0.00841709	0.00934463	0.010251	0.0111859	0.0110623	0.00958715	0.00924872	0.00804488	0.0075176	0.00631344	0.00457916	
0.00373347	0.00401818	0.00536822	0.0042781	0.0042403	0.00377483	0.00417002	0.0053831	0.00636728	0.00713211	0.00702009	0.00733566	0.00730273	0.00764398	0.00889909	0.00992525	0.0113274	0.0119876	0.0118674	0.0106533	0.0102221	0.00950704	0.00823497	0.00749434	0.00549489	
0.00271953	0.00291434	0.00368194	0.00316104	0.00276549	0.00223413	0.00218712	0.00419585	0.00465125	0.00510983	0.00552502	0.0057854	0.00572166	0.00612155	0.00742551	0.00856116	0.00958179	0.0106615	0.0103739	0.00943937	0.00889467	0.00803513	0.00747324	0.00653027	0.00508672	
0.000254462	0.00109294	0.00194926	0.00111118	0.000888876	0.00027409	0.000708099	0.00191252	0.00297913	0.00334545	0.0038023	0.00380133	0.00396181	0.00473614	0.00554094	0.00658977	0.00830744	0.00919713	0.00890664	0.00798759	0.00786838	0.00699022	0.00646487	0.00586163	0.00409543	
-0.00137981	-0.00086862	-0.000238729	-0.000578714	-0.00107299	-0.00195306	-0.00175015	0.0002973	0.000647311	0.00114951	0.00190868	0.00151756	0.00199094	0.00231474	0.00351633	0.00456661	0.00602339	0.00703883	0.00687603	0.00642751	0.00572529	0.00552329	0.00515446	0.00421859	0.00355602	
-0.00142193	-0.000908714	-0.000442881	-0.00081123	-0.00166471	-0.00275146	-0.00224452	-0.00141843	-0.000726239	-0.000551937	0.000285033	2.83618e-05	0.000117423	0.000663015	0.00175467	0.00284549	0.00412319	0.00543251	0.00551306	0.0045444	0.00412632	0.00399334	0.00352815	0.00286051	0.00163976	
-0.000895643	-0.000319114	-5.80235e-05	-0.000524485	-0.00143832	-0.00242099	-0.00254466	-0.00135629	-0.000706346	-0.000723571	0.000105601	-0.000173326	3.81393e-05	7.85295e-05	0.00124412	0.00230152	0.0035604	0.00455029	0.00429127	0.0036186	0.00317487	0.00267847	0.00249638	0.00142611	0.000741582	
-0.000399229	7.94211e-05	0.000188609	-0.000403047	-0.00113656	-0.00250718	-0.00243541	-0.00131401	-0.00107659	-0.00124433	3.39345e-05	-0.000667151	-0.000432424	-0.000571528	0.000739389	0.00157486	0.00264776	0.00361632	0.00340911	0.00298169	0.00194138	0.00209034	0.00164489	0.0007781	-0.000503572	
-4.52532e-06	0.000876725	0.000571252	-3.47054e-05	-0.0011668	-0.00231074	-0.00245835	-0.0019786	-0.00138962	-0.002	-0.00110173	-0.0015938	-0.00149632	-0.00143496	-0.00118805	4.57419e-05	0.00120073	0.00188197	0.00184224	0.00111602	0.000716827	0.000161839	0.000419758	-0.00091339	-0.00189305	
0.00033348	0.000562372	0.000394609	0.00020532	-0.000922437	-0.0022871	-0.00238796	-0.00142556	-0.00169668	-0.0019698	-0.000782296	-0.00191574	-0.00128938	-0.00205312	-0.00110845	-0.000550867	0.000352285	0.0014049	0.00118463	0.000844227	-0.000389502	5.22094e-05	-8.86355e-05	-0.00111103	-0.00162491	
-0.0012837	-0.000621178	-0.000864155	-0.000972835	-0.00169559	-0.00278952	-0.00257344	-0.00230845	-0.00166404	-0.0021338	-0.00082517	-0.00151891	-0.00144442	-0.00144115	-0.00106339	-6.82661e-05	0.000907805	0.00155218	0.00161132	0.00105894	0.000924855	0.00085643	0.000793204	0.000160627	-0.000822784	
-0.000898123	-0.000569177	-0.000983641	-0.000702181	-0.00209162	-0.00254012	-0.00266461	-0.00200001	-0.00175939	-0.00182239	-0.000748178	-0.00162116	-0.00106515	-0.00135703	-0.000571623	0.000216615	0.000933112	0.00207739	0.00178147	0.00187888	0.00141928	0.00121558	0.0016058	0.00026099	-0.000187142	
-0.00163546	-0.000859246	-0.000887709	-0.00115351	-0.00152016	-0.00236623	-0.00196567	-0.00153332	-0.0010223	-0.00106928	0.000586311	-9.44951e-05	0.000401074	4.78203e-05	0.000785514	0.00168952	0.00274267	0.00298669	0.00325849	0.00330882	0.00246189	0.00281632	0.00252366	0.00201251	0.000875732	
-0.00168698	-0.000728486	-0.00110022	-0.000418229	-0.00169559	-0.00153885	-0.00149976	-0.00104754	-0.000309932	-0.000145785	0.00082075	0.000786571	0.00133511	0.00130381	0.0015332	0.00272796	0.0032924	0.00424145	0.00425054	0.00412077	0.00368362	0.00327116	0.00402336	0.00248754	0.00200568	
-0.00283706	-0.00201066	-0.00209304	-0.00184845	-0.00197596	-0.00242373	-0.00205637	-0.00147805	-0.000964995	-0.000727325	0.00065552	0.000567166	0.00128334	0.00101249	0.00180792	0.00270833	0.00359108	0.00400548	0.00445387	0.00477347	0.00400145	0.00465595	0.00434703	0.00391242	0.0029905	
-0.00271214	-0.00177971	-0.00193485	-0.0010758	-0.00165433	-0.0016073	-0.00136896	-0.000909225	-0.000243307	0.000254706	0.00132357	0.00173409	0.0021338	0.0023752	0.00271568	0.00365083	0.00431947	0.00489922	0.00520771	0.00545411	0.00525224	0.00508961	0.00532851	0.00452676	0.00376921	
