-0.0946194	-0.086325	-0.0812026	-0.0750223	-0.0688317	-0.0607531	-0.053812	-0.0454656	-0.0362963	-0.0275932	-0.0184694	-0.0111202	0.000681112	0.0110164	0.0168011	0.0275638	0.0383001	0.0460401	0.0554625	0.0636515	0.0718068	0.0801708	0.0867537	0.0926129	0.0948335	
-0.0733228	-0.0631393	-0.0534437	-0.043468	-0.0353266	-0.0253229	-0.0158517	-0.00699925	0.0021557	0.0124099	0.0198429	0.0248958	0.0357068	0.0462584	0.0524274	0.0607962	0.071279	0.0802439	0.0891216	0.0960554	0.101499	0.107559	0.111063	0.112134	0.111129	
-0.0355466	-0.0253529	-0.0158804	-0.00508398	0.00441406	0.0151949	0.0244294	0.0316953	0.0402477	0.0494398	0.0576589	0.0632787	0.0701963	0.0785111	0.0839266	0.0908524	0.097873	0.101157	0.107578	0.112511	0.114978	0.119152	0.12101	0.121708	0.118914	
0.00843533	0.0191565	0.0274938	0.0366814	0.0449668	0.0552764	0.0640009	0.0696142	0.0758938	0.0831637	0.0885185	0.0929659	0.0988721	0.100506	0.102172	0.109084	0.112372	0.112121	0.115503	0.117979	0.119367	0.118969	0.117175	0.117018	0.111286	
0.0509215	0.0595871	0.0676713	0.0773095	0.0821014	0.0891765	0.096103	0.0996359	0.104881	0.109474	0.110108	0.110971	0.113341	0.112779	0.110372	0.112534	0.11586	0.113031	0.113099	0.114762	0.112269	0.109727	0.106068	0.101483	0.0956701	
0.0887477	0.0927158	0.0973519	0.103546	0.105466	0.110544	0.114028	0.115069	0.117846	0.12179	0.121659	0.11834	0.118609	0.117284	0.112182	0.110311	0.108206	0.103854	0.102194	0.0984626	0.095328	0.0923103	0.0869397	0.0834039	0.0764536	
0.11501	0.116621	0.117372	0.118918	0.118523	0.119352	0.118709	0.117289	0.116501	0.118251	0.117489	0.113957	0.111962	0.109411	0.105575	0.101216	0.0964776	0.0919748	0.0882123	0.0816892	0.0759384	0.071273	0.0653752	0.0607609	0.05414	
0.127718	0.126578	0.126845	0.124374	0.119914	0.119169	0.115866	0.111164	0.108011	0.10551	0.100711	0.0975648	0.0951253	0.0916137	0.0885856	0.0848718	0.0816047	0.07705	0.0731336	0.066695	0.0583297	0.0525865	0.0455265	0.0387472	0.0332699	
0.13018	0.124685	0.12177	0.117567	0.109972	0.106086	0.102821	0.0969308	0.0928741	0.0898757	0.0826057	0.0785823	0.0760204	0.0730684	0.0699547	0.0658651	0.0639184	0.058051	0.0522055	0.0470234	0.0401153	0.0351233	0.0295402	0.0246582	0.0203401	
0.118587	0.111009	0.106538	0.101854	0.0949995	0.0906238	0.085366	0.0791832	0.0748169	0.0706378	0.0642049	0.0601219	0.0562645	0.0531038	0.0499126	0.046458	0.0454809	0.0409419	0.0353551	0.0305422	0.0255202	0.0199413	0.0136891	0.0100285	0.00642635	
0.0987796	0.0917648	0.0871714	0.0804999	0.0738645	0.0692068	0.0657493	0.0587342	0.0530515	0.0509684	0.0446853	0.0416036	0.0385732	0.0356819	0.0341649	0.0302708	0.029687	0.0270946	0.02144	0.0172785	0.0124624	0.00654944	0.000848612	-0.00312874	-0.00544257	
0.0774785	0.0702908	0.0638942	0.0577961	0.0498933	0.0450028	0.0428923	0.035892	0.0323746	0.0317563	0.0284166	0.0270851	0.0228066	0.0213115	0.0211237	0.0166433	0.0152459	0.0138097	0.0101649	0.00643646	0.00270466	-0.0009879	-0.00564324	-0.00977317	-0.0125838	
0.0587771	0.050015	0.0457059	0.0406809	0.0330063	0.0277013	0.0243433	0.0191911	0.0137533	0.0126846	0.0118113	0.0108308	0.00899181	0.00728442	0.00870951	0.0072587	0.00417112	0.00460056	0.00305588	-0.000830178	-0.00385858	-0.00692776	-0.0105822	-0.0149729	-0.0177576	
0.0385726	0.0314402	0.0286227	0.0236906	0.0183994	0.0138254	0.0110354	0.00798155	0.00420931	0.00188846	-0.000295059	0.000581299	-0.00151704	-0.00360918	-0.000357341	-0.00235158	-0.00530837	-0.00356988	-0.00567637	-0.00809856	-0.0096372	-0.0120007	-0.013234	-0.0166821	-0.0186743	
0.0203407	0.0150045	0.0120965	0.00650267	0.004136	0.00183033	-0.00083212	-0.00298305	-0.00288748	-0.00350458	-0.00612641	-0.00523344	-0.0063888	-0.00740728	-0.00633624	-0.00821477	-0.0106792	-0.0112019	-0.012685	-0.014835	-0.0159272	-0.0159728	-0.016513	-0.0187444	-0.0184296	
0.0032593	0.00139887	0.000604006	-0.00319476	-0.00498787	-0.00818879	-0.00843735	-0.00958106	-0.0109567	-0.0116	-0.012316	-0.0110617	-0.0123627	-0.0106944	-0.00895443	-0.011288	-0.0112815	-0.0115954	-0.0146334	-0.0164867	-0.0178038	-0.0196922	-0.0217616	-0.0236223	-0.022426	
-0.00552318	-0.00782563	-0.00758209	-0.00887047	-0.00979394	-0.0122402	-0.0137723	-0.0134996	-0.0151848	-0.0182025	-0.0181242	-0.016205	-0.0173448	-0.015878	-0.0121135	-0.0136562	-0.0133783	-0.0113014	-0.0150086	-0.0165052	-0.0169293	-0.0197419	-0.022257	-0.0253727	-0.0245069	
-0.0111207	-0.0129154	-0.0142334	-0.0150229	-0.0131874	-0.0154399	-0.0165739	-0.0160637	-0.0170707	-0.018718	-0.0188085	-0.0182516	-0.0189081	-0.0184924	-0.0160382	-0.0170707	-0.0174913	-0.0138502	-0.016471	-0.0175131	-0.0156526	-0.0183331	-0.0206474	-0.0232379	-0.0242578	
-0.0177075	-0.0168255	-0.0178985	-0.0161333	-0.0151346	-0.0177975	-0.0171599	-0.0170675	-0.0180054	-0.0208279	-0.0186394	-0.0183632	-0.0198702	-0.0183271	-0.0179637	-0.0171602	-0.0181997	-0.0162209	-0.0166358	-0.0191818	-0.0178817	-0.01998	-0.0219392	-0.0224605	-0.0237197	
-0.0220555	-0.0199703	-0.0195018	-0.0197945	-0.0185449	-0.0197169	-0.0197797	-0.0181843	-0.0197256	-0.0214966	-0.0181348	-0.0180785	-0.0184736	-0.0174404	-0.0177978	-0.0166083	-0.0176534	-0.0177809	-0.0172342	-0.0183378	-0.0200125	-0.021208	-0.0216128	-0.0232299	-0.0231686	
-0.0237695	-0.0216168	-0.021443	-0.021645	-0.0189437	-0.0194202	-0.0221481	-0.0203637	-0.0202373	-0.0219574	-0.0210385	-0.0192845	-0.0188685	-0.0187344	-0.0151815	-0.0152355	-0.0167764	-0.0155502	-0.0170041	-0.0176709	-0.0195359	-0.021879	-0.0215993	-0.0225487	-0.0232803	
-0.024622	-0.0222729	-0.0220612	-0.0220372	-0.0199644	-0.0196224	-0.0226575	-0.0205279	-0.0204099	-0.0230232	-0.0213282	-0.0207121	-0.018966	-0.0176974	-0.016035	-0.0140573	-0.0155431	-0.0167262	-0.0167203	-0.0175201	-0.0196016	-0.0201312	-0.0201117	-0.0214804	-0.022142	
-0.0260991	-0.02255	-0.0226647	-0.0214685	-0.0210235	-0.0221931	-0.0210297	-0.019422	-0.0208915	-0.0231778	-0.0203016	-0.0215668	-0.0200367	-0.0165436	-0.017227	-0.0135769	-0.013779	-0.0165105	-0.0160275	-0.0182171	-0.0194267	-0.0204516	-0.0216502	-0.0203812	-0.0218713	
-0.0218671	-0.0219218	-0.0249555	-0.0221993	-0.0218051	-0.0234823	-0.024329	-0.0226351	-0.0213209	-0.0217992	-0.0195533	-0.0199694	-0.0179892	-0.0160528	-0.0169019	-0.014127	-0.014209	-0.0163888	-0.0169509	-0.0188125	-0.0198072	-0.0210059	-0.0215762	-0.020099	-0.0209991	
-0.0230802	-0.0231177	-0.0244247	-0.0243045	-0.0238531	-0.0233857	-0.0252898	-0.0224719	-0.0211913	-0.0206799	-0.0191043	-0.0192554	-0.0170098	-0.0169931	-0.018228	-0.0169078	-0.0152726	-0.0162225	-0.0170487	-0.0166406	-0.0178343	-0.0198351	-0.0214577	-0.0215399	-0.0224344	
-0.0232839	-0.0224028	-0.0223022	-0.0217256	-0.0237777	-0.0239545	-0.0250609	-0.0242867	-0.0236133	-0.0231781	-0.0215182	-0.0202965	-0.0177532	-0.0164802	-0.0176648	-0.0160473	-0.0138713	-0.0165329	-0.0168585	-0.0166314	-0.0184049	-0.0200455	-0.0223155	-0.0220539	-0.0232931	
-0.0217954	-0.0219045	-0.023293	-0.0248871	-0.0251905	-0.0236402	-0.0247258	-0.0255049	-0.0230788	-0.0204921	-0.0211584	-0.0204272	-0.0180551	-0.0172164	-0.0194661	-0.0177649	-0.0149905	-0.0196284	-0.0176359	-0.0155267	-0.0191859	-0.0184976	-0.0197943	-0.0224308	-0.0233221	
-0.0211049	-0.0225212	-0.0231623	-0.0248932	-0.0254834	-0.0237247	-0.023501	-0.0239546	-0.0219249	-0.0192793	-0.0221526	-0.0213406	-0.0191907	-0.0205029	-0.0196319	-0.0176494	-0.0171232	-0.0188871	-0.0182476	-0.0182987	-0.0199394	-0.0202018	-0.0203801	-0.0202012	-0.0225034	
-0.0199199	-0.0234347	-0.0242034	-0.0237372	-0.0259063	-0.0246445	-0.0238824	-0.0241673	-0.0234137	-0.0211579	-0.0218895	-0.0212106	-0.0195491	-0.0209195	-0.0197019	-0.0177772	-0.018126	-0.0188481	-0.0187299	-0.020098	-0.0221339	-0.0223903	-0.0218697	-0.0216333	-0.0221669	
-0.0214008	-0.0233041	-0.0241793	-0.0253381	-0.0270893	-0.0251923	-0.022094	-0.0247163	-0.0242364	-0.0204194	-0.021369	-0.0214095	-0.0208641	-0.0201778	-0.0199732	-0.019838	-0.0186359	-0.0195382	-0.0196612	-0.0206201	-0.0230173	-0.0232018	-0.0233559	-0.0235672	-0.0227762	
-0.0212758	-0.0216811	-0.0223004	-0.0238629	-0.0248201	-0.0245788	-0.0216242	-0.025135	-0.0243764	-0.0203126	-0.0227305	-0.0216062	-0.02125	-0.0210069	-0.0200739	-0.0214891	-0.0203667	-0.0198586	-0.0215329	-0.0214454	-0.0213035	-0.0223433	-0.0227277	-0.0235376	-0.0239973	
-0.0223309	-0.0226661	-0.021929	-0.02282	-0.0215326	-0.0214368	-0.0210739	-0.0235198	-0.0230833	-0.0213097	-0.023343	-0.0222262	-0.0223461	-0.021808	-0.0212794	-0.0226391	-0.0206194	-0.0198073	-0.0217734	-0.0209513	-0.0206266	-0.0222685	-0.0238809	-0.0265096	-0.0261051	
-0.0218396	-0.0237506	-0.0226899	-0.0230586	-0.0238919	-0.0246098	-0.0232498	-0.0244015	-0.0226775	-0.0204594	-0.0212145	-0.0198695	-0.0196898	-0.0192765	-0.0191148	-0.0212967	-0.0222195	-0.0215524	-0.0242264	-0.0256576	-0.0235336	-0.0238922	-0.0246018	-0.024406	-0.0241578	
-0.0216755	-0.0217129	-0.0210248	-0.0225656	-0.0235261	-0.0236829	-0.0224947	-0.0223027	-0.0215163	-0.0212145	-0.0212284	-0.0198082	-0.020439	-0.0207269	-0.0191077	-0.021494	-0.0229047	-0.0203571	-0.022235	-0.0234377	-0.0236506	-0.0245654	-0.0246966	-0.0271968	-0.0260927	
-0.0217293	-0.0195269	-0.0187306	-0.0203808	-0.0195418	-0.0193144	-0.0204261	-0.0197385	-0.0207857	-0.0229444	-0.0207202	-0.021204	-0.0228824	-0.0219959	-0.0196904	-0.0202727	-0.0223932	-0.0188411	-0.0189933	-0.0221279	-0.0231561	-0.0250042	-0.0267082	-0.0287595	-0.0281648	
-0.0208178	-0.020714	-0.0219729	-0.0213926	-0.0206241	-0.0217038	-0.0222776	-0.0201972	-0.0202594	-0.0201221	-0.0154631	-0.0174981	-0.019406	-0.0188328	-0.0188218	-0.0203323	-0.0244066	-0.0220084	-0.0224044	-0.026137	-0.0242848	-0.0246354	-0.0254676	-0.0242658	-0.0252811	
-0.0205528	-0.0206576	-0.0214549	-0.0207844	-0.0206297	-0.0206242	-0.0211024	-0.0187584	-0.0187007	-0.0204322	-0.0171199	-0.0179676	-0.0193013	-0.0185306	-0.0194424	-0.0207121	-0.0210941	-0.0210548	-0.0227209	-0.0234873	-0.0243547	-0.0257496	-0.0265806	-0.027175	-0.0257603	
-0.0185898	-0.018622	-0.0194227	-0.0190567	-0.019682	-0.0197362	-0.0205421	-0.0179056	-0.0188743	-0.0220258	-0.0189721	-0.0189795	-0.0187103	-0.0191632	-0.0204777	-0.0183721	-0.0189756	-0.0210369	-0.0213101	-0.0214847	-0.0223272	-0.0249002	-0.027388	-0.0273409	-0.0273484	
-0.0178994	-0.0180786	-0.0205304	-0.0200557	-0.0185465	-0.0191068	-0.0194646	-0.0168172	-0.0184588	-0.020468	-0.0179129	-0.0177759	-0.0187556	-0.0191661	-0.0187326	-0.0180578	-0.0201477	-0.0224523	-0.0219387	-0.022151	-0.0227072	-0.0239577	-0.0253236	-0.0242215	-0.0258773	
-0.0193573	-0.0204283	-0.0195185	-0.0186538	-0.0180327	-0.017925	-0.0188862	-0.0166021	-0.0168583	-0.0179223	-0.0174886	-0.0184154	-0.0198981	-0.0184215	-0.0186185	-0.0209005	-0.0202547	-0.0216285	-0.0211298	-0.021475	-0.0244219	-0.023197	-0.0230526	-0.0240301	-0.0247368	
-0.0178233	-0.018592	-0.0173576	-0.0167147	-0.0179586	-0.0192152	-0.0202452	-0.0187968	-0.0194065	-0.0187295	-0.0190814	-0.0197223	-0.0179064	-0.0177197	-0.0205456	-0.0212513	-0.0189946	-0.0196743	-0.0195345	-0.020912	-0.0236149	-0.0228741	-0.0231024	-0.0240293	-0.0252846	
-0.0156856	-0.0159587	-0.0169704	-0.0170866	-0.0168268	-0.0180989	-0.0182928	-0.019809	-0.0209112	-0.021094	-0.0235096	-0.0203455	-0.0187013	-0.0201606	-0.0201619	-0.0190757	-0.0174454	-0.0197044	-0.0204587	-0.0204668	-0.0225281	-0.0238452	-0.0240931	-0.0230563	-0.023525	
-0.0180911	-0.0204735	-0.0188727	-0.0179749	-0.0179669	-0.0177332	-0.0177522	-0.0195443	-0.0186824	-0.017907	-0.0216057	-0.0208154	-0.0211785	-0.0230851	-0.0223287	-0.0203671	-0.0202275	-0.0240015	-0.0225842	-0.0192857	-0.0207695	-0.0211005	-0.0205622	-0.0211171	-0.0211479	
-0.0183341	-0.018414	-0.0182174	-0.0176816	-0.0182509	-0.0197076	-0.0199941	-0.0226564	-0.0209773	-0.0184865	-0.0224901	-0.0229964	-0.021915	-0.0231204	-0.0224772	-0.0207377	-0.0213853	-0.0229724	-0.0225592	-0.0211091	-0.0212169	-0.020986	-0.0197816	-0.0207693	-0.0209445	
-0.017815	-0.0162633	-0.0184022	-0.0191118	-0.0193143	-0.0201012	-0.0195088	-0.0242944	-0.0224306	-0.0218649	-0.0265424	-0.0242152	-0.0225289	-0.0237432	-0.0232141	-0.0224286	-0.0217065	-0.0199857	-0.0214043	-0.0226746	-0.0213	-0.0211884	-0.020768	-0.0210305	-0.0211436	
-0.0189437	-0.0193764	-0.0197875	-0.0214608	-0.022082	-0.0204612	-0.019805	-0.0227425	-0.0231158	-0.0232033	-0.0248564	-0.0252991	-0.0236767	-0.0245184	-0.0264242	-0.0254695	-0.0241939	-0.0219363	-0.0219273	-0.0217174	-0.0200496	-0.0196231	-0.0192735	-0.020098	-0.0195646	
-0.0203567	-0.0184035	-0.0198619	-0.021724	-0.0225151	-0.021796	-0.0218017	-0.0237776	-0.0247759	-0.0256046	-0.0255774	-0.0268499	-0.0262818	-0.0255996	-0.0250331	-0.0247544	-0.0256436	-0.0224964	-0.0219098	-0.021835	-0.0198494	-0.0206536	-0.0203437	-0.0197285	-0.0194215	
-0.0221555	-0.019369	-0.0200128	-0.0212797	-0.0228065	-0.0225741	-0.0237241	-0.0246711	-0.0250538	-0.0271957	-0.0262058	-0.0274486	-0.0283892	-0.0264769	-0.0243825	-0.0246301	-0.0255857	-0.021736	-0.0205224	-0.0211981	-0.0193542	-0.0202929	-0.0214244	-0.0208408	-0.0209398	
-0.0209909	-0.0213966	-0.0195586	-0.0212217	-0.0232261	-0.0235653	-0.0265199	-0.0243428	-0.0271906	-0.0286642	-0.0243464	-0.0275191	-0.0277761	-0.024819	-0.0248234	-0.0250212	-0.0240183	-0.0218597	-0.0212437	-0.0212058	-0.0200238	-0.019652	-0.0208658	-0.0208601	-0.0198959	
-0.0219685	-0.0220544	-0.0218454	-0.0219937	-0.0226933	-0.0240115	-0.0260471	-0.0239623	-0.0258573	-0.0278816	-0.025198	-0.0260564	-0.0277412	-0.0263467	-0.0253103	-0.0258536	-0.0239857	-0.0214902	-0.0212226	-0.021228	-0.0195242	-0.0194731	-0.0210486	-0.0199236	-0.0201995	
