0.0814269	0.0814269	0.103742	0.134297	0.173983	0.21929	0.267579	0.312366	0.345979	0.362156	0.354182	0.321714	0.268388	0.202765	0.136388	0.0796893	0.0373115	0.0139381	0.00506288	0.0116904	0.0306809	0.0598974	0.0944394	0.125651	0.146259	
0.0814269	0.0965713	0.120781	0.154034	0.195532	0.242788	0.290728	0.3337	0.363139	0.372844	0.358381	0.319082	0.262138	0.195504	0.131665	0.0798286	0.0432275	0.0253369	0.0215401	0.0325233	0.0550555	0.0869759	0.121065	0.150085	0.166005	
0.10387	0.120911	0.146532	0.183775	0.226133	0.276384	0.323947	0.365115	0.39153	0.394549	0.374784	0.329329	0.269108	0.202417	0.140926	0.0941019	0.0627835	0.050228	0.0508337	0.0656078	0.0917712	0.124696	0.158756	0.184681	0.194986	
0.134641	0.154375	0.183977	0.223284	0.269621	0.320743	0.368763	0.408224	0.429753	0.42778	0.401036	0.349995	0.28693	0.219032	0.160598	0.117484	0.0913403	0.0827292	0.0876144	0.105683	0.133236	0.16925	0.199936	0.223776	0.229425	
0.174563	0.196076	0.226503	0.269751	0.315978	0.370041	0.416845	0.454467	0.472826	0.464509	0.432976	0.376618	0.310592	0.243048	0.186445	0.147467	0.125509	0.12075	0.128985	0.148966	0.179616	0.213938	0.244748	0.264346	0.265779	
0.220007	0.24339	0.276725	0.320783	0.369906	0.422926	0.469573	0.503356	0.516677	0.502203	0.46342	0.401684	0.331845	0.263053	0.208021	0.171216	0.152665	0.150239	0.160522	0.182976	0.212899	0.24897	0.275751	0.292652	0.290331	
0.268264	0.291217	0.324078	0.368483	0.416316	0.469133	0.512035	0.542903	0.549565	0.529138	0.483317	0.415894	0.342592	0.272272	0.218043	0.183126	0.166817	0.16572	0.178422	0.200076	0.232027	0.265517	0.290723	0.303332	0.297676	
0.312777	0.333781	0.364683	0.407258	0.453128	0.502031	0.541984	0.565276	0.566426	0.536842	0.483564	0.410028	0.331314	0.259559	0.20481	0.170466	0.155585	0.155574	0.167917	0.191335	0.221201	0.254131	0.27641	0.285325	0.276183	
0.345704	0.362371	0.390056	0.427553	0.470089	0.513822	0.547037	0.564794	0.555607	0.519387	0.456711	0.376725	0.293816	0.218942	0.163885	0.129758	0.115659	0.115102	0.129352	0.151057	0.181431	0.212523	0.231776	0.237065	0.225713	
0.36067	0.370726	0.391565	0.423931	0.459982	0.497437	0.524633	0.533149	0.517278	0.471253	0.401281	0.315447	0.227367	0.151255	0.0952803	0.0614077	0.0480841	0.0484899	0.0618653	0.0849908	0.114261	0.143378	0.161121	0.162914	0.149074	
0.351103	0.354579	0.369983	0.395264	0.426438	0.456562	0.476692	0.477766	0.452453	0.399151	0.32114	0.229732	0.138418	0.0602426	0.0046049	-0.0288444	-0.0407649	-0.0398463	-0.0249335	-0.00157051	0.0279062	0.0567123	0.0723534	0.0716995	0.0567282	
0.316833	0.313446	0.322664	0.342341	0.36819	0.39295	0.407421	0.402412	0.37065	0.311555	0.228048	0.133872	0.0398789	-0.0371583	-0.0926227	-0.123788	-0.134252	-0.131342	-0.114524	-0.0902035	-0.0595364	-0.0317545	-0.0166929	-0.0191643	-0.0347309	
0.261866	0.254909	0.260878	0.277784	0.300779	0.321824	0.332974	0.3227	0.28678	0.22257	0.135894	0.0390236	-0.0544143	-0.131722	-0.183151	-0.213311	-0.220495	-0.21483	-0.19654	-0.168819	-0.137363	-0.108972	-0.0941959	-0.0974191	-0.113311	
0.194936	0.187104	0.193199	0.209057	0.232613	0.252646	0.262475	0.250962	0.212064	0.146627	0.0579939	-0.0377857	-0.131567	-0.204303	-0.255344	-0.279965	-0.28522	-0.276678	-0.2544	-0.225321	-0.191626	-0.162494	-0.14796	-0.15202	-0.166934	
0.127817	0.122691	0.131346	0.150484	0.176134	0.198022	0.208965	0.197159	0.158177	0.0919297	0.00361671	-0.0920197	-0.18191	-0.254345	-0.299429	-0.32329	-0.324542	-0.312658	-0.288879	-0.256162	-0.220784	-0.191699	-0.176509	-0.18068	-0.195508	
0.070991	0.0709197	0.0848671	0.107903	0.137947	0.162313	0.175416	0.164423	0.125818	0.0599571	-0.0278582	-0.121242	-0.210266	-0.277342	-0.321837	-0.340763	-0.340315	-0.325959	-0.298997	-0.264436	-0.227761	-0.197139	-0.182461	-0.186559	-0.200116	
0.0289979	0.0347974	0.0542511	0.0826487	0.117078	0.145178	0.160854	0.151508	0.113907	0.0488899	-0.0375774	-0.129537	-0.215443	-0.280691	-0.321346	-0.338684	-0.335995	-0.319082	-0.290887	-0.254065	-0.215937	-0.186139	-0.170679	-0.175315	-0.188214	
0.00630741	0.0176612	0.0426034	0.0750683	0.113455	0.144071	0.161345	0.153351	0.115474	0.0516618	-0.0343328	-0.124374	-0.207709	-0.270416	-0.307858	-0.322852	-0.31758	-0.299045	-0.268203	-0.230232	-0.190724	-0.160352	-0.145564	-0.149703	-0.161498	
-0.00174884	0.0146854	0.0441744	0.0810941	0.12297	0.155795	0.175679	0.167417	0.131548	0.0671245	-0.0171769	-0.10534	-0.187254	-0.246193	-0.282439	-0.294499	-0.288162	-0.267101	-0.235767	-0.19516	-0.156046	-0.125552	-0.111306	-0.115717	-0.127552	
0.00577695	0.0265114	0.0597963	0.100193	0.144165	0.179599	0.198993	0.192821	0.155271	0.0923217	0.00829939	-0.078917	-0.15755	-0.215344	-0.248141	-0.258649	-0.250286	-0.228367	-0.194553	-0.154644	-0.113448	-0.0847614	-0.0705779	-0.0762294	-0.0869391	
0.0255154	0.0497789	0.0867555	0.128765	0.176073	0.210795	0.232247	0.224356	0.187498	0.123474	0.0397853	-0.0463028	-0.124236	-0.180066	-0.211459	-0.22097	-0.211519	-0.188469	-0.155357	-0.113439	-0.0749137	-0.0456809	-0.034329	-0.0401414	-0.0522923	
0.0553015	0.0821445	0.120156	0.165501	0.21146	0.248169	0.266957	0.258536	0.219992	0.153935	0.0699622	-0.0171834	-0.0946065	-0.149775	-0.181429	-0.189619	-0.181321	-0.157983	-0.125072	-0.0851942	-0.0463152	-0.0209978	-0.0106316	-0.0190337	-0.0319606	
0.089837	0.11616	0.154234	0.196395	0.242642	0.275621	0.292998	0.281699	0.240176	0.172466	0.086353	-0.00134918	-0.0791581	-0.13468	-0.165824	-0.174739	-0.165948	-0.143545	-0.111469	-0.0719605	-0.03609	-0.0118166	-0.00417344	-0.0147689	-0.028691	
0.120227	0.144293	0.179784	0.220212	0.262332	0.292711	0.305913	0.290944	0.245886	0.17464	0.0859504	-0.00368596	-0.0823042	-0.138604	-0.169934	-0.178894	-0.170849	-0.148144	-0.116662	-0.0787558	-0.0433883	-0.021811	-0.0164464	-0.0278045	-0.0437804	
0.138729	0.157923	0.188798	0.225246	0.263351	0.290077	0.300007	0.281576	0.234469	0.160775	0.0708934	-0.0192954	-0.098279	-0.153546	-0.184841	-0.192565	-0.183985	-0.160294	-0.12902	-0.0903526	-0.0566678	-0.03615	-0.031899	-0.045539	-0.0624614	
0.14292	0.158598	0.186234	0.219236	0.255058	0.278887	0.285984	0.265574	0.215691	0.140835	0.0495724	-0.0407213	-0.119094	-0.173463	-0.203421	-0.209926	-0.199275	-0.174816	-0.14108	-0.10321	-0.0683447	-0.0491527	-0.0452818	-0.0601502	-0.077108	
0.13525	0.148918	0.175589	0.206991	0.242831	0.265493	0.272307	0.251175	0.200546	0.126096	0.0339229	-0.0556435	-0.132678	-0.186236	-0.213743	-0.218955	-0.20652	-0.180097	-0.145412	-0.106266	-0.0721754	-0.0520906	-0.0505981	-0.0647981	-0.0839694	
0.124068	0.138058	0.163915	0.197497	0.23194	0.256738	0.26333	0.242305	0.19328	0.117629	0.0273867	-0.0620347	-0.138084	-0.189564	-0.216074	-0.219207	-0.20465	-0.176699	-0.140558	-0.100649	-0.0661532	-0.0479091	-0.044931	-0.0615807	-0.0807304	
0.115439	0.131009	0.159317	0.192798	0.230112	0.254415	0.26235	0.241785	0.192457	0.117718	0.0271986	-0.0619531	-0.137022	-0.187847	-0.213194	-0.21472	-0.19891	-0.169667	-0.131597	-0.0910242	-0.0571886	-0.0375977	-0.0371462	-0.0532859	-0.0726336	
0.109764	0.126936	0.156274	0.191981	0.230021	0.256562	0.265193	0.246043	0.197408	0.123716	0.0338708	-0.0547642	-0.129309	-0.179513	-0.203901	-0.20441	-0.187919	-0.157415	-0.118749	-0.077581	-0.0427017	-0.0246034	-0.0239968	-0.040861	-0.061949	
0.110811	0.129153	0.158929	0.195958	0.234054	0.261512	0.270971	0.252044	0.204199	0.130147	0.041189	-0.0479071	-0.121714	-0.172782	-0.195556	-0.19613	-0.178298	-0.146152	-0.107573	-0.0640571	-0.0297488	-0.0106414	-0.0101462	-0.0274294	-0.048796	
0.113651	0.133944	0.16544	0.203125	0.243157	0.270629	0.28149	0.262153	0.214789	0.140031	0.0503351	-0.0389836	-0.115798	-0.165202	-0.191236	-0.190083	-0.173223	-0.140718	-0.101049	-0.0574094	-0.0222748	-0.00303133	-0.00256069	-0.0207362	-0.0425907	
0.120326	0.140474	0.172414	0.209543	0.249478	0.2772	0.286827	0.268813	0.218431	0.145145	0.0528275	-0.0375044	-0.114583	-0.167496	-0.192198	-0.192615	-0.175438	-0.141923	-0.101687	-0.0580526	-0.0204642	-0.00115342	-0.0003454	-0.0180594	-0.0413394	
0.126237	0.145357	0.176004	0.212242	0.250843	0.277587	0.286625	0.267119	0.216579	0.141019	0.0475938	-0.0434753	-0.122663	-0.176293	-0.201532	-0.20359	-0.183956	-0.150738	-0.10874	-0.0635738	-0.0249231	-0.00510267	-0.00206405	-0.0211248	-0.0438013	
0.126526	0.14401	0.173574	0.208465	0.246297	0.27192	0.280977	0.260206	0.209983	0.132988	0.0400179	-0.0528842	-0.13159	-0.186112	-0.211249	-0.212833	-0.192634	-0.158489	-0.113897	-0.0669263	-0.0264186	-0.00274616	-0.000765285	-0.0180975	-0.0413809	
0.120754	0.137167	0.165672	0.200599	0.237928	0.264264	0.274549	0.254231	0.206099	0.129217	0.0378306	-0.0543447	-0.134231	-0.186232	-0.214131	-0.212068	-0.192783	-0.156127	-0.110757	-0.0609757	-0.0183785	0.00745471	0.0110507	-0.00601403	-0.0300103	
0.115622	0.133264	0.163298	0.199359	0.23775	0.266054	0.276114	0.259209	0.209928	0.135675	0.0433723	-0.0493781	-0.127864	-0.183386	-0.209727	-0.209504	-0.189172	-0.151543	-0.104858	-0.0538541	-0.00759078	0.0191678	0.0251454	0.00797443	-0.0161574	
0.113974	0.13327	0.165304	0.201887	0.243292	0.271685	0.284996	0.268212	0.221432	0.147668	0.054781	-0.0373748	-0.119315	-0.174808	-0.203431	-0.205786	-0.185579	-0.149387	-0.10276	-0.04962	-0.00321287	0.0260298	0.0335421	0.0166027	-0.00898907	
0.119088	0.138338	0.169853	0.207197	0.24736	0.27715	0.289497	0.274638	0.227253	0.153948	0.0607581	-0.033186	-0.116135	-0.174924	-0.204325	-0.208708	-0.190086	-0.154638	-0.107489	-0.0545905	-0.00608815	0.0252281	0.0342385	0.0192999	-0.00670862	
0.122245	0.140324	0.169773	0.206926	0.246086	0.275673	0.288773	0.273522	0.228888	0.154518	0.0620284	-0.0321564	-0.117094	-0.176522	-0.209228	-0.214524	-0.197653	-0.163255	-0.116917	-0.0624047	-0.0137105	0.0204919	0.0326581	0.0190692	-0.0048263	
0.120758	0.137428	0.166431	0.201789	0.241818	0.271152	0.284707	0.271461	0.227078	0.155611	0.0627008	-0.0323853	-0.116986	-0.178763	-0.212806	-0.219754	-0.204101	-0.172097	-0.12396	-0.0714599	-0.0189903	0.0171342	0.032472	0.0222365	0.000776018	
0.114805	0.130608	0.159645	0.194593	0.236274	0.265549	0.282994	0.270416	0.230086	0.160711	0.0695471	-0.0253364	-0.112186	-0.175063	-0.211241	-0.220739	-0.207222	-0.176104	-0.130603	-0.0762489	-0.0233061	0.0158468	0.0344329	0.028113	0.00713672	
0.1105	0.126181	0.154797	0.191458	0.23197	0.264647	0.281915	0.273623	0.234418	0.167795	0.0781575	-0.0171162	-0.105493	-0.170979	-0.209675	-0.221317	-0.210466	-0.180802	-0.136744	-0.0827905	-0.028286	0.0138491	0.0364435	0.0332715	0.0158341	
0.105242	0.121592	0.150536	0.188393	0.2299	0.264675	0.284748	0.278778	0.243239	0.178041	0.0899807	-0.00561134	-0.0953818	-0.164431	-0.205634	-0.221641	-0.212757	-0.185737	-0.143985	-0.0897529	-0.0354459	0.0100791	0.0360431	0.0359521	0.0222353	
0.101853	0.117941	0.147489	0.184594	0.227744	0.263499	0.286041	0.283125	0.249826	0.187535	0.100078	0.00499933	-0.086825	-0.157242	-0.203116	-0.221142	-0.215227	-0.191961	-0.150047	-0.0992574	-0.0432352	0.00493679	0.0335827	0.0384327	0.0278775	
0.099852	0.115542	0.144716	0.181546	0.225333	0.261724	0.286558	0.285458	0.255172	0.194409	0.108623	0.013071	-0.0796056	-0.153985	-0.201952	-0.224674	-0.2213	-0.200428	-0.161414	-0.111506	-0.0547791	-0.00540865	0.0277487	0.0371579	0.0289031	
0.0969093	0.111961	0.140187	0.17732	0.220327	0.258274	0.284158	0.285615	0.258055	0.199124	0.114971	0.0201533	-0.0745269	-0.150317	-0.202881	-0.227644	-0.228011	-0.209234	-0.172915	-0.123609	-0.0680428	-0.0159693	0.0201639	0.0342771	0.030255	
0.0897539	0.104026	0.130969	0.16838	0.2108	0.250881	0.278447	0.284185	0.260169	0.204976	0.123955	0.0295022	-0.0641449	-0.143433	-0.197363	-0.226165	-0.228455	-0.21247	-0.177957	-0.130228	-0.074626	-0.0223358	0.0171882	0.034615	0.035152	
0.084295	0.0986852	0.125429	0.162182	0.205719	0.246353	0.277237	0.285711	0.265962	0.214407	0.135547	0.0424437	-0.0529414	-0.133353	-0.191418	-0.222588	-0.228132	-0.214879	-0.182534	-0.13637	-0.0826115	-0.0282165	0.0117513	0.0342498	0.0380816	
0.0810982	0.0974339	0.123794	0.161564	0.205313	0.248866	0.281305	0.293532	0.276893	0.2283	0.151598	0.0574661	-0.0392195	-0.12356	-0.185166	-0.2208	-0.229835	-0.220228	-0.190281	-0.147754	-0.0940351	-0.0411571	0.00164692	0.0262464	0.0330633	
