-0.056929	-0.0483705	-0.0383419	-0.0202664	0.0143898	0.0716214	0.14278	0.21663	0.298904	0.380947	0.428052	0.421683	0.370775	0.290158	0.195399	0.0936444	-0.0248366	-0.1598	-0.280464	-0.35386	-0.375076	-0.359762	-0.329084	-0.307615	-0.316412	
-0.0574615	-0.0452315	-0.0311326	-0.00951464	0.0283239	0.0894904	0.16805	0.246532	0.323317	0.39563	0.434046	0.416488	0.352508	0.261488	0.16003	0.0570893	-0.055604	-0.182953	-0.298823	-0.367377	-0.381095	-0.357545	-0.317124	-0.281499	-0.276339	
-0.0553852	-0.0418172	-0.02391	0.0019499	0.0439431	0.107986	0.191174	0.274321	0.346409	0.40603	0.432964	0.405793	0.33232	0.233865	0.126827	0.0211676	-0.086836	-0.203473	-0.309777	-0.3722	-0.380983	-0.353044	-0.307327	-0.262386	-0.246222	
-0.0513971	-0.040002	-0.0179086	0.0146975	0.0617501	0.127159	0.211971	0.299048	0.367418	0.412586	0.425529	0.389905	0.310371	0.207386	0.0961493	-0.0131339	-0.117695	-0.22157	-0.314163	-0.36899	-0.375055	-0.346175	-0.299171	-0.249842	-0.226281	
-0.0470543	-0.0361564	-0.0109865	0.0275642	0.0801294	0.147093	0.231395	0.320304	0.385102	0.415399	0.412884	0.369543	0.286779	0.181818	0.0678512	-0.0451177	-0.147046	-0.237061	-0.31297	-0.358874	-0.363945	-0.337094	-0.292337	-0.243209	-0.215945	
-0.0428391	-0.0317517	-0.00263649	0.0412369	0.0985584	0.167255	0.249982	0.338109	0.398443	0.414426	0.39628	0.345659	0.261641	0.156688	0.0414312	-0.0743431	-0.173639	-0.249511	-0.307256	-0.343307	-0.348555	-0.326164	-0.286669	-0.241645	-0.213981	
-0.0380729	-0.0252496	0.00656817	0.0547722	0.116388	0.187215	0.268116	0.352652	0.406746	0.40966	0.376939	0.319269	0.235012	0.131369	0.0162289	-0.100522	-0.196291	-0.258442	-0.298116	-0.323938	-0.330004	-0.313901	-0.28208	-0.244131	-0.218663	
-0.0336057	-0.0174767	0.0159753	0.0671621	0.132805	0.207222	0.286664	0.364128	0.409481	0.401246	0.356011	0.291295	0.206844	0.105175	-0.00835496	-0.123414	-0.214069	-0.263563	-0.286671	-0.302483	-0.309554	-0.300904	-0.278422	-0.249465	-0.22796	
-0.0302	-0.0102498	0.0261406	0.0799793	0.149191	0.227807	0.3051	0.371986	0.406798	0.389863	0.334396	0.262322	0.176992	0.0775412	-0.0326584	-0.142797	-0.226488	-0.26495	-0.274052	-0.280615	-0.288542	-0.287754	-0.275376	-0.256267	-0.239709	
-0.0260008	-0.000168567	0.0373849	0.0928335	0.166057	0.248252	0.32147	0.375824	0.400041	0.376603	0.312502	0.232524	0.145309	0.0482148	-0.0566441	-0.158548	-0.23368	-0.263144	-0.261372	-0.259872	-0.268272	-0.27491	-0.272373	-0.263014	-0.251764	
-0.019107	0.00941102	0.0474754	0.105793	0.182831	0.266631	0.334676	0.376997	0.391319	0.36215	0.290085	0.201803	0.111818	0.0174254	-0.0799174	-0.170816	-0.236499	-0.259133	-0.249684	-0.241587	-0.249878	-0.262595	-0.268597	-0.268125	-0.262083	
-0.0144108	0.0156101	0.0574201	0.11986	0.199145	0.282429	0.345219	0.377196	0.382029	0.346443	0.266546	0.170051	0.0769322	-0.014021	-0.101913	-0.180246	-0.236497	-0.254248	-0.239957	-0.226804	-0.234157	-0.250718	-0.263063	-0.270064	-0.268779	
-0.0112423	0.0220417	0.0684757	0.134389	0.214768	0.295893	0.353617	0.377339	0.372682	0.329076	0.241366	0.13744	0.0416103	-0.044861	-0.122255	-0.188135	-0.235745	-0.249988	-0.233044	-0.216194	-0.221391	-0.238837	-0.254768	-0.267461	-0.270119	
-0.00866438	0.0281841	0.0807463	0.149866	0.229186	0.306487	0.360673	0.378457	0.36317	0.309317	0.214269	0.104651	0.00738767	-0.0737257	-0.141147	-0.196392	-0.236506	-0.247854	-0.229662	-0.209934	-0.211226	-0.226217	-0.24285	-0.259198	-0.264531	
-0.00736044	0.0365154	0.0951641	0.164603	0.241062	0.315371	0.36819	0.380188	0.351802	0.286431	0.18584	0.0731876	-0.0238347	-0.0997294	-0.159677	-0.207265	-0.240848	-0.249192	-0.230318	-0.20761	-0.20266	-0.211955	-0.226694	-0.244445	-0.250662	
-0.00157855	0.0489416	0.107682	0.175519	0.25103	0.324585	0.375936	0.379801	0.336918	0.261367	0.158112	0.0451352	-0.0506138	-0.123238	-0.179789	-0.222773	-0.250267	-0.25507	-0.235179	-0.208161	-0.194208	-0.195147	-0.205935	-0.222639	-0.227512	
0.00854508	0.0561988	0.114389	0.184813	0.261457	0.334178	0.38167	0.375415	0.31963	0.23699	0.133448	0.0218468	-0.073084	-0.146091	-0.20355	-0.244039	-0.265529	-0.266171	-0.243879	-0.209965	-0.184231	-0.175037	-0.180339	-0.193443	-0.194649	
0.0124347	0.0581242	0.121218	0.195024	0.272518	0.343668	0.384316	0.36765	0.302653	0.215682	0.112857	0.00306881	-0.0930551	-0.170696	-0.232139	-0.271097	-0.286819	-0.282568	-0.255273	-0.211086	-0.171353	-0.151092	-0.149624	-0.156739	-0.152454	
0.0123907	0.0625276	0.129953	0.205752	0.285086	0.352113	0.382722	0.35808	0.288134	0.198133	0.0960931	-0.0126184	-0.113163	-0.198955	-0.265579	-0.303342	-0.313751	-0.303224	-0.267351	-0.209749	-0.154818	-0.122941	-0.113355	-0.112726	-0.10227	
0.0159255	0.0687083	0.138265	0.218682	0.298156	0.355676	0.376913	0.349538	0.277198	0.184156	0.0824424	-0.0276148	-0.136349	-0.231868	-0.303133	-0.339768	-0.344842	-0.325605	-0.277624	-0.204872	-0.134525	-0.0902405	-0.0710694	-0.0621163	-0.0463482	
0.0196021	0.0747044	0.150047	0.23312	0.305308	0.353047	0.371531	0.344709	0.269441	0.173107	0.0699378	-0.0457353	-0.16514	-0.26918	-0.343431	-0.378554	-0.376995	-0.346076	-0.283953	-0.196217	-0.110648	-0.0526294	-0.0227099	-0.00637431	0.0124836	
0.0255595	0.0856996	0.163163	0.240347	0.30463	0.350701	0.370631	0.342376	0.263319	0.163213	0.054384	-0.0708578	-0.199874	-0.309063	-0.384449	-0.416707	-0.405907	-0.361099	-0.285101	-0.183851	-0.0830829	-0.0100143	0.0307402	0.0521898	0.0713665	
0.0360564	0.0956871	0.167232	0.238683	0.303869	0.353127	0.371676	0.339924	0.257516	0.150618	0.0311536	-0.103697	-0.237987	-0.349035	-0.423774	-0.450307	-0.427274	-0.368244	-0.280394	-0.167253	-0.0513315	0.0368132	0.0868374	0.110638	0.127935	
0.0415902	0.0949444	0.16277	0.237216	0.30756	0.356896	0.371773	0.337293	0.249288	0.130344	-0.00089019	-0.140962	-0.276299	-0.387244	-0.45846	-0.475084	-0.437924	-0.366235	-0.268839	-0.145009	-0.0151066	0.0856837	0.141932	0.165925	0.180493	
0.0364789	0.0881697	0.159933	0.239989	0.312324	0.36	0.372279	0.332665	0.233147	0.100378	-0.0382018	-0.178792	-0.313275	-0.421646	-0.484421	-0.487333	-0.436313	-0.354248	-0.248732	-0.115592	0.0248074	0.133304	0.192174	0.215446	0.227654	
0.0291171	0.0845508	0.16094	0.244014	0.317518	0.364327	0.370853	0.319355	0.205987	0.064181	-0.0763445	-0.215617	-0.347333	-0.447999	-0.497127	-0.485173	-0.422252	-0.331304	-0.218356	-0.0786825	0.066321	0.176378	0.234727	0.25722	0.267608	
0.0244881	0.0835668	0.163708	0.250099	0.324396	0.365564	0.359223	0.293719	0.171647	0.0269113	-0.1134	-0.249837	-0.373731	-0.46067	-0.494068	-0.469011	-0.395949	-0.296402	-0.177346	-0.0358968	0.106819	0.212928	0.268375	0.289602	0.297564	
0.0221851	0.0860216	0.170445	0.25776	0.326152	0.354643	0.334557	0.26082	0.136183	-0.00911682	-0.147565	-0.276131	-0.385837	-0.456528	-0.476086	-0.440154	-0.357243	-0.249528	-0.12765	0.0097176	0.144385	0.242793	0.293086	0.310799	0.313887	
0.0259643	0.0939254	0.177973	0.258207	0.314376	0.330781	0.303352	0.227113	0.101878	-0.042045	-0.173123	-0.287249	-0.380223	-0.436833	-0.445289	-0.398926	-0.306164	-0.192872	-0.0732573	0.05504	0.178426	0.266864	0.308886	0.318697	0.313097	
0.035629	0.100842	0.17608	0.244494	0.290568	0.301218	0.271278	0.194051	0.0704764	-0.0658363	-0.182539	-0.279822	-0.358612	-0.404197	-0.402059	-0.344968	-0.244693	-0.13104	-0.0187162	0.0979671	0.209073	0.285523	0.314906	0.31131	0.293283	
0.0404599	0.0956041	0.160071	0.220195	0.261497	0.269635	0.23857	0.163598	0.0487062	-0.0726957	-0.172687	-0.255975	-0.3238	-0.358722	-0.345412	-0.279831	-0.17772	-0.0696311	0.0324542	0.137309	0.235734	0.297397	0.309316	0.287677	0.255202	
0.031407	0.0774597	0.134879	0.190199	0.228529	0.235898	0.208508	0.143799	0.0447019	-0.0598392	-0.145999	-0.218406	-0.275421	-0.298855	-0.276625	-0.208717	-0.11167	-0.0131511	0.0781595	0.171558	0.25589	0.299349	0.290219	0.248694	0.202462	
0.0112797	0.0506806	0.102953	0.154825	0.192902	0.205749	0.190748	0.142873	0.0606162	-0.0300112	-0.104904	-0.166258	-0.211636	-0.22602	-0.201498	-0.138891	-0.0517892	0.0358737	0.116606	0.197615	0.265195	0.287776	0.256945	0.197374	0.140704	
-0.0176488	0.0164815	0.0653148	0.117804	0.163127	0.190032	0.192795	0.161709	0.0932087	0.0146888	-0.0481537	-0.0978098	-0.134518	-0.146933	-0.128163	-0.0761583	-0.000742422	0.0757993	0.144779	0.210757	0.259029	0.26051	0.210981	0.138402	0.0762139	
-0.0543195	-0.0229007	0.0284946	0.0900815	0.150017	0.1942	0.213606	0.196545	0.140839	0.0758068	0.0254812	-0.0162028	-0.0518789	-0.070474	-0.0627071	-0.0230522	0.0401967	0.103995	0.158149	0.206235	0.234735	0.218258	0.156076	0.0771975	0.0145875	
-0.0945107	-0.0574025	0.00477906	0.0803738	0.155751	0.215334	0.249475	0.24653	0.205249	0.15377	0.111554	0.0696835	0.0269535	-0.00263023	-0.00725534	0.0196562	0.0688363	0.116255	0.152223	0.181631	0.193232	0.164867	0.0974946	0.0188764	-0.0400833	
-0.124833	-0.0762199	-0.00108362	0.0878756	0.176733	0.250754	0.300762	0.313512	0.285781	0.242742	0.200352	0.150513	0.0965252	0.055117	0.0379389	0.0501301	0.0812099	0.108338	0.125007	0.138504	0.139124	0.106291	0.0407451	-0.0325766	-0.0854497	
-0.138956	-0.077956	0.0090702	0.109759	0.212079	0.302299	0.369262	0.395403	0.375109	0.33251	0.283038	0.221733	0.156099	0.102882	0.0711458	0.0644509	0.0731968	0.0785553	0.0786356	0.0822584	0.079228	0.0487871	-0.00973823	-0.0748338	-0.120782	
-0.1361	-0.0640752	0.0339287	0.147533	0.265026	0.371088	0.450975	0.483353	0.462872	0.415203	0.356204	0.283262	0.205855	0.138672	0.0882092	0.0584763	0.0432969	0.0294232	0.0190695	0.0203371	0.0203504	-0.0028347	-0.0514938	-0.107366	-0.146685	
-0.117518	-0.0333981	0.0777484	0.204702	0.334627	0.45072	0.535823	0.567278	0.542443	0.488617	0.420178	0.334912	0.243133	0.157813	0.0848476	0.0308964	-0.00563969	-0.032725	-0.0458704	-0.0401553	-0.0325507	-0.0461153	-0.0841351	-0.131096	-0.164637	
-0.0780352	0.0195958	0.141706	0.276964	0.412164	0.530511	0.614527	0.641919	0.612626	0.553121	0.473936	0.372982	0.262586	0.155883	0.0600343	-0.014986	-0.0668886	-0.0997822	-0.108864	-0.0941372	-0.0769936	-0.0806963	-0.108631	-0.14758	-0.1763	
-0.0151303	0.0916049	0.218301	0.353996	0.486935	0.602505	0.683366	0.706723	0.673295	0.606452	0.512496	0.391437	0.259832	0.132353	0.0177173	-0.0719042	-0.132008	-0.164213	-0.164637	-0.138959	-0.112465	-0.107351	-0.126279	-0.15814	-0.182825	
0.0642641	0.173094	0.296142	0.42569	0.552885	0.664625	0.741954	0.760393	0.720609	0.642373	0.529307	0.386224	0.235175	0.0920494	-0.0341597	-0.131022	-0.193282	-0.220591	-0.210346	-0.173926	-0.139576	-0.127198	-0.138182	-0.163578	-0.184676	
0.148739	0.252196	0.366974	0.488438	0.609113	0.715959	0.787328	0.797335	0.747336	0.654266	0.521017	0.358815	0.194583	0.0436842	-0.0863898	-0.18455	-0.24533	-0.266061	-0.245255	-0.199723	-0.159648	-0.141632	-0.145517	-0.164675	-0.182192	
0.228251	0.324006	0.42919	0.541275	0.653373	0.751762	0.812308	0.809695	0.747433	0.640025	0.490509	0.316446	0.147584	-0.00324963	-0.131271	-0.227395	-0.285581	-0.300051	-0.270242	-0.218083	-0.174682	-0.152567	-0.149952	-0.162724	-0.176235	
0.300791	0.387111	0.480528	0.580162	0.67922	0.76378	0.809042	0.792679	0.72071	0.604237	0.446211	0.269356	0.103853	-0.0413006	-0.164189	-0.257532	-0.31387	-0.323637	-0.287266	-0.231433	-0.187094	-0.16216	-0.153344	-0.159245	-0.168046	
0.363802	0.437505	0.514968	0.597039	0.678003	0.745167	0.774706	0.748502	0.673792	0.55642	0.398711	0.227161	0.0704546	-0.0664458	-0.183766	-0.275379	-0.33157	-0.338752	-0.298706	-0.242261	-0.199023	-0.17205	-0.156951	-0.15525	-0.158547	
0.411157	0.466915	0.523282	0.583841	0.64504	0.695862	0.714099	0.685882	0.617306	0.507157	0.357111	0.196328	0.0507569	-0.0779559	-0.19102	-0.282758	-0.340654	-0.347437	-0.306724	-0.252516	-0.211811	-0.183024	-0.16134	-0.151308	-0.148385	
0.433042	0.46623	0.499246	0.53895	0.583581	0.623294	0.637707	0.61642	0.561728	0.464598	0.326876	0.179475	0.0448724	-0.077353	-0.188201	-0.281898	-0.342975	-0.351354	-0.312933	-0.263461	-0.226146	-0.195496	-0.167127	-0.148466	-0.138943	
0.421972	0.432021	0.444907	0.469	0.503535	0.539267	0.557551	0.550362	0.514185	0.432834	0.309629	0.176116	0.0508547	-0.0671867	-0.177806	-0.274766	-0.339891	-0.351623	-0.318399	-0.275849	-0.242408	-0.209874	-0.175154	-0.148179	-0.132464	
