-0.0292817	-0.0280029	-0.0277571	-0.0275754	-0.0260271	-0.0250601	-0.0245021	-0.0238988	-0.0242027	-0.0226479	-0.0212689	-0.0212712	-0.0196267	-0.0181758	-0.0167943	-0.0165242	-0.0149741	-0.0117267	-0.0106104	-0.0086281	-0.00676926	-0.00388115	-0.00128058	0.000528069	0.00118068	
-0.0237309	-0.0226736	-0.0220751	-0.0214188	-0.020098	-0.0188531	-0.017727	-0.0176762	-0.0170914	-0.0153454	-0.0141069	-0.0137072	-0.0122149	-0.0106315	-0.00917305	-0.00847917	-0.00686559	-0.00368703	-0.00235699	-0.000369448	0.00109441	0.00360715	0.00608313	0.00722053	0.00809283	
-0.015571	-0.0138985	-0.0134877	-0.0133033	-0.011551	-0.010395	-0.0100645	-0.00899023	-0.00863691	-0.00698117	-0.00544154	-0.00589354	-0.00395121	-0.00293097	-0.00153682	-0.000962858	0.000473904	0.0034776	0.00427518	0.00612825	0.00720101	0.00956399	0.0118256	0.0128193	0.0133691	
-0.00489366	-0.00396261	-0.00390854	-0.00367422	-0.00304863	-0.00199365	-0.00162763	-0.00129674	-0.000408226	0.000615484	0.00126111	0.00114484	0.00269127	0.00379937	0.00489541	0.00541583	0.00730079	0.00941409	0.0101237	0.0116789	0.0123561	0.0150848	0.0165359	0.0175913	0.0174165	
0.00377127	0.00554093	0.00524437	0.00492033	0.00618769	0.00589649	0.00674342	0.00693471	0.00732014	0.00807364	0.00836714	0.0080043	0.0102162	0.0103925	0.0114054	0.0116549	0.0125917	0.0149138	0.0141278	0.0156622	0.0159147	0.0177098	0.0190752	0.0194657	0.0191493	
0.0115071	0.012277	0.0124258	0.0118299	0.0127279	0.0128174	0.0133017	0.0137357	0.0137241	0.0141787	0.0141647	0.0143721	0.0160566	0.0164997	0.0168851	0.0166496	0.0176532	0.0185635	0.017721	0.0185278	0.0180306	0.0190687	0.019516	0.0194639	0.0187955	
0.0172164	0.0179283	0.0173425	0.0167502	0.0167886	0.0167507	0.0174385	0.0172953	0.0175774	0.0171527	0.0180261	0.0173515	0.0194983	0.0196917	0.0193353	0.0199267	0.0192824	0.0206574	0.0189906	0.0189849	0.0190313	0.0188492	0.0193694	0.0192369	0.0181187	
0.0211391	0.0214281	0.0203441	0.0192179	0.0189708	0.0185156	0.0187105	0.0183909	0.0180514	0.0178886	0.0182684	0.0181481	0.0196758	0.0199239	0.020165	0.0195179	0.0201888	0.0206708	0.0190058	0.0195974	0.018124	0.0184093	0.0181315	0.0174586	0.0163615	
0.0228376	0.0224972	0.0217818	0.0199857	0.0203405	0.0191779	0.0193702	0.0190482	0.0185835	0.018821	0.0188604	0.018596	0.0199257	0.0198055	0.0188732	0.0187046	0.0179748	0.018649	0.0172222	0.0162951	0.0158594	0.0148266	0.0143638	0.0138155	0.0123579	
0.0234101	0.0234265	0.021394	0.0209872	0.0196748	0.018998	0.0184941	0.0176588	0.0179699	0.0169674	0.0173812	0.0167721	0.0179969	0.0174697	0.0165006	0.0156548	0.0159918	0.0161512	0.0144821	0.0146606	0.0128982	0.012465	0.0115471	0.010372	0.00909009	
0.0210414	0.0200645	0.0192147	0.0174317	0.0174801	0.0160224	0.0158247	0.0158416	0.0158602	0.0152272	0.0156259	0.0154573	0.0164002	0.0160277	0.0141351	0.014204	0.0139316	0.0140687	0.0126719	0.0115883	0.0109483	0.00914587	0.00801738	0.00683933	0.00513243	
0.0192191	0.0183785	0.016866	0.0161637	0.0149198	0.0137477	0.0138977	0.0131909	0.0134384	0.0125263	0.0126705	0.0126077	0.0133477	0.0124633	0.0109931	0.0106646	0.0109527	0.0107983	0.00920575	0.00899745	0.00788367	0.00664192	0.00554112	0.00424444	0.00285941	
0.0161598	0.0151666	0.0145017	0.0129972	0.0123673	0.0114082	0.0113484	0.0115548	0.0112962	0.0104901	0.0105432	0.0102033	0.0105403	0.00999508	0.00828324	0.00801683	0.00850184	0.0075503	0.00620621	0.00580372	0.00483524	0.00363391	0.00279703	0.00179449	0.000607371	
0.0126802	0.012012	0.0114753	0.0107106	0.00989876	0.00913117	0.00928127	0.00916707	0.00940804	0.00849313	0.00821488	0.00747924	0.00822291	0.00749287	0.00552676	0.00615373	0.00527359	0.00497995	0.00369042	0.00258764	0.00308082	0.00120438	0.000873202	0.000461235	-0.00103818	
0.00845289	0.00749138	0.00704086	0.00689871	0.00593439	0.00561911	0.00552077	0.00578542	0.00639759	0.00547061	0.00489595	0.00479604	0.00544581	0.00570476	0.00421738	0.00379174	0.00474818	0.00287845	0.00199715	0.00202497	0.00100024	0.000536457	-0.000137401	-0.000952494	-0.00203322	
0.00544246	0.00508679	0.00497605	0.0045585	0.00451212	0.00328495	0.00345743	0.00354513	0.00375671	0.00319714	0.00184264	0.00166098	0.00291397	0.00245435	0.000822277	0.0012315	0.000804462	8.15318e-06	-0.000829812	-0.00117934	-0.000384486	-0.00189491	-0.00157165	-0.00171108	-0.00283223	
0.00415072	0.00343554	0.00377214	0.00393051	0.00292689	0.0024498	0.00203897	0.00187221	0.00202561	0.000874589	-0.000195919	-0.000330216	0.000388271	0.000108293	-0.00188296	-0.00154081	-0.00102799	-0.00285958	-0.00285283	-0.00284485	-0.00256474	-0.00318181	-0.00333028	-0.00292103	-0.00382973	
0.00204553	0.00248863	0.00263075	0.00296618	0.00228241	0.00169678	0.0017765	0.00111266	0.00140517	-0.000191617	-0.00112683	-0.00110374	-0.000675335	-0.00109028	-0.00305672	-0.00238818	-0.00180137	-0.00343778	-0.00380501	-0.0033745	-0.0034259	-0.00458561	-0.0041071	-0.00433101	-0.00484846	
0.000662572	0.000745228	0.00177646	0.00164986	0.0016637	0.00110896	0.001063	0.000870653	0.000638359	-0.000170588	-0.00191676	-0.00151525	-0.00115199	-0.0016841	-0.0034592	-0.00255193	-0.00189208	-0.00367863	-0.00360312	-0.00364973	-0.00345415	-0.00498664	-0.00451166	-0.00436152	-0.0052869	
-0.00143324	-0.00122544	-0.000700312	0.000105315	-0.000299103	-0.000194919	-0.000513707	-0.000697825	-1.00232e-05	-0.00132017	-0.00261641	-0.0026305	-0.00189889	-0.00219633	-0.00370449	-0.00258159	-0.00161202	-0.00333802	-0.00313977	-0.00290717	-0.00346886	-0.00471401	-0.00473325	-0.00449481	-0.00543952	
-0.00137703	-0.00133664	-0.00059734	3.14951e-05	-0.000352972	-0.000654654	-0.00125006	-0.00153936	-0.000962119	-0.00238588	-0.00445601	-0.00418355	-0.00396947	-0.00400706	-0.00542858	-0.00424006	-0.00301918	-0.00463112	-0.00410066	-0.00362328	-0.00372658	-0.00507106	-0.00458281	-0.00439448	-0.00499597	
-0.00210252	-0.00219982	-0.000797455	-0.000398258	-0.000756966	-0.00143558	-0.00176161	-0.00179843	-0.00144673	-0.0025279	-0.00473476	-0.00440706	-0.0040932	-0.00448845	-0.00608826	-0.00460337	-0.00400972	-0.00552075	-0.00490804	-0.00472147	-0.00420337	-0.00594715	-0.00547299	-0.00514455	-0.00573076	
-0.00230736	-0.00171185	-0.00101845	0.000291894	-0.00124622	-0.00145407	-0.00229479	-0.00237239	-0.00212876	-0.00333828	-0.0050593	-0.00444273	-0.00417363	-0.00479075	-0.00557016	-0.00487227	-0.00318299	-0.00530541	-0.00449914	-0.0035364	-0.00420006	-0.00502232	-0.00574749	-0.00557072	-0.0063821	
-0.0013312	-0.00103577	0.000671566	0.000579159	0.000155394	-0.000769592	-0.00136958	-0.00174382	-0.00168586	-0.00256825	-0.00434673	-0.00356329	-0.00381489	-0.00448745	-0.00609217	-0.00445884	-0.00452281	-0.00586846	-0.00501623	-0.00526872	-0.00399084	-0.00599566	-0.00600941	-0.00583009	-0.0066133	
-0.00181936	-0.00143881	-0.000998433	0.000144357	-0.00137929	-0.00149134	-0.00247009	-0.0026057	-0.00221817	-0.00315016	-0.00415824	-0.00326019	-0.0035647	-0.00394224	-0.00474195	-0.00408078	-0.00282726	-0.00492236	-0.00427025	-0.00347204	-0.00399514	-0.00466559	-0.00527528	-0.00603381	-0.00626321	
-0.00185657	-0.00215572	-0.000901949	-0.000717682	-0.00156039	-0.00229365	-0.00311179	-0.00297878	-0.00309909	-0.00341329	-0.00491809	-0.00358907	-0.00368671	-0.00409562	-0.00449486	-0.00335741	-0.00293677	-0.00437534	-0.0034281	-0.00382367	-0.00305716	-0.00395164	-0.00491835	-0.00477005	-0.00558079	
-0.00238963	-0.00278492	-0.00183925	-0.00128041	-0.00243802	-0.00266509	-0.00332208	-0.0028622	-0.00280065	-0.00384445	-0.00462189	-0.0037459	-0.0035734	-0.00384516	-0.00391515	-0.0027707	-0.00261454	-0.00376894	-0.00349859	-0.00371155	-0.00349577	-0.00437908	-0.00508671	-0.00551929	-0.00546798	
-0.00117473	-0.00191269	-0.00118959	-0.000404186	-0.0019827	-0.00204214	-0.00268684	-0.00231792	-0.00253512	-0.00375709	-0.00476862	-0.00338251	-0.00430357	-0.00408669	-0.00394285	-0.00352497	-0.00252494	-0.00442048	-0.00374449	-0.00384612	-0.00439199	-0.00479416	-0.00573772	-0.00605459	-0.00525098	
-0.000861758	-0.00123267	-0.000319855	-0.000384386	-0.000908146	-0.00174411	-0.00219408	-0.00177545	-0.00285256	-0.00331277	-0.00427763	-0.00364074	-0.00361156	-0.00464064	-0.00392546	-0.00277386	-0.00354405	-0.00384098	-0.00360465	-0.00453146	-0.00390399	-0.00529694	-0.00630211	-0.00565347	-0.00508426	
-0.00156062	-0.00222857	-0.00178528	-0.000832904	-0.00213574	-0.00179909	-0.00269929	-0.00219361	-0.00233526	-0.00330413	-0.00327313	-0.00230738	-0.00333751	-0.00357176	-0.00262594	-0.00267307	-0.00202453	-0.00332209	-0.00319204	-0.00313004	-0.00421516	-0.00433701	-0.00586581	-0.00613999	-0.00490059	
-0.00216448	-0.00234187	-0.0017586	-0.00162303	-0.00170459	-0.0028644	-0.0029305	-0.00287256	-0.00337544	-0.00365434	-0.00374042	-0.0027531	-0.00334291	-0.00357072	-0.00266638	-0.00176702	-0.00244242	-0.00253578	-0.00251777	-0.0031539	-0.00281336	-0.00351412	-0.00451864	-0.00517338	-0.00440465	
-0.00289779	-0.00292128	-0.00239895	-0.00200289	-0.00252289	-0.0028036	-0.00355242	-0.00272735	-0.00369941	-0.00389778	-0.00360126	-0.00298358	-0.00304279	-0.0037931	-0.00197307	-0.00205228	-0.0025359	-0.00260538	-0.00305506	-0.00321085	-0.00345509	-0.00321926	-0.00461856	-0.00509331	-0.00443211	
-0.00269106	-0.00239127	-0.00200838	-0.00152371	-0.00190529	-0.00264388	-0.00265977	-0.00302529	-0.00336246	-0.00413022	-0.00374235	-0.00313749	-0.00402586	-0.00416273	-0.00302969	-0.0033094	-0.00409226	-0.00417759	-0.00461039	-0.00430708	-0.00470298	-0.0039376	-0.00475959	-0.00523202	-0.00382779	
-0.00274051	-0.00232793	-0.00225927	-0.00270387	-0.00214083	-0.00327029	-0.0037267	-0.00340323	-0.00467071	-0.00475381	-0.00419243	-0.0042653	-0.0045081	-0.00498254	-0.00342248	-0.00376152	-0.00509132	-0.0042496	-0.00484202	-0.00451123	-0.00446089	-0.00393514	-0.00422264	-0.00414774	-0.0026543	
-0.00300073	-0.00336471	-0.00347744	-0.00314511	-0.00311135	-0.00354467	-0.00389203	-0.0041026	-0.00475074	-0.00469597	-0.00412703	-0.00408018	-0.00452177	-0.00478513	-0.0029617	-0.00378524	-0.00459188	-0.00356362	-0.00390409	-0.00327051	-0.00388613	-0.00287536	-0.00332149	-0.00312406	-0.00180338	
-0.00441985	-0.00403961	-0.00433981	-0.00399811	-0.0030449	-0.00364293	-0.00362799	-0.00380796	-0.00432523	-0.00423793	-0.00310103	-0.00369954	-0.003857	-0.00416421	-0.00267878	-0.0032458	-0.00441027	-0.0027364	-0.00332573	-0.00272505	-0.00336879	-0.00248567	-0.00292439	-0.00298506	-0.00215402	
-0.00301583	-0.00314835	-0.00290876	-0.00337649	-0.00217909	-0.00283088	-0.00316063	-0.00330833	-0.00452298	-0.00426227	-0.00376614	-0.00456094	-0.00533204	-0.00579802	-0.00457205	-0.00537871	-0.00590643	-0.00419149	-0.00432929	-0.00362118	-0.00377543	-0.0024268	-0.00254326	-0.00253324	-0.00186856	
-0.00318993	-0.00308048	-0.00392126	-0.00340149	-0.00335966	-0.00358313	-0.00333028	-0.00428678	-0.0047764	-0.00468465	-0.00394905	-0.00541976	-0.00592159	-0.00645358	-0.00549125	-0.00590945	-0.00658935	-0.00444254	-0.00466941	-0.00371888	-0.0035094	-0.00204515	-0.00185431	-0.00223298	-0.00164815	
-0.00376786	-0.00357707	-0.00386545	-0.00456019	-0.00369123	-0.00386338	-0.00408468	-0.00441348	-0.00521404	-0.00494977	-0.00424959	-0.00593658	-0.00654755	-0.00638379	-0.00497168	-0.00527026	-0.00527545	-0.00309397	-0.00285613	-0.00205322	-0.00169503	-0.000469267	-0.00107162	-0.00135936	-0.00177962	
-0.00428229	-0.00382023	-0.00391099	-0.00398824	-0.00280263	-0.00298805	-0.00225637	-0.00322733	-0.00355084	-0.00311273	-0.00276575	-0.00460235	-0.00547713	-0.00492236	-0.00406732	-0.00443089	-0.00460392	-0.00303128	-0.00292519	-0.00238886	-0.0025778	-0.00189011	-0.00194577	-0.00284205	-0.00278651	
-0.00339541	-0.00283234	-0.00357819	-0.00284591	-0.0028348	-0.00200835	-0.00226833	-0.00347664	-0.00377525	-0.00386663	-0.0033756	-0.00545357	-0.00588607	-0.00526753	-0.00448027	-0.00453558	-0.00511406	-0.00314393	-0.00293761	-0.00323879	-0.00267996	-0.00286699	-0.0026795	-0.00282698	-0.00313174	
-0.00317099	-0.00284533	-0.00268396	-0.00370592	-0.00213904	-0.00255491	-0.00260986	-0.00416081	-0.00508454	-0.00467411	-0.00452999	-0.00597116	-0.00652238	-0.00525414	-0.00461129	-0.00504087	-0.00444797	-0.00353174	-0.0029236	-0.00299011	-0.00339868	-0.00280829	-0.00280306	-0.0026509	-0.00308092	
-0.00479708	-0.0040983	-0.00462558	-0.0040657	-0.00342903	-0.00252179	-0.00251863	-0.00409838	-0.0042167	-0.00370722	-0.00286131	-0.00415939	-0.00429807	-0.00300458	-0.00296828	-0.00299162	-0.00342461	-0.00266953	-0.00280515	-0.00389168	-0.00377789	-0.00453369	-0.00363119	-0.00414407	-0.00469431	
-0.00385271	-0.00376471	-0.0039082	-0.00379459	-0.00332087	-0.0025183	-0.003004	-0.00452461	-0.00480488	-0.00406318	-0.0034639	-0.00430662	-0.00455524	-0.00281163	-0.0028988	-0.00276769	-0.00281678	-0.00280555	-0.00246503	-0.00402723	-0.00375998	-0.00451059	-0.0042361	-0.00427377	-0.00569457	
-0.00427986	-0.00394529	-0.00390993	-0.00465755	-0.00321076	-0.00324172	-0.00334819	-0.00440648	-0.00457958	-0.00346358	-0.00295185	-0.00371364	-0.00382703	-0.00224098	-0.00254731	-0.00325635	-0.00306537	-0.00407801	-0.00418901	-0.00512687	-0.00605089	-0.00626729	-0.0059936	-0.00621291	-0.00715076	
-0.00352603	-0.00373976	-0.00443495	-0.00401129	-0.0043544	-0.00305401	-0.0038915	-0.00509141	-0.00475505	-0.00425416	-0.00383638	-0.0042137	-0.00403068	-0.00226565	-0.00309926	-0.00305627	-0.003775	-0.00417795	-0.00401083	-0.00609281	-0.0057131	-0.00764711	-0.00695025	-0.00713078	-0.00835445	
-0.00459777	-0.00484814	-0.00508861	-0.00557311	-0.00466853	-0.00401495	-0.00397518	-0.00471997	-0.00464381	-0.00364038	-0.00337084	-0.00329911	-0.00294434	-0.00130497	-0.00260721	-0.00340152	-0.00326051	-0.00488984	-0.00468874	-0.00627898	-0.00764701	-0.00853147	-0.00850158	-0.00841459	-0.00922419	
-0.00556103	-0.00569905	-0.00629672	-0.0068825	-0.00636319	-0.00520444	-0.00554279	-0.00577908	-0.00527395	-0.00440953	-0.0040756	-0.00360204	-0.0028286	-0.00191027	-0.00266085	-0.00325366	-0.00325097	-0.00395516	-0.00435172	-0.00600094	-0.00696264	-0.00850022	-0.00820435	-0.0081336	-0.00910513	
-0.00531242	-0.00614831	-0.00674516	-0.00649546	-0.00692597	-0.00602549	-0.00615225	-0.00642486	-0.00548976	-0.00453619	-0.00436855	-0.0038235	-0.00335257	-0.00227277	-0.00359004	-0.00344629	-0.00309301	-0.00444702	-0.00444814	-0.00633335	-0.00716646	-0.00845092	-0.00812327	-0.0082985	-0.00897056	
-0.00607897	-0.00601863	-0.00597837	-0.00600654	-0.00579416	-0.00540312	-0.00564471	-0.00523804	-0.00422975	-0.00342728	-0.00370104	-0.00338073	-0.00303391	-0.00297648	-0.00384912	-0.00402558	-0.0037586	-0.00517498	-0.00601066	-0.00737131	-0.00843024	-0.0092271	-0.00910035	-0.00901798	-0.00943924	
