-0.639649	-0.615807	-0.524635	-0.37431	-0.165547	0.086456	0.344907	0.576398	0.767632	0.911858	0.991782	0.986011	0.890177	0.72737	0.538275	0.361938	0.222129	0.125039	0.0648713	0.0311603	0.0139161	0.00580131	0.00226908	0.000849584	0.00035806	
-0.638716	-0.583838	-0.466511	-0.292732	-0.0654148	0.192421	0.442221	0.657276	0.829493	0.950494	1.00052	0.961928	0.83922	0.662843	0.474644	0.309265	0.18421	0.100793	0.0509032	0.0238328	0.010387	0.00423013	0.00161749	0.000590551	0.000231699	
-0.622464	-0.536971	-0.394315	-0.198016	0.0441151	0.301737	0.538037	0.7342	0.885243	0.979712	0.996844	0.925161	0.778694	0.59366	0.410832	0.259106	0.149633	0.0795071	0.0390506	0.0178056	0.00756666	0.00300794	0.00112348	0.000399995	0.00015077	
-0.589111	-0.474475	-0.307503	-0.0906713	0.160885	0.411697	0.630279	0.805489	0.932799	0.997124	0.979047	0.875504	0.709776	0.521605	0.348445	0.212495	0.118863	0.0612771	0.0292453	0.0129757	0.00537242	0.00208311	0.000759515	0.000263801	9.6475e-05	
-0.537619	-0.395925	-0.20596	0.0278505	0.281911	0.519399	0.716945	0.869284	0.969738	1.00032	0.945933	0.813511	0.634266	0.44874	0.289061	0.17029	0.0921846	0.0460702	0.0213488	0.00921012	0.00371265	0.00140315	0.000499115	0.000169113	6.01764e-05	
-0.467677	-0.301169	-0.0902877	0.154964	0.403564	0.621997	0.796111	0.923425	0.993342	0.987112	0.897068	0.740599	0.554517	0.377262	0.234109	0.133115	0.0696822	0.0337342	0.0151674	0.00635806	0.00249367	0.000918057	0.000318415	0.000105216	3.64493e-05	
-0.379519	-0.190435	0.037825	0.286915	0.521914	0.716908	0.865818	0.965346	1.00077	0.955905	0.833025	0.659062	0.47328	0.309319	0.184751	0.101316	0.0512495	0.0240181	0.0104711	0.00426252	0.00162565	0.000582677	0.000196952	6.34446e-05	2.13947e-05	
-0.273718	-0.0646485	0.175259	0.419011	0.63316	0.801877	0.92387	0.992062	0.989385	0.90606	0.755552	0.571964	0.393482	0.246825	0.141793	0.0749444	0.0366108	0.0166001	0.00701365	0.00277111	0.00102717	0.000358269	0.000117966	3.70325e-05	1.21524e-05	
-0.151186	0.0740562	0.317353	0.546128	0.734024	0.874847	0.967611	1.00035	0.957223	0.838267	0.667587	0.482905	0.317955	0.191287	0.105626	0.0537797	0.0253589	0.0111194	0.00455093	0.00174445	0.000628206	0.000213138	6.83385e-05	2.09e-05	6.67197e-06	
-0.0134831	0.221836	0.458186	0.663409	0.821915	0.93363	0.993833	0.987153	0.903558	0.754786	0.5731	0.395684	0.249154	0.143679	0.0762251	0.0373702	0.0170025	0.00720708	0.00285635	0.00106188	0.00037139	0.000122532	3.8246e-05	1.13924e-05	3.53704e-06	
0.136579	0.372914	0.591321	0.766895	0.894751	0.975523	0.998953	0.950274	0.82942	0.659449	0.476722	0.313887	0.188913	0.104381	0.0531867	0.0251009	0.0110164	0.00451308	0.00173163	0.000624198	0.000211978	6.79942e-05	2.06562e-05	5.99179e-06	1.80891e-06	
0.294198	0.519929	0.710851	0.853815	0.950437	0.997086	0.979595	0.889141	0.737897	0.55738	0.383228	0.240491	0.138296	0.0731988	0.0358169	0.0162694	0.00688696	0.00272638	0.0010126	0.000353876	0.000116674	3.63798e-05	1.07554e-05	3.03787e-06	8.91703e-07	
0.452137	0.655027	0.812383	0.922272	0.986214	0.994386	0.933535	0.805518	0.634078	0.454417	0.296952	0.177552	0.0975442	0.0494551	0.0232377	0.0101595	0.00414788	0.00158673	0.000570447	0.000193266	6.18605e-05	1.87493e-05	5.39409e-06	1.48351e-06	4.23374e-07	
0.601238	0.771507	0.893389	0.970352	0.998327	0.963853	0.860806	0.703827	0.524537	0.356341	0.22125	0.126039	0.0661583	0.0321343	0.0145014	0.00610294	0.00240349	0.000888545	0.000309231	0.000101573	3.1564e-05	9.2996e-06	2.60363e-06	6.97279e-07	1.93484e-07	
0.73232	0.865222	0.952491	0.995107	0.982464	0.903674	0.764558	0.590879	0.416426	0.268064	0.158146	0.0858538	0.0430697	0.0200477	0.00869147	0.00352198	0.00133826	0.000478216	0.000161138	5.13231e-05	1.5486e-05	4.4357e-06	1.20866e-06	3.15239e-07	8.5063e-08	
0.838786	0.934634	0.987882	0.992228	0.935177	0.815263	0.651243	0.474947	0.316361	0.192987	0.10822	0.0560139	0.0268693	0.0119912	0.0049965	0.00195026	0.00071523	0.000247121	8.06431e-05	2.49119e-05	7.30025e-06	2.03326e-06	5.39309e-07	1.37013e-07	3.59593e-08	
0.91807	0.97904	0.995951	0.957106	0.855918	0.704125	0.529855	0.364367	0.22941	0.132684	0.0707692	0.034948	0.0160407	0.0068677	0.0027519	0.00103517	0.000366569	0.00012251	3.87318e-05	1.16083e-05	3.30466e-06	8.95214e-07	2.31193e-07	5.72259e-08	1.46118e-08	
0.970234	0.996033	0.971549	0.887266	0.748758	0.579498	0.410333	0.26608	0.158448	0.086961	0.0441567	0.0208234	0.00915274	0.00376226	0.00145071	0.000526223	0.000180028	5.82257e-05	1.78417e-05	5.18997e-06	1.43582e-06	3.78425e-07	9.51826e-08	2.29612e-08	5.70557e-09	
0.99432	0.980531	0.910513	0.78503	0.622702	0.45269	0.301601	0.184549	0.104051	0.0542518	0.0262556	0.0118361	0.00498682	0.00196971	0.000731436	0.000256021	8.46712e-05	2.6516e-05	7.8789e-06	2.22544e-06	5.98553e-07	1.5354e-07	3.76247e-08	8.84857e-09	2.14056e-09	
0.985782	0.92704	0.813311	0.658781	0.490145	0.334623	0.20993	0.121367	0.0648781	0.0321809	0.0148629	0.0064126	0.00259251	0.000984898	0.000352512	0.000119154	3.81199e-05	1.1566e-05	3.33438e-06	9.14955e-07	2.3935e-07	5.97812e-08	1.42776e-08	3.27475e-09	7.71531e-10	
0.938156	0.834245	0.687453	0.521723	0.363936	0.233526	0.138156	0.0755888	0.0383735	0.0181356	0.00800467	0.00330955	0.00128535	0.000470134	0.000162332	5.30305e-05	1.64235e-05	4.831e-06	1.35207e-06	3.60618e-07	9.17985e-08	2.23344e-08	5.20091e-09	1.16385e-09	2.67163e-10	
0.848549	0.708725	0.54676	0.388531	0.254332	0.153638	0.0858764	0.0445502	0.0215171	0.00970513	0.00409983	0.00162653	0.000607566	0.000214181	7.14123e-05	2.25655e-05	6.77032e-06	1.93206e-06	5.25263e-07	1.36249e-07	3.37677e-08	8.00661e-09	1.81868e-09	3.97236e-10	8.88849e-11	
0.722748	0.564849	0.40762	0.271471	0.167062	0.0952125	0.0503915	0.0248383	0.011435	0.00493075	0.00199661	0.000761115	0.00027377	9.31173e-05	3.00089e-05	9.18015e-06	2.67041e-06	7.39831e-07	1.95508e-07	4.93496e-08	1.1914e-08	2.75441e-09	6.10567e-10	1.30224e-10	2.84166e-11	
0.575768	0.420642	0.284232	0.177765	0.103091	0.0555672	0.0279112	0.0130996	0.00575964	0.00237837	0.000924573	0.000339119	0.000117604	3.86364e-05	1.20467e-05	3.5709e-06	1.00789e-06	2.71284e-07	6.97293e-08	1.71378e-08	4.03251e-09	9.09462e-10	1.96829e-10	4.10113e-11	8.73163e-12	
0.427239	0.292098	0.185214	0.109068	0.0597667	0.0305464	0.0145965	0.00653695	0.0027502	0.00108943	0.000407196	0.000143899	4.81712e-05	1.53025e-05	4.62074e-06	1.32835e-06	3.64084e-07	9.52759e-08	2.38352e-08	5.70743e-09	1.30963e-09	2.88282e-10	6.09435e-11	1.24107e-11	2.57934e-12	
0.294754	0.189034	0.1128	0.0627267	0.0325705	0.0158253	0.00721088	0.003088	0.00124548	0.000474072	0.000170624	5.81724e-05	1.88202e-05	5.78716e-06	1.69398e-06	4.72692e-07	1.25912e-07	3.20577e-08	7.81087e-09	1.82333e-09	4.08228e-10	8.77517e-11	1.81291e-11	3.60992e-12	7.32728e-13	
0.189034	0.114068	0.0642567	0.033845	0.016699	0.00773297	0.00336758	0.00138182	0.000535261	0.000196088	6.80559e-05	2.24143e-05	7.01639e-06	2.09062e-06	5.93779e-07	1.60968e-07	4.17028e-08	1.03377e-08	2.45475e-09	5.58959e-10	1.22176e-10	2.56593e-11	5.18302e-12	1.00961e-12	2.00238e-13	
0.1128	0.0642567	0.0342802	0.0171529	0.00806359	0.00356753	0.00148806	0.000586193	0.000218456	7.71438e-05	2.58545e-05	8.23609e-06	2.49735e-06	7.21779e-07	1.99095e-07	5.24785e-08	1.32336e-08	3.19622e-09	7.40143e-10	1.64495e-10	3.51209e-11	7.21028e-12	1.42467e-12	2.71601e-13	5.26598e-14	
0.0627267	0.033845	0.0171529	0.0081768	0.0036718	0.00155561	0.000622767	0.000235956	8.47381e-05	2.88874e-05	9.36141e-06	2.88783e-06	8.49124e-07	2.38279e-07	6.38904e-08	1.63878e-08	4.02544e-09	9.47911e-10	2.14198e-10	4.64912e-11	9.70121e-12	1.94786e-12	3.76656e-13	7.03079e-14	1.33326e-14	
0.0325705	0.016699	0.00806359	0.0036718	0.00157878	0.000641887	0.000247114	9.02071e-05	3.12671e-05	1.03043e-05	3.23294e-06	9.66875e-07	2.7597e-07	7.52619e-08	1.96334e-08	4.90439e-09	1.17433e-09	2.69793e-10	5.95274e-11	1.26252e-11	2.57611e-12	5.06122e-13	9.58228e-14	1.7521e-14	3.25118e-15	
0.0158253	0.00773297	0.00356753	0.00155561	0.000641887	0.000250947	9.3071e-05	3.2787e-05	1.09846e-05	3.50422e-06	1.06571e-06	3.09333e-07	8.57906e-08	2.27587e-08	5.78092e-09	1.40742e-09	3.28732e-10	7.37314e-11	1.58941e-11	3.29583e-12	6.57943e-13	1.26546e-13	2.34683e-14	4.20524e-15	7.63911e-16	
0.00721088	0.00336758	0.00148806	0.000622767	0.000247114	9.3071e-05	3.33098e-05	1.13413e-05	3.67771e-06	1.13711e-06	3.35589e-07	9.46369e-08	2.55275e-08	6.59301e-09	1.63196e-09	3.87517e-10	8.83524e-11	1.93584e-11	4.07947e-12	8.2751e-13	1.61701e-13	3.04609e-14	5.53594e-15	9.72526e-16	1.73029e-16	
0.003088	0.00138182	0.000586193	0.000235956	9.02071e-05	3.2787e-05	1.13413e-05	3.73741e-06	1.17457e-06	3.52395e-07	1.01033e-07	2.77079e-08	7.27568e-09	1.83096e-09	4.41988e-10	1.02436e-10	2.28124e-11	4.88566e-12	1.00706e-12	1.99936e-13	3.82611e-14	7.06251e-15	1.25836e-15	2.16818e-16	3.77983e-17	
0.00124548	0.000535261	0.000218456	8.47381e-05	3.12671e-05	1.09846e-05	3.67771e-06	1.17457e-06	3.5818e-07	1.0439e-07	2.91041e-08	7.76942e-09	1.98771e-09	4.87783e-10	1.14916e-10	2.60121e-11	5.66183e-12	1.18595e-12	2.39235e-13	4.65105e-14	8.72066e-15	1.57803e-15	2.75767e-16	4.66211e-17	7.96716e-18	
0.000474072	0.000196088	7.71438e-05	2.88874e-05	1.03043e-05	3.50422e-06	1.13711e-06	3.52395e-07	1.0439e-07	2.95849e-08	8.02865e-09	2.0881e-09	5.20907e-10	1.24747e-10	2.87016e-11	6.34939e-12	1.35157e-12	2.7704e-13	5.47215e-14	1.04228e-14	1.91564e-15	3.39961e-16	5.82925e-17	9.67328e-18	1.62114e-18	
0.000170624	6.80559e-05	2.58545e-05	9.36141e-06	3.23294e-06	1.06571e-06	3.35589e-07	1.01033e-07	2.91041e-08	8.02865e-09	2.12267e-09	5.38299e-10	1.31042e-10	3.06466e-11	6.89081e-12	1.49072e-12	3.10508e-13	6.23173e-14	1.20586e-14	2.25128e-15	4.05772e-16	7.06525e-17	1.18915e-17	1.93767e-18	3.18586e-19	
5.81724e-05	2.24143e-05	8.23609e-06	2.88783e-06	9.66875e-07	3.09333e-07	9.46369e-08	2.77079e-08	7.76942e-09	2.0881e-09	5.38299e-10	1.3321e-10	3.16678e-11	7.23747e-12	1.59132e-12	3.36851e-13	6.86951e-14	1.35056e-14	2.56146e-15	4.68943e-16	8.29241e-17	1.4172e-17	2.34223e-18	3.74899e-19	6.04965e-20	
1.88202e-05	7.01639e-06	2.49735e-06	8.49124e-07	2.7597e-07	8.57906e-08	2.55275e-08	7.27568e-09	1.98771e-09	5.20907e-10	1.31042e-10	3.16678e-11	7.35684e-12	1.64413e-12	3.53712e-13	7.3304e-14	1.46438e-14	2.8217e-15	5.24768e-16	9.4252e-17	1.63583e-17	2.74511e-18	4.45664e-19	7.00948e-20	1.11054e-20	
5.78716e-06	2.09062e-06	7.21779e-07	2.38279e-07	7.52619e-08	2.27587e-08	6.59301e-09	1.83096e-09	4.87783e-10	1.24747e-10	3.06466e-11	7.23747e-12	1.64413e-12	3.59518e-13	7.57226e-14	1.53721e-14	3.00965e-15	5.68649e-16	1.03748e-16	1.82883e-17	3.11658e-18	5.1373e-19	8.19569e-20	1.26708e-20	1.97173e-21	
1.69398e-06	5.93779e-07	1.99095e-07	6.38904e-08	1.96334e-08	5.78092e-09	1.63196e-09	4.41988e-10	1.14916e-10	2.87016e-11	6.89081e-12	1.59132e-12	3.53712e-13	7.57226e-14	1.56228e-14	3.10825e-15	5.96712e-16	1.10601e-16	1.98042e-17	3.42767e-18	5.73755e-19	9.29339e-20	1.45739e-20	2.21553e-21	3.38739e-22	
4.72692e-07	1.60968e-07	5.24785e-08	1.63878e-08	4.90439e-09	1.40742e-09	3.87517e-10	1.02436e-10	2.60121e-11	6.34939e-12	1.49072e-12	3.36851e-13	7.3304e-14	1.53721e-14	3.10825e-15	6.06369e-16	1.14196e-16	2.07731e-17	3.65205e-18	6.20859e-19	1.02118e-19	1.62589e-20	2.50719e-21	3.74894e-22	5.63366e-23	
1.25912e-07	4.17028e-08	1.32336e-08	4.02544e-09	1.17433e-09	3.28732e-10	8.83524e-11	2.28124e-11	5.66183e-12	1.35157e-12	3.10508e-13	6.86951e-14	1.46438e-14	3.00965e-15	5.96712e-16	1.14196e-16	2.11064e-17	3.76966e-18	6.50949e-19	1.08737e-19	1.75802e-20	2.75232e-21	4.1747e-22	6.14185e-23	9.07441e-24	
3.20577e-08	1.03377e-08	3.19622e-09	9.47911e-10	2.69793e-10	7.37314e-11	1.93584e-11	4.88566e-12	1.18595e-12	2.7704e-13	6.23173e-14	1.35056e-14	2.8217e-15	5.68649e-16	1.10601e-16	2.07731e-17	3.76966e-18	6.61299e-19	1.12206e-19	1.84237e-20	2.92888e-21	4.51028e-22	6.73123e-23	9.74651e-24	1.41626e-24	
7.81087e-09	2.45475e-09	7.40143e-10	2.14198e-10	5.95274e-11	1.58941e-11	4.07947e-12	1.00706e-12	2.39235e-13	5.47215e-14	1.20586e-14	2.56146e-15	5.24768e-16	1.03748e-16	1.98042e-17	3.65205e-18	6.50949e-19	1.12206e-19	1.87137e-20	3.02135e-21	4.72442e-22	7.15831e-23	1.05146e-23	1.49883e-24	2.14266e-25	
1.82333e-09	5.58959e-10	1.64495e-10	4.64912e-11	1.26252e-11	3.29583e-12	8.2751e-13	1.99936e-13	4.65105e-14	1.04228e-14	2.25128e-15	4.68943e-16	9.4252e-17	1.82883e-17	3.42767e-18	6.20859e-19	1.08737e-19	1.84237e-20	3.02135e-21	4.79803e-22	7.38191e-23	1.10083e-23	1.59192e-24	2.23461e-25	3.14368e-26	
4.08228e-10	1.22176e-10	3.51209e-11	9.70121e-12	2.57611e-12	6.57943e-13	1.61701e-13	3.82611e-14	8.72066e-15	1.91564e-15	4.05772e-16	8.29241e-17	1.63583e-17	3.11658e-18	5.73755e-19	1.02118e-19	1.75802e-20	2.92888e-21	4.72442e-22	7.38191e-23	1.1178e-23	1.64108e-24	2.33703e-25	3.23135e-26	4.47485e-27	
8.77518e-11	2.56593e-11	7.21028e-12	1.94786e-12	5.06122e-13	1.26546e-13	3.04609e-14	7.06251e-15	1.57803e-15	3.39961e-16	7.06525e-17	1.4172e-17	2.74511e-18	5.1373e-19	9.29339e-20	1.62589e-20	2.75232e-21	4.51028e-22	7.15831e-23	1.10083e-23	1.64108e-24	2.37264e-25	3.32825e-26	4.53401e-27	6.18239e-28	
1.81296e-11	5.18319e-12	1.4247e-12	3.76662e-13	9.58236e-14	2.34684e-14	5.53595e-15	1.25837e-15	2.75767e-16	5.82925e-17	1.18915e-17	2.34223e-18	4.45664e-19	8.19569e-20	1.45739e-20	2.50719e-21	4.1747e-22	6.73123e-23	1.05146e-23	1.59192e-24	2.33703e-25	3.32825e-26	4.60003e-27	6.17564e-28	8.29371e-29	
3.61495e-12	1.01068e-12	2.71768e-13	7.03307e-14	1.75239e-14	4.20557e-15	9.72563e-16	2.16822e-16	4.66215e-17	9.67332e-18	1.93768e-18	3.74899e-19	7.00948e-20	1.26708e-20	2.21553e-21	3.74894e-22	6.14185e-23	9.74651e-24	1.49883e-24	2.23461e-25	3.23135e-26	4.53401e-27	6.17564e-28	8.17242e-29	1.08121e-29	
7.7846e-13	2.05419e-13	5.32338e-14	1.33947e-14	3.25773e-15	7.64585e-16	1.73097e-16	3.78049e-17	7.96779e-18	1.6212e-18	3.18591e-19	6.0497e-20	1.11055e-20	1.97173e-21	3.3874e-22	5.63366e-23	9.07441e-24	1.41626e-24	2.14266e-25	3.14368e-26	4.47485e-27	6.18239e-28	8.29371e-29	1.08121e-29	1.40836e-30	
