-0.0234101	-0.0212903	-0.0196755	-0.016787	-0.0166099	-0.0167382	-0.0160349	-0.0135555	-0.00944509	-0.00905471	-0.00682854	-0.00424958	-0.00127555	0.00088347	0.000628121	0.00234653	0.00405973	0.00637089	0.0094202	0.0120397	0.0141549	0.0146821	0.0167215	0.0187859	0.0223221	
-0.0326112	-0.0315016	-0.0294563	-0.0272249	-0.0260747	-0.0258881	-0.0260318	-0.0221908	-0.0188728	-0.0174852	-0.0154934	-0.01269	-0.0094667	-0.00793905	-0.0070616	-0.00572962	-0.00368164	-0.000923591	0.00237777	0.00508917	0.00760288	0.00854693	0.0105541	0.0138559	0.0178545	
-0.0392625	-0.0386442	-0.038085	-0.0354719	-0.0345858	-0.0354098	-0.0344951	-0.0322536	-0.0279498	-0.0266678	-0.0253371	-0.0217334	-0.0190325	-0.0167386	-0.0154753	-0.013912	-0.0115222	-0.00818119	-0.00465281	-0.00169802	0.00123932	0.00172662	0.0038974	0.00740288	0.011219	
-0.0414235	-0.0418017	-0.0410846	-0.0391581	-0.0385928	-0.0391264	-0.0400254	-0.0364359	-0.0334045	-0.0326645	-0.0307809	-0.0289931	-0.025542	-0.0234791	-0.0231357	-0.0211013	-0.0190457	-0.0161175	-0.0125555	-0.00952956	-0.00750574	-0.00660419	-0.0036962	-0.000858702	0.00430149	
-0.0395905	-0.0399247	-0.0398514	-0.0383643	-0.03815	-0.0396675	-0.0393498	-0.0375155	-0.0342317	-0.0331689	-0.0338003	-0.0302506	-0.0281	-0.0266331	-0.0256943	-0.0252032	-0.0231807	-0.0200027	-0.017398	-0.0154119	-0.0130883	-0.0137763	-0.0119373	-0.00915213	-0.00571341	
-0.0352529	-0.035398	-0.0354125	-0.0339698	-0.0337271	-0.0348424	-0.0348598	-0.0320571	-0.0292633	-0.0290698	-0.0286523	-0.0266645	-0.0250177	-0.0239165	-0.0247786	-0.0252137	-0.0237896	-0.0220924	-0.0209336	-0.0196763	-0.0195142	-0.0202845	-0.0185186	-0.0175894	-0.0135228	
-0.0270998	-0.0276523	-0.0277634	-0.0269314	-0.0267398	-0.0279876	-0.0281042	-0.0261916	-0.0240206	-0.0231954	-0.0244622	-0.0220197	-0.0205155	-0.0205234	-0.021737	-0.0222789	-0.0216916	-0.0204271	-0.0192696	-0.0195723	-0.0195524	-0.0211675	-0.0204062	-0.0203242	-0.0179573	
-0.0196338	-0.0203567	-0.0204913	-0.0194109	-0.0191209	-0.0204025	-0.0208159	-0.0187302	-0.0166209	-0.0163741	-0.0167582	-0.0148691	-0.0138499	-0.0139482	-0.0154418	-0.0167689	-0.0166797	-0.0154444	-0.0159022	-0.01658	-0.0169188	-0.0200793	-0.0196836	-0.0204009	-0.0194163	
-0.0120403	-0.012446	-0.0123704	-0.0107022	-0.00965141	-0.0112016	-0.011728	-0.00994635	-0.00832989	-0.00769048	-0.00861449	-0.00687155	-0.00613263	-0.00654133	-0.00865381	-0.0102034	-0.00997564	-0.0102936	-0.0102481	-0.0117502	-0.0135438	-0.0159938	-0.0173774	-0.0190561	-0.0187938	
-0.00500544	-0.00506296	-0.00383032	-0.00148675	-0.000237096	-0.00137276	-0.00186106	-0.000595958	0.000872958	0.00120876	-3.96374e-05	0.00147681	0.00130382	0.000319736	-0.00199038	-0.00442175	-0.00490448	-0.00500647	-0.00661726	-0.00835557	-0.0104567	-0.0142874	-0.014572	-0.0170958	-0.0167425	
0.000195938	0.0012461	0.00239849	0.00520796	0.00766116	0.00569823	0.00537383	0.00653427	0.00706524	0.00732715	0.0054604	0.00689643	0.00643944	0.00465507	0.00213449	-0.000302597	-0.000953729	-0.00121462	-0.00232794	-0.0045793	-0.0064789	-0.00965362	-0.0102084	-0.0116935	-0.0115391	
0.00151319	0.00205356	0.00398417	0.00731789	0.00869489	0.00816398	0.00789052	0.00853717	0.00904232	0.00917201	0.00764969	0.0087814	0.00918863	0.00756559	0.00530574	0.0040439	0.00390518	0.00423563	0.00322496	0.000916803	-0.000986311	-0.00410655	-0.00468572	-0.00609189	-0.00606526	
0.00130669	0.00235434	0.00462448	0.00762327	0.0102148	0.00957917	0.00918677	0.0102067	0.00998232	0.00953352	0.00820093	0.00936095	0.00911228	0.00777599	0.00629397	0.00487805	0.00541952	0.00624534	0.00512319	0.00323706	0.00166775	-0.00076066	-0.000997862	-0.00185249	-0.00175828	
0.000958404	0.002785	0.00486727	0.00818339	0.0109611	0.0100784	0.0100455	0.00998231	0.00944124	0.00831716	0.00693831	0.00751905	0.00671149	0.00577963	0.00395471	0.00298513	0.00387988	0.00438025	0.00343481	0.00240899	0.000862174	-0.000300646	0.000563853	-0.000326133	0.000918917	
0.00175617	0.0025034	0.00484167	0.00796902	0.0104278	0.00916607	0.00896183	0.00844696	0.00628281	0.00567076	0.00294156	0.00352824	0.00299626	0.00172021	0.000341556	-0.000252965	0.000852165	0.00171816	0.00148793	0.000433838	0.000240751	-0.000195903	0.000547643	0.000499245	0.00122697	
0.000112454	0.00190548	0.00374851	0.00678201	0.00912813	0.00790322	0.00720439	0.00611718	0.00450845	0.00268791	0.00026014	0.000515948	-0.000103048	-0.00138624	-0.00273738	-0.00328282	-0.00264994	-0.000693599	-0.00162248	-0.0023855	-0.00162879	-0.00232371	-0.00061839	-0.000842327	1.32697e-05	
0.00028786	0.00101724	0.00324344	0.00603497	0.00779014	0.00657934	0.00509013	0.00417714	0.00141169	5.36803e-05	-0.00211729	-0.00267885	-0.00280237	-0.00421647	-0.00569343	-0.00667102	-0.00522298	-0.00398171	-0.00398335	-0.00406591	-0.00432001	-0.00320331	-0.00234298	-0.0024109	-0.00142153	
0.000532867	0.00126949	0.00278477	0.00498182	0.00644414	0.00429595	0.0033763	0.00121236	-0.000924142	-0.00225268	-0.00438347	-0.00402076	-0.00488043	-0.00616627	-0.00750714	-0.00896564	-0.00767361	-0.00574738	-0.00601192	-0.00600253	-0.00583599	-0.00509755	-0.00405264	-0.00410641	-0.00355876	
0.00164312	0.00186216	0.00312792	0.00453354	0.00566918	0.00352393	0.00144682	-0.000136044	-0.00321092	-0.00450967	-0.00532381	-0.00605219	-0.00624827	-0.00760722	-0.00960246	-0.0103404	-0.00953252	-0.00722245	-0.00728126	-0.00740441	-0.00707282	-0.00626654	-0.00510578	-0.00596272	-0.00548073	
0.00361392	0.00285082	0.00362927	0.00491141	0.00503918	0.00307382	0.00182104	-0.000934531	-0.0033178	-0.0039446	-0.00579764	-0.00536271	-0.00676854	-0.00811069	-0.00991445	-0.0116056	-0.010459	-0.00924767	-0.0094095	-0.0102538	-0.0100115	-0.00916263	-0.0087724	-0.00846803	-0.00860396	
0.00604659	0.00572019	0.00567705	0.00587433	0.00642122	0.00428522	0.00157845	-0.00025571	-0.00391807	-0.00481687	-0.00544513	-0.0064909	-0.00708063	-0.009094	-0.0103362	-0.0120647	-0.0112531	-0.0101645	-0.0112317	-0.0113729	-0.0117015	-0.0100955	-0.00917552	-0.00912328	-0.00903827	
0.00844599	0.00672191	0.00641223	0.00632344	0.00622349	0.00415923	0.00232062	-0.000743769	-0.00381584	-0.00432617	-0.00507179	-0.00560743	-0.00622163	-0.00755816	-0.00889096	-0.00988905	-0.00942197	-0.00883628	-0.00965097	-0.0107274	-0.0107733	-0.00908386	-0.00891305	-0.00869117	-0.00968262	
0.00804933	0.0063306	0.00577803	0.00644959	0.00566511	0.00494862	0.00360745	0.000270351	-0.00189816	-0.00242239	-0.00243674	-0.00273416	-0.00334194	-0.00429605	-0.00549675	-0.00684591	-0.00676105	-0.00707143	-0.00857143	-0.0100156	-0.0104531	-0.00860534	-0.00890246	-0.00894562	-0.0104718	
0.00743144	0.00572672	0.00514171	0.00457538	0.00500608	0.00488576	0.00301622	0.00108545	-0.00147039	-0.00214739	-0.00090387	-0.00158167	-0.00153095	-0.00228951	-0.00325124	-0.00415359	-0.00511379	-0.00520251	-0.00724665	-0.00882401	-0.00876762	-0.00747743	-0.00747516	-0.00796708	-0.00986925	
0.00601933	0.00374991	0.00278394	0.00262698	0.00223477	0.00231065	0.0021736	-0.00112739	-0.00285836	-0.002841	-0.0016237	-0.00140521	-0.00122411	-0.00118468	-0.00220617	-0.00303982	-0.00336616	-0.00438614	-0.00569911	-0.00711856	-0.00768802	-0.00551474	-0.00605614	-0.006172	-0.00831064	
0.00356515	0.000876216	-0.000165626	-0.0012276	-0.000754372	-4.60629e-05	-0.00115165	-0.00296038	-0.00545885	-0.00491851	-0.00275013	-0.00240142	-0.00153449	-0.00162132	-0.0017645	-0.00252864	-0.00250851	-0.00306899	-0.00401823	-0.00551034	-0.00602495	-0.00380951	-0.00510063	-0.00456827	-0.00784141	
0.000914508	-0.0013816	-0.00286666	-0.00382991	-0.00399539	-0.00223222	-0.00265698	-0.00507915	-0.00568467	-0.00596127	-0.00295488	-0.00270605	-0.00238837	-0.00196789	-0.00271137	-0.00242198	-0.00294188	-0.00318233	-0.00438635	-0.00597062	-0.00655123	-0.00525579	-0.00525633	-0.00565046	-0.00790556	
-0.000217666	-0.00298039	-0.00492786	-0.00616228	-0.00668001	-0.00505078	-0.00495945	-0.00671622	-0.00800476	-0.00694824	-0.0043235	-0.00439494	-0.00361662	-0.00378839	-0.00367947	-0.00365823	-0.00339345	-0.00396406	-0.00477873	-0.00606255	-0.00696482	-0.00499354	-0.0060194	-0.00576828	-0.00840953	
-0.00138523	-0.00406744	-0.00629694	-0.00876435	-0.00898815	-0.00733194	-0.00749289	-0.00877415	-0.00935777	-0.0089662	-0.00586057	-0.00599195	-0.00544797	-0.0049457	-0.00439833	-0.00359816	-0.00346933	-0.00392347	-0.00453186	-0.00583794	-0.00644837	-0.00471156	-0.00555033	-0.00574308	-0.0087325	
-0.000959757	-0.00428737	-0.00685694	-0.00908694	-0.0107384	-0.00815479	-0.00789258	-0.00966744	-0.00969879	-0.00922199	-0.00634111	-0.0064729	-0.00570186	-0.00478854	-0.00402724	-0.00257298	-0.00258723	-0.00326266	-0.00392146	-0.00511519	-0.00602622	-0.00513382	-0.00575591	-0.00731686	-0.0102428	
-0.000423523	-0.00263744	-0.00527814	-0.00742612	-0.00816201	-0.00577171	-0.00563856	-0.00717908	-0.00793808	-0.00780695	-0.00551496	-0.00568692	-0.00546435	-0.00472959	-0.00351	-0.00278769	-0.00281755	-0.00409033	-0.00488636	-0.00615256	-0.00700588	-0.0062363	-0.00746064	-0.00811027	-0.0113399	
-0.0018453	-0.00331889	-0.00546828	-0.00782441	-0.00816689	-0.00585958	-0.00579023	-0.00724854	-0.00825742	-0.00803715	-0.00567213	-0.00600876	-0.00517684	-0.00404653	-0.00276332	-0.00113997	-0.0016719	-0.00300468	-0.00381361	-0.00499047	-0.00583528	-0.00580161	-0.00647513	-0.00827484	-0.0106326	
-0.003885	-0.00597471	-0.00757121	-0.00948734	-0.010272	-0.00762636	-0.00749746	-0.00953239	-0.0102417	-0.00980925	-0.00806949	-0.00700026	-0.00618813	-0.00406948	-0.00183574	0.000224058	0.000259014	-0.000755358	-0.00115447	-0.00211844	-0.0021773	-0.00273864	-0.00353939	-0.00538867	-0.0081276	
-0.0063955	-0.00672561	-0.00913177	-0.0102985	-0.0105289	-0.00864157	-0.00875162	-0.010534	-0.0113445	-0.0115104	-0.00950613	-0.00854834	-0.00748949	-0.00495476	-0.00233789	-0.000156112	0.000283454	-0.000953176	-0.000757358	-0.000891943	-0.00113336	-0.000908573	-0.00161282	-0.00345236	-0.00531449	
-0.00559095	-0.00677182	-0.00792593	-0.00982379	-0.00996239	-0.00855952	-0.00873408	-0.010365	-0.0118429	-0.0116239	-0.0109624	-0.00983908	-0.0087559	-0.00654878	-0.00366212	-0.00120983	-0.00182209	-0.00208122	-0.0024507	-0.00256717	-0.00108192	-0.00251822	-0.00164819	-0.00358821	-0.00479136	
-0.00309631	-0.00348855	-0.00500242	-0.00649318	-0.0069242	-0.00619341	-0.00642557	-0.00873676	-0.0100958	-0.011302	-0.0118132	-0.0111281	-0.0113163	-0.0089553	-0.00685074	-0.0046032	-0.00443428	-0.00615494	-0.00533527	-0.00463644	-0.00362171	-0.00302641	-0.00220092	-0.00357331	-0.00345297	
-0.00255748	-0.00308732	-0.00494453	-0.0065374	-0.00703027	-0.00638738	-0.00672138	-0.00765771	-0.00921863	-0.010369	-0.0113268	-0.0110669	-0.0111946	-0.00976166	-0.0070538	-0.00576567	-0.00576891	-0.00661172	-0.00668728	-0.00526183	-0.00352163	-0.00374361	-0.00265266	-0.00382375	-0.0037262	
-0.00151985	-0.00264543	-0.0040302	-0.00593572	-0.00621836	-0.00602617	-0.00569395	-0.0067145	-0.00814085	-0.00933653	-0.0115666	-0.0111314	-0.0116528	-0.0105151	-0.00817856	-0.00647707	-0.0068233	-0.00697409	-0.00629755	-0.00449145	-0.00151814	-0.00202244	-0.00058917	-0.00218629	-0.00211517	
-0.00162761	-0.00223781	-0.00420323	-0.00544491	-0.0053146	-0.00523021	-0.00448666	-0.0045447	-0.00566453	-0.0072068	-0.00917617	-0.00957445	-0.0102946	-0.00930133	-0.00814627	-0.00691393	-0.00664799	-0.00783857	-0.00636503	-0.00359468	-0.00178912	-0.000968287	-0.000252666	-0.00209921	-0.000947825	
-0.00183114	-0.00299177	-0.00402704	-0.00472527	-0.00436379	-0.00375027	-0.00293939	-0.00213756	-0.00290814	-0.00420424	-0.00698779	-0.00676439	-0.00780411	-0.00796008	-0.00614593	-0.00633799	-0.00657624	-0.0063856	-0.0058764	-0.00303089	-6.91246e-06	-0.000839855	-0.000617435	-0.00180013	-0.00208254	
-0.00255266	-0.00255853	-0.00372841	-0.00355102	-0.0025455	-0.00262875	-0.00104855	0.000170014	-0.000383357	-0.00143621	-0.0044884	-0.00526196	-0.00590654	-0.00650559	-0.00607842	-0.00554534	-0.00626392	-0.00696778	-0.00568153	-0.00330904	-0.00139899	-0.00150441	-0.00193084	-0.00347259	-0.00243084	
-0.00242638	-0.00288639	-0.00321701	-0.00320172	-0.00231964	-0.00250583	-0.00142816	0.00042092	0.000463587	-0.00157507	-0.00396828	-0.00510311	-0.0061717	-0.00613325	-0.00620088	-0.00608815	-0.00672804	-0.00697093	-0.00676129	-0.00406182	-0.00233604	-0.00338838	-0.00336362	-0.00488844	-0.00329799	
-0.00298092	-0.00318084	-0.00380312	-0.00355051	-0.0028419	-0.00359038	-0.00254553	-0.000492372	-0.000613773	-0.00164258	-0.00553663	-0.00587387	-0.00629109	-0.0072837	-0.00593525	-0.00667002	-0.00693771	-0.00758442	-0.00732266	-0.0053172	-0.00423696	-0.00421867	-0.0058756	-0.00522862	-0.00414272	
-0.0040975	-0.00452453	-0.00482756	-0.00431913	-0.00362873	-0.00443132	-0.00339411	-0.000924465	-0.000588039	-0.00225492	-0.00486703	-0.00614654	-0.00580636	-0.00593068	-0.00555212	-0.00548363	-0.00675499	-0.00731786	-0.00819278	-0.00667348	-0.00609989	-0.00686976	-0.00747326	-0.00736467	-0.00489409	
-0.00589447	-0.00651648	-0.00655609	-0.00607632	-0.00513394	-0.00587097	-0.00463675	-0.00194102	-0.000936476	-0.00256596	-0.00435435	-0.00491145	-0.0041265	-0.0033232	-0.0028639	-0.00325593	-0.00416042	-0.00544401	-0.0067316	-0.00586443	-0.00646485	-0.00728359	-0.0091725	-0.0089387	-0.00733507	
-0.00650142	-0.00720531	-0.00773678	-0.00703808	-0.00641527	-0.00704871	-0.00569267	-0.00216119	-0.00131383	-0.00116792	-0.00338618	-0.003284	-0.0013478	-0.00171967	-2.0828e-07	-0.00148118	-0.00243914	-0.00428707	-0.00604801	-0.00644666	-0.00828261	-0.00885908	-0.0125225	-0.0108805	-0.0101877	
-0.00436496	-0.00587496	-0.00588375	-0.00555374	-0.00583936	-0.00664365	-0.00599168	-0.00296456	-0.00124117	-0.00272358	-0.00294609	-0.0037228	-0.00219096	-0.00124647	-0.0011526	-0.00184593	-0.00358772	-0.00433944	-0.00687208	-0.00733753	-0.00897904	-0.0112716	-0.0133164	-0.0133304	-0.0120887	
-0.00595811	-0.00619157	-0.00709739	-0.0066427	-0.00678524	-0.00824379	-0.00696739	-0.00390527	-0.00196602	-0.00179786	-0.00218056	-0.00275528	-0.000932646	-0.000719212	-0.0011189	-0.00244629	-0.00374303	-0.00611552	-0.00758248	-0.00935586	-0.0127443	-0.0134208	-0.0172847	-0.015732	-0.0143587	
-0.00565117	-0.00682707	-0.00690425	-0.0066996	-0.008261	-0.00894606	-0.00887482	-0.00583761	-0.00374798	-0.00370985	-0.00363594	-0.00398736	-0.00258088	-0.0025868	-0.00227329	-0.00386683	-0.00523242	-0.0053302	-0.00732074	-0.00898563	-0.0109582	-0.013296	-0.0157066	-0.0142047	-0.013656	
-0.008776	-0.00906193	-0.00963177	-0.00966225	-0.0109829	-0.0119931	-0.0110718	-0.00847889	-0.00558454	-0.00497666	-0.00364975	-0.00401134	-0.00250559	-0.00131747	-0.0024018	-0.00266531	-0.00351934	-0.00411684	-0.00472412	-0.00711252	-0.0100075	-0.0118704	-0.0141936	-0.0135946	-0.0124816	
