-0.125675	0.0123476	0.157816	0.299155	0.425716	0.523974	0.575237	0.58298	0.560504	0.512776	0.46894	0.433819	0.411229	0.407152	0.405512	0.407838	0.412996	0.412994	0.405142	0.391958	0.374913	0.343468	0.305507	0.272108	0.23251	
0.0143001	0.157135	0.301534	0.43955	0.559931	0.643285	0.67944	0.675322	0.639209	0.585771	0.539841	0.499144	0.468831	0.450544	0.436071	0.426034	0.414195	0.399032	0.375915	0.346047	0.314897	0.274978	0.234097	0.198054	0.157893	
0.16154	0.303134	0.442897	0.575403	0.682389	0.750405	0.771201	0.751624	0.701731	0.638828	0.58212	0.526905	0.48526	0.457481	0.430631	0.405285	0.37948	0.349238	0.312015	0.277248	0.242743	0.198593	0.159952	0.128614	0.0937425	
0.303811	0.441808	0.575994	0.696417	0.787518	0.836429	0.834633	0.794885	0.727071	0.651197	0.580518	0.515061	0.468008	0.426527	0.384384	0.348584	0.313257	0.276038	0.237998	0.2032	0.165571	0.125739	0.0976704	0.0719518	0.0429229	
0.429994	0.561624	0.682458	0.787093	0.858026	0.880139	0.85384	0.794451	0.708497	0.620434	0.540361	0.468037	0.410416	0.357122	0.311641	0.274196	0.236902	0.19888	0.161544	0.130655	0.0993765	0.069062	0.0489035	0.0281527	0.00772915	
0.526546	0.643358	0.749135	0.834945	0.879231	0.874354	0.828023	0.747638	0.646726	0.554232	0.465778	0.387046	0.327872	0.27602	0.23339	0.195834	0.158883	0.124886	0.0970771	0.0746789	0.047685	0.0258709	0.0147176	-0.00084253	-0.0147804	
0.575204	0.677343	0.768293	0.83195	0.851989	0.827171	0.760489	0.662802	0.558831	0.461201	0.36789	0.297665	0.244352	0.194601	0.155323	0.122266	0.093904	0.0693071	0.0487445	0.0302634	0.0103046	-0.000162951	-0.00707312	-0.0211132	-0.0282793	
0.580092	0.671105	0.747284	0.791263	0.791929	0.746213	0.662242	0.559796	0.454046	0.356894	0.275638	0.215654	0.16379	0.120001	0.0910721	0.0680472	0.0461297	0.026244	0.0136269	0.00179382	-0.011902	-0.0168362	-0.0226766	-0.0326897	-0.0339255	
0.555135	0.633392	0.696487	0.722976	0.705695	0.645061	0.558008	0.453758	0.353057	0.267709	0.194084	0.139377	0.0955217	0.0654207	0.0473073	0.0274947	0.00958004	-0.000169295	-0.0062969	-0.0182453	-0.0265427	-0.0253609	-0.031266	-0.0390182	-0.0373249	
0.505707	0.579108	0.63331	0.647111	0.617712	0.552606	0.460344	0.356513	0.267588	0.186062	0.12244	0.0828048	0.0504064	0.0305159	0.0140665	-0.00263008	-0.0104372	-0.0150476	-0.0222903	-0.03025	-0.0304732	-0.0303901	-0.039513	-0.042284	-0.0377806	
0.461092	0.533087	0.576879	0.576815	0.537969	0.464366	0.367134	0.275277	0.193938	0.122397	0.0790429	0.0466535	0.0182273	0.00241864	-0.0103155	-0.0175129	-0.0212209	-0.0257731	-0.0300691	-0.0345447	-0.0343772	-0.0368861	-0.0431113	-0.0408022	-0.0388795	
0.426037	0.4929	0.522318	0.511959	0.466097	0.385925	0.297067	0.215362	0.13925	0.0827574	0.0466408	0.0135317	-0.00683376	-0.0132523	-0.0192172	-0.0249676	-0.0290333	-0.0311664	-0.0361349	-0.0390465	-0.0354896	-0.0390928	-0.0442645	-0.040947	-0.0420321	
0.404144	0.463473	0.481514	0.465576	0.408946	0.327043	0.243917	0.163578	0.0954267	0.0503681	0.0182141	-0.00683707	-0.0136758	-0.0170472	-0.0281173	-0.0337328	-0.033258	-0.0357544	-0.0396053	-0.0365108	-0.0360189	-0.0447992	-0.045289	-0.0401187	-0.0446352	
0.401143	0.446232	0.454601	0.42473	0.356072	0.275443	0.194304	0.119858	0.0653565	0.0304893	0.00240867	-0.0132555	-0.0170479	-0.0296336	-0.0384478	-0.0337555	-0.0331514	-0.0379413	-0.0387904	-0.0375605	-0.0426019	-0.0466653	-0.0412821	-0.0411993	-0.049224	
0.400719	0.432796	0.428535	0.383124	0.310929	0.233011	0.155132	0.0909819	0.0472671	0.0140497	-0.010322	-0.0192195	-0.028118	-0.0384479	-0.0334376	-0.0300174	-0.0376276	-0.0418951	-0.0405393	-0.0398231	-0.0435071	-0.0442988	-0.0414723	-0.0461707	-0.0518265	
0.404224	0.423673	0.403835	0.347744	0.273737	0.195596	0.122149	0.0679932	0.027471	-0.00263989	-0.0175167	-0.024969	-0.0337332	-0.0337556	-0.0300174	-0.0380288	-0.0446145	-0.0413191	-0.0373053	-0.0400085	-0.0466768	-0.0452694	-0.042676	-0.0492949	-0.0523951	
0.41041	0.412576	0.378523	0.312723	0.236619	0.158741	0.0938361	0.0460989	0.00956679	-0.0104426	-0.021223	-0.0290341	-0.0332583	-0.0331515	-0.0376276	-0.0446145	-0.0410022	-0.0355178	-0.0393339	-0.0478553	-0.0482365	-0.0410786	-0.0448811	-0.0541651	-0.0515355	
0.411234	0.397973	0.348636	0.275713	0.198713	0.124804	0.0692693	0.0262273	-0.000176369	-0.0150505	-0.0257742	-0.0311668	-0.0357545	-0.0379413	-0.0418951	-0.0413191	-0.0355178	-0.0397485	-0.0483884	-0.0481881	-0.0413228	-0.0424465	-0.0535571	-0.0547102	-0.0472424	
0.404	0.375254	0.311652	0.237808	0.16145	0.0970324	0.0487243	0.0136181	-0.00630052	-0.0222917	-0.0300696	-0.0361351	-0.0396054	-0.0387904	-0.0405393	-0.0373053	-0.0393339	-0.0483884	-0.0474975	-0.04193	-0.0430568	-0.0513101	-0.0555084	-0.0491353	-0.0481449	
0.391251	0.345653	0.277039	0.203094	0.130604	0.0746554	0.030253	0.00178943	-0.018247	-0.0302507	-0.0345449	-0.0390466	-0.0365108	-0.0375605	-0.0398231	-0.0400085	-0.0478553	-0.0481881	-0.04193	-0.0439233	-0.0494742	-0.0538956	-0.0522969	-0.0484012	-0.0543501	
0.374495	0.314672	0.242627	0.165514	0.0993499	0.0476731	0.0102995	-0.0119041	-0.0265435	-0.0304735	-0.0343774	-0.0354897	-0.0360189	-0.0426019	-0.0435071	-0.0466768	-0.0482365	-0.0413228	-0.0430568	-0.0494742	-0.0527545	-0.0546217	-0.0504158	-0.0505875	-0.0605003	
0.343232	0.274854	0.198532	0.12571	0.0690486	0.0258651	-0.000165389	-0.0168372	-0.0253612	-0.0303902	-0.0368862	-0.0390928	-0.0447992	-0.0466653	-0.0442988	-0.0452694	-0.0410786	-0.0424465	-0.0513101	-0.0538956	-0.0546217	-0.0515899	-0.0480491	-0.0579318	-0.0672182	
0.305379	0.234032	0.159921	0.097656	0.0488971	0.0147149	-0.00707423	-0.022677	-0.0312661	-0.0395131	-0.0431113	-0.0442645	-0.045289	-0.0412821	-0.0414723	-0.042676	-0.0448811	-0.0535571	-0.0555084	-0.0522969	-0.0504158	-0.0480491	-0.0566964	-0.0690702	-0.064841	
0.272041	0.198021	0.128599	0.0719449	0.0281497	-0.000843762	-0.0211137	-0.0326899	-0.0390183	-0.042284	-0.0408022	-0.040947	-0.0401187	-0.0411993	-0.0461707	-0.0492949	-0.0541651	-0.0547102	-0.0491353	-0.0484012	-0.0505875	-0.0579318	-0.0690702	-0.0657381	-0.0556444	
0.232476	0.157877	0.0937353	0.0429197	0.00772783	-0.0147809	-0.0282795	-0.0339256	-0.0373249	-0.0377806	-0.0388795	-0.0420321	-0.0446352	-0.049224	-0.0518265	-0.0523951	-0.0515355	-0.0472424	-0.0481449	-0.0543501	-0.0605003	-0.0672182	-0.064841	-0.0556444	-0.0595891	
0.190619	0.121485	0.0654917	0.0245963	-0.00169512	-0.0184208	-0.0272783	-0.0327985	-0.0370446	-0.0400187	-0.0444556	-0.0475748	-0.049659	-0.0508801	-0.0497446	-0.0486686	-0.0475662	-0.0501722	-0.0575048	-0.0623586	-0.0645843	-0.0629112	-0.0570079	-0.0601564	-0.0723918	
0.159578	0.0976316	0.0498097	0.0167386	-0.00530253	-0.0194468	-0.0283216	-0.0353697	-0.0400583	-0.0440234	-0.0470151	-0.0477477	-0.0481359	-0.0477127	-0.0475269	-0.0489608	-0.0527505	-0.0591459	-0.0628241	-0.0625516	-0.0612519	-0.0587793	-0.0613691	-0.0716835	-0.0791319	
0.140911	0.0850418	0.0435455	0.0146035	-0.00539721	-0.0185958	-0.0281346	-0.0348428	-0.0391283	-0.042351	-0.0435882	-0.0441593	-0.0451898	-0.0466089	-0.0496924	-0.0544595	-0.0598439	-0.0626041	-0.0614414	-0.0600295	-0.0596833	-0.062454	-0.0711725	-0.0796637	-0.0828631	
0.135877	0.0849549	0.0475516	0.0207592	0.00210004	-0.0108888	-0.0201923	-0.0262241	-0.0305502	-0.0336267	-0.0360206	-0.0394334	-0.0437446	-0.0489936	-0.0549216	-0.0597435	-0.0614102	-0.0596853	-0.0581023	-0.0592309	-0.0635102	-0.0720687	-0.0810967	-0.0843884	-0.0823772	
0.14604	0.0999366	0.066135	0.041866	0.0246932	0.0120597	0.00260488	-0.00511186	-0.0124521	-0.0197246	-0.0278484	-0.0366181	-0.0448038	-0.0516335	-0.0557735	-0.0563771	-0.0547626	-0.054489	-0.0581965	-0.0653368	-0.0746347	-0.0828174	-0.0846372	-0.0802638	-0.0753221	
0.179809	0.139996	0.110306	0.0878168	0.0697079	0.0538809	0.0390782	0.0242101	0.0093228	-0.00519458	-0.0186853	-0.0296205	-0.0372376	-0.0415647	-0.0432893	-0.0446914	-0.0488145	-0.0569847	-0.0673279	-0.076826	-0.082627	-0.0820267	-0.0765711	-0.0730638	-0.0776372	
0.241848	0.206148	0.176866	0.15127	0.127322	0.104124	0.0813947	0.0595772	0.03967	0.0224004	0.00850275	-0.00201813	-0.0103582	-0.0180754	-0.0270021	-0.0385706	-0.0522043	-0.0650113	-0.0738343	-0.0772049	-0.0753756	-0.0714486	-0.0715631	-0.0801078	-0.096048	
0.310221	0.276154	0.245836	0.217514	0.190398	0.164418	0.139836	0.117166	0.0965715	0.0778044	0.0602716	0.0428015	0.024397	0.00478627	-0.0154727	-0.0345173	-0.0495814	-0.0587765	-0.0624937	-0.063015	-0.0639012	-0.0694307	-0.081735	-0.0984154	-0.114326	
0.364202	0.337133	0.312693	0.289573	0.267057	0.244666	0.222039	0.198759	0.174264	0.148159	0.120262	0.0909126	0.0613209	0.0332694	0.00879388	-0.0103307	-0.0236846	-0.0327917	-0.0403697	-0.0492341	-0.061665	-0.0781457	-0.0962354	-0.11196	-0.122184	
0.401319	0.387439	0.374371	0.360569	0.344875	0.326399	0.304531	0.278911	0.249616	0.217266	0.182998	0.148502	0.115664	0.0860552	0.0605843	0.0390516	0.0200397	0.00160339	-0.0178547	-0.0391766	-0.0619996	-0.084236	-0.102777	-0.115046	-0.119776	
0.407934	0.40676	0.404474	0.399607	0.391112	0.378333	0.360978	0.339145	0.313369	0.284543	0.253834	0.222493	0.1915	0.161368	0.132006	0.102725	0.0726453	0.0412675	0.00876895	-0.0237506	-0.0539835	-0.0788184	-0.0955977	-0.103276	-0.103319	
0.365098	0.374091	0.381727	0.386922	0.388942	0.387331	0.381858	0.372498	0.359381	0.342717	0.322741	0.299582	0.273187	0.243333	0.209697	0.172118	0.131015	0.0876743	0.0443921	0.00444275	-0.0285319	-0.0518696	-0.0652696	-0.0715908	-0.0769262	
0.276039	0.292986	0.309683	0.325454	0.339821	0.352403	0.362822	0.37061	0.37511	0.375436	0.370485	0.359041	0.340018	0.312743	0.277299	0.23486	0.187846	0.139761	0.0946953	0.0563746	0.0268263	0.00528051	-0.0120484	-0.0311566	-0.0584834	
0.158751	0.181214	0.20513	0.230183	0.256056	0.282286	0.30813	0.332441	0.353616	0.369654	0.378387	0.377889	0.366989	0.345706	0.315493	0.279127	0.240192	0.202245	0.16782	0.137502	0.109494	0.0800588	0.0447099	-0.000252294	-0.0563761	
0.0354031	0.0626636	0.0926335	0.124919	0.158934	0.193803	0.228317	0.260951	0.289955	0.313528	0.330104	0.338722	0.339354	0.333012	0.321513	0.306881	0.290574	0.272822	0.252301	0.226366	0.191837	0.146069	0.0878485	0.0178033	-0.0617871	
-0.0740395	-0.0439228	-0.0116155	0.0221448	0.056512	0.0905672	0.123422	0.154358	0.18293	0.208982	0.232586	0.253955	0.273347	0.29089	0.306301	0.31855	0.325665	0.324827	0.312831	0.286798	0.244871	0.186636	0.113179	0.0269311	-0.0684607	
-0.17059	-0.144396	-0.117179	-0.0894354	-0.0615062	-0.0335382	-0.00541929	0.0232928	0.0533432	0.0855524	0.120421	0.157756	0.196489	0.234737	0.269976	0.299259	0.319433	0.327386	0.320337	0.29613	0.25349	0.192295	0.113958	0.0219006	-0.0780572	
-0.266807	-0.250572	-0.232758	-0.21305	-0.190933	-0.165821	-0.137179	-0.104561	-0.0676068	-0.0261859	0.0192754	0.0674849	0.116256	0.162816	0.204252	0.237829	0.261067	0.271662	0.26743	0.246455	0.207548	0.150978	0.0792591	-0.00240096	-0.0863987	
-0.351344	-0.344983	-0.33538	-0.321641	-0.302802	-0.278101	-0.247268	-0.210605	-0.168807	-0.122793	-0.0737827	-0.023548	0.0255012	0.070578	0.108966	0.138366	0.156988	0.163487	0.15696	0.137131	0.10475	0.0620178	0.0127582	-0.0379105	-0.084437	
-0.394623	-0.395314	-0.392441	-0.384975	-0.371815	-0.352051	-0.325378	-0.292342	-0.254122	-0.212129	-0.1679	-0.123372	-0.0811075	-0.044095	-0.0151441	0.00377783	0.0119679	0.0100748	-7.23594e-05	-0.015788	-0.0339204	-0.0512496	-0.064851	-0.0723984	-0.0723261	
-0.386811	-0.392366	-0.395754	-0.396012	-0.392048	-0.382742	-0.367436	-0.34645	-0.321026	-0.292775	-0.263324	-0.234465	-0.2084	-0.187543	-0.173805	-0.167787	-0.168335	-0.172691	-0.177156	-0.177989	-0.172189	-0.157859	-0.134055	-0.100354	-0.0564446	
-0.341635	-0.350101	-0.358504	-0.366046	-0.372026	-0.375584	-0.376023	-0.373528	-0.369258	-0.364638	-0.360677	-0.357912	-0.356703	-0.357276	-0.359319	-0.361516	-0.361469	-0.356172	-0.34282	-0.319521	-0.285497	-0.24058	-0.184339	-0.115514	-0.0323375	
-0.274627	-0.286472	-0.300996	-0.317284	-0.335152	-0.354231	-0.373879	-0.393951	-0.415037	-0.437702	-0.461615	-0.485441	-0.507305	-0.525203	-0.537011	-0.540384	-0.53288	-0.512439	-0.477931	-0.429392	-0.367634	-0.293272	-0.205775	-0.103433	0.0154977	
-0.204273	-0.224634	-0.250525	-0.280328	-0.313974	-0.351079	-0.390541	-0.431392	-0.473246	-0.515652	-0.557282	-0.595886	-0.628845	-0.653628	-0.667822	-0.668947	-0.654487	-0.622259	-0.570959	-0.500534	-0.41206	-0.307091	-0.186969	-0.0529194	0.0930363	
-0.160829	-0.197039	-0.236703	-0.280216	-0.327833	-0.378785	-0.431294	-0.483694	-0.534967	-0.584172	-0.629789	-0.669757	-0.701957	-0.724434	-0.735127	-0.731462	-0.710285	-0.668331	-0.603104	-0.513803	-0.401818	-0.270504	-0.124483	0.0305614	0.186528	
