-0.00476947	-0.00421341	-0.00104895	0.00226572	0.0055428	0.00775135	0.00953988	0.0114371	0.0156248	0.0207634	0.0243652	0.02552	0.0236032	0.0191609	0.0109917	-0.000715162	-0.013383	-0.0249952	-0.0348867	-0.0417291	-0.044747	-0.0431379	-0.0384973	-0.0316969	-0.0244931	
-0.00478126	-0.00360715	-0.000559057	0.00294379	0.00682474	0.0102636	0.01189	0.0131493	0.0160429	0.0202928	0.0234868	0.0238565	0.0211227	0.0163434	0.00796221	-0.00320229	-0.0153757	-0.0262447	-0.0352226	-0.0413158	-0.0434985	-0.0419893	-0.0375012	-0.0309307	-0.0244747	
-0.00155457	-0.00144441	0.000419832	0.00429869	0.00807866	0.0121545	0.0134508	0.0140942	0.0160818	0.0189537	0.0214839	0.0210893	0.0174166	0.0117223	0.00310822	-0.00795139	-0.0199163	-0.0296849	-0.0380154	-0.0429978	-0.044124	-0.0429037	-0.038732	-0.0318515	-0.0255148	
0.000743372	-7.75255e-05	0.00222698	0.0050099	0.00943395	0.0142372	0.0159988	0.017008	0.0177099	0.019795	0.0215674	0.0200375	0.0154302	0.00983306	0.000214504	-0.0101264	-0.0217625	-0.0314344	-0.0377988	-0.042408	-0.0438255	-0.0435675	-0.0398094	-0.0338072	-0.0277147	
0.00214803	0.00196129	0.00326079	0.00653359	0.0097232	0.0162128	0.0195026	0.020845	0.0210358	0.0214383	0.0223218	0.0195288	0.013999	0.00776413	-0.000841626	-0.011562	-0.022893	-0.0301128	-0.0360308	-0.0400159	-0.0414324	-0.0423416	-0.0399006	-0.0339836	-0.0290354	
0.00278683	0.00274501	0.0059844	0.00741374	0.011733	0.0190861	0.0230795	0.0250975	0.0240001	0.0238707	0.0235964	0.0194029	0.0130064	0.00705012	-0.00335737	-0.0126873	-0.0228872	-0.0302656	-0.0343952	-0.0387001	-0.0404476	-0.0422592	-0.0405186	-0.0367091	-0.0324054	
0.00487746	0.00585323	0.00767458	0.0106807	0.0135031	0.0209453	0.0251656	0.0273369	0.0264874	0.0245691	0.023057	0.0173971	0.00999243	0.00248847	-0.00653301	-0.0157105	-0.0253642	-0.0311148	-0.0357992	-0.0386718	-0.0397777	-0.0427281	-0.042628	-0.0384132	-0.0345477	
0.00617294	0.00616783	0.0099874	0.0123059	0.0170364	0.0241967	0.0274105	0.0293868	0.0275457	0.0257739	0.0231939	0.0163664	0.00736932	0.000114943	-0.00983095	-0.017427	-0.0271812	-0.0339765	-0.036347	-0.0386296	-0.0399326	-0.0438986	-0.0437775	-0.0407019	-0.0369794	
0.00685526	0.00786015	0.0109196	0.0162248	0.0204205	0.0278095	0.031006	0.0318374	0.0299152	0.0274754	0.0250761	0.0166875	0.0065873	-0.00178477	-0.0102961	-0.0190048	-0.0288477	-0.0340733	-0.0368095	-0.0381501	-0.0393393	-0.0431232	-0.0436633	-0.040777	-0.0385183	
0.00495133	0.00672154	0.0130388	0.0177185	0.0236492	0.0318504	0.0346733	0.0353356	0.0326301	0.030932	0.0280989	0.0196624	0.00841107	-0.000344335	-0.0112335	-0.0194746	-0.0286282	-0.0334912	-0.0351339	-0.0371281	-0.0374339	-0.0411308	-0.0424626	-0.0422852	-0.0413959	
0.00408493	0.00788054	0.0139262	0.0204566	0.0257042	0.0342285	0.0379825	0.0377884	0.0343657	0.0308756	0.0278969	0.0187276	0.00752913	-0.00313788	-0.0144995	-0.0236153	-0.0315942	-0.0357631	-0.0377998	-0.0377729	-0.0371298	-0.0401694	-0.0421144	-0.0415027	-0.0407179	
0.00276853	0.00707321	0.0154006	0.0216708	0.0286836	0.0380319	0.0410743	0.0409058	0.0364072	0.0324683	0.0287536	0.0202815	0.0077735	-0.00401741	-0.0170568	-0.0260187	-0.0354781	-0.040115	-0.0404038	-0.0396156	-0.038049	-0.041618	-0.0428683	-0.0420168	-0.0412411	
9.88541e-05	0.00517963	0.0128855	0.0211794	0.0291986	0.0394045	0.044386	0.0443711	0.0400225	0.0356296	0.032403	0.0225712	0.00966162	-0.00294266	-0.0156898	-0.0262843	-0.0363627	-0.0411934	-0.0406619	-0.0386752	-0.0380927	-0.0406924	-0.0417159	-0.0416787	-0.0424347	
-0.0027643	0.00159284	0.00964457	0.0180629	0.027923	0.039932	0.045503	0.0463864	0.0420628	0.0378697	0.0338136	0.0240667	0.010279	-0.00233729	-0.0161806	-0.0278039	-0.0388031	-0.0422499	-0.0410552	-0.0394724	-0.0369595	-0.0388034	-0.0397542	-0.0407333	-0.0414235	
-0.00483209	-0.00102099	0.00696115	0.0164347	0.0269568	0.0392895	0.0465889	0.0478752	0.043678	0.0388898	0.0342689	0.0234757	0.0105565	-0.00270088	-0.0178911	-0.0308546	-0.0407904	-0.0446984	-0.0435337	-0.0405269	-0.0377107	-0.0383565	-0.0396514	-0.0399807	-0.0396455	
-0.00743661	-0.00349643	0.00491501	0.0148228	0.0258476	0.0387896	0.0468054	0.04944	0.0462486	0.0413367	0.0357495	0.0254945	0.0122136	-0.00184312	-0.0176829	-0.0307748	-0.0417391	-0.0456465	-0.0445971	-0.0410727	-0.03711	-0.0388862	-0.0397505	-0.0394218	-0.0386544	
-0.00911268	-0.00592271	0.00235036	0.012054	0.0231483	0.0361916	0.0452407	0.0491966	0.0472568	0.0430156	0.0373139	0.0262331	0.0124653	-0.0022554	-0.017686	-0.0308212	-0.0419006	-0.0470552	-0.0449292	-0.0403345	-0.0371738	-0.0378349	-0.0383939	-0.0383439	-0.0385516	
-0.00904251	-0.00611251	0.00102448	0.0105877	0.0220692	0.0349865	0.0445506	0.0486459	0.047461	0.0434585	0.0374629	0.0255324	0.0101378	-0.0053314	-0.0202644	-0.03331	-0.0449521	-0.0491923	-0.0470612	-0.0426439	-0.0386587	-0.0386212	-0.038105	-0.038335	-0.03749	
-0.0112332	-0.00919574	-0.0024779	0.00688078	0.0185708	0.0321899	0.0416917	0.0465578	0.0457247	0.0428767	0.0374541	0.0254665	0.00966541	-0.00598702	-0.0206316	-0.0334884	-0.0437275	-0.0478416	-0.0454669	-0.0414682	-0.0374856	-0.0365018	-0.0365096	-0.036719	-0.0359928	
-0.0115085	-0.0100007	-0.00416482	0.00465033	0.0166885	0.0297901	0.0403874	0.0450075	0.0448025	0.042116	0.0368411	0.0244208	0.00879302	-0.00711463	-0.0220861	-0.0341316	-0.0434379	-0.0464808	-0.0446059	-0.040134	-0.035627	-0.0348848	-0.0345464	-0.0347729	-0.0339548	
-0.00875691	-0.0081586	-0.00335943	0.00493694	0.0160153	0.0293054	0.0387812	0.044356	0.0437719	0.0411869	0.0354599	0.0232343	0.00785234	-0.00811507	-0.023071	-0.0346493	-0.0426143	-0.0462851	-0.0439486	-0.0396574	-0.0349507	-0.0342803	-0.0339374	-0.0338682	-0.0333357	
-0.00645555	-0.00627868	-0.00131797	0.00612434	0.0171247	0.028923	0.0386223	0.0424925	0.0420785	0.0392514	0.0336712	0.0221547	0.00788405	-0.00836627	-0.0233802	-0.0338338	-0.0421729	-0.0451697	-0.0427949	-0.0376928	-0.0333196	-0.0326859	-0.0323838	-0.0330724	-0.0333486	
-0.00546516	-0.00512967	-0.000968995	0.00680009	0.0165268	0.0282087	0.0358797	0.0400564	0.0383072	0.0350471	0.0300883	0.0196951	0.00599499	-0.0093361	-0.0233807	-0.0337821	-0.0404604	-0.0432209	-0.0388827	-0.0338695	-0.0297856	-0.0293274	-0.0293639	-0.0315181	-0.0325312	
-0.00170156	-0.00229636	0.00269158	0.00947927	0.019404	0.0297127	0.0370236	0.0388168	0.0361845	0.0318176	0.0262337	0.0164144	0.00365996	-0.0115326	-0.0253848	-0.0348134	-0.0421892	-0.0424088	-0.0379057	-0.0328688	-0.0287796	-0.028445	-0.0293284	-0.0315804	-0.0324596	
0.000181543	0.000336396	0.00426618	0.0117472	0.0206336	0.0299705	0.0350353	0.0372243	0.0328671	0.027695	0.0227329	0.0124444	0.000213293	-0.0135619	-0.0267798	-0.0361641	-0.0408761	-0.0409503	-0.0350283	-0.0297456	-0.0253201	-0.0256012	-0.0273119	-0.0305738	-0.031584	
0.00244569	0.00236191	0.00690816	0.0132852	0.0218717	0.0299135	0.0348375	0.0355964	0.031154	0.0258995	0.019645	0.00993359	-0.001308	-0.0144205	-0.0267613	-0.0340316	-0.0392252	-0.037225	-0.0316851	-0.0260099	-0.0204344	-0.0218446	-0.0245553	-0.0274769	-0.0298786	
0.00646948	0.00714161	0.0104134	0.017731	0.025351	0.0331194	0.037652	0.0384147	0.0331001	0.0267661	0.0205047	0.0100507	-0.00111988	-0.0133517	-0.0251383	-0.0328588	-0.0358943	-0.0359188	-0.030181	-0.0236271	-0.019703	-0.0211744	-0.0239621	-0.0287005	-0.0321461	
0.0100486	0.0101847	0.0146462	0.0202774	0.0271297	0.0347706	0.0388252	0.0386347	0.0333435	0.0264383	0.0187189	0.00874953	-0.00277735	-0.0149855	-0.0261081	-0.0323203	-0.0363328	-0.0353468	-0.0298557	-0.0234861	-0.0191452	-0.0212295	-0.0244823	-0.0300502	-0.0341336	
0.0114492	0.0125099	0.0166619	0.0219339	0.0279475	0.0346879	0.0379598	0.0380351	0.0321042	0.0246153	0.017476	0.00627047	-0.00540144	-0.0176377	-0.0283563	-0.0341595	-0.0373634	-0.0366133	-0.0305447	-0.0237789	-0.0198536	-0.0212363	-0.0245522	-0.0303759	-0.0344118	
0.0105371	0.0127673	0.0183654	0.0229345	0.0288621	0.0353106	0.0378966	0.0381891	0.0322621	0.0252153	0.0179133	0.00681119	-0.0050858	-0.0171181	-0.0276013	-0.0320266	-0.0359615	-0.0348102	-0.028755	-0.0237113	-0.0189546	-0.0207464	-0.0241589	-0.0294485	-0.033628	
0.00946152	0.0131061	0.0186266	0.0251407	0.0307089	0.0367254	0.0401874	0.0400412	0.0345494	0.0280311	0.0209825	0.010321	-0.0018582	-0.0140478	-0.0239277	-0.0292645	-0.0328336	-0.0319329	-0.0272058	-0.0225066	-0.0185221	-0.0204385	-0.0244621	-0.0296753	-0.0335232	
0.0113021	0.0148391	0.0213738	0.0271273	0.0327046	0.0392014	0.0425517	0.0418778	0.036999	0.0297829	0.022455	0.0119367	-0.00107473	-0.0133382	-0.0237611	-0.0302461	-0.0329859	-0.0332923	-0.0291375	-0.0234172	-0.0205428	-0.0214695	-0.0246298	-0.0294084	-0.0322617	
0.0120188	0.015636	0.0223245	0.0290876	0.0357735	0.0425116	0.0466138	0.0466627	0.0411419	0.0343026	0.0270926	0.0162687	0.00344052	-0.00956397	-0.0210771	-0.0283535	-0.0333205	-0.0342156	-0.0319843	-0.0275619	-0.0244223	-0.0263926	-0.0287128	-0.0321653	-0.0349659	
0.0094147	0.013073	0.0213623	0.0288537	0.0367649	0.0443972	0.0481893	0.0484425	0.0431558	0.0366951	0.0302074	0.0193356	0.00707348	-0.00668169	-0.0198178	-0.0273573	-0.0342584	-0.0365147	-0.0347311	-0.0313748	-0.0285141	-0.0302589	-0.0318225	-0.0338061	-0.0366222	
0.00497529	0.00936943	0.017676	0.0274197	0.0352664	0.0438443	0.0481883	0.0489465	0.0437794	0.038242	0.0321049	0.0217436	0.0087968	-0.00542082	-0.0191906	-0.0284588	-0.0361223	-0.0398861	-0.0381616	-0.0360969	-0.0328254	-0.0345028	-0.0346457	-0.0357769	-0.0366203	
0.00170859	0.00674174	0.0160623	0.025675	0.0350492	0.0444548	0.0495034	0.0495587	0.0461678	0.0402107	0.0343233	0.0247337	0.0107173	-0.00439792	-0.0185672	-0.0303958	-0.0389007	-0.0435227	-0.0429469	-0.0398259	-0.0381214	-0.0379267	-0.0377045	-0.0377337	-0.0359101	
-0.00185319	0.00424367	0.0132792	0.023381	0.0345792	0.0445304	0.0514444	0.0532561	0.0493369	0.0442222	0.0393344	0.028707	0.0151797	-2.56053e-05	-0.0151638	-0.0284833	-0.0381743	-0.0442873	-0.0446508	-0.0419125	-0.0409684	-0.040454	-0.039831	-0.0394654	-0.0363264	
-0.00239409	0.00309767	0.0130848	0.0232263	0.0348808	0.0458116	0.0541176	0.05652	0.0532139	0.049616	0.0436293	0.0330721	0.0193291	0.00298671	-0.0134039	-0.0264063	-0.0400467	-0.0455642	-0.0473569	-0.0467823	-0.0437816	-0.0443016	-0.0435367	-0.0407895	-0.0373352	
-0.00185547	0.00430947	0.0137309	0.0243085	0.0344097	0.0476043	0.0557495	0.0590786	0.0565824	0.0525483	0.0467109	0.0352604	0.0205896	0.00377958	-0.0131932	-0.0282028	-0.0416908	-0.0498364	-0.0521902	-0.0519505	-0.0492304	-0.0496353	-0.0475682	-0.044236	-0.0393238	
-0.0023034	0.0045486	0.0152665	0.0247049	0.0356658	0.0494633	0.0571127	0.0612798	0.0596971	0.0550811	0.0491916	0.037367	0.0210083	0.00392419	-0.0138474	-0.030109	-0.0436558	-0.0537539	-0.0564995	-0.0566248	-0.0545934	-0.0549356	-0.0520886	-0.0483973	-0.0421117	
-0.00477013	0.0035234	0.0137353	0.0248441	0.0375528	0.0501703	0.0594882	0.0631437	0.0613067	0.0565441	0.0517342	0.0385042	0.0227254	0.0047651	-0.0139189	-0.0306325	-0.0454646	-0.0560919	-0.0601957	-0.0597344	-0.059246	-0.0587982	-0.0559208	-0.0516397	-0.0445273	
-0.00648448	0.00133161	0.0133684	0.0248186	0.0373694	0.0506091	0.0594961	0.0632724	0.0609504	0.0578936	0.0516371	0.0390985	0.023046	0.0048167	-0.0144446	-0.0303973	-0.0466833	-0.0580136	-0.0620344	-0.0633657	-0.0621284	-0.0610685	-0.0581548	-0.0525905	-0.0453279	
-0.00674269	0.00222542	0.014266	0.0270914	0.0402153	0.0530326	0.0620204	0.0651763	0.0628383	0.0599105	0.0534899	0.0411144	0.0247761	0.00592388	-0.0134192	-0.0302842	-0.0480785	-0.0594609	-0.0652756	-0.0672079	-0.0651573	-0.0649872	-0.0611754	-0.0558134	-0.0475932	
-0.006792	0.00233782	0.0154597	0.0281161	0.0411721	0.0555688	0.0625843	0.0666334	0.0647229	0.0605404	0.0550752	0.0426947	0.026289	0.00800505	-0.0108877	-0.0291314	-0.0462188	-0.0594869	-0.0657531	-0.0679305	-0.0673994	-0.0667651	-0.0630282	-0.0574929	-0.0486849	
-0.00666822	0.00176652	0.0154703	0.0289348	0.0426687	0.0556776	0.0642579	0.0671093	0.0646641	0.0611865	0.0565577	0.0439484	0.0284042	0.0111515	-0.00918173	-0.0267404	-0.044981	-0.0583676	-0.0652677	-0.0687594	-0.0685614	-0.0689966	-0.064734	-0.0588588	-0.0497701	
-0.00469055	0.00408675	0.0164319	0.030251	0.0425505	0.0572868	0.0641707	0.0663503	0.0645593	0.0606149	0.0554779	0.0447336	0.0287072	0.0115695	-0.00746496	-0.0261942	-0.0443457	-0.0575304	-0.0653363	-0.0696586	-0.0696526	-0.069789	-0.0664103	-0.058538	-0.0496041	
-0.00332841	0.00663328	0.0190772	0.0314796	0.0447605	0.0580611	0.0645484	0.0673156	0.0645657	0.0619936	0.0576641	0.0461217	0.0310375	0.0144947	-0.00527517	-0.0240867	-0.0422309	-0.0570368	-0.065497	-0.0704023	-0.07187	-0.0726004	-0.0688668	-0.0619267	-0.0527974	
0.000685908	0.00974421	0.0211706	0.0334054	0.0462204	0.0578551	0.0646038	0.0666248	0.0645477	0.0613217	0.0570864	0.0456393	0.0310445	0.0146093	-0.00443909	-0.0236251	-0.0431927	-0.0574425	-0.0676292	-0.0729212	-0.0751791	-0.0765966	-0.0730021	-0.0651693	-0.0554867	
0.00211372	0.00965228	0.0217753	0.0322551	0.0439368	0.0552711	0.0615853	0.0630732	0.060985	0.0581508	0.0536449	0.0432871	0.0293528	0.0140565	-0.0056488	-0.0240812	-0.0439913	-0.0588513	-0.0687778	-0.074962	-0.0781719	-0.0798739	-0.0756552	-0.0678897	-0.056962	
0.00375467	0.0104975	0.02071	0.0313371	0.0413811	0.052519	0.058232	0.0600932	0.0574833	0.0556501	0.050925	0.0419941	0.0280938	0.0122166	-0.00621317	-0.0254206	-0.045033	-0.0597172	-0.0696536	-0.076737	-0.0794163	-0.0811027	-0.0769069	-0.0672057	-0.0560509	
