-0.0864978	-0.0838139	-0.0910428	-0.110941	-0.135973	-0.143602	-0.129437	-0.117556	-0.128061	-0.168113	-0.244716	-0.352315	-0.46049	-0.536198	-0.564645	-0.537574	-0.440505	-0.266306	-0.0302965	0.240107	0.52535	0.814327	1.08699	1.30461	1.42327	
-0.084972	-0.0856868	-0.0976456	-0.120646	-0.141878	-0.141089	-0.124356	-0.118888	-0.139969	-0.192457	-0.280807	-0.39216	-0.492279	-0.552653	-0.563273	-0.515877	-0.39719	-0.206498	0.0349407	0.300138	0.573933	0.847754	1.10126	1.29614	1.39041	
-0.0842232	-0.0896243	-0.106224	-0.13028	-0.145061	-0.136361	-0.120487	-0.124238	-0.157297	-0.22279	-0.3213	-0.432385	-0.5205	-0.563228	-0.55428	-0.484792	-0.344088	-0.138799	0.105067	0.362484	0.622496	0.877715	1.10708	1.27441	1.34423	
-0.0852297	-0.0960282	-0.116269	-0.138601	-0.144925	-0.130381	-0.1194	-0.13479	-0.18083	-0.25921	-0.365091	-0.471143	-0.543485	-0.566577	-0.536333	-0.443246	-0.280945	-0.063737	0.179418	0.426844	0.671118	0.904645	1.10565	1.24186	1.28661	
-0.0889132	-0.104789	-0.126768	-0.14431	-0.141478	-0.124746	-0.122811	-0.151624	-0.211133	-0.301304	-0.410475	-0.506295	-0.559549	-0.561319	-0.508081	-0.390387	-0.207926	0.0178131	0.257169	0.492785	0.719598	0.928515	1.09745	1.19975	1.21898	
-0.0956375	-0.115311	-0.136356	-0.146355	-0.135563	-0.121596	-0.132392	-0.175611	-0.248405	-0.34799	-0.455155	-0.53555	-0.567059	-0.546052	-0.468238	-0.325732	-0.1257	0.104629	0.337296	0.559564	0.767148	0.948492	1.08206	1.14844	1.1422	
-0.105381	-0.126469	-0.143424	-0.144326	-0.129017	-0.123392	-0.149564	-0.20729	-0.292284	-0.397383	-0.496344	-0.556627	-0.564467	-0.519356	-0.415708	-0.249315	-0.03547	0.195204	0.418597	0.626065	0.812337	0.96301	1.05846	1.0879	1.05704	
-0.117185	-0.136508	-0.146589	-0.138941	-0.1246	-0.132543	-0.1753	-0.246743	-0.341639	-0.446758	-0.530974	-0.567416	-0.550321	-0.479852	-0.349759	-0.161821	0.0610658	0.287854	0.499729	0.690793	0.853185	0.970055	1.02544	1.01821	0.964551	
-0.12908	-0.143656	-0.145333	-0.132262	-0.125627	-0.151003	-0.209984	-0.293412	-0.39437	-0.492653	-0.55598	-0.566092	-0.523234	-0.426299	-0.270236	-0.0646504	0.16183	0.380835	0.579227	0.751884	0.887311	0.967492	0.982057	0.939951	0.86635	
-0.139031	-0.14667	-0.140364	-0.127625	-0.135437	-0.179924	-0.253297	-0.345885	-0.447307	-0.53114	-0.568602	-0.551135	-0.481878	-0.357794	-0.177775	0.0400901	0.264531	0.47243	0.655453	0.807096	0.912104	0.953372	0.927913	0.854338	0.764651	
-0.145343	-0.145079	-0.134017	-0.129333	-0.156697	-0.21937	-0.304104	-0.401673	-0.496298	-0.558255	-0.566621	-0.521279	-0.425039	-0.274045	-0.0739548	0.149723	0.366852	0.560959	0.72651	0.853827	0.924927	0.926199	0.86331	0.763249	0.662106	
-0.146746	-0.139919	-0.130504	-0.141784	-0.190651	-0.268242	-0.360348	-0.457074	-0.536534	-0.570486	-0.54845	-0.475414	-0.351796	-0.175686	0.0386686	0.261238	0.466609	0.644701	0.790128	0.889199	0.923374	0.88518	0.78934	0.669082	0.561568	
-0.14337	-0.13459	-0.135234	-0.168166	-0.23672	-0.324382	-0.418883	-0.507212	-0.563128	-0.565189	-0.513046	-0.412544	-0.261853	-0.0645405	0.156714	0.371599	0.56181	0.721743	0.8436	0.910241	0.905579	0.830422	0.707862	0.574568	0.465821	
-0.138062	-0.134466	-0.153235	-0.209443	-0.292607	-0.384666	-0.475304	-0.546413	-0.571838	-0.540781	-0.45969	-0.331922	-0.155968	0.056279	0.276318	0.47802	0.650578	0.78978	0.883828	0.914211	0.870554	0.763066	0.621398	0.482531	0.37733	
-0.135787	-0.145405	-0.187712	-0.264004	-0.354624	-0.444949	-0.523981	-0.568964	-0.559709	-0.496599	-0.38781	-0.233427	-0.0363554	0.182551	0.393601	0.578116	0.730938	0.845979	0.907536	0.899002	0.818484	0.68531	0.532947	0.395643	0.29803	
-0.142219	-0.172546	-0.238958	-0.327718	-0.418067	-0.500009	-0.558503	-0.570072	-0.525355	-0.432532	-0.297031	-0.118134	0.0931364	0.309429	0.505117	0.669828	0.800513	0.886987	0.911673	0.863611	0.750917	0.600278	0.445713	0.316195	0.22919	
-0.163409	-0.218732	-0.303384	-0.394619	-0.477652	-0.543618	-0.57253	-0.546726	-0.468768	-0.348636	-0.187607	0.0111206	0.227261	0.432129	0.608104	0.751108	0.856288	0.90919	0.893975	0.808528	0.670769	0.511754	0.362799	0.245905	0.171355	
-0.204178	-0.282126	-0.373874	-0.458328	-0.52764	-0.568805	-0.560979	-0.498131	-0.390722	-0.245086	-0.0611702	0.149481	0.360069	0.546598	0.700379	0.819475	0.894591	0.909255	0.853575	0.735966	0.582117	0.423786	0.286894	0.185798	0.124382	
-0.264969	-0.355534	-0.442106	-0.513031	-0.56141	-0.568741	-0.521279	-0.425402	-0.292089	-0.122687	0.0784878	0.290438	0.48591	0.649848	0.779862	0.871656	0.911444	0.884886	0.791509	0.649813	0.489775	0.340237	0.220019	0.136176	0.0875357	
-0.340047	-0.428629	-0.500998	-0.552881	-0.571347	-0.53852	-0.453983	-0.330515	-0.17365	0.0160747	0.225119	0.426871	0.600346	0.739733	0.843917	0.903574	0.903325	0.835626	0.710944	0.555275	0.39872	0.264351	0.163366	0.0966729	0.059652	
-0.417827	-0.491803	-0.545103	-0.570616	-0.550366	-0.477081	-0.361976	-0.215117	-0.036889	0.165956	0.370683	0.552493	0.700487	0.814182	0.888874	0.910902	0.868191	0.763448	0.617009	0.45824	0.313487	0.198435	0.117261	0.0663814	0.0393146	
-0.485319	-0.539081	-0.568351	-0.557738	-0.495008	-0.387514	-0.248409	-0.0804163	0.114358	0.31878	0.507018	0.662974	0.784444	0.870259	0.91015	0.890167	0.80648	0.672899	0.516183	0.364493	0.237636	0.143689	0.081249	0.0440319	0.0250316	
-0.535127	-0.565942	-0.561825	-0.508104	-0.407657	-0.274671	-0.115104	0.0711112	0.272561	0.46486	0.627827	0.756006	0.850072	0.903662	0.903199	0.840117	0.721694	0.570657	0.415383	0.278952	0.173411	0.10023	0.0542746	0.0281812	0.0153814	
-0.564235	-0.563798	-0.516855	-0.422627	-0.294676	-0.141765	0.0364093	0.233151	0.427095	0.595686	0.729721	0.830038	0.893776	0.909259	0.865129	0.76284	0.62027	0.464553	0.320931	0.205085	0.121653	0.0672678	0.0349139	0.017385	0.00911363	
-0.564548	-0.521812	-0.432535	-0.308832	-0.161151	0.0100406	0.201286	0.394775	0.567271	0.706207	0.811348	0.882407	0.910343	0.88274	0.796381	0.664102	0.510658	0.362286	0.237681	0.14465	0.0819501	0.0433909	0.0216074	0.0103281	0.00520284	
-0.523409	-0.437463	-0.317301	-0.173809	-0.00838783	0.177332	0.368796	0.543356	0.685998	0.794805	0.87101	0.90827	0.894395	0.82283	0.701689	0.552637	0.401833	0.27021	0.168507	0.0977697	0.0529581	0.0268777	0.0128544	0.0059043	0.00286	
-0.437463	-0.320123	-0.180065	-0.0192648	0.161394	0.349824	0.524681	0.6696	0.780965	0.860626	0.904553	0.90156	0.843007	0.732969	0.589738	0.438529	0.301697	0.192493	0.114243	0.0632711	0.0328047	0.0159766	0.00734629	0.00324606	0.00151302	
-0.317301	-0.180065	-0.0228589	0.153446	0.338288	0.511863	0.657484	0.770229	0.851965	0.900369	0.905572	0.85788	0.75819	0.621509	0.471518	0.331219	0.215846	0.130847	0.0740092	0.0391773	0.0194675	0.00910846	0.00403119	0.00171545	0.000770026	
-0.173809	-0.0192648	0.153446	0.334419	0.505342	0.650042	0.762898	0.845495	0.896577	0.907553	0.868421	0.777796	0.647759	0.500145	0.357949	0.237813	0.14702	0.0848128	0.0457881	0.0232002	0.0110631	0.00497871	0.00212322	0.000871142	0.000376901	
-0.00838783	0.161394	0.338288	0.505342	0.647531	0.759179	0.841506	0.893756	0.908367	0.875501	0.792312	0.66849	0.523953	0.38119	0.257684	0.162187	0.0952878	0.0524005	0.0270456	0.0131361	0.00601918	0.00260858	0.00107316	0.000425008	0.000177394	
0.177332	0.349824	0.511863	0.650042	0.759179	0.84016	0.892262	0.90862	0.879819	0.802252	0.68382	0.542651	0.400385	0.274829	0.175795	0.105026	0.058753	0.0308548	0.01525	0.00711075	0.00313512	0.00131001	0.000520482	0.000199188	8.02806e-05	
0.368796	0.524681	0.657484	0.762898	0.841506	0.892262	0.908666	0.881855	0.808033	0.693915	0.556076	0.415114	0.288718	0.18734	0.113631	0.0645749	0.0344644	0.0173161	0.00820918	0.00368017	0.00156334	0.00063059	0.000242231	8.96791e-05	3.49346e-05	
0.543356	0.6696	0.770229	0.845495	0.893756	0.90862	0.881855	0.809929	0.698921	0.564152	0.425084	0.298936	0.196395	0.120741	0.0696045	0.037707	0.0192385	0.00926455	0.00421972	0.0018214	0.000746458	0.000290995	0.000108192	3.87907e-05	1.46192e-05	
0.685998	0.780965	0.851965	0.896577	0.908367	0.879819	0.808033	0.698921	0.566846	0.430113	0.305185	0.202623	0.126053	0.0736064	0.0404231	0.0209205	0.0102239	0.00472727	0.0020719	0.00086231	0.000341374	0.000128765	4.63867e-05	1.61233e-05	5.88422e-06	
0.794805	0.860626	0.900369	0.907553	0.875501	0.802252	0.693915	0.564152	0.430113	0.307288	0.205796	0.129335	0.0763885	0.0424732	0.0222724	0.0110352	0.00517543	0.00230157	0.000972181	0.000390672	0.000149584	5.46543e-05	1.90965e-05	6.44139e-06	2.27857e-06	
0.87101	0.904553	0.905572	0.868421	0.792312	0.68382	0.556076	0.425084	0.305185	0.205796	0.130445	0.0778147	0.0437492	0.0232191	0.0116522	0.00553828	0.00249719	0.00106985	0.000436165	0.000169457	6.28283e-05	2.22604e-05	7.55146e-06	2.47426e-06	8.49128e-07	
0.90827	0.90156	0.85788	0.777796	0.66849	0.542651	0.415114	0.298936	0.202623	0.129335	0.0778147	0.0441823	0.0237067	0.0120381	0.00579373	0.00264675	0.00114935	0.000475113	0.000187212	7.04104e-05	2.53076e-05	8.70401e-06	2.86946e-06	9.14136e-07	3.04629e-07	
0.894395	0.843007	0.75819	0.647759	0.523953	0.400385	0.288718	0.196395	0.126053	0.0763885	0.0437492	0.0237067	0.0121695	0.0059257	0.00274063	0.00120554	0.000505007	0.000201721	7.69269e-05	2.80411e-05	9.78143e-06	3.26884e-06	1.04822e-06	3.24977e-07	1.0525e-07	
0.82283	0.732969	0.621509	0.500145	0.38119	0.274829	0.18734	0.120741	0.0736064	0.0424732	0.0232191	0.0120381	0.0059257	0.00277265	0.00123463	0.000523823	0.000212004	8.1943e-05	3.02814e-05	1.07104e-05	3.62957e-06	1.17972e-06	3.68303e-07	1.11215e-07	3.50354e-08	
0.701689	0.589738	0.471518	0.357949	0.257684	0.175795	0.113631	0.0696045	0.0404231	0.0222724	0.0116522	0.00579373	0.00274063	0.00123463	0.000530247	0.000217337	8.51064e-05	3.18724e-05	1.1427e-05	3.92594e-06	1.2938e-06	4.09373e-07	1.24529e-07	3.66559e-08	1.12413e-08	
0.552637	0.438529	0.331219	0.237813	0.162187	0.105026	0.0645749	0.037707	0.0209205	0.0110352	0.00553828	0.00264675	0.00120554	0.000523823	0.000217337	8.61875e-05	3.26986e-05	1.18795e-05	4.13673e-06	1.38196e-06	4.43303e-07	1.36664e-07	4.05398e-08	1.16415e-08	3.47814e-09	
0.401833	0.301697	0.215846	0.14702	0.0952878	0.058753	0.0344644	0.0192385	0.0102239	0.00517543	0.00249719	0.00114935	0.000505007	0.000212004	8.51064e-05	3.26986e-05	1.20343e-05	4.2463e-06	1.4377e-06	4.6747e-07	1.46092e-07	4.39175e-08	1.27137e-08	3.56431e-09	1.03826e-09	
0.27021	0.192493	0.130847	0.0848128	0.0524005	0.0308548	0.0173161	0.00926455	0.00472727	0.00230157	0.00106985	0.000475113	0.000201721	8.1943e-05	3.18724e-05	1.18795e-05	4.2463e-06	1.45677e-06	4.80041e-07	1.52058e-07	4.63355e-08	1.35932e-08	3.84306e-09	1.05261e-09	2.99157e-10	
0.168507	0.114243	0.0740092	0.0457881	0.0270456	0.01525	0.00820919	0.00421972	0.0020719	0.000972181	0.000436165	0.000187212	7.69269e-05	3.02814e-05	1.1427e-05	4.13673e-06	1.4377e-06	4.80041e-07	1.541e-07	4.75943e-08	1.41527e-08	4.05475e-09	1.12031e-09	2.9999e-10	8.32416e-11	
0.0977699	0.0632712	0.0391773	0.0232003	0.0131361	0.00711076	0.00368017	0.0018214	0.00086231	0.000390672	0.000169457	7.04104e-05	2.80411e-05	1.07104e-05	3.92594e-06	1.38196e-06	4.6747e-07	1.52058e-07	4.75943e-08	1.43443e-08	4.16553e-09	1.16632e-09	3.15137e-10	8.25508e-11	2.23791e-11	
0.0529589	0.0328053	0.0194678	0.0110632	0.00601922	0.00313514	0.00156334	0.000746458	0.000341375	0.000149584	6.28283e-05	2.53076e-05	9.78143e-06	3.62957e-06	1.2938e-06	4.43303e-07	1.46092e-07	4.63355e-08	1.41527e-08	4.16553e-09	1.18217e-09	3.23695e-10	8.55848e-11	2.19451e-11	5.81596e-12	
0.026881	0.0159788	0.00910946	0.00497908	0.0026087	0.00131005	0.000630599	0.000290997	0.000128765	5.46544e-05	2.22605e-05	8.70402e-06	3.26884e-06	1.17972e-06	4.09373e-07	1.36664e-07	4.39175e-08	1.35932e-08	4.05475e-09	1.16632e-09	3.23695e-10	8.67317e-11	2.24529e-11	5.63876e-12	1.46181e-12	
0.0128682	0.00735404	0.00403427	0.00212424	0.00107346	0.000520561	0.000242251	0.000108196	4.63877e-05	1.90967e-05	7.5515e-06	2.86946e-06	1.04823e-06	3.68303e-07	1.24529e-07	4.05398e-08	1.27137e-08	3.84306e-09	1.12031e-09	3.15137e-10	8.55848e-11	2.24529e-11	5.69427e-12	1.40136e-12	3.55567e-13	
0.00596123	0.00327047	0.00172342	0.000873423	0.000425606	0.000199334	8.97128e-05	3.87981e-05	1.61248e-05	6.4417e-06	2.47432e-06	9.14147e-07	3.24979e-07	1.11215e-07	3.6656e-08	1.16415e-08	3.56432e-09	1.05261e-09	2.9999e-10	8.25508e-11	2.19451e-11	5.63876e-12	1.40136e-12	3.38061e-13	8.39795e-14	
0.00309957	0.00157345	0.000784992	0.000380509	0.000178236	8.04701e-05	3.49757e-05	1.46277e-05	5.88594e-06	2.2789e-06	8.49189e-07	3.0464e-07	1.05252e-07	3.50357e-08	1.12413e-08	3.47815e-09	1.03826e-09	2.99157e-10	8.32417e-11	2.23791e-11	5.81596e-12	1.46181e-12	3.55567e-13	8.39795e-14	2.03997e-14	
