0.00490904	0.00623148	0.00916608	0.0102904	0.0117701	0.0116343	0.0112721	0.00956487	0.00590272	0.00126617	-0.00293872	-0.00512769	-0.00718783	-0.00672485	-0.0047589	-0.00242256	0.00143733	0.00626414	0.0108408	0.0146597	0.017386	0.0185514	0.0199008	0.0207026	0.0205999	
0.00428454	0.0052467	0.00772993	0.010465	0.0113204	0.0107094	0.0112929	0.00854777	0.00486067	0.000355897	-0.00307783	-0.00602895	-0.00741258	-0.00732062	-0.00502735	-0.00286833	0.00133953	0.00607259	0.0102202	0.0143358	0.0169255	0.01775	0.0193238	0.0195796	0.0196954	
0.00351629	0.00483871	0.0079835	0.00945727	0.010859	0.0104574	0.00974927	0.00774373	0.00397858	-0.000998309	-0.00495621	-0.00727406	-0.00869564	-0.00827386	-0.00667773	-0.0033339	0.000569515	0.00459782	0.00958548	0.0136616	0.0157702	0.017213	0.0184548	0.0187366	0.0185227	
0.00232006	0.00402515	0.00653168	0.00836681	0.00962415	0.00880102	0.00836705	0.00569103	0.00186945	-0.00283266	-0.00705647	-0.00925161	-0.0104784	-0.0100183	-0.0077689	-0.00497966	-0.00122447	0.0040318	0.00854084	0.0120922	0.014997	0.0159237	0.0172966	0.0171362	0.0172775	
0.00065239	0.00186211	0.0052155	0.00683053	0.00777873	0.00726109	0.00642217	0.00426831	-4.96555e-05	-0.00525511	-0.00868484	-0.0109974	-0.0124242	-0.012043	-0.00939423	-0.00702325	-0.00231594	0.00203468	0.00663193	0.0104028	0.013015	0.014027	0.015149	0.0151428	0.0151653	
-0.000910888	0.000893596	0.00318163	0.00475758	0.00614688	0.0050558	0.00403581	0.000944785	-0.00237296	-0.00782966	-0.0121403	-0.0143354	-0.0150786	-0.0141743	-0.0125807	-0.00881575	-0.00465616	0.000582117	0.0048602	0.00916625	0.0115546	0.01274	0.0139251	0.0140986	0.0137283	
-0.00105406	8.39891e-05	0.00321072	0.00517422	0.00587671	0.00466536	0.00352111	0.00109514	-0.00379733	-0.00837698	-0.0123612	-0.0145664	-0.0157798	-0.0148472	-0.0121605	-0.00894995	-0.00411578	0.000587786	0.00567165	0.00908368	0.011786	0.0123654	0.0140013	0.0135084	0.0135066	
-0.0010476	0.00055614	0.0031757	0.00500756	0.00635808	0.00499139	0.00339465	-1.55705e-05	-0.00358305	-0.00898157	-0.0128995	-0.0154354	-0.0157128	-0.0150499	-0.0125048	-0.0089119	-0.00394366	0.000967047	0.00550865	0.00942487	0.011329	0.0121884	0.0130829	0.0131394	0.0126769	
-0.000830971	0.00112529	0.00390437	0.00582219	0.00662889	0.00531761	0.00319847	-8.21673e-05	-0.00450821	-0.00984316	-0.0141106	-0.0161234	-0.0171523	-0.0160421	-0.0132545	-0.00952923	-0.00484112	0.00031054	0.00484793	0.00883388	0.0107848	0.0113652	0.0124609	0.0120594	0.0119872	
0.00116466	0.00248393	0.00514686	0.00690667	0.00810531	0.0066647	0.00409682	0.000430125	-0.00377475	-0.00896237	-0.0130354	-0.0152806	-0.0159712	-0.0145316	-0.0118259	-0.00797114	-0.00293604	0.00204485	0.00618052	0.0100553	0.0119008	0.0119396	0.0124048	0.0121385	0.0115002	
0.000485074	0.00215545	0.00440292	0.00639633	0.00723435	0.00562696	0.00283116	-0.000944047	-0.00548835	-0.0107696	-0.0145959	-0.0170257	-0.0172135	-0.0163237	-0.0130022	-0.00926009	-0.00394855	0.000569779	0.00493918	0.00908892	0.0103089	0.0107853	0.0111613	0.0104611	0.00994511	
-0.000609247	0.000793926	0.00299793	0.00513527	0.00592151	0.00403005	0.000959036	-0.00331996	-0.00762886	-0.0126013	-0.0167621	-0.0183878	-0.0193447	-0.0176864	-0.0146647	-0.0103335	-0.00565325	-0.000484951	0.00290539	0.00723146	0.00884481	0.0093428	0.00950595	0.00874449	0.00832874	
-0.00186303	-0.000398253	0.00161456	0.00344234	0.0042224	0.00284703	-0.00133005	-0.00510763	-0.00961471	-0.0146263	-0.0178008	-0.0200695	-0.0199054	-0.0181509	-0.0148412	-0.0108191	-0.00522554	-0.000953868	0.00317482	0.0071897	0.00866009	0.0095303	0.0090799	0.00846317	0.00790772	
-0.0026909	-0.00135399	0.000816378	0.00310337	0.00376657	0.00161954	-0.00150346	-0.00605411	-0.0107819	-0.0148534	-0.0184655	-0.0194024	-0.0197753	-0.0178289	-0.0144024	-0.009693	-0.00482547	0.000355965	0.00345852	0.00777383	0.0091572	0.00922056	0.0091721	0.0082292	0.00719878	
-0.00192164	-0.000456398	0.00148492	0.00358934	0.00430169	0.00305506	-0.0015794	-0.00592627	-0.0100973	-0.0146276	-0.0171934	-0.0189899	-0.0184018	-0.0166867	-0.0129399	-0.00849785	-0.00281652	0.00124726	0.00495419	0.00896228	0.0100178	0.0108961	0.0102019	0.00949052	0.00859028	
-0.000405085	0.00105353	0.00297252	0.00497464	0.00554648	0.00397433	-0.000407031	-0.00491688	-0.00936078	-0.0128695	-0.0159575	-0.0167169	-0.016741	-0.0139	-0.0104363	-0.00525619	-0.000425858	0.00425618	0.00733184	0.0114587	0.0126031	0.0129942	0.0127394	0.011745	0.0103077	
0.000328382	0.00173814	0.00347853	0.00584422	0.00671518	0.00476628	0.000775244	-0.00381734	-0.00835806	-0.011816	-0.0140127	-0.0152786	-0.0144763	-0.0125682	-0.00831574	-0.0037191	0.00097812	0.00520488	0.00826946	0.0117593	0.0128885	0.0130951	0.0120878	0.0110662	0.00977264	
0.00113023	0.00204953	0.00342627	0.00534676	0.00582272	0.00500887	-0.000531906	-0.00509662	-0.00880102	-0.0122267	-0.0147429	-0.015413	-0.0148857	-0.0122026	-0.00850817	-0.00384291	0.00179404	0.00532249	0.00819441	0.0120516	0.0126877	0.0130348	0.0119944	0.0108546	0.00954475	
0.000725242	0.00182386	0.00309965	0.00518098	0.00549327	0.00319844	-0.00062593	-0.00555797	-0.0102721	-0.0131458	-0.0149031	-0.0161308	-0.0156241	-0.0131389	-0.00908399	-0.00360722	0.000355685	0.00508442	0.00758165	0.0107852	0.012049	0.0121627	0.0111517	0.0101038	0.00856303	
-0.000238718	0.000398507	0.00142712	0.00292426	0.00307568	0.00217118	-0.0036466	-0.00822959	-0.0123837	-0.0152755	-0.017606	-0.0181433	-0.0175666	-0.015087	-0.0108142	-0.00603046	-0.000379167	0.00256092	0.00577582	0.00915114	0.0100623	0.010438	0.009205	0.00823255	0.00710194	
-0.00151285	-0.000669822	-0.00012655	0.00156013	0.00184547	0.000120434	-0.00447987	-0.00987841	-0.0138612	-0.0167382	-0.0181937	-0.0191855	-0.0182635	-0.0157435	-0.0114855	-0.00617882	-0.00178774	0.00263539	0.00495475	0.00804773	0.0092755	0.00968604	0.00848412	0.00733981	0.00594299	
-0.00206393	-0.00143718	-0.000978712	0.000445468	0.000362613	-0.000974588	-0.00659175	-0.0111191	-0.0157334	-0.0179574	-0.0195881	-0.0200544	-0.019509	-0.0165159	-0.0121454	-0.00650132	-0.00180681	0.00171307	0.00480135	0.0075767	0.00886535	0.00949365	0.00833737	0.00737013	0.00578418	
-0.0007807	-0.000208963	-0.000185063	0.00119156	0.00128919	-0.000222567	-0.00576876	-0.0109471	-0.0144857	-0.0169162	-0.0186373	-0.0191848	-0.0178732	-0.015441	-0.0110557	-0.00590744	-0.000725354	0.00285431	0.0052132	0.00808688	0.00933833	0.00996671	0.00882988	0.00811191	0.00703768	
0.000770714	0.00136556	0.00161452	0.0031299	0.00265457	0.000863886	-0.00432965	-0.0092882	-0.0137483	-0.0158061	-0.016825	-0.0172811	-0.0164299	-0.0136002	-0.00929016	-0.00350088	0.000695654	0.00468792	0.00745389	0.00976872	0.0110178	0.0117998	0.0107206	0.0100453	0.00882866	
0.00285968	0.00341503	0.0036302	0.00462361	0.00444839	0.00306375	-0.00306153	-0.00817505	-0.0118533	-0.0136812	-0.0151696	-0.0152735	-0.0136866	-0.0107544	-0.00665804	-0.00127841	0.00371178	0.00699273	0.00934673	0.0119696	0.0129845	0.0133855	0.012157	0.0115793	0.0102313	
0.0033639	0.00481423	0.00493294	0.00609443	0.00556084	0.00357036	-0.00172388	-0.00669253	-0.0109483	-0.0127025	-0.0135647	-0.0135683	-0.0120435	-0.00936534	-0.00487104	0.000518563	0.00465114	0.00802834	0.0105027	0.012397	0.0134087	0.0140086	0.0125829	0.0117709	0.0104779	
0.00429482	0.00520915	0.00516432	0.00583983	0.00570848	0.00375702	-0.00207255	-0.0073891	-0.0109982	-0.0126576	-0.0139043	-0.0137102	-0.012058	-0.00886121	-0.00498106	0.000486162	0.00482245	0.00824925	0.0105035	0.0125198	0.0134219	0.0135733	0.012423	0.0117061	0.0102289	
0.00488715	0.00627341	0.00632399	0.00725069	0.006824	0.00469087	-0.000959565	-0.00572146	-0.00961643	-0.0114146	-0.0119793	-0.0120419	-0.0100021	-0.00720383	-0.00267583	0.00253569	0.00704978	0.00988709	0.0123782	0.0136519	0.014424	0.0146323	0.0130234	0.0118678	0.0103194	
0.00435907	0.00585289	0.00592777	0.00692048	0.00666872	0.00388116	-0.00107146	-0.00620925	-0.00996395	-0.0115446	-0.0131624	-0.0123453	-0.010733	-0.0072001	-0.00319012	0.00260874	0.00654475	0.00997899	0.0118312	0.0129392	0.0138606	0.0138658	0.0124264	0.011012	0.0090413	
0.0027565	0.00414275	0.00490427	0.00530251	0.00499091	0.00280999	-0.0022762	-0.00742532	-0.0110265	-0.0134283	-0.0140077	-0.0144419	-0.0118292	-0.00894775	-0.00452174	0.000330855	0.00497911	0.00743144	0.00993174	0.0106441	0.0115537	0.0114714	0.00990075	0.00869713	0.0071936	
0.00115265	0.00313208	0.00336736	0.00403349	0.00369741	0.00126476	-0.00333141	-0.00851833	-0.0123975	-0.013968	-0.0151787	-0.0142408	-0.0126587	-0.00918313	-0.00514507	0.000442553	0.00432196	0.0073187	0.00949351	0.00983633	0.0105313	0.0100056	0.00888669	0.00725294	0.00563094	
-0.000145473	0.00145986	0.0019935	0.00204192	0.00232518	-0.000645456	-0.00499121	-0.0104125	-0.0135705	-0.0157696	-0.0167327	-0.016681	-0.0140528	-0.0108613	-0.00666434	-0.00162832	0.0026644	0.00564348	0.00793394	0.00811577	0.00877089	0.00827203	0.00685914	0.00594635	0.00403973	
-0.00166777	7.94651e-05	0.00108323	0.00157054	0.00104081	-0.00146452	-0.00581105	-0.0107286	-0.0144241	-0.0166233	-0.0170734	-0.0170187	-0.0150578	-0.0117639	-0.00719501	-0.00241104	0.00209944	0.00447303	0.00733051	0.00716251	0.00790356	0.00724427	0.00675486	0.0049726	0.00393408	
-0.0032342	-0.00094427	-1.00062e-05	0.000168023	-2.48545e-05	-0.00352552	-0.00670795	-0.0120732	-0.0156283	-0.0174432	-0.0186562	-0.0179978	-0.0159567	-0.0124933	-0.00849368	-0.00320134	0.000535717	0.0043076	0.00629279	0.00619426	0.00726578	0.0069145	0.00631419	0.00546946	0.00399644	
-0.00259304	-0.000406414	0.00100399	0.000750735	0.000247895	-0.00231009	-0.00594539	-0.010603	-0.013564	-0.0157125	-0.0157881	-0.0159667	-0.0133041	-0.00996824	-0.00532212	-0.00107101	0.00362746	0.00584743	0.0084812	0.0081187	0.00907396	0.00885709	0.00838804	0.00729048	0.00649845	
-0.000517317	0.00190003	0.00328211	0.00316721	0.00237857	-0.000656802	-0.00301922	-0.00756473	-0.0109823	-0.0127054	-0.0133551	-0.0121672	-0.0100352	-0.00653077	-0.00221247	0.00257438	0.00614519	0.0093824	0.0113835	0.0114659	0.0129279	0.0123752	0.0126653	0.0113176	0.0106534	
0.00326842	0.00621447	0.00750877	0.00691759	0.00636335	0.00369128	0.001062	-0.00292278	-0.00592261	-0.00788498	-0.00792938	-0.00718134	-0.00438083	-0.00100885	0.00318814	0.00749638	0.011174	0.0138828	0.0162913	0.0165341	0.0175081	0.0176525	0.0172382	0.0169351	0.0159299	
0.00807664	0.0105618	0.0124232	0.0121872	0.0110692	0.00858779	0.0065637	0.0028258	7.02912e-05	-0.00148338	-0.00110508	-0.000299844	0.00191103	0.00554775	0.00993778	0.0134824	0.0171679	0.0197291	0.0215147	0.0215293	0.0222116	0.0217675	0.0223742	0.0211094	0.0207038	
0.0126758	0.0155288	0.0173047	0.0166797	0.0155132	0.0128516	0.0110115	0.00790073	0.00521319	0.00414333	0.00403917	0.0054165	0.00768338	0.0111839	0.0150001	0.0187906	0.0216592	0.0244725	0.0258101	0.0254831	0.0258066	0.0256111	0.0254621	0.0247316	0.0233243	
0.0166643	0.0193768	0.0209247	0.0202426	0.0187791	0.0164602	0.0141941	0.0113392	0.00934645	0.00802344	0.00896716	0.00984278	0.0121666	0.0153896	0.01885	0.0216836	0.0251132	0.0271001	0.0277314	0.027582	0.0272217	0.0270009	0.0266493	0.0252942	0.024364	
0.0188645	0.0206729	0.0224757	0.0215765	0.0194955	0.0168007	0.0151311	0.0124894	0.0100381	0.00931269	0.00982731	0.0117352	0.0133941	0.0161979	0.0195336	0.0222001	0.0245674	0.0265363	0.0266185	0.0260437	0.0256817	0.0249683	0.0243582	0.0229512	0.0213766	
0.0182411	0.0204081	0.0214438	0.0199691	0.0175178	0.015095	0.0129009	0.0108056	0.00879477	0.00776163	0.0085248	0.0101404	0.0122313	0.0148558	0.0176393	0.019921	0.0219308	0.0231702	0.0228871	0.0225243	0.0211363	0.0203407	0.019501	0.0179344	0.0162515	
0.0147874	0.0158589	0.0167236	0.0151557	0.0121406	0.00934457	0.00763465	0.00533189	0.00327439	0.0024042	0.00334138	0.0047805	0.00666738	0.00946711	0.012392	0.0137356	0.0153689	0.016711	0.0159328	0.0153451	0.0135914	0.0126832	0.0117124	0.0103244	0.00849804	
0.00928758	0.00997385	0.0104407	0.00830012	0.00487675	0.00217745	0.000133449	-0.00144718	-0.00372425	-0.0043808	-0.00398128	-0.00154202	0.000463979	0.00308335	0.00555217	0.00698634	0.00805115	0.00892161	0.00819605	0.00743356	0.00555323	0.00446763	0.0036491	0.00180577	-0.000414774	
0.00293233	0.00346556	0.00318217	0.000753522	-0.00311981	-0.00622175	-0.00812754	-0.00965642	-0.0115276	-0.0125916	-0.0110905	-0.00928311	-0.00678794	-0.00419444	-0.00197631	-0.00102988	0.000270904	0.00112776	-0.000262096	-0.00043339	-0.0025199	-0.00324091	-0.00431187	-0.00615284	-0.0080553	
-0.00276257	-0.00310317	-0.00366165	-0.00637344	-0.0106036	-0.0135596	-0.015741	-0.0169721	-0.0187516	-0.0189708	-0.0180117	-0.0154742	-0.0133675	-0.0106152	-0.00829712	-0.00725005	-0.00626496	-0.00575645	-0.00675084	-0.00730285	-0.00913298	-0.00984513	-0.0111328	-0.0124826	-0.0146569	
-0.00891778	-0.00908927	-0.00991451	-0.0129375	-0.0175281	-0.0206477	-0.0228028	-0.0235454	-0.0249091	-0.0254498	-0.0241123	-0.0214619	-0.0186596	-0.0159766	-0.0138173	-0.0125897	-0.0116837	-0.0111761	-0.0122314	-0.0121468	-0.0139961	-0.0149571	-0.0154807	-0.0172393	-0.0185182	
-0.0120798	-0.0127006	-0.014119	-0.0167642	-0.0211372	-0.0241472	-0.026512	-0.0274377	-0.0281179	-0.0278437	-0.0261629	-0.0238149	-0.020942	-0.0176039	-0.0153796	-0.0145141	-0.01374	-0.0132685	-0.0140503	-0.0142511	-0.0161285	-0.0165955	-0.0181665	-0.0184259	-0.0202457	
-0.0139193	-0.0146446	-0.0157115	-0.0186402	-0.023299	-0.0262264	-0.0284509	-0.0286856	-0.0291671	-0.0287786	-0.0272719	-0.0239097	-0.0207421	-0.0179331	-0.0157318	-0.0144112	-0.0136208	-0.013267	-0.0137828	-0.0140019	-0.0155241	-0.0166452	-0.0169767	-0.0181518	-0.0193923	
-0.0143422	-0.0146171	-0.0161034	-0.0187744	-0.0230137	-0.0257909	-0.0277839	-0.0280411	-0.0279557	-0.0270858	-0.0250851	-0.0220467	-0.0188093	-0.0158789	-0.0139582	-0.0126157	-0.0119152	-0.0116289	-0.0122347	-0.0124693	-0.0138632	-0.0145502	-0.0157635	-0.0161913	-0.0180878	
