-0.000450112	-0.00101594	-0.000890101	-0.00161041	-0.000523159	0.000440903	0.00227486	0.00276997	0.0040254	0.00489553	0.00436867	0.0040648	0.00258443	0.00183306	-0.000997768	-0.00285174	-0.00445525	-0.00686021	-0.00562441	-0.00362374	-0.000637618	0.00254334	0.00573834	0.00694924	0.00730733	
-0.00138248	-0.002296	-0.00188998	-0.00274493	-0.00189484	-0.000498553	0.000815615	0.00199841	0.00277888	0.00348993	0.00312608	0.00194673	0.0013318	-0.000420417	-0.00261039	-0.00481678	-0.00666608	-0.00852017	-0.00793195	-0.00509004	-0.00275583	0.000799479	0.00369708	0.00482326	0.00537647	
-0.00226106	-0.00303082	-0.00299281	-0.00376428	-0.00275798	-0.0013391	-0.000245233	0.0010555	0.00174382	0.00272497	0.00192903	0.00100079	-5.97874e-05	-0.00121783	-0.00363356	-0.00566225	-0.00721184	-0.00929089	-0.00816839	-0.00625825	-0.00342959	-0.000350088	0.00242557	0.00307124	0.00332784	
-0.00182854	-0.00242943	-0.00276938	-0.00303531	-0.00214331	-0.00140241	0.000300373	0.000851194	0.00199081	0.00262395	0.0018996	0.00101565	-0.000628918	-0.001602	-0.00408123	-0.00613728	-0.0075767	-0.0097291	-0.00863787	-0.00682307	-0.00426071	-0.00087182	0.00152312	0.00208603	0.00206531	
-0.000960577	-0.00183208	-0.00171657	-0.00258723	-0.00155374	-0.000590926	0.000735898	0.00184022	0.00231761	0.00296071	0.00292918	0.00135094	0.00047789	-0.000995073	-0.00298961	-0.00493193	-0.00669547	-0.00837367	-0.0075664	-0.00545433	-0.00355882	-0.000588366	0.00133745	0.00152183	0.00132044	
0.00133267	0.000637135	0.000297969	-0.000222331	0.000684685	0.00160217	0.00295166	0.00388777	0.00407042	0.00494673	0.00396851	0.00287002	0.00125027	9.48943e-05	-0.00239087	-0.00450652	-0.00640182	-0.00832434	-0.00726521	-0.00600173	-0.00341231	-0.00171919	0.000929436	0.000287103	0.00072355	
0.00219765	0.00117497	0.00119388	0.000824975	0.00157901	0.00257028	0.00334225	0.00500546	0.00524862	0.00567628	0.00515343	0.00339802	0.00245693	0.000923335	-0.00115667	-0.00327119	-0.00484328	-0.00664171	-0.00581632	-0.00450499	-0.00278233	3.26566e-05	0.000959388	0.0008387	0.000279512	
0.00268931	0.00219944	0.00175757	0.00133942	0.00246553	0.00242731	0.00447601	0.00518997	0.00583275	0.00629105	0.00525096	0.00411243	0.00240696	0.00131023	-0.000922435	-0.00278667	-0.00458949	-0.00600607	-0.00514196	-0.00404384	-0.0022384	0.000156964	0.00140941	0.00052875	0.00040504	
0.0037192	0.00272064	0.00253939	0.00220817	0.00284971	0.00379828	0.00480337	0.00607656	0.00628107	0.00633252	0.00565988	0.00363962	0.00218939	0.000700499	-0.00144162	-0.0033421	-0.00532238	-0.00650564	-0.00523613	-0.00399225	-0.00226222	0.000255509	0.00097818	0.000464179	0.000232941	
0.00255646	0.00206807	0.00159773	0.00154489	0.00269087	0.00272983	0.00446128	0.00555007	0.0057096	0.00600295	0.00493974	0.00342727	0.00171473	0.000224841	-0.00160241	-0.0033144	-0.00496982	-0.00611927	-0.00466635	-0.00337609	-0.00137117	0.000901222	0.00179638	0.000726051	0.000643756	
0.00233377	0.00098626	0.00129209	0.00103596	0.0019617	0.00238508	0.00359999	0.00537335	0.00487179	0.00556056	0.0044784	0.00295747	0.00122209	-0.000340117	-0.00202677	-0.00353667	-0.00491999	-0.00586903	-0.00433183	-0.00283385	-0.000781067	0.00178195	0.0025993	0.00155726	0.00130999	
0.00111649	0.000366602	0.000594019	0.000911171	0.00203193	0.00257591	0.0041083	0.00544458	0.00574363	0.00601423	0.00511119	0.00321917	0.00149328	0.000394128	-0.00147862	-0.00302842	-0.00442444	-0.00493797	-0.00332868	-0.00166367	0.000146471	0.00246151	0.00303176	0.00181384	0.00141867	
0.000813663	0.000250364	4.52644e-05	0.000624249	0.00181958	0.00197195	0.0036735	0.00506069	0.00565179	0.00582419	0.00493519	0.00298964	0.0013582	0.000396231	-0.00146551	-0.00301296	-0.0042118	-0.00470572	-0.00264064	-0.00112189	0.000721708	0.00306537	0.00310596	0.00235769	0.00196264	
0.00032344	-0.000575336	-7.3385e-05	0.000584946	0.00158725	0.00231415	0.00381632	0.00547795	0.00589609	0.0060262	0.00547133	0.00346607	0.00197098	0.000420615	-0.00108158	-0.00236307	-0.00391244	-0.00391045	-0.00242658	-0.000619864	0.00107453	0.00286852	0.00326135	0.00151628	0.00134561	
-0.000568784	-0.000583547	-0.000669761	4.30308e-05	0.00137284	0.00198312	0.0033086	0.00514209	0.00534585	0.00604961	0.00498376	0.00332373	0.00164213	0.000248238	-0.00119819	-0.00253887	-0.00354506	-0.00442846	-0.00187513	-0.000916023	0.00100775	0.00294394	0.00256297	0.00111834	0.000450545	
-0.000600907	-0.00098498	-0.00065228	0.00029218	0.00166133	0.00206401	0.00357323	0.00507534	0.00605649	0.00610557	0.00496329	0.00312577	0.00142908	2.71661e-05	-0.00176546	-0.0029562	-0.00444778	-0.00473579	-0.00290319	-0.0014911	0.000202034	0.0016739	0.00178796	-0.000232504	-0.000466805	
-0.00152454	-0.00156186	-0.00109231	0.000118376	0.00107639	0.0019182	0.0030845	0.00525603	0.00568189	0.00575915	0.00519253	0.00279938	0.00171248	-0.000172157	-0.00157786	-0.00279226	-0.00411894	-0.00433029	-0.00248911	-0.00102907	0.000309943	0.0016719	0.0012899	-0.000421325	-0.00120212	
-0.000921249	-0.000703979	-0.000790548	0.00085549	0.00164376	0.00235805	0.00383446	0.0051643	0.00603332	0.00599161	0.00504223	0.00301786	0.000799251	-0.000330166	-0.00241512	-0.00361137	-0.00484302	-0.00546562	-0.00306627	-0.00224713	-0.000256789	0.00045985	0.000878813	-0.000923075	-0.00153056	
-0.0014715	-0.00110642	-0.000949154	0.000507368	0.00188882	0.00240176	0.00355248	0.00554541	0.00637508	0.006345	0.00554705	0.00280979	0.00175701	-0.000306235	-0.00166663	-0.00315361	-0.00436213	-0.00428392	-0.00269225	-0.000968705	0.000166643	0.00132692	0.00113082	-0.000696146	-0.00151403	
-0.00173585	-0.00117984	-0.000992624	0.00102605	0.0018149	0.00270594	0.00399873	0.00629985	0.00706327	0.00702078	0.00596147	0.00404118	0.00212968	0.00073557	-0.0012912	-0.002495	-0.00348247	-0.00401504	-0.00149773	-0.000751896	0.00129692	0.00160878	0.00167322	-0.000351027	-0.00106316	
-0.00226524	-0.00132628	-0.000855076	0.000843927	0.00190621	0.00279699	0.00465269	0.00658982	0.00768717	0.00752151	0.00696403	0.00458236	0.00322346	0.00126933	-0.000184359	-0.00150402	-0.00277471	-0.00253386	-0.000853399	0.000635228	0.00187508	0.00236166	0.0020719	-0.000137749	-0.00080236	
-0.002273	-0.00104278	-0.000874934	0.00123675	0.00192963	0.00335114	0.00446452	0.0068605	0.00817837	0.00785013	0.00710102	0.00465332	0.00326816	0.00157412	-0.000197748	-0.00139412	-0.00250063	-0.00254206	-0.000373618	0.000304541	0.0018082	0.0020799	0.00134074	-0.000593695	-0.00152995	
-0.00170221	-0.000801464	-0.000725412	0.00125821	0.00222194	0.00269139	0.00424473	0.00638643	0.00769206	0.00740677	0.00604928	0.00409066	0.00243064	0.000601535	-0.000994602	-0.00217266	-0.00342656	-0.00291393	-0.00129863	-0.000318889	0.00110153	0.000810845	0.000613933	-0.00190938	-0.00255234	
-0.0019037	-0.000924974	-0.000916471	0.00105641	0.00124098	0.00247665	0.00334163	0.00562189	0.00655564	0.00596714	0.00545601	0.0027418	0.00141726	-0.000534438	-0.00179462	-0.00315948	-0.00409988	-0.0037355	-0.00184287	-0.000931357	-0.000139962	0.000155082	-0.00104908	-0.00246407	-0.00393701	
-0.00216775	-0.00129976	-0.0014128	0.000136935	0.000749239	0.00127475	0.00303142	0.00464261	0.00565735	0.00560692	0.00440031	0.00255792	0.000808087	-0.000519151	-0.00205099	-0.00307454	-0.00431944	-0.00330322	-0.00175246	-0.0010439	0.000136866	-0.000618899	-0.00090927	-0.00322065	-0.00420429	
-0.0018728	-0.00109518	-0.000881513	0.00105566	0.00112668	0.00242658	0.00337418	0.00593052	0.00672999	0.00598794	0.00543191	0.00307849	0.00218285	1.23693e-05	-0.000901162	-0.00223283	-0.00320166	-0.00221422	-0.00109362	-5.70195e-05	0.000166231	8.18346e-05	-0.00177042	-0.00331524	-0.0049656	
-0.00104994	8.08579e-05	-6.47218e-05	0.00195772	0.00208485	0.00263963	0.00462152	0.00652711	0.00765405	0.00698209	0.00625585	0.00498843	0.00295982	0.00163749	0.00024696	-0.000703967	-0.00199882	-0.00120919	0.000149031	0.000230344	0.00100436	6.87722e-05	-0.00143742	-0.00341692	-0.00482514	
-0.000741633	3.75187e-06	0.00035639	0.00170278	0.00206686	0.00300661	0.00456863	0.00696361	0.0078534	0.00771332	0.00731267	0.0055667	0.00461955	0.00272126	0.00231599	0.000958577	-0.00024181	0.00142848	0.00170902	0.0023972	0.00196674	0.0014585	-0.000853773	-0.00298986	-0.00493066	
0.00117465	0.00198287	0.00167102	0.00324815	0.00300227	0.00415446	0.00532757	0.00728581	0.00853704	0.00782848	0.00695069	0.0055487	0.00392603	0.00267404	0.00128215	1.1654e-05	-0.000910685	0.00018097	0.00112129	0.000917075	0.00114957	0.000292412	-0.00179807	-0.00330591	-0.00513722	
0.00129556	0.00211376	0.00204527	0.0029777	0.00344784	0.00364012	0.00543694	0.00723399	0.00819608	0.00766072	0.00673775	0.00549406	0.00433182	0.00253349	0.00184767	0.000621661	-0.00030138	0.00140549	0.0015919	0.00223907	0.00166459	0.000684594	-0.00170772	-0.00321755	-0.00524657	
0.00262876	0.0027048	0.00300111	0.00409125	0.00358867	0.00484713	0.00596447	0.00794911	0.00875499	0.00815181	0.00767029	0.00643372	0.00506417	0.00365496	0.00278738	0.00171109	0.000894213	0.00235804	0.00254233	0.00266933	0.00214991	0.00063249	-0.00181715	-0.00332618	-0.00583234	
0.00363464	0.00473267	0.00458264	0.00528351	0.00539881	0.00598545	0.0077497	0.00894731	0.00985008	0.00925752	0.00828174	0.00743484	0.00602015	0.00458711	0.00381278	0.00261681	0.00223774	0.00352098	0.00342272	0.00330109	0.00250492	0.0009318	-0.00207045	-0.00365125	-0.00639999	
0.00635021	0.00675056	0.00708059	0.00731366	0.00730036	0.00804016	0.00904616	0.0105252	0.0111338	0.0100085	0.00911056	0.00815626	0.00684065	0.00518035	0.00433747	0.00338418	0.00267563	0.00417286	0.0037079	0.00362807	0.00249979	0.000499196	-0.00250619	-0.00433051	-0.00699597	
0.00730164	0.00802868	0.00809763	0.00867743	0.00829499	0.00880923	0.00992566	0.0111365	0.011655	0.0106541	0.00963913	0.00895628	0.00736535	0.0058696	0.00516524	0.00400562	0.00355046	0.00477539	0.00465214	0.00414419	0.00278644	0.00050684	-0.00254064	-0.00441118	-0.00738257	
0.00658567	0.00739041	0.00795683	0.00792172	0.00766888	0.0080658	0.00921526	0.00991047	0.0105427	0.00962221	0.00867578	0.00800824	0.0067624	0.00562726	0.00491811	0.00405764	0.004249	0.00567811	0.00540241	0.0050042	0.00347128	0.00120472	-0.00189965	-0.00375181	-0.00708324	
0.00594623	0.00647859	0.00732365	0.00682311	0.00655972	0.00741649	0.00809817	0.00885998	0.00939626	0.00855515	0.00746855	0.00702363	0.00613172	0.00504787	0.00405743	0.00364663	0.0040407	0.00542893	0.00489459	0.00483832	0.00361989	0.000778484	-0.00168254	-0.00353135	-0.00642417	
0.00340848	0.00500407	0.00534622	0.00525954	0.00514943	0.00604584	0.00710978	0.00776472	0.0086069	0.00777753	0.00686972	0.00688918	0.00601578	0.00509766	0.00466899	0.0041459	0.00524021	0.0059306	0.00582978	0.00589705	0.00416263	0.00132536	-0.00170297	-0.00316886	-0.00645982	
0.00221324	0.00270876	0.0041409	0.0033671	0.00373117	0.00441476	0.00541711	0.00621765	0.00684477	0.00637766	0.00581521	0.00587287	0.00495337	0.00462292	0.0040283	0.00428809	0.00499327	0.00620684	0.00593454	0.00571876	0.00414288	0.000840946	-0.00133289	-0.0033863	-0.00635021	
-0.000303416	0.00103424	0.00188782	0.00183057	0.00166904	0.00275101	0.00372297	0.00434516	0.00518685	0.0050634	0.00451181	0.00474957	0.00443759	0.00389408	0.00398222	0.00373709	0.00543329	0.0062268	0.00598144	0.00577355	0.00368215	0.00102184	-0.00167783	-0.00334068	-0.00645164	
-0.00146996	-0.000572788	0.00128993	0.000295205	0.000868947	0.0017721	0.00284661	0.00347459	0.00443952	0.00429193	0.00347022	0.00420011	0.00368991	0.00377964	0.00315088	0.00375565	0.00512851	0.00582701	0.00583379	0.0053043	0.00364935	0.000265476	-0.00176159	-0.00367419	-0.00628348	
-0.00310251	-0.00177054	-0.000280248	-0.00113959	-0.000502974	0.0006111	0.00159595	0.00250652	0.00329097	0.00345057	0.00314377	0.00374255	0.00396584	0.00356335	0.00376138	0.00410729	0.00585145	0.00641533	0.00626224	0.00614343	0.00362803	0.00080566	-0.0015005	-0.00292293	-0.00556178	
-0.0041927	-0.0030963	-0.00148518	-0.00206012	-0.00138704	-0.000117335	0.00129427	0.00195246	0.00298151	0.00379298	0.00371665	0.00496789	0.00485552	0.00543718	0.00528439	0.00595083	0.00796432	0.00823187	0.00824842	0.00731686	0.00510502	0.0016304	-0.000278184	-0.00231744	-0.0049546	
-0.00323693	-0.00225972	0.000337518	-0.000797248	0.000495639	0.0015884	0.00286766	0.00374371	0.0045295	0.00551135	0.00536462	0.00584357	0.00622619	0.00633957	0.00595526	0.00645464	0.0081907	0.00830691	0.00769252	0.00682424	0.00422284	0.00112786	-0.00130298	-0.00309233	-0.00549158	
-0.00198497	-0.00073751	0.000845098	0.000348109	0.000873914	0.00200278	0.00303653	0.00349983	0.00462292	0.00546001	0.00503515	0.00591304	0.00609519	0.00616823	0.00595002	0.00627109	0.00822287	0.0076838	0.0070907	0.00586522	0.00329618	4.03705e-05	-0.0024937	-0.00457152	-0.00676523	
-0.000784732	-0.000491576	0.00171504	0.000402683	0.00179504	0.00238973	0.003174	0.00367008	0.00432195	0.00519227	0.00502195	0.00596394	0.00584389	0.00587087	0.0052987	0.00607694	0.00720533	0.00669769	0.00576403	0.00395396	0.00127278	-0.00238068	-0.00473109	-0.00740045	-0.00956201	
-0.000502121	0.000334445	0.00133605	0.000722105	0.00134735	0.00194072	0.00244945	0.00259442	0.00301396	0.00365612	0.0037647	0.00418742	0.00416942	0.0036563	0.00350733	0.00342715	0.00478666	0.0038235	0.0029254	0.00102285	-0.00247679	-0.00543435	-0.00832736	-0.0103209	-0.012797	
-0.00038595	-0.000418352	0.000943543	-0.000104682	0.000431991	0.000519224	0.000947655	0.000585868	0.000660281	0.00129577	0.000842478	0.00126779	0.000739852	0.000844492	-3.70665e-05	0.000429098	0.00108196	0.000443929	-0.000596934	-0.00290458	-0.0057303	-0.00976565	-0.0113823	-0.0142952	-0.0159936	
-0.0020887	-0.00174559	-0.00132056	-0.00226831	-0.00203923	-0.00197296	-0.00202886	-0.00240842	-0.00244758	-0.00191905	-0.0017368	-0.00185944	-0.00159522	-0.0020342	-0.00223252	-0.0020216	-0.000976404	-0.00213075	-0.00329823	-0.00544807	-0.00885039	-0.0116415	-0.0148044	-0.0169978	-0.0189847	
-0.00333281	-0.00356738	-0.00333607	-0.00375073	-0.00360809	-0.00358012	-0.00366924	-0.00425004	-0.00436668	-0.00386276	-0.00373199	-0.00348641	-0.00385795	-0.00394225	-0.00439919	-0.0036831	-0.00322041	-0.00411684	-0.00556606	-0.00825348	-0.0109749	-0.0146919	-0.0171587	-0.020575	-0.0218026	
-0.00427443	-0.00495048	-0.00541726	-0.00572594	-0.00577648	-0.00622583	-0.00657591	-0.00706587	-0.00748828	-0.00732466	-0.00679187	-0.0069552	-0.00700656	-0.00724089	-0.00722078	-0.00656525	-0.00610566	-0.00677815	-0.00802032	-0.0106538	-0.0136617	-0.0166028	-0.0193469	-0.0219354	-0.0227858	
