-0.0254378	-0.0254378	-0.0222912	-0.0192605	-0.0157143	-0.012406	-0.00912096	-0.00412852	0.00151372	0.00616809	0.0106597	0.0155969	0.0191753	0.0212748	0.0236353	0.0253028	0.0249944	0.0241206	0.0231219	0.0221848	0.0225281	0.0246011	0.0271826	0.0296965	0.0323137	
-0.0254378	-0.0214807	-0.0190519	-0.016801	-0.0138424	-0.0114703	-0.00885132	-0.00400186	0.00191664	0.00622164	0.0110818	0.0165694	0.0205715	0.0232073	0.0260158	0.027401	0.0271445	0.026425	0.0252878	0.0247134	0.0253269	0.0274186	0.0302407	0.0326823	0.0346168	
-0.0225798	-0.0193886	-0.0172649	-0.0160526	-0.0145361	-0.0127874	-0.0106793	-0.00694398	-0.0025755	0.00217257	0.00784764	0.0126794	0.0165277	0.0205601	0.0230676	0.0228852	0.0228159	0.0224026	0.0209194	0.0202679	0.0207018	0.022385	0.025199	0.0277389	0.0283534	
-0.0202836	-0.0178073	-0.0165159	-0.0161678	-0.0159261	-0.0163185	-0.0147985	-0.011536	-0.00815188	-0.00435049	0.00187524	0.00660487	0.0104539	0.0142229	0.0163054	0.0162272	0.0161167	0.0146194	0.0120645	0.0121175	0.0118907	0.0130469	0.0155692	0.0170572	0.0167718	
-0.0174636	-0.0154599	-0.015622	-0.0164874	-0.0179829	-0.019692	-0.0196017	-0.016625	-0.0138443	-0.0100689	-0.00485441	0.000129891	0.00314438	0.00676446	0.00907757	0.00907393	0.00757506	0.00573768	0.00281064	0.00170432	0.000811464	0.00245858	0.00371516	0.00386872	0.00266122	
-0.0147459	-0.0137069	-0.0146784	-0.0177363	-0.0204515	-0.0231929	-0.0234039	-0.0231385	-0.0195575	-0.0168935	-0.0118805	-0.00755889	-0.00374754	-0.00145533	0.00168406	0.00143823	-0.00138723	-0.00390309	-0.00701457	-0.00841315	-0.00910473	-0.00835429	-0.0083592	-0.00901677	-0.0108816	
-0.0121679	-0.0118673	-0.0132693	-0.0168999	-0.0210844	-0.0242015	-0.0257324	-0.0263693	-0.0241468	-0.0210012	-0.0164254	-0.0116492	-0.00800276	-0.00540042	-0.00249008	-0.00379161	-0.00663682	-0.00898358	-0.0122273	-0.0150189	-0.0156375	-0.0153615	-0.0158163	-0.0164778	-0.019839	
-0.00767302	-0.00752591	-0.0101811	-0.0143218	-0.0186748	-0.0244149	-0.0271706	-0.0274618	-0.0246129	-0.0229605	-0.0183904	-0.0130894	-0.00829674	-0.00629595	-0.00392139	-0.00428704	-0.00642786	-0.00996667	-0.0139985	-0.0154998	-0.0172969	-0.0180007	-0.0179209	-0.0198381	-0.0236773	
-0.00254493	-0.00212677	-0.00632109	-0.0114131	-0.0164853	-0.0215126	-0.0255577	-0.0251768	-0.0234947	-0.0207148	-0.0163975	-0.0103214	-0.00663704	-0.00292293	-0.00027686	-0.000857817	-0.00354987	-0.00615611	-0.0105779	-0.0124652	-0.0147311	-0.0142126	-0.0151041	-0.0176762	-0.0222627	
0.00172407	0.00173354	-0.00208977	-0.0081202	-0.0131698	-0.019314	-0.0226293	-0.0239704	-0.0211254	-0.0194834	-0.0137101	-0.00781598	-0.00301122	0.000610604	0.0041953	0.00397944	0.00130594	-0.00137849	-0.00605576	-0.00657426	-0.0079697	-0.00830188	-0.00924	-0.0117068	-0.0162918	
0.00598114	0.00631729	0.00326508	-0.0021603	-0.00814389	-0.014524	-0.0182517	-0.0196961	-0.016993	-0.0138165	-0.00783605	-0.00184179	0.00376236	0.00843129	0.0126606	0.0121193	0.0104179	0.00769583	0.00383334	0.00251165	0.00191814	0.00167629	0.000704707	-0.00155314	-0.00678981	
0.0107437	0.0116934	0.00813724	0.00262452	-0.00318495	-0.0101044	-0.0134776	-0.0143319	-0.0109191	-0.00780781	-0.00162689	0.00525282	0.0122931	0.0172978	0.0222541	0.0227583	0.0209423	0.0177751	0.0154966	0.0146627	0.013757	0.0129853	0.0126382	0.00955875	0.0046689	
0.0143822	0.0158034	0.0121908	0.00667076	3.5749e-05	-0.00594687	-0.00957204	-0.00913147	-0.00699337	-0.00292381	0.00405689	0.0124682	0.0189121	0.0252051	0.0312347	0.0319265	0.0299815	0.0287259	0.0259071	0.0244454	0.0237765	0.0250884	0.0235521	0.02106	0.0156496	
0.0168344	0.0187877	0.0165242	0.010824	0.00423363	-0.00312655	-0.00650766	-0.00670068	-0.00285274	0.00102111	0.00897033	0.0176663	0.0253861	0.0322929	0.038729	0.0402687	0.0387337	0.0375669	0.0339681	0.0338614	0.0335529	0.0341347	0.0331733	0.0304697	0.0246467	
0.0196261	0.0221492	0.0196907	0.0136914	0.00734161	0.000673944	-0.00286498	-0.0037568	0.000308714	0.00507119	0.0136784	0.0231529	0.0319239	0.0391168	0.0456082	0.0473902	0.0463229	0.0449887	0.0416582	0.0414449	0.0408466	0.0416469	0.0406437	0.0371408	0.0315753	
0.0219845	0.0242795	0.0203107	0.0144985	0.00814533	0.00110077	-0.00344537	-0.00338174	0.000371602	0.0053301	0.0136415	0.0242166	0.0330915	0.0410869	0.0478732	0.0496406	0.0485409	0.0465076	0.044616	0.0437029	0.0431483	0.0427259	0.0424838	0.0386513	0.0337322	
0.0224273	0.0247356	0.0209198	0.0150049	0.00726676	-0.00109507	-0.00570082	-0.00484688	-0.00159094	0.00331662	0.0124641	0.0227612	0.0315011	0.0399702	0.0471008	0.0488567	0.0481648	0.0460167	0.0424842	0.0414144	0.0405863	0.040514	0.0392109	0.0361988	0.0304908	
0.0219951	0.0244761	0.0211112	0.0140368	0.00589321	-0.0029406	-0.0073416	-0.00778299	-0.00372643	0.00115807	0.0103452	0.0201604	0.0306872	0.0389746	0.0457041	0.0468881	0.0463208	0.0433143	0.0399247	0.0385258	0.0370932	0.0359487	0.0343156	0.030861	0.0244153	
0.0212124	0.023508	0.019973	0.0119553	0.00346254	-0.00547253	-0.010081	-0.0113253	-0.00762171	-0.00281558	0.00708588	0.0182414	0.0281456	0.0356925	0.0426117	0.0451799	0.0430081	0.0401488	0.0358295	0.0337133	0.0318108	0.0312186	0.0284311	0.0242974	0.0184499	
0.0203145	0.0229725	0.0192594	0.0120027	0.00249973	-0.0066265	-0.0123498	-0.0121486	-0.00895585	-0.00284561	0.0062932	0.0179243	0.0271627	0.0359635	0.0426947	0.044577	0.0421788	0.0390035	0.033825	0.0297878	0.0282466	0.0267056	0.0236496	0.0191511	0.0131538	
0.020365	0.0232212	0.0191152	0.0113462	0.00162582	-0.00719245	-0.012664	-0.0135558	-0.0106068	-0.00362308	0.00614795	0.0174596	0.0269561	0.0359568	0.0423748	0.0443311	0.0415635	0.0377594	0.032076	0.0283902	0.0256939	0.0234142	0.0202505	0.015323	0.00947554	
0.0216605	0.0244513	0.0200715	0.0118764	0.00281764	-0.00651217	-0.0122381	-0.0140694	-0.00968711	-0.00342007	0.00645584	0.0172567	0.0286356	0.0366825	0.0433327	0.044018	0.0417356	0.0368835	0.0317603	0.0270514	0.023531	0.0212148	0.0183146	0.013006	0.0071798	
0.0230571	0.0260386	0.0218326	0.0134587	0.00331326	-0.00695073	-0.0129456	-0.0139526	-0.0103359	-0.00416321	0.00568031	0.0171592	0.0272082	0.0357769	0.0423374	0.0437439	0.0404126	0.0351164	0.0287832	0.0238415	0.0202359	0.0181588	0.0153822	0.0102634	0.00465511	
0.0240813	0.0270487	0.0230668	0.013868	0.00268889	-0.00826243	-0.0140449	-0.0159642	-0.0128567	-0.00666911	0.00337975	0.0140286	0.0245973	0.0330089	0.038727	0.0396959	0.0369582	0.0311451	0.024115	0.0188143	0.0149112	0.0124731	0.00981981	0.00613961	0.000993172	
0.0250083	0.0274179	0.022443	0.0126672	0.000822974	-0.0106082	-0.0176837	-0.0199923	-0.017586	-0.0113133	-0.00195058	0.00898521	0.019025	0.0269169	0.0327773	0.0342828	0.0307286	0.0242118	0.0178141	0.0122564	0.00854444	0.00607591	0.0036473	0.000585951	-0.00317011	
0.025696	0.0277761	0.0221935	0.0117728	-0.000267703	-0.0133189	-0.0203028	-0.0231867	-0.0201902	-0.0152691	-0.0057544	0.00460379	0.0150535	0.0228969	0.0287962	0.0296881	0.0256681	0.0197681	0.0125344	0.00660135	0.00333339	0.00144686	-0.00132405	-0.00426397	-0.00778858	
0.0241564	0.0261089	0.0201189	0.00984859	-0.00377144	-0.0156682	-0.0241252	-0.0269174	-0.0254407	-0.0183527	-0.00998101	0.00122517	0.0109056	0.0195434	0.024532	0.0259562	0.0222459	0.0166389	0.00935524	0.00348404	0.000227125	-0.00146224	-0.00320951	-0.00604502	-0.00949821	
0.0224456	0.0244011	0.0185547	0.00756657	-0.00505738	-0.017973	-0.0259074	-0.0304185	-0.0267702	-0.0207139	-0.0116002	-0.00111668	0.0101382	0.0178983	0.0239548	0.0252908	0.0216347	0.0155203	0.0088149	0.00322831	-0.00019007	-0.00165781	-0.00284311	-0.00513959	-0.00856644	
0.0212812	0.0229409	0.016671	0.00592573	-0.00765208	-0.0205705	-0.0288412	-0.032088	-0.0291144	-0.0232098	-0.0142078	-0.00268303	0.00914011	0.0174304	0.0243798	0.0250891	0.0214278	0.0151829	0.00908699	0.00387384	0.00100901	-8.34336e-06	-0.00147794	-0.00352664	-0.00641573	
0.0182625	0.0200989	0.0149725	0.00363634	-0.0101003	-0.0233388	-0.0300694	-0.0348998	-0.031634	-0.0247741	-0.0140004	-0.00299781	0.00883316	0.0178757	0.0245125	0.0259407	0.0226603	0.017118	0.0102848	0.00552918	0.00258532	0.00168989	0.000761648	-0.00103362	-0.00351556	
0.015576	0.0176308	0.0125188	0.00165202	-0.0123763	-0.0250399	-0.0326944	-0.0361726	-0.0326585	-0.0248914	-0.0147965	-0.00271064	0.00941755	0.017951	0.0245038	0.0269126	0.0243707	0.0183992	0.0116045	0.00658111	0.00345343	0.00329296	0.00257193	0.000839171	-0.00165336	
0.0138019	0.0156186	0.00970176	-0.00162723	-0.0149188	-0.0278517	-0.0346606	-0.0380527	-0.0337498	-0.0265543	-0.0159806	-0.00421591	0.00844762	0.0178858	0.0252088	0.0264469	0.0232554	0.0174819	0.0117217	0.0068246	0.00431392	0.00326258	0.00297517	0.00176421	-0.000827241	
0.0106363	0.0128176	0.00753647	-0.00309431	-0.016681	-0.028754	-0.0355121	-0.038415	-0.0343675	-0.026283	-0.0155934	-0.00307535	0.00957278	0.0191322	0.0256785	0.0274064	0.0241732	0.0189221	0.0120291	0.00787201	0.00502583	0.00450991	0.00379988	0.00327695	0.000625688	
0.00793486	0.0109756	0.00595102	-0.0039311	-0.0162693	-0.028271	-0.0360482	-0.0389349	-0.033511	-0.0246864	-0.0146403	-0.00213428	0.0104145	0.0202104	0.0269661	0.0289696	0.0257372	0.0203133	0.01367	0.00891527	0.00678762	0.0061089	0.00608108	0.0050247	0.00206347	
0.00694302	0.0101458	0.0055761	-0.00395815	-0.0163945	-0.0284344	-0.0350579	-0.037329	-0.0327338	-0.0254452	-0.0141172	-0.00109027	0.01166	0.020412	0.028201	0.0295662	0.0267229	0.0213083	0.0148654	0.0102457	0.00853057	0.00846918	0.00774657	0.00688683	0.00389965	
0.00614367	0.00999548	0.00649265	-0.00262604	-0.0149556	-0.0264172	-0.0326552	-0.0351868	-0.0306296	-0.0224609	-0.0114142	0.00106426	0.0136568	0.0234019	0.0306686	0.0317946	0.0285473	0.0235646	0.0172776	0.0134594	0.0112913	0.0106974	0.0105106	0.0099524	0.00733542	
0.00688319	0.011336	0.00797262	-0.00110999	-0.0129314	-0.0248421	-0.0315858	-0.034069	-0.0290558	-0.0214725	-0.0103483	0.00251436	0.014733	0.0232181	0.0308263	0.0329881	0.0300898	0.0248036	0.018583	0.0148975	0.0127887	0.0128308	0.0126773	0.0123763	0.00992062	
0.00882945	0.0134443	0.0102582	0.00184674	-0.00979146	-0.0217857	-0.028565	-0.0302561	-0.025715	-0.0187526	-0.00814417	0.00509102	0.0173037	0.0260429	0.0333003	0.0349372	0.0322492	0.0272073	0.0214927	0.0172835	0.0151029	0.015193	0.0163843	0.0158843	0.0133189	
0.011667	0.0162922	0.0127677	0.0040163	-0.00761072	-0.0187286	-0.0256864	-0.0283546	-0.024462	-0.0168446	-0.00635597	0.00569311	0.0178967	0.0271506	0.0341324	0.0355108	0.0334922	0.0286514	0.0224463	0.0190087	0.017234	0.0176379	0.0187452	0.0185922	0.0163163	
0.0139902	0.0189036	0.0152457	0.00681545	-0.00396235	-0.0157071	-0.0229515	-0.0252932	-0.0207584	-0.0134595	-0.00345812	0.00858001	0.0197042	0.0290193	0.0353938	0.0373243	0.0343176	0.0301095	0.0244929	0.0215037	0.0195362	0.0198135	0.0212605	0.0212072	0.0194298	
0.0161204	0.0210892	0.0177924	0.00956465	-0.00235114	-0.0136624	-0.0208797	-0.022715	-0.0196984	-0.0125492	-0.00185012	0.0100229	0.0201429	0.028366	0.0353422	0.0367885	0.034782	0.0301411	0.0247381	0.021323	0.0206372	0.0211529	0.0225403	0.0227645	0.0214422	
0.017481	0.0226136	0.0200693	0.0114943	-0.000213729	-0.0114169	-0.0181659	-0.0206842	-0.0177	-0.0113558	-0.000938921	0.01077	0.0210834	0.0293295	0.0357014	0.0371268	0.0346201	0.0306459	0.0254517	0.0222665	0.021351	0.0225777	0.0243488	0.0243786	0.0228291	
0.0183203	0.0234492	0.0210688	0.0134963	0.00309414	-0.00826232	-0.0158955	-0.0182618	-0.0144138	-0.00841137	0.00110255	0.0126098	0.0237457	0.0319343	0.0378964	0.0397604	0.0377172	0.0337208	0.0282178	0.0261097	0.0249626	0.0258839	0.0274957	0.0280919	0.0263496	
0.0195323	0.025132	0.0234046	0.0162848	0.00567634	-0.00533082	-0.011853	-0.013904	-0.0112889	-0.00504318	0.0053391	0.0163022	0.0263162	0.0351328	0.0423794	0.0432902	0.0415067	0.0378457	0.0334063	0.0295096	0.0283309	0.0285443	0.0303999	0.0303878	0.0282876	
0.0210233	0.0262132	0.023184	0.0155559	0.00590618	-0.00474558	-0.0116533	-0.0139491	-0.010553	-0.00481372	0.00509542	0.0159718	0.0265986	0.0348595	0.0420417	0.0439794	0.0421909	0.0386527	0.033343	0.0309098	0.0290632	0.0294891	0.030131	0.0302346	0.0277375	
0.0214586	0.0265156	0.0237764	0.0161452	0.00652374	-0.00413661	-0.0110082	-0.0132689	-0.00992465	-0.00409545	0.00584971	0.0172917	0.0271308	0.0353608	0.0423813	0.0440651	0.0420726	0.0390229	0.0339909	0.0299158	0.0277799	0.0275372	0.0279862	0.0271831	0.0247551	
0.0204693	0.0255456	0.0235402	0.0157129	0.00531945	-0.00562779	-0.0119885	-0.0140678	-0.0109928	-0.00578741	0.00463316	0.0158408	0.0256512	0.0329925	0.0402633	0.0422698	0.0405046	0.0363506	0.0307131	0.0265104	0.0238051	0.0232949	0.0230496	0.021631	0.0187324	
0.0181129	0.0232059	0.020264	0.0128124	0.00312018	-0.00699723	-0.0139966	-0.0157022	-0.0133198	-0.00717583	0.00204116	0.012552	0.0221062	0.0308042	0.0368729	0.0382393	0.0361634	0.0323252	0.026041	0.0212189	0.0180998	0.0173505	0.0166761	0.0148506	0.0117479	
0.0149948	0.0198857	0.017825	0.0110563	0.00211882	-0.00952319	-0.015017	-0.016879	-0.0137711	-0.00947689	0.000734289	0.0107019	0.0203842	0.0273785	0.033725	0.0350757	0.0320517	0.0272994	0.0213792	0.0169055	0.0124118	0.0105343	0.0092317	0.00735735	0.00400905	
0.0126126	0.0175571	0.015002	0.00803427	-0.0015024	-0.0109888	-0.0179285	-0.0198107	-0.0175521	-0.0112584	-0.00296197	0.00680105	0.0153106	0.0229941	0.0283588	0.0292332	0.0265652	0.0217769	0.0152637	0.00968694	0.00583983	0.00373322	0.00226324	0.000234783	-0.00356454	
