-0.0168236	-0.0168236	-0.016139	-0.0143209	-0.0121095	-0.0110753	-0.0108033	-0.0105058	-0.00927866	-0.00910929	-0.00837937	-0.0065201	-0.00370782	-0.000912997	0.00162615	0.00289975	0.00335441	0.00400841	0.00169133	-0.00180797	-0.00637959	-0.012227	-0.0192284	-0.024443	-0.0289591	
-0.0168236	-0.0176089	-0.0160249	-0.0137087	-0.0113448	-0.010635	-0.0101059	-0.00969089	-0.0084653	-0.0085639	-0.0073268	-0.00546572	-0.00312096	-0.000177873	0.00257962	0.00352939	0.00375722	0.00440361	0.00177456	-0.00234849	-0.00744584	-0.0137304	-0.0202188	-0.0252176	-0.0295868	
-0.0161103	-0.0159458	-0.0132755	-0.0112039	-0.0103192	-0.00961592	-0.00813902	-0.00680814	-0.00641046	-0.00579485	-0.00276074	0.000361303	0.00112458	0.00289442	0.00542842	0.00634008	0.00604047	0.00513944	0.00130203	-0.00339292	-0.00803334	-0.0136755	-0.0193144	-0.0239362	-0.0287507	
-0.0143898	-0.0137025	-0.0112082	-0.0106315	-0.0105396	-0.0107053	-0.00822688	-0.00689193	-0.00536252	-0.00479779	-8.7945e-05	0.00248115	0.00255279	0.00317714	0.00553251	0.00595951	0.00463025	0.0028685	-0.00193474	-0.00603481	-0.0098312	-0.0144921	-0.018902	-0.0232059	-0.0270183	
-0.0123274	-0.0114516	-0.0103381	-0.0104936	-0.0112732	-0.0114792	-0.00990806	-0.00665799	-0.00474931	-0.0035889	-0.000872352	0.00179892	0.0011825	0.00198083	0.00282488	0.00164486	3.12224e-05	-0.0019793	-0.00635923	-0.0108494	-0.0138947	-0.0177223	-0.020918	-0.0237474	-0.026671	
-0.0112226	-0.0106111	-0.00952919	-0.0105824	-0.0113787	-0.0128057	-0.00961148	-0.00614838	-0.00298605	-0.00431791	-0.00148167	0.000200999	0.00039953	-9.05075e-06	-0.000397188	-0.00259401	-0.0042084	-0.00509801	-0.0099702	-0.0142299	-0.0170899	-0.0197836	-0.0215887	-0.0240114	-0.0253202	
-0.0106958	-0.00980066	-0.00793048	-0.00808253	-0.00970619	-0.00941545	-0.00597079	-0.00137746	-0.0007888	-0.00138306	0.000657252	0.00287278	0.00056815	-0.00027715	-0.00111733	-0.0038094	-0.00582471	-0.00770145	-0.0117653	-0.0156802	-0.0172035	-0.0196449	-0.0213651	-0.023067	-0.0239001	
-0.0102875	-0.009287	-0.00661374	-0.0067992	-0.00644215	-0.00589785	-0.00135347	0.000309038	0.00143768	0.000102338	0.00376834	0.00325837	-3.65694e-05	-0.00164319	-0.00182033	-0.00521244	-0.00904576	-0.0107988	-0.0139588	-0.0153971	-0.0165092	-0.0191244	-0.0205034	-0.0214372	-0.0203899	
-0.00916133	-0.00817063	-0.00634376	-0.00543593	-0.00478106	-0.00308861	-0.00116642	0.00103862	0.000649576	0.000118538	0.00125902	0.0011477	-0.00329321	-0.00508982	-0.0068012	-0.0113328	-0.0150324	-0.0165921	-0.0179354	-0.0190437	-0.0195246	-0.0218491	-0.0215938	-0.0203799	-0.0186055	
-0.00910189	-0.00841065	-0.00590966	-0.00517776	-0.00413838	-0.00504321	-0.00229255	-0.000723998	-0.00030206	-0.00461547	-0.00339234	-0.00358251	-0.00699392	-0.0109783	-0.0139432	-0.0179582	-0.0204803	-0.020729	-0.0223652	-0.0227038	-0.0222745	-0.0222653	-0.0201457	-0.01799	-0.0156037	
-0.0084238	-0.00732384	-0.00313521	-0.000898041	-0.00205703	-0.00290353	-0.000795999	0.00251105	0.00040677	-0.00380355	-0.00360686	-0.00289893	-0.00808852	-0.0124357	-0.0153771	-0.0189793	-0.0211287	-0.0219192	-0.0233413	-0.0236269	-0.0212222	-0.019903	-0.0170704	-0.0150573	-0.012431	
-0.00676096	-0.00576911	-0.000413622	0.00117504	2.71013e-06	-0.00189287	0.000765285	0.00135395	-0.000343254	-0.00450542	-0.00326172	-0.00490327	-0.0101011	-0.0134806	-0.015458	-0.0197613	-0.0221437	-0.0218862	-0.022854	-0.0224633	-0.0198488	-0.0174152	-0.0142238	-0.0114572	-0.00885664	
-0.00436811	-0.00395639	-0.000260361	0.000617481	-0.00121304	-0.00229471	-0.00218976	-0.00265983	-0.005492	-0.00850358	-0.00886548	-0.0103513	-0.0147235	-0.016743	-0.0192255	-0.0233365	-0.0242473	-0.0226412	-0.0229158	-0.0229891	-0.0200366	-0.0170276	-0.0118749	-0.00858999	-0.00574064	
-0.00211489	-0.0016484	0.000859401	0.00065258	-0.00087926	-0.00310137	-0.00348028	-0.00473168	-0.00766358	-0.0127377	-0.013338	-0.0136926	-0.0166385	-0.0193929	-0.0210294	-0.0232329	-0.0230815	-0.0221842	-0.0225972	-0.021922	-0.0188266	-0.0149007	-0.0100128	-0.00615404	-0.00372345	
-8.94462e-05	0.000568166	0.00293551	0.00262583	-0.00037658	-0.00386624	-0.00472866	-0.00519805	-0.00937299	-0.0153817	-0.0157586	-0.0149882	-0.018442	-0.0204358	-0.0195043	-0.0195573	-0.0208026	-0.021347	-0.0211764	-0.0194131	-0.0155643	-0.012533	-0.00787025	-0.00469212	-0.00117227	
0.000797167	0.00119138	0.00366575	0.00291995	-0.00176741	-0.00637143	-0.00767925	-0.00856063	-0.0135241	-0.0187478	-0.0186012	-0.0185259	-0.0217971	-0.0218924	-0.0186772	-0.0187154	-0.0197418	-0.0198792	-0.0189069	-0.0169227	-0.0135314	-0.0102765	-0.00635108	-0.00205707	0.000463717	
0.00113094	0.00132041	0.0033365	0.00155801	-0.00345209	-0.00801487	-0.00943753	-0.0116985	-0.016254	-0.0202988	-0.019945	-0.0202632	-0.0220742	-0.020962	-0.0188846	-0.0185308	-0.0173536	-0.0156028	-0.0147199	-0.0134912	-0.0102754	-0.00796824	-0.00378999	-0.000736456	0.00136297	
0.00178116	0.00196801	0.0024295	-0.000224576	-0.00543802	-0.00873435	-0.0108721	-0.0126247	-0.0167844	-0.0195975	-0.0199703	-0.0193631	-0.0197135	-0.0191168	-0.0183342	-0.0174696	-0.0143376	-0.0121101	-0.0107233	-0.00942001	-0.00783407	-0.00677983	-0.00485123	-0.00301563	-0.00186825	
-0.000500511	-0.000582774	-0.00129563	-0.00485987	-0.00951287	-0.0131526	-0.0143909	-0.0151339	-0.0173714	-0.0204617	-0.020676	-0.0196933	-0.0192647	-0.0186745	-0.0173328	-0.0156746	-0.0125284	-0.00973738	-0.00660377	-0.00548276	-0.00505593	-0.00538851	-0.00395701	-0.00363789	-0.00179639	
-0.00379299	-0.00446184	-0.00564425	-0.00845113	-0.0133302	-0.0166183	-0.0175713	-0.0160286	-0.0179899	-0.020193	-0.020237	-0.0186004	-0.0186554	-0.0173597	-0.0150751	-0.0132279	-0.0107181	-0.0077701	-0.00482208	-0.0047968	-0.00558339	-0.00547568	-0.00441519	-0.004116	-0.00360611	
-0.00791312	-0.00907218	-0.00965597	-0.0114854	-0.0155701	-0.0186138	-0.0182711	-0.0166401	-0.0182757	-0.0196109	-0.017552	-0.0156446	-0.0153953	-0.0140889	-0.0112499	-0.00992636	-0.00749191	-0.00602503	-0.00414581	-0.00527726	-0.00590674	-0.00619706	-0.0047639	-0.00542177	-0.00601463	
-0.0129417	-0.0143953	-0.0143196	-0.0152042	-0.0185643	-0.0205269	-0.0199636	-0.0187824	-0.0205135	-0.0197627	-0.0164302	-0.0133416	-0.0125696	-0.0104565	-0.00862698	-0.00709677	-0.00557262	-0.00524117	-0.00464307	-0.00528992	-0.00633426	-0.00680232	-0.00610589	-0.00716781	-0.00858415	
-0.0187453	-0.0195116	-0.0187375	-0.0185157	-0.0206836	-0.0213353	-0.0208621	-0.0197048	-0.0202706	-0.0180257	-0.0141302	-0.0107573	-0.00814751	-0.0063748	-0.0047084	-0.00379089	-0.00193848	-0.00382558	-0.00367808	-0.00468419	-0.00536896	-0.0065481	-0.00615123	-0.00833758	-0.00839057	
-0.0225411	-0.0230681	-0.0221808	-0.0218126	-0.0224659	-0.0227225	-0.0216785	-0.0200601	-0.0189058	-0.0160932	-0.0126288	-0.00875575	-0.00592502	-0.00374385	-0.00268551	-0.000446805	0.000313965	-0.0026888	-0.00398318	-0.00496396	-0.00656379	-0.00805336	-0.00876217	-0.0103844	-0.0109457	
-0.0258255	-0.0262499	-0.0258969	-0.0247358	-0.02472	-0.0234416	-0.0219216	-0.018442	-0.016772	-0.0136708	-0.0103226	-0.00680528	-0.00400723	-0.00242058	-0.000273708	0.00105991	0.00153832	-0.0021837	-0.00257661	-0.00475179	-0.00729466	-0.0095831	-0.00894561	-0.0110872	-0.0113881	
-0.0284521	-0.0292742	-0.0288426	-0.027624	-0.0261736	-0.0247476	-0.0213444	-0.0176437	-0.0155867	-0.0130759	-0.00928293	-0.006075	-0.0041025	-0.00208076	-0.000928109	-0.000712852	-0.00111456	-0.00267808	-0.00261829	-0.00536885	-0.00902961	-0.0101361	-0.00962603	-0.0115428	-0.0127227	
-0.0293084	-0.0307818	-0.0304925	-0.028457	-0.0273423	-0.0250678	-0.0217328	-0.0172803	-0.0162915	-0.0134561	-0.00958078	-0.00675668	-0.00526105	-0.0039561	-0.00381432	-0.00519338	-0.00472507	-0.00556234	-0.00493302	-0.00773499	-0.0101602	-0.0116654	-0.0112456	-0.0142026	-0.0141013	
-0.0292906	-0.0306081	-0.0292754	-0.0271296	-0.0253313	-0.0232533	-0.018518	-0.0143104	-0.0125463	-0.00990644	-0.00588525	-0.00399883	-0.00317802	-0.0026171	-0.00362359	-0.00491387	-0.00474418	-0.00587136	-0.00539718	-0.00651739	-0.0089126	-0.0104401	-0.010216	-0.0120314	-0.0133286	
-0.0270629	-0.0279771	-0.0266167	-0.0246494	-0.0235446	-0.0203736	-0.0152214	-0.00977258	-0.00789513	-0.00518866	-0.00271578	-0.00147737	-0.00113143	-0.00131674	-0.00265349	-0.0041534	-0.00436922	-0.00657538	-0.00565591	-0.00652817	-0.00873893	-0.00996176	-0.00829391	-0.0106615	-0.0130235	
-0.0233713	-0.0243897	-0.0238291	-0.0235407	-0.0228632	-0.0199646	-0.0140271	-0.00886488	-0.00653994	-0.00566044	-0.00432693	-0.00390561	-0.00361132	-0.00454937	-0.00615437	-0.0073725	-0.00811189	-0.0105229	-0.0100047	-0.0102253	-0.0114687	-0.0116654	-0.0101032	-0.0127113	-0.014078	
-0.019345	-0.0206129	-0.0209595	-0.021279	-0.0215295	-0.0190213	-0.0145848	-0.0097564	-0.00858485	-0.00834394	-0.00790355	-0.00760922	-0.00825327	-0.00977963	-0.0107895	-0.0117859	-0.0124895	-0.0154325	-0.0148245	-0.0143777	-0.0146984	-0.0147715	-0.0139032	-0.0150454	-0.0150544	
-0.015132	-0.0157714	-0.015002	-0.0144453	-0.0138841	-0.0125941	-0.00940469	-0.00624116	-0.00551852	-0.00563753	-0.00483735	-0.00525567	-0.00764156	-0.00922557	-0.0104721	-0.0113596	-0.0132599	-0.0156989	-0.0158476	-0.0161718	-0.0168553	-0.0172721	-0.0156386	-0.0168731	-0.0163067	
-0.0113131	-0.0118897	-0.0106786	-0.00908456	-0.00876898	-0.00820256	-0.00706894	-0.00507326	-0.00592903	-0.00596947	-0.00503098	-0.00591118	-0.00882157	-0.0105988	-0.0110528	-0.0130443	-0.0139514	-0.0157569	-0.0158782	-0.0171905	-0.0182081	-0.0177443	-0.0168992	-0.0177123	-0.0170159	
-0.00816775	-0.0084397	-0.00661118	-0.00513784	-0.00462386	-0.00490734	-0.00354507	-0.00301814	-0.00458955	-0.00553487	-0.00449726	-0.00545437	-0.00861067	-0.00954733	-0.0105317	-0.0124186	-0.0137132	-0.0149338	-0.0153189	-0.0167564	-0.0177867	-0.0187305	-0.0175041	-0.0174246	-0.015486	
-0.00570851	-0.00538664	-0.00334493	-0.00175066	-0.00243611	-0.00198092	-0.00095847	-6.56222e-05	-0.0024346	-0.00362247	-0.0029537	-0.00449977	-0.00643666	-0.00745891	-0.00717034	-0.00985584	-0.0108451	-0.013339	-0.0133663	-0.0148827	-0.017009	-0.0184098	-0.016342	-0.0153993	-0.0140456	
-0.00379685	-0.00303929	-0.000233863	0.00076095	-0.000250921	-0.00058429	0.000625294	0.00119297	-0.000686381	-0.00208894	-0.00255274	-0.00348205	-0.0055165	-0.00521107	-0.00562368	-0.00678456	-0.00922326	-0.0119614	-0.013043	-0.0149915	-0.0175635	-0.0184849	-0.0164464	-0.0166346	-0.0163064	
-0.00300523	-0.00242955	0.000220121	0.00125311	-0.000797776	-0.00143127	-0.00145035	-0.000458444	-0.00272499	-0.0040843	-0.00491998	-0.00469458	-0.00607133	-0.00604944	-0.0059889	-0.00683792	-0.00892525	-0.0119519	-0.0130726	-0.0151852	-0.0170954	-0.0180275	-0.0168967	-0.0180961	-0.0171519	
-0.00152531	-0.00153326	0.000815285	0.00107355	-0.000441654	-0.00242564	-0.00181294	-0.00186244	-0.00372107	-0.00610135	-0.00547856	-0.00420174	-0.00500672	-0.00544021	-0.00554235	-0.00645295	-0.00796633	-0.0101833	-0.0110957	-0.0134163	-0.0154141	-0.0167356	-0.0169282	-0.0177422	-0.0186595	
0.000922581	0.000661857	0.00208545	0.00241526	-3.8937e-05	-0.00131672	-0.00137633	-0.000337426	-0.00310275	-0.00502137	-0.0036093	-0.00155683	-0.00173321	-0.00261656	-0.00230464	-0.00387344	-0.0033689	-0.00521534	-0.00561818	-0.00901787	-0.0106881	-0.0129645	-0.013701	-0.0158709	-0.0173057	
0.0030275	0.00273005	0.00369372	0.00276982	-0.000210817	-0.00249721	-0.00148111	-0.000430931	-0.00222389	-0.00448508	-0.00232197	-0.000881723	-0.000762791	-0.00108833	-0.00063417	-0.00111789	7.6668e-05	-0.000433066	-0.00110485	-0.00378307	-0.00571173	-0.00890797	-0.0105425	-0.0134559	-0.0140643	
0.00384969	0.0036515	0.00384498	0.00232035	-0.00257288	-0.00450915	-0.00396654	-0.00170709	-0.00458365	-0.00535757	-0.00449029	-0.00269896	-0.00359466	-0.00227529	-0.00172972	-0.00115408	0.000333944	0.00116597	0.00164581	0.00064152	-0.00188509	-0.00553714	-0.00792206	-0.0106311	-0.0119494	
0.003148	0.00337235	0.00428439	0.00174359	-0.0019354	-0.00519206	-0.00306704	-0.00335447	-0.00518714	-0.00706634	-0.00504992	-0.00415204	-0.00473621	-0.00342455	-0.00303471	-0.00212509	-0.000441406	0.00146541	0.00351532	0.00345944	0.00164537	-0.00236746	-0.00422101	-0.00806139	-0.00949012	
0.00305528	0.00301983	0.00378464	0.00245785	-0.00178626	-0.00390755	-0.00449522	-0.00499083	-0.00845501	-0.009777	-0.00802314	-0.00682787	-0.00697815	-0.00720099	-0.00571057	-0.00543951	-0.00237343	-0.00113537	0.00210427	0.00282355	0.00172725	-0.000592849	-0.00256444	-0.00541094	-0.00769812	
0.00217115	0.00215126	0.00382789	0.0031757	-2.85275e-05	-0.00289219	-0.00432412	-0.00592269	-0.00907356	-0.0112084	-0.0102238	-0.00942816	-0.0103965	-0.0103708	-0.00856075	-0.0072868	-0.00516945	-0.00447733	-0.0012266	-0.000287932	0.000576573	-0.000369996	0.000749757	-0.00207522	-0.00399251	
0.00155223	0.00169699	0.00364176	0.00355475	0.000579894	-0.00239787	-0.00440433	-0.00571075	-0.00863351	-0.0118663	-0.0117842	-0.0125053	-0.0133766	-0.0130368	-0.0100248	-0.00880333	-0.00798433	-0.00700297	-0.00487982	-0.00255945	-0.00124185	0.000652679	0.00270641	0.00114619	-0.00043752	
0.00175369	0.00264209	0.00466644	0.00428386	0.00283629	-0.000362386	-0.000910101	-0.00241171	-0.00519033	-0.00966846	-0.010371	-0.0112381	-0.0131829	-0.0126405	-0.0107242	-0.0102131	-0.00992537	-0.00876548	-0.00641592	-0.00436333	-0.00168974	0.000104527	0.00278987	0.00314518	0.0028086	
0.00235261	0.00318864	0.00468674	0.00446605	0.00319186	0.00116856	0.000816143	-0.000391482	-0.00390986	-0.00863645	-0.00904131	-0.0100068	-0.0124449	-0.0133651	-0.0124805	-0.0130898	-0.0119916	-0.00992466	-0.00758105	-0.00511408	-0.00229388	-0.000404839	0.00293263	0.00462046	0.00587319	
0.00261952	0.00354687	0.00576024	0.0066714	0.00509067	0.00424324	0.00341333	0.00353904	-0.000578225	-0.00391723	-0.00512565	-0.00547935	-0.00941767	-0.0105743	-0.0113144	-0.0125547	-0.0112986	-0.00937108	-0.00761688	-0.00557808	-0.00235225	-6.21398e-05	0.00332058	0.00547603	0.00696452	
0.00104483	0.00249962	0.00659137	0.00843862	0.00750189	0.00630188	0.00686034	0.00764606	0.00547199	0.00180464	0.00130883	-0.000119807	-0.00352958	-0.00535564	-0.00635423	-0.0079707	-0.0073104	-0.00582031	-0.00529207	-0.00317171	-3.02046e-05	0.00268552	0.00580348	0.00814182	0.0102876	
-0.0004695	0.00190146	0.0068367	0.00875867	0.00918135	0.0078766	0.0105254	0.0111834	0.0106648	0.0066297	0.00718716	0.00535888	0.00243972	-0.000258502	-0.00132661	-0.0034531	-0.00345033	-0.00294873	-0.00288214	-0.00203214	0.000633444	0.00235819	0.00580523	0.00816885	0.0110581	
