-0.013554	-0.0110345	-0.00749365	-0.00375933	0.000392189	0.00383715	0.00557839	0.00584042	0.00489948	0.00267442	-0.000368262	-0.00218674	-0.00304029	-0.0043081	-0.00415665	-0.00295977	-0.00238384	-0.00123893	-0.000817035	-0.00130539	-0.00143553	-0.00125645	-0.00195414	-0.00227441	-0.0020478	
-0.014641	-0.0118779	-0.0080387	-0.00440318	-0.000414773	0.00376855	0.00479585	0.00563412	0.00477053	0.00228001	-0.000647753	-0.00238427	-0.00352971	-0.00493118	-0.00459737	-0.00357538	-0.00335248	-0.00172406	-0.0014172	-0.00186792	-0.00180003	-0.00124732	-0.00229189	-0.0023836	-0.00216794	
-0.014472	-0.0121705	-0.00788569	-0.00453611	-0.000241858	0.0038097	0.005479	0.00639402	0.00579056	0.00352202	0.000869818	-0.00107445	-0.00204248	-0.00343359	-0.00328044	-0.00240217	-0.00171091	-0.000562397	-0.000129807	-0.000562493	-0.000288408	-0.000650261	-0.00107536	-0.00153667	-0.00184064	
-0.0144668	-0.0123693	-0.00804602	-0.00429332	-4.01416e-05	0.00424338	0.00629753	0.00686235	0.00661953	0.00425742	0.00164999	-0.00051047	-0.00143782	-0.00312064	-0.00325285	-0.00206714	-0.00163187	-0.00045261	0.000256141	-0.000282778	-0.00014103	0.000180523	-0.000711133	-0.00095987	-0.00098106	
-0.0142044	-0.0116233	-0.00754119	-0.00388338	0.000806977	0.0050808	0.0073286	0.00847701	0.0080285	0.00614886	0.00320615	0.00116207	5.67699e-05	-0.00170161	-0.00183366	-0.000738554	-0.000377008	0.00113299	0.00136944	0.00122215	0.00162344	0.00127275	0.000847132	0.000229862	0.000237231	
-0.0144575	-0.0121553	-0.00779902	-0.00424442	0.000236215	0.00520975	0.00722095	0.00845289	0.00847217	0.0059953	0.00368123	0.00114055	0.00013662	-0.00178584	-0.00192975	-0.00129127	-0.000264557	0.000924542	0.00144056	0.00159824	0.00159305	0.00160171	0.000996004	0.00089752	0.000342618	
-0.0157911	-0.0135088	-0.00947059	-0.00540211	-0.000955982	0.00395704	0.0066756	0.00782135	0.007629	0.00592369	0.00288594	0.000758178	-0.000798844	-0.00221755	-0.00334737	-0.00188134	-0.00142133	-2.26617e-05	0.000702491	0.000588383	0.00108871	0.00107759	0.0005031	0.000406458	-0.00031851	
-0.0168323	-0.0148738	-0.0103305	-0.00688127	-0.00187725	0.00306805	0.00590589	0.00716113	0.00700698	0.00516253	0.00240694	-6.42335e-05	-0.00128201	-0.00372048	-0.00377291	-0.00349939	-0.00204546	-0.00121428	-0.000189279	-2.75931e-05	0.000330887	0.000370671	0.000130692	-0.000374053	-0.000775234	
-0.0175839	-0.0152957	-0.0109973	-0.00768843	-0.00283204	0.00230983	0.00530858	0.00662422	0.00664844	0.00459672	0.00198821	-0.000546459	-0.00255138	-0.00421745	-0.00522224	-0.0041161	-0.00343558	-0.00181906	-0.00142347	-0.000610094	-0.000278318	-0.000189702	-0.000475346	-0.00080079	-0.00104888	
-0.017405	-0.0156499	-0.0112492	-0.00771244	-0.0031604	0.00223747	0.00525038	0.00680809	0.00676554	0.00482372	0.00233811	-0.000595222	-0.00228272	-0.00467467	-0.00549321	-0.00476683	-0.00379733	-0.00276127	-0.00172226	-0.00137002	-0.000739647	-0.00108353	-0.001015	-0.00123266	-0.00215859	
-0.0167834	-0.0147071	-0.010685	-0.00690943	-0.00264961	0.00269319	0.00584729	0.0073465	0.00719924	0.00536329	0.00246399	7.72152e-05	-0.00244954	-0.00440914	-0.00549561	-0.00472065	-0.00371322	-0.00224333	-0.00152406	-0.000505251	8.02267e-05	-6.5858e-05	-0.00023987	-7.50859e-05	-0.00117206	
-0.0164439	-0.014366	-0.0102485	-0.0066139	-0.00209667	0.00309479	0.00667683	0.00817668	0.00823422	0.00641453	0.00370915	0.00104625	-0.00145859	-0.00374718	-0.00493545	-0.00423751	-0.00323738	-0.0022411	-0.000996903	-9.21611e-05	3.37144e-05	0.000453488	-3.97279e-05	3.83893e-05	-0.000836601	
-0.0149436	-0.013637	-0.00879225	-0.00582163	-0.000894795	0.00424751	0.00774729	0.00958313	0.00953829	0.00761472	0.0052647	0.00232789	-0.000199119	-0.00255525	-0.00357026	-0.00335705	-0.00182006	-0.0006608	0.000406575	0.00136346	0.0025323	0.00124548	0.002335	0.0016962	0.000795236	
-0.0147541	-0.0126569	-0.00860346	-0.00470201	-0.000561155	0.00504357	0.00860536	0.0104728	0.0104857	0.00851978	0.00631082	0.00339042	0.000725418	-0.00183088	-0.00335206	-0.00243203	-0.0017885	-0.000271647	0.000662666	0.00214783	0.00206361	0.00264391	0.00220775	0.00255457	0.00149118	
-0.0139145	-0.0128677	-0.00810961	-0.0049176	-0.000282314	0.00490656	0.00906521	0.0109326	0.0107242	0.00917363	0.00706486	0.00403899	0.00135198	-0.00150553	-0.00277832	-0.00216822	-0.00100804	-0.000303656	0.00150916	0.0021265	0.00335171	0.00264861	0.00308646	0.0029073	0.00214602	
-0.0150225	-0.0133776	-0.0090023	-0.00567591	-0.00126331	0.00449961	0.008078	0.0105333	0.0105157	0.00835943	0.0069512	0.00364903	0.000681797	-0.00215747	-0.00348131	-0.00297156	-0.00240386	-0.000833401	8.88469e-05	0.00176161	0.00211274	0.0020929	0.0016196	0.00219262	0.00117301	
-0.0146787	-0.0137193	-0.00915437	-0.00582209	-0.0013558	0.00392924	0.00820953	0.0105428	0.0103899	0.00853428	0.00696396	0.00376508	0.00074386	-0.00239058	-0.00362588	-0.00342006	-0.00248048	-0.00139501	0.000165845	0.00121091	0.00217486	0.00145106	0.00194423	0.0015775	0.00108735	
-0.0136044	-0.0127687	-0.00848651	-0.00499974	-0.000788314	0.00436183	0.00903367	0.0111187	0.0112543	0.00915065	0.00808917	0.0043814	0.00172486	-0.00159771	-0.00313978	-0.00255916	-0.00219715	-0.000727916	0.000693899	0.00187843	0.00277608	0.0022482	0.00228634	0.00279928	0.00164871	
-0.012887	-0.0120747	-0.00783015	-0.00445646	-0.000130124	0.00520835	0.00969457	0.012466	0.0125113	0.0107436	0.00940903	0.00608564	0.00300534	-0.000390571	-0.00160834	-0.00159703	-0.00101727	6.58033e-05	0.0016074	0.00258717	0.00333134	0.00310546	0.00303332	0.00309984	0.00254899	
-0.0113551	-0.0107994	-0.00616134	-0.0033466	0.00136484	0.00643142	0.0109166	0.0140577	0.0142457	0.0120702	0.0115065	0.00768431	0.00480569	0.00142461	-8.66907e-05	0.000173145	0.00063991	0.00164845	0.00288704	0.00448956	0.00489085	0.00439208	0.00489969	0.00488985	0.0040847	
-0.00960633	-0.00934848	-0.00528219	-0.00163989	0.00206815	0.00761653	0.0124768	0.0153029	0.0156784	0.0137748	0.0132062	0.00943037	0.00654798	0.00305355	0.00167705	0.00187731	0.00219148	0.00302214	0.00467945	0.00576983	0.00649504	0.00615834	0.00618897	0.00635796	0.00568526	
-0.00983799	-0.0093782	-0.00557523	-0.0024427	0.00211845	0.00704712	0.0121135	0.0150444	0.0154318	0.0139512	0.0130589	0.00953817	0.00655942	0.00300274	0.00159407	0.00188931	0.00166939	0.00286093	0.00423766	0.00535307	0.00645679	0.00558392	0.00607926	0.00608418	0.00549911	
-0.0108693	-0.0107483	-0.00724404	-0.00346783	0.00033986	0.00560328	0.0106282	0.0134636	0.0143012	0.0126344	0.0122198	0.00858583	0.00555436	0.00216872	0.000830256	0.00036073	0.00118094	0.00168958	0.00335896	0.00462707	0.00511966	0.00508822	0.00483026	0.00545197	0.00437735	
-0.0123111	-0.0119785	-0.00843147	-0.00549391	-0.00102075	0.00398933	0.00897301	0.0123481	0.0127156	0.0116765	0.011054	0.00772286	0.0042624	0.00134683	-0.000477975	-0.000421846	-0.000224716	0.00105737	0.00205506	0.00352335	0.00429263	0.0036421	0.00438447	0.00396908	0.00343009	
-0.0127697	-0.012766	-0.00967614	-0.00631284	-0.00218884	0.00320122	0.00794766	0.0108954	0.011714	0.0104486	0.0102282	0.00651193	0.00343017	4.95693e-05	-0.00116703	-0.0019702	-0.000814514	-0.00020068	0.00122492	0.00287503	0.00341622	0.00316943	0.00377069	0.00371896	0.00269807	
-0.0134779	-0.0132507	-0.0110555	-0.00691181	-0.00313824	0.00178141	0.00704042	0.00999686	0.010773	0.0103729	0.00946075	0.00645538	0.0027375	0.0001302	-0.00205097	-0.00180039	-0.00166043	-0.00074213	0.000504818	0.00215884	0.00295754	0.00289654	0.00315034	0.00316243	0.00246138	
-0.01428	-0.0142881	-0.0113686	-0.00836227	-0.00398916	0.000723306	0.00561876	0.0087931	0.0096235	0.00889255	0.00864986	0.00530027	0.0018957	-0.00112163	-0.00259392	-0.0030291	-0.00222986	-0.00184275	-0.000205673	0.00144779	0.00236927	0.00213751	0.00289094	0.00273172	0.00177357	
-0.0148891	-0.0143181	-0.0127246	-0.0088376	-0.00524022	-0.000245709	0.00472271	0.00759296	0.00844379	0.00855369	0.00743212	0.00488841	0.000842572	-0.00157127	-0.00331319	-0.00400392	-0.00306779	-0.00276553	-0.00135576	0.000672604	0.00109884	0.00157338	0.00199699	0.00187743	0.00102697	
-0.0156573	-0.0155798	-0.0138447	-0.0107463	-0.00655282	-0.0021394	0.00238291	0.00533002	0.0064419	0.00628628	0.00538013	0.00244173	-0.00104016	-0.00349131	-0.00553027	-0.00575259	-0.00540505	-0.0045057	-0.00331335	-0.0014252	-0.000774197	-0.000656414	0.000281266	3.8032e-05	-0.00106115	
-0.0170838	-0.0172009	-0.0161546	-0.0124186	-0.0089192	-0.00453526	0.000100613	0.00305663	0.00430877	0.00464658	0.00326057	0.000870259	-0.00304382	-0.00543462	-0.00688691	-0.00829915	-0.00699803	-0.0067666	-0.00557317	-0.00406828	-0.00320382	-0.00343174	-0.00249697	-0.00291738	-0.00396078	
-0.0181234	-0.0179855	-0.0172794	-0.0140179	-0.010613	-0.00648659	-0.00208044	0.000625677	0.00184275	0.00225438	0.000998598	-0.00174839	-0.00570482	-0.00760583	-0.0100308	-0.0103241	-0.00996578	-0.0092912	-0.00829505	-0.00630804	-0.0061197	-0.00521593	-0.00469595	-0.00475635	-0.00589926	
-0.0184634	-0.0190044	-0.0182366	-0.015529	-0.0119741	-0.00799201	-0.00388507	-0.00118485	1.86083e-05	0.000590598	-0.000608828	-0.00338624	-0.0072389	-0.00922291	-0.0110249	-0.0123287	-0.011043	-0.0110339	-0.00982772	-0.00844298	-0.00741098	-0.00738018	-0.00632207	-0.00682945	-0.00767507	
-0.0192488	-0.0193466	-0.0195884	-0.0163667	-0.0131238	-0.00941705	-0.00520008	-0.0027059	-0.00136979	-0.000398338	-0.00201304	-0.004243	-0.00812088	-0.0101148	-0.0119303	-0.012738	-0.0123565	-0.011897	-0.0110324	-0.00936507	-0.00901618	-0.00816801	-0.00778312	-0.00812616	-0.00891546	
-0.0174807	-0.0184592	-0.0182577	-0.0154858	-0.0123041	-0.00863762	-0.00470897	-0.0021763	-0.000738917	0.000112522	-0.000939202	-0.00343412	-0.00712602	-0.00902456	-0.0106618	-0.01167	-0.0110889	-0.0106595	-0.00970756	-0.00841197	-0.00752436	-0.00695372	-0.00629203	-0.00669323	-0.00768651	
-0.0147052	-0.0153324	-0.0157814	-0.0129091	-0.00961066	-0.00625715	-0.00241414	0.000134332	0.0015727	0.00290748	0.00152783	-0.000565925	-0.00417985	-0.00606119	-0.00764488	-0.00875013	-0.00819981	-0.0076813	-0.00695808	-0.00585332	-0.00503015	-0.00437021	-0.00387365	-0.00459436	-0.00523082	
-0.011531	-0.0124299	-0.0128848	-0.010319	-0.00698913	-0.00372175	-0.000446182	0.00230206	0.00418017	0.00504674	0.00398644	0.00182668	-0.0013994	-0.00329532	-0.00488419	-0.00576	-0.00547359	-0.00504042	-0.00412538	-0.00321087	-0.00258303	-0.00150588	-0.00158032	-0.00199662	-0.00284924	
-0.00894593	-0.0102689	-0.0109957	-0.00821239	-0.00514299	-0.00232531	0.00125149	0.00412963	0.00570069	0.00724664	0.00596481	0.00397303	0.000943739	-0.00070994	-0.00226698	-0.00327316	-0.00310202	-0.00254364	-0.0020774	-0.0009578	-2.3216e-05	0.000637755	0.000670821	0.000201324	-0.000173826	
-0.00824548	-0.00935444	-0.0100888	-0.00798726	-0.00471426	-0.00180416	0.00127871	0.00399459	0.0062726	0.00750749	0.00643907	0.00482478	0.00218437	0.000138925	-0.000797236	-0.00168825	-0.00181121	-0.00120796	-0.00027313	0.00019402	0.00119448	0.00229652	0.00223075	0.0016653	0.00103206	
-0.0077095	-0.00914942	-0.010277	-0.0078203	-0.00495092	-0.00212942	0.000963435	0.00389692	0.00588674	0.00779433	0.00661336	0.00513909	0.00279803	0.00131786	9.835e-05	-0.000581145	-0.000729956	-6.75406e-05	0.000381666	0.00135422	0.00189088	0.00313716	0.00304157	0.00244973	0.00208064	
-0.00739828	-0.00890628	-0.00999057	-0.00828915	-0.00512201	-0.00253411	0.000173244	0.00313769	0.00576284	0.00704085	0.00644537	0.00521963	0.00310363	0.00161132	0.000981525	0.00015608	-0.000380261	0.000396727	0.00142157	0.00166538	0.00256018	0.00382588	0.00379514	0.00340478	0.00319751	
-0.00738865	-0.00908562	-0.0104147	-0.00864877	-0.00588237	-0.00345892	-0.000788301	0.00219486	0.00441542	0.00645102	0.00563333	0.00477856	0.00285088	0.00169998	0.00112662	0.000211974	-0.000219951	0.000576565	0.0013823	0.00171824	0.0023964	0.00375609	0.00361748	0.00305761	0.00326647	
-0.00749205	-0.00949185	-0.0109088	-0.00946031	-0.00693339	-0.00459048	-0.00228373	0.000407385	0.00301844	0.00480135	0.00456644	0.00350893	0.00202375	0.00100411	0.000168879	-0.000442633	-0.000935114	-7.58138e-05	0.000270293	0.000851684	0.0015394	0.00306303	0.00260199	0.00275565	0.00265677	
-0.0082623	-0.0102034	-0.0117312	-0.0110047	-0.00821669	-0.0062554	-0.00441194	-0.00174278	0.00113528	0.00295742	0.00233809	0.00217332	0.000785574	-0.000632155	-0.00087759	-0.00166593	-0.00226069	-0.0018315	-0.000859631	-0.000859633	0.000506675	0.0015198	0.00170464	0.00147947	0.00199984	
-0.00926216	-0.0114995	-0.0133317	-0.0122064	-0.0101059	-0.00836845	-0.00635551	-0.00358536	-0.00107286	0.000993721	0.000833534	0.000451499	-0.000463382	-0.00149786	-0.00227567	-0.00280754	-0.00364828	-0.00310351	-0.0028	-0.00195918	-0.00178642	-0.000196381	-0.000586217	-0.000554508	-0.000258564	
-0.00884012	-0.0110807	-0.0125512	-0.0125881	-0.010462	-0.00874668	-0.00709152	-0.00443807	-0.0012155	0.00022174	0.000518192	0.00054263	-0.000412781	-0.00175246	-0.00207724	-0.0032342	-0.00420827	-0.00379049	-0.00307094	-0.00376698	-0.00275372	-0.00151409	-0.00167527	-0.00191735	-0.00162321	
-0.0059661	-0.00816361	-0.00999924	-0.0101006	-0.00855482	-0.00736312	-0.00555676	-0.00309822	-0.000650136	0.00189648	0.00160401	0.0016957	0.00128188	9.46718e-05	-0.000669568	-0.00168901	-0.00264623	-0.00221241	-0.00208214	-0.00213879	-0.00181133	-0.000555271	-0.000539723	-0.0012891	-0.000517806	
-0.00462943	-0.00677827	-0.00825415	-0.00892622	-0.00770443	-0.00609382	-0.00503304	-0.00267882	0.000779079	0.001967	0.00288468	0.00260312	0.00230901	0.00126564	0.000442458	-0.000913829	-0.00210172	-0.00221555	-0.00235119	-0.00282471	-0.00257187	-0.00157055	-0.00220585	-0.00200224	-0.00249255	
-0.00221061	-0.00429685	-0.00595804	-0.0069348	-0.00573126	-0.00491816	-0.00343107	-0.00120832	0.00126716	0.00363045	0.00362477	0.00395947	0.00403363	0.00279255	0.00203479	0.000683965	-0.00064582	-0.00100109	-0.000989182	-0.00149537	-0.00106267	-0.000882278	-0.000693677	-0.00166765	-0.00102879	
-0.000690509	-0.00294507	-0.00432994	-0.0055427	-0.00515396	-0.00397641	-0.00312902	-0.000880849	0.00226344	0.00356291	0.00491594	0.00482651	0.00508762	0.00418932	0.00307862	0.00177543	0.000443427	2.78387e-05	-0.000455655	-0.000681971	-0.000630735	-6.15231e-05	-0.000607369	-0.000267283	-0.000624274	
-0.00120554	-0.00304572	-0.00419776	-0.00561593	-0.00533646	-0.00453789	-0.00362007	-0.00144383	0.0015202	0.00339726	0.00443867	0.00483059	0.00545214	0.00451166	0.00358241	0.0022234	0.000817728	-3.59923e-05	-0.000412526	-0.00101759	-0.000738234	-0.000775754	-0.00095375	-0.00132852	-0.0011266	
