0.0127641	0.0188859	0.0234703	0.0256382	0.0242515	0.0198051	0.0149546	0.009923	0.00401916	-0.00184052	-0.00737042	-0.0102893	-0.0111491	-0.00982078	-0.00678297	-0.00366005	-0.00124861	-0.000740751	-0.00250629	-0.00559504	-0.00998428	-0.0149849	-0.0179531	-0.01925	-0.0165655	
0.0128839	0.0185673	0.0232255	0.0259316	0.0247846	0.0202805	0.0149607	0.00991725	0.00411275	-0.00172244	-0.00734534	-0.0105004	-0.0107163	-0.00903338	-0.00557164	-0.00231267	0.000186512	0.00115856	-0.000151828	-0.00327358	-0.0084632	-0.0148191	-0.0197519	-0.0224034	-0.0210146	
0.011954	0.0170219	0.0217658	0.0252833	0.0253503	0.0209616	0.015576	0.0103794	0.00439843	-0.000808412	-0.00654673	-0.00991672	-0.00977859	-0.00818637	-0.00471803	-0.00165691	0.000845027	0.00188003	0.00111259	-0.00187499	-0.00746076	-0.0144067	-0.0206803	-0.0239021	-0.0238717	
0.0101209	0.0137255	0.0173566	0.0212387	0.0214619	0.0183361	0.0125984	0.0079997	0.00333711	-0.00115068	-0.00555137	-0.0083025	-0.00714734	-0.00564747	-0.00193564	0.000924443	0.00307641	0.00464838	0.00333573	7.44391e-07	-0.00646123	-0.0148487	-0.0227607	-0.0276121	-0.0280584	
0.00862479	0.0112502	0.0140761	0.0175001	0.019415	0.0164131	0.0113271	0.00682032	0.00203241	-0.00115358	-0.00511454	-0.00721333	-0.00544609	-0.00364313	-0.000223681	0.00211186	0.00412509	0.00519466	0.00469186	0.00129317	-0.00568824	-0.01464	-0.0240275	-0.0290675	-0.0314599	
0.00628092	0.00772108	0.00956523	0.0141143	0.0163032	0.0151825	0.00987001	0.00613642	0.00257688	-0.000428332	-0.0028609	-0.0045547	-0.00217679	-0.000941944	0.00202268	0.00323133	0.00419662	0.00551513	0.00373954	-4.11472e-05	-0.00731924	-0.0164861	-0.0256432	-0.0310534	-0.0323473	
0.00436981	0.00401583	0.00464856	0.00805597	0.0111319	0.00966969	0.0062327	0.00342976	2.496e-05	-0.000836882	-0.00259854	-0.00331142	0.000297242	0.0023669	0.00513124	0.00595728	0.00679885	0.00736808	0.00635169	0.00208826	-0.0061978	-0.01628	-0.0270002	-0.0325034	-0.0360165	
0.0025782	0.000499639	-0.000406904	0.00257075	0.00422388	0.00461441	0.00165625	0.000312537	-0.000883843	-0.00139472	-0.00193567	-0.00166865	0.00330992	0.00561557	0.00862697	0.00899858	0.0090016	0.00997015	0.00803455	0.00322311	-0.00577214	-0.0167994	-0.028402	-0.0354324	-0.0383964	
0.000583292	-0.00187822	-0.00315894	-0.00144772	0.00140195	0.00155627	5.63235e-05	8.49542e-05	-0.000785108	-0.000263708	-0.00091581	-0.00012695	0.00553579	0.0083326	0.0112271	0.0108858	0.0101174	0.0100968	0.00822381	0.00298471	-0.00648117	-0.0179467	-0.0300257	-0.0362655	-0.0405208	
-0.00108788	-0.00486293	-0.00785655	-0.00634359	-0.00445973	-0.00344999	-0.00456625	-0.00258555	-0.000970192	0.000145657	0.000890104	0.00258233	0.00902503	0.0128269	0.0160325	0.0152699	0.0138634	0.0128944	0.00942512	0.00288332	-0.00803782	-0.0205394	-0.033307	-0.0402366	-0.0432892	
-0.00137306	-0.0063209	-0.0104461	-0.0100585	-0.00833679	-0.00834843	-0.00814606	-0.00495796	-0.00304769	-0.000498002	0.000797388	0.00287984	0.0106933	0.0154944	0.0193589	0.0190817	0.0175874	0.0165222	0.0129347	0.00616404	-0.00560648	-0.0196927	-0.033806	-0.0417985	-0.0464894	
-0.00260851	-0.00906717	-0.0138788	-0.0134738	-0.0125988	-0.0116649	-0.010669	-0.00710387	-0.00357108	0.00016494	0.00153719	0.00418372	0.0127559	0.018372	0.0227793	0.0231183	0.0216377	0.0195751	0.0156203	0.00766266	-0.00541682	-0.0201478	-0.0354835	-0.0441331	-0.0485991	
-0.00374986	-0.0106075	-0.0154722	-0.0161592	-0.014767	-0.0135601	-0.0128438	-0.00875896	-0.00428714	-0.00022871	0.00185802	0.00522637	0.014438	0.0200837	0.0257472	0.0268283	0.02463	0.0233071	0.0182716	0.00932213	-0.00435222	-0.021042	-0.0373887	-0.0471826	-0.0524702	
-0.00363562	-0.0109004	-0.0166871	-0.0172647	-0.0152948	-0.0143494	-0.0139341	-0.00963762	-0.00501584	-0.000534828	0.00214184	0.00610775	0.0148975	0.0221945	0.028147	0.0289904	0.027986	0.0253888	0.0203189	0.0105851	-0.00462813	-0.0219502	-0.0398131	-0.0499095	-0.0556267	
-0.00396859	-0.011973	-0.0179852	-0.0178167	-0.0157961	-0.0147402	-0.0145296	-0.0108475	-0.00652758	-0.0028278	0.00104983	0.00534106	0.0149264	0.0229833	0.029586	0.0314843	0.0303318	0.0286552	0.022563	0.0124592	-0.00330267	-0.0221569	-0.0400344	-0.0519062	-0.0575701	
-0.00388602	-0.0129673	-0.0189895	-0.0183957	-0.0165391	-0.0159574	-0.0153897	-0.0128674	-0.00972945	-0.0045334	-0.00145385	0.00307197	0.0136189	0.0227136	0.0298999	0.032843	0.0338372	0.0319368	0.0268195	0.0160997	-0.00146442	-0.0209145	-0.0405939	-0.053034	-0.059811	
-0.0047323	-0.0130279	-0.0179989	-0.0179633	-0.0159595	-0.0143644	-0.014618	-0.013001	-0.00937164	-0.00579721	-0.00295705	0.00208535	0.0129416	0.0211272	0.0291234	0.0337602	0.0339981	0.0341435	0.0289636	0.0174841	0.000215873	-0.0208944	-0.0413182	-0.0553133	-0.0625969	
-0.00591935	-0.0132207	-0.0179011	-0.0176346	-0.0139422	-0.012395	-0.012761	-0.0108295	-0.00877739	-0.0057692	-0.00351266	0.00138303	0.0115729	0.0206745	0.0287564	0.0325012	0.03442	0.0342829	0.0294966	0.0181654	2.24864e-05	-0.0214303	-0.0431284	-0.0567346	-0.0647494	
-0.00476048	-0.0126591	-0.0174312	-0.0167946	-0.0141156	-0.0123957	-0.0130007	-0.0121989	-0.0099961	-0.00944171	-0.00658378	-0.00132354	0.00829965	0.0188531	0.0271019	0.032307	0.0350232	0.0357116	0.0317468	0.0207436	0.00236242	-0.0201484	-0.0423468	-0.0575661	-0.0656984	
-0.00436253	-0.011953	-0.0159012	-0.0144196	-0.0122045	-0.0107892	-0.0111653	-0.0112691	-0.0107708	-0.0101061	-0.00866581	-0.00454985	0.00529499	0.0156825	0.0240423	0.0291344	0.0330811	0.0350178	0.0321363	0.0229557	0.00487874	-0.017555	-0.0400453	-0.0563934	-0.064973	
-0.00709078	-0.0127389	-0.0154926	-0.0142419	-0.0116131	-0.00979635	-0.0102741	-0.0102164	-0.0095958	-0.00928044	-0.00824769	-0.0043604	0.00554991	0.0149417	0.0230933	0.0289434	0.0319018	0.0338773	0.0319273	0.0222905	0.00448656	-0.0178945	-0.041307	-0.0576104	-0.0664182	
-0.00873971	-0.0132693	-0.0152715	-0.0138013	-0.00979023	-0.00832714	-0.0087188	-0.0082594	-0.00827317	-0.00810571	-0.00773431	-0.00459219	0.00479584	0.0134562	0.0217429	0.0271971	0.0302463	0.0329821	0.0310481	0.0219054	0.00444876	-0.0178203	-0.0415614	-0.0581215	-0.0668767	
-0.00787729	-0.0119642	-0.0127262	-0.0103397	-0.00715701	-0.00552408	-0.00675746	-0.00722481	-0.00714424	-0.00896741	-0.00842931	-0.00598145	0.00119244	0.0105884	0.0181409	0.0238332	0.0283127	0.030789	0.0301083	0.0215168	0.00461864	-0.0170725	-0.0410361	-0.0563494	-0.0657356	
-0.00828611	-0.0116291	-0.0109496	-0.00761588	-0.00514332	-0.00324114	-0.00399006	-0.00593894	-0.00552225	-0.00764867	-0.00845062	-0.00645836	-0.000539933	0.00769413	0.0154354	0.0213855	0.0253443	0.029144	0.0278741	0.0196675	0.00439632	-0.0171994	-0.0392624	-0.0548461	-0.0634931	
-0.00961709	-0.0116076	-0.01086	-0.00752921	-0.00449806	-0.0020374	-0.00396461	-0.00451633	-0.00501127	-0.00662412	-0.00655508	-0.00612771	0.000264224	0.0078915	0.0154695	0.0215883	0.0260002	0.0290852	0.0273362	0.0191837	0.00347894	-0.0172582	-0.0394863	-0.0545036	-0.0634877	
-0.009656	-0.0111022	-0.009363	-0.00574657	-0.00147047	4.20699e-05	-0.000863256	-0.00175527	-0.00286632	-0.00351558	-0.0045078	-0.00451546	0.00123968	0.00753496	0.0149013	0.0214423	0.0256462	0.0275017	0.0263119	0.0177115	0.000898465	-0.0176077	-0.0393695	-0.054604	-0.0619051	
-0.00728613	-0.00789931	-0.00528605	-0.00155353	0.0022262	0.00498226	0.00297439	0.00186575	0.00104668	-0.00194576	-0.00255062	-0.00397824	0.000411743	0.00702166	0.0138613	0.0196916	0.0243547	0.0263365	0.02377	0.015688	-0.000198275	-0.018532	-0.0391544	-0.0524313	-0.0601323	
-0.00358763	-0.00428262	-0.00184416	0.0020673	0.00580705	0.00815645	0.0077181	0.00465838	0.00374307	0.00124347	-0.00133809	-0.00172633	0.00162173	0.00746279	0.0144068	0.0204498	0.0239472	0.0262802	0.0236863	0.0140415	-0.000621812	-0.0194644	-0.0390639	-0.0510828	-0.0588151	
-0.000343847	-0.00127138	0.000690409	0.00499892	0.00897527	0.0121303	0.0104464	0.0090086	0.00747652	0.00413968	0.00219897	0.000707352	0.00521243	0.0104128	0.0171419	0.0232451	0.0259367	0.028533	0.0245995	0.0142214	-0.000316979	-0.0195153	-0.0386157	-0.0503669	-0.0576807	
0.00535676	0.00457258	0.00669777	0.0111439	0.0148133	0.0175534	0.0164254	0.0147017	0.0111495	0.00794099	0.00532212	0.00339451	0.00771033	0.0134458	0.0201194	0.0255405	0.0295059	0.0297785	0.0276422	0.0174138	8.34473e-05	-0.0169649	-0.0372289	-0.0493095	-0.0560725	
0.0115038	0.0114857	0.0140035	0.0177306	0.0211677	0.0249783	0.0229925	0.0206363	0.0177663	0.0124105	0.0105001	0.00837235	0.0124947	0.0182534	0.0245782	0.029284	0.0326269	0.0338564	0.0296649	0.0196679	0.00242108	-0.0162398	-0.0357649	-0.0478866	-0.0545741	
0.0187032	0.0189486	0.0210219	0.0248463	0.0288666	0.0314853	0.029474	0.0259359	0.0229516	0.0188791	0.0163584	0.0146715	0.0191484	0.024784	0.0309579	0.0355601	0.0379325	0.0395173	0.0348699	0.0240701	0.00645477	-0.0141853	-0.0340073	-0.0470226	-0.0540431	
0.0256352	0.0264269	0.0289014	0.0328555	0.0372518	0.0378986	0.0359523	0.0327453	0.0289235	0.0258067	0.0225652	0.0222536	0.0271451	0.0321293	0.0382091	0.0426001	0.0442652	0.044987	0.0410288	0.0291317	0.0109749	-0.00978957	-0.0310332	-0.044712	-0.0517628	
0.0343207	0.0356793	0.038368	0.0425609	0.0454672	0.0468146	0.0434575	0.0393005	0.0353908	0.0314178	0.0289438	0.0286428	0.0333752	0.0399954	0.046128	0.0499577	0.0529179	0.0530136	0.0495897	0.0377839	0.0185436	-0.00289608	-0.0258653	-0.0398627	-0.0485895	
0.0404058	0.0418635	0.0444258	0.0488289	0.0516518	0.0530198	0.048861	0.0450068	0.0413761	0.0383792	0.037261	0.037473	0.0438319	0.0506824	0.0576433	0.0615939	0.0639233	0.0643053	0.0590924	0.0464918	0.0266006	0.00265886	-0.021834	-0.0369454	-0.0466171	
0.0440541	0.0463126	0.0497967	0.0544176	0.0575399	0.0585749	0.0545504	0.0505288	0.0485462	0.0456814	0.0450343	0.0458326	0.0538907	0.0610011	0.0676552	0.0732867	0.0738059	0.0745644	0.0687787	0.0555803	0.0350438	0.00872118	-0.015772	-0.0341718	-0.0436865	
0.0455869	0.0489362	0.0517625	0.0566351	0.0604226	0.0606375	0.0573662	0.0542803	0.0516894	0.0501277	0.0504539	0.0528542	0.0610621	0.0699783	0.0782577	0.0827911	0.0846824	0.0839968	0.0775507	0.0635324	0.0412242	0.0155559	-0.01114	-0.0304202	-0.0402466	
0.0431204	0.0458239	0.0500072	0.0550513	0.0592948	0.0599805	0.057556	0.0539893	0.0529702	0.052448	0.0529482	0.0570517	0.0651174	0.0760336	0.085057	0.0903424	0.0937398	0.091967	0.085706	0.0712946	0.0482675	0.0216388	-0.00603491	-0.0247674	-0.0363953	
0.0333865	0.0365371	0.0410568	0.0467403	0.0514991	0.0536656	0.0509984	0.050039	0.0500601	0.0509034	0.0534411	0.0579496	0.0689051	0.0804606	0.0908676	0.0967574	0.0995493	0.0986735	0.0904757	0.0752878	0.0520763	0.0250203	-0.00279363	-0.0227428	-0.0335687	
0.0196514	0.0230674	0.0275662	0.0344173	0.0397503	0.0419417	0.0417932	0.041365	0.042478	0.0450655	0.0480522	0.0545173	0.0668295	0.0788206	0.0899758	0.0979593	0.101092	0.100056	0.093018	0.0770675	0.0530695	0.0261239	-0.000917923	-0.0206567	-0.0310327	
0.0021797	0.00558575	0.010192	0.0176273	0.0232147	0.0268932	0.0269202	0.0275048	0.0305836	0.0330567	0.0381921	0.0450741	0.057909	0.0719967	0.0842057	0.0933004	0.0979999	0.0986574	0.0911565	0.0752693	0.0527835	0.0255684	-0.00151517	-0.0202476	-0.0304988	
-0.0188764	-0.0165582	-0.0116107	-0.00409233	0.00232714	0.00670985	0.00778075	0.0101671	0.0142223	0.0188379	0.0249699	0.0332374	0.0479523	0.0630861	0.07638	0.0862863	0.0911607	0.0912309	0.0844768	0.0684616	0.0451322	0.0180465	-0.00863566	-0.0258036	-0.0353118	
-0.0386821	-0.0369942	-0.0322929	-0.0251488	-0.0176755	-0.0128524	-0.0112321	-0.00708237	-0.00209766	0.00326758	0.00979823	0.0187506	0.0342372	0.0485487	0.0629807	0.0728485	0.0772619	0.0781302	0.0702684	0.0542455	0.0313494	0.00551412	-0.0195809	-0.0358687	-0.0425894	
-0.0541815	-0.0530255	-0.0498975	-0.0420991	-0.0354234	-0.0304512	-0.0279705	-0.0245907	-0.0188283	-0.0134206	-0.00630006	0.00217354	0.0162077	0.0314263	0.0446633	0.0534362	0.0588027	0.0589667	0.0520204	0.0372622	0.0147666	-0.00980005	-0.0337538	-0.0474139	-0.0527475	
-0.0653023	-0.0659326	-0.0633259	-0.0573846	-0.050315	-0.0461442	-0.0437781	-0.0394598	-0.0341055	-0.0277365	-0.0219906	-0.013343	0.000939391	0.014561	0.027686	0.035699	0.0403568	0.0400419	0.0331252	0.0193146	-0.00289485	-0.0263992	-0.0489151	-0.061228	-0.0650612	
-0.069722	-0.0716869	-0.0698463	-0.0651006	-0.0593723	-0.0549133	-0.0531612	-0.048832	-0.0433839	-0.0381437	-0.0323533	-0.0242046	-0.0108203	0.00224607	0.0140726	0.0213395	0.024942	0.0240732	0.0177555	0.00316948	-0.0191019	-0.0424173	-0.0653412	-0.0773287	-0.0810652	
-0.0683913	-0.0702447	-0.0702334	-0.0644434	-0.0598666	-0.0560348	-0.0535546	-0.0488495	-0.0438853	-0.0382046	-0.0329207	-0.0262279	-0.0137961	-0.00366208	0.00673605	0.0112737	0.012105	0.010459	0.00151069	-0.013536	-0.0362145	-0.0604978	-0.0827018	-0.0950552	-0.097498	
-0.0577389	-0.0597948	-0.059104	-0.0551809	-0.0504999	-0.0474246	-0.0456131	-0.0421512	-0.0373729	-0.0334152	-0.0297709	-0.0247699	-0.0143429	-0.00483388	0.00198305	0.00590983	0.00499568	0.000614422	-0.00800335	-0.0242147	-0.0468851	-0.0725171	-0.0955761	-0.10774	-0.112487	
-0.0439737	-0.0461425	-0.0454162	-0.0415149	-0.0374423	-0.0343289	-0.0336311	-0.0293454	-0.0256895	-0.0228105	-0.0200337	-0.0162922	-0.00773005	-0.00127008	0.00495001	0.00603941	0.00291536	-0.00194297	-0.0129723	-0.0306978	-0.0544359	-0.0806412	-0.104392	-0.117775	-0.121215	
-0.03073	-0.0323701	-0.0315339	-0.0268866	-0.0225564	-0.0201794	-0.0182761	-0.0146864	-0.0121121	-0.00874601	-0.00732813	-0.00491305	0.0025406	0.00766788	0.0125735	0.0121458	0.00792029	0.000285436	-0.0119373	-0.0298027	-0.0545416	-0.0814098	-0.105619	-0.119207	-0.125635	
