-0.0254234	-0.0246139	-0.0226596	-0.0203304	-0.019581	-0.0195682	-0.0193423	-0.0207172	-0.0229497	-0.0259182	-0.0292757	-0.0302404	-0.0295023	-0.0257855	-0.0176291	-0.00724462	0.00635844	0.0195579	0.0315888	0.0428168	0.0514653	0.0574111	0.0605248	0.0613833	0.0597615	
-0.0257014	-0.0241296	-0.0220939	-0.0197851	-0.0184336	-0.0180089	-0.0182945	-0.0201856	-0.0217046	-0.0239816	-0.0271729	-0.0286444	-0.0284275	-0.0251432	-0.0172581	-0.00729977	0.00616437	0.0193763	0.0315488	0.0430123	0.051053	0.0560206	0.0577248	0.0570164	0.0542529	
-0.0276353	-0.0256104	-0.0239314	-0.0219931	-0.0195581	-0.0195021	-0.0205609	-0.0223795	-0.022706	-0.0248695	-0.0281723	-0.030029	-0.0289572	-0.0245257	-0.0167678	-0.00678713	0.00659375	0.0202327	0.0332987	0.0451736	0.0524762	0.0565712	0.0574034	0.0548127	0.0513994	
-0.0270992	-0.0259746	-0.0235425	-0.0208534	-0.0190935	-0.0193399	-0.0211952	-0.0230506	-0.0232958	-0.0254734	-0.0292646	-0.0307773	-0.0296122	-0.0247255	-0.0161683	-0.00684861	0.00700379	0.021042	0.034276	0.046241	0.0536756	0.0568315	0.0554608	0.0520835	0.046759	
-0.0256394	-0.0227961	-0.0207139	-0.0191795	-0.0166053	-0.0170216	-0.0184273	-0.0212481	-0.0224604	-0.0257513	-0.0288951	-0.0305197	-0.0286955	-0.0237997	-0.0156768	-0.004769	0.00862899	0.0220935	0.0352203	0.0474748	0.0541168	0.0562791	0.0539048	0.0466434	0.0399623	
-0.0229808	-0.0211901	-0.0183444	-0.0168699	-0.0158388	-0.0147498	-0.0160272	-0.0195755	-0.0221575	-0.0255239	-0.0290565	-0.0301462	-0.0293554	-0.0243221	-0.0142547	-0.00335516	0.0116076	0.0255156	0.0382069	0.0499336	0.0567254	0.058051	0.0532386	0.0451695	0.0350753	
-0.0244019	-0.0211606	-0.0199211	-0.0199582	-0.0162887	-0.0146926	-0.0156751	-0.0198525	-0.0219431	-0.0261723	-0.0295532	-0.0314784	-0.0294752	-0.0233198	-0.0131178	9.08538e-05	0.0155368	0.0305632	0.0440194	0.0559963	0.0615762	0.0618407	0.0560371	0.0437364	0.0316025	
-0.0230752	-0.02233	-0.0202916	-0.0185285	-0.0160323	-0.0144296	-0.0168001	-0.0204532	-0.0224973	-0.0264761	-0.0317228	-0.0343047	-0.0330772	-0.026074	-0.0142576	-0.0012445	0.0164432	0.0324578	0.0465709	0.0587061	0.0648349	0.0643824	0.0565869	0.0443742	0.0299418	
-0.0222779	-0.0209134	-0.0194769	-0.0186522	-0.0144387	-0.01406	-0.0164147	-0.0203064	-0.021654	-0.0269782	-0.0323061	-0.0358195	-0.0341966	-0.0273989	-0.0159326	-0.000861593	0.0167078	0.0338974	0.0489761	0.0618816	0.0674	0.0659127	0.0571188	0.0421665	0.0265473	
-0.0203358	-0.020317	-0.0181938	-0.0162389	-0.0141465	-0.0130918	-0.0153526	-0.0183584	-0.0202616	-0.0243347	-0.0300401	-0.0341096	-0.0343632	-0.0280243	-0.0157109	-0.00019795	0.0200127	0.03785	0.0537984	0.066366	0.0714083	0.0689532	0.0586108	0.0423724	0.0237389	
-0.0193293	-0.0184094	-0.0172024	-0.0173223	-0.013744	-0.0126157	-0.0138248	-0.0171775	-0.0181964	-0.022449	-0.0276163	-0.0326234	-0.0332603	-0.0278369	-0.0157005	0.00156805	0.0221714	0.042645	0.0593596	0.0719687	0.0764797	0.0731174	0.0609015	0.0419113	0.0212636	
-0.0168088	-0.0166285	-0.0161582	-0.0158007	-0.0135735	-0.0113295	-0.0130777	-0.0164553	-0.018278	-0.0219076	-0.0283706	-0.0343354	-0.0359064	-0.0301846	-0.017976	-0.00060297	0.0225494	0.0434453	0.0616769	0.074939	0.0794628	0.075088	0.0619984	0.0420678	0.0209156	
-0.0143746	-0.014482	-0.0154074	-0.0165819	-0.012869	-0.0109732	-0.0128275	-0.0166396	-0.017873	-0.0224616	-0.0291108	-0.0353642	-0.0368598	-0.031752	-0.0193491	-0.00115572	0.0212362	0.0440438	0.0631001	0.077565	0.0823254	0.077003	0.0622154	0.0422032	0.0202208	
-0.0123322	-0.0127281	-0.0141552	-0.0148438	-0.0125453	-0.0105627	-0.0122324	-0.0147517	-0.016142	-0.0203478	-0.0274534	-0.034048	-0.0363476	-0.0311702	-0.0190665	-0.000965761	0.0223668	0.0442877	0.0648464	0.0796431	0.0839148	0.078107	0.0638372	0.0422499	0.018817	
-0.0115301	-0.0114363	-0.0122074	-0.0133753	-0.0112296	-0.00943809	-0.0100567	-0.0117316	-0.0128718	-0.0175848	-0.024216	-0.0305554	-0.0329321	-0.0288399	-0.0172891	8.44426e-05	0.0219215	0.0453748	0.0655597	0.0802743	0.0852598	0.0803868	0.065005	0.042801	0.0182512	
-0.0143136	-0.013468	-0.0129639	-0.0136365	-0.0122435	-0.0105658	-0.0108503	-0.0116898	-0.0126454	-0.0161523	-0.0217419	-0.0275006	-0.0296663	-0.0253495	-0.0153007	0.00146651	0.0239636	0.0468645	0.0680348	0.0831746	0.0894864	0.0848205	0.0691287	0.0452317	0.0199953	
-0.0143998	-0.0127416	-0.0117839	-0.0121382	-0.0110222	-0.00901576	-0.00922255	-0.009837	-0.0103394	-0.0131741	-0.0185348	-0.0246522	-0.0267176	-0.0232911	-0.0136743	0.00259503	0.02382	0.0467951	0.0673385	0.0835202	0.0908533	0.0863397	0.0700158	0.0470798	0.0216529	
-0.0105627	-0.00967766	-0.00890924	-0.00947569	-0.00720519	-0.0051491	-0.00573796	-0.00627713	-0.00656031	-0.00900595	-0.0142522	-0.020668	-0.0235613	-0.0203618	-0.0119117	0.0038048	0.0234414	0.0446568	0.0654737	0.0814779	0.0887889	0.0840103	0.0688872	0.0462782	0.0198905	
-0.00977801	-0.00878216	-0.00873819	-0.00795778	-0.00547217	-0.00288765	-0.00402067	-0.00433253	-0.00424183	-0.0063312	-0.011438	-0.0181155	-0.0207966	-0.0185127	-0.0101759	0.00455583	0.0228756	0.0438622	0.0644468	0.0801341	0.0870599	0.0834504	0.0691962	0.0466625	0.0199808	
-0.0117544	-0.0120921	-0.0113495	-0.0106011	-0.00691361	-0.00478725	-0.00574489	-0.00532911	-0.00522795	-0.00731932	-0.011993	-0.018104	-0.0209879	-0.0178613	-0.0100657	0.00533058	0.0236757	0.0455148	0.066243	0.0814189	0.0898461	0.0875392	0.0739774	0.0516195	0.0252744	
-0.0111521	-0.0107692	-0.00997021	-0.00742692	-0.00362818	1.26004e-05	-0.000286376	5.82164e-05	-0.000271347	-0.00327893	-0.00849547	-0.0153757	-0.0181447	-0.016327	-0.00847935	0.00628893	0.024742	0.0457526	0.0653416	0.0803032	0.089116	0.0873562	0.0738256	0.0528481	0.0271072	
-0.00877704	-0.00841228	-0.00571101	-0.0031674	0.00179437	0.00566279	0.00584045	0.00629823	0.00455758	0.00123171	-0.00408607	-0.0113927	-0.0156991	-0.0136135	-0.00736989	0.00806478	0.0259746	0.0464417	0.0653753	0.0797939	0.0882057	0.0854165	0.0725212	0.0519504	0.0265961	
-0.00792397	-0.00551968	-0.00272938	0.000131899	0.00452046	0.00936715	0.00980275	0.00909242	0.00735049	0.00313055	-0.00260794	-0.0106434	-0.015001	-0.0149905	-0.00808425	0.00670129	0.0245815	0.045186	0.0644751	0.0788522	0.0866616	0.0843568	0.0716674	0.0524952	0.0259484	
-0.00719951	-0.00433194	-0.00121121	0.000891913	0.00623328	0.0115421	0.0122283	0.0123397	0.00898861	0.00408247	-0.0025903	-0.0116882	-0.017644	-0.0165789	-0.0111768	0.00451818	0.0225398	0.0432557	0.0633886	0.077562	0.0848505	0.082474	0.0712155	0.0507501	0.0257083	
-0.0086166	-0.00453046	-0.00137344	0.00122565	0.00716079	0.0134787	0.0151655	0.0147196	0.0118582	0.00487641	-0.00342952	-0.0133929	-0.0188208	-0.0191859	-0.012	0.0033399	0.0210813	0.0432577	0.0635821	0.0773626	0.0847345	0.0826125	0.0693944	0.0502683	0.0247381	
-0.00969403	-0.00501038	-0.00114705	0.00216874	0.00845343	0.0146118	0.0161623	0.0168065	0.012487	0.00458179	-0.0050365	-0.0162297	-0.0231651	-0.02199	-0.0158923	0.000455854	0.0201225	0.0425041	0.0641548	0.078686	0.0861978	0.0836137	0.0712515	0.0505598	0.0265076	
-0.0100248	-0.00426882	0.00111511	0.00511857	0.0113875	0.0172058	0.0189436	0.018554	0.0147092	0.00526191	-0.00577598	-0.0181082	-0.0252703	-0.0256832	-0.0179789	-0.000960725	0.0190047	0.0430464	0.0642573	0.0790334	0.0869645	0.0843097	0.0707504	0.0520557	0.0274637	
-0.0110526	-0.00415941	0.00299028	0.00855729	0.015184	0.0211517	0.022275	0.0217361	0.0164191	0.00680558	-0.0045513	-0.0176181	-0.0259779	-0.0257078	-0.0186843	-0.00137707	0.0200738	0.0432796	0.0651455	0.0803534	0.0874073	0.0835588	0.0704099	0.0501167	0.0250429	
-0.0117296	-0.00307529	0.00545342	0.0111355	0.0184836	0.0238939	0.0239718	0.0218319	0.0159752	0.00552819	-0.00654636	-0.0206271	-0.0291958	-0.0301326	-0.0227526	-0.00453361	0.0165562	0.0412031	0.0640229	0.0800083	0.0877722	0.0842031	0.0707153	0.0501193	0.0239659	
-0.0121385	-0.00293788	0.00589453	0.0128851	0.0201251	0.0257232	0.0257462	0.0224178	0.0154077	0.00467444	-0.00824388	-0.0226144	-0.0317943	-0.0328779	-0.0254169	-0.00786803	0.0136088	0.0384513	0.0619891	0.0786245	0.0866773	0.08344	0.069691	0.0482745	0.0220159	
-0.0138253	-0.00414872	0.00444918	0.0113767	0.0195856	0.0258484	0.0250544	0.0211167	0.0143084	0.00288955	-0.0102085	-0.0242363	-0.0337359	-0.0347945	-0.0273229	-0.00964778	0.012606	0.0377363	0.0621289	0.0791893	0.0872113	0.0845286	0.0709985	0.048447	0.0228934	
-0.0160706	-0.00722217	0.00164203	0.00902772	0.0171274	0.0236342	0.0235056	0.019484	0.01311	0.00259824	-0.0100199	-0.023514	-0.0329884	-0.0343539	-0.0265779	-0.00909307	0.0135688	0.0398571	0.0635899	0.0807833	0.0890659	0.0864339	0.0722034	0.0500512	0.0240417	
-0.0153786	-0.00682853	0.00060392	0.00675207	0.0157163	0.0222836	0.0215476	0.0189878	0.0129197	0.00226272	-0.00931007	-0.0227392	-0.0318501	-0.033243	-0.0257425	-0.00819819	0.0147755	0.0404037	0.0644359	0.0811685	0.0897766	0.0871696	0.0735364	0.0519206	0.0252185	
-0.0169574	-0.00932969	-0.00257595	0.00334032	0.0114309	0.0175604	0.0185033	0.0164006	0.00997484	0.000815215	-0.0102865	-0.0231045	-0.0307336	-0.0309925	-0.0234113	-0.00462504	0.0175929	0.0438368	0.0674042	0.0838825	0.092933	0.0897734	0.076122	0.0542685	0.0266998	
-0.0151505	-0.00925661	-0.0043836	0.00149441	0.00859222	0.0152008	0.0162636	0.0137893	0.00805161	-0.00170391	-0.0121941	-0.023363	-0.0304755	-0.0301955	-0.0213718	-0.00384702	0.0190015	0.044604	0.0687077	0.0858963	0.0948673	0.0923385	0.0784694	0.0563857	0.0278612	
-0.0156587	-0.0101517	-0.00515004	-0.000809628	0.00509478	0.0116456	0.0129931	0.0107372	0.00520525	-0.00321934	-0.0132546	-0.0233111	-0.0297962	-0.0274512	-0.0184585	-0.000758305	0.0224112	0.0470592	0.0707813	0.0883031	0.0962612	0.0937835	0.0807045	0.0566506	0.028636	
-0.0159116	-0.0118269	-0.00773367	-0.00438034	0.00178693	0.0074196	0.00813319	0.00545089	0.000618474	-0.00746258	-0.0158892	-0.0253625	-0.0296052	-0.0271623	-0.0165503	0.00169918	0.0239763	0.0497238	0.0729239	0.089919	0.0982755	0.0957985	0.0810622	0.0580104	0.0286541	
-0.0155364	-0.0119459	-0.00829444	-0.00658768	-0.00140177	0.00351349	0.00257535	0.000621174	-0.00470579	-0.01177	-0.0201574	-0.0296564	-0.0330363	-0.028912	-0.0184785	0.00140761	0.0236911	0.0490253	0.0727157	0.0888513	0.0979857	0.095082	0.0806108	0.0577424	0.0283797	
-0.0149744	-0.0128227	-0.0106002	-0.00929828	-0.00451378	-0.000610416	-0.00225445	-0.00497385	-0.00896777	-0.0164784	-0.0246263	-0.0332108	-0.0362553	-0.0311799	-0.0198462	0.00105249	0.0233318	0.048883	0.0721872	0.0881506	0.0975207	0.0944585	0.0797685	0.0566846	0.0279574	
-0.016131	-0.0145665	-0.0149267	-0.013257	-0.010202	-0.00663229	-0.00864518	-0.0109045	-0.0151855	-0.0223825	-0.030519	-0.0377757	-0.0403368	-0.0334254	-0.0197359	0.000460318	0.0257898	0.0503561	0.0736858	0.091059	0.0993606	0.096655	0.0819471	0.0582796	0.0296193	
-0.0150933	-0.015632	-0.0160489	-0.0161655	-0.0125874	-0.0116403	-0.013689	-0.0170868	-0.0213238	-0.0280916	-0.0355093	-0.0425172	-0.0433552	-0.0359305	-0.0211711	0.00169278	0.027348	0.0532695	0.0770708	0.0945436	0.103163	0.100656	0.086227	0.0627696	0.0336061	
-0.0104172	-0.0121091	-0.0125559	-0.0123557	-0.0109974	-0.0101745	-0.0126551	-0.0176804	-0.0227047	-0.0287676	-0.0361795	-0.0431302	-0.0424023	-0.0355414	-0.019785	0.00419914	0.0293295	0.0569182	0.0798139	0.0970949	0.105755	0.102584	0.0869574	0.0640664	0.0336229	
-0.00497911	-0.00723836	-0.00610788	-0.00783644	-0.00596782	-0.00530049	-0.0112046	-0.0162863	-0.0215798	-0.0298062	-0.0371755	-0.0429682	-0.0444398	-0.0353902	-0.0194974	0.0054526	0.0323353	0.0595951	0.0833377	0.0999151	0.10829	0.104434	0.089074	0.0644576	0.0345569	
-0.00276659	-0.00234087	-0.00286019	-0.00281704	-0.001768	-0.00179041	-0.00780033	-0.0145396	-0.0219952	-0.030369	-0.0379463	-0.0447745	-0.0451005	-0.03571	-0.0196463	0.00509722	0.0338944	0.0605987	0.0848385	0.102624	0.109547	0.105578	0.0902111	0.0630503	0.033878	
0.00306167	0.00261548	0.00223276	0.00245831	0.00320988	0.00155613	-0.00485205	-0.012826	-0.0214068	-0.0312196	-0.0399842	-0.0473315	-0.0478506	-0.0395256	-0.0223762	0.00193552	0.0312482	0.0588349	0.0836012	0.100751	0.108561	0.10468	0.0877545	0.0627801	0.0327159	
0.00522871	0.00656861	0.00698296	0.00576331	0.00661528	0.00443917	-0.00147641	-0.0116789	-0.0204936	-0.0305777	-0.0413733	-0.0494182	-0.049298	-0.0423994	-0.0257622	-0.000318139	0.0276442	0.0565087	0.0810796	0.0984263	0.10591	0.101583	0.0842705	0.0597045	0.0296189	
0.00536428	0.00592286	0.00675682	0.00640298	0.00724787	0.0052463	-0.0019194	-0.0117155	-0.0214703	-0.0334064	-0.0449427	-0.0525909	-0.0546225	-0.0465297	-0.0294982	-0.00514007	0.0240781	0.0538989	0.0787136	0.0971918	0.105254	0.100966	0.0845147	0.0606022	0.0321124	
-0.000222593	0.00248801	0.00355314	0.00345918	0.00465523	0.00288425	-0.00527211	-0.0143635	-0.0248379	-0.0370976	-0.0487385	-0.0571148	-0.0581438	-0.0495263	-0.032512	-0.00767314	0.0231536	0.0532029	0.0800993	0.100706	0.108912	0.105429	0.090968	0.0665229	0.0394202	
-0.00226129	-0.00105458	0.00243949	0.00357189	0.00433808	0.00267617	-0.00385525	-0.0139837	-0.0232181	-0.0356058	-0.0474021	-0.0557338	-0.0564091	-0.0480201	-0.0307612	-0.00548848	0.0252497	0.0562667	0.084553	0.105398	0.115205	0.112194	0.098053	0.0751808	0.0479028	
-0.00333158	0.000678833	0.00326682	0.00486743	0.00676758	0.00587147	-0.000539127	-0.00962724	-0.0182992	-0.0308974	-0.0422236	-0.0499529	-0.0505031	-0.0418074	-0.0242552	0.000492241	0.0307439	0.0617087	0.0901036	0.111932	0.12211	0.119808	0.10558	0.0828904	0.0552565	
