0.0581141	0.0549403	0.0554113	0.0547223	0.0536842	0.0520933	0.0492598	0.046015	0.0417004	0.0366034	0.0326777	0.0297659	0.0265315	0.0228939	0.0192433	0.0179084	0.017874	0.018624	0.0205997	0.0230129	0.0263564	0.0283307	0.0297288	0.0302187	0.0294769	
0.0587734	0.0591358	0.0589646	0.0583665	0.0573043	0.0552481	0.0522864	0.0488615	0.0443899	0.0393829	0.0355024	0.0324347	0.0296218	0.0259231	0.0219787	0.0203315	0.0200185	0.0207268	0.022642	0.0251031	0.0287331	0.0308836	0.0319319	0.0326438	0.0319235	
0.06252	0.0631202	0.0628747	0.0626955	0.0615559	0.0597583	0.0568071	0.0529555	0.0481938	0.0432612	0.039272	0.0357699	0.0329365	0.0293156	0.024928	0.0228309	0.0221991	0.0220712	0.0241115	0.0268102	0.0308964	0.0337201	0.0344526	0.0360179	0.0356238	
0.0630124	0.0630113	0.0617677	0.0622532	0.0602869	0.0596463	0.0576213	0.0537407	0.0500633	0.0457779	0.0428509	0.040068	0.037963	0.0344717	0.0312068	0.029075	0.027817	0.0277194	0.0287821	0.0318049	0.0355118	0.0378489	0.0380094	0.0381953	0.0380766	
0.0612074	0.0615297	0.060661	0.0593765	0.0588628	0.0586575	0.0569535	0.0538625	0.0507506	0.0474755	0.0449799	0.0430867	0.0408895	0.0384629	0.0359042	0.0336012	0.0335545	0.0325864	0.0337802	0.0376055	0.0411512	0.0434565	0.0424078	0.042162	0.0412943	
0.0571564	0.0585817	0.0567806	0.0561554	0.0553096	0.0551251	0.0547265	0.0524262	0.0498366	0.0471042	0.0453802	0.0438802	0.042853	0.0399399	0.0387753	0.0373204	0.0362308	0.0363958	0.0367501	0.0405608	0.0449583	0.0469226	0.0459544	0.0453482	0.0451859	
0.0483712	0.0499502	0.0491967	0.0475659	0.0474419	0.0473761	0.0474401	0.0470446	0.0453425	0.0439183	0.0435564	0.0428165	0.0426831	0.0414989	0.0395899	0.0388277	0.0388308	0.0375821	0.0388934	0.0424763	0.0473464	0.0498806	0.0475894	0.048024	0.0471141	
0.035347	0.0370515	0.0353411	0.0359433	0.0334183	0.0343843	0.035794	0.0362298	0.0364036	0.0354697	0.0369565	0.0377448	0.039724	0.0389268	0.038595	0.0387719	0.0388627	0.0389647	0.0394625	0.0433878	0.047954	0.0504934	0.0486322	0.047853	0.0482388	
0.0194398	0.0213364	0.0209647	0.0201781	0.0186676	0.0195462	0.0212542	0.0225591	0.0235961	0.0238741	0.0255007	0.0280129	0.0312891	0.0320592	0.0320784	0.0324044	0.034819	0.034464	0.035708	0.0406632	0.0449371	0.0485056	0.0468053	0.0470224	0.0477727	
0.000666815	0.00299674	0.00143826	0.00135532	-0.000604851	-0.000186651	0.003329	0.00475045	0.0068293	0.00835858	0.0106494	0.0158462	0.0212146	0.0218405	0.023838	0.0243001	0.0259192	0.0276134	0.027994	0.0325648	0.0375684	0.0406963	0.0401422	0.0412352	0.0433046	
-0.0182847	-0.0165012	-0.0168876	-0.0189388	-0.0192159	-0.0184888	-0.0158598	-0.0132291	-0.0110636	-0.00911287	-0.00545065	0.000390792	0.00685864	0.00961061	0.01036	0.0116095	0.0138444	0.0148617	0.0167084	0.0209522	0.0266717	0.0302248	0.0299933	0.0331034	0.0359386	
-0.0338144	-0.0329196	-0.0356421	-0.0366325	-0.0390584	-0.0377575	-0.035529	-0.0329193	-0.0307358	-0.029033	-0.0234159	-0.0169615	-0.00950079	-0.00547791	-0.00379166	-0.00237583	0.000342667	0.00186673	0.00390295	0.0087479	0.013845	0.0177045	0.0179732	0.0207912	0.0251826	
-0.0453073	-0.0455514	-0.0487303	-0.050935	-0.0535467	-0.0523883	-0.0508226	-0.0486788	-0.0465629	-0.0441639	-0.0384838	-0.0325579	-0.0241974	-0.0201342	-0.0186085	-0.0171536	-0.0148194	-0.014083	-0.0118659	-0.00643333	-0.00196638	0.0025538	0.00283849	0.00588434	0.0112978	
-0.0509097	-0.0511877	-0.0558698	-0.0581297	-0.0612487	-0.0615691	-0.0591323	-0.0587544	-0.0568525	-0.0538456	-0.0496166	-0.0427232	-0.0355308	-0.0327382	-0.0300203	-0.0304027	-0.0293381	-0.0284381	-0.0275345	-0.0227595	-0.0176103	-0.0137907	-0.0141836	-0.00966633	-0.00481269	
-0.0489674	-0.0504434	-0.0547263	-0.0593488	-0.062376	-0.0638557	-0.0627241	-0.062897	-0.0613464	-0.0592465	-0.0553719	-0.0495545	-0.0432954	-0.0403836	-0.0392864	-0.0385966	-0.0390147	-0.0387303	-0.0380708	-0.0345391	-0.0289117	-0.0265333	-0.0270482	-0.0241202	-0.019197	
-0.0408091	-0.043311	-0.0483912	-0.0532836	-0.0577192	-0.0593379	-0.0597447	-0.0595118	-0.0590338	-0.0575592	-0.0535886	-0.0484683	-0.0440365	-0.0415092	-0.0412796	-0.0423473	-0.0418732	-0.0439569	-0.0445682	-0.0412605	-0.0375371	-0.0358568	-0.0375632	-0.0362964	-0.0324404	
-0.02895	-0.0313508	-0.0360476	-0.0407399	-0.0457591	-0.047489	-0.0482867	-0.0485	-0.0484951	-0.0477397	-0.0446445	-0.0412392	-0.0371395	-0.0373943	-0.0386661	-0.040053	-0.0416151	-0.0447642	-0.0465614	-0.0443175	-0.0424021	-0.0413769	-0.0441022	-0.0451875	-0.0416068	
-0.0151593	-0.0170471	-0.022078	-0.0262919	-0.0310125	-0.0329903	-0.0336858	-0.0344504	-0.0348674	-0.0350801	-0.0331356	-0.029801	-0.0272618	-0.0287661	-0.0302755	-0.0337234	-0.0352343	-0.0387804	-0.0419144	-0.0407915	-0.0396458	-0.040058	-0.0456236	-0.0459335	-0.0461837	
-0.00233382	-0.00419916	-0.0086921	-0.0126059	-0.0169471	-0.019263	-0.01896	-0.0200817	-0.0204297	-0.0216013	-0.0196335	-0.0171572	-0.0146617	-0.0159809	-0.0198639	-0.0219734	-0.0254976	-0.0286645	-0.0318859	-0.0324551	-0.031702	-0.0341927	-0.0399827	-0.0439279	-0.04465	
0.00694366	0.00517073	0.00221508	-0.00143932	-0.00459877	-0.0058714	-0.00580588	-0.00560067	-0.00667232	-0.00719849	-0.00616888	-0.00379604	-0.00164169	-0.00346939	-0.00763621	-0.0114972	-0.0142576	-0.0181641	-0.0219088	-0.0221966	-0.022638	-0.0258608	-0.0321375	-0.0370076	-0.0389374	
0.0123662	0.012116	0.00960958	0.00627123	0.004069	0.00291605	0.00400305	0.00370554	0.00258457	0.00239612	0.00208936	0.00521905	0.00758716	0.00549543	0.00257654	-0.00173501	-0.00433007	-0.00766756	-0.010548	-0.010725	-0.011622	-0.0146055	-0.0217222	-0.0271738	-0.0300045	
0.0135535	0.013356	0.0108459	0.00820565	0.00690351	0.00683976	0.00787251	0.00844435	0.0079578	0.00739962	0.00774432	0.0109616	0.0134356	0.0121739	0.0101031	0.0051763	0.00327322	0.000390946	-0.00221805	-0.00146286	-0.00230543	-0.00514565	-0.0126841	-0.0171012	-0.020921	
0.012534	0.0124624	0.00995323	0.00836111	0.00638392	0.00721863	0.00907956	0.00912671	0.00926366	0.0079293	0.00926456	0.0115399	0.0141893	0.0142426	0.011709	0.00862848	0.00638984	0.00444187	0.00308765	0.00475554	0.00471646	0.00255672	-0.00333784	-0.0089327	-0.0116076	
0.00907211	0.00941187	0.00797494	0.00522829	0.00405587	0.00531061	0.00675959	0.00775732	0.00738062	0.00657062	0.00762611	0.00940736	0.0126316	0.0122834	0.0109529	0.00877519	0.00640168	0.00566005	0.00438688	0.00728821	0.00818375	0.00669727	0.00283074	-0.00271645	-0.0042678	
0.00445319	0.00584677	0.00385028	0.000983207	6.87067e-05	0.000766596	0.00300443	0.00335516	0.0029638	0.0024185	0.00293372	0.0059684	0.00853644	0.00892987	0.00927207	0.00694522	0.00616208	0.00548367	0.00507965	0.00825599	0.0098852	0.00973751	0.00499896	0.00169997	-0.00114508	
0.00023593	0.00149425	0.00026713	-0.00258052	-0.00331021	-0.00302917	-0.000781931	7.06755e-06	-0.00137974	-0.00135117	-0.000850559	0.00214855	0.0049135	0.0051976	0.00567292	0.00369705	0.00341884	0.00261716	0.00272204	0.00654138	0.00833742	0.00924418	0.00539944	0.00215963	0.000292238	
-0.00273945	-0.000766509	-0.00196073	-0.00421615	-0.0060749	-0.00546738	-0.0035283	-0.00366399	-0.00483669	-0.00544406	-0.00466714	-0.00232176	0.000869419	0.000580771	0.0011897	-9.32178e-05	-0.000549231	-0.000381865	-0.000187971	0.00414606	0.00650471	0.0077422	0.00445079	0.0015604	0.000395824	
-0.00567588	-0.00350108	-0.00444274	-0.00734962	-0.00815596	-0.00841884	-0.00687238	-0.00680795	-0.00837316	-0.00866284	-0.0080705	-0.0047988	-0.0019446	-0.00216312	-0.00102722	-0.00293119	-0.00303452	-0.00280016	-0.00284014	0.00178211	0.00393093	0.00512108	0.00242273	-0.00109182	-0.00180226	
-0.00636389	-0.00464266	-0.00555202	-0.00672394	-0.00881698	-0.00903957	-0.00760747	-0.00882139	-0.00955282	-0.0106921	-0.00938499	-0.00652107	-0.00393004	-0.00392594	-0.0036335	-0.00552728	-0.00602366	-0.00568009	-0.00582138	-0.00146095	0.000830306	0.00210995	-0.000583179	-0.00348222	-0.00441756	
-0.00540776	-0.00368578	-0.00424473	-0.00576371	-0.00751535	-0.00735384	-0.00689034	-0.00790576	-0.00960579	-0.0101562	-0.00928729	-0.00671057	-0.00421532	-0.00480592	-0.00474608	-0.00785628	-0.00813343	-0.00848255	-0.00893583	-0.00470285	-0.00353218	-0.00191609	-0.00432688	-0.00714676	-0.00775843	
-0.00272392	-0.000609317	-0.00128011	-0.00296675	-0.00414534	-0.00447778	-0.00488959	-0.00636281	-0.00772017	-0.00892896	-0.0075841	-0.00611701	-0.00297562	-0.0041453	-0.0052347	-0.00777773	-0.0099632	-0.0097753	-0.0107404	-0.00724285	-0.00586903	-0.00488854	-0.00711907	-0.0104548	-0.0109071	
0.000478683	0.00290332	0.00215181	0.000855159	6.57886e-05	-0.00134929	-0.0015397	-0.00268055	-0.00421089	-0.00464871	-0.00431415	-0.00215062	-0.000745705	-0.00178566	-0.00279944	-0.00759084	-0.00870011	-0.0100567	-0.0115239	-0.00851892	-0.0076875	-0.00639989	-0.00942276	-0.011427	-0.013276	
0.00181193	0.00401558	0.0043102	0.00297588	0.00132248	0.000250127	0.000505355	-5.70177e-05	-0.000974296	-0.000511332	-0.000105303	0.00172648	0.00432669	0.00256854	0.000820528	-0.00322645	-0.00599855	-0.00799511	-0.0095766	-0.0078523	-0.00749502	-0.00649941	-0.00992019	-0.0130397	-0.0147275	
0.00163543	0.0056584	0.00528278	0.00449121	0.00316268	0.00232881	0.00279687	0.00285456	0.00220844	0.0027093	0.00355717	0.00530637	0.00742719	0.00527622	0.00368632	-0.0014577	-0.00407547	-0.00610278	-0.00825831	-0.00615293	-0.00566201	-0.00483509	-0.00852143	-0.0115119	-0.0143475	
-0.000549161	0.00308952	0.00364667	0.00263586	0.00136665	0.000984302	0.00243774	0.00311099	0.00400661	0.00468522	0.00616787	0.00786539	0.00941453	0.00810051	0.00564504	0.000851398	-0.00268419	-0.00533037	-0.00756929	-0.00598639	-0.00536861	-0.00470398	-0.00743986	-0.0111591	-0.0129111	
-0.00287207	0.000166137	-0.000192775	-0.000493689	-0.00234679	-0.00223324	-1.90875e-05	0.000306405	0.0018233	0.00314265	0.004372	0.00640749	0.00807482	0.00717057	0.00525014	0.000334385	-0.00301529	-0.00519961	-0.00705966	-0.00497002	-0.00355977	-0.00315926	-0.00578952	-0.0087983	-0.0107346	
-0.00435744	-0.00192509	-0.00230378	-0.0038062	-0.00548452	-0.00486406	-0.00415901	-0.00273371	-0.00145791	-0.00049099	0.00125009	0.00344753	0.00585582	0.00431201	0.00279657	-0.00183035	-0.0048725	-0.00696521	-0.00800016	-0.00520875	-0.00402722	-0.00272484	-0.00572759	-0.0079768	-0.0090526	
-0.00555664	-0.00317698	-0.00412125	-0.00534914	-0.00650608	-0.00646789	-0.00442987	-0.00341289	-0.00220244	-0.00152973	0.000928842	0.00286208	0.00449564	0.00320122	-3.20832e-05	-0.00438668	-0.00808102	-0.010511	-0.0119521	-0.00936906	-0.00748872	-0.00658167	-0.00840796	-0.0100022	-0.00946006	
-0.00242102	-0.00121943	-0.00214	-0.00401999	-0.00632644	-0.00613459	-0.00498949	-0.00444578	-0.00369498	-0.00299103	-0.00137641	0.00118847	0.00279377	0.000862407	-0.00163563	-0.00652329	-0.00983547	-0.0118991	-0.0133776	-0.0108881	-0.00873742	-0.00798023	-0.0107479	-0.0114271	-0.0113706	
-0.000151527	0.00197634	0.00122129	-0.00128554	-0.00275468	-0.0036733	-0.00283294	-0.00217169	-0.00320222	-0.00176299	-0.000362612	0.00146292	0.00321983	0.00113202	-0.0023704	-0.00731376	-0.0101613	-0.0132669	-0.0142386	-0.0121556	-0.0105125	-0.00892627	-0.0118356	-0.0120293	-0.0114445	
0.0013291	0.00353977	0.0023451	0.000553693	-0.00213303	-0.00281902	-0.00234579	-0.00206722	-0.00183001	-0.0016522	0.000878224	0.00321037	0.00554357	0.00357507	0.000225803	-0.00377351	-0.00723578	-0.00950023	-0.0116348	-0.0101083	-0.00855524	-0.00819184	-0.0110538	-0.0124011	-0.0118901	
0.00140675	0.00341107	0.00286747	0.000437672	-0.00182774	-0.00277715	-0.00211993	-0.00221056	-0.00227959	-0.00107099	0.000701838	0.00430594	0.00672031	0.00584966	0.00302854	-0.000809005	-0.00293131	-0.00599769	-0.00825724	-0.00704333	-0.00545661	-0.00573915	-0.0087793	-0.01041	-0.0109851	
0.00166111	0.00388932	0.00298923	0.00143952	-0.00127545	-0.00255448	-0.00239933	-0.00267941	-0.00276847	-0.00207086	-0.000283815	0.00286317	0.00650907	0.00519487	0.00344225	0.000668948	-0.00222772	-0.00477361	-0.00707401	-0.00607475	-0.0044392	-0.00394961	-0.00693903	-0.00849199	-0.00818369	
0.00211702	0.00427242	0.00297793	0.00100725	-0.0019069	-0.00341968	-0.00421809	-0.00487931	-0.00477002	-0.00478842	-0.00275328	0.000167044	0.00317588	0.00326098	0.00186425	-0.00129137	-0.00240042	-0.00533787	-0.0079661	-0.00581311	-0.00433698	-0.00343558	-0.00600045	-0.00675166	-0.00639943	
0.00409633	0.00486204	0.0038228	0.00129138	-0.0025503	-0.00509131	-0.00594389	-0.00750066	-0.00800986	-0.00840368	-0.00704605	-0.00423157	-0.000717334	-0.000439787	-0.00106916	-0.00265257	-0.00455339	-0.00605734	-0.00845399	-0.00642104	-0.00365238	-0.00301365	-0.00458083	-0.00579592	-0.00465339	
0.00530355	0.00711223	0.00454932	0.00146461	-0.00223035	-0.00523034	-0.00707865	-0.00874957	-0.00995527	-0.0101493	-0.00931145	-0.00647585	-0.00285917	-0.00232596	-0.00194995	-0.00408163	-0.00441323	-0.00691884	-0.00906086	-0.00669407	-0.00495777	-0.00360621	-0.00667998	-0.00638711	-0.00614224	
0.00804064	0.00939306	0.00780611	0.00392502	-0.000239147	-0.00283705	-0.00522959	-0.0068204	-0.00893173	-0.0100866	-0.00869146	-0.00659063	-0.00299651	-0.00271692	-0.00298372	-0.00468467	-0.00584932	-0.00852153	-0.010858	-0.00870904	-0.00761089	-0.00632055	-0.00909827	-0.00977316	-0.00840378	
0.0106243	0.0126922	0.0102258	0.00670948	0.00226513	-0.00110283	-0.00302114	-0.00626112	-0.00837145	-0.00989394	-0.00930623	-0.00658851	-0.00365952	-0.0035719	-0.00407629	-0.00545746	-0.00685119	-0.00890993	-0.0112268	-0.0094498	-0.00710562	-0.00726116	-0.0100158	-0.0100315	-0.00978642	
0.0119852	0.013785	0.0112808	0.00721333	0.00224936	-0.00112073	-0.00439276	-0.00702358	-0.0103641	-0.0115675	-0.0108825	-0.00806014	-0.00411028	-0.00450278	-0.00387531	-0.00470287	-0.00479354	-0.00664162	-0.00816576	-0.00643726	-0.00560341	-0.005474	-0.00959391	-0.0101093	-0.0101851	
0.0113853	0.0137195	0.0117307	0.00851762	0.00404501	0.000388576	-0.00266628	-0.00621291	-0.00907646	-0.0113354	-0.0100893	-0.00742627	-0.00446113	-0.00387995	-0.00481861	-0.00496173	-0.00446147	-0.0064552	-0.00712834	-0.00553753	-0.00439936	-0.00462821	-0.00885396	-0.0094431	-0.00975297	
