0.0175237	0.0202149	0.0210565	0.0179238	0.0122314	0.00396584	-0.00479128	-0.011814	-0.0172463	-0.0205097	-0.0196873	-0.0139983	-0.00497946	0.00283146	0.0128891	0.0211776	0.0279154	0.0334397	0.0363535	0.0372032	0.0358243	0.0334486	0.0309859	0.0275338	0.0243603	
0.0200524	0.0224281	0.0224667	0.0198364	0.0130908	0.00486639	-0.0041529	-0.011071	-0.0167518	-0.020158	-0.0192995	-0.0132626	-0.00504802	0.00329531	0.0128525	0.0207193	0.0271289	0.0322033	0.034794	0.0352677	0.0339821	0.0309724	0.0283859	0.024494	0.0211435	
0.0206734	0.0222818	0.0228619	0.0194116	0.0123996	0.00355809	-0.00518509	-0.0128805	-0.0182706	-0.0222094	-0.020742	-0.0154717	-0.00725451	0.0010779	0.00952837	0.0175495	0.0228555	0.026834	0.0298761	0.0290373	0.0276252	0.0248043	0.0212948	0.0182172	0.0137616	
0.0172947	0.019431	0.0192028	0.0149952	0.00828714	-0.000313183	-0.0101389	-0.0172449	-0.0236936	-0.0263549	-0.0262903	-0.0207128	-0.0122728	-0.00518958	0.00416575	0.0104244	0.0159913	0.0201139	0.0218468	0.0216296	0.0195493	0.016224	0.0135508	0.00936132	0.00638087	
0.0112628	0.0124023	0.0119029	0.00794966	0.00121035	-0.00806941	-0.0175259	-0.0250849	-0.0301288	-0.0339688	-0.0327137	-0.0276898	-0.0193972	-0.0114666	-0.00377665	0.00336296	0.00808988	0.0121194	0.0134717	0.012818	0.0103219	0.00724154	0.00381158	0.000876462	-0.00287949	
0.0025203	0.00361555	0.00248735	-0.00115374	-0.00854863	-0.0174644	-0.0271479	-0.0338602	-0.0392222	-0.0418574	-0.0418407	-0.0359735	-0.0280375	-0.0205891	-0.0131331	-0.00626284	-0.00126032	0.00162108	0.00338164	0.00191951	-0.000133134	-0.00405077	-0.00623629	-0.00959157	-0.0123601	
-0.00663811	-0.00584515	-0.00672365	-0.0113877	-0.0183336	-0.0274384	-0.0365294	-0.0427496	-0.0479658	-0.0507229	-0.0499867	-0.0441231	-0.0362206	-0.0291797	-0.0209954	-0.0148015	-0.0102628	-0.00705982	-0.00540391	-0.00677852	-0.00868395	-0.0119457	-0.0146057	-0.0169867	-0.0197158	
-0.013821	-0.0129984	-0.0146476	-0.0186459	-0.0258771	-0.0341154	-0.0426253	-0.0492184	-0.0534409	-0.0556654	-0.0540326	-0.0484354	-0.0403425	-0.0325689	-0.0248454	-0.0188274	-0.0138932	-0.0108811	-0.00905911	-0.0100017	-0.0120994	-0.0153704	-0.0179343	-0.020321	-0.0233477	
-0.0193801	-0.0187934	-0.020028	-0.0250271	-0.0307815	-0.039359	-0.0476685	-0.0531743	-0.0571347	-0.0577043	-0.0565001	-0.049726	-0.0415693	-0.0331595	-0.0257498	-0.0192344	-0.0148794	-0.0114858	-0.00943161	-0.0104055	-0.0117884	-0.014963	-0.0172724	-0.0196949	-0.0216668	
-0.0227968	-0.0223949	-0.0241313	-0.0278119	-0.0345774	-0.0417877	-0.0502212	-0.055144	-0.0574546	-0.0584489	-0.0558922	-0.0490019	-0.0404162	-0.0317415	-0.0241293	-0.0177118	-0.0125929	-0.00996038	-0.00732493	-0.00840377	-0.00921045	-0.0119638	-0.0143121	-0.0155211	-0.0178832	
-0.021929	-0.021537	-0.0226506	-0.0277221	-0.0332731	-0.0415267	-0.0491245	-0.0530219	-0.0557472	-0.0554536	-0.0528141	-0.045379	-0.0367072	-0.0276843	-0.0196915	-0.0126926	-0.0080282	-0.00468547	-0.00243572	-0.00283899	-0.00344551	-0.00594079	-0.00770096	-0.00887944	-0.0103819	
-0.0158658	-0.0152037	-0.0171287	-0.0218557	-0.0279226	-0.035244	-0.0427611	-0.0467775	-0.048241	-0.0478119	-0.0446844	-0.0371424	-0.0283654	-0.0188899	-0.0106895	-0.00400877	0.000723785	0.00355305	0.00597984	0.00546945	0.00451792	0.00242692	0.000119065	-0.000928108	-0.0026451	
-0.00642927	-0.00648381	-0.00836887	-0.0128857	-0.0191134	-0.0268006	-0.0343917	-0.0382197	-0.0395421	-0.0386324	-0.0354386	-0.0277655	-0.0193319	-0.00917018	-0.00169847	0.00493672	0.00944164	0.0123933	0.0148684	0.0139302	0.0135228	0.0109604	0.0088538	0.00767471	0.00580525	
0.001793	0.00240019	0.000526468	-0.00526607	-0.0107284	-0.0189775	-0.0269259	-0.0299898	-0.0306178	-0.0294449	-0.0258967	-0.0176521	-0.00854636	0.00130158	0.00898008	0.0158317	0.0202677	0.0229466	0.025298	0.0243394	0.0236065	0.0213258	0.0185602	0.0175895	0.0153385	
0.0123279	0.0123724	0.00937464	0.00456341	-0.00261258	-0.0111216	-0.0183498	-0.0218877	-0.0227812	-0.0213412	-0.0173137	-0.00876732	-0.000334427	0.00969117	0.0175574	0.0237615	0.0286676	0.0310736	0.0329407	0.0325178	0.0314988	0.0290232	0.0261935	0.024686	0.0226129	
0.021126	0.0207417	0.0178706	0.011274	0.00495221	-0.00385386	-0.0117199	-0.0154128	-0.0158402	-0.0145307	-0.0098493	-0.00155093	0.00685156	0.0171486	0.0243893	0.0316587	0.0354202	0.0375778	0.0393033	0.038363	0.03725	0.0346561	0.031392	0.0299415	0.027235	
0.0284252	0.0276608	0.0236016	0.0172702	0.0101403	0.00159328	-0.00674343	-0.0100644	-0.0111507	-0.0091611	-0.00495755	0.00343244	0.0116364	0.0219582	0.0297787	0.0358787	0.0400324	0.0416796	0.0430053	0.0419656	0.0407926	0.0378293	0.034448	0.0323657	0.0300413	
0.0342174	0.0329068	0.0278075	0.0215889	0.014349	0.00475472	-0.0032421	-0.00677171	-0.00745832	-0.00624099	-0.00145485	0.00638513	0.014751	0.0248389	0.0324169	0.0382437	0.041827	0.043303	0.0439867	0.0431234	0.0415007	0.0386104	0.034599	0.0325632	0.0298015	
0.0371039	0.0354999	0.0308942	0.0233887	0.0158381	0.00665936	-0.00149746	-0.00495602	-0.00538822	-0.0035904	0.000829625	0.00880426	0.0171799	0.0271718	0.0342784	0.0400698	0.043325	0.0442552	0.0445652	0.043427	0.041359	0.0378624	0.0339108	0.0310352	0.0284264	
0.0378264	0.0359589	0.0300519	0.0231982	0.0151584	0.00511654	-0.00298771	-0.0060281	-0.00642269	-0.00471275	0.000391989	0.00822186	0.0162266	0.0261266	0.0337927	0.0391677	0.0424483	0.0436357	0.0437862	0.0423818	0.040201	0.036723	0.0324029	0.029606	0.0267285	
0.0362427	0.0345306	0.0285468	0.0211057	0.0126933	0.00301848	-0.0050353	-0.00829678	-0.00797016	-0.0056676	-0.000377295	0.00704136	0.0155743	0.0251012	0.0325351	0.0380135	0.0413912	0.0420822	0.04177	0.04023	0.0375282	0.0337313	0.0294165	0.0261446	0.0231081	
0.0337679	0.0314646	0.0256453	0.0176414	0.00933809	-0.00122589	-0.00871449	-0.0120239	-0.0115532	-0.00877789	-0.00318242	0.00468539	0.0126594	0.0224246	0.0297241	0.0351498	0.0382973	0.0391061	0.0382082	0.0367305	0.0336909	0.0300984	0.0254202	0.0221412	0.0196369	
0.0310735	0.0286208	0.0218952	0.0147241	0.00559438	-0.00378784	-0.0117418	-0.0149229	-0.0142768	-0.0115236	-0.00526805	0.00206925	0.0101806	0.0192447	0.0265153	0.031548	0.0346251	0.0348247	0.0340842	0.0323049	0.0293167	0.0254379	0.0208269	0.0174054	0.0146733	
0.0273743	0.0244615	0.0185662	0.0103007	0.00245072	-0.0073942	-0.0142831	-0.0174965	-0.0169169	-0.0129904	-0.0067513	0.000740518	0.00873162	0.0180265	0.0247963	0.0299092	0.0323277	0.0326197	0.0310534	0.0294521	0.0260796	0.0221654	0.0174326	0.0138664	0.0112136	
0.0239746	0.0208564	0.0138616	0.00704276	-0.00156699	-0.0103666	-0.0172014	-0.0206384	-0.0191038	-0.0156101	-0.00850848	-0.00129525	0.0065981	0.0156223	0.0225836	0.0270213	0.0298121	0.02969	0.0283651	0.026501	0.0229364	0.0195695	0.014643	0.011149	0.00836959	
0.020308	0.0169818	0.0108739	0.00278239	-0.00518963	-0.0138492	-0.0201777	-0.02279	-0.0217486	-0.0167596	-0.0101943	-0.00290236	0.00533792	0.0141077	0.0208679	0.0253599	0.0276187	0.0276771	0.0257692	0.0241102	0.0205693	0.0166037	0.0123468	0.00806519	0.00590461	
0.016827	0.0134384	0.00705332	-0.000717483	-0.00881617	-0.0172262	-0.0227909	-0.0257131	-0.0233826	-0.0190102	-0.0113211	-0.00450941	0.00357448	0.0123538	0.0185046	0.022871	0.0247011	0.0247479	0.0230191	0.0212936	0.0176196	0.0142364	0.00907533	0.00628622	0.00352274	
0.0137003	0.0105457	0.00354438	-0.00350678	-0.0123044	-0.019727	-0.0246134	-0.0269229	-0.0250477	-0.0194351	-0.0125902	-0.00522076	0.00287673	0.0111049	0.0177107	0.0209021	0.0231068	0.0228273	0.0209641	0.0195759	0.0158896	0.0120651	0.00830393	0.00431575	0.00254925	
0.0123084	0.00845681	0.00284278	-0.00564187	-0.0129871	-0.0204356	-0.0245885	-0.0266932	-0.0242095	-0.0187302	-0.0110667	-0.00442656	0.00386745	0.0117581	0.0171935	0.0213587	0.022336	0.022398	0.0200804	0.0183596	0.0146424	0.0113142	0.00698823	0.00369454	0.00113986	
0.0107395	0.00707296	0.000142367	-0.00620349	-0.0150114	-0.0210834	-0.0249294	-0.0269594	-0.0243654	-0.0182909	-0.0104944	-0.00383517	0.00398304	0.0111737	0.0173207	0.0202969	0.0222119	0.0217115	0.0192577	0.0174593	0.0140629	0.0107294	0.00687067	0.0032951	0.00101834	
0.00800404	0.00469313	-0.00150446	-0.00893873	-0.0163784	-0.0226649	-0.0260809	-0.0277242	-0.0248901	-0.0178793	-0.0106172	-0.00388858	0.00367282	0.0106686	0.0164525	0.0200473	0.021108	0.0207998	0.0182044	0.0165772	0.0133486	0.01	0.00677525	0.00313627	0.00151365	
0.00715274	0.00277976	-0.0028289	-0.00968137	-0.0175133	-0.0230068	-0.0263845	-0.0277287	-0.0242956	-0.0177627	-0.00930695	-0.00354106	0.00448293	0.0108238	0.0163383	0.0194302	0.0203863	0.0198564	0.0177248	0.0159781	0.0126916	0.00949094	0.00634265	0.00346052	0.0015816	
0.00577796	0.00267297	-0.00374002	-0.00988693	-0.0177483	-0.0230394	-0.02567	-0.0263116	-0.0234555	-0.0158421	-0.00836214	-0.00138842	0.00611274	0.011866	0.0176527	0.0197524	0.0207774	0.0204074	0.0178372	0.0160972	0.0130396	0.00956073	0.00711818	0.00351222	0.00201992	
0.00581542	0.0020558	-0.00325993	-0.0102224	-0.0174757	-0.0222061	-0.024751	-0.0256172	-0.0221815	-0.0152723	-0.00692292	-0.000724658	0.00694615	0.0122271	0.0165901	0.0195538	0.0201685	0.0193864	0.0172478	0.0149257	0.0121823	0.00929439	0.00679561	0.00362866	0.0010571	
0.00422819	0.000228263	-0.00542393	-0.0113659	-0.0188012	-0.0235013	-0.0254199	-0.0256032	-0.0226406	-0.0147341	-0.0067208	4.23539e-05	0.00742702	0.0121589	0.0176407	0.0193438	0.02053	0.0198284	0.0169844	0.0149102	0.0122982	0.00940139	0.00758565	0.00372267	0.00221157	
0.00332148	-0.000193408	-0.00574497	-0.0121855	-0.0192234	-0.0232999	-0.025348	-0.0255121	-0.021891	-0.0145342	-0.00653544	0.000328489	0.00771346	0.0123457	0.0171294	0.0193933	0.0197077	0.0188739	0.0166118	0.0140371	0.0116925	0.00911652	0.00710199	0.00432735	0.00220154	
0.00360914	-0.000801222	-0.00595635	-0.0121329	-0.0188926	-0.022748	-0.0240782	-0.0239006	-0.0207843	-0.0132573	-0.00519058	0.00216402	0.00927792	0.0141032	0.0181974	0.0201816	0.0205866	0.0193392	0.0170747	0.0142548	0.0117317	0.00884351	0.00728146	0.00431395	0.00224113	
0.00231837	-0.00175181	-0.00719807	-0.0133074	-0.0197182	-0.0232302	-0.0245276	-0.0242103	-0.021016	-0.0137656	-0.00581647	0.00201873	0.00940139	0.0133565	0.018007	0.0196784	0.0202394	0.0194586	0.0171602	0.014418	0.0120996	0.00988378	0.00810818	0.00512422	0.00337402	
0.00223041	-0.002388	-0.00734424	-0.0137378	-0.0199039	-0.0227395	-0.0242708	-0.0235544	-0.0201177	-0.0130182	-0.00518861	0.00240292	0.00923756	0.0135033	0.0169081	0.0193202	0.01953	0.018179	0.0162632	0.0130728	0.0111869	0.00887787	0.00702964	0.00430683	0.00155947	
0.000822829	-0.00356104	-0.00874633	-0.0150495	-0.0208553	-0.0239984	-0.0245313	-0.0231904	-0.0193988	-0.0121136	-0.00451813	0.00328776	0.00883241	0.0134649	0.0167722	0.0191112	0.0192304	0.017943	0.0156944	0.0125829	0.0106948	0.00856573	0.00657818	0.00397306	0.00189475	
-0.000292774	-0.00446723	-0.00928328	-0.0159759	-0.021452	-0.0233687	-0.0242245	-0.0219119	-0.0175714	-0.0109625	-0.00333432	0.00407299	0.0101111	0.0131671	0.0169886	0.0191404	0.0195586	0.01817	0.0165557	0.0132684	0.0111447	0.00925217	0.00731099	0.00495421	0.00274585	
-0.00127229	-0.00537578	-0.0101536	-0.0165036	-0.0210052	-0.0230432	-0.0227999	-0.0201793	-0.0158165	-0.00890002	-0.0018558	0.006517	0.0107571	0.0151464	0.0168943	0.0197672	0.0197121	0.0187561	0.0169651	0.013164	0.0112498	0.00908878	0.00721765	0.00547703	0.00274869	
-0.00192529	-0.00642283	-0.0113823	-0.0175909	-0.0216635	-0.023152	-0.0229586	-0.0201976	-0.0151063	-0.00885007	-0.00124423	0.00644822	0.01098	0.0141054	0.0160867	0.0178805	0.0181863	0.0168491	0.0151461	0.0113825	0.00932034	0.00795243	0.00594247	0.00464259	0.00207619	
-0.00352758	-0.00791137	-0.0125414	-0.018431	-0.0215927	-0.0226758	-0.0221039	-0.018386	-0.0136325	-0.0065587	0.000168009	0.00817916	0.0121707	0.0148576	0.0162731	0.0173975	0.0171803	0.0155885	0.0137567	0.0101283	0.00841358	0.00689023	0.00510476	0.00343779	0.00139037	
-0.00567251	-0.0100071	-0.0143751	-0.0195642	-0.0221231	-0.0230488	-0.0210575	-0.0172433	-0.0114679	-0.00528957	0.0019709	0.00991547	0.013041	0.0171481	0.0168007	0.0182537	0.0173552	0.0159075	0.0143538	0.0110091	0.00969287	0.00837849	0.005871	0.00545546	0.0025599	
-0.00572494	-0.0100942	-0.0142541	-0.0189943	-0.0207383	-0.0206438	-0.0186942	-0.0136932	-0.00792706	-0.00172379	0.00504212	0.0122251	0.0161175	0.0179278	0.0185463	0.0180319	0.017502	0.0153175	0.0136601	0.0107049	0.0086586	0.00721287	0.00506109	0.00377606	0.00175512	
-0.00732871	-0.0114736	-0.0156771	-0.0198089	-0.0205676	-0.0202545	-0.0175391	-0.0123499	-0.00652851	-0.000154735	0.0058387	0.0130835	0.0155374	0.0179221	0.0169497	0.0169178	0.015379	0.0134545	0.0114308	0.00829045	0.00650682	0.0051774	0.00313132	0.00240432	0.00089662	
-0.0095631	-0.014225	-0.0178852	-0.0211892	-0.0213516	-0.020067	-0.0168183	-0.0112789	-0.00440692	0.000617837	0.00741258	0.0130182	0.0156787	0.0175576	0.0165036	0.0161879	0.0151518	0.012831	0.0106997	0.00798495	0.00585953	0.00471564	0.00284443	0.00291187	0.000848517	
-0.011339	-0.0153388	-0.0190565	-0.0211992	-0.0205468	-0.018734	-0.0149852	-0.00852334	-0.00236795	0.00355328	0.00880567	0.0143685	0.016914	0.0175364	0.0173052	0.0161488	0.0148769	0.0129035	0.01024	0.00774364	0.00537055	0.00410496	0.00299147	0.00197299	0.00200074	
-0.010501	-0.0156032	-0.0193131	-0.0205712	-0.0191501	-0.0164851	-0.0119384	-0.00548232	0.00108492	0.00576376	0.0115543	0.0159573	0.0182312	0.0191375	0.0175239	0.0161827	0.0143371	0.0119902	0.0091056	0.00659562	0.00394513	0.00247937	0.00130104	0.0011253	0.000356346	
