0.00308246	0.000869302	-0.00125452	-0.00193164	-0.00188093	-0.00175169	-0.000630505	0.000737377	0.00121358	-0.000184249	-0.00117819	-0.00122252	0.00036566	0.000614091	0.000624296	0.000566952	0.0011039	0.000770507	-0.000454754	-0.000666033	-0.00106469	-0.00132093	-0.00293182	-0.00291299	-0.00253313	
0.000643151	-0.00175809	-0.0032984	-0.00401839	-0.00452038	-0.00363665	-0.00284081	-0.000615161	-0.00133638	-0.00155486	-0.00291547	-0.00185099	-0.00107727	-0.000267808	0.000190046	0.000347646	0.000559226	0.000431602	-0.000392757	-0.000442713	-0.00080017	-0.00144004	-0.00177988	-0.00255634	-0.00126714	
-0.00144538	-0.00335522	-0.00547737	-0.00594202	-0.00592541	-0.00552412	-0.00438748	-0.00276353	-0.00230244	-0.00280956	-0.00351386	-0.0030033	-0.0018149	-0.00106394	-0.000203739	-9.49427e-05	-2.00732e-06	4.68697e-05	-0.000578483	-0.00111013	-0.00149026	-0.00164706	-0.00266388	-0.0022351	-0.00222314	
-0.00201983	-0.00409171	-0.00597075	-0.00688765	-0.00733455	-0.00680786	-0.00600399	-0.00440123	-0.00424775	-0.00442496	-0.00524476	-0.00464047	-0.00420696	-0.00241592	-0.00209376	-0.00220852	-0.00201092	-0.00232351	-0.00231265	-0.00309591	-0.00331078	-0.00388545	-0.00364399	-0.00337165	-0.00367491	
-0.00197172	-0.00468838	-0.00601358	-0.00737818	-0.00740871	-0.00690307	-0.00616743	-0.00442077	-0.0045042	-0.00423792	-0.00554355	-0.0048208	-0.00427459	-0.00317876	-0.00224048	-0.00302678	-0.00284729	-0.00256142	-0.00339568	-0.00340036	-0.00471897	-0.00464429	-0.00442268	-0.00531715	-0.00453458	
-0.0018319	-0.00377007	-0.00558965	-0.00688125	-0.00699942	-0.00625106	-0.00620605	-0.00400315	-0.00414008	-0.00440458	-0.0050214	-0.00533749	-0.00443317	-0.00320142	-0.00267072	-0.00276625	-0.00291283	-0.00305644	-0.00302776	-0.00424742	-0.00434369	-0.00455956	-0.00522239	-0.00459758	-0.00527067	
-0.00067662	-0.00302775	-0.00459162	-0.00617367	-0.00626647	-0.00621268	-0.00438884	-0.00323473	-0.00309267	-0.00303761	-0.00478741	-0.00380235	-0.00450603	-0.00266352	-0.00189451	-0.0022401	-0.00231324	-0.00192915	-0.00286263	-0.00261873	-0.00360248	-0.00364656	-0.00397584	-0.00462104	-0.00404245	
0.000646351	-0.000842199	-0.00300329	-0.00461835	-0.00465235	-0.00412275	-0.00334884	-0.00141188	-0.00225035	-0.00192745	-0.00344309	-0.00372606	-0.00391776	-0.00285648	-0.00188371	-0.00219276	-0.00261531	-0.00294046	-0.00241056	-0.00321089	-0.00351276	-0.00400097	-0.00394257	-0.00381136	-0.00458471	
0.000926313	-0.00185343	-0.00286896	-0.00476919	-0.00509005	-0.0045509	-0.00347964	-0.00242872	-0.00178633	-0.00231381	-0.00362514	-0.00414517	-0.00456511	-0.00272392	-0.00220283	-0.00286563	-0.00313487	-0.00296027	-0.00271898	-0.00258765	-0.00293678	-0.00292947	-0.00266239	-0.00243074	-0.00291936	
-0.000574705	-0.00221936	-0.00357027	-0.00520468	-0.00510045	-0.00514559	-0.00382261	-0.00246534	-0.00259057	-0.00283762	-0.00436016	-0.00431081	-0.00481974	-0.00364575	-0.0029194	-0.00364701	-0.0045566	-0.00372922	-0.00319659	-0.00301627	-0.0033092	-0.00266799	-0.00204543	-0.00158107	-0.0027718	
-0.00166405	-0.00358009	-0.00433801	-0.00619142	-0.00656678	-0.00604539	-0.0058503	-0.00439201	-0.00440151	-0.00481804	-0.00584917	-0.00605612	-0.00681386	-0.00490149	-0.00536175	-0.00584618	-0.00588587	-0.00556684	-0.00475739	-0.00461171	-0.00381827	-0.00351904	-0.00247086	-0.00161462	-0.00270351	
-0.00161278	-0.0024595	-0.00382452	-0.00561662	-0.00586184	-0.00659676	-0.00516868	-0.00502412	-0.00524569	-0.00511156	-0.00646321	-0.00677722	-0.00786235	-0.00712167	-0.00663849	-0.00758157	-0.00803736	-0.00759278	-0.00710762	-0.00650728	-0.0065492	-0.00560919	-0.00485006	-0.00401217	-0.00484825	
-2.67359e-05	-0.00162878	-0.00258994	-0.00506402	-0.00514971	-0.00556341	-0.00580783	-0.00530782	-0.00574795	-0.00577528	-0.00737399	-0.00801905	-0.0092326	-0.00856657	-0.00776791	-0.00839122	-0.00899981	-0.00867197	-0.00844985	-0.00787149	-0.00795694	-0.00753702	-0.00595588	-0.00524863	-0.00522888	
0.00024059	-0.000731649	-0.00159526	-0.00294156	-0.00371199	-0.00401523	-0.00367146	-0.00400169	-0.00378779	-0.00461404	-0.0055076	-0.00741106	-0.00863373	-0.00673749	-0.00594773	-0.0066344	-0.00727393	-0.00677689	-0.00629299	-0.00683289	-0.0068391	-0.00659937	-0.00588381	-0.0041027	-0.00561702	
0.000354425	-5.51878e-05	-0.000389617	-0.00222751	-0.00241901	-0.00325394	-0.00272168	-0.00280965	-0.00309372	-0.0036872	-0.0057635	-0.00669892	-0.00761508	-0.00575781	-0.00486993	-0.00446207	-0.00514813	-0.00503324	-0.00465854	-0.00504877	-0.00569027	-0.0058895	-0.00405095	-0.00302264	-0.00468911	
0.00024911	8.69791e-05	-0.00020889	-0.00210289	-0.00284809	-0.00291277	-0.00274621	-0.0028775	-0.00354396	-0.00415061	-0.00606605	-0.00749126	-0.00809021	-0.00636313	-0.004306	-0.00499574	-0.00474945	-0.00451227	-0.00416338	-0.00476795	-0.00524117	-0.00498477	-0.00371837	-0.00287172	-0.00417891	
0.000735239	0.000258273	-0.000170666	-0.0019566	-0.00263056	-0.00291485	-0.00251989	-0.00290413	-0.00347369	-0.00474868	-0.00580326	-0.00777864	-0.00857791	-0.00692967	-0.00502413	-0.00479981	-0.00504382	-0.00491817	-0.00443663	-0.00457883	-0.00509821	-0.00529597	-0.00383516	-0.00292846	-0.00515743	
0.000337355	9.57962e-05	-0.000171154	-0.00220387	-0.00215328	-0.00281634	-0.00187813	-0.00291622	-0.00291887	-0.00364836	-0.00529939	-0.00725944	-0.00830332	-0.00648384	-0.00492968	-0.00450801	-0.00488226	-0.0045134	-0.00456378	-0.00404023	-0.00495915	-0.00486987	-0.00342204	-0.00275859	-0.00482724	
-0.000676402	-0.000607882	-0.000690309	-0.00218068	-0.00294753	-0.00254197	-0.00255693	-0.00209238	-0.00238874	-0.0029622	-0.00457635	-0.00683961	-0.0081835	-0.0061629	-0.00472731	-0.00437991	-0.00468769	-0.00479296	-0.00325848	-0.00405782	-0.00387016	-0.00429937	-0.00253316	-0.0021173	-0.00460653	
-0.000814636	-0.000593263	-0.00105704	-0.00288446	-0.00295283	-0.00366236	-0.0021726	-0.00275565	-0.00222038	-0.0027672	-0.00452694	-0.00643819	-0.0078222	-0.00694672	-0.00539391	-0.00520498	-0.00512242	-0.00459906	-0.00435831	-0.00386792	-0.00502013	-0.00465266	-0.00297819	-0.0024623	-0.00475258	
-0.00119134	-0.000909293	-0.00133953	-0.00290908	-0.00419606	-0.00383827	-0.00321765	-0.00307787	-0.00264689	-0.00316354	-0.00379703	-0.00662123	-0.00804506	-0.00702074	-0.00616698	-0.00587859	-0.00581941	-0.00571902	-0.00439181	-0.00529782	-0.00541983	-0.00547129	-0.00405611	-0.00317432	-0.006138	
-0.00105495	-0.00118946	-0.00129806	-0.00337034	-0.00401801	-0.00410541	-0.00339434	-0.00376684	-0.00282095	-0.00267944	-0.00359833	-0.00573255	-0.00771912	-0.00692952	-0.00655801	-0.00576795	-0.00615624	-0.00574299	-0.00491435	-0.00505574	-0.00565804	-0.00562268	-0.00381138	-0.00362334	-0.00582813	
-0.0022305	-0.00112218	-0.00209436	-0.00304571	-0.0037824	-0.00479362	-0.00386038	-0.00399236	-0.00280534	-0.00225252	-0.00266518	-0.00498832	-0.00612362	-0.00625218	-0.00485662	-0.00478856	-0.00504811	-0.00456596	-0.0035118	-0.00366622	-0.0044418	-0.00401415	-0.0028867	-0.00230513	-0.00497087	
-0.00211438	-0.00183392	-0.00159495	-0.00276276	-0.00480948	-0.0043189	-0.00466095	-0.00407911	-0.00285608	-0.00206867	-0.00203547	-0.0043191	-0.00550583	-0.00463071	-0.00403692	-0.00415309	-0.0043936	-0.00417532	-0.00337771	-0.00350821	-0.00399574	-0.00424515	-0.00268657	-0.00342465	-0.00504926	
-0.00185642	-0.00065309	-0.00163461	-0.0031983	-0.00436108	-0.00549017	-0.0045254	-0.00528464	-0.00369388	-0.00362881	-0.00357782	-0.00552285	-0.00574762	-0.00636204	-0.00589865	-0.00554466	-0.00662097	-0.00630066	-0.00601234	-0.00601348	-0.00731512	-0.00691571	-0.00578225	-0.00543001	-0.00719096	
-0.00293825	-0.00273313	-0.00380006	-0.00471283	-0.00654413	-0.00630975	-0.00669088	-0.00600982	-0.00514185	-0.00441208	-0.00403663	-0.00584926	-0.00626337	-0.00623302	-0.00560192	-0.00551588	-0.00599145	-0.00626269	-0.00580609	-0.00671089	-0.00694205	-0.00723382	-0.0058316	-0.0060711	-0.00643984	
-0.0031742	-0.00282651	-0.00420146	-0.00527197	-0.00714864	-0.00724731	-0.00677912	-0.00707705	-0.0056973	-0.00486512	-0.00432837	-0.00558428	-0.00582925	-0.00606878	-0.00495572	-0.00496351	-0.00509034	-0.00533199	-0.00583108	-0.00587235	-0.0071411	-0.00683492	-0.00549195	-0.00557703	-0.0052884	
-0.00251679	-0.00233387	-0.00403111	-0.00496845	-0.00652063	-0.00694522	-0.00698742	-0.0066863	-0.00471557	-0.00419845	-0.00292115	-0.00483996	-0.00446175	-0.00539	-0.00493982	-0.00405918	-0.00497628	-0.00587498	-0.00600207	-0.00716896	-0.0077967	-0.0079753	-0.00700821	-0.00620313	-0.0066652	
-0.00189438	-0.00238167	-0.00383881	-0.00515895	-0.00725814	-0.00778588	-0.00816896	-0.00762758	-0.00639432	-0.00491655	-0.00400796	-0.00507681	-0.0058034	-0.00626668	-0.0054589	-0.00547626	-0.00602791	-0.00649894	-0.0075964	-0.00847108	-0.00899731	-0.00866235	-0.00757124	-0.00773224	-0.00608384	
-0.00144239	-0.00117773	-0.00330411	-0.00446977	-0.00688961	-0.00800054	-0.00831458	-0.00815202	-0.00664231	-0.00533361	-0.00425962	-0.00502298	-0.00502309	-0.00633803	-0.00569123	-0.00518216	-0.0055269	-0.0065915	-0.00706353	-0.00786055	-0.0085481	-0.00782935	-0.00707098	-0.00679914	-0.00605619	
-0.00114292	-0.0013924	-0.00276286	-0.00424713	-0.00651041	-0.00750717	-0.00835326	-0.00798089	-0.00629367	-0.00443739	-0.0029049	-0.00335676	-0.00351825	-0.00434107	-0.00395227	-0.00339103	-0.00367875	-0.00405079	-0.00475113	-0.00538222	-0.00594842	-0.00547106	-0.00526425	-0.00564265	-0.00421437	
-0.00127514	-0.00102752	-0.00280947	-0.00404989	-0.00640417	-0.00797614	-0.00945491	-0.00867367	-0.00759272	-0.00546926	-0.00417276	-0.00394417	-0.00401417	-0.00506097	-0.00457607	-0.00388054	-0.00387248	-0.00413096	-0.00413926	-0.0046696	-0.00504074	-0.00474841	-0.00467238	-0.0050438	-0.00329031	
-0.000798337	-0.00072108	-0.00211024	-0.00358258	-0.00617218	-0.00825306	-0.00930908	-0.00916222	-0.00826956	-0.00633019	-0.00537982	-0.00484155	-0.00514639	-0.0060351	-0.00609995	-0.00503937	-0.00439653	-0.00438144	-0.00446827	-0.00428269	-0.00468253	-0.00431798	-0.00478885	-0.00528468	-0.00358635	
0.000362252	0.000531595	-0.00118281	-0.00266333	-0.00543328	-0.00741494	-0.00922457	-0.00900596	-0.00822371	-0.00670554	-0.0055118	-0.00520204	-0.00546227	-0.00633541	-0.00618835	-0.00523109	-0.00395054	-0.00336494	-0.00340195	-0.00361888	-0.00373873	-0.00338606	-0.00457956	-0.00527552	-0.00395732	
0.00177021	0.00195423	0.000843745	-0.000824712	-0.00324459	-0.00557291	-0.00796583	-0.00716112	-0.00773114	-0.00577252	-0.00514371	-0.00443315	-0.00517996	-0.00640064	-0.00667434	-0.00506707	-0.00409225	-0.00344099	-0.00314113	-0.00325687	-0.00315155	-0.00334202	-0.00447069	-0.00601634	-0.00487337	
0.00105785	0.00134848	0.000893153	-0.000281775	-0.00267823	-0.00571572	-0.00695587	-0.00790918	-0.00749347	-0.00626222	-0.00561167	-0.00465471	-0.00541979	-0.00618817	-0.00641667	-0.00509459	-0.00344475	-0.00218294	-0.00207762	-0.00108034	-0.00109079	-0.000870149	-0.00319799	-0.00447	-0.00361562	
0.000712153	0.00153011	0.00121056	0.000515627	-0.00167123	-0.00350576	-0.00694118	-0.00650831	-0.00709025	-0.00571482	-0.00518367	-0.0043251	-0.0046737	-0.00586146	-0.0064683	-0.004597	-0.00260668	-0.00161749	-0.000578861	-0.000295494	0.000558696	-4.44506e-05	-0.00212146	-0.00348378	-0.00305901	
0.000512225	0.000951476	0.00200824	0.000818716	-0.00051737	-0.00379746	-0.0055529	-0.00606675	-0.00710015	-0.00585198	-0.00589211	-0.00419973	-0.00520841	-0.00637332	-0.00708336	-0.00544257	-0.00332697	-0.00123695	-0.0012303	0.000124066	3.31119e-05	-0.000439714	-0.00239667	-0.00403494	-0.00299216	
-0.000172846	0.000787821	0.00150022	0.00144619	-0.000115087	-0.0024808	-0.0046737	-0.00587661	-0.00591403	-0.00590408	-0.00557213	-0.00510341	-0.00587763	-0.00700421	-0.00822393	-0.00685193	-0.0040217	-0.00285556	-0.00222421	-0.00214482	-0.00136594	-0.00207734	-0.00463499	-0.00473974	-0.00496592	
-0.00191185	-0.000674368	0.000893719	0.000627323	-0.000218662	-0.00237088	-0.00497363	-0.00495186	-0.00652832	-0.00609238	-0.00663217	-0.00537318	-0.0068936	-0.00835083	-0.00932631	-0.0077268	-0.00504372	-0.00383849	-0.0036283	-0.00303965	-0.00232711	-0.00292811	-0.00446896	-0.00540426	-0.00478913	
-0.00204537	-0.00110799	0.00126198	0.00145758	0.00134482	-0.0014297	-0.0021557	-0.0036079	-0.00392491	-0.00468298	-0.00501628	-0.0041524	-0.00548857	-0.00671242	-0.00792376	-0.00717155	-0.00469906	-0.00362138	-0.00413616	-0.00321863	-0.00262934	-0.00333425	-0.00542117	-0.00580031	-0.00573558	
-0.00274685	-0.00105974	0.000910207	0.00158955	0.00132668	0.000191825	-0.0014985	-0.00191653	-0.00251467	-0.00346175	-0.0034606	-0.0028708	-0.00391215	-0.0055148	-0.00720623	-0.00672172	-0.00488828	-0.00494161	-0.00447855	-0.00472152	-0.0032363	-0.00453004	-0.00669061	-0.00631637	-0.00658173	
-0.0044497	-0.00306796	-0.000433496	8.94615e-05	0.000360537	-0.00149646	-0.00218007	-0.00330804	-0.00369044	-0.00431821	-0.00474796	-0.00342303	-0.00484153	-0.00663595	-0.00818547	-0.00850639	-0.00715444	-0.00636815	-0.00657195	-0.00535209	-0.00479424	-0.00542336	-0.00685752	-0.0067097	-0.00562738	
-0.00553079	-0.00413657	-0.00115031	-0.000178231	0.000203905	-0.00135728	-0.00236678	-0.00354723	-0.00363381	-0.00427447	-0.00366544	-0.00328178	-0.00424863	-0.00624191	-0.00851446	-0.00895823	-0.00787995	-0.00726114	-0.00711419	-0.00670141	-0.00538977	-0.00660956	-0.00776008	-0.00652125	-0.00632027	
-0.0059612	-0.00406852	-0.00148587	-0.00035113	-0.000338721	-0.00176522	-0.00287995	-0.00397855	-0.00380041	-0.00452168	-0.00351785	-0.00295874	-0.00384325	-0.00624349	-0.00827229	-0.00910936	-0.00848915	-0.00806498	-0.0077285	-0.00749146	-0.006326	-0.00703004	-0.00764538	-0.00616014	-0.0057116	
-0.00499289	-0.00371057	-0.000878003	0.000366503	0.00070311	-0.000891057	-0.00160838	-0.00297368	-0.00264179	-0.00309903	-0.00251334	-0.00231644	-0.00328468	-0.00535829	-0.00770564	-0.00939688	-0.00952439	-0.0090608	-0.00943589	-0.00870195	-0.00797968	-0.00838308	-0.00801231	-0.00642747	-0.00571427	
-0.00668625	-0.00532163	-0.00291425	-0.00182086	-0.00115511	-0.00174682	-0.00226351	-0.00265351	-0.00272352	-0.00316537	-0.00204632	-0.00192835	-0.00232173	-0.00416983	-0.0063964	-0.00794723	-0.00866825	-0.00836242	-0.0080729	-0.00774356	-0.00654961	-0.00697777	-0.00608448	-0.00408381	-0.00372643	
-0.00674237	-0.00534942	-0.00379485	-0.00231273	-0.00189865	-0.00148307	-0.00131804	-0.00309018	-0.0021005	-0.0032388	-0.00198812	-0.00236241	-0.00216591	-0.003664	-0.00532877	-0.00756759	-0.00828075	-0.00806812	-0.00735808	-0.00704989	-0.00621837	-0.00587795	-0.00489192	-0.00267519	-0.00205872	
-0.00777569	-0.00676538	-0.0046924	-0.00320359	-0.00205974	-0.00164951	-0.00180326	-0.00191099	-0.00262525	-0.00237513	-0.00191092	-0.0017555	-0.00175766	-0.00274279	-0.00425566	-0.00610801	-0.00723107	-0.00677189	-0.00649298	-0.00595659	-0.00572591	-0.00584012	-0.00380301	-0.00223571	-0.00156175	
-0.00741692	-0.00678125	-0.00584295	-0.003626	-0.00269759	-0.00199266	-0.00208134	-0.00334687	-0.00309699	-0.00364594	-0.00288421	-0.0035299	-0.00315559	-0.00376711	-0.0048171	-0.00672461	-0.00768167	-0.00761336	-0.00676582	-0.00675544	-0.00679786	-0.00620655	-0.00416313	-0.00227936	-0.00172178	
