-0.0028673	-0.00102916	0.000720517	0.00325981	0.00491389	0.0055264	0.00441208	0.00356425	0.000592513	-0.00383475	-0.00665127	-0.0108536	-0.0136437	-0.0135576	-0.0103571	-0.00719081	-0.00253773	0.00348888	0.0065161	0.0100662	0.0131559	0.0158277	0.0174594	0.0200265	0.0219645	
-0.00816083	-0.00591126	-0.00411923	-0.00142617	0.000209195	0.000574101	-6.37736e-05	-0.00169386	-0.00385866	-0.00845354	-0.0109839	-0.0142937	-0.0174357	-0.0160065	-0.0131505	-0.00926991	-0.00414644	0.00192313	0.00539323	0.00849819	0.0120031	0.0141359	0.0166284	0.0185394	0.0205535	
-0.0116851	-0.0101353	-0.00809898	-0.0054295	-0.00397113	-0.0030683	-0.00491286	-0.00573862	-0.00863915	-0.0127768	-0.0148111	-0.0186719	-0.0207576	-0.0199975	-0.0164275	-0.0126621	-0.00711196	-0.000680396	0.00267139	0.00629726	0.00936922	0.0124235	0.0147964	0.0173622	0.0188918	
-0.0146601	-0.0127656	-0.0104354	-0.00793537	-0.00593109	-0.00603794	-0.00751233	-0.00872381	-0.0120175	-0.0157108	-0.0184918	-0.0215282	-0.0241955	-0.0227803	-0.0194232	-0.0153665	-0.00982948	-0.00370677	6.36253e-05	0.00348018	0.00700249	0.00917886	0.0120828	0.014297	0.0161366	
-0.0157132	-0.0138318	-0.0115288	-0.00901116	-0.00755909	-0.00780075	-0.00916151	-0.0108812	-0.0139773	-0.0179836	-0.0204941	-0.0236561	-0.0259969	-0.0247747	-0.0213483	-0.0174733	-0.0120856	-0.00609145	-0.0026228	0.00118545	0.00404535	0.00651868	0.00875872	0.0112052	0.0129326	
-0.0156666	-0.0137669	-0.0116621	-0.00963183	-0.00843764	-0.00874038	-0.0107035	-0.0124902	-0.0157073	-0.0200653	-0.021893	-0.0256452	-0.0271181	-0.0261486	-0.0228607	-0.018631	-0.0135181	-0.00717604	-0.00392268	-0.000448028	0.00190641	0.00446511	0.00629138	0.00834946	0.00969771	
-0.0128632	-0.0113974	-0.00964296	-0.00754696	-0.00701002	-0.00793798	-0.00997438	-0.0125116	-0.0160231	-0.0202643	-0.0232791	-0.0262435	-0.0286923	-0.0275806	-0.0247738	-0.0208406	-0.0157212	-0.0100658	-0.00628892	-0.00341572	-0.000944406	0.00125995	0.00359084	0.00531642	0.00710609	
-0.0104008	-0.00858157	-0.00704747	-0.00536994	-0.00537765	-0.00636472	-0.00906319	-0.0115844	-0.0152995	-0.020019	-0.0224998	-0.0262646	-0.0281675	-0.0273134	-0.0246698	-0.0204962	-0.0157931	-0.0104101	-0.00665001	-0.00365153	-0.00139279	0.000624751	0.00246697	0.00433189	0.00558777	
-0.00599702	-0.00429734	-0.00300474	-0.00169939	-0.0015188	-0.0033118	-0.00588971	-0.0087973	-0.0129936	-0.0169365	-0.0203519	-0.0236976	-0.0256307	-0.0250915	-0.0223233	-0.0187162	-0.0138907	-0.00891345	-0.00591204	-0.00267221	-0.000851797	0.00105589	0.0027913	0.00430437	0.00545453	
-0.000673872	0.000864	0.00228757	0.0038915	0.00355923	0.00182853	-0.00144305	-0.00455767	-0.00852573	-0.0132326	-0.0160568	-0.020082	-0.021896	-0.0209843	-0.0194395	-0.0152141	-0.0109209	-0.00629102	-0.00320309	-0.000709118	0.00137836	0.00274391	0.0044151	0.00566755	0.00630005	
0.00408716	0.00631806	0.00762468	0.00954735	0.00890327	0.0068311	0.00365953	0.00015934	-0.00412227	-0.00853612	-0.0117679	-0.0156925	-0.017205	-0.0169183	-0.0147719	-0.0112948	-0.0068868	-0.00254989	0.000200912	0.00307191	0.00428831	0.00561687	0.00681894	0.00755888	0.00794663	
0.00987673	0.0114721	0.013068	0.0144622	0.0136412	0.0115693	0.00797767	0.00423198	-0.00031628	-0.00499707	-0.00827039	-0.0122442	-0.0139037	-0.0133928	-0.011883	-0.00797782	-0.00412403	1.22055e-05	0.00303382	0.00564828	0.0070109	0.00799684	0.00912771	0.00986032	0.0101778	
0.012359	0.0145895	0.0157043	0.0172885	0.016354	0.0138872	0.0103062	0.00632305	0.00170104	-0.00293453	-0.00642096	-0.0101489	-0.0115769	-0.0111689	-0.00926919	-0.00545838	-0.00123534	0.00288738	0.00603746	0.00888128	0.010097	0.0111339	0.0121859	0.0125831	0.0128276	
0.0134021	0.0157141	0.0174021	0.0187196	0.0177827	0.0149335	0.0112222	0.00721566	0.00239815	-0.00199684	-0.00554427	-0.00917612	-0.0106413	-0.0100279	-0.00798888	-0.00400256	0.000329016	0.00451984	0.00800025	0.0108054	0.0121408	0.0136054	0.014561	0.0152297	0.0153329	
0.0120008	0.0146735	0.0168131	0.0181629	0.0172734	0.0146975	0.0108462	0.00657783	0.00229604	-0.0023879	-0.00523577	-0.00914556	-0.010202	-0.00943715	-0.00720633	-0.00303472	0.00106507	0.00598889	0.00895069	0.0123669	0.0135655	0.0149596	0.0163799	0.0165637	0.01694	
0.00945291	0.0120824	0.0139581	0.0154134	0.0144887	0.0117586	0.00776254	0.00400808	-0.000774829	-0.00468921	-0.00793621	-0.0109557	-0.0118586	-0.0103723	-0.00808035	-0.00361931	0.00141171	0.00580109	0.00998425	0.0129858	0.0147735	0.0164005	0.017272	0.0180948	0.0179191	
0.00689782	0.00963315	0.012136	0.0133594	0.0124471	0.00909605	0.00579133	0.00124369	-0.00301822	-0.00754508	-0.0106861	-0.0137039	-0.0145	-0.0132231	-0.0109437	-0.00633643	-0.00150268	0.00349047	0.00692865	0.0111049	0.0127402	0.0145321	0.0162282	0.0168479	0.0173877	
0.00300212	0.00581101	0.00859632	0.00945088	0.0085153	0.00559505	0.00125877	-0.00253315	-0.00753521	-0.0114216	-0.0143986	-0.0175675	-0.0175862	-0.016278	-0.0134788	-0.00859001	-0.00338284	0.00159479	0.00569425	0.00987273	0.0116023	0.0137179	0.0148627	0.0160808	0.0162723	
-7.68077e-05	0.0023247	0.00489418	0.0057019	0.00522903	0.00172918	-0.00208293	-0.00672331	-0.010806	-0.0146662	-0.0179633	-0.0200384	-0.0206553	-0.0183155	-0.0158898	-0.0107802	-0.00549899	-0.000577018	0.00400392	0.0080276	0.010143	0.0121051	0.0137976	0.0148787	0.0156139	
-0.00343217	-0.000574659	0.00236159	0.00342508	0.00303528	-0.000262185	-0.00440207	-0.00817431	-0.0126583	-0.0164659	-0.0190363	-0.021623	-0.0207581	-0.0193146	-0.0158629	-0.0110152	-0.00577425	-0.000433164	0.0035136	0.00808887	0.0093948	0.0118044	0.0126799	0.0138023	0.0141161	
-0.00360349	-0.00116922	0.00235121	0.00313915	0.00253515	-0.000816685	-0.00442226	-0.00858406	-0.0129325	-0.0166176	-0.0195619	-0.0211865	-0.0214781	-0.0188233	-0.0163757	-0.0110932	-0.00615961	-0.00156925	0.00303845	0.00650264	0.00856195	0.0103418	0.0116479	0.0126543	0.0131554	
-0.00371222	-0.00058723	0.00232219	0.00308399	0.00259312	-0.00084377	-0.00441577	-0.00858783	-0.0128683	-0.016109	-0.0190009	-0.0209307	-0.0201195	-0.0183564	-0.0147896	-0.0102427	-0.00498018	-0.000371115	0.00350761	0.00765279	0.00850829	0.01062	0.0113195	0.0124315	0.0126193	
-0.00181917	0.000750315	0.00398561	0.00457025	0.00412704	0.000636633	-0.00329569	-0.00753841	-0.0116831	-0.0150665	-0.0178941	-0.019622	-0.0191153	-0.016657	-0.0142379	-0.00886895	-0.00399789	0.000143163	0.00450867	0.00768091	0.00902126	0.0102616	0.0112984	0.0122861	0.0124335	
0.000688734	0.00325587	0.00621777	0.00682377	0.00589712	0.00218806	-0.00140452	-0.00614972	-0.010542	-0.0133356	-0.0166366	-0.0180151	-0.0171784	-0.0155577	-0.0124459	-0.0077354	-0.00258679	0.0013456	0.00526566	0.00902963	0.00963187	0.0113052	0.0121722	0.0130949	0.0133776	
0.00259271	0.00591915	0.00892963	0.00919598	0.00820117	0.00491729	0.00102685	-0.00359377	-0.00781967	-0.0107453	-0.0136244	-0.0150884	-0.0139825	-0.0118973	-0.00946982	-0.00428015	0.000606403	0.00400685	0.00851263	0.01112	0.0120927	0.0131605	0.0135805	0.014221	0.0139985	
0.00693195	0.00988759	0.0125762	0.0129581	0.0119285	0.00798796	0.00453039	-0.000464992	-0.00459802	-0.00728105	-0.010912	-0.0117933	-0.0106396	-0.00898	-0.00634624	-0.00172591	0.0029595	0.00641471	0.0102536	0.0130662	0.0134883	0.0143685	0.0148094	0.0148629	0.0148306	
0.0102932	0.0132817	0.0159027	0.0164331	0.0148105	0.0111078	0.00699643	0.00244884	-0.00199376	-0.00480991	-0.00797177	-0.0090639	-0.00768407	-0.00612348	-0.00355862	0.00111068	0.00573274	0.00850302	0.0125394	0.0144534	0.014624	0.0150199	0.0148708	0.0149001	0.0140183	
0.0133178	0.0162446	0.0185414	0.0185679	0.0166401	0.0124678	0.00881328	0.00341947	-0.000873153	-0.00338815	-0.00677622	-0.00757263	-0.0066483	-0.00499489	-0.00271701	0.00191402	0.00620544	0.0086623	0.0125088	0.0140459	0.0141431	0.0139616	0.0141721	0.0137755	0.0128264	
0.0139109	0.0169912	0.0187999	0.0185185	0.0161943	0.0122029	0.00803778	0.00258366	-0.002004	-0.00428113	-0.00779447	-0.0086392	-0.00704416	-0.00591375	-0.00325314	0.00104314	0.00542318	0.00782938	0.0113777	0.0131449	0.0127974	0.0125815	0.0124279	0.0119297	0.0107402	
0.0127621	0.0152735	0.0167487	0.0160668	0.0133136	0.00928142	0.00480077	-0.000682446	-0.00491034	-0.00744824	-0.0105385	-0.0108841	-0.00931427	-0.00769606	-0.00567575	-0.000970027	0.00311827	0.00518413	0.00915008	0.0102287	0.0105115	0.0100401	0.0100921	0.00975249	0.00877289	
0.00846925	0.0112583	0.0122858	0.0118116	0.00901728	0.00459573	0.000552989	-0.00488683	-0.00906364	-0.0108452	-0.0139991	-0.0136572	-0.0117931	-0.0104691	-0.00744621	-0.00330106	0.00114716	0.00340843	0.00701076	0.008277	0.00820033	0.00804377	0.00798627	0.00742256	0.00655117	
0.00456024	0.00673866	0.00823503	0.00731091	0.00424751	0.000276395	-0.00428131	-0.00949617	-0.013189	-0.0153395	-0.0176109	-0.0174721	-0.0154565	-0.0136071	-0.0109563	-0.00637559	-0.00236967	0.000318888	0.00381086	0.00472643	0.0051694	0.00508613	0.00535639	0.00493592	0.00426917	
-0.000874263	0.00172897	0.00237331	0.00147133	-0.00161056	-0.00555249	-0.00990747	-0.0146724	-0.0182182	-0.0195982	-0.0218663	-0.0206648	-0.0184258	-0.0163695	-0.0129884	-0.00892286	-0.00428849	-0.00192761	0.00177617	0.00274755	0.00336035	0.00346284	0.00352273	0.00349034	0.00284525	
-0.00545594	-0.00317716	-0.00231601	-0.00343603	-0.00617275	-0.0101075	-0.0139563	-0.0185713	-0.0214397	-0.0230511	-0.0244114	-0.0229202	-0.020487	-0.0180992	-0.0146886	-0.0102694	-0.00611355	-0.00316528	0.00012544	0.00153935	0.00223624	0.00192509	0.00247757	0.0024031	0.00201872	
-0.00861855	-0.00641738	-0.00522551	-0.00607443	-0.00912504	-0.0122772	-0.0164415	-0.020243	-0.0233047	-0.0246783	-0.0256447	-0.0241679	-0.0215831	-0.0194381	-0.0157665	-0.0118275	-0.00761847	-0.00465773	-0.00129573	0.000103541	0.000860314	0.00107119	0.00170005	0.00248389	0.00215006	
-0.0126161	-0.00994254	-0.00892086	-0.00990657	-0.012573	-0.0157188	-0.018946	-0.0227731	-0.0248932	-0.0258214	-0.0263548	-0.023672	-0.0213867	-0.0182172	-0.0143795	-0.0103163	-0.00575605	-0.00246046	0.000988342	0.00195661	0.00319398	0.00328912	0.00420385	0.00454907	0.00432548	
-0.0137537	-0.0112458	-0.00985518	-0.0109289	-0.0130671	-0.0154932	-0.0188684	-0.0217013	-0.0235036	-0.0243759	-0.0237116	-0.0218209	-0.0186425	-0.0160208	-0.0116937	-0.00796344	-0.00403068	0.00017279	0.00249771	0.0039948	0.00499031	0.00564464	0.00613642	0.00666856	0.00666828	
-0.0128534	-0.0100469	-0.00904604	-0.00942031	-0.0115832	-0.0136443	-0.0168856	-0.0195065	-0.0210658	-0.0217264	-0.0213974	-0.0186615	-0.0166825	-0.0129685	-0.00916662	-0.005945	-0.001698	0.00183238	0.00487023	0.00553653	0.00745745	0.00772241	0.00829218	0.00890399	0.00919419	
-0.0112438	-0.00853564	-0.0074468	-0.00835521	-0.00996892	-0.0123439	-0.0150493	-0.0174453	-0.0186332	-0.0194625	-0.0180402	-0.0158739	-0.0128898	-0.00979437	-0.00566105	-0.00247906	0.00109062	0.00561674	0.00732034	0.00904505	0.0103108	0.0108157	0.0113066	0.0118196	0.0120278	
-0.00842993	-0.00581086	-0.00502608	-0.00554935	-0.00775719	-0.00915288	-0.0122484	-0.0139304	-0.015119	-0.0157084	-0.0140197	-0.0111974	-0.00876857	-0.005394	-0.00149312	0.00153941	0.00511466	0.00874986	0.0108307	0.011836	0.0133069	0.0133177	0.0136662	0.0140829	0.0137496	
-0.00349055	-0.000814485	-0.000110732	-0.000924985	-0.00268879	-0.00463911	-0.00731928	-0.00950112	-0.0103846	-0.011514	-0.00971393	-0.00713	-0.0051629	-0.00188597	0.00182196	0.00458708	0.00719378	0.0110109	0.012359	0.0134849	0.0146982	0.0145366	0.0148585	0.0147832	0.0146917	
0.00153736	0.00412763	0.00451154	0.00381721	0.00180101	0.000178566	-0.00292972	-0.00446615	-0.00579806	-0.00689653	-0.0048534	-0.00294509	-0.000658969	0.00198493	0.00567146	0.00747544	0.00960424	0.0133041	0.0138711	0.0147054	0.0155803	0.0157596	0.0152211	0.0151676	0.0149818	
0.00541939	0.00734257	0.00740125	0.00665483	0.00433508	0.00291484	0.000239601	-0.00163666	-0.002434	-0.00350689	-0.00123878	0.00145584	0.00304064	0.00665259	0.0094727	0.0114821	0.0135462	0.0169695	0.0174355	0.0173235	0.0184574	0.0176536	0.0171104	0.0158812	0.0152014	
0.00969417	0.0118385	0.0117089	0.0106878	0.00880332	0.00702622	0.00420148	0.00249436	0.00117379	9.46087e-05	0.00239794	0.00385249	0.00611438	0.00839182	0.0115665	0.0128618	0.0141926	0.0174947	0.0169524	0.0175518	0.0175454	0.017307	0.0163067	0.0155337	0.0144151	
0.0128477	0.0141327	0.0136643	0.0128773	0.0103713	0.00873167	0.0055033	0.00383467	0.0028736	0.00171692	0.00355769	0.00551292	0.00691226	0.010182	0.0126262	0.0140239	0.0150655	0.0173899	0.0175525	0.0174221	0.0180179	0.0171366	0.0165366	0.0153587	0.0141494	
0.0135485	0.0146215	0.0141573	0.0129468	0.0110969	0.00911607	0.0063486	0.00483442	0.00388264	0.002681	0.00496797	0.00658832	0.00886912	0.0114345	0.014076	0.0152382	0.0159684	0.0185799	0.017597	0.018063	0.0180769	0.0175391	0.0162102	0.0145926	0.0134582	
0.014733	0.0153642	0.0143663	0.0130478	0.0108516	0.00918968	0.00646696	0.00513918	0.0037366	0.00299371	0.0051515	0.00729331	0.00916534	0.0119493	0.0141035	0.0150633	0.0161099	0.0177159	0.0172516	0.0169991	0.0173613	0.0167966	0.0149542	0.0136615	0.0125547	
0.0156106	0.0156225	0.0150456	0.0133608	0.0112574	0.00940548	0.00697179	0.00538874	0.00437952	0.00365509	0.00609304	0.00781632	0.00976201	0.0124362	0.0144393	0.0153006	0.0154323	0.0170008	0.0160329	0.0161232	0.0157784	0.0147314	0.0133905	0.0116611	0.010555	
0.0159241	0.0158637	0.0148313	0.0130934	0.0110707	0.00897216	0.00669003	0.00541885	0.0043184	0.00439973	0.00640529	0.00832225	0.0103149	0.0128879	0.0147731	0.0151042	0.0151872	0.0155881	0.0150511	0.0147205	0.0139813	0.0132649	0.0114666	0.0100814	0.00840828	
0.0163722	0.0153275	0.0141113	0.0120048	0.0101212	0.00806924	0.00599276	0.00470493	0.0038705	0.00402873	0.00613582	0.00827054	0.0105212	0.012975	0.0143334	0.014906	0.0148744	0.0148231	0.0138682	0.013464	0.0128111	0.0120741	0.0102425	0.00824554	0.0066647	
