0.29829	0.167183	0.0873166	0.0230752	-0.0147671	-0.0360884	-0.0550981	-0.0610005	-0.0589361	-0.0681379	-0.0705256	-0.0626764	-0.0626303	-0.0676742	-0.0691127	-0.0698473	-0.0778182	-0.0798564	-0.0722925	-0.0763139	-0.0831808	-0.0780362	-0.0738327	-0.0760214	-0.0816186	
0.301697	0.193584	0.109453	0.0392304	-0.00721703	-0.0309159	-0.05033	-0.0607648	-0.0571155	-0.0624986	-0.0691257	-0.0636664	-0.061349	-0.0657413	-0.0689106	-0.0687657	-0.0745549	-0.0800143	-0.0733141	-0.0732757	-0.0820549	-0.0798774	-0.0734035	-0.0738714	-0.080083	
0.320286	0.220035	0.130177	0.0631227	0.00813072	-0.0270546	-0.0444097	-0.0618235	-0.0663392	-0.0623856	-0.0584995	-0.0565838	-0.0638952	-0.0672722	-0.0676272	-0.0702816	-0.0715827	-0.075942	-0.0759269	-0.0734878	-0.0787246	-0.0804442	-0.0752175	-0.0729128	-0.0763573	
0.340072	0.241116	0.146203	0.0724942	0.019388	-0.0222408	-0.0387221	-0.0500627	-0.0605391	-0.0587116	-0.0625041	-0.0642943	-0.0612157	-0.0625024	-0.0660118	-0.0687885	-0.0702717	-0.0764849	-0.0787023	-0.0722033	-0.073965	-0.0804459	-0.0789026	-0.0744936	-0.0733148	
0.359982	0.264927	0.170998	0.0910828	0.0311138	-0.0104263	-0.0356745	-0.049833	-0.0583899	-0.0579335	-0.0624554	-0.0641005	-0.0568906	-0.0577834	-0.0675332	-0.0743797	-0.0699226	-0.0694241	-0.0781561	-0.0766912	-0.0725111	-0.0772331	-0.080107	-0.0771843	-0.0727954	
0.37551	0.287223	0.195146	0.113464	0.0475058	0.00119177	-0.0306311	-0.0482604	-0.0592153	-0.0593833	-0.0574631	-0.059325	-0.0592237	-0.062105	-0.0658397	-0.0688564	-0.0688551	-0.0718646	-0.0801611	-0.0762303	-0.0696416	-0.0763354	-0.081232	-0.0771329	-0.071551	
0.392528	0.309421	0.217274	0.130142	0.063538	0.00983986	-0.0265571	-0.040096	-0.0553499	-0.0612969	-0.0563411	-0.0573391	-0.0601745	-0.063698	-0.0636773	-0.0651797	-0.0708387	-0.0743507	-0.0780569	-0.0755464	-0.0710336	-0.0762879	-0.0799552	-0.0758641	-0.0711936	
0.404428	0.331027	0.239337	0.149925	0.0762384	0.0216665	-0.0182426	-0.0374407	-0.0476373	-0.0591228	-0.0600365	-0.0597392	-0.0621053	-0.0597093	-0.0582041	-0.0676305	-0.0763516	-0.0718865	-0.0720887	-0.0786805	-0.0770301	-0.0747243	-0.0758634	-0.0752336	-0.0732584	
0.410491	0.346199	0.261927	0.175702	0.0958167	0.0383838	-0.00684334	-0.0372421	-0.0492939	-0.0591099	-0.0587629	-0.0592613	-0.0613357	-0.0590333	-0.0611239	-0.0666828	-0.0729091	-0.0727948	-0.0728642	-0.0797132	-0.0793863	-0.0743431	-0.0742321	-0.0754815	-0.0760091	
0.422382	0.365146	0.283837	0.197021	0.11447	0.0495871	-2.18715e-05	-0.0308581	-0.0482625	-0.0615269	-0.0591433	-0.0554682	-0.0573801	-0.06172	-0.0666133	-0.0668399	-0.0707161	-0.0711675	-0.0711336	-0.0816958	-0.0824154	-0.0731889	-0.0732239	-0.0781058	-0.0801397	
0.427774	0.380899	0.304834	0.214474	0.128744	0.0586966	0.00695929	-0.0263647	-0.0393348	-0.0495653	-0.0593053	-0.0619234	-0.0641086	-0.0673566	-0.0648573	-0.0613459	-0.0686065	-0.0736139	-0.0740882	-0.0808601	-0.0792893	-0.071916	-0.0752463	-0.0810989	-0.0816639	
0.424622	0.386609	0.320012	0.237059	0.150875	0.0792038	0.0261903	-0.0186615	-0.041534	-0.0538002	-0.0631202	-0.0640662	-0.0650395	-0.0636909	-0.0625269	-0.0649791	-0.0718695	-0.0781098	-0.075333	-0.0728695	-0.0747635	-0.0763271	-0.078439	-0.0790938	-0.0780585	
0.427338	0.403506	0.340042	0.25768	0.170885	0.0907491	0.0328896	-0.0117878	-0.0380546	-0.0542645	-0.0647116	-0.0625405	-0.061703	-0.0646153	-0.0689259	-0.0711666	-0.0748244	-0.0788152	-0.0707948	-0.0684219	-0.0792604	-0.0812599	-0.075827	-0.0740325	-0.074366	
0.426361	0.41236	0.358384	0.276153	0.187132	0.104251	0.0398214	-0.00795157	-0.0354215	-0.0466036	-0.0565989	-0.0627314	-0.0663868	-0.0716946	-0.0775514	-0.0756788	-0.0720991	-0.0744491	-0.0721685	-0.0746093	-0.0832978	-0.0797075	-0.0722696	-0.0709749	-0.0722527	
0.420317	0.415185	0.36578	0.289984	0.202146	0.11883	0.057135	0.00693229	-0.0279274	-0.0448662	-0.0592622	-0.066958	-0.0722076	-0.0765008	-0.0768435	-0.0751167	-0.0741129	-0.0787869	-0.0802908	-0.0788086	-0.0808602	-0.0783228	-0.0721731	-0.0689986	-0.0730116	
0.413181	0.420463	0.380888	0.306581	0.221935	0.135168	0.0668859	0.016309	-0.0225455	-0.042846	-0.0599186	-0.0702576	-0.0729475	-0.0761386	-0.0795692	-0.0795104	-0.0773656	-0.0844066	-0.0885475	-0.08184	-0.079965	-0.078605	-0.0718825	-0.071227	-0.0811716	
0.405802	0.423166	0.392536	0.324224	0.239124	0.152901	0.0791631	0.0231148	-0.0189261	-0.0427446	-0.0593004	-0.0701141	-0.0739501	-0.0748504	-0.0783918	-0.0847487	-0.0869435	-0.0920678	-0.0926239	-0.0823948	-0.0790948	-0.0795861	-0.0776431	-0.0827375	-0.0910594	
0.401189	0.426996	0.401527	0.336123	0.252069	0.161969	0.0871393	0.0305626	-0.0150439	-0.0383628	-0.05375	-0.0655051	-0.0709023	-0.077864	-0.0862757	-0.092711	-0.0928656	-0.0940389	-0.0922311	-0.0815374	-0.0795778	-0.086677	-0.0916621	-0.0945356	-0.0929594	
0.390933	0.423291	0.40482	0.343016	0.261439	0.173626	0.0949086	0.0407231	-0.00207381	-0.029171	-0.0476025	-0.0646393	-0.0753672	-0.083948	-0.0927476	-0.0987935	-0.0941153	-0.0886637	-0.0884553	-0.085292	-0.0893073	-0.0998649	-0.101928	-0.0960151	-0.0892169	
0.375081	0.414216	0.404666	0.352066	0.275398	0.192022	0.114447	0.0538048	0.00506181	-0.0258643	-0.0480695	-0.0688009	-0.0819779	-0.089451	-0.0920161	-0.0924826	-0.0880044	-0.0871346	-0.0950119	-0.0976476	-0.100412	-0.106191	-0.102553	-0.0931218	-0.0873855	
0.367651	0.415157	0.412565	0.365218	0.291612	0.205574	0.123093	0.061736	0.00796657	-0.0311408	-0.0543293	-0.0713539	-0.078785	-0.0813728	-0.0836483	-0.0884813	-0.0903761	-0.0938219	-0.104409	-0.10689	-0.104409	-0.104745	-0.099337	-0.0909071	-0.0873757	
0.360305	0.412725	0.417017	0.372817	0.298723	0.213704	0.126318	0.0578999	0.00546446	-0.0289898	-0.0481712	-0.0636918	-0.0719034	-0.0765169	-0.0823062	-0.0913828	-0.096715	-0.100346	-0.109088	-0.108522	-0.101433	-0.0993049	-0.0946565	-0.0887694	-0.0912925	
0.35242	0.405994	0.410605	0.369862	0.297208	0.21275	0.130724	0.0675955	0.0149513	-0.0229912	-0.0428889	-0.0582596	-0.0695813	-0.0785373	-0.0864522	-0.0964859	-0.102347	-0.102876	-0.107323	-0.104214	-0.094171	-0.0906147	-0.08953	-0.0925583	-0.107731	
0.335161	0.39473	0.407537	0.370855	0.302891	0.22235	0.137371	0.0717318	0.0213688	-0.0155867	-0.0382611	-0.0588054	-0.0734214	-0.083894	-0.092977	-0.101343	-0.103702	-0.10027	-0.100729	-0.0945623	-0.0834786	-0.0845547	-0.0947787	-0.111454	-0.137132	
0.327089	0.389105	0.404464	0.373756	0.307101	0.228473	0.14725	0.0803778	0.0254807	-0.0176085	-0.042936	-0.0636875	-0.0807199	-0.0912565	-0.096228	-0.101134	-0.100484	-0.0909541	-0.0869816	-0.0837758	-0.0809975	-0.0935909	-0.11648	-0.142188	-0.170679	
0.320635	0.38924	0.410354	0.380869	0.316274	0.235047	0.147428	0.0763039	0.0197707	-0.0241231	-0.0519954	-0.0744521	-0.0881926	-0.0944065	-0.0949269	-0.0920202	-0.0854388	-0.0767787	-0.0794223	-0.0865722	-0.0950554	-0.117718	-0.147648	-0.175859	-0.203418	
0.322095	0.390366	0.411418	0.383435	0.315376	0.232384	0.142255	0.0661559	0.00651846	-0.0400264	-0.0651443	-0.0807767	-0.0887199	-0.0866932	-0.079661	-0.077225	-0.0769691	-0.0752856	-0.0866418	-0.104785	-0.12199	-0.14926	-0.181239	-0.209412	-0.234032	
0.320025	0.388714	0.408582	0.376831	0.306248	0.217976	0.125446	0.0499583	-0.00686424	-0.0465732	-0.0656668	-0.075514	-0.0773333	-0.0752138	-0.0727038	-0.0744835	-0.0811837	-0.089799	-0.110193	-0.134262	-0.154843	-0.183971	-0.216074	-0.240399	-0.255231	
0.309242	0.374475	0.392631	0.361309	0.290803	0.206395	0.116707	0.0455423	-0.00490464	-0.0420422	-0.0585105	-0.0672569	-0.0724502	-0.0738232	-0.076862	-0.0887701	-0.104789	-0.118312	-0.142151	-0.170339	-0.193455	-0.221118	-0.246615	-0.258655	-0.256785	
0.293838	0.360525	0.38091	0.352348	0.285762	0.204513	0.121181	0.0526757	0.00124341	-0.0353667	-0.0542409	-0.0675592	-0.0783379	-0.0888404	-0.100301	-0.116712	-0.1372	-0.156506	-0.184557	-0.21318	-0.231765	-0.249626	-0.260871	-0.256024	-0.237361	
0.286752	0.356626	0.380196	0.35478	0.291501	0.212669	0.126431	0.0570279	0.00547832	-0.0365164	-0.0617169	-0.0817347	-0.0996835	-0.115491	-0.133141	-0.157442	-0.183331	-0.203528	-0.22836	-0.2495	-0.256263	-0.258935	-0.253649	-0.23337	-0.201551	
0.292159	0.361788	0.385462	0.360272	0.295336	0.214835	0.129946	0.055898	-0.00401996	-0.050994	-0.0813304	-0.107685	-0.1334	-0.158112	-0.181371	-0.206786	-0.230505	-0.244812	-0.259676	-0.267331	-0.258677	-0.246156	-0.227223	-0.194603	-0.150572	
0.299028	0.369017	0.391087	0.362467	0.295631	0.210497	0.115927	0.0373248	-0.0249368	-0.0785354	-0.117573	-0.152347	-0.183	-0.208574	-0.230615	-0.251139	-0.265046	-0.267086	-0.268342	-0.261448	-0.239543	-0.215092	-0.183587	-0.13761	-0.0807371	
0.306067	0.369771	0.385924	0.352336	0.277588	0.186496	0.0904378	0.00488149	-0.0679224	-0.127992	-0.169621	-0.204133	-0.233287	-0.254205	-0.266211	-0.275021	-0.276755	-0.265567	-0.254264	-0.235616	-0.201459	-0.163595	-0.118333	-0.0602067	0.00532165	
0.299214	0.358301	0.367396	0.323772	0.242732	0.143777	0.0367549	-0.0522226	-0.123163	-0.18056	-0.219618	-0.250052	-0.269424	-0.278242	-0.279782	-0.276637	-0.264905	-0.242734	-0.220454	-0.187544	-0.139135	-0.089073	-0.0333987	0.0312126	0.0971167	
0.276111	0.3236	0.321511	0.271021	0.182756	0.0814069	-0.0201824	-0.105291	-0.174476	-0.227008	-0.256737	-0.2747	-0.283348	-0.281369	-0.269527	-0.2551	-0.232808	-0.196982	-0.159981	-0.11395	-0.054973	0.00284812	0.0618577	0.123801	0.182341	
0.227949	0.270724	0.265461	0.210497	0.12401	0.0255682	-0.0749991	-0.153478	-0.212048	-0.251338	-0.269444	-0.278493	-0.274797	-0.259778	-0.237803	-0.210168	-0.171194	-0.122936	-0.0766333	-0.0209711	0.0430592	0.0992826	0.152951	0.207179	0.256268	
0.1775	0.21698	0.207836	0.15467	0.0710102	-0.0217615	-0.110202	-0.176686	-0.225391	-0.255289	-0.262693	-0.257292	-0.240246	-0.212183	-0.174231	-0.133698	-0.0860226	-0.0296494	0.0230221	0.07954	0.138441	0.187666	0.233977	0.279202	0.318042	
0.132762	0.172709	0.167266	0.11654	0.039414	-0.0450557	-0.12555	-0.181485	-0.21846	-0.232012	-0.222596	-0.204252	-0.173184	-0.131835	-0.0864206	-0.0390194	0.0165672	0.0734468	0.120783	0.172519	0.225108	0.265691	0.302914	0.338223	0.365056	
0.107574	0.150056	0.144694	0.098022	0.0282314	-0.0466773	-0.112884	-0.153022	-0.173293	-0.171715	-0.151374	-0.121191	-0.0803406	-0.033093	0.0178065	0.0666685	0.117556	0.16807	0.211106	0.25715	0.299826	0.330358	0.357744	0.379796	0.389402	
0.106636	0.150871	0.150626	0.111153	0.0516959	-0.0113185	-0.0627615	-0.0876949	-0.0973678	-0.0847325	-0.0537512	-0.0174468	0.0265675	0.074189	0.120097	0.163408	0.211676	0.256292	0.290406	0.327951	0.360463	0.378467	0.390507	0.393943	0.383005	
0.138907	0.188709	0.193623	0.160606	0.110647	0.0594174	0.0197497	0.00274085	0.00230874	0.0233537	0.0548025	0.089278	0.130551	0.173664	0.215908	0.255217	0.295669	0.329822	0.355608	0.382994	0.398924	0.398451	0.391865	0.375278	0.344581	
0.212912	0.265196	0.271751	0.243145	0.199959	0.152388	0.119002	0.10978	0.111103	0.129972	0.158387	0.190809	0.229485	0.267504	0.301547	0.332507	0.364856	0.387272	0.398616	0.408653	0.404394	0.384603	0.359512	0.325499	0.281157	
0.317257	0.366566	0.372296	0.343852	0.29997	0.255969	0.227348	0.213779	0.212406	0.232351	0.25814	0.285887	0.316952	0.346337	0.372071	0.392631	0.409811	0.413558	0.40755	0.399071	0.374271	0.337309	0.299108	0.255563	0.206334	
0.439152	0.484182	0.483326	0.448755	0.404154	0.35683	0.324073	0.311648	0.31207	0.327839	0.344641	0.364115	0.387563	0.405705	0.415137	0.419329	0.41919	0.403171	0.379418	0.353788	0.313529	0.267499	0.224727	0.179771	0.133201	
0.56666	0.599097	0.587733	0.549216	0.49862	0.448712	0.42061	0.402809	0.394423	0.40175	0.4093	0.420242	0.428229	0.427603	0.421217	0.408749	0.388415	0.355167	0.320356	0.284223	0.236521	0.19014	0.150246	0.110199	0.0712824	
0.686444	0.708201	0.689178	0.640909	0.583924	0.531116	0.492161	0.463764	0.451115	0.449411	0.44313	0.436379	0.426646	0.410889	0.386536	0.358171	0.326501	0.284295	0.243969	0.204629	0.15842	0.118604	0.0861592	0.0542332	0.0245347	
0.797863	0.803966	0.767223	0.707428	0.641211	0.577097	0.533108	0.497974	0.473282	0.453695	0.428965	0.409598	0.386644	0.354956	0.320756	0.287258	0.247193	0.201764	0.166366	0.13091	0.0904659	0.060649	0.0374074	0.013617	-0.00770393	
0.878237	0.863788	0.812435	0.741026	0.660646	0.590145	0.534353	0.48178	0.444755	0.412115	0.379751	0.351188	0.315392	0.278387	0.241217	0.203733	0.165419	0.12861	0.0999177	0.068723	0.0381497	0.0195642	0.00353609	-0.0137522	-0.0279899	
0.919188	0.884654	0.815044	0.725151	0.633087	0.5522	0.483898	0.426045	0.38499	0.344887	0.304632	0.26839	0.231404	0.194973	0.160038	0.130454	0.0980486	0.0670093	0.0467842	0.0240699	0.00295994	-0.00778025	-0.0184863	-0.0306	-0.0397809	
