0.00487918	0.00620246	0.00647896	0.00634665	0.00626218	0.00636419	0.0063808	0.00666119	0.00712365	0.00720451	0.00768647	0.00779659	0.0082094	0.0086403	0.00921653	0.0099725	0.0104894	0.0109831	0.0112787	0.0120037	0.0121584	0.012503	0.0126912	0.01243	0.0125483	
0.00492986	0.00562981	0.00589429	0.00576859	0.00579982	0.00575494	0.00593579	0.00619545	0.00660217	0.00684349	0.00714765	0.00741087	0.00786259	0.00832202	0.00907497	0.00981258	0.0103337	0.0109357	0.0111253	0.0119891	0.0120449	0.0124968	0.0125936	0.0122281	0.0124389	
0.00544766	0.00558663	0.00527623	0.00531816	0.00511635	0.00506386	0.00545065	0.00517103	0.00571222	0.0059891	0.00592297	0.00665312	0.00663655	0.00736996	0.00816346	0.00858658	0.00954116	0.00963617	0.0101509	0.0105776	0.0109785	0.0109828	0.0111611	0.0110756	0.0107224	
0.00207062	0.00236681	0.00214256	0.0020315	0.00183967	0.00223286	0.00198963	0.00239344	0.00243127	0.00249473	0.00264815	0.00298147	0.00338177	0.00380044	0.00455245	0.00501126	0.00519594	0.00590326	0.00562444	0.00634843	0.00626085	0.0066114	0.00633998	0.00610651	0.00572262	
-0.00088721	-0.000942143	-0.00143687	-0.00168192	-0.00171945	-0.0018519	-0.00150473	-0.00157484	-0.00135591	-0.00120174	-0.00121846	-0.000781039	-0.000315668	5.76674e-05	0.000985402	0.00113087	0.00152866	0.00168564	0.00137239	0.00190436	0.0015584	0.00160623	0.0013795	0.000609141	0.000302736	
-0.0027059	-0.00299573	-0.00365956	-0.00383871	-0.00423293	-0.00411521	-0.00393692	-0.00419141	-0.00385282	-0.00381989	-0.00415968	-0.00344699	-0.00353255	-0.00295558	-0.00248619	-0.00225141	-0.0022645	-0.00210995	-0.00262921	-0.00251101	-0.00251935	-0.00294535	-0.00356127	-0.00419193	-0.00494601	
-0.00350374	-0.00346088	-0.00420726	-0.00456949	-0.00484526	-0.0047864	-0.00506488	-0.00480998	-0.00486303	-0.00499561	-0.0050764	-0.00481669	-0.00454655	-0.00433634	-0.00361901	-0.0038443	-0.00389222	-0.00393998	-0.00462377	-0.00492585	-0.00522671	-0.00561153	-0.00660837	-0.00764145	-0.00857364	
-0.00404476	-0.00442085	-0.00526477	-0.0053608	-0.00572853	-0.00550707	-0.00556669	-0.00550758	-0.00554382	-0.00547168	-0.00586713	-0.00524618	-0.00547827	-0.00494491	-0.00486332	-0.00477774	-0.00532649	-0.00526894	-0.00644707	-0.00650565	-0.00750574	-0.0078209	-0.00905854	-0.0100554	-0.0111866	
-0.00401617	-0.00442504	-0.0053445	-0.00559901	-0.00559491	-0.00565832	-0.00540987	-0.00557615	-0.00562466	-0.00555042	-0.00593923	-0.00530446	-0.0053657	-0.00515966	-0.00459096	-0.00498472	-0.00519005	-0.00557431	-0.00636908	-0.00706012	-0.00761829	-0.00852873	-0.00971225	-0.0111012	-0.0118344	
-0.00273886	-0.00305945	-0.0041507	-0.00427765	-0.00466493	-0.00407985	-0.00433822	-0.00415382	-0.00421861	-0.00419518	-0.00453649	-0.00392649	-0.00398883	-0.00344121	-0.00314669	-0.00318452	-0.0040009	-0.00375824	-0.00530775	-0.0056098	-0.00661689	-0.00728879	-0.00899849	-0.0100226	-0.0113793	
-0.000909269	-0.00140449	-0.0025576	-0.00253644	-0.00282987	-0.00264485	-0.00233447	-0.00232388	-0.00227792	-0.00222697	-0.00288075	-0.00205561	-0.00229243	-0.00168666	-0.00106191	-0.00179566	-0.00161797	-0.00223467	-0.00329476	-0.00371676	-0.00474365	-0.00526524	-0.00691984	-0.00793058	-0.00916548	
-0.000595577	-0.00110523	-0.00180622	-0.00200588	-0.00217521	-0.00169293	-0.00149808	-0.00119801	-0.00119267	-0.00102846	-0.00179432	-0.000824336	-0.000884313	-0.00038885	0.000233522	0.000153641	-0.00079119	-0.000418758	-0.00208042	-0.00233972	-0.00317384	-0.00381384	-0.00531943	-0.00658566	-0.00735025	
0.000684822	0.000545787	-0.000553226	-0.000663356	-0.000824752	-0.000584588	-0.000163178	-0.000202628	0.00011359	-7.82559e-05	-0.000442149	0.000444371	0.000691767	0.00105736	0.00226107	0.00167596	0.0016708	0.00162347	0.000185339	-4.28153e-05	-0.000806675	-0.00145653	-0.00265487	-0.00392189	-0.00486401	
0.00175015	0.000961693	8.69118e-05	0.000163705	-0.000344404	0.000398936	0.000371891	0.000605781	0.000722903	0.000693794	9.54746e-05	0.00140365	0.00136125	0.00229728	0.00262609	0.00272971	0.00242558	0.00258976	0.0012005	0.000972849	0.000546099	-3.63295e-05	-0.00135428	-0.00222923	-0.00331545	
0.00179368	0.00169636	0.000331216	0.000345521	0.000371502	0.000670384	0.00111477	0.00115847	0.0011698	0.00150019	0.00100841	0.00191616	0.0027465	0.00303712	0.00436098	0.00395168	0.00391197	0.00408387	0.00267359	0.002628	0.00177715	0.00169933	4.53254e-05	-0.00101455	-0.00156076	
0.00207554	0.00162038	0.000578181	0.000535269	0.000472409	0.00131289	0.00150532	0.00178325	0.00202295	0.00203831	0.00170026	0.00286993	0.00299299	0.00405232	0.00478904	0.00485786	0.0044336	0.00495046	0.00321487	0.00346867	0.00288513	0.00224151	0.00118212	3.8332e-05	-0.000851315	
0.00329906	0.00289193	0.00150019	0.00169465	0.00158161	0.00207686	0.00248608	0.00255918	0.00280065	0.00271186	0.00228043	0.00356211	0.00407919	0.00475202	0.00602368	0.00584577	0.00599182	0.00592659	0.00491606	0.00473668	0.0043497	0.00421339	0.00247048	0.00159715	0.000969066	
0.00269202	0.00238234	0.00131201	0.000977809	0.00126672	0.00195614	0.00233382	0.0025069	0.00275577	0.00293164	0.0025167	0.00366135	0.00441249	0.00523106	0.00623315	0.00636636	0.00590824	0.00619593	0.004674	0.00484685	0.00430472	0.0037422	0.00250133	0.00103328	0.000310636	
0.00267145	0.00274644	0.00121268	0.00143545	0.00143581	0.0021469	0.00274718	0.00262801	0.00328642	0.00310488	0.00279774	0.00432833	0.00446365	0.00559553	0.00677722	0.00634369	0.00637657	0.0065455	0.00487206	0.0054178	0.00445085	0.00445818	0.00276649	0.00162884	0.000672815	
0.00332239	0.00251706	0.00170306	0.00155566	0.00173197	0.00247139	0.00320117	0.00338819	0.0035468	0.00383257	0.00320727	0.00463843	0.00516261	0.0059116	0.00689745	0.00687923	0.00676017	0.00654761	0.00559612	0.00499623	0.00502413	0.00417297	0.00287324	0.00118482	0.000293447	
0.00318985	0.0036521	0.00201913	0.00207652	0.00226923	0.00294474	0.00365928	0.00361451	0.00430426	0.00402699	0.00365951	0.00508767	0.00537518	0.00619883	0.00743596	0.00714056	0.00699753	0.00728108	0.00533379	0.00585302	0.00462409	0.00456187	0.00269367	0.00135224	0.00023646	
0.00373966	0.00320895	0.00220151	0.00215785	0.00231165	0.0030684	0.00362118	0.00376589	0.0042535	0.00406211	0.00371175	0.00501304	0.00504919	0.0062622	0.006962	0.00690698	0.00677109	0.00651577	0.00522716	0.00498904	0.00457918	0.00357776	0.00266514	0.000702141	-0.000326358	
0.00373922	0.00369362	0.00216447	0.00226232	0.00255452	0.00324203	0.00413374	0.00387004	0.00445165	0.00434228	0.00373382	0.00514861	0.005527	0.00607998	0.00746224	0.00702762	0.00685552	0.00666015	0.00526097	0.00502998	0.00417091	0.00391743	0.00180873	0.0002352	-0.000706712	
0.0044478	0.00415939	0.00294805	0.00284628	0.00299972	0.00380861	0.00441265	0.00444006	0.00473948	0.00458994	0.00412396	0.00514116	0.00558424	0.00641722	0.00743905	0.007257	0.00689221	0.00670904	0.00511927	0.00517506	0.00456825	0.00357816	0.00229221	0.00047984	-0.000654329	
0.0034544	0.00357304	0.00208944	0.00230687	0.00232871	0.00329303	0.00382172	0.00397675	0.00447812	0.00389672	0.00361104	0.00491538	0.00476118	0.00605915	0.00684915	0.00675533	0.00630592	0.00625552	0.00458216	0.00476511	0.00373662	0.00322595	0.00146055	-0.000300578	-0.00117791	
0.00342312	0.00268806	0.00169946	0.00140755	0.00179312	0.00216582	0.00332194	0.00316369	0.00341436	0.00324824	0.00281275	0.00361852	0.00445419	0.0048801	0.00620739	0.00579655	0.00602841	0.0051497	0.00431912	0.00373411	0.00328098	0.00234853	0.000909406	-0.0011685	-0.00207975	
0.00266364	0.00260112	0.000952014	0.000835419	0.000888557	0.0016522	0.00230556	0.00236433	0.00285874	0.00230796	0.00178449	0.00309772	0.003084	0.00404968	0.00489295	0.0049741	0.00440542	0.00457151	0.00262443	0.00301871	0.00207001	0.00168957	-0.000106099	-0.00179954	-0.00260696	
0.00160131	0.000912529	-0.00036598	-0.000469514	-0.000502495	0.000273144	0.00101952	0.00139036	0.00147064	0.0011713	0.000845416	0.00152572	0.00220199	0.0026567	0.00379069	0.0036447	0.0034911	0.00290544	0.00170546	0.00136776	0.000861385	-0.00024144	-0.00157875	-0.00351419	-0.00489354	
0.00130934	0.000770743	-0.000491556	-0.00121827	-0.00086361	-0.000153018	0.000535504	0.000810275	0.00144312	0.000750823	0.000428649	0.00133647	0.00152207	0.00234803	0.00330464	0.00304919	0.00288695	0.00236878	0.00102647	0.000940135	4.83573e-05	-0.000515171	-0.0021689	-0.00411034	-0.00496177	
0.0017727	0.000910066	-0.000425563	-0.000810009	-0.000842205	-6.4218e-05	0.000784785	0.0012276	0.00146033	0.00124162	0.000602881	0.00123802	0.00177735	0.00227738	0.00312898	0.00316173	0.00280653	0.00224695	0.000923405	0.000665443	-7.30448e-05	-0.000998193	-0.00263627	-0.00439972	-0.00549594	
0.00222569	0.00173085	0.000383726	-1.0058e-05	-3.19926e-05	0.000882113	0.00162183	0.00221345	0.00261715	0.00214632	0.00162271	0.00256239	0.00272996	0.00330953	0.00435014	0.00417306	0.0037386	0.00324748	0.00173558	0.00144279	0.000682776	-0.000568036	-0.00217357	-0.00391849	-0.005522	
0.00336015	0.00235906	0.00116702	0.000687559	0.000824315	0.00161377	0.00261971	0.00297796	0.00332824	0.00322364	0.002645	0.00319523	0.00365717	0.00402159	0.00503424	0.00493675	0.00456395	0.0037754	0.00253428	0.00205791	0.00124539	0.000567933	-0.00135661	-0.00288513	-0.00412734	
0.00313552	0.00236379	0.0014703	0.00090816	0.00126915	0.00221854	0.00300187	0.00379016	0.00393828	0.00386898	0.00345958	0.00425995	0.00441979	0.00522529	0.00605538	0.00610606	0.00575177	0.0048947	0.00366798	0.00310319	0.0024913	0.00108223	-0.000526532	-0.0025396	-0.00383126	
0.00340009	0.00285241	0.00152287	0.0015161	0.00140797	0.00248942	0.0032246	0.00382552	0.00416168	0.00398961	0.00356245	0.00432005	0.00455338	0.00536503	0.00621485	0.00630693	0.00574546	0.00508091	0.00364256	0.00362402	0.00253531	0.00175681	-0.000168868	-0.00132148	-0.00312093	
0.00318077	0.00227477	0.00120656	0.000790774	0.00120301	0.00203637	0.00306962	0.00371915	0.00391039	0.00407436	0.00339194	0.00423838	0.00460069	0.00528229	0.00637349	0.00641125	0.00594189	0.00519955	0.00412645	0.00341741	0.0027226	0.00165892	-3.30387e-05	-0.00180179	-0.00293254	
0.00272776	0.00177445	0.000889041	0.000503881	0.000670426	0.00160925	0.00255176	0.00330756	0.00347478	0.00333533	0.00289825	0.00363858	0.00392888	0.00477566	0.00569547	0.00581726	0.00543377	0.00465089	0.00336123	0.00273322	0.00209079	0.000891389	-0.000763288	-0.00238808	-0.00400543	
0.0036466	0.00324416	0.00169746	0.00153809	0.00145329	0.00266661	0.00321782	0.00424518	0.00432871	0.0042798	0.0037051	0.00423911	0.00447661	0.0052911	0.0061581	0.00652254	0.00582924	0.00536317	0.00366007	0.0035949	0.00253333	0.00184938	-0.000149544	-0.0014817	-0.00318327	
0.00472908	0.00348458	0.00262799	0.00194659	0.00217411	0.0030369	0.00385414	0.00460496	0.00477405	0.00486383	0.00416749	0.004606	0.005026	0.00567922	0.00657503	0.0071057	0.00636481	0.0054234	0.00457862	0.0034166	0.0030374	0.00185213	0.000111447	-0.00156393	-0.00283608	
0.00531888	0.00465613	0.00333138	0.00302778	0.0029089	0.00383011	0.00443195	0.00557292	0.00565214	0.00560866	0.00504782	0.00543172	0.00578496	0.00645074	0.00769998	0.00775731	0.00739502	0.00680763	0.00520509	0.00490102	0.00384033	0.0029517	0.00100104	-0.000446058	-0.0024167	
0.0066358	0.00551711	0.00446078	0.00397435	0.00375829	0.00482537	0.00544758	0.00642718	0.00651085	0.00671209	0.00595871	0.00626263	0.00669145	0.00780256	0.00820272	0.00924731	0.00835048	0.00798974	0.00669134	0.00596239	0.00534758	0.00423725	0.00258102	0.00098571	-0.000501645	
0.00607181	0.00547611	0.00426055	0.00365473	0.0037207	0.00454087	0.00519778	0.00635108	0.00644915	0.00659995	0.00603406	0.00657913	0.00714073	0.00780432	0.00920076	0.0095063	0.00924769	0.00873508	0.00725196	0.00667713	0.00562849	0.0049436	0.00262921	0.00140109	-0.000473752	
0.00615198	0.00477424	0.00392406	0.003314	0.00317949	0.00394666	0.00462248	0.00580957	0.00572718	0.00593274	0.00548672	0.00583648	0.0063316	0.00733405	0.00819674	0.00907579	0.00865749	0.0080144	0.00698145	0.00609408	0.00550554	0.00439514	0.00287408	0.00112097	-0.000525952	
0.00522866	0.00485933	0.00324428	0.00268848	0.00247486	0.00330077	0.00366571	0.00472473	0.0049126	0.00502918	0.00445088	0.0051453	0.00523641	0.00659005	0.00772805	0.00844954	0.00789738	0.00802553	0.00605604	0.00587293	0.00475612	0.00430461	0.00202917	0.000749795	-0.000885896	
0.00428615	0.00275279	0.00190883	0.00119165	0.00103253	0.00168251	0.00234385	0.00334995	0.00330793	0.00387373	0.00314789	0.00342107	0.00433344	0.00495182	0.00641825	0.00699133	0.00682236	0.00599512	0.00489039	0.00373937	0.0030909	0.00194385	0.000183315	-0.00141698	-0.00335177	
0.00354184	0.00297163	0.00134411	0.000907095	0.000630606	0.00133664	0.00186842	0.00273877	0.00317383	0.0030709	0.00244951	0.00330122	0.00313778	0.00460966	0.00562226	0.00636498	0.00584896	0.00572168	0.00366129	0.00338945	0.00178478	0.00140197	-0.00067329	-0.00220461	-0.00362033	
0.00308097	0.00196662	0.000798376	-8.51792e-06	-0.000168127	0.000433487	0.000917601	0.00207298	0.00208071	0.00233098	0.00174924	0.00213949	0.00269046	0.00349139	0.00497602	0.00524563	0.00515325	0.004469	0.00289488	0.00169589	0.000997115	-0.000541559	-0.00190452	-0.00391001	-0.00568809	
0.0019843	0.00145766	-0.000404196	-0.000680946	-0.00114709	-0.00090121	9.06006e-05	0.00056659	0.00126973	0.00126013	0.000513765	0.0013782	0.00135424	0.00252075	0.00378003	0.00446944	0.00396662	0.00389097	0.00157621	0.0011775	-0.00069322	-0.00115758	-0.00354352	-0.00512502	-0.00667916	
0.000349427	-0.000582177	-0.00204712	-0.00264201	-0.00304883	-0.00265948	-0.00199726	-0.00119727	-0.00078401	-0.000601927	-0.00127416	-0.000737367	-0.000499115	0.000455264	0.0020022	0.0020481	0.00235285	0.00153294	-0.000271381	-0.00111652	-0.00226332	-0.00382326	-0.0050031	-0.00694781	-0.00878001	
-0.00194122	-0.00242911	-0.00406632	-0.00475892	-0.00499807	-0.00454206	-0.00367957	-0.00339709	-0.00214375	-0.00260155	-0.00309557	-0.00222836	-0.00227242	-0.00114269	0.000264123	0.000627185	0.000441825	0.000107975	-0.00199904	-0.00273306	-0.00438348	-0.00547026	-0.00710534	-0.00933613	-0.0109179	
-0.00296246	-0.00343318	-0.00560421	-0.00572027	-0.00623406	-0.0062323	-0.00496666	-0.00474573	-0.00400792	-0.00375787	-0.00472985	-0.00393066	-0.00360371	-0.00316662	-0.00131301	-0.00135683	-0.00132888	-0.00164321	-0.00407029	-0.00434128	-0.00632399	-0.00713393	-0.00906985	-0.0110115	-0.012582	
