0.00351576	0.00685876	0.00632561	0.00594136	0.00498606	0.00165261	0.000130282	-0.001836	-0.00266442	-0.00251198	-0.00194679	-0.000443349	0.000402161	0.000718979	0.000813018	0.000484786	0.000778691	0.000239022	-0.00053223	-0.000986298	-0.00131241	-0.000745783	-0.000548156	-0.000849944	0.000474385	
0.00263141	0.00605973	0.00560268	0.00565917	0.00418971	0.00151186	-0.000266782	-0.00224333	-0.00312051	-0.0029484	-0.00243548	-0.000822621	-4.93485e-05	0.000527886	0.00057081	0.000518805	0.000612231	0.000315647	-0.000531505	-0.0011815	-0.00135373	-0.000630472	-0.00097648	-0.00107556	2.58253e-05	
0.00207634	0.00576858	0.00526998	0.00530916	0.00432232	0.00110609	-0.00056332	-0.00291155	-0.00391633	-0.0038058	-0.00374319	-0.00198597	-0.00138124	-0.000820741	-0.000442329	-0.000813484	-0.000103566	-0.000858437	-0.0011828	-0.00176003	-0.00172276	-0.00118459	-0.000841114	-0.0011699	0.000265983	
0.00163128	0.00550004	0.00522416	0.00548859	0.0042255	0.00122155	-0.00045129	-0.00289214	-0.00366657	-0.00382674	-0.003751	-0.00210276	-0.00146326	-0.000772664	-0.000583769	-0.000510661	-0.000200796	-0.000690144	-0.00107287	-0.0016753	-0.00212952	-0.00107569	-0.00160741	-0.00173632	-0.000213616	
0.00142704	0.005585	0.00538153	0.00558471	0.00441518	0.00151838	-0.000691615	-0.00284665	-0.0043288	-0.00431611	-0.00471467	-0.00292764	-0.00233068	-0.0018581	-0.00142227	-0.00152685	-0.00115848	-0.00147897	-0.00194115	-0.00263172	-0.00266629	-0.00228319	-0.0021594	-0.00225656	-0.000873532	
0.00194564	0.00601759	0.00617141	0.00633531	0.00505955	0.00255342	-9.07023e-05	-0.00248386	-0.00351976	-0.00423884	-0.00428604	-0.00272637	-0.00209267	-0.00168022	-0.00112367	-0.00129945	-0.000713166	-0.00119014	-0.00183725	-0.00216141	-0.00267535	-0.00164605	-0.00200735	-0.00185938	-0.000958143	
0.00242532	0.00631278	0.00667332	0.00703624	0.00596362	0.00297378	0.000909811	-0.00195047	-0.00325411	-0.00342445	-0.00408326	-0.00213771	-0.00148546	-0.000853721	-0.000840384	-0.000209294	-6.38718e-05	-0.000606858	-0.00063496	-0.00183562	-0.00172341	-0.00133236	-0.00155776	-0.0017778	-0.000213161	
0.00227775	0.00673087	0.00750623	0.00747168	0.00676817	0.00431053	0.00155479	-0.000988575	-0.00227166	-0.00296333	-0.00309946	-0.00155112	-0.000381529	-0.000471975	0.00066363	0.000557722	0.00106435	0.000753873	-2.6333e-05	-0.000486882	-0.000816269	-0.000284748	-0.000391421	-0.000605038	0.000717832	
0.00307705	0.00760465	0.0085289	0.00889512	0.00806357	0.00591188	0.00315019	0.000270921	-0.00085985	-0.00170997	-0.00182223	-5.15736e-05	0.000665788	0.00145973	0.00176506	0.00248043	0.00246861	0.00229687	0.00149447	0.000909478	0.000748465	0.000995014	0.00092642	0.000840872	0.00200116	
0.00373746	0.00806208	0.00905819	0.00982157	0.00858146	0.00652966	0.00384566	0.000851823	-0.000669197	-0.00116512	-0.00154265	-8.02573e-06	0.00131388	0.00160789	0.00247397	0.00339786	0.00348897	0.00286981	0.00291435	0.0018408	0.00163357	0.00232061	0.00177766	0.00197166	0.00284432	
0.00202151	0.00682736	0.00843976	0.00865337	0.00802009	0.00598274	0.0032278	0.00038227	-0.0011544	-0.00178196	-0.00223057	-0.000335004	0.000516799	0.00097978	0.00217662	0.00252937	0.0028498	0.00243751	0.00182991	0.00105505	0.000837836	0.000885755	0.000634371	0.00069592	0.0018004	
0.00214923	0.00674155	0.00857967	0.00898258	0.0083723	0.00630431	0.00356897	0.000479809	-0.00117715	-0.00222142	-0.00241211	-0.000880778	0.00035829	0.000826468	0.00180335	0.00287354	0.00295986	0.002679	0.00229331	0.00157855	0.000908851	0.00153739	0.000905925	0.000718686	0.0021161	
0.00262305	0.00681071	0.00915054	0.00966571	0.00886745	0.00696284	0.00423479	0.00124996	-0.000707081	-0.00181147	-0.0019977	-0.000697415	0.000694738	0.000684432	0.00218431	0.00296619	0.00324559	0.00258641	0.00209153	0.000922345	0.00113604	0.000344054	0.00059196	0.000286323	0.00116825	
0.00336376	0.00845874	0.00993398	0.0112601	0.00991832	0.008309	0.00563395	0.00232767	0.000236807	-0.000742549	-0.00125837	0.000481473	0.00117339	0.0018816	0.00295499	0.00462535	0.00411017	0.00399246	0.00308409	0.00258061	0.00152426	0.00222177	0.000851866	0.00142669	0.0020457	
0.00433624	0.00871699	0.0110445	0.0117331	0.0111134	0.00908166	0.00650904	0.0032221	0.00083576	-0.000177705	-0.000765695	0.000907174	0.00163463	0.00212569	0.00400454	0.00459013	0.00526209	0.00410111	0.00389726	0.0028937	0.00260102	0.00201609	0.00195894	0.00184606	0.00260205	
0.00435339	0.00905535	0.0112672	0.0125307	0.0114262	0.00970906	0.00721366	0.003773	0.00118695	7.21048e-05	-0.000338765	0.00136332	0.00200967	0.00300479	0.00434654	0.0059801	0.00591021	0.00569556	0.00468545	0.00454758	0.00351133	0.00326903	0.00298758	0.00304403	0.00349721	
0.00459292	0.00915642	0.0115159	0.0128948	0.0117321	0.00986967	0.00764099	0.00399017	0.00108456	0.000235579	-0.00056667	0.00138965	0.00211578	0.00287311	0.00490954	0.00611715	0.00674463	0.00584444	0.00573556	0.00503555	0.00446836	0.00405456	0.00371847	0.00360831	0.00441372	
0.00414313	0.00881036	0.0114236	0.0128543	0.0118465	0.00998848	0.00758713	0.00399469	0.000983519	-0.000187301	-0.000802073	0.00111687	0.00161397	0.00275705	0.00427164	0.00617224	0.00638582	0.00595406	0.00552487	0.00520937	0.00438908	0.00417088	0.0036005	0.00400862	0.00432788	
0.00363831	0.00825735	0.0111409	0.0128592	0.0114865	0.00981331	0.00727294	0.00389126	0.000304959	-0.000702884	-0.00148729	0.000561876	0.000812457	0.00200384	0.00395057	0.00532104	0.00617068	0.00545118	0.00501952	0.00483387	0.00396165	0.00374747	0.00311475	0.00338664	0.00392183	
0.00291755	0.00771815	0.0107187	0.0122305	0.0112992	0.00947212	0.00703049	0.00348066	-0.000104592	-0.0013162	-0.00221742	-0.000335127	-0.000240874	0.00094874	0.00298719	0.0046304	0.00493392	0.00458465	0.0040335	0.00397294	0.00314391	0.00231801	0.00224905	0.00215109	0.00230544	
0.002771	0.00716529	0.00994137	0.0125152	0.0107513	0.00899665	0.0068959	0.00264627	-0.000839509	-0.00203621	-0.00323442	-0.00177099	-0.00153241	-0.000238658	0.00158676	0.00339036	0.00369631	0.00305994	0.003088	0.00279072	0.00200694	0.00165828	0.000907203	0.00157008	0.00137895	
0.000772038	0.00554759	0.00906213	0.0104726	0.00993588	0.00788585	0.00518132	0.00184227	-0.00220241	-0.00337599	-0.0047063	-0.00284515	-0.00301066	-0.00169932	0.00036241	0.00186935	0.00221224	0.00181244	0.00156033	0.00144288	0.000761428	-0.000215534	-0.000139771	-0.000228972	-0.000226313	
-0.000873395	0.00356347	0.00715709	0.00901612	0.0078044	0.00652489	0.00384046	0.000107169	-0.00348458	-0.00523442	-0.00591703	-0.00480211	-0.00464787	-0.00331501	-0.00141577	0.000156704	0.000919575	0.000122074	-0.000168396	0.000245693	-0.001295	-0.00130288	-0.00211735	-0.00165717	-0.00200324	
-0.00155571	0.00240853	0.00619104	0.00791983	0.00727112	0.00560536	0.00290644	-0.000749865	-0.00487609	-0.0060059	-0.00737592	-0.00621795	-0.00592019	-0.00465131	-0.00306545	-0.000745014	-0.000751115	-0.000924619	-0.000995212	-0.00131469	-0.00159972	-0.00280103	-0.00277327	-0.0028647	-0.00243011	
-0.0030645	0.000896244	0.00488641	0.00673926	0.00584937	0.00455891	0.00169272	-0.00198101	-0.00534609	-0.00728729	-0.00814956	-0.00751002	-0.00699198	-0.00627358	-0.00405225	-0.00242884	-0.00215045	-0.00250425	-0.00290214	-0.00307991	-0.00374978	-0.00440283	-0.00523113	-0.00443767	-0.00498734	
-0.00458567	-0.000672072	0.00349162	0.0052889	0.0044683	0.00316636	0.000605396	-0.00329504	-0.00699396	-0.00853575	-0.00971415	-0.00908436	-0.0090634	-0.00766057	-0.00625399	-0.00418466	-0.00419359	-0.00470744	-0.004769	-0.0052607	-0.00582085	-0.00670838	-0.00735486	-0.00689012	-0.00704526	
-0.0053771	-0.00170588	0.00314908	0.00374875	0.00391932	0.00292197	-0.000470988	-0.00369893	-0.00723293	-0.00933593	-0.00991205	-0.0101909	-0.00970943	-0.00885216	-0.00690078	-0.0055952	-0.00564487	-0.00587817	-0.00642279	-0.00659258	-0.0072292	-0.00848917	-0.00871608	-0.00867891	-0.00932185	
-0.00602565	-0.00256676	0.00162026	0.00360691	0.00290948	0.00197694	-0.00103386	-0.00461827	-0.0079065	-0.00999165	-0.0111315	-0.0112676	-0.0107788	-0.00993814	-0.00815907	-0.00684264	-0.00684088	-0.00728618	-0.00759946	-0.0078853	-0.00865263	-0.00972846	-0.0105386	-0.0102171	-0.0106236	
-0.0069115	-0.00378304	0.00134729	0.0025266	0.00259968	0.0016608	-0.00129853	-0.004283	-0.00754921	-0.00987274	-0.0103471	-0.0110631	-0.0102876	-0.00944952	-0.00822935	-0.00615621	-0.0071605	-0.00706513	-0.0075143	-0.00814874	-0.00868526	-0.0101225	-0.01072	-0.0108178	-0.0114339	
-0.00621943	-0.00289278	0.00194256	0.00326498	0.00324027	0.0027282	-0.000326597	-0.00342863	-0.0063368	-0.00869927	-0.0092331	-0.0100485	-0.00919566	-0.00849701	-0.00660449	-0.00567892	-0.00545271	-0.00594935	-0.00594961	-0.00655469	-0.00691273	-0.00810238	-0.00878312	-0.00860358	-0.0092895	
-0.00522626	-0.00174461	0.00299572	0.00426289	0.00498865	0.00440432	0.00140186	-0.00136919	-0.00397943	-0.00621395	-0.00696756	-0.00779346	-0.00683875	-0.0057216	-0.00469508	-0.00279319	-0.00363389	-0.00340583	-0.00360444	-0.00398414	-0.00484112	-0.00551005	-0.00640915	-0.00650296	-0.00698755	
-0.00323989	-0.000322116	0.00464163	0.00607899	0.00678247	0.00630248	0.00332544	0.000850408	-0.0016409	-0.00397228	-0.00437654	-0.00552841	-0.00425324	-0.00341315	-0.0015461	-0.000789647	-0.000828432	-0.000898192	-0.00108653	-0.00141339	-0.00145872	-0.00300033	-0.00323285	-0.00319155	-0.00392477	
-0.00215465	0.0012467	0.00568345	0.0075723	0.00831393	0.0079983	0.0055582	0.00282645	0.000468005	-0.00131182	-0.0019042	-0.00275446	-0.00166063	-0.00043386	0.00102415	0.00225685	0.00175776	0.00203749	0.00183583	0.00162966	0.00122696	0.000358794	-0.000268868	-0.000390138	-0.000799628	
-0.00154414	0.00152675	0.00631495	0.00791289	0.00911072	0.00914935	0.00650252	0.00421753	0.00212784	8.17668e-05	7.26468e-05	-0.00130827	-0.000101332	0.00134519	0.0024988	0.00342155	0.00338143	0.00340233	0.00312268	0.0030618	0.00273299	0.00173243	0.0012437	0.00117231	0.00050889	
-0.000928174	0.00220969	0.00637687	0.00853912	0.00967635	0.00924272	0.00716327	0.00492322	0.00273746	0.00114542	0.000555098	-0.000526488	0.000590674	0.00203398	0.00323811	0.00406125	0.00424905	0.00415015	0.0041633	0.00414368	0.00396621	0.00304867	0.00284072	0.00253128	0.00256226	
-0.00211543	0.000983331	0.00521578	0.00730492	0.00850722	0.00815721	0.00617437	0.00418308	0.00245866	0.000508525	0.000268942	-0.000850197	0.000101448	0.00150803	0.00280434	0.00347365	0.00339685	0.00365282	0.00366699	0.00367899	0.00337134	0.00297035	0.00257312	0.00251437	0.00230895	
-0.00420616	-0.00127661	0.00239815	0.00516683	0.00608959	0.00559664	0.00414519	0.0022572	0.000298973	-0.000999377	-0.00160656	-0.00268429	-0.00182998	-0.000133505	0.000805319	0.0013113	0.00178939	0.00191876	0.00186268	0.002325	0.00215204	0.00135152	0.00172413	0.00151557	0.00164588	
-0.00560468	-0.00252493	0.00107038	0.0032679	0.00487785	0.00428176	0.00290001	0.00126751	2.23239e-05	-0.00191324	-0.00221922	-0.00316206	-0.00234428	-0.000826456	0.000514837	0.000753389	0.00104034	0.00126883	0.00165172	0.00163893	0.00173243	0.0012858	0.00121581	0.00115393	0.00157048	
-0.00609095	-0.00311327	-0.000184488	0.00294466	0.00404951	0.00355265	0.00252563	0.00123028	-0.000586085	-0.0017706	-0.002268	-0.0032971	-0.00263729	-0.000581572	0.000132924	0.000257299	0.000920121	0.00101679	0.00111494	0.00188234	0.00145066	0.00104259	0.00111935	0.00105274	0.00157461	
-0.00677414	-0.00380646	-0.000713043	0.00189672	0.00363123	0.00305721	0.00242233	0.000932432	-0.000193299	-0.00165251	-0.00199701	-0.00331157	-0.00264751	-0.000984335	-0.000211219	-0.00030049	0.000171927	0.000441314	0.000715759	0.000582708	0.00068042	0.000145147	0.000122021	-0.000172872	0.000187272	
-0.00623879	-0.00313954	-0.000845656	0.00214267	0.00373286	0.0032616	0.00263511	0.00137119	0.000110979	-0.000768799	-0.00172083	-0.00275493	-0.00227074	-0.000890677	-0.000146634	-0.00058419	4.17566e-05	8.48744e-05	0.000292237	0.000365106	4.5764e-05	-0.00035753	-0.000263324	-0.000804127	-0.000336271	
-0.00559064	-0.00281886	-0.000767065	0.00245553	0.00409116	0.00356326	0.00314607	0.00196653	0.000772318	-0.000512558	-0.0010833	-0.00236323	-0.0021053	-0.000608752	-0.000319378	-0.000457366	-0.000304542	-0.000114014	-1.46703e-05	0.000423175	-0.000225066	-0.000546534	-0.000592058	-0.001028	-0.000899206	
-0.00648723	-0.00374939	-0.00157499	0.00139157	0.00352367	0.00303605	0.00291113	0.00192755	0.000794602	-0.000562798	-0.00123978	-0.00223144	-0.00231382	-0.0014384	-0.000491379	-0.00137224	-0.00104374	-0.00104045	-0.000379587	-0.000978189	-0.00092562	-0.00156758	-0.00161646	-0.00250161	-0.00197526	
-0.00669415	-0.0039344	-0.00235621	0.00133394	0.00288038	0.00283057	0.0029953	0.00237474	0.00109236	0.000338616	-0.000530917	-0.00163483	-0.00172019	-0.000419273	-0.000503149	-0.000819888	-0.000543148	-0.000371167	-0.000661026	-0.000221213	-0.00113579	-0.00127656	-0.00168296	-0.00238321	-0.00220872	
-0.00622505	-0.00361232	-0.0017153	0.00107873	0.00335563	0.00339612	0.00344413	0.00282273	0.0024603	0.000774878	5.70267e-05	-0.000877974	-0.000919947	-0.000106791	0.000389018	-0.000229528	0.00025194	0.000480594	0.000782345	0.000253126	0.000497339	-0.000166944	-0.000683068	-0.0012597	-0.00138956	
-0.00740833	-0.00466803	-0.00364509	-0.00016951	0.00187016	0.00212216	0.00258863	0.00236582	0.00121802	0.000696681	-0.000998784	-0.0016008	-0.00179773	-0.00108213	-0.0010634	-0.0014847	-0.000979102	-0.00076162	-0.000674799	-0.000593124	-0.00107737	-0.00126593	-0.00134492	-0.00248836	-0.00208589	
-0.00776699	-0.00562683	-0.00439158	-0.00165334	0.000459371	0.00131513	0.00162178	0.00136311	0.00118373	-0.000576756	-0.00128203	-0.00219619	-0.00257972	-0.00168023	-0.00160818	-0.00189287	-0.00150886	-0.000658659	-0.000545084	-0.000780964	-0.000984818	-0.000813402	-0.00163733	-0.00192014	-0.00238464	
-0.00867429	-0.00648663	-0.00557328	-0.00277954	-0.000694969	4.12782e-05	0.00100639	0.000896334	5.79894e-05	-0.000169075	-0.00223926	-0.00267267	-0.00302508	-0.00269042	-0.0024879	-0.00293841	-0.00229827	-0.0018568	-0.00130666	-0.001769	-0.00177481	-0.00190144	-0.00188421	-0.00304093	-0.00222365	
-0.00855827	-0.00664509	-0.00550134	-0.0029704	-0.000993786	0.000428668	0.00111082	0.00119395	0.00109834	-0.000132624	-0.00149038	-0.00220266	-0.00281785	-0.0022652	-0.00250799	-0.00257476	-0.00227145	-0.00144251	-0.00129685	-0.000955933	-0.00126611	-0.0010249	-0.00166255	-0.00171008	-0.00212518	
-0.00847552	-0.00671483	-0.00577552	-0.00328073	-0.00113122	0.000257183	0.00146057	0.00180942	0.00157746	0.00110826	-0.000644698	-0.000864348	-0.00148136	-0.00161753	-0.00164183	-0.00184533	-0.00135344	-0.000913547	-0.000460377	-0.000581505	-0.00081641	-0.000920245	-0.00118805	-0.00167952	-0.00165166	
