0.0183612	0.0111714	0.00770895	0.00445395	0.0013134	-0.00162045	-0.00453704	-0.0070168	-0.00943467	-0.0105609	-0.0130788	-0.0152271	-0.0165617	-0.0180388	-0.0195498	-0.0220154	-0.0228364	-0.024097	-0.0253919	-0.0267957	-0.0281202	-0.0286008	-0.0296034	-0.0304426	-0.0314945	
0.0185571	0.015847	0.0122878	0.00913074	0.00602406	0.00293634	0.000349407	-0.00245688	-0.00459673	-0.00609602	-0.00837534	-0.0107327	-0.0122939	-0.0136467	-0.0156925	-0.0181705	-0.0195372	-0.0210559	-0.0223441	-0.0241537	-0.0259613	-0.0269	-0.0281039	-0.0290538	-0.0307918	
0.0165629	0.0147084	0.0120534	0.00941612	0.00661778	0.00382038	0.00208053	-0.00100518	-0.00210063	-0.00378721	-0.00534734	-0.00680914	-0.0085527	-0.00873199	-0.0111142	-0.0122625	-0.0138764	-0.0152458	-0.0159303	-0.0179892	-0.0194581	-0.0215189	-0.0221005	-0.0237485	-0.0257947	
0.0142623	0.0131077	0.0113734	0.0091035	0.00668587	0.00482138	0.00296615	0.000901847	-0.000519643	-0.00161332	-0.00318425	-0.00420463	-0.00556128	-0.00634826	-0.00768136	-0.00920131	-0.010032	-0.0116766	-0.0120381	-0.0129902	-0.0145698	-0.0159927	-0.0162471	-0.0168778	-0.0186538	
0.0103717	0.0101894	0.00859739	0.0069642	0.00527908	0.0038328	0.00283533	0.00111705	0.000235828	-0.000514259	-0.0012693	-0.0023502	-0.00281461	-0.00363593	-0.00472545	-0.00540404	-0.00635507	-0.00750218	-0.00786676	-0.00802888	-0.00938996	-0.0107436	-0.0102568	-0.0106753	-0.0120288	
0.00799775	0.00737799	0.00662663	0.00497883	0.00333375	0.00265035	0.00127475	-0.000175607	-0.000642121	-0.00127755	-0.00174066	-0.00188255	-0.00227347	-0.00195673	-0.00253512	-0.00256103	-0.00243917	-0.00357775	-0.0027639	-0.00305418	-0.00378369	-0.0046442	-0.00451741	-0.00385551	-0.00569704	
0.00511304	0.00530507	0.00421109	0.00344363	0.00204313	0.00130624	0.0012903	-0.000511291	0.000141957	-0.000641086	-0.000416535	-0.000499867	-0.000971199	2.78256e-05	-0.00116883	-0.0006247	-0.000658692	-0.00123061	-0.00053642	-0.000307681	-0.000495553	-0.00149816	0.00039024	0.000466182	-0.000246552	
0.0022579	0.00274786	0.00195154	0.00112259	-0.000257139	-0.000604657	-0.00109776	-0.00171059	-0.00164806	-0.00136071	-0.000923675	-0.000621365	-2.48443e-05	0.000822472	0.0012385	0.00137002	0.00272461	0.00211438	0.0034869	0.00416634	0.0036738	0.00421614	0.00483694	0.00652781	0.00461073	
0.000590151	0.00134986	0.000433625	-0.000308727	-0.00097789	-0.00227235	-0.00122627	-0.00269747	-0.00146279	-0.00139133	-0.000438971	2.51346e-05	0.000563162	0.002398	0.00200972	0.00370592	0.00428751	0.00463837	0.00611735	0.00676568	0.00712028	0.00701767	0.00904196	0.010179	0.00879338	
0.00356773	0.00334903	0.0028961	0.00201346	0.000503154	-8.95529e-05	-0.000302286	-0.00149393	-0.00038691	-0.00034929	5.07728e-05	0.00098153	0.000846827	0.00292834	0.00298955	0.00385542	0.0055951	0.00542606	0.00739789	0.0082373	0.0084961	0.00886623	0.0106591	0.0124029	0.0109743	
0.00735752	0.00783993	0.00657756	0.00580059	0.00445663	0.00310086	0.00315208	0.0015075	0.00258807	0.00236674	0.00284292	0.0026033	0.00321974	0.00473343	0.00435436	0.00558104	0.00625321	0.0068325	0.00789139	0.00888261	0.0090831	0.00859662	0.0111449	0.0118752	0.0106394	
0.0132227	0.0132699	0.0119997	0.0108762	0.00896173	0.00760936	0.00650467	0.00478163	0.00504871	0.00489468	0.00435227	0.00420717	0.0045301	0.00599109	0.00590455	0.00647985	0.00805858	0.00786443	0.00959681	0.0100774	0.00995172	0.0100729	0.011045	0.0126497	0.0101229	
0.0173251	0.0173709	0.0161265	0.0144792	0.0127884	0.0107673	0.0100216	0.007529	0.00811639	0.00737547	0.00669612	0.00638093	0.00607635	0.00795586	0.00700107	0.00781879	0.00882254	0.00874335	0.0100155	0.010395	0.0102759	0.00931756	0.0113998	0.0116434	0.00951474	
0.0220542	0.0216769	0.0201445	0.0188762	0.0154838	0.0143349	0.0119869	0.00975199	0.00949459	0.00818889	0.00762691	0.00659759	0.00645671	0.00744823	0.00693643	0.007006	0.00866248	0.00806392	0.00984062	0.0107161	0.00975895	0.00971494	0.0110787	0.0120823	0.00921881	
0.0239343	0.024322	0.0227485	0.0207349	0.0183962	0.0159475	0.0145292	0.0116869	0.0109285	0.00963129	0.00888427	0.00719788	0.007087	0.00726823	0.00627857	0.00711465	0.0072662	0.00722741	0.00891199	0.00945097	0.00896939	0.00828121	0.010055	0.0112422	0.00816247	
0.0271139	0.0272686	0.0256131	0.0235058	0.020396	0.0179566	0.0162176	0.0125344	0.0118359	0.0100564	0.00851777	0.00772062	0.00583037	0.00696806	0.00556395	0.00601899	0.00663249	0.00589404	0.00814891	0.00865265	0.00827956	0.00741406	0.00981017	0.0103962	0.00767785	
0.0279369	0.0285777	0.0274936	0.0248058	0.0226878	0.0199683	0.0182299	0.0149797	0.0136224	0.0118571	0.0101525	0.008438	0.00689069	0.00708663	0.0056596	0.00544354	0.00567452	0.00501273	0.0063478	0.00714454	0.0061361	0.00564569	0.00787337	0.00880797	0.00613189	
0.0273757	0.0277909	0.026381	0.0248604	0.0216457	0.0196288	0.0180135	0.0144584	0.0135174	0.0116689	0.0101083	0.00821564	0.0071095	0.00703419	0.00558586	0.00540541	0.00564492	0.00510219	0.00619828	0.00682821	0.00592485	0.00570229	0.00714139	0.00826262	0.00528634	
0.0252487	0.026454	0.0253385	0.0231483	0.0208638	0.0184664	0.017064	0.0136123	0.0123359	0.0105632	0.00880476	0.00702229	0.00554482	0.00569539	0.00410284	0.00386433	0.00425899	0.00368221	0.00475535	0.00517433	0.00477051	0.00451544	0.00628004	0.00720701	0.00480693	
0.0227898	0.0238325	0.0226864	0.021406	0.0185028	0.0172644	0.0155176	0.0124882	0.0110612	0.00937028	0.0077415	0.00568677	0.00403456	0.00416387	0.00235429	0.00186197	0.00188493	0.00109443	0.00198689	0.00212729	0.00193206	0.00141194	0.00404213	0.00446219	0.00288846	
0.0200754	0.0207978	0.0202462	0.0181735	0.0161421	0.0143524	0.0124352	0.00969854	0.00765717	0.00644248	0.00479464	0.00256935	0.00160254	0.00130896	0.0005217	-0.000345403	-0.000232342	-0.00079665	6.19711e-05	0.000383826	-0.000531582	-0.00021269	0.00109742	0.00254472	0.000366064	
0.0190583	0.019435	0.0186302	0.0173399	0.0144522	0.0127136	0.0109437	0.00721647	0.00589927	0.00392167	0.00194657	0.000107323	-0.00158337	-0.00131879	-0.00241464	-0.00313387	-0.00357175	-0.00378181	-0.00294663	-0.00275692	-0.00334196	-0.00389366	-0.00118297	-0.000609111	-0.00191193	
0.0169521	0.0183665	0.0173443	0.0160411	0.0137183	0.0117743	0.00972839	0.00691389	0.00509798	0.00289519	0.00143065	-0.00106317	-0.00220564	-0.00221581	-0.0033146	-0.00436914	-0.00459542	-0.00539468	-0.00451057	-0.00440561	-0.00604121	-0.0059086	-0.00423564	-0.00318744	-0.00502588	
0.0164935	0.0174566	0.0171563	0.0154882	0.0132277	0.0111265	0.00941977	0.00650518	0.00447932	0.0027987	0.000941557	-0.00112425	-0.00185482	-0.0020297	-0.00317208	-0.00354463	-0.00423198	-0.00467785	-0.00387283	-0.0046336	-0.00593678	-0.00641327	-0.00530597	-0.0043537	-0.00687153	
0.0168129	0.0183301	0.0182608	0.0167295	0.0146176	0.0129629	0.0113053	0.00810454	0.00685307	0.00448736	0.00282976	0.00102646	-0.000734895	-0.000464397	-0.00234269	-0.00318723	-0.00361719	-0.00458365	-0.00426463	-0.00469857	-0.0064865	-0.00695066	-0.00562112	-0.0055072	-0.00705497	
0.015803	0.0173013	0.0172426	0.0160558	0.0143379	0.0128776	0.0115269	0.00887802	0.00765046	0.0062188	0.00464224	0.00274473	0.00190912	0.00161347	0.000256356	-0.000518276	-0.001389	-0.00174007	-0.00221698	-0.00274595	-0.00459766	-0.00595942	-0.00504224	-0.00576401	-0.00768424	
0.016222	0.0179382	0.0177204	0.0167406	0.0149913	0.0130492	0.011563	0.00896943	0.00763712	0.00628843	0.00482084	0.00257105	0.00210356	0.00149808	0.000449577	-0.000689224	-0.00144463	-0.00173962	-0.00229913	-0.002494	-0.00469709	-0.00513208	-0.00501538	-0.00494983	-0.00720196	
0.0161109	0.0172159	0.0176574	0.0161271	0.0141987	0.0122239	0.0104839	0.00793733	0.006741	0.00514105	0.00364524	0.00170095	0.000332772	0.000414301	-0.00142965	-0.00233687	-0.00316921	-0.00370702	-0.00350642	-0.00414339	-0.00553048	-0.00613934	-0.00555208	-0.00545159	-0.00748006	
0.0157343	0.017087	0.0165592	0.0154129	0.0124115	0.0105293	0.00805313	0.00533189	0.00387096	0.00173204	0.000976152	-0.00159801	-0.00235976	-0.00256724	-0.00378854	-0.00444579	-0.00531267	-0.00535051	-0.00513835	-0.00506831	-0.00638884	-0.00653326	-0.00554971	-0.00551215	-0.00720815	
0.0155818	0.0161319	0.0157901	0.0137475	0.0113236	0.00847077	0.00612912	0.00305367	0.00107844	-0.000384814	-0.00184831	-0.00397871	-0.00497276	-0.0054204	-0.00584409	-0.00637391	-0.00720953	-0.00711471	-0.00653279	-0.00630237	-0.00721523	-0.00683199	-0.00604546	-0.00527324	-0.00698406	
0.015744	0.0166715	0.0157101	0.0141182	0.011328	0.00859248	0.00577391	0.00234666	0.000760924	-0.00151446	-0.00259261	-0.00490591	-0.00627807	-0.00662244	-0.00692132	-0.00741921	-0.00821928	-0.00792267	-0.00764484	-0.00691504	-0.00758334	-0.00725847	-0.00562341	-0.00523752	-0.00610368	
0.0169494	0.0175043	0.0165216	0.0152026	0.0123949	0.00956795	0.00701622	0.00345593	0.00187931	-0.000741335	-0.0017592	-0.00407316	-0.00547177	-0.00520573	-0.00614661	-0.00608816	-0.00675677	-0.00668516	-0.00587766	-0.00576578	-0.00612785	-0.00581725	-0.00476666	-0.00427437	-0.00547416	
0.0176992	0.0187472	0.0186376	0.0164808	0.0146972	0.0119706	0.00979124	0.00679779	0.00508019	0.00257902	0.00113192	-0.00117359	-0.00212648	-0.00269731	-0.00332265	-0.00398073	-0.00475167	-0.00456704	-0.00433999	-0.00431115	-0.00498268	-0.00441279	-0.0043846	-0.0034029	-0.0050376	
0.019072	0.0202134	0.0193417	0.0180375	0.0155832	0.0132494	0.0114209	0.00803583	0.00712489	0.00379824	0.00267327	0.000914591	-0.00074177	-0.00013926	-0.00185242	-0.00180376	-0.0023753	-0.00240512	-0.00189453	-0.00218603	-0.00268974	-0.00292711	-0.00247946	-0.00278664	-0.00403445	
0.0192848	0.0205105	0.0196212	0.0176771	0.0159601	0.0130752	0.0112713	0.00839001	0.00666125	0.00402139	0.00282521	0.00081729	0.000109833	-0.000839465	-0.00148285	-0.00206761	-0.0026907	-0.00219285	-0.00251958	-0.00190608	-0.00276117	-0.00264037	-0.0025658	-0.00214454	-0.00369204	
0.020602	0.0204248	0.0192408	0.0174896	0.0143495	0.0116405	0.00947061	0.00583649	0.00448303	0.00173072	0.000344343	-0.00105136	-0.00274391	-0.00280322	-0.00411185	-0.00430302	-0.00461928	-0.00459256	-0.00413424	-0.00359301	-0.00367445	-0.00356263	-0.00259361	-0.00213204	-0.00328996	
0.0205911	0.021038	0.0194488	0.0165718	0.0137795	0.0102374	0.00719811	0.00399821	0.00216984	-0.000820596	-0.00169769	-0.00382529	-0.00521908	-0.00511274	-0.00662307	-0.0065756	-0.0068462	-0.0071669	-0.00609295	-0.00555522	-0.00546777	-0.00468353	-0.00359958	-0.00228146	-0.00370159	
0.0200376	0.0201132	0.0176796	0.0160659	0.0121157	0.00882611	0.00624503	0.00252125	0.00116559	-0.00159393	-0.00259417	-0.00441778	-0.00537022	-0.00551126	-0.00676205	-0.00662642	-0.0074059	-0.00777992	-0.00694216	-0.00659727	-0.00656499	-0.00614027	-0.00452999	-0.0033238	-0.00463851	
0.0199464	0.0195229	0.0176162	0.0142312	0.0111721	0.00717419	0.00446375	0.0010197	-0.000745695	-0.00293097	-0.00394617	-0.00514165	-0.00591216	-0.00571739	-0.0062632	-0.0061085	-0.00630644	-0.00656951	-0.00569107	-0.00507424	-0.00522768	-0.00469143	-0.00346938	-0.00194055	-0.00364509	
0.0193692	0.018792	0.0161105	0.0141662	0.00978285	0.00716757	0.00443428	0.000726327	-0.000175392	-0.00263919	-0.00322995	-0.00426011	-0.00506008	-0.00419014	-0.00463557	-0.00434989	-0.00415676	-0.00438772	-0.00384946	-0.00322643	-0.00357692	-0.00416954	-0.0025389	-0.00205466	-0.00335997	
0.0202265	0.0198725	0.0179941	0.0150422	0.0121684	0.00862576	0.00620942	0.00286343	0.00104356	-0.000705398	-0.00184273	-0.00295014	-0.00369635	-0.00290473	-0.00370261	-0.00329861	-0.00309705	-0.00359028	-0.0028415	-0.00299682	-0.00305433	-0.00418544	-0.00330613	-0.00228908	-0.00408718	
0.0213756	0.0214973	0.019268	0.016863	0.0135058	0.0105107	0.00803187	0.00466922	0.00315578	0.00106396	-6.7882e-05	-0.0013564	-0.00250108	-0.00228126	-0.0031683	-0.00322497	-0.00264088	-0.00351654	-0.00305423	-0.00298078	-0.00366859	-0.00468301	-0.00384471	-0.00309291	-0.00475774	
0.0214694	0.0213233	0.0188708	0.0168223	0.0130241	0.0102287	0.00789796	0.004446	0.00319199	0.00093229	0.000209839	-0.00124272	-0.00200117	-0.0016711	-0.00256069	-0.00193991	-0.00159436	-0.00232294	-0.00170902	-0.00183696	-0.00262347	-0.00370779	-0.00323259	-0.0028789	-0.0053283	
0.0202999	0.0199381	0.0182467	0.0155604	0.0125871	0.00954231	0.00778639	0.00437339	0.00296807	0.00124805	-1.82275e-05	-0.000892309	-0.0019218	-0.00171201	-0.00231031	-0.00218206	-0.00187495	-0.00272187	-0.00235979	-0.00216874	-0.00368274	-0.00456269	-0.00378585	-0.00393175	-0.00639904	
0.0208645	0.0207265	0.0190639	0.0162544	0.0131947	0.0104677	0.00781106	0.00489659	0.00253673	0.00077267	-0.000923947	-0.00228925	-0.00381547	-0.00390049	-0.00497837	-0.00506924	-0.00493634	-0.00610864	-0.00497793	-0.00506257	-0.00583477	-0.00641743	-0.004975	-0.00421407	-0.00646749	
0.019306	0.0195941	0.017102	0.0150496	0.0116186	0.00889164	0.00693897	0.00326446	0.00168246	-0.000292118	-0.0017978	-0.00338149	-0.00451096	-0.00434299	-0.00571099	-0.00540067	-0.00578043	-0.00641177	-0.00561132	-0.00540985	-0.0060541	-0.00734695	-0.00499583	-0.00485481	-0.00689434	
0.0177864	0.0178266	0.0165609	0.0138032	0.0109382	0.00886957	0.00642569	0.00369947	0.00192704	0.00063508	-0.000979556	-0.00270334	-0.00354204	-0.00405669	-0.00510245	-0.00597151	-0.00583763	-0.0068746	-0.00616906	-0.00579757	-0.00724833	-0.00777035	-0.00641745	-0.00497141	-0.00739732	
0.0167176	0.0171904	0.0152146	0.0134393	0.0102323	0.00806829	0.00614782	0.00276189	0.00170901	0.00032862	-0.000968889	-0.00259892	-0.00372676	-0.00361451	-0.00569312	-0.00589488	-0.00607688	-0.00699278	-0.00609365	-0.00606838	-0.00695592	-0.00772385	-0.00569337	-0.00475982	-0.00670501	
0.015911	0.0168117	0.0154957	0.013044	0.0109046	0.00811207	0.00621506	0.00300836	0.0015295	0.000727753	-0.00117808	-0.00264291	-0.00385751	-0.00425087	-0.00554803	-0.00671114	-0.00647904	-0.00750801	-0.00691425	-0.00607939	-0.00712806	-0.00679524	-0.00485702	-0.00390111	-0.00570726	
0.0158728	0.0164154	0.0154221	0.013621	0.0108492	0.00883254	0.00689246	0.00364237	0.00235144	0.00151058	-0.000365235	-0.00215453	-0.00318154	-0.00332507	-0.00492856	-0.00532898	-0.00621044	-0.00656448	-0.00572834	-0.005686	-0.00571519	-0.00633039	-0.00368808	-0.00370715	-0.00549839	
