-0.000651312	-0.00232331	-0.00314448	-0.00340624	-0.00313773	-0.00183219	-0.000230319	0.00144397	0.00364019	0.00533709	0.00769032	0.008354	0.00845322	0.008066	0.00706075	0.0059809	0.00490543	0.00369402	0.00261382	0.00137934	0.000353184	0.000218814	9.93298e-06	0.00045391	0.000643424	
-0.000669021	-0.00230537	-0.00313866	-0.00340685	-0.00334602	-0.00212267	-0.000705738	0.000997707	0.00291754	0.00501369	0.00744427	0.00826778	0.00839545	0.00837249	0.00733441	0.00646405	0.00514088	0.00408824	0.00295869	0.00173458	0.000741293	0.000661132	0.000333466	0.000691526	0.000751282	
-0.00216946	-0.00357026	-0.00479817	-0.00517026	-0.00528284	-0.00408161	-0.00307153	-0.00130598	0.000573871	0.00326541	0.00476587	0.00633873	0.00674462	0.00636876	0.00599196	0.00503266	0.00418534	0.00241997	0.00155297	0.00064408	-0.000369257	-0.000642249	-0.000621246	-0.000936418	-0.000921216	
-0.00426538	-0.00603215	-0.00706962	-0.00749116	-0.00773329	-0.00653135	-0.00557552	-0.00422008	-0.00233025	2.05006e-05	0.00258559	0.00340992	0.00411254	0.0038982	0.00374112	0.00264041	0.00187273	0.000888528	-0.000429802	-0.00142318	-0.00198913	-0.0023204	-0.00273605	-0.00268919	-0.00294055	
-0.00553418	-0.00744028	-0.00806528	-0.00899734	-0.00947269	-0.00803637	-0.00758205	-0.00588192	-0.00439655	-0.00199978	0.000853113	0.00245735	0.00203309	0.00306649	0.00245348	0.00191192	0.000817636	0.000428787	-0.00115654	-0.00182373	-0.00282364	-0.00309101	-0.0040109	-0.00410152	-0.00435958	
-0.00572071	-0.00692249	-0.00884972	-0.00960082	-0.00987462	-0.00874591	-0.00839907	-0.0070583	-0.00534385	-0.0027137	-0.000750674	0.00072562	0.00169479	0.0012102	0.00190915	0.00097992	0.000339937	-0.000592674	-0.00227734	-0.00249014	-0.00306859	-0.00365242	-0.00444133	-0.00525601	-0.00555752	
-0.00389094	-0.00590487	-0.00702185	-0.00781829	-0.00871613	-0.00713795	-0.00698992	-0.00578947	-0.00448783	-0.00194757	0.000819882	0.00232931	0.002284	0.00343962	0.00386273	0.00289201	0.00237408	0.00172215	0.000168961	-0.000316464	-0.00169753	-0.00154293	-0.00277159	-0.00431474	-0.00464551	
-0.00157173	-0.00304316	-0.00465176	-0.00523683	-0.00587707	-0.00453182	-0.0042496	-0.00347352	-0.00207686	0.000341449	0.00364274	0.00454428	0.00573995	0.00631311	0.00674163	0.00658496	0.00572504	0.00527202	0.00341734	0.00336459	0.00180972	0.00130669	-0.000436499	-0.00138084	-0.00230556	
-0.000692632	-0.00192526	-0.00347293	-0.00465692	-0.00529137	-0.00350047	-0.00420106	-0.00301122	-0.00193911	0.000703051	0.0028577	0.00501945	0.00508255	0.00680974	0.00749326	0.00718204	0.00703267	0.00633906	0.0048678	0.0050745	0.00326147	0.00333328	0.00158528	8.74486e-05	-0.000669977	
-3.36931e-05	-0.00150965	-0.00325545	-0.00407481	-0.00466699	-0.00321082	-0.00334621	-0.00275308	-0.00124625	0.00116051	0.004389	0.00526624	0.00663369	0.00723409	0.00943517	0.00862603	0.00875768	0.00834262	0.0065907	0.00644714	0.00551206	0.00490321	0.00301524	0.00154102	0.000531259	
-0.00158132	-0.00341445	-0.00455775	-0.00593941	-0.00670772	-0.00491106	-0.00582211	-0.00453901	-0.00373654	-0.000858445	0.00251113	0.00434108	0.0044085	0.00677506	0.00763209	0.00823723	0.00798993	0.00774358	0.00673246	0.0067867	0.00508203	0.00501801	0.00308573	0.00148015	0.000525721	
-0.00314374	-0.00455845	-0.0069444	-0.00780278	-0.00827876	-0.00694187	-0.00733048	-0.00691144	-0.00555197	-0.0021944	0.000237627	0.0015089	0.00289415	0.00401899	0.00545446	0.00581064	0.00591378	0.00575316	0.00412395	0.00481461	0.00359754	0.00311637	0.00128413	0.000275948	-0.00137464	
-0.00185929	-0.00423875	-0.00566724	-0.0067489	-0.00810874	-0.00637717	-0.00710616	-0.00612376	-0.0052296	-0.0019307	0.00155382	0.00286225	0.00294645	0.00515736	0.00727502	0.00667053	0.00742792	0.00733675	0.0058003	0.00582002	0.00476461	0.00457469	0.00247933	0.000635392	-0.000173544	
-0.00147926	-0.00281957	-0.0046841	-0.00631157	-0.00692552	-0.00554928	-0.00661037	-0.00604423	-0.00457295	-0.00192309	0.00178628	0.00294049	0.00363456	0.00504441	0.00697616	0.0072722	0.00691478	0.00747467	0.00562181	0.00600635	0.0051126	0.00451196	0.00243384	0.00092999	-0.000240986	
-0.00151261	-0.00284523	-0.00500266	-0.00669644	-0.00739668	-0.00575934	-0.00743777	-0.00639822	-0.00537901	-0.00201064	0.000810658	0.00252149	0.00256517	0.00457325	0.00597543	0.00630919	0.00652415	0.0063437	0.0052085	0.00558194	0.00389176	0.004183	0.00213257	0.000224257	-0.000611672	
-0.00195005	-0.0042657	-0.00621433	-0.00724002	-0.00875303	-0.00761081	-0.00769701	-0.00756211	-0.00625223	-0.00285196	0.000991727	0.00202116	0.00271914	0.00410867	0.00624423	0.00622515	0.00658602	0.0064182	0.00457747	0.00541561	0.00408822	0.00352657	0.00137314	-6.55909e-05	-0.00122558	
-0.00440935	-0.00618087	-0.00821767	-0.00981393	-0.0110339	-0.00975977	-0.0105323	-0.00955436	-0.00838874	-0.00523191	-0.00114071	3.80353e-05	0.000916688	0.00256993	0.0042496	0.00428179	0.00448059	0.00452551	0.00333654	0.00316041	0.00253061	0.00209529	1.1531e-05	-0.00191266	-0.00184141	
-0.00451031	-0.00590882	-0.00838618	-0.0106079	-0.0111299	-0.00993032	-0.0111452	-0.0100327	-0.00813695	-0.00460984	-0.00142351	0.000777647	0.0011163	0.00297935	0.00441347	0.0048663	0.00449925	0.00470213	0.00342706	0.00335438	0.0024094	0.00224829	0.000302524	-0.000925745	-0.00180529	
-0.00297636	-0.00549596	-0.00733775	-0.0090805	-0.0109095	-0.00960052	-0.0101965	-0.00951768	-0.00771208	-0.00437799	-2.89046e-05	0.0016192	0.00220146	0.00349743	0.00561688	0.00550688	0.00643209	0.0058838	0.00464474	0.00476568	0.00390846	0.00375555	0.0022529	0.000663084	0.000822186	
-0.00269782	-0.00457375	-0.00693191	-0.00883305	-0.0102887	-0.00901304	-0.00968348	-0.00910207	-0.0075645	-0.00347669	0.000415441	0.0022326	0.00269308	0.00468795	0.00572705	0.00634791	0.00647692	0.00642553	0.00480836	0.00515996	0.00427086	0.0041468	0.00226764	0.00148482	0.0011466	
-0.00158952	-0.00370211	-0.00636244	-0.0078326	-0.00924633	-0.00865751	-0.00892854	-0.00815419	-0.00661328	-0.00256417	0.00178085	0.00373073	0.00466822	0.00573307	0.00751466	0.00769325	0.00792565	0.00743661	0.00641661	0.00587149	0.0052031	0.00525336	0.00349898	0.00204063	0.00208032	
0.000427482	-0.00226831	-0.00424852	-0.0063472	-0.00752466	-0.00673548	-0.00751216	-0.00662723	-0.00498909	-0.00087039	0.00368393	0.00604804	0.00644811	0.00782967	0.00926104	0.00951715	0.00981359	0.00886505	0.00776618	0.00768324	0.00678352	0.0064975	0.00509698	0.00363553	0.00323603	
0.00374529	0.00145043	-0.00120771	-0.00372739	-0.00465909	-0.00392263	-0.0044452	-0.00422258	-0.00188669	0.00197306	0.00679309	0.00879473	0.0097492	0.0108174	0.0122574	0.0124345	0.0119067	0.0113172	0.0094767	0.00955225	0.00911178	0.00820411	0.00691265	0.00527124	0.00524424	
0.00554757	0.00332346	0.000535024	-0.00210211	-0.00344212	-0.00280225	-0.00355975	-0.00265557	-0.00137063	0.00330584	0.00742243	0.0100052	0.0101449	0.0119167	0.0128861	0.0130028	0.0118605	0.0114303	0.00975735	0.00947303	0.00875833	0.00850349	0.00662101	0.00532198	0.00466217	
0.0061713	0.00291136	0.000266583	-0.00214258	-0.00401687	-0.00375188	-0.00389322	-0.00382414	-0.00144372	0.00193991	0.00705699	0.00912024	0.00990478	0.0107046	0.0119562	0.0116456	0.01101	0.00980587	0.00789277	0.00771842	0.00686148	0.0061718	0.00470242	0.00277847	0.00286271	
0.00446038	0.00115588	-0.00256731	-0.00545282	-0.00691725	-0.0068242	-0.00805792	-0.00767004	-0.0056751	-0.00150325	0.00314116	0.00510668	0.0058873	0.00762967	0.00837375	0.00824289	0.00740646	0.00577072	0.00453227	0.00383311	0.00304203	0.00209808	5.32735e-05	-0.00102835	-0.00129994	
0.0014839	-0.00238891	-0.0057836	-0.00889709	-0.0111241	-0.0116805	-0.0120557	-0.0120616	-0.0103247	-0.00615963	-0.00148786	0.00108535	0.00182371	0.00292352	0.00406672	0.00396056	0.00288884	0.00172526	-0.000125595	-0.000919664	-0.00152775	-0.00241579	-0.00458078	-0.00588067	-0.00626963	
-0.00228491	-0.00580923	-0.00998739	-0.0133108	-0.0153075	-0.016021	-0.0172559	-0.0168224	-0.0152729	-0.0107544	-0.00613301	-0.00368318	-0.00232621	-0.00143299	-0.000421139	-0.000646992	-0.00148395	-0.00245342	-0.00422146	-0.00515961	-0.00594723	-0.00687209	-0.00864921	-0.0104817	-0.010509	
-0.00534283	-0.00911997	-0.0134493	-0.0169131	-0.0188051	-0.0199217	-0.0210011	-0.0207884	-0.0190189	-0.0145108	-0.00992289	-0.00700815	-0.00611398	-0.00465176	-0.00380419	-0.00358181	-0.0048314	-0.00571618	-0.00765639	-0.00767275	-0.0092585	-0.0104453	-0.0121168	-0.0135261	-0.0139211	
-0.00707639	-0.0115297	-0.0155268	-0.0188606	-0.0215386	-0.0224727	-0.0235146	-0.0233143	-0.0214461	-0.017246	-0.0125137	-0.00943894	-0.00807668	-0.0070229	-0.00606938	-0.00617987	-0.00683356	-0.00777726	-0.00926243	-0.0102202	-0.011341	-0.0120005	-0.0142516	-0.0155387	-0.0162025	
-0.00744734	-0.0124092	-0.0164712	-0.0201679	-0.0225566	-0.0233307	-0.0248945	-0.0246193	-0.0222609	-0.0181633	-0.0129498	-0.00973473	-0.00829662	-0.00695403	-0.00583076	-0.00582879	-0.00608189	-0.00681739	-0.00828769	-0.00910879	-0.0103381	-0.0108975	-0.0127569	-0.0148101	-0.0148662	
-0.00906013	-0.0129934	-0.0178608	-0.0213068	-0.0236602	-0.0249831	-0.0258412	-0.0252902	-0.023302	-0.0189874	-0.0139977	-0.0107374	-0.00912426	-0.00759432	-0.00656262	-0.00591426	-0.00647878	-0.00686779	-0.00840483	-0.00828561	-0.0096356	-0.0106103	-0.0125054	-0.0132718	-0.0141057	
-0.00884534	-0.0130156	-0.0175077	-0.0212251	-0.0235711	-0.0248696	-0.0254749	-0.0246626	-0.022795	-0.0176403	-0.0130288	-0.00923336	-0.00728446	-0.00585936	-0.00428869	-0.00388896	-0.00414415	-0.00412375	-0.00595624	-0.00573514	-0.00729754	-0.00822654	-0.00971094	-0.0114409	-0.011296	
-0.00683873	-0.011158	-0.0157817	-0.0192674	-0.0216037	-0.0224166	-0.0232677	-0.0226496	-0.0198839	-0.0149524	-0.0100057	-0.00634265	-0.00436236	-0.00261222	-0.00115725	-0.000507089	-0.000831994	-0.000493706	-0.00233351	-0.00261732	-0.0037067	-0.00437191	-0.00645942	-0.00771981	-0.00795937	
-0.00231331	-0.00669601	-0.01099	-0.0144556	-0.0171371	-0.0180034	-0.0185835	-0.0172132	-0.0146285	-0.00989377	-0.00476261	-0.00123163	0.00116676	0.00267203	0.00436956	0.00469739	0.00495704	0.00431324	0.0031977	0.00308978	0.00166531	0.000816494	-0.00122439	-0.00224166	-0.00263004	
0.00247665	-0.0017314	-0.00603369	-0.00949301	-0.0120114	-0.0124345	-0.0133149	-0.0122898	-0.00938797	-0.00446037	0.000590508	0.00455905	0.00637201	0.00862276	0.00993483	0.0106069	0.0105855	0.0105304	0.00865385	0.0091314	0.00721199	0.00664463	0.00449825	0.00368166	0.00266278	
0.00453175	0.00104049	-0.00339697	-0.00638891	-0.00871079	-0.00892984	-0.00974393	-0.00816512	-0.00542474	-0.000575496	0.00487993	0.00856201	0.0109062	0.0124496	0.0143387	0.014633	0.0148323	0.0148029	0.0128751	0.0125068	0.0109382	0.0102754	0.00843641	0.00631303	0.00662202	
0.00551971	0.00190761	-0.00194489	-0.00543571	-0.00719006	-0.00730458	-0.00792347	-0.00595077	-0.00319444	0.00213008	0.00697352	0.0111262	0.0129482	0.0152704	0.016612	0.0175324	0.0169161	0.0174329	0.0151192	0.0150291	0.0130803	0.0121244	0.00965766	0.00901895	0.00791206	
0.0074445	0.0031122	-0.000944028	-0.003877	-0.00598247	-0.00575895	-0.00618588	-0.00430626	-0.00121013	0.00376983	0.00930171	0.0127629	0.0153683	0.0168351	0.0190879	0.01911	0.0195538	0.0193902	0.0175502	0.0170033	0.01515	0.013834	0.0120091	0.0104843	0.0104826	
0.00833847	0.00437858	0.000234829	-0.0028443	-0.00487286	-0.00443652	-0.00489261	-0.00247252	0.000515355	0.00566176	0.0108243	0.0147687	0.0167382	0.019095	0.0202706	0.0206524	0.0208815	0.0207873	0.0190994	0.0184214	0.0161729	0.0154989	0.0131628	0.0120077	0.0112583	
0.00824539	0.00437688	9.66614e-05	-0.00258538	-0.00490056	-0.00438719	-0.00423399	-0.00205723	0.00124768	0.00612035	0.0117014	0.0151543	0.0177113	0.0191926	0.0207211	0.0205831	0.0207868	0.0207871	0.0189898	0.0182884	0.0164045	0.015621	0.0131974	0.0120979	0.0118426	
0.00745393	0.00332267	-0.000719917	-0.00383011	-0.00556553	-0.00467357	-0.00481272	-0.00230871	0.000989794	0.00641765	0.0117275	0.0154797	0.0171208	0.0195759	0.0208171	0.0206681	0.0207208	0.0206804	0.0184303	0.018374	0.0164591	0.0150318	0.0132147	0.0119182	0.0115314	
0.00584437	0.00228501	-0.00149574	-0.00451616	-0.00629811	-0.00520943	-0.00508674	-0.00223508	0.00140004	0.00591813	0.0116842	0.0154036	0.0174813	0.0191666	0.0204821	0.0205036	0.020468	0.0200368	0.018207	0.0175232	0.0156041	0.0147123	0.0125885	0.0112595	0.0106437	
0.00483294	0.000670126	-0.00313018	-0.00634262	-0.00772386	-0.00665522	-0.00661849	-0.00412159	-0.000514923	0.0047976	0.009768	0.0134442	0.0151533	0.0172298	0.0186548	0.0185827	0.0180727	0.0180897	0.0166694	0.0156134	0.0139335	0.012914	0.0110879	0.00946081	0.00928516	
0.00426662	2.47091e-05	-0.00399858	-0.00632635	-0.0085899	-0.00737461	-0.00644755	-0.00388924	-0.000881407	0.00447634	0.0101123	0.0130165	0.0150921	0.0168128	0.0181672	0.0180477	0.0182059	0.0175096	0.0156828	0.0148814	0.0133382	0.0118959	0.00979768	0.008611	0.00847883	
0.0035313	-0.000586565	-0.00471438	-0.00779802	-0.00961577	-0.00856098	-0.00777959	-0.00548216	-0.00205018	0.00295717	0.00818526	0.0114487	0.0131816	0.015051	0.0159866	0.0161743	0.0162224	0.0155596	0.0140325	0.0133981	0.0109179	0.0103338	0.00856834	0.00724852	0.00645277	
0.00252296	-0.00157985	-0.00572977	-0.00904757	-0.0103847	-0.00927704	-0.00899055	-0.00665777	-0.00302036	0.00188816	0.00739299	0.01069	0.0121675	0.0136921	0.0152745	0.0152951	0.0146786	0.0146186	0.0129859	0.0119509	0.0102709	0.00927807	0.00751007	0.00585271	0.00572398	
0.00039563	-0.00387364	-0.00771424	-0.0109613	-0.0129205	-0.0114383	-0.0112967	-0.00855784	-0.00549556	-0.000432022	0.00495822	0.00860256	0.00948122	0.0116942	0.0128328	0.0127068	0.0127198	0.0123996	0.011038	0.00977723	0.00848175	0.00748035	0.00557628	0.00447134	0.00404064	
-0.000867581	-0.00535139	-0.00970127	-0.0125356	-0.0144092	-0.0137583	-0.0123824	-0.0106732	-0.00720073	-0.00188602	0.00374729	0.00612596	0.00856792	0.00980499	0.0112578	0.0112895	0.0112521	0.0109875	0.00939179	0.00861895	0.00729059	0.00596207	0.00460189	0.00344005	0.00277648	
-0.00112475	-0.00575923	-0.00980772	-0.0130117	-0.0152776	-0.0140885	-0.0135314	-0.0108815	-0.00776928	-0.00248003	0.00253355	0.00619265	0.00724536	0.00965047	0.0102919	0.0108477	0.0107606	0.0103085	0.00923593	0.00850904	0.00653034	0.00584256	0.0041814	0.00287998	0.00204714	
