-0.0203969	-0.0203969	-0.0208953	-0.020849	-0.0183175	-0.014805	-0.0130315	-0.0113585	-0.00922123	-0.00806894	-0.00731826	-0.00651756	-0.00668297	-0.00657761	-0.00568849	-0.0053323	-0.00508794	-0.00500804	-0.00618489	-0.00633254	-0.00571933	-0.00490694	-0.00545598	-0.00625154	-0.00701881	
-0.0203969	-0.020241	-0.0209214	-0.0204383	-0.016981	-0.0138581	-0.012958	-0.0117991	-0.00933495	-0.00840713	-0.0077991	-0.00748901	-0.00740815	-0.00676443	-0.00560948	-0.00512414	-0.00471922	-0.00477991	-0.00602816	-0.00580163	-0.00529949	-0.00451136	-0.00468502	-0.00544173	-0.00654232	
-0.0209795	-0.0210947	-0.0187943	-0.0171888	-0.0152876	-0.0138945	-0.0126125	-0.0113949	-0.00866165	-0.00795256	-0.00772148	-0.00789242	-0.00693242	-0.00521486	-0.00496983	-0.00539745	-0.00532783	-0.00518268	-0.00568656	-0.00449611	-0.00441256	-0.00513104	-0.00523082	-0.00585754	-0.00688459	
-0.0214354	-0.0211589	-0.0176088	-0.0165577	-0.0165046	-0.0149888	-0.0136435	-0.0128296	-0.0112466	-0.0103293	-0.00950794	-0.00931423	-0.00831087	-0.00728961	-0.00744588	-0.00776861	-0.00660342	-0.00597903	-0.00594784	-0.00440231	-0.00530125	-0.00588965	-0.00531999	-0.00435298	-0.00578458	
-0.0196556	-0.0184297	-0.0162665	-0.0169665	-0.01589	-0.0143713	-0.012792	-0.0127883	-0.0109212	-0.010807	-0.00921243	-0.00873971	-0.00873469	-0.00845796	-0.00864103	-0.00779119	-0.0064765	-0.00556619	-0.0057009	-0.00490822	-0.0060778	-0.00690417	-0.00453185	-0.00348045	-0.00423474	
-0.0168718	-0.016025	-0.0155731	-0.0161121	-0.0149842	-0.013982	-0.0137006	-0.0119258	-0.0100459	-0.0106914	-0.0100486	-0.00969467	-0.00961891	-0.00899448	-0.00833632	-0.0082017	-0.00697711	-0.00621891	-0.00624491	-0.00504717	-0.0065524	-0.00670177	-0.00534	-0.00385267	-0.00530353	
-0.0158302	-0.0158618	-0.0150943	-0.0155203	-0.014043	-0.0143011	-0.0134447	-0.0125702	-0.0104922	-0.0118055	-0.0109344	-0.0110028	-0.0107247	-0.00928191	-0.00950245	-0.00964054	-0.00875342	-0.00785895	-0.00762824	-0.00582491	-0.00618145	-0.00692706	-0.00447352	-0.00424486	-0.00495103	
-0.0146645	-0.0152177	-0.0144878	-0.0152851	-0.0145203	-0.0129996	-0.0130399	-0.0139238	-0.0133817	-0.0130142	-0.0114532	-0.0117005	-0.0115402	-0.0108664	-0.0112652	-0.0114683	-0.0101275	-0.00976036	-0.0092355	-0.0061555	-0.00668325	-0.00604278	-0.00412424	-0.00366251	-0.00587112	
-0.0125752	-0.0127909	-0.0119451	-0.0140037	-0.0130341	-0.0115581	-0.0113914	-0.013804	-0.012831	-0.012603	-0.0109881	-0.0115616	-0.011998	-0.0113328	-0.0116382	-0.0115071	-0.0113611	-0.0113879	-0.00984011	-0.00655441	-0.00646664	-0.00692223	-0.00459751	-0.00535706	-0.00651714	
-0.0111482	-0.0115112	-0.0109793	-0.0130259	-0.0130646	-0.012477	-0.0130118	-0.0138037	-0.0130325	-0.0140252	-0.0134612	-0.0142935	-0.0147508	-0.0136092	-0.012725	-0.012919	-0.0128439	-0.0122057	-0.010492	-0.00661382	-0.0069521	-0.00691261	-0.00556952	-0.00446333	-0.00580946	
-0.0100111	-0.0104389	-0.010259	-0.011841	-0.0113091	-0.0118408	-0.0123035	-0.0125149	-0.0117293	-0.0137885	-0.0136778	-0.014701	-0.0154248	-0.0140231	-0.0134049	-0.0131766	-0.0118805	-0.0114058	-0.0104954	-0.00762872	-0.00753763	-0.00850871	-0.00533809	-0.0035126	-0.00426873	
-0.00885653	-0.0097546	-0.00996799	-0.0112016	-0.0104929	-0.0113228	-0.0124323	-0.0129494	-0.0124849	-0.0148226	-0.0150084	-0.0159873	-0.0162669	-0.0154225	-0.0153624	-0.0142588	-0.0123269	-0.0119967	-0.0117043	-0.00844754	-0.00956963	-0.00957588	-0.00604485	-0.00386662	-0.00538855	
-0.00868932	-0.00931399	-0.00857999	-0.0097266	-0.0100229	-0.0109104	-0.0120258	-0.0127805	-0.0129234	-0.0153192	-0.0159018	-0.0165357	-0.0166247	-0.0160811	-0.0158518	-0.0151807	-0.0138974	-0.0138149	-0.0118133	-0.00915205	-0.0101054	-0.00980316	-0.00570786	-0.00461394	-0.00473862	
-0.00819837	-0.00824354	-0.00643722	-0.00827597	-0.00929301	-0.00989384	-0.0103091	-0.0119095	-0.0121089	-0.0140921	-0.0144479	-0.0156467	-0.0161022	-0.0149377	-0.0146632	-0.0147625	-0.0147635	-0.013699	-0.0120614	-0.00956775	-0.0101515	-0.00877179	-0.00566892	-0.00420706	-0.00423291	
-0.0070101	-0.00676158	-0.00586516	-0.00811485	-0.00913353	-0.00891134	-0.010271	-0.0120188	-0.0121526	-0.0130169	-0.0135538	-0.015156	-0.0154658	-0.0143881	-0.0141086	-0.0149528	-0.0141622	-0.0141188	-0.0131944	-0.0109105	-0.0104475	-0.00996745	-0.00649818	-0.00423038	-0.00446949	
-0.00653966	-0.00607809	-0.00603835	-0.00816338	-0.00800948	-0.00852812	-0.0101511	-0.0118588	-0.0116408	-0.0128712	-0.0129592	-0.0136278	-0.0143043	-0.0140121	-0.0145292	-0.0140412	-0.0137189	-0.0145419	-0.0142661	-0.0113367	-0.0117711	-0.011663	-0.00734198	-0.00456296	-0.00539276	
-0.0061173	-0.00538637	-0.00569573	-0.00680693	-0.00659168	-0.00722907	-0.0090749	-0.0102262	-0.011193	-0.0125017	-0.0114401	-0.011655	-0.0130158	-0.0139688	-0.0136757	-0.0136203	-0.0138113	-0.0151809	-0.0141205	-0.0123845	-0.0137647	-0.0133881	-0.00888658	-0.00655648	-0.00607474	
-0.00574961	-0.00516232	-0.00532347	-0.0060964	-0.00577322	-0.00654262	-0.00810169	-0.00976358	-0.0111584	-0.0117956	-0.0109325	-0.0114613	-0.0132315	-0.0132234	-0.0138251	-0.0145255	-0.0152663	-0.0156253	-0.0152451	-0.0148431	-0.0156942	-0.0151325	-0.0121178	-0.00995275	-0.00850977	
-0.00687596	-0.00643427	-0.00577164	-0.0060191	-0.00599737	-0.00667872	-0.00790697	-0.00920831	-0.00954763	-0.0100373	-0.00996021	-0.0111316	-0.0113511	-0.0118286	-0.0131337	-0.0144088	-0.0142724	-0.0153202	-0.015632	-0.014821	-0.0150435	-0.0155268	-0.0134518	-0.0106843	-0.00877707	
-0.00713233	-0.00640302	-0.00477206	-0.00458985	-0.00538343	-0.00573412	-0.00639476	-0.006301	-0.00634397	-0.00619475	-0.00706907	-0.00781662	-0.00864108	-0.00943071	-0.0111107	-0.0117395	-0.0126851	-0.0150447	-0.0149501	-0.0142362	-0.0155593	-0.0170211	-0.0144735	-0.0122289	-0.0112861	
-0.00647396	-0.00599273	-0.00501515	-0.00582111	-0.00679877	-0.00746198	-0.00706309	-0.00730567	-0.00677283	-0.00691641	-0.00721331	-0.00905694	-0.00961583	-0.0101054	-0.0109425	-0.0124942	-0.0144002	-0.0161575	-0.0154344	-0.0158383	-0.0181159	-0.0183401	-0.0152241	-0.0139122	-0.012976	
-0.00566245	-0.00532367	-0.0059614	-0.00670109	-0.00777499	-0.00756324	-0.00782848	-0.00707304	-0.00774229	-0.00725542	-0.00837702	-0.00908863	-0.00927338	-0.00871598	-0.0105163	-0.0125156	-0.0142369	-0.0157728	-0.016231	-0.017785	-0.0188574	-0.018416	-0.0158584	-0.0152049	-0.0135994	
-0.00650259	-0.0056898	-0.00606873	-0.006188	-0.00541266	-0.00607041	-0.00515805	-0.00500855	-0.00529869	-0.00590731	-0.00522335	-0.00558776	-0.00530237	-0.00560199	-0.0068564	-0.00801537	-0.00954824	-0.0126332	-0.0141418	-0.0152593	-0.0158742	-0.0161322	-0.0145681	-0.0134781	-0.011903	
-0.00758328	-0.00659491	-0.00673283	-0.00523666	-0.00434145	-0.00446217	-0.0045653	-0.00377742	-0.00531616	-0.00433682	-0.00318232	-0.00341713	-0.00431905	-0.00410904	-0.0043619	-0.00500432	-0.00693865	-0.0102573	-0.0110535	-0.0125987	-0.0142108	-0.0152306	-0.0132848	-0.0121865	-0.0105531	
-0.0086737	-0.00799474	-0.00803692	-0.00675601	-0.00503868	-0.00562716	-0.00483723	-0.00534595	-0.0058799	-0.00512629	-0.003516	-0.00465362	-0.00414409	-0.00392628	-0.00443533	-0.00563186	-0.00626235	-0.00856698	-0.00879523	-0.0112628	-0.0128839	-0.0132378	-0.011292	-0.0101029	-0.00906909	
-0.00805419	-0.00775146	-0.00820012	-0.00704458	-0.00617272	-0.00514673	-0.00460631	-0.00422834	-0.00558695	-0.00437139	-0.00388404	-0.00339517	-0.0024532	-0.00223179	-0.00392939	-0.00358494	-0.00433948	-0.00627239	-0.00678813	-0.00782473	-0.00913043	-0.00997402	-0.0084531	-0.00807604	-0.00727621	
-0.00746598	-0.00690872	-0.00672836	-0.00592497	-0.00455292	-0.00379293	-0.00233257	-0.00215035	-0.00238637	-0.00119195	0.000210156	0.000605284	0.0012964	0.00128027	0.000930711	0.00158128	0.000185175	-0.00222395	-0.000897047	-0.00117422	-0.00306272	-0.00465797	-0.00345787	-0.00343568	-0.00350986	
-0.00706669	-0.00649302	-0.00586524	-0.00451982	-0.00317083	-0.00346985	-0.00252844	-0.00165082	-0.000857834	0.00113992	0.0030797	0.00306673	0.00323015	0.00390844	0.00391851	0.00462638	0.003679	0.00284755	0.00455392	0.00390744	0.00143302	0.000430306	0.00177665	0.00116296	0.0008232	
-0.00552854	-0.00501305	-0.00485875	-0.00360058	-0.00276557	-0.0039418	-0.00250957	-0.000917192	-2.93511e-05	0.00130022	0.00387398	0.00385384	0.00481758	0.00481632	0.00560957	0.00625136	0.0076209	0.00608533	0.00802304	0.00688089	0.0059233	0.00489674	0.00559096	0.004355	0.00429631	
-0.00255005	-0.00174384	-0.00239954	-0.00165527	-0.00127302	-0.0013856	0.00128249	0.00399491	0.00382612	0.0046071	0.00711791	0.00784915	0.00896264	0.00997841	0.0109291	0.012439	0.0126651	0.0115129	0.0132133	0.0135119	0.0120216	0.0110603	0.0116225	0.0103487	0.00963655	
0.000530719	0.00144746	0.000627196	0.00116118	0.00173855	0.00211663	0.00503091	0.00810025	0.00786922	0.00880104	0.0107455	0.0117199	0.0129462	0.0152723	0.0158405	0.0175199	0.0175749	0.017528	0.0192504	0.0194423	0.0177665	0.0170947	0.0181441	0.0166722	0.0155139	
0.00227027	0.00330842	0.00412319	0.00532778	0.00649281	0.00595922	0.00849758	0.0106927	0.0118844	0.0129655	0.0153147	0.0158377	0.0170541	0.0186557	0.0192782	0.0218204	0.0230517	0.0230855	0.0242291	0.0249209	0.0236714	0.0232651	0.0239195	0.0231019	0.0222948	
0.0046672	0.00607569	0.00829757	0.0100513	0.0112307	0.0109665	0.0130708	0.0147097	0.0162989	0.0179743	0.0204352	0.0209452	0.0217792	0.0228333	0.0245021	0.0270516	0.0284822	0.0272322	0.0300207	0.031008	0.0302616	0.0285733	0.0296503	0.0300017	0.0303707	
0.00847724	0.0104657	0.0128137	0.0149716	0.0163669	0.0183231	0.0203981	0.0224982	0.0235516	0.0251939	0.0271468	0.0277412	0.0293612	0.0302802	0.0318911	0.0331161	0.0339943	0.0329624	0.0360536	0.0370515	0.035924	0.03512	0.0370346	0.0372168	0.0376927	
0.0125735	0.0141538	0.0158982	0.0174998	0.0195829	0.0215837	0.023786	0.0254558	0.0261506	0.0270988	0.0286886	0.0299652	0.0313162	0.0327483	0.0333475	0.0351486	0.0357757	0.0354517	0.0376207	0.0390872	0.0383314	0.0385066	0.0406394	0.0416774	0.0415723	
0.0166221	0.0178415	0.0196473	0.0214829	0.0240702	0.0251783	0.0270399	0.0281866	0.0291718	0.0296994	0.0320614	0.0323558	0.0327174	0.0338781	0.0349868	0.0368011	0.0366722	0.0364308	0.0379158	0.0393948	0.0379141	0.0375132	0.0404546	0.0421129	0.0436848	
0.0205147	0.021276	0.0224446	0.0240807	0.026585	0.0272008	0.0285559	0.0298547	0.0304126	0.0312718	0.0332301	0.0331952	0.0326024	0.0340038	0.0354368	0.036383	0.0364461	0.03538	0.03727	0.0375315	0.0361603	0.0356918	0.039329	0.0419001	0.0426354	
0.0245447	0.0244929	0.024073	0.0248766	0.0258235	0.0270721	0.027882	0.0299745	0.0290603	0.0299108	0.0307161	0.0313029	0.0304689	0.0315584	0.0320034	0.0330923	0.0324846	0.0304476	0.031028	0.0318539	0.0311045	0.0307261	0.0341236	0.0355063	0.0370408	
0.0261999	0.0251052	0.0234763	0.0222823	0.0215762	0.0215376	0.0225713	0.0234771	0.0225202	0.0222101	0.0228698	0.0227674	0.0225285	0.0225969	0.0230781	0.023126	0.0226513	0.019879	0.021114	0.0218167	0.0206564	0.020374	0.0235416	0.0256861	0.0270898	
0.0243495	0.0227725	0.0213919	0.0188741	0.0172008	0.0151624	0.0156763	0.0147938	0.0148843	0.0136949	0.0144357	0.0127553	0.0125158	0.0120855	0.0116792	0.0110601	0.00997159	0.00826608	0.00894772	0.00891859	0.00677893	0.00629412	0.00951861	0.0118683	0.0138653	
0.0186308	0.0169252	0.0157852	0.0131118	0.0103149	0.00769055	0.00608484	0.00475431	0.00400228	0.00325639	0.00298491	0.00126348	-0.000133865	-0.00121219	-0.00235951	-0.00331451	-0.00441409	-0.00662216	-0.0058821	-0.0063821	-0.00777041	-0.00917043	-0.00636147	-0.0048444	-0.00280409	
0.010249	0.00793387	0.00628846	0.00317585	-7.47258e-05	-0.00291399	-0.00581038	-0.00798266	-0.0102013	-0.01155	-0.0124484	-0.0139073	-0.0162413	-0.0179543	-0.019893	-0.020784	-0.0224373	-0.0238799	-0.0233762	-0.022733	-0.0244108	-0.0254412	-0.0233703	-0.0217021	-0.020183	
0.000351734	-0.00217119	-0.00446763	-0.00743021	-0.0102375	-0.012738	-0.0159735	-0.0184703	-0.0216366	-0.0235325	-0.0250108	-0.0265381	-0.0290651	-0.0312226	-0.0336568	-0.0351752	-0.0360276	-0.0374176	-0.0369107	-0.0370968	-0.0380951	-0.0387255	-0.0363077	-0.0353015	-0.0344484	
-0.0110619	-0.0132739	-0.0152348	-0.0177205	-0.0188368	-0.0213573	-0.0231046	-0.0262228	-0.0280749	-0.0309948	-0.0314874	-0.0345119	-0.0362024	-0.0387194	-0.0405584	-0.0424185	-0.0433714	-0.0449908	-0.0450014	-0.0447026	-0.0460548	-0.0463535	-0.0437211	-0.0431112	-0.0428997	
-0.0229329	-0.0247025	-0.026567	-0.0278783	-0.0286485	-0.0295089	-0.0311097	-0.0324076	-0.034831	-0.0358295	-0.0372971	-0.0394224	-0.0418648	-0.0422999	-0.0440359	-0.0456615	-0.0469984	-0.0484681	-0.0475815	-0.047239	-0.0486147	-0.0487234	-0.0460525	-0.045212	-0.0461566	
-0.0329802	-0.0340519	-0.0345916	-0.035489	-0.0346011	-0.0354957	-0.0347728	-0.0361975	-0.036158	-0.0378234	-0.0374549	-0.0406996	-0.0413615	-0.0416647	-0.0424158	-0.0439881	-0.0450449	-0.0462478	-0.0457301	-0.0447466	-0.0458756	-0.045834	-0.0431014	-0.0427304	-0.0429591	
-0.0388391	-0.0393724	-0.0391825	-0.0392313	-0.0383722	-0.0379385	-0.03733	-0.0367608	-0.0361024	-0.0363078	-0.0357136	-0.0376557	-0.0375284	-0.0369655	-0.0366861	-0.0376372	-0.0377935	-0.0394454	-0.0382876	-0.0369131	-0.0377757	-0.0378362	-0.0357769	-0.034578	-0.0353393	
-0.0411892	-0.0406028	-0.0391843	-0.0389005	-0.0361862	-0.0346167	-0.0324576	-0.0314834	-0.0289135	-0.0281967	-0.0263594	-0.0267673	-0.0263002	-0.0246595	-0.0248168	-0.0243032	-0.0246677	-0.0245768	-0.0239637	-0.0227982	-0.0237664	-0.0239038	-0.0208432	-0.0208118	-0.0202166	
-0.0396004	-0.0387198	-0.0370365	-0.0359739	-0.033204	-0.0293996	-0.0276135	-0.02515	-0.0225489	-0.0199132	-0.0175205	-0.0163284	-0.0155669	-0.0139596	-0.013058	-0.0122192	-0.0106667	-0.0103188	-0.00961975	-0.00841302	-0.00918206	-0.0082851	-0.00632053	-0.00505783	-0.00565536	
-0.0357643	-0.0348495	-0.0322611	-0.0314806	-0.0286815	-0.0253602	-0.0226563	-0.0202651	-0.0162265	-0.0138093	-0.0104819	-0.00894578	-0.00794475	-0.00604011	-0.00438785	-0.00285841	-0.00129994	-0.000503034	0.000669621	0.0027292	0.00263217	0.00287177	0.00546483	0.00654786	0.00601303	
