-0.0120461	-0.0121584	-0.0126085	-0.0121589	-0.0105978	-0.00870551	-0.00828205	-0.00784329	-0.00855311	-0.00898562	-0.00935988	-0.0102888	-0.00902243	-0.00824797	-0.00900601	-0.00981936	-0.00800768	-0.00896021	-0.00736408	-0.00589927	-0.00335497	-0.000947031	0.00331311	0.00773091	0.0126645	
-0.0148288	-0.0142952	-0.0144778	-0.0143044	-0.0122249	-0.0108541	-0.0105588	-0.0114198	-0.0118581	-0.0121703	-0.0119245	-0.0131188	-0.012378	-0.0111412	-0.0120614	-0.0119578	-0.0106037	-0.0106917	-0.010027	-0.00873067	-0.00698598	-0.00487399	-8.03012e-05	0.0029087	0.00769593	
-0.0176004	-0.0174261	-0.0164734	-0.0156539	-0.0142772	-0.013063	-0.0134109	-0.0133653	-0.0135755	-0.0130527	-0.0136163	-0.0143766	-0.0142026	-0.0126721	-0.013407	-0.0127157	-0.0105324	-0.01075	-0.0107862	-0.0100894	-0.00818303	-0.00609391	-0.00208845	0.000860859	0.00489844	
-0.020103	-0.0200867	-0.0187696	-0.0184149	-0.0175452	-0.0166308	-0.016793	-0.0161444	-0.0153252	-0.0156252	-0.0162254	-0.0170455	-0.0159363	-0.0150158	-0.014965	-0.0144207	-0.0115773	-0.0118674	-0.0116596	-0.0106808	-0.00909849	-0.00781223	-0.00452115	-0.00186248	0.00172495	
-0.0211723	-0.0215624	-0.0213164	-0.0218795	-0.0209509	-0.0196206	-0.0202336	-0.0197737	-0.0188215	-0.0186101	-0.0193783	-0.0193024	-0.0185615	-0.0172218	-0.0178368	-0.0170008	-0.0143693	-0.0132727	-0.0126998	-0.0115814	-0.0105222	-0.00941284	-0.00590462	-0.00352137	-0.000819953	
-0.021208	-0.0223493	-0.0224314	-0.0239959	-0.0228568	-0.0223743	-0.0226507	-0.0237416	-0.0216459	-0.0217942	-0.0212349	-0.0216177	-0.0204182	-0.0192309	-0.0194782	-0.0188528	-0.0159737	-0.014465	-0.0138617	-0.0122319	-0.00992086	-0.00851966	-0.00583065	-0.00428908	-0.00119843	
-0.0198358	-0.0213747	-0.0213383	-0.022791	-0.0235385	-0.0226149	-0.0239094	-0.0238311	-0.0229382	-0.0223771	-0.0223196	-0.0214618	-0.0199872	-0.0180458	-0.0175444	-0.0177194	-0.0149618	-0.0137731	-0.0117527	-0.009316	-0.00666909	-0.0053264	-0.00312223	-0.000740287	0.000627122	
-0.0163356	-0.0176328	-0.0176137	-0.0203737	-0.0206745	-0.0207981	-0.020745	-0.0217373	-0.0196368	-0.0206984	-0.0195121	-0.0183857	-0.0159488	-0.0137012	-0.013441	-0.0131285	-0.0103425	-0.00767896	-0.00639859	-0.00408193	-0.000996783	0.000470226	0.003241	0.0040235	0.00712989	
-0.0112335	-0.012323	-0.0134263	-0.016642	-0.0169215	-0.0164592	-0.0175318	-0.0182919	-0.0163599	-0.0167881	-0.015846	-0.0146184	-0.0126813	-0.010297	-0.00917878	-0.00815331	-0.00426618	-0.0016431	-0.00107054	0.000931319	0.00380841	0.00590988	0.0079145	0.0102556	0.0122902	
-0.00726049	-0.00825476	-0.00928202	-0.0124876	-0.0135421	-0.0133665	-0.01564	-0.0164467	-0.0148403	-0.0143615	-0.0141097	-0.0133029	-0.0119609	-0.00866386	-0.00690458	-0.00571478	-0.00167274	0.000699689	0.0017097	0.00367739	0.00710616	0.0080692	0.0103953	0.0123097	0.0153479	
-0.00508166	-0.00561475	-0.00469374	-0.00776195	-0.00919627	-0.0103192	-0.0120268	-0.0141964	-0.0123541	-0.0134201	-0.0126228	-0.0130286	-0.0107588	-0.00808363	-0.00677398	-0.00629322	-0.00275138	0.000286437	0.00035944	0.00290607	0.00533307	0.00716189	0.00818811	0.00962078	0.0127927	
-0.00406544	-0.00451602	-0.00357663	-0.00601477	-0.00785275	-0.00857054	-0.011589	-0.0137603	-0.0143823	-0.0156092	-0.0161117	-0.0152409	-0.0142172	-0.0116582	-0.0110662	-0.0100743	-0.00705352	-0.0046465	-0.00441472	-0.00204474	0.000828821	0.00165841	0.00267356	0.00499096	0.00842365	
-0.00388904	-0.00418319	-0.00348078	-0.00509211	-0.00506822	-0.00568253	-0.00810625	-0.0107957	-0.0109702	-0.0136612	-0.0137347	-0.0142233	-0.0130825	-0.0119829	-0.010544	-0.0108143	-0.00814878	-0.0064202	-0.00694043	-0.0054397	-0.00301909	-0.00137167	-0.00057896	0.000987856	0.00378937	
-0.00442778	-0.00453879	-0.00360948	-0.00419123	-0.0037708	-0.00343426	-0.00507197	-0.0062793	-0.00610103	-0.00823462	-0.00925922	-0.009728	-0.00958917	-0.00819991	-0.00783485	-0.00805969	-0.00678839	-0.0047475	-0.00654539	-0.00510531	-0.0036558	-0.00276727	-0.00302011	-0.00181428	0.00111998	
-0.0065942	-0.00596337	-0.00399189	-0.00442785	-0.00365161	-0.00254902	-0.00209981	-0.00291758	-0.00117152	-0.00269774	-0.0030694	-0.00348111	-0.00303107	-0.00302634	-0.00297239	-0.00393268	-0.00252496	-0.00131837	-0.00283699	-0.00226652	-0.00140278	-0.00165256	-0.00212172	-0.00112216	0.0011618	
-0.00878966	-0.00727755	-0.00448572	-0.00390985	-0.00264826	0.000385415	0.00159156	0.00213218	0.00466401	0.0051134	0.00517467	0.00608726	0.00607803	0.00541522	0.00499227	0.00368418	0.00405318	0.00482079	0.00261301	0.00246892	0.00274936	0.00310134	0.00169685	0.00156651	0.00269795	
-0.0096163	-0.00810843	-0.0051287	-0.00409397	-0.00171306	0.0015139	0.00399183	0.00505062	0.00879474	0.00979198	0.0113093	0.0125861	0.0125648	0.0120157	0.0120569	0.0103266	0.00897535	0.00917089	0.00628431	0.00596128	0.00593923	0.00522	0.00263352	0.00217608	0.00388156	
-0.0103909	-0.00904275	-0.00647498	-0.00484347	-0.00212379	0.00153956	0.00465806	0.00725109	0.01103	0.0131872	0.0149094	0.0170278	0.0169405	0.0172374	0.0170398	0.0146536	0.0131888	0.0128606	0.00940898	0.00765594	0.00708947	0.00567468	0.00270633	0.00309726	0.0036065	
-0.0107704	-0.00968201	-0.00767084	-0.00560044	-0.00269887	0.00100228	0.00447273	0.00803424	0.0122802	0.0149847	0.0173093	0.0197659	0.02022	0.0199732	0.0194841	0.0171258	0.0157457	0.0144592	0.0101575	0.00738015	0.00613534	0.00424315	0.000901493	-0.000238782	0.000239418	
-0.0104599	-0.0103546	-0.0089683	-0.00718791	-0.00483957	-0.00203581	0.00132515	0.00493505	0.00901475	0.01206	0.0148438	0.0178065	0.0178949	0.0175318	0.0168356	0.0153424	0.0123656	0.0109422	0.00696754	0.00502373	0.00270042	0.000292865	-0.0042714	-0.0051595	-0.00550169	
-0.0088227	-0.00918925	-0.00831981	-0.00660255	-0.00544031	-0.00272438	0.000191139	0.00373991	0.00650679	0.0100293	0.0127146	0.0157053	0.0158292	0.0155809	0.015069	0.0123714	0.00960519	0.00812624	0.00519234	0.00143063	-3.90565e-05	-0.00234908	-0.00691047	-0.00967661	-0.00991895	
-0.00549464	-0.00603854	-0.00553371	-0.00419014	-0.00331978	-0.00133616	0.00171732	0.00418799	0.00656125	0.00946219	0.0122356	0.0142947	0.0150613	0.0149348	0.0144535	0.0124064	0.00966371	0.00845588	0.00504931	0.00195948	-0.000206965	-0.00253906	-0.00717618	-0.0086965	-0.00980351	
-0.000549958	-0.00101607	-0.00142116	0.000253296	0.000168759	0.00166305	0.00340096	0.00643059	0.0073109	0.010035	0.0112045	0.0136368	0.0140416	0.0141473	0.0136672	0.0135433	0.0109483	0.0093862	0.00627293	0.00348376	0.00109706	-0.00177486	-0.00567633	-0.00743312	-0.0075397	
0.00432312	0.00383986	0.00270122	0.00367976	0.00329685	0.0027728	0.0043618	0.005889	0.00595521	0.00669715	0.00816626	0.00948338	0.0100579	0.00918904	0.0106759	0.0108533	0.00938127	0.00770339	0.00682068	0.00315512	0.000879231	-0.000918644	-0.00349931	-0.00533543	-0.00497853	
0.0101071	0.00926628	0.00709295	0.00750061	0.00569292	0.00439842	0.00412575	0.00462702	0.00227953	0.0030008	0.00323196	0.00410139	0.00325904	0.00340628	0.00463801	0.00635812	0.00420642	0.00404452	0.00340834	0.00178714	-0.000361629	-0.00176865	-0.0042368	-0.00405338	-0.00234502	
0.0154979	0.0145598	0.0119122	0.0114055	0.00892008	0.00588483	0.00458122	0.00329833	0.000219348	-0.000366767	-0.000989743	-0.00133991	-0.00135537	-0.0020751	-0.00125672	-0.00019981	-0.00045563	-0.000952737	-0.0003514	-0.0017502	-0.0019884	-0.00266769	-0.0038186	-0.00417741	-0.00241628	
0.0197839	0.0184684	0.0151928	0.0134408	0.00942352	0.00468643	0.0021602	-0.00023142	-0.00478768	-0.00639132	-0.0077345	-0.00816626	-0.0086851	-0.0100763	-0.00968206	-0.00771485	-0.00789164	-0.00870957	-0.00639471	-0.00560664	-0.00549308	-0.0055605	-0.00497524	-0.0038968	-0.00238898	
0.0239958	0.022397	0.0180717	0.0151845	0.00970749	0.00386293	-0.000214636	-0.00355938	-0.00965669	-0.011472	-0.0133514	-0.0143836	-0.0159175	-0.0171143	-0.0168642	-0.014719	-0.0154868	-0.0159245	-0.0124915	-0.0105841	-0.0099581	-0.00864044	-0.00680399	-0.00542655	-0.00292556	
0.0269805	0.0251325	0.0202211	0.0163117	0.0107839	0.00295362	-0.00197308	-0.00697756	-0.0129798	-0.0159602	-0.0180909	-0.020413	-0.0212366	-0.022095	-0.0221738	-0.0207438	-0.0205339	-0.0200877	-0.0162155	-0.0146442	-0.0129459	-0.0102338	-0.00737121	-0.00580106	-0.00268906	
0.0270968	0.0257466	0.0212197	0.0182664	0.0123582	0.00514607	-0.000945531	-0.00496977	-0.0121559	-0.0152627	-0.0182374	-0.0199033	-0.0208448	-0.0214397	-0.0213058	-0.0193654	-0.0184909	-0.018743	-0.0144057	-0.012153	-0.0103594	-0.00841446	-0.004504	-0.00155733	0.00167007	
0.023824	0.0233845	0.0207197	0.0183718	0.0146539	0.00799536	0.00398418	-0.000755128	-0.00649921	-0.0106371	-0.0123418	-0.0145066	-0.0152373	-0.015265	-0.0145689	-0.0122436	-0.0118122	-0.0117815	-0.0080974	-0.0060313	-0.00481876	-0.00264437	0.0011965	0.00396727	0.00640504	
0.0179771	0.0180417	0.0164369	0.0154098	0.0129092	0.00900516	0.00532332	0.00200942	-0.00273213	-0.00570421	-0.00775954	-0.0100615	-0.0103392	-0.00954691	-0.00865399	-0.00723997	-0.00648747	-0.00596834	-0.00263867	-0.00116355	-0.000341532	0.00137913	0.0055595	0.00764409	0.0109846	
0.0124024	0.012367	0.0114128	0.0103017	0.00891815	0.00650364	0.00391238	0.00171836	-0.00102498	-0.00351185	-0.00539225	-0.00693933	-0.00718849	-0.00701416	-0.00660181	-0.00549868	-0.00426795	-0.00446839	-0.00149438	9.58858e-05	0.000414443	0.00122951	0.00512507	0.00819679	0.00972312	
0.0070314	0.00723482	0.00738311	0.00571403	0.0058245	0.00411349	0.00363328	0.00144176	0.00148046	-0.000973611	-0.00112079	-0.00261126	-0.00316299	-0.00365753	-0.00410071	-0.00312777	-0.00345766	-0.00343871	-0.00257198	-0.000403942	-0.000703976	0.000332276	0.00307915	0.00502705	0.00669979	
0.00157927	0.0021588	0.00262683	0.00155013	0.00170093	0.00208089	0.0010953	0.000462166	0.00126204	0.000782138	0.000844679	-0.000331269	-0.000542555	-0.00101495	-0.000953709	-0.00246949	-0.00300504	-0.00421716	-0.00284424	-0.00223354	-0.00315419	-0.00325992	0.000173645	0.00189822	0.00290876	
-0.00338401	-0.00221066	-0.000433206	-0.00107802	0.000511639	0.00140346	0.00152591	0.00134104	0.00389364	0.00360819	0.00416712	0.00389599	0.00424683	0.00385295	0.00273749	0.00110946	8.78949e-05	-0.00160647	-0.00269363	-0.00286052	-0.00422323	-0.0045025	-0.00254705	-0.000198922	-0.000350944	
-0.00679209	-0.00520985	-0.00250714	-0.00201801	0.000300587	0.00252868	0.00322875	0.00395953	0.00693024	0.00706422	0.00815294	0.00867786	0.00901102	0.00879304	0.00773309	0.00625023	0.00462413	0.00288585	1.64503e-05	-0.000122618	-0.00185192	-0.0021216	-0.00110955	0.000306005	0.0010413	
-0.0060815	-0.00458142	-0.00166759	-0.000664712	0.0021231	0.00526094	0.00643239	0.00767564	0.0108254	0.011925	0.0127781	0.0135054	0.013532	0.0145178	0.0136071	0.011556	0.00966772	0.00836895	0.00590444	0.00502479	0.00252681	0.0012057	0.00219643	0.00369351	0.00301407	
-0.00355515	-0.00186552	0.00128098	0.00276659	0.00565836	0.00956412	0.0112347	0.0132749	0.017193	0.0185037	0.0193838	0.0200895	0.021177	0.0213826	0.020249	0.0179103	0.0178329	0.016701	0.0133356	0.012024	0.0105786	0.00974968	0.00898617	0.0100555	0.00909755	
-9.17211e-05	0.00135569	0.00405977	0.00509904	0.00732561	0.0110367	0.0127332	0.0149494	0.0189579	0.0207648	0.0216906	0.0230396	0.0236518	0.0238675	0.0230765	0.0214773	0.0216003	0.0209423	0.0181993	0.0170285	0.0164577	0.0154537	0.0147679	0.0147716	0.0138485	
0.00279425	0.00404768	0.00641802	0.0071236	0.00881941	0.0121563	0.0135978	0.0153403	0.0191763	0.0213705	0.0223593	0.0236729	0.0241199	0.0251248	0.0247719	0.0236757	0.0230837	0.024192	0.0214238	0.0211773	0.0205091	0.0202197	0.0192168	0.0188819	0.0183528	
0.00476324	0.00592495	0.00783185	0.00860137	0.00962548	0.0124656	0.0131012	0.0144438	0.0175358	0.0195084	0.0204684	0.0217607	0.0236871	0.0243453	0.0252659	0.023829	0.0254241	0.0265011	0.0244479	0.0233771	0.0240199	0.024209	0.0222634	0.0222298	0.0219157	
0.00591008	0.00703294	0.00874142	0.00929144	0.0105272	0.0120264	0.0128974	0.0131198	0.0152955	0.0170495	0.0176428	0.0196767	0.0209295	0.0233168	0.024286	0.0250981	0.026103	0.0282244	0.0268367	0.0252349	0.0262569	0.026037	0.0244023	0.0227767	0.0227384	
0.00536332	0.0063684	0.00725578	0.00864027	0.00884655	0.010423	0.0103729	0.0109207	0.0114207	0.0134952	0.0137611	0.0152923	0.0170726	0.0194396	0.0217267	0.0226585	0.0244264	0.0266699	0.0260181	0.024541	0.0249902	0.025038	0.0223279	0.0209177	0.0212119	
0.0015876	0.00229592	0.00212711	0.00361027	0.00302947	0.00350963	0.00324485	0.0038546	0.00316769	0.00541099	0.00509754	0.00674407	0.00852524	0.0107974	0.0126745	0.0138404	0.01622	0.0182344	0.0184332	0.0161193	0.0171506	0.0170877	0.0145134	0.0129629	0.0128906	
-0.00592675	-0.005509	-0.00634797	-0.00500274	-0.00578763	-0.00665687	-0.0064161	-0.00603235	-0.00725543	-0.00526953	-0.00532428	-0.00390124	-0.00292005	-0.00103203	-0.000230172	0.00152415	0.00233648	0.00399393	0.00423098	0.00233298	0.00326338	0.00336352	0.00127093	-0.00132269	-0.00105612	
-0.0156426	-0.0156393	-0.0170177	-0.0156577	-0.0165162	-0.0180151	-0.0173503	-0.0167977	-0.0182501	-0.0170411	-0.0164307	-0.0163927	-0.0153488	-0.0152133	-0.0148539	-0.0145515	-0.0141576	-0.0140986	-0.0137886	-0.0157838	-0.015451	-0.0157384	-0.0175963	-0.0191141	-0.0181602	
-0.0261128	-0.0267996	-0.0284357	-0.0274139	-0.0277599	-0.0296788	-0.0283106	-0.0275394	-0.0291093	-0.0286031	-0.0283643	-0.0288286	-0.0290378	-0.0293304	-0.0309428	-0.0308119	-0.0315479	-0.0320498	-0.0323555	-0.0346613	-0.0345006	-0.0349289	-0.0356068	-0.037526	-0.0360798	
-0.0326281	-0.0343246	-0.0365562	-0.0356637	-0.036471	-0.037677	-0.0368322	-0.0354116	-0.0377199	-0.0377806	-0.0380758	-0.0393468	-0.0403847	-0.0425073	-0.0441923	-0.045244	-0.0462175	-0.0488674	-0.0494177	-0.0512176	-0.0520893	-0.05289	-0.054569	-0.0556616	-0.0545422	
-0.0353358	-0.0379566	-0.0402182	-0.0408271	-0.0409995	-0.0431685	-0.0415043	-0.0417134	-0.0428811	-0.0447359	-0.0448843	-0.0470055	-0.0486342	-0.0513137	-0.0538346	-0.0550925	-0.0568139	-0.0593214	-0.0603738	-0.0620139	-0.0634809	-0.0647025	-0.0654834	-0.0662304	-0.0645012	
