-0.0172186	-0.0173687	-0.0153842	-0.0107143	-0.00532696	0.0015085	0.00621963	0.00960197	0.0118645	0.0124113	0.0107488	0.00834046	0.00625461	0.0050175	0.00284029	0.0030132	0.00308924	0.00303112	0.00394151	0.00379655	0.0032842	0.00329231	0.00268126	0.00247555	0.00189133	
-0.0187643	-0.0181443	-0.0158063	-0.0114247	-0.00521269	0.0016514	0.00578462	0.0101676	0.0126907	0.0126995	0.01164	0.0092142	0.00635977	0.00576482	0.00302266	0.00307045	0.00302038	0.00336812	0.00370248	0.00408186	0.0031994	0.00354825	0.00247457	0.00256586	0.00166347	
-0.0190995	-0.01886	-0.0165178	-0.0116795	-0.00647395	0.000609057	0.00563886	0.00892938	0.0117151	0.0123743	0.0105159	0.00785324	0.00557351	0.003909	0.00137267	0.0011174	0.00144507	0.0011975	0.00208326	0.00178829	0.00176638	0.00156655	0.00113218	0.000973022	0.00034104	
-0.0194418	-0.0192291	-0.0168472	-0.0124855	-0.00689424	0.000315349	0.00495549	0.00898443	0.011725	0.011914	0.010453	0.00759928	0.00464574	0.00346991	0.000493043	0.000264061	0.00013707	0.000397082	0.000818264	0.00106417	0.000568092	0.000960112	-3.68944e-05	4.45088e-06	-0.0005976	
-0.0199605	-0.0197613	-0.0175621	-0.0128905	-0.00744556	-0.000111365	0.00465419	0.00869369	0.0110639	0.0120393	0.0101565	0.00729961	0.00435053	0.00306323	-0.000266593	-0.000635885	-0.000651123	-0.000304788	-2.8408e-05	0.00020729	0.00029197	-0.000111091	-0.00036711	-0.000786567	-0.00139443	
-0.0208043	-0.0207901	-0.0183	-0.0138763	-0.0085581	-0.000971138	0.00392204	0.00774042	0.01052	0.0112656	0.00956609	0.00635172	0.00341723	0.00218704	-0.00123123	-0.00172719	-0.00193393	-0.00176435	-0.00124478	-0.00114423	-0.00135583	-0.00107081	-0.00239543	-0.00195141	-0.00307601	
-0.0217732	-0.021688	-0.0193825	-0.0148251	-0.00924353	-0.00194284	0.00346356	0.00709763	0.0102574	0.0107888	0.0089882	0.00586876	0.00310182	0.00121557	-0.0018236	-0.00296436	-0.00276937	-0.00273133	-0.00238719	-0.00200426	-0.00204413	-0.00229772	-0.00287541	-0.00348751	-0.0040782	
-0.0224835	-0.0224724	-0.0201929	-0.0154517	-0.010215	-0.00273012	0.00254426	0.0066566	0.008981	0.0104499	0.00833095	0.00524078	0.00189867	0.000623402	-0.00309667	-0.00418915	-0.00412178	-0.00363744	-0.00370329	-0.00310343	-0.00308968	-0.00322894	-0.00390409	-0.00433058	-0.00524	
-0.0235891	-0.0235789	-0.0210122	-0.0166752	-0.0110752	-0.00358507	0.00198989	0.00558109	0.00892316	0.00979789	0.0079152	0.00447412	0.00175434	-0.000518588	-0.00381167	-0.00514385	-0.00514118	-0.00489545	-0.00454732	-0.00418096	-0.0040559	-0.003984	-0.00471087	-0.00506139	-0.00587666	
-0.0238781	-0.0238195	-0.0213297	-0.0167157	-0.0110762	-0.00351179	0.0023488	0.00630304	0.00956993	0.0108957	0.00907785	0.00583951	0.00297858	0.000943271	-0.00241145	-0.00400715	-0.00381378	-0.00320271	-0.00316965	-0.00238937	-0.00201482	-0.00213634	-0.00258511	-0.00298647	-0.00386254	
-0.0245871	-0.0243475	-0.021921	-0.0167944	-0.0111534	-0.00344115	0.00271624	0.00686139	0.0101577	0.0121278	0.0102659	0.00723257	0.00429065	0.00214549	-0.00116653	-0.00284966	-0.00268662	-0.00215698	-0.0018381	-0.00104778	-0.000586976	-0.000808204	-0.000699156	-0.00146975	-0.00200912	
-0.0249153	-0.0247084	-0.0219157	-0.0175152	-0.0113704	-0.00366568	0.00239563	0.0068474	0.010354	0.0119537	0.0107163	0.00723444	0.00430061	0.00217224	-0.00124316	-0.00275501	-0.00294704	-0.00196017	-0.0020686	-0.000977121	-0.000247713	-0.000285782	-0.000583721	-0.00048356	-0.00163295	
-0.024779	-0.0246045	-0.0221192	-0.017059	-0.0113573	-0.0034838	0.00302725	0.00753814	0.0112281	0.0132858	0.0117158	0.00862267	0.00542596	0.00331891	-0.000147044	-0.00179032	-0.00187407	-0.0013594	-0.000894641	0.00016201	0.000743333	0.00102341	0.000866112	0.000386625	-0.000100412	
-0.0246743	-0.0243353	-0.0215939	-0.0167592	-0.0105643	-0.00279001	0.00408048	0.00858945	0.0126112	0.0144645	0.0133645	0.0100482	0.00713176	0.00469189	0.00135372	-0.000740668	-0.000644155	0.000218126	0.000468024	0.00179016	0.00225172	0.00265392	0.00252878	0.00219751	0.00149924	
-0.0242881	-0.0240443	-0.021573	-0.0165029	-0.0103755	-0.00250027	0.00398343	0.00921804	0.0127744	0.0149653	0.0136667	0.0106098	0.00729351	0.0049027	0.00139754	-0.00071498	-0.000903939	-1.80098e-05	0.000345421	0.00132238	0.00245504	0.00262682	0.00286548	0.00233885	0.00196493	
-0.0238968	-0.0237286	-0.0210125	-0.0162652	-0.0102895	-0.00224631	0.00445302	0.00952687	0.0132096	0.0154069	0.0140808	0.0111548	0.00756846	0.00516889	0.00131587	-0.000473182	-0.00131223	4.96081e-05	0.00019948	0.00158355	0.00210414	0.00295561	0.00277328	0.00243286	0.00195519	
-0.0235281	-0.0234159	-0.0208356	-0.0159766	-0.00978094	-0.00203308	0.00474503	0.00995939	0.0138238	0.0156756	0.0147939	0.0115636	0.00814589	0.00523642	0.00166759	-0.00052274	-0.00105872	-0.000342255	0.000458436	0.00135651	0.00223667	0.00294302	0.00296274	0.00246797	0.00202315	
-0.0230981	-0.0230957	-0.0209218	-0.0157728	-0.0100638	-0.00243136	0.00458393	0.00984283	0.0132114	0.0155777	0.0144171	0.0115009	0.00751768	0.00487546	0.00112706	-0.00106296	-0.00221883	-0.000774954	-0.000618221	0.000603392	0.00151886	0.00223198	0.00233406	0.00202681	0.00132257	
-0.0229064	-0.023029	-0.0204506	-0.0161082	-0.0101987	-0.00231041	0.00392396	0.00950304	0.0133412	0.0149526	0.0140808	0.0111041	0.00706032	0.00446613	0.000366475	-0.00186681	-0.00269457	-0.00182372	-0.00130754	1.1871e-05	0.000691371	0.0016065	0.00166853	0.00105726	0.0004607	
-0.0227032	-0.0228944	-0.0208849	-0.015972	-0.0106101	-0.00304551	0.00357847	0.00905997	0.012253	0.0148153	0.0134647	0.0107286	0.00652319	0.00377504	-0.000375624	-0.00244471	-0.0039922	-0.00285236	-0.00210054	-0.00138014	-0.000241074	0.000617182	0.000298675	-3.19208e-05	-0.000277356	
-0.0223442	-0.0227467	-0.0207662	-0.0166509	-0.0106773	-0.00383883	0.00279278	0.00787485	0.0118038	0.0131594	0.0128053	0.00953274	0.00575843	0.00255922	-0.00119917	-0.00405682	-0.00473633	-0.00408171	-0.00372432	-0.00211001	-0.001729	-0.000452976	-0.000372961	-0.00107866	-0.00146646	
-0.0221773	-0.0225236	-0.0205111	-0.0161577	-0.0108666	-0.00357451	0.00275081	0.00814315	0.0111598	0.0137294	0.0125047	0.00993463	0.00584052	0.00272761	-0.00109153	-0.00345423	-0.00489112	-0.00369291	-0.00306693	-0.00227252	-0.0008573	-0.000375087	0.000114462	-0.000422155	-0.000781871	
-0.0217722	-0.0221531	-0.0201438	-0.0160219	-0.0105122	-0.00365433	0.0028022	0.00814436	0.0117392	0.0136393	0.0130741	0.0104131	0.00654217	0.00318524	-0.000324712	-0.00275328	-0.00417218	-0.00290892	-0.00247008	-0.00113284	-0.000233151	0.00116389	0.00101523	0.000691176	3.10952e-05	
-0.0214602	-0.0219136	-0.0200102	-0.0157299	-0.0105487	-0.00398461	0.00270342	0.00797808	0.0111836	0.0134833	0.0128242	0.010122	0.00640065	0.0031853	-0.000305454	-0.00269789	-0.00397325	-0.0030058	-0.00232323	-0.00100533	0.000255684	0.00110751	0.00163349	0.000897305	0.000689199	
-0.0208965	-0.0212318	-0.0193656	-0.0152529	-0.0100133	-0.00355508	0.00310667	0.00841025	0.0117592	0.0137953	0.013349	0.0108649	0.00699169	0.00371501	0.000649906	-0.00199511	-0.00319414	-0.00210184	-0.00146989	-5.57995e-05	0.00130081	0.00214224	0.00241796	0.00214196	0.00159783	
-0.0200433	-0.0205067	-0.0187259	-0.0149815	-0.00963997	-0.0038177	0.00336277	0.00791076	0.0119369	0.0134051	0.013302	0.0106157	0.00753201	0.00319243	0.00100253	-0.00235856	-0.00282496	-0.00215735	-0.00145248	2.36658e-07	0.00154728	0.00198994	0.0029537	0.00211572	0.00178312	
-0.0196448	-0.0201638	-0.0182276	-0.0147013	-0.00972276	-0.00352342	0.0027192	0.00850248	0.0111866	0.0136349	0.012983	0.0108818	0.00690829	0.00383984	0.00019978	-0.0019993	-0.00328935	-0.00229	-0.00171717	-0.00014335	0.000985939	0.00213768	0.00222378	0.00181228	0.00164539	
-0.0189684	-0.0194998	-0.0178103	-0.0144773	-0.00916309	-0.00411238	0.00315688	0.0077336	0.011601	0.0131572	0.0131068	0.0103914	0.00778613	0.00276358	0.000917734	-0.00254252	-0.00291292	-0.00238489	-0.00179679	-0.000433511	0.00130253	0.00160432	0.00254271	0.00158354	0.00157257	
-0.0185089	-0.0190973	-0.0173	-0.0139804	-0.00900242	-0.00341665	0.00316145	0.00858727	0.0117023	0.013917	0.0135456	0.011549	0.00805394	0.00430488	0.00130067	-0.0013428	-0.00245657	-0.0013602	-0.00142935	0.000268324	0.00167993	0.00193877	0.00246122	0.00219606	0.00157187	
-0.0179812	-0.0187131	-0.0173498	-0.0140635	-0.0093679	-0.00436692	0.00269915	0.00681677	0.010918	0.0124948	0.0123659	0.0101692	0.00742177	0.00239845	0.000546444	-0.00290259	-0.00333695	-0.00336971	-0.00254552	-0.00152629	0.000183656	0.000465583	0.00135247	0.000634992	0.000627063	
-0.0175399	-0.018174	-0.0168539	-0.013745	-0.0087393	-0.00405946	0.00262318	0.00754282	0.0108338	0.0128165	0.0128536	0.0107781	0.00791102	0.00357971	0.00109698	-0.0018784	-0.00279025	-0.00256948	-0.00218006	-0.000965337	0.000377855	0.000885721	0.00129174	0.000940146	0.000704373	
-0.0171611	-0.0178885	-0.0161181	-0.0135119	-0.0087334	-0.00388111	0.00218494	0.00733263	0.0106377	0.0125233	0.012588	0.0107523	0.00779623	0.00370831	0.00113687	-0.00179653	-0.00265815	-0.00287855	-0.00240894	-0.00111034	-0.000111467	0.000549176	0.00103502	0.000477045	0.000559518	
-0.0167316	-0.0175305	-0.0159922	-0.0135763	-0.00896551	-0.00470826	0.0016426	0.00623062	0.009803	0.0113421	0.0114635	0.00967693	0.00737556	0.00237249	0.000670196	-0.00267539	-0.00378741	-0.00368253	-0.00353369	-0.00287249	-0.000977846	-0.00135028	-0.000360452	-0.000860279	-0.0011814	
-0.0162728	-0.0171925	-0.0160367	-0.0132988	-0.00919502	-0.00487426	0.000818047	0.00586504	0.00895016	0.0105068	0.0107774	0.00963345	0.00658489	0.00275395	-7.25984e-05	-0.00266878	-0.00397274	-0.00446289	-0.00415461	-0.00311599	-0.0022264	-0.001558	-0.00144786	-0.00147894	-0.00184358	
-0.0157777	-0.0165006	-0.0154167	-0.0126992	-0.00881556	-0.00486791	0.00133736	0.00547763	0.00903618	0.0107204	0.011136	0.00987073	0.00762928	0.00308198	0.00109662	-0.00181669	-0.00275203	-0.00370579	-0.00296343	-0.00254132	-0.00131287	-0.0010479	-0.000507176	-0.00107106	-0.00093244	
-0.0150416	-0.0158136	-0.014927	-0.0128285	-0.00861989	-0.00486063	-3.99359e-05	0.00544814	0.00831509	0.00972004	0.0104116	0.0095357	0.00672451	0.00317101	0.000585136	-0.00146622	-0.00307836	-0.00374318	-0.00331088	-0.00254547	-0.0015895	-0.00102031	-0.00115481	-0.000790095	-0.00106249	
-0.0143128	-0.0152276	-0.0141271	-0.0121038	-0.00863229	-0.00480279	0.000136789	0.00465661	0.00794336	0.00953943	0.0100552	0.00930901	0.00714174	0.00327701	0.00125118	-0.00108046	-0.00238804	-0.0032152	-0.00268337	-0.00203576	-0.000999285	-0.000798105	-0.000328212	-0.000371827	-0.000501746	
-0.0135822	-0.0143147	-0.0135812	-0.0116434	-0.00791557	-0.00437865	-0.00021822	0.00505984	0.00823651	0.00939097	0.0104248	0.0101041	0.0076646	0.00441685	0.00209428	0.000458302	-0.0013131	-0.00204953	-0.0014392	-0.001126	-0.000100466	0.000266556	0.000245648	0.000602251	0.000428337	
-0.0125726	-0.0135635	-0.0132916	-0.0112297	-0.00839665	-0.00501539	-0.000732726	0.00383262	0.00701646	0.00825256	0.00923766	0.00914661	0.00691895	0.00388798	0.00164335	-0.000128754	-0.00144299	-0.0027969	-0.00187002	-0.00152126	-0.0010697	-0.000246159	-0.000138265	1.00323e-05	7.78805e-07	
-0.0120087	-0.0127949	-0.012447	-0.0107711	-0.0078754	-0.00472329	-0.000893915	0.00390304	0.00694532	0.00822996	0.00948764	0.00965013	0.0075089	0.00490417	0.002532	0.00119938	-0.000571182	-0.0016597	-0.00102146	-0.000865236	-0.000484902	0.000325052	0.000161112	0.000455381	0.000350378	
-0.0111174	-0.0119789	-0.0119557	-0.0104801	-0.00772408	-0.00502155	-0.00160266	0.00315472	0.00597937	0.00703681	0.00848452	0.00883845	0.00715021	0.00424967	0.0023182	0.00106317	-0.000820984	-0.00223464	-0.00122228	-0.00128665	-0.000860462	-0.000379708	-0.000216648	9.88305e-05	-0.000312312	
-0.0102008	-0.0112408	-0.0110823	-0.0097818	-0.00780411	-0.00498512	-0.00182447	0.00241227	0.00526553	0.00659637	0.00781452	0.00850843	0.00676672	0.00448954	0.00232095	0.00131869	-0.000622104	-0.00184011	-0.00121906	-0.000987749	-0.00118027	-0.00029943	-0.000462563	-9.1904e-05	-0.000434631	
-0.00941848	-0.0103679	-0.0105509	-0.00956864	-0.00735122	-0.00512178	-0.00262679	0.00188192	0.00479801	0.0053712	0.00718236	0.00794313	0.00631238	0.00402863	0.00223825	0.00137758	-0.000443362	-0.00210797	-0.00111706	-0.00129154	-0.00119175	-0.000704541	-0.000727685	-0.000329031	-0.000487682	
-0.00875432	-0.00985071	-0.0100654	-0.00887762	-0.00751096	-0.00524584	-0.00258873	0.00116036	0.00386398	0.00508815	0.00642066	0.00733547	0.00603	0.00420791	0.00223982	0.00140501	-4.49942e-05	-0.00169782	-0.00118277	-0.000896705	-0.0012205	-0.000586314	-0.000585907	-0.000260495	-0.000675265	
-0.0080951	-0.00903635	-0.00943373	-0.00857155	-0.00706206	-0.00524868	-0.00309351	0.00075642	0.00349574	0.00457311	0.00623583	0.00727588	0.00612943	0.00460926	0.00274656	0.00238428	0.000679678	-0.000937609	-0.000480902	-0.000362668	-0.000575218	0.00020413	-0.000115349	0.000427259	0.000351237	
-0.00747559	-0.00839568	-0.00887478	-0.00826035	-0.00710438	-0.00533793	-0.00318225	8.80294e-05	0.00268524	0.00409406	0.00555554	0.0066316	0.00626341	0.00445041	0.00308291	0.00252763	0.00101226	-0.000653186	-0.000115611	-0.000391317	-0.000252127	6.54432e-05	0.000399522	0.000552723	0.000334056	
-0.00645203	-0.00747148	-0.0079197	-0.00750514	-0.00690435	-0.00517297	-0.00365643	-0.000754732	0.00180692	0.00329697	0.00475104	0.00616812	0.00520637	0.0046009	0.0027914	0.00252137	0.000967407	-0.000216122	-0.000360469	-0.000110298	-0.000646062	0.000510875	-3.07781e-05	0.000652225	0.000777898	
-0.00527752	-0.00632126	-0.00714673	-0.00722461	-0.00664184	-0.00551646	-0.00423029	-0.00174049	0.000512005	0.0018217	0.00350453	0.00453549	0.00452424	0.00341548	0.00223468	0.00150926	0.000364272	-0.00121353	-0.00103722	-0.00126311	-0.00100194	-0.00108446	-0.000360143	-0.000209929	-0.000366313	
-0.00416527	-0.00528334	-0.00608547	-0.00609456	-0.00625164	-0.00509672	-0.00412259	-0.00206468	-6.55632e-05	0.00178711	0.00308997	0.00440157	0.00411657	0.00419174	0.00239086	0.00206676	0.000662351	-0.000538143	-0.00108129	-0.000753622	-0.00138218	-0.000613649	-0.000744506	-0.000207359	-0.000260268	
-0.00297484	-0.00410214	-0.00520989	-0.00566328	-0.00598839	-0.0054167	-0.00468716	-0.00321683	-0.00132393	0.000424772	0.0017359	0.00285654	0.00333386	0.0029543	0.00175958	0.00112176	-0.000239059	-0.00143951	-0.00183949	-0.00211678	-0.00215963	-0.00203398	-0.00165631	-0.0014786	-0.00137414	
