-0.033122	-0.033122	-0.0322448	-0.0301251	-0.0299412	-0.0322242	-0.0328818	-0.0286998	-0.0243923	-0.0218538	-0.019809	-0.0166897	-0.0117384	-0.00396701	0.00548517	0.0134593	0.0217273	0.0301944	0.0391309	0.046797	0.053153	0.0543909	0.0487933	0.0378582	0.0239995	
-0.033122	-0.0324327	-0.0313926	-0.0296424	-0.0299988	-0.0319012	-0.0313185	-0.0264933	-0.0222351	-0.019703	-0.0174558	-0.0139473	-0.00788462	0.00115548	0.0111161	0.0190652	0.0270026	0.0348964	0.0430185	0.050136	0.0555754	0.0562803	0.0506055	0.0395518	0.0255668	
-0.0313852	-0.0305527	-0.0299389	-0.0282141	-0.0289293	-0.02885	-0.0276798	-0.0228593	-0.0208986	-0.0185835	-0.015435	-0.00961404	-0.00131388	0.00834686	0.0175835	0.0241966	0.0318839	0.0395758	0.0469282	0.0525662	0.0555123	0.0546359	0.0486877	0.0384979	0.0256667	
-0.0277635	-0.0273172	-0.0266626	-0.0257361	-0.0253557	-0.0252524	-0.0227921	-0.0205029	-0.0196485	-0.018397	-0.0132644	-0.00547391	0.00451738	0.0148003	0.0223868	0.02807	0.0340014	0.0405916	0.0454838	0.0486289	0.0487167	0.0458819	0.0395347	0.0300489	0.0188749	
-0.0256344	-0.0256741	-0.0252613	-0.023174	-0.0239708	-0.0226844	-0.0220917	-0.0191975	-0.0198612	-0.0167827	-0.0111954	-0.00232711	0.00867777	0.0195459	0.028064	0.0325995	0.0372221	0.0403254	0.0419199	0.0421947	0.0400916	0.0362194	0.0294355	0.020478	0.0105585	
-0.0256559	-0.0252184	-0.0228325	-0.020743	-0.0203427	-0.0208629	-0.0181287	-0.0155196	-0.0128354	-0.00953023	-0.00315038	0.00458657	0.015689	0.0283272	0.0372586	0.0422336	0.0435662	0.0432016	0.0399635	0.0371249	0.0329287	0.0285814	0.0223663	0.0144313	0.00610075	
-0.0240129	-0.0223588	-0.0195749	-0.0163022	-0.0177213	-0.0160679	-0.0129833	-0.00569053	-0.00212839	0.00347221	0.0084657	0.0158152	0.0271767	0.0403692	0.0501752	0.0532577	0.0525584	0.0475359	0.0400836	0.0327786	0.0258764	0.0208308	0.015718	0.00939333	0.0024817	
-0.0180329	-0.0159193	-0.0133133	-0.0125414	-0.0132358	-0.0118878	-0.00425117	0.00371524	0.0100782	0.0145069	0.0201444	0.0267139	0.037819	0.0502355	0.0573181	0.0583555	0.0536276	0.0453979	0.0329678	0.0221556	0.0121415	0.00657623	0.00209	-0.00273648	-0.00787161	
-0.0129083	-0.0110001	-0.0106415	-0.0107666	-0.0128245	-0.00821323	0.000124599	0.0108015	0.0159861	0.0219714	0.0273253	0.0345229	0.0441653	0.0537181	0.0576434	0.054772	0.0475579	0.0355809	0.0210619	0.00787597	-0.00257748	-0.00884791	-0.0126293	-0.0164265	-0.0192558	
-0.0104562	-0.00858998	-0.00830253	-0.00928717	-0.0094166	-0.00454064	0.00614745	0.0156934	0.0224028	0.0279661	0.0345666	0.0401234	0.047286	0.052736	0.0520545	0.045499	0.0343354	0.0205591	0.00406613	-0.00852375	-0.0193818	-0.0247142	-0.027905	-0.0293454	-0.0290516	
-0.00911476	-0.00708862	-0.00583506	-0.0047565	-0.00430777	0.00161557	0.0112642	0.0216078	0.0279119	0.0345624	0.0395836	0.0435279	0.0470049	0.0487051	0.043534	0.032613	0.0187769	0.00302114	-0.0129146	-0.0260341	-0.0355882	-0.0404392	-0.0408063	-0.0395557	-0.0364861	
-0.00708334	-0.00478091	-0.00119469	0.00197581	0.00373828	0.00892396	0.0185348	0.0281822	0.0349841	0.0398249	0.0431142	0.0435861	0.0444932	0.0422284	0.0333449	0.0190761	0.00291415	-0.0127838	-0.0290403	-0.0406515	-0.0495861	-0.0512242	-0.0488026	-0.04449	-0.0397453	
-0.00344498	-0.000120652	0.00576695	0.0107998	0.0138772	0.0194985	0.0295778	0.0389945	0.0443733	0.0468539	0.046414	0.0441753	0.0415003	0.0366054	0.0246252	0.00865349	-0.00837341	-0.0247091	-0.0395288	-0.0500853	-0.05548	-0.054853	-0.0496033	-0.0438636	-0.0373866	
0.00293119	0.00754643	0.0141077	0.0198644	0.023735	0.0313758	0.0421249	0.0508385	0.0535751	0.0522931	0.0482208	0.041895	0.0365233	0.028912	0.0161424	-0.000223877	-0.0177865	-0.0336479	-0.0473682	-0.0541325	-0.0569275	-0.0537476	-0.0476794	-0.0403447	-0.0318861	
0.0109601	0.0161986	0.0220641	0.0261985	0.0311553	0.0394233	0.0512343	0.057415	0.0572596	0.051677	0.0433424	0.033347	0.0248988	0.01654	0.00371079	-0.0117377	-0.0284768	-0.0432203	-0.0538662	-0.0582213	-0.0583195	-0.0541525	-0.04612	-0.0367228	-0.0262686	
0.0175275	0.0228339	0.0274078	0.0306883	0.0346546	0.0435181	0.0536354	0.0580719	0.0542923	0.0452252	0.0327978	0.0197464	0.0097097	0.000912334	-0.0110685	-0.0244308	-0.0383274	-0.0492768	-0.0573914	-0.0597593	-0.0589285	-0.0522455	-0.041261	-0.0292262	-0.0187782	
0.0245829	0.0295855	0.0339789	0.0356712	0.0384886	0.0441345	0.0523402	0.0530696	0.0471336	0.0342053	0.0192427	0.00417796	-0.00653015	-0.0158937	-0.0271828	-0.0378341	-0.0474312	-0.0549076	-0.0612284	-0.0634508	-0.0612036	-0.052111	-0.0381367	-0.0253376	-0.0153807	
0.032201	0.0365596	0.0408209	0.0416023	0.0410586	0.0431816	0.0467109	0.0444354	0.0351193	0.020621	0.00368407	-0.0112686	-0.0226338	-0.0315857	-0.0417986	-0.0487589	-0.0550159	-0.0598652	-0.0649374	-0.0654024	-0.0612595	-0.0501654	-0.035971	-0.0230296	-0.0140747	
0.040562	0.0440221	0.0476235	0.0461474	0.0423335	0.0395285	0.0387108	0.0313904	0.0201106	0.00395523	-0.012226	-0.0275136	-0.0376108	-0.045666	-0.0528395	-0.0572847	-0.0618174	-0.0655015	-0.0681017	-0.0655866	-0.0591996	-0.0486316	-0.0346449	-0.0225262	-0.013118	
0.0478939	0.050783	0.0530455	0.04917	0.0423641	0.036309	0.0310718	0.0201796	0.00633474	-0.00920598	-0.0257779	-0.0394938	-0.0486154	-0.0529826	-0.0576839	-0.0599412	-0.0641403	-0.0660705	-0.0657724	-0.0601587	-0.0536214	-0.04316	-0.0305891	-0.0179639	-0.0104446	
0.0544324	0.0564762	0.056258	0.0493894	0.0400726	0.0317523	0.0239448	0.0100527	-0.00446032	-0.020718	-0.0361503	-0.0492679	-0.0547401	-0.0564326	-0.0582328	-0.0591812	-0.0614809	-0.061274	-0.0588014	-0.0531251	-0.0464094	-0.037577	-0.0248625	-0.0150513	-0.00938049	
0.056522	0.0580185	0.0560394	0.0469406	0.0363462	0.0274386	0.0189495	0.00456257	-0.0108143	-0.0264842	-0.0417722	-0.051856	-0.0549495	-0.0538392	-0.0543617	-0.0523628	-0.0517085	-0.0491015	-0.0470393	-0.0414348	-0.0362999	-0.0274535	-0.0185288	-0.0110312	-0.00859559	
0.0517709	0.0530475	0.0505686	0.0408643	0.0298001	0.0215624	0.0141483	0.000284834	-0.0144441	-0.0296589	-0.0424193	-0.0499651	-0.0502294	-0.0481189	-0.0463851	-0.0410782	-0.0369925	-0.0338182	-0.0317441	-0.0273986	-0.0219442	-0.0167451	-0.010477	-0.00720172	-0.00548867	
0.0410095	0.0421716	0.0406223	0.0316203	0.0211208	0.0140032	0.00812534	-0.00435572	-0.0180229	-0.0309048	-0.0411329	-0.0458586	-0.0447324	-0.0408756	-0.0368618	-0.028712	-0.0236819	-0.0201283	-0.018659	-0.0135627	-0.0107728	-0.0076689	-0.00550218	-0.00346556	-0.00353259	
0.0269204	0.0280311	0.0278556	0.0207199	0.0116584	0.00614918	0.00150779	-0.00939664	-0.020758	-0.0304844	-0.0380171	-0.041145	-0.0383141	-0.032397	-0.0262765	-0.0180433	-0.0134772	-0.0108497	-0.00874858	-0.00537665	-0.0043748	-0.00442419	-0.00283297	-0.002477	-0.00372555	
0.011984	0.0126953	0.0133864	0.0077102	0.000625313	-0.00367275	-0.00704499	-0.0162465	-0.0240528	-0.0301804	-0.0352436	-0.0367331	-0.0317403	-0.0232822	-0.0168009	-0.00967293	-0.00692161	-0.00491511	-0.00454734	-0.00331697	-0.00506979	-0.00590789	-0.00475633	-0.00443362	-0.0066013	
-0.00440618	-0.00364917	-0.0027483	-0.00700193	-0.0126142	-0.0147295	-0.0165059	-0.0220878	-0.0260167	-0.0280106	-0.0305522	-0.0300157	-0.0227796	-0.0138432	-0.00786401	-0.00270769	-0.000856304	-0.001051	-0.00339068	-0.00469365	-0.00752481	-0.00824625	-0.00653218	-0.00512783	-0.0066028	
-0.0198046	-0.0195707	-0.0191299	-0.0240277	-0.0285099	-0.0294693	-0.0277304	-0.030019	-0.0297257	-0.0283729	-0.0275711	-0.0240581	-0.0162287	-0.00760668	-0.00357572	0.0012904	0.00197448	-0.000674623	-0.00571399	-0.00903282	-0.0116284	-0.0125028	-0.00963851	-0.00671091	-0.00700679	
-0.0305661	-0.03092	-0.0319003	-0.0374618	-0.0427083	-0.0414444	-0.0372775	-0.0360669	-0.0338093	-0.0296557	-0.0252152	-0.0199976	-0.0120909	-0.00636757	-0.00309726	0.000321761	-0.000392649	-0.00556165	-0.0130932	-0.0171685	-0.0211577	-0.0218607	-0.0187281	-0.0147796	-0.0142791	
-0.036752	-0.0387641	-0.0416212	-0.0498228	-0.0555109	-0.0542681	-0.0479222	-0.0458742	-0.0424329	-0.0360982	-0.0292219	-0.0219116	-0.0155332	-0.0100631	-0.00819989	-0.00544812	-0.00803379	-0.0149649	-0.022862	-0.0285557	-0.0330291	-0.0345453	-0.0312389	-0.0270293	-0.026129	
-0.039602	-0.0429443	-0.0475938	-0.056587	-0.0631477	-0.0613317	-0.0551499	-0.0529176	-0.0491039	-0.0424144	-0.0343314	-0.0279337	-0.0208433	-0.016005	-0.0138889	-0.0133403	-0.0176629	-0.0253139	-0.0342095	-0.0403921	-0.0455854	-0.0469864	-0.0434341	-0.0393842	-0.0377642	
-0.0387747	-0.0437835	-0.0495073	-0.0591659	-0.0654993	-0.0646715	-0.0595831	-0.0582181	-0.0552232	-0.0494336	-0.0437542	-0.0373741	-0.0302153	-0.0233247	-0.0218268	-0.0219316	-0.0269342	-0.0346844	-0.0437378	-0.0503095	-0.0552142	-0.0557594	-0.0523654	-0.047735	-0.0471091	
-0.0314068	-0.0382305	-0.0449885	-0.0546203	-0.0614913	-0.0621283	-0.0591343	-0.0594906	-0.0581436	-0.0559573	-0.0527726	-0.0479454	-0.0391175	-0.0317821	-0.0296816	-0.0300653	-0.0342715	-0.0416344	-0.0503055	-0.056603	-0.0604651	-0.0610303	-0.0568975	-0.0536197	-0.0540437	
-0.0170104	-0.0252078	-0.032354	-0.0422191	-0.0496575	-0.0521548	-0.0510334	-0.0535208	-0.055055	-0.056331	-0.0560764	-0.0519144	-0.0438484	-0.0362591	-0.03438	-0.033261	-0.0369639	-0.0431132	-0.0511192	-0.0555733	-0.0591147	-0.0589528	-0.0558769	-0.0533283	-0.0556802	
0.00248087	-0.00619735	-0.0138193	-0.0239168	-0.0329298	-0.0364139	-0.0375192	-0.0418209	-0.0468396	-0.0505307	-0.051778	-0.0489743	-0.0424292	-0.0365039	-0.0337082	-0.0318043	-0.0338193	-0.0392175	-0.0449129	-0.0479585	-0.0502676	-0.050773	-0.0482202	-0.0470542	-0.0495348	
0.0229324	0.0141538	0.00634933	-0.0054772	-0.0150742	-0.0206593	-0.0219413	-0.0292083	-0.0354979	-0.0407962	-0.0419147	-0.0405729	-0.0365332	-0.0314807	-0.0289106	-0.0250905	-0.0263473	-0.0289588	-0.032653	-0.0333173	-0.0345594	-0.0343733	-0.0320349	-0.0303755	-0.0323482	
0.0416174	0.0341898	0.0260063	0.0145845	0.00323815	-0.000992022	-0.00423445	-0.0108767	-0.0192226	-0.0234159	-0.0252322	-0.0252403	-0.0230259	-0.0197543	-0.0169021	-0.0135221	-0.0129715	-0.0137587	-0.0152131	-0.0141644	-0.0136701	-0.0114789	-0.00773663	-0.00475121	-0.00626677	
0.0587834	0.052459	0.0450926	0.0325703	0.0227097	0.0167482	0.015018	0.00641737	-0.000537469	-0.00588185	-0.00804032	-0.00957784	-0.00869444	-0.00585766	-0.00492638	-0.00182834	-0.00131375	-0.000680789	-0.00106092	0.000858306	0.00368459	0.00830856	0.0144497	0.0184011	0.0171325	
0.0693286	0.064104	0.0572278	0.0469847	0.0367053	0.0326753	0.0293956	0.0228471	0.0151533	0.0101533	0.00610569	0.00375001	0.00486515	0.00638332	0.00598719	0.00732573	0.0078278	0.00917039	0.00931484	0.0131463	0.0178686	0.0259096	0.034175	0.0391939	0.0380388	
0.0702841	0.066716	0.0627909	0.0546973	0.047539	0.0435091	0.0424319	0.0363816	0.0304782	0.0243985	0.0191804	0.016364	0.0170291	0.0178347	0.0150695	0.0150035	0.0150041	0.0161715	0.0176455	0.0226752	0.0298142	0.0397173	0.0499038	0.0558762	0.056231	
0.0647518	0.0637786	0.0634694	0.0598365	0.0551337	0.0540504	0.0547391	0.0514168	0.0463394	0.0400451	0.0337172	0.0292653	0.0284655	0.0268441	0.0224677	0.0207975	0.0193472	0.0201868	0.0216181	0.0279459	0.0353542	0.0459508	0.0566262	0.0636604	0.0659436	
0.0547361	0.0556895	0.0583141	0.0572111	0.0552845	0.056586	0.0606088	0.0594867	0.0554941	0.0493726	0.0421739	0.0362053	0.0325262	0.0295585	0.0244678	0.0224384	0.0200969	0.0201014	0.0219314	0.0279198	0.0349172	0.0445401	0.0550888	0.0630698	0.0670599	
0.0414156	0.0441719	0.0487993	0.050476	0.0508643	0.0562552	0.0636082	0.0655051	0.0624204	0.0566623	0.0488578	0.0403341	0.0343747	0.0298753	0.0250586	0.0221975	0.0188278	0.0178521	0.0187539	0.0238953	0.0294539	0.0378837	0.0480949	0.0565844	0.0619369	
0.0270565	0.0308224	0.0369567	0.0397903	0.0436389	0.0513421	0.0627726	0.0661137	0.0649767	0.0594623	0.0512316	0.041346	0.0338103	0.029431	0.0240909	0.0205573	0.0156451	0.0131386	0.0122958	0.0157182	0.0199066	0.0272602	0.0366964	0.0451593	0.0510112	
0.0125222	0.0168408	0.023276	0.0285637	0.0335471	0.044974	0.0567238	0.0632484	0.0625716	0.0589599	0.0504651	0.0408672	0.0340829	0.0299858	0.0244	0.0193444	0.0132154	0.00880977	0.00561668	0.00750432	0.0107807	0.0171557	0.025802	0.0334516	0.0393073	
-0.000705978	0.00398619	0.0114959	0.0174113	0.0254841	0.0365725	0.0505243	0.0569892	0.0592728	0.0564436	0.0500327	0.0422005	0.0375053	0.0341257	0.0277777	0.0212468	0.013953	0.0070697	0.00158393	0.00134956	0.00368565	0.00912154	0.0167172	0.0234636	0.0290472	
-0.0116451	-0.00664694	0.0013598	0.00927462	0.017174	0.0291694	0.0417646	0.0504354	0.0532722	0.052976	0.0488023	0.0446674	0.0424058	0.0399471	0.0327424	0.0255513	0.0165188	0.00803132	-0.000497732	-0.00255238	-0.00238274	0.00236015	0.00865234	0.0147319	0.0187413	
-0.0208429	-0.0160529	-0.00819892	-0.000652135	0.00640908	0.0163682	0.0285069	0.0378113	0.0421571	0.0435258	0.0427383	0.0423081	0.0433391	0.0422503	0.0364779	0.0286137	0.0198569	0.00950157	0.000298814	-0.00450103	-0.00536133	-0.00235119	0.00350578	0.00767406	0.0107291	
-0.0265267	-0.0216999	-0.0143559	-0.0082517	-0.0027126	0.00519047	0.017193	0.0265149	0.0320397	0.0341668	0.03627	0.0384557	0.0421677	0.0435175	0.0393108	0.0322885	0.0224305	0.0126065	0.00182946	-0.00332052	-0.00657828	-0.00387479	-0.000141923	0.00297766	0.00384846	
-0.0275835	-0.0235318	-0.0183698	-0.0144138	-0.0120123	-0.00530651	0.0046799	0.0145408	0.0188928	0.0227737	0.0258551	0.0309934	0.0367259	0.0417674	0.0400572	0.0338887	0.0247609	0.0150081	0.00565859	-0.000897779	-0.00420979	-0.00374451	-0.00107818	-0.00026904	-0.00114067	
