-0.151749	-0.0837083	-0.0398662	-3.4466e-06	0.0309779	0.0526192	0.0653875	0.0638812	0.0530637	0.0404631	0.0302607	0.0273955	0.0322041	0.0492439	0.0740611	0.105592	0.141185	0.182246	0.224105	0.26223	0.295823	0.320056	0.339356	0.355586	0.36931	
-0.153288	-0.111225	-0.0703987	-0.0331747	-0.0056824	0.0119443	0.0203913	0.0152871	0.000976531	-0.011075	-0.0203863	-0.0219974	-0.0139692	0.00638989	0.0330653	0.0660472	0.105048	0.147356	0.189999	0.228586	0.262452	0.287171	0.307615	0.327027	0.344304	
-0.132192	-0.0980219	-0.0637782	-0.0318707	-0.0110385	-7.54374e-05	0.0012316	-0.0106456	-0.0305029	-0.0457877	-0.0564534	-0.061239	-0.0534465	-0.0342758	-0.0104496	0.0202553	0.0572941	0.0972301	0.135774	0.170721	0.201292	0.22279	0.242122	0.262447	0.283681	
-0.0821525	-0.0534098	-0.0254463	-0.0011616	0.0128918	0.0147679	0.0068965	-0.0133949	-0.0418784	-0.0615455	-0.0786579	-0.087502	-0.0850332	-0.0695553	-0.0514351	-0.0272538	0.00676227	0.0394459	0.072681	0.100534	0.124516	0.140971	0.15477	0.173482	0.19403	
-0.0178796	0.00757209	0.0285118	0.0454892	0.0504012	0.0438106	0.0265213	-0.00267707	-0.0385384	-0.065329	-0.0865172	-0.102573	-0.103726	-0.0945812	-0.0832515	-0.0657994	-0.0398873	-0.0141019	0.00868554	0.028003	0.0431297	0.0514166	0.0602071	0.0740792	0.0931887	
0.0540583	0.0745005	0.0894899	0.0986564	0.0961685	0.0808139	0.0540445	0.0165604	-0.0277171	-0.0605952	-0.0887992	-0.109654	-0.117165	-0.113024	-0.108251	-0.097789	-0.0770911	-0.0600505	-0.0440447	-0.0341226	-0.0277073	-0.0267433	-0.0261871	-0.0171412	-0.00385145	
0.120141	0.136782	0.145965	0.148125	0.138275	0.114627	0.079776	0.034789	-0.0153702	-0.0539498	-0.0862215	-0.111481	-0.122164	-0.123176	-0.122715	-0.117743	-0.103313	-0.0920516	-0.084699	-0.081719	-0.0840023	-0.0906525	-0.0953039	-0.0927719	-0.0833756	
0.179132	0.192673	0.196792	0.193426	0.17692	0.14726	0.104499	0.0534231	-0.00122901	-0.0450613	-0.0803532	-0.10892	-0.122498	-0.126605	-0.130357	-0.128453	-0.11852	-0.112179	-0.108997	-0.112493	-0.120496	-0.13258	-0.143376	-0.144624	-0.140832	
0.226049	0.237231	0.23928	0.231162	0.210936	0.175269	0.127249	0.0717511	0.0134223	-0.0326404	-0.0711671	-0.100089	-0.115268	-0.122051	-0.126706	-0.128188	-0.120409	-0.117206	-0.118364	-0.1248	-0.138568	-0.155021	-0.169293	-0.175807	-0.175395	
0.255524	0.267409	0.268364	0.259135	0.235845	0.198297	0.146711	0.0884515	0.030448	-0.018077	-0.0552849	-0.0847751	-0.0992468	-0.106403	-0.112817	-0.113824	-0.109044	-0.10787	-0.111875	-0.122618	-0.139597	-0.159407	-0.176869	-0.185235	-0.187684	
0.26505	0.278951	0.28224	0.273178	0.250689	0.212263	0.159455	0.101447	0.0440441	-0.00275404	-0.0399331	-0.0666115	-0.0798204	-0.086625	-0.0908207	-0.0918777	-0.085877	-0.0852772	-0.0907713	-0.102458	-0.122628	-0.144135	-0.163821	-0.175568	-0.180854	
0.251041	0.268382	0.274864	0.267459	0.246391	0.209444	0.158029	0.101888	0.0486249	0.0042019	-0.028522	-0.0511422	-0.0600843	-0.0638434	-0.0651412	-0.0628816	-0.0567167	-0.055029	-0.0610886	-0.0737344	-0.0946575	-0.117233	-0.137114	-0.149799	-0.155855	
0.221744	0.242876	0.251943	0.247723	0.229083	0.194642	0.145044	0.0913437	0.0423502	0.00103193	-0.027577	-0.0452396	-0.0506313	-0.0505759	-0.0477614	-0.0414909	-0.0321251	-0.0280585	-0.0305975	-0.0409456	-0.0602491	-0.0801859	-0.0995253	-0.111613	-0.117988	
0.186519	0.2091	0.221581	0.218074	0.201957	0.169175	0.12124	0.0710535	0.025176	-0.0117752	-0.0363619	-0.0489977	-0.0493665	-0.0466517	-0.0386625	-0.0285971	-0.0166882	-0.00851179	-0.00917116	-0.0162315	-0.0326901	-0.050012	-0.0642775	-0.0734232	-0.076573	
0.155168	0.180322	0.193088	0.191729	0.176399	0.145176	0.0996035	0.0505425	0.00901496	-0.0267368	-0.0480313	-0.0569044	-0.055681	-0.0496423	-0.0403711	-0.0270733	-0.0123274	-0.00257426	0.00112492	-0.00351338	-0.0166687	-0.0278715	-0.0380476	-0.0416923	-0.0395152	
0.134082	0.158156	0.172629	0.170877	0.157101	0.127129	0.082228	0.0363099	-0.00390081	-0.0367704	-0.0558728	-0.0626444	-0.0586597	-0.0529767	-0.0417178	-0.0272471	-0.0128372	-0.0011346	0.00229321	-0.000662907	-0.0106327	-0.0194163	-0.0233462	-0.0223688	-0.0161794	
0.119264	0.144286	0.158072	0.157072	0.143229	0.113973	0.070946	0.0262469	-0.0102942	-0.0411606	-0.0574507	-0.0610886	-0.0564188	-0.0490881	-0.0371454	-0.0222921	-0.00778273	0.00190311	0.00518434	0.00192083	-0.0088674	-0.0148793	-0.017204	-0.0135214	-0.00276818	
0.109949	0.1331	0.147305	0.145783	0.132764	0.103931	0.0622037	0.0203208	-0.0128174	-0.0401465	-0.0536725	-0.0545309	-0.0476793	-0.0388153	-0.0256453	-0.00974492	0.00345512	0.0127429	0.0151942	0.0104931	-3.53146e-05	-0.00684414	-0.00791744	-0.00327137	0.00675784	
0.103477	0.125905	0.138694	0.136521	0.121812	0.0935181	0.052132	0.0124323	-0.0174324	-0.0418035	-0.0512726	-0.0488218	-0.0373474	-0.0254278	-0.008673	0.00994646	0.0242309	0.0346357	0.0361981	0.0307325	0.0181407	0.0100307	0.00799829	0.0105238	0.0189795	
0.0979023	0.118531	0.130349	0.126559	0.112019	0.082799	0.0427392	0.00432042	-0.0228833	-0.0434333	-0.0504852	-0.0427731	-0.0283834	-0.012352	0.00820274	0.0296671	0.0473489	0.0589007	0.0620173	0.057172	0.0445131	0.0367564	0.0338986	0.0340447	0.0385131	
0.0915175	0.110819	0.121529	0.117089	0.0999117	0.0709987	0.0304521	-0.00699735	-0.032236	-0.0513834	-0.0540664	-0.0431401	-0.0236054	-0.00278467	0.0223558	0.0502957	0.0712541	0.0867294	0.0924227	0.0882043	0.0766803	0.0675858	0.0624968	0.0597469	0.0585762	
0.0819977	0.100158	0.109291	0.102934	0.08555	0.0552268	0.0153183	-0.0215494	-0.0458762	-0.0624778	-0.0633491	-0.0481856	-0.02483	0.000164536	0.0319149	0.0648177	0.0912384	0.111346	0.119861	0.119297	0.108247	0.0988165	0.0930166	0.0854335	0.0798208	
0.0734897	0.0889845	0.0959835	0.0884552	0.0680788	0.0369064	-0.00412736	-0.0406231	-0.0643349	-0.0797379	-0.0786811	-0.0604523	-0.0344228	-0.00430232	0.0324023	0.0712995	0.103662	0.1278	0.14218	0.143516	0.134419	0.12576	0.116952	0.107715	0.0971906	
0.0736181	0.0864524	0.0906122	0.0794214	0.0570408	0.0223782	-0.0196282	-0.0584572	-0.0824685	-0.0985069	-0.0968553	-0.0779249	-0.0503627	-0.0175832	0.0224655	0.0664974	0.102262	0.132262	0.15019	0.154932	0.14913	0.140099	0.13274	0.121353	0.108408	
0.0839047	0.0940932	0.0942164	0.0806738	0.0544419	0.0177428	-0.0277245	-0.0673084	-0.0936179	-0.109659	-0.108809	-0.0902661	-0.0624621	-0.0302633	0.0112269	0.0545155	0.0917765	0.122165	0.140986	0.1473	0.141817	0.135615	0.129069	0.12024	0.109648	
0.0995952	0.108751	0.10904	0.0934561	0.0660542	0.0260569	-0.0204154	-0.0628299	-0.0901465	-0.107818	-0.108576	-0.0913125	-0.0666656	-0.035986	0.00104995	0.041865	0.0755232	0.103135	0.119846	0.123713	0.118965	0.112934	0.109212	0.103853	0.0967753	
0.110711	0.121667	0.122376	0.107078	0.0790582	0.0393841	-0.00834011	-0.0513235	-0.0788479	-0.0970898	-0.0978883	-0.082737	-0.0595021	-0.0325164	0.00033511	0.0361307	0.0633883	0.0851231	0.0947307	0.0936246	0.0853969	0.078312	0.0760211	0.0738932	0.0720844	
0.115076	0.127461	0.130223	0.117855	0.0916152	0.0529673	0.00630481	-0.0360207	-0.0634825	-0.0820576	-0.0843926	-0.0712584	-0.0506414	-0.0278039	0.000627275	0.0302382	0.0513188	0.0663849	0.0691051	0.0633722	0.0516728	0.0435185	0.0424303	0.0424648	0.0447748	
0.115894	0.131008	0.137059	0.12621	0.102431	0.0660376	0.0210107	-0.0208164	-0.0490803	-0.0686875	-0.0743383	-0.0638187	-0.0481861	-0.0297435	-0.00681401	0.017325	0.0338274	0.0431207	0.0428613	0.0337129	0.0205152	0.0126714	0.0117531	0.0143629	0.0193581	
0.119989	0.137303	0.144781	0.136999	0.116269	0.0816306	0.0381775	-0.00373569	-0.0319958	-0.0553626	-0.0640041	-0.0597326	-0.0497782	-0.0385793	-0.0222162	-0.00318466	0.00714014	0.0139554	0.0105312	0.0003014	-0.0129248	-0.0206714	-0.0189895	-0.0142483	-0.00518981	
0.125793	0.145586	0.156621	0.152339	0.133551	0.102146	0.0597778	0.0197436	-0.011061	-0.036907	-0.0515664	-0.0535345	-0.0520794	-0.0501477	-0.0408213	-0.0301583	-0.024065	-0.0219392	-0.0264221	-0.0369019	-0.0501755	-0.0548493	-0.0517263	-0.043294	-0.0306625	
0.133891	0.156735	0.171038	0.168116	0.152146	0.121926	0.0807158	0.0393834	0.00674134	-0.023301	-0.0427328	-0.05012	-0.0557114	-0.0596256	-0.0567268	-0.050356	-0.0496245	-0.0505651	-0.0572392	-0.0702249	-0.0839668	-0.0900728	-0.0861697	-0.0769613	-0.0620976	
0.139039	0.16465	0.180426	0.18072	0.166788	0.137377	0.0959373	0.0533165	0.0186885	-0.0152512	-0.0380706	-0.048837	-0.0584282	-0.0656352	-0.0664163	-0.0641148	-0.06731	-0.0723113	-0.0818807	-0.0974577	-0.113415	-0.119469	-0.115649	-0.105	-0.0876514	
0.146991	0.174188	0.192281	0.193919	0.179266	0.148989	0.10463	0.0591999	0.0198819	-0.0186019	-0.0441107	-0.0577218	-0.0672381	-0.0750388	-0.0758468	-0.0731095	-0.0778743	-0.0832345	-0.0950832	-0.112762	-0.129613	-0.137821	-0.133768	-0.123484	-0.106672	
0.15602	0.183644	0.201199	0.200781	0.185253	0.151496	0.103762	0.054272	0.0108538	-0.0297264	-0.0580101	-0.0704452	-0.0788702	-0.084011	-0.0821501	-0.0783199	-0.0808394	-0.0870488	-0.0998958	-0.118296	-0.137398	-0.146036	-0.142971	-0.134136	-0.116636	
0.169303	0.195329	0.210608	0.207809	0.187455	0.148546	0.095937	0.0415607	-0.00471479	-0.0484356	-0.0761734	-0.0885282	-0.0934082	-0.0950551	-0.0907915	-0.0828718	-0.0830063	-0.0863298	-0.097905	-0.11556	-0.133996	-0.143636	-0.142326	-0.134809	-0.119502	
0.186661	0.210914	0.222936	0.214719	0.187915	0.143156	0.0841524	0.0244095	-0.0258595	-0.0701323	-0.0984465	-0.109425	-0.111194	-0.110105	-0.102166	-0.0910143	-0.0851458	-0.0837835	-0.0908733	-0.104099	-0.121046	-0.130701	-0.132284	-0.128792	-0.118194	
0.204835	0.225879	0.233898	0.219967	0.187455	0.136549	0.0710977	0.0065043	-0.0462737	-0.0913655	-0.119284	-0.129203	-0.127734	-0.123556	-0.112105	-0.0962452	-0.0853348	-0.0781155	-0.0806058	-0.0902646	-0.10554	-0.116737	-0.121196	-0.121786	-0.115437	
0.213823	0.232786	0.237039	0.219064	0.183082	0.128209	0.0606085	-0.00696038	-0.0614103	-0.106777	-0.135633	-0.143997	-0.141833	-0.134288	-0.118846	-0.099907	-0.0824987	-0.0711098	-0.0684177	-0.0743227	-0.0889287	-0.0992214	-0.106345	-0.110353	-0.108469	
0.216006	0.231138	0.230018	0.208762	0.169626	0.115022	0.0457708	-0.0230057	-0.0778476	-0.124708	-0.152291	-0.160881	-0.155853	-0.142701	-0.122353	-0.095171	-0.0723862	-0.0551878	-0.047973	-0.0542543	-0.0679907	-0.0815309	-0.0923898	-0.0996329	-0.10466	
0.212484	0.221145	0.21552	0.19084	0.151867	0.097267	0.0288832	-0.0380375	-0.0929726	-0.139129	-0.166705	-0.174333	-0.16693	-0.150924	-0.124256	-0.0919502	-0.0642376	-0.0414107	-0.0321188	-0.0353926	-0.0490104	-0.0638316	-0.0741827	-0.0852889	-0.0932045	
0.208857	0.21352	0.204437	0.178002	0.137675	0.0842353	0.0172152	-0.0485221	-0.10364	-0.150319	-0.176466	-0.183942	-0.175714	-0.15796	-0.127983	-0.0927446	-0.0611818	-0.0344576	-0.0212855	-0.0209675	-0.033853	-0.0473128	-0.0589662	-0.0715559	-0.080434	
0.199944	0.202036	0.191562	0.164205	0.126637	0.0747936	0.0098119	-0.0539301	-0.108278	-0.151521	-0.17618	-0.181274	-0.172544	-0.154463	-0.124984	-0.0920284	-0.0597729	-0.0334744	-0.0185702	-0.0159795	-0.0276769	-0.0400804	-0.0523597	-0.0642983	-0.0722353	
0.183877	0.184819	0.174857	0.150696	0.114744	0.0643569	0.00245001	-0.0588032	-0.109034	-0.149654	-0.169829	-0.172187	-0.161126	-0.141776	-0.115921	-0.0840778	-0.0539831	-0.0299457	-0.015417	-0.0136932	-0.0249172	-0.0384906	-0.0524486	-0.0633384	-0.0693248	
0.166799	0.168388	0.160955	0.137198	0.102546	0.0545387	-0.00392997	-0.0619197	-0.109286	-0.145299	-0.162268	-0.163033	-0.148892	-0.130637	-0.105712	-0.0754268	-0.0466023	-0.0237168	-0.0120505	-0.0102937	-0.0218043	-0.0359457	-0.048653	-0.0583627	-0.0625981	
0.157095	0.161112	0.153013	0.131959	0.0986125	0.0538103	-0.00322434	-0.0592325	-0.103023	-0.136761	-0.153811	-0.155518	-0.141494	-0.123709	-0.0995247	-0.069983	-0.0396959	-0.0183252	-0.00744594	-0.00666229	-0.0187677	-0.0308899	-0.0428281	-0.0499206	-0.0515822	
0.150939	0.154525	0.150027	0.132693	0.103552	0.0625834	0.00842861	-0.0422344	-0.0846328	-0.11713	-0.136936	-0.140805	-0.129362	-0.113843	-0.0921476	-0.0651157	-0.036477	-0.0165944	-0.00675262	-0.00729773	-0.0171454	-0.02808	-0.0369952	-0.0403116	-0.0401599	
0.146101	0.152128	0.151352	0.138403	0.11545	0.0801262	0.0328422	-0.01558	-0.0576083	-0.0922168	-0.114144	-0.121438	-0.114659	-0.10086	-0.0823946	-0.0587838	-0.0326687	-0.0129272	-0.00254226	-0.00118245	-0.0101232	-0.0208736	-0.0298129	-0.0350816	-0.0344797	
0.149434	0.156714	0.157584	0.148998	0.133677	0.105056	0.0617016	0.0153338	-0.0282877	-0.0646795	-0.0884518	-0.101137	-0.0980202	-0.0870133	-0.0709661	-0.0508719	-0.0264624	-0.0050926	0.00809815	0.0123486	0.00453887	-0.00665436	-0.0188199	-0.0270111	-0.0304516	
0.160614	0.169903	0.173272	0.17176	0.161496	0.13528	0.0957228	0.0504331	0.00489827	-0.0333744	-0.0601602	-0.0779024	-0.0802592	-0.0734849	-0.060328	-0.0430548	-0.0171957	0.00624518	0.0230189	0.0306541	0.0238946	0.0127255	-0.00197981	-0.0139076	-0.0217048	
