-0.0138954	-0.0125112	-0.0129946	-0.0135986	-0.0137761	-0.0147379	-0.0178358	-0.0212529	-0.024197	-0.0238605	-0.0197565	-0.0119867	-0.00179519	0.00842386	0.0180732	0.0256817	0.030578	0.0319972	0.0296205	0.0240972	0.0179835	0.0113427	0.00429374	-0.00153633	-0.00491897	
-0.0140258	-0.0135019	-0.0134557	-0.0136024	-0.0133989	-0.0136327	-0.0168161	-0.0203369	-0.0237109	-0.0243748	-0.0209252	-0.0139701	-0.00391416	0.0066758	0.0169777	0.0250594	0.0306333	0.0325889	0.030877	0.0257781	0.0189591	0.0118169	0.00395835	-0.00227181	-0.00619081	
-0.012713	-0.0124562	-0.0120976	-0.0122012	-0.0126698	-0.0123967	-0.0159505	-0.0197699	-0.0236009	-0.0258737	-0.0231567	-0.0177557	-0.00811695	0.00290629	0.0133797	0.0222924	0.0287852	0.031652	0.0311628	0.0271635	0.0205965	0.013444	0.00532158	-0.000783406	-0.0051115	
-0.0138825	-0.0131978	-0.0125356	-0.0122836	-0.011592	-0.0112923	-0.0140466	-0.0177496	-0.0223999	-0.0252853	-0.0240575	-0.0195359	-0.0110527	-0.00062787	0.010513	0.0192846	0.0262077	0.0294109	0.0296938	0.0263759	0.0199739	0.0140521	0.00643927	0.00124889	-0.00260612	
-0.0154924	-0.0156424	-0.0142409	-0.0129936	-0.0126664	-0.0103874	-0.0133109	-0.0169047	-0.0211072	-0.0254513	-0.0242727	-0.0217874	-0.0140404	-0.00363862	0.00681081	0.0167128	0.0247832	0.0289877	0.030089	0.0274332	0.0210726	0.014868	0.00777103	0.00348438	-0.000390658	
-0.0155775	-0.0155107	-0.0148232	-0.014246	-0.0128961	-0.0116618	-0.0135036	-0.0163188	-0.0207733	-0.0248804	-0.0256217	-0.0239504	-0.0178231	-0.00850534	0.00321089	0.0133552	0.0226098	0.0281052	0.0305659	0.02869	0.0223254	0.0171842	0.0100436	0.00590125	0.00223168	
-0.0142508	-0.0147377	-0.0133979	-0.0119223	-0.0113713	-0.00825417	-0.0107793	-0.0138398	-0.018139	-0.0243956	-0.0255731	-0.0267808	-0.0221558	-0.0134098	-0.00377654	0.006609	0.0168162	0.0236896	0.0280797	0.0283714	0.0239174	0.019748	0.0141924	0.0118943	0.00848437	
-0.0141226	-0.0147192	-0.0142157	-0.0128971	-0.0106561	-0.00828445	-0.00968228	-0.012472	-0.0173541	-0.0229677	-0.0258902	-0.0273728	-0.0239452	-0.017011	-0.00688813	0.00264898	0.0127533	0.0203939	0.0258243	0.027276	0.023643	0.0217844	0.0177834	0.0162323	0.0138043	
-0.0125308	-0.0141309	-0.0132091	-0.0117068	-0.0106448	-0.0068561	-0.00911428	-0.0121343	-0.0165169	-0.0235637	-0.0261057	-0.0293198	-0.0270443	-0.0200615	-0.0117319	-0.00176539	0.0098105	0.0190796	0.0268979	0.0302533	0.028157	0.0263176	0.0223302	0.021825	0.0187051	
-0.0121547	-0.0127578	-0.0122084	-0.0110595	-0.00883479	-0.00557057	-0.00658926	-0.00918436	-0.0142546	-0.0212129	-0.0255772	-0.0290642	-0.0276781	-0.0229867	-0.0145988	-0.00563302	0.00523348	0.0157474	0.0249292	0.0302893	0.0295841	0.0296389	0.0269444	0.0256934	0.0229544	
-0.0104861	-0.0111151	-0.00987619	-0.00835381	-0.00630108	-0.00201544	-0.00368021	-0.00642226	-0.011908	-0.0204704	-0.0244434	-0.0290716	-0.029466	-0.0248479	-0.0187402	-0.0108868	0.000626395	0.0116244	0.0227845	0.0298651	0.031155	0.0320714	0.029877	0.0310639	0.0285534	
-0.00731119	-0.00762443	-0.00690972	-0.00532364	-0.00346422	-0.000664348	-0.00212198	-0.00578879	-0.0122903	-0.0206437	-0.0258766	-0.0310909	-0.0313456	-0.0283834	-0.0223022	-0.0142076	-0.00300089	0.00952496	0.0217271	0.030826	0.0334867	0.0358088	0.0353553	0.0352791	0.0331126	
-0.00523088	-0.00492891	-0.00261077	-0.00108712	0.000192907	0.00292706	0.00011599	-0.00432366	-0.0113518	-0.0208483	-0.0266159	-0.0322301	-0.0338769	-0.0308168	-0.0257921	-0.0185182	-0.00639819	0.00668852	0.0214814	0.0325029	0.0370377	0.0403417	0.0393998	0.0407863	0.037978	
-0.00561148	-0.00390438	-0.00150657	0.000515112	0.00201758	0.00437259	0.00202903	-0.00302547	-0.0101548	-0.0197819	-0.0264339	-0.0324628	-0.0333887	-0.0313835	-0.0265332	-0.0187142	-0.00781682	0.00596666	0.0205408	0.0323141	0.0378946	0.0416182	0.0421754	0.0421864	0.0398285	
-0.00357583	-0.00161677	0.00172966	0.0035045	0.00540417	0.00728913	0.00336119	-0.00171699	-0.00968931	-0.0203109	-0.0275211	-0.0337349	-0.036484	-0.0340637	-0.0284225	-0.0211079	-0.00884258	0.00549161	0.0213088	0.0337194	0.0396104	0.0434215	0.0434143	0.0448832	0.0420169	
-0.00171467	0.00144855	0.00514707	0.00861957	0.0104453	0.0109897	0.00737305	0.000612928	-0.00868185	-0.0202196	-0.0287804	-0.0372805	-0.0401387	-0.037879	-0.0331118	-0.0243133	-0.0116527	0.0037114	0.0200947	0.033784	0.0411917	0.0455847	0.0472242	0.047928	0.0456512	
-0.00110387	0.00153949	0.00643077	0.00989458	0.0118473	0.0131111	0.00873855	0.00120524	-0.00910149	-0.0212903	-0.0313132	-0.0394025	-0.0424957	-0.0400187	-0.0336978	-0.0248103	-0.011483	0.00392388	0.0209395	0.0348446	0.0417121	0.0466779	0.0484244	0.0495495	0.0473577	
-0.00197694	0.00151584	0.00573978	0.00986694	0.0127858	0.0140337	0.0102709	0.00153449	-0.00910815	-0.0221672	-0.0331305	-0.0417446	-0.044543	-0.0416737	-0.0351958	-0.0239858	-0.00985215	0.0064387	0.0233056	0.036274	0.043635	0.0480796	0.0498085	0.050539	0.0485523	
-0.00186164	0.00123455	0.00589103	0.0102906	0.0143456	0.0160508	0.0116085	0.00327482	-0.00834223	-0.0226341	-0.0345491	-0.0432859	-0.0471895	-0.0445092	-0.0358238	-0.0243485	-0.0094587	0.00794628	0.0241977	0.0371149	0.044193	0.0484225	0.0508732	0.0518754	0.0497985	
-0.00312295	0.000397693	0.00533738	0.0109882	0.015962	0.0173479	0.0140542	0.00530555	-0.00780492	-0.0230622	-0.0353351	-0.0454826	-0.049847	-0.0459282	-0.0381638	-0.0257432	-0.00929242	0.00788322	0.0241182	0.0369147	0.0445467	0.0488788	0.0512154	0.053084	0.0515797	
-0.00358294	-0.000295327	0.00502258	0.0106729	0.0152457	0.0175372	0.0149204	0.00501941	-0.00838459	-0.0237101	-0.0370579	-0.047275	-0.0512002	-0.0471458	-0.0385869	-0.0249277	-0.00769714	0.00968109	0.025967	0.0387155	0.0445927	0.0486228	0.0516682	0.0521952	0.0514891	
-0.00741526	-0.00307623	0.00244033	0.00889185	0.014805	0.0185944	0.0164149	0.00657013	-0.00633847	-0.0223624	-0.0366687	-0.046686	-0.0506741	-0.0469877	-0.0381582	-0.0239447	-0.00684808	0.0106651	0.0272285	0.0390392	0.045028	0.0491907	0.0512356	0.0523173	0.0523548	
-0.00938478	-0.00498277	0.000358957	0.00768019	0.0148686	0.0176768	0.0161435	0.00670824	-0.00675284	-0.0232642	-0.0377813	-0.0474046	-0.0511176	-0.046659	-0.0365558	-0.0216765	-0.00439216	0.0140917	0.0298985	0.0413136	0.047078	0.0496018	0.051835	0.0522836	0.0513798	
-0.0112193	-0.0071699	-0.000375719	0.00721018	0.0141444	0.0179401	0.0163608	0.00808152	-0.0059751	-0.0227832	-0.0367133	-0.0471454	-0.0506943	-0.0461466	-0.0354243	-0.0206043	-0.00293361	0.016201	0.0318666	0.043264	0.0488738	0.0509396	0.0517677	0.0520031	0.0505241	
-0.014593	-0.00961553	-0.00266281	0.005363	0.0135116	0.0173978	0.0177031	0.0091265	-0.00399325	-0.0197665	-0.0336928	-0.0437562	-0.0482296	-0.0428018	-0.0338693	-0.019684	-0.00101792	0.0160682	0.0319515	0.0438049	0.0482416	0.0497735	0.0501346	0.049826	0.0484112	
-0.0158109	-0.0114792	-0.00485452	0.00404315	0.0112803	0.0167737	0.0163723	0.00810247	-0.00271592	-0.0184833	-0.032304	-0.0423202	-0.0460839	-0.0418625	-0.0322604	-0.0174907	-0.000579564	0.0170709	0.0329152	0.044217	0.0482418	0.0500698	0.0500303	0.0481586	0.0478345	
-0.0150092	-0.0109957	-0.00510611	0.00364947	0.0116454	0.0148083	0.015082	0.00777846	-0.00388251	-0.0193238	-0.033029	-0.0425567	-0.047071	-0.0421289	-0.0324758	-0.0177025	0.000290119	0.0178373	0.034406	0.0463938	0.0511691	0.0524419	0.0516559	0.0496745	0.047761	
-0.0162763	-0.0123571	-0.00560179	0.0025669	0.00996565	0.0141529	0.0139607	0.00721226	-0.00454627	-0.0186593	-0.0311121	-0.0415847	-0.044429	-0.0408023	-0.03122	-0.0165425	-1.19254e-05	0.0188208	0.0348319	0.0468826	0.0517398	0.0527182	0.0517693	0.0483382	0.0463502	
-0.0170673	-0.0135109	-0.00729527	0.000190482	0.00839299	0.0127897	0.0122988	0.00575334	-0.00495352	-0.0185724	-0.0302952	-0.0389498	-0.0429215	-0.0380618	-0.0284218	-0.0154951	0.00229748	0.0190892	0.0348926	0.0474907	0.0520612	0.0527465	0.0500729	0.0481663	0.0444099	
-0.0143211	-0.0114622	-0.00655367	0.00172695	0.00832664	0.0118113	0.0111739	0.00299502	-0.00711055	-0.0213383	-0.0332611	-0.0413095	-0.0439762	-0.0387364	-0.0285178	-0.0140635	0.0031627	0.0211764	0.0372294	0.0493803	0.0545504	0.0552779	0.0524408	0.0489706	0.0449305	
-0.0129678	-0.0108282	-0.00579897	0.0018942	0.00763771	0.0110002	0.00987904	0.00177506	-0.00930743	-0.0235639	-0.0339185	-0.0417125	-0.0440819	-0.0379851	-0.0281366	-0.013139	0.00358094	0.0207566	0.0373672	0.0492805	0.0541946	0.0550307	0.0527384	0.0492224	0.0460544	
-0.012212	-0.00951674	-0.00425633	0.00202444	0.00869412	0.0116137	0.00930447	0.00144823	-0.0110099	-0.0241607	-0.0346202	-0.0427045	-0.0437571	-0.03802	-0.0285094	-0.0138825	0.00311817	0.0196837	0.0361044	0.0485166	0.052792	0.0544473	0.0528306	0.0482734	0.0458666	
-0.010251	-0.00786264	-0.0030061	0.00275955	0.00829437	0.0108609	0.00699149	-0.00115232	-0.0132646	-0.0279532	-0.0379435	-0.0448022	-0.0458682	-0.039154	-0.0284009	-0.0147793	0.00284655	0.0197982	0.0357659	0.0485307	0.0533009	0.0545667	0.0525923	0.0505011	0.0472934	
-0.00724937	-0.00451162	-0.000492962	0.00485657	0.00846504	0.00940318	0.00565752	-0.00419584	-0.0175145	-0.0328983	-0.0440802	-0.0496646	-0.0496543	-0.0429996	-0.0298705	-0.0146751	0.003517	0.0221675	0.0383582	0.0510359	0.0563785	0.0577435	0.0557343	0.0541265	0.0495953	
-0.00625203	-0.00282349	6.43196e-05	0.00458156	0.00795435	0.00718849	0.00420512	-0.00681446	-0.0206681	-0.0352755	-0.0457498	-0.0518403	-0.0504304	-0.0416067	-0.0292893	-0.0120375	0.00508065	0.0237088	0.0402216	0.0509703	0.0564252	0.0569232	0.0548844	0.0525962	0.0501891	
-0.00388411	-0.00146264	0.00282968	0.00659917	0.0090898	0.00903254	0.00353213	-0.00659249	-0.0204355	-0.0357228	-0.0469711	-0.0530085	-0.0513408	-0.0420117	-0.029253	-0.0124305	0.00567658	0.0227529	0.0391468	0.0507833	0.054722	0.0553688	0.0542484	0.0516967	0.0490051	
0.00134326	0.00398416	0.00778965	0.0105361	0.0115557	0.00954926	0.00306889	-0.00791476	-0.0226552	-0.0393301	-0.0508981	-0.0565466	-0.0558375	-0.045015	-0.0310812	-0.0145158	0.00527248	0.0226036	0.0393448	0.0507586	0.0550079	0.0557387	0.0534145	0.0527338	0.050403	
0.00657333	0.00891955	0.0122298	0.0140896	0.0126489	0.011015	0.0029445	-0.00958297	-0.024686	-0.0420101	-0.0540159	-0.0612873	-0.0591161	-0.0495239	-0.0335347	-0.0148382	0.0034603	0.0228054	0.0393868	0.0514037	0.055607	0.0565019	0.056246	0.0546343	0.0528204	
0.00982668	0.0130082	0.014495	0.0150606	0.0147278	0.00977411	0.00210673	-0.0107597	-0.0265176	-0.0431784	-0.0557933	-0.0629914	-0.060664	-0.0492926	-0.0335517	-0.0146643	0.00463984	0.0241303	0.0406753	0.052621	0.057199	0.0575119	0.0570178	0.0551835	0.054386	
0.0142438	0.016693	0.0182252	0.018051	0.0161687	0.0107933	0.00274377	-0.0110217	-0.0263311	-0.0430707	-0.0562607	-0.0627864	-0.0610927	-0.0496269	-0.0335599	-0.0141489	0.00677635	0.026309	0.0431752	0.0551541	0.0593438	0.0594939	0.0589913	0.0580154	0.055132	
0.0206333	0.0224041	0.0236385	0.0228936	0.0200343	0.0149118	0.00519038	-0.00901161	-0.0246929	-0.0422327	-0.0552717	-0.0615357	-0.0611725	-0.049579	-0.0328016	-0.013443	0.00783878	0.0269772	0.0455913	0.0572318	0.0615593	0.0626284	0.059875	0.0600501	0.056609	
0.0280683	0.0293577	0.0298696	0.0288468	0.025577	0.0193951	0.00907711	-0.00520827	-0.0223395	-0.0390496	-0.0521917	-0.0605814	-0.0584983	-0.0480062	-0.0311719	-0.0112401	0.00857406	0.0292729	0.0465827	0.0580147	0.0620126	0.0628837	0.0616725	0.0594431	0.0577114	
0.0349478	0.0360996	0.0358912	0.0349741	0.0310653	0.02541	0.014625	-0.000155143	-0.0168693	-0.0355422	-0.0476728	-0.0563683	-0.0555933	-0.0447924	-0.0301264	-0.0108369	0.00937435	0.0292927	0.0463551	0.0583523	0.0630542	0.0636709	0.0635269	0.0621973	0.059828	
0.0436815	0.043498	0.042984	0.0414796	0.0372934	0.0311763	0.0194629	0.00301203	-0.0141029	-0.0324115	-0.0453592	-0.0527374	-0.0522731	-0.042578	-0.0275866	-0.00917098	0.0121186	0.0320929	0.0495281	0.0625766	0.0669876	0.068542	0.0680279	0.0663146	0.0634368	
0.0499694	0.0493504	0.0484894	0.046079	0.0428033	0.0361809	0.0247017	0.00838301	-0.0094246	-0.0276324	-0.040103	-0.0475883	-0.0471416	-0.0370907	-0.0224731	-0.00388113	0.016837	0.0364188	0.0552219	0.0671986	0.07211	0.0753872	0.073438	0.0720306	0.0684473	
0.0552947	0.0542295	0.0537944	0.0520808	0.0484643	0.0431059	0.031229	0.0152672	-0.00279325	-0.0203209	-0.032746	-0.0398565	-0.0380143	-0.0294862	-0.0149676	0.00267067	0.0237634	0.0440957	0.0612479	0.0746367	0.0784479	0.0803998	0.0797706	0.0767869	0.0721425	
0.0597885	0.0596498	0.0579628	0.0566637	0.0545532	0.0485854	0.0379189	0.0223585	0.0049957	-0.0121845	-0.0238027	-0.0295627	-0.0282126	-0.0189502	-0.00484639	0.0119289	0.0319078	0.0507525	0.0675281	0.0789309	0.0837505	0.0860143	0.0828335	0.0808845	0.0755289	
0.0650115	0.0636761	0.0639303	0.0631855	0.0605967	0.0570964	0.0457659	0.030675	0.013839	-0.00468888	-0.0158159	-0.0225122	-0.0208825	-0.0117582	0.00134532	0.0187687	0.0377881	0.0565117	0.0737757	0.0853706	0.090552	0.0928097	0.0904481	0.0880267	0.0817346	
0.0659113	0.0652866	0.0650835	0.0640007	0.0631268	0.0592359	0.0490707	0.0356777	0.018289	0.00163082	-0.00934579	-0.0153616	-0.0127838	-0.00435245	0.00914445	0.0256919	0.0444146	0.0633182	0.0793696	0.090434	0.095547	0.0977751	0.0957758	0.0933406	0.0886415	
0.063176	0.0625446	0.0622795	0.0625022	0.0611693	0.0589606	0.0492559	0.0361394	0.0201778	0.00340603	-0.00612791	-0.0118607	-0.00843098	0.00119146	0.0142858	0.0315891	0.0511454	0.0695898	0.0856821	0.097479	0.102756	0.104582	0.103223	0.101047	0.0954233	
