3.33616e-05	4.86477e-06	1.10314e-06	2.3667e-07	4.80341e-08	9.2286e-09	1.68018e-09	2.90235e-10	4.76303e-11	7.4358e-12	1.10572e-12	1.56812e-13	2.12351e-14	2.74893e-15	3.40554e-16	4.04176e-17	4.5999e-18	5.02488e-19	5.27344e-20	5.32134e-21	5.16726e-22	4.83224e-23	4.35519e-24	3.78618e-25	3.24212e-26	
3.43866e-05	8.45436e-06	1.96868e-06	4.33484e-07	9.02485e-08	1.77778e-08	3.3171e-09	5.86997e-10	9.86487e-11	1.57656e-11	2.39918e-12	3.48103e-13	4.82139e-14	6.38212e-15	8.08293e-16	9.80486e-17	1.1403e-17	1.27267e-18	1.36436e-19	1.40614e-20	1.39436e-21	1.33141e-22	1.22506e-23	1.08715e-24	9.50808e-26	
7.39495e-05	1.94994e-05	4.80477e-06	1.11039e-06	2.41338e-07	4.94448e-08	9.56865e-09	1.75239e-09	3.04241e-10	5.01551e-11	7.86296e-12	1.17395e-12	1.67142e-13	2.27221e-14	2.9529e-15	3.67263e-16	4.37617e-17	5.00076e-18	5.4855e-19	5.78133e-20	5.85926e-21	5.715e-22	5.36892e-23	4.86233e-24	4.34149e-25	
0.000171354	4.71012e-05	1.20835e-05	2.90176e-06	6.54041e-07	1.38703e-07	2.77378e-08	5.24156e-09	9.37724e-10	1.59103e-10	2.5644e-11	3.93237e-12	5.7452e-13	8.00792e-14	1.0662e-14	1.35763e-15	1.65509e-16	1.93384e-17	2.16775e-18	2.33341e-19	2.41412e-20	2.40257e-21	2.30194e-22	2.1253e-23	1.93538e-24	
0.0003798	0.000108787	2.90199e-05	7.23228e-06	1.68871e-06	3.70395e-07	7.64971e-08	1.49088e-08	2.7475e-09	4.79666e-10	7.94688e-11	1.25144e-11	1.87599e-12	2.68079e-13	3.65662e-14	4.76666e-15	5.94523e-16	7.10261e-17	8.13596e-18	8.94467e-19	9.4468e-20	9.59293e-21	9.374e-22	8.82323e-23	8.1949e-24	
0.000795267	0.000237451	6.58809e-05	1.70425e-05	4.12308e-06	9.35482e-07	1.99562e-07	4.01196e-08	7.6173e-09	1.36857e-09	2.33101e-10	3.77021e-11	5.79983e-12	8.49819e-13	1.18767e-13	1.58518e-14	2.02301e-15	2.47141e-16	2.89325e-17	3.24907e-18	3.50329e-19	3.63021e-20	3.61825e-21	3.47228e-22	3.28965e-23	
0.00157279	0.000489665	0.000141339	3.79603e-05	9.51741e-06	2.23417e-06	4.92372e-07	1.02122e-07	1.99792e-08	3.69457e-09	6.47012e-10	1.07496e-10	1.69713e-11	2.55004e-12	3.6518e-13	4.99084e-14	6.51766e-15	8.14276e-16	9.74301e-17	1.11766e-17	1.23041e-18	1.30113e-19	1.32284e-20	1.29438e-21	1.25097e-22	
0.00294245	0.000955305	0.000286892	8.00038e-05	2.07886e-05	5.04927e-06	1.14964e-06	2.4601e-07	4.95946e-08	9.43964e-09	1.69975e-09	2.90089e-10	4.70044e-11	7.24265e-12	1.06281e-12	1.48735e-13	1.98764e-14	2.53953e-15	3.10571e-16	3.63939e-17	4.09071e-18	4.41457e-19	4.57822e-20	4.56766e-21	4.50347e-22	
0.00521837	0.00176646	0.000551864	0.000159768	4.30207e-05	1.08102e-05	2.54258e-06	5.61287e-07	1.16587e-07	2.28383e-08	4.22803e-09	7.41164e-10	1.23245e-10	1.94726e-11	2.92786e-12	4.19538e-13	5.73684e-14	7.49551e-15	9.36852e-16	1.12142e-16	1.2869e-17	1.41721e-18	1.49915e-19	1.525e-20	1.53384e-21	
0.00879436	0.00310261	0.00100795	0.000302839	8.44752e-05	2.19539e-05	5.33257e-06	1.21409e-06	2.59773e-07	5.23602e-08	9.96385e-09	1.79369e-09	3.06034e-10	4.95729e-11	7.63601e-12	1.12017e-12	1.56711e-13	2.09353e-14	2.67396e-15	3.26908e-16	3.82965e-17	4.3033e-18	4.64272e-19	4.8148e-20	4.93991e-21	
0.0141216	0.0051887	0.0017518	0.000545911	0.000157667	4.23578e-05	1.06205e-05	2.49276e-06	5.49196e-07	1.13859e-07	2.22635e-08	4.1145e-09	7.2007e-10	1.19549e-10	1.88602e-11	2.8317e-12	4.05204e-13	5.53361e-14	7.22101e-15	9.01479e-16	1.07787e-16	1.23561e-17	1.35936e-18	1.437e-19	1.50371e-20	
0.0216677	0.00828388	0.00290401	0.000937898	0.000280256	7.77791e-05	2.0118e-05	4.86501e-06	1.10305e-06	2.35095e-07	4.72128e-08	8.95337e-09	1.60655e-09	2.73265e-10	4.41367e-11	6.78003e-12	9.92024e-13	1.38443e-13	1.8452e-14	2.35161e-15	2.869e-16	3.35435e-17	3.76219e-18	4.05296e-19	4.32472e-20	
0.0318629	0.0126601	0.00460331	0.00153926	0.000475432	0.000136187	3.63092e-05	9.03958e-06	2.10773e-06	4.61511e-07	9.51296e-08	1.85008e-08	3.40179e-09	5.92503e-10	9.79278e-11	1.53838e-11	2.30053e-12	3.27953e-13	4.46265e-14	5.8038e-15	7.22236e-16	8.60935e-17	9.841e-18	1.08006e-18	1.17486e-19	
0.0450402	0.018573	0.00699563	0.00241899	0.000771443	0.000227843	6.25534e-05	1.60184e-05	3.83765e-06	8.62579e-07	1.82355e-07	3.63437e-08	6.84317e-09	1.2197e-09	2.06159e-10	3.31007e-11	5.05631e-12	7.35909e-13	1.02188e-13	1.35554e-14	1.71983e-15	2.08932e-16	2.43295e-17	2.71927e-18	3.01426e-19	
0.0613834	0.026229	0.0102188	0.00364907	0.00120002	0.000364991	0.000103072	2.71195e-05	6.66919e-06	1.5373e-06	3.33022e-07	6.79595e-08	1.3093e-08	2.38625e-09	4.12178e-10	6.75919e-11	1.054e-11	1.56518e-12	2.21654e-13	2.99734e-14	3.87506e-15	4.79511e-16	5.68551e-17	6.46832e-18	7.30317e-19	
0.0808889	0.0357535	0.0143852	0.00529679	0.00179365	0.000561061	0.000162765	4.39493e-05	1.10813e-05	2.61675e-06	5.80266e-07	1.21129e-07	2.38559e-08	4.44191e-09	7.83418e-10	1.31109e-10	2.08541e-11	3.15745e-12	4.557e-13	6.27765e-14	8.26476e-15	1.04109e-15	1.25616e-16	1.45387e-17	1.67108e-18	
0.103351	0.0471672	0.019564	0.00741583	0.00258185	0.000829362	0.000246821	6.83044e-05	1.76357e-05	4.26117e-06	9.66157e-07	2.06081e-07	4.14475e-08	7.87661e-09	1.41712e-09	2.41813e-10	3.91995e-11	6.04619e-12	8.88609e-13	1.2461e-13	1.6694e-14	2.13917e-15	2.62482e-16	3.08855e-17	3.61159e-18	
0.128371	0.0603716	0.0257674	0.0100374	0.00358688	0.00118138	0.000360134	0.000101997	2.69305e-05	6.64937e-06	1.53963e-06	3.35167e-07	6.876e-08	1.33221e-08	2.44247e-09	4.24522e-10	7.00684e-11	1.09996e-11	1.64478e-12	2.34587e-13	3.19539e-14	4.16192e-15	5.18928e-16	6.20319e-17	7.37414e-18	
0.15538	0.0751484	0.0329412	0.0131625	0.00481955	0.00162486	0.00050657	0.000146609	3.95277e-05	9.95943e-06	2.35183e-06	5.21858e-07	1.09071e-07	2.15192e-08	4.01586e-09	7.10188e-10	1.19223e-10	1.90296e-11	2.89222e-12	4.19149e-13	5.79971e-14	7.67143e-15	9.71132e-16	1.17837e-16	1.42287e-17	
0.18369	0.091169	0.0409618	0.0167573	0.00627559	0.00216197	0.000688177	0.000203203	5.58587e-05	1.43412e-05	3.4489e-06	7.79e-07	1.65656e-07	3.32398e-08	6.30635e-09	1.13341e-09	1.93305e-10	3.13364e-11	4.83573e-12	7.11367e-13	9.98885e-14	1.34049e-14	1.72127e-15	2.11812e-16	2.59552e-17	
0.212534	0.108016	0.0496406	0.0207508	0.00793331	0.00278776	0.00090446	0.000272026	7.61207e-05	1.98835e-05	4.86267e-06	1.11641e-06	2.41218e-07	4.91605e-08	9.46986e-09	1.72752e-09	2.98967e-10	4.91651e-11	7.69462e-12	1.14771e-12	1.6337e-13	2.22202e-14	2.89115e-15	3.60447e-16	4.4778e-17	
0.241123	0.125207	0.058733	0.025037	0.00975299	0.00348937	0.00115185	0.000352266	0.00010018	2.65817e-05	6.60062e-06	1.53809e-06	3.37182e-07	6.96984e-08	1.36136e-08	2.51741e-09	4.41516e-10	7.35646e-11	1.16625e-11	1.76174e-12	2.53922e-13	3.49637e-14	4.60478e-15	5.81014e-16	7.30944e-17	
0.268684	0.142228	0.0679533	0.0294797	0.0116779	0.00424587	0.00142346	0.000441896	0.000127504	3.43105e-05	8.6371e-06	2.03964e-06	4.52988e-07	9.4836e-08	1.87559e-08	3.51099e-09	6.23212e-10	1.05071e-10	1.6852e-11	2.57495e-12	3.75339e-13	5.226e-14	6.95868e-15	8.87607e-16	1.1295e-16	
0.294497	0.158557	0.0769905	0.0339203	0.0136372	0.0050291	0.00170924	0.00053766	0.00015713	4.28104e-05	1.09076e-05	2.60631e-06	5.85532e-07	1.23972e-07	2.47899e-08	4.69101e-09	8.41571e-10	1.43378e-10	2.32339e-11	3.5863e-12	5.2802e-13	7.42486e-14	9.98356e-15	1.28581e-15	1.653e-16	
0.317922	0.173693	0.0855269	0.0381876	0.0155502	0.00580531	0.00199649	0.000635214	0.0001877	5.16905e-05	1.33083e-05	3.21246e-06	7.28924e-07	1.55841e-07	3.14617e-08	6.00961e-09	1.08811e-09	1.87071e-10	3.05865e-11	4.76305e-12	7.07407e-13	1.00332e-13	1.3606e-14	1.76719e-15	2.29214e-16	
0.338407	0.187174	0.0932544	0.042108	0.0173317	0.00653748	0.00227071	0.000729421	0.000217548	6.04527e-05	1.57014e-05	3.82274e-06	8.74692e-07	1.88546e-07	3.83717e-08	7.38767e-09	1.34807e-09	2.33545e-10	3.84745e-11	6.0362e-12	9.03116e-13	1.29025e-13	1.76233e-14	2.30536e-15	3.01283e-16	
0.355499	0.198595	0.0998905	0.045516	0.0188981	0.00718803	0.0025168	0.000814769	0.000244835	6.85337e-05	1.79273e-05	4.39502e-06	1.01248e-06	2.19703e-07	4.5005e-08	8.72048e-09	1.60134e-09	2.79153e-10	4.62707e-11	7.3034e-12	1.09926e-12	1.5798e-13	2.17049e-14	2.85582e-15	3.75524e-16	
0.368843	0.207621	0.105191	0.0482646	0.0201727	0.00772182	0.00272032	0.000885882	0.000267735	7.53621e-05	1.98206e-05	4.88498e-06	1.13119e-06	2.46711e-07	5.07899e-08	9.88971e-09	1.82482e-09	3.19625e-10	5.32282e-11	8.44057e-12	1.27625e-12	1.84248e-13	2.54276e-14	3.36057e-15	4.43986e-16	
0.378175	0.213989	0.10896	0.0502332	0.0210915	0.00810896	0.00286877	0.000938037	0.000284617	8.04216e-05	2.12304e-05	5.25151e-06	1.22041e-06	2.671e-07	5.51761e-08	1.07801e-08	1.99572e-09	3.50705e-10	5.85929e-11	9.32097e-12	1.41383e-12	2.04748e-13	2.83443e-14	3.75757e-15	4.98057e-16	
0.383319	0.217519	0.11106	0.0513344	0.0216075	0.00832722	0.00295277	0.000967646	0.000294232	8.33123e-05	2.20382e-05	5.46217e-06	1.27183e-06	2.78885e-07	5.77182e-08	1.12975e-08	2.0953e-09	3.68861e-10	6.17349e-11	9.8379e-12	1.49481e-12	2.16844e-13	3.00696e-14	3.99299e-15	5.30203e-16	
0.384179	0.21811	0.111412	0.0515191	0.0216942	0.0083639	0.00296689	0.000972628	0.000295852	8.37994e-05	2.21745e-05	5.49771e-06	1.28051e-06	2.80875e-07	5.81479e-08	1.1385e-08	2.11215e-09	3.71936e-10	6.22674e-11	9.92557e-12	1.50855e-12	2.18899e-13	3.03628e-14	4.03302e-15	5.35674e-16	
0.380741	0.215746	0.110003	0.0507792	0.0213469	0.00821685	0.00291023	0.000952632	0.000289351	8.18429e-05	2.16271e-05	5.35485e-06	1.24561e-06	2.72868e-07	5.64191e-08	1.10328e-08	2.04432e-09	3.59557e-10	6.01235e-11	9.57257e-12	1.45321e-12	2.10626e-13	2.9182e-14	3.87179e-15	5.1364e-16	
0.373066	0.210493	0.106886	0.0491477	0.0205838	0.00789465	0.00278645	0.000909066	0.000275224	7.76025e-05	2.04438e-05	5.04671e-06	1.17049e-06	2.55677e-07	5.27157e-08	1.028e-08	1.89963e-09	3.33209e-10	5.55696e-11	8.82427e-12	1.33613e-12	1.93158e-13	2.66937e-14	3.53268e-15	4.67396e-16	
0.361299	0.202501	0.102176	0.0466969	0.0194439	0.00741591	0.00260344	0.000844958	0.000254531	7.14176e-05	1.8725e-05	4.60096e-06	1.06227e-06	2.31004e-07	4.74204e-08	9.20765e-09	1.69427e-09	2.95947e-10	4.91522e-11	7.77345e-12	1.17228e-12	1.68797e-13	2.32351e-14	3.06292e-15	4.03561e-16	
0.345666	0.191999	0.0960449	0.0435349	0.0179849	0.00680775	0.00237258	0.000764632	0.000228769	6.37653e-05	1.66111e-05	4.05593e-06	9.30676e-07	2.0117e-07	4.1052e-08	7.92478e-09	1.44987e-09	2.51829e-10	4.15922e-11	6.5417e-12	9.81171e-13	1.4052e-13	1.92398e-14	2.52286e-15	3.30545e-16	
0.326486	0.179294	0.08872	0.0397993	0.0162791	0.00610354	0.00210771	0.000673268	0.00019971	5.52027e-05	1.42641e-05	3.45533e-06	7.86733e-07	1.68768e-07	3.41838e-08	6.55072e-09	1.18986e-09	2.05205e-10	3.36549e-11	5.2568e-12	7.83079e-13	1.11394e-13	1.51502e-14	1.97346e-15	2.56753e-16	
0.304174	0.164766	0.0804697	0.0356493	0.014408	0.00534024	0.00182382	0.000576387	0.00016921	4.6304e-05	1.18481e-05	2.84277e-06	6.41243e-07	1.36305e-07	2.73617e-08	5.19735e-09	9.35888e-10	1.60031e-10	2.60261e-11	4.03157e-12	5.95658e-13	8.4049e-14	1.13399e-14	1.46543e-15	1.89062e-16	
0.279241	0.148853	0.0715935	0.0312565	0.0124569	0.00455545	0.00153579	0.000479331	0.000139024	3.75991e-05	9.51126e-06	2.25677e-06	5.03536e-07	1.05897e-07	2.10362e-08	3.95497e-09	7.05013e-10	1.1936e-10	1.92225e-11	2.94904e-12	4.31583e-13	6.0327e-14	8.06396e-15	1.03253e-15	1.31921e-16	
0.252294	0.132045	0.0624074	0.0267943	0.010509	0.00378454	0.00125715	0.000386804	0.000110647	2.95255e-05	7.37199e-06	1.72704e-06	3.80578e-07	7.90693e-08	1.55208e-08	2.88407e-09	5.08237e-10	8.50779e-11	1.35498e-11	2.05608e-12	2.97663e-13	4.11658e-14	5.44496e-15	6.89948e-16	8.71869e-17	
0.224022	0.114857	0.0532271	0.0224276	0.0086397	0.00305812	0.000999118	0.000302521	8.52044e-05	2.23963e-05	5.51062e-06	1.27267e-06	2.76569e-07	5.66823e-08	1.09788e-08	2.01355e-09	3.50301e-10	5.79038e-11	9.10807e-12	1.36528e-12	1.95286e-13	2.66884e-14	3.4889e-15	4.36992e-16	5.45517e-17	
0.195182	0.0978111	0.0443507	0.0183027	0.00691167	0.00240015	0.000769861	0.000229002	6.33992e-05	1.63893e-05	3.96778e-06	9.02006e-07	1.93023e-07	3.89689e-08	7.43757e-09	1.34454e-09	2.30624e-10	3.75953e-11	5.83339e-12	8.6274e-13	1.21783e-13	1.64277e-14	2.12014e-15	2.62202e-16	3.22983e-17	
0.166562	0.0814051	0.0360411	0.0145384	0.00537171	0.00182675	0.000574259	0.000167531	4.55175e-05	1.15542e-05	2.74814e-06	6.1407e-07	1.29217e-07	2.56628e-08	4.82003e-09	8.57766e-10	1.44882e-10	2.32641e-11	3.55657e-12	5.18395e-13	7.21339e-14	9.59407e-15	1.22111e-15	1.48959e-16	1.80869e-17	
0.138942	0.0660858	0.0285107	0.0112199	0.0040487	0.00134595	0.00041398	0.000118257	3.14826e-05	7.83555e-06	1.82832e-06	4.01e-07	8.28643e-08	1.61683e-08	2.98468e-09	5.22241e-10	8.67606e-11	1.3707e-11	2.06238e-12	2.9594e-13	4.05516e-14	5.3126e-15	6.66192e-16	8.00834e-17	9.57578e-18	
0.113049	0.0522203	0.0219098	0.00839607	0.00295365	0.000958263	0.000287907	8.04052e-05	2.09433e-05	5.1034e-06	1.16663e-06	2.50823e-07	5.08348e-08	9.73285e-09	1.76382e-09	3.03102e-10	4.94734e-11	7.68211e-12	1.13644e-12	1.60384e-13	2.16211e-14	2.78749e-15	3.4408e-16	4.07247e-17	4.79121e-18	
0.0895057	0.0400729	0.0163204	0.00607922	0.00208138	0.000657942	0.000192799	5.25635e-05	1.33768e-05	3.18714e-06	7.12869e-07	1.50054e-07	2.97922e-08	5.59079e-09	9.9356e-10	1.67508e-10	2.68359e-11	4.09162e-12	5.94563e-13	8.24523e-14	1.09258e-14	1.38505e-15	1.68157e-16	1.95809e-17	2.26485e-18	
0.0687821	0.0297906	0.0117561	0.00424938	0.0014137	0.000434754	0.000124075	3.29774e-05	8.1889e-06	1.90533e-06	4.16482e-07	8.57336e-08	1.66569e-08	3.0606e-09	5.32852e-10	8.80534e-11	1.38333e-11	2.06918e-12	2.95103e-13	4.0181e-14	5.22966e-15	6.51382e-16	7.77289e-17	8.89856e-18	1.01123e-18	
0.0511641	0.0213992	0.00816884	0.00286079	0.000923424	0.000275886	7.65809e-05	1.9818e-05	4.79614e-06	1.08853e-06	2.32283e-07	4.67137e-08	8.87267e-09	1.59481e-09	2.7177e-10	4.39817e-11	6.77024e-12	9.9274e-13	1.38856e-13	1.85501e-14	2.36978e-15	2.89829e-16	3.39714e-17	3.82132e-18	4.26397e-19	
0.0367352	0.0148126	0.00546146	0.00185045	0.000578749	0.000167769	4.52412e-05	1.13865e-05	2.68278e-06	5.93337e-07	1.23486e-07	2.42396e-08	4.49708e-09	7.90083e-10	1.31682e-10	2.08549e-11	3.14332e-12	4.51533e-13	6.19007e-14	8.10871e-15	1.01618e-15	1.21966e-16	1.40348e-17	1.55042e-18	1.69788e-19	
0.0253832	0.00985309	0.00350407	0.00114718	0.00034724	9.75579e-05	2.55307e-05	6.24326e-06	1.43076e-06	3.08087e-07	6.24846e-08	1.19626e-08	2.16625e-09	3.7174e-10	6.05574e-11	9.37978e-12	1.38346e-12	1.94579e-13	2.61305e-14	3.35474e-15	4.12218e-16	4.85318e-17	5.48027e-18	5.94303e-19	6.38504e-20	
0.0168288	0.00628064	0.00215188	0.000679981	0.000198994	5.41347e-05	1.37363e-05	3.26104e-06	7.26338e-07	1.52167e-07	3.00544e-08	5.60824e-09	9.90668e-10	1.65959e-10	2.64102e-11	3.99871e-12	5.76871e-13	7.94034e-14	1.04413e-14	1.31323e-15	1.58158e-16	1.82584e-17	2.02253e-18	2.15241e-19	2.27058e-20	
