-0.00730409	-0.0106124	-0.0117146	-0.0135732	-0.0128122	-0.0101824	-0.00750471	-0.00352022	0.00170808	0.00447765	0.00686448	0.00710994	0.00715229	0.00524897	0.00237039	0.000257365	-0.00185884	-0.00227294	-0.00229331	-0.00170884	-0.000122006	0.000222347	0.000710759	0.00093984	0.000558948	
-0.00744687	-0.0102345	-0.0121281	-0.0141154	-0.0133235	-0.0107413	-0.00839829	-0.00415683	0.00117897	0.00405653	0.006444	0.00719443	0.00708493	0.00521729	0.00251524	0.000273807	-0.0017833	-0.00237169	-0.00212884	-0.00164432	-0.000457153	0.000160804	0.000775044	0.000929308	0.000481979	
-0.00900968	-0.0121878	-0.0139014	-0.0156437	-0.0151698	-0.0127065	-0.0101614	-0.00609745	-0.00096448	0.00232274	0.00485158	0.00542704	0.00569402	0.0039156	0.00114584	-0.00135126	-0.00315696	-0.00410678	-0.0042165	-0.00381946	-0.00242736	-0.00198283	-0.00141575	-0.00103242	-0.00137753	
-0.00878336	-0.011905	-0.0137205	-0.0159208	-0.0157507	-0.0129465	-0.011032	-0.00662274	-0.00128422	0.00177718	0.00460156	0.00552026	0.00569847	0.0043896	0.00155136	-0.000661519	-0.002728	-0.00363889	-0.00381716	-0.00342273	-0.00215277	-0.00156822	-0.00109656	-0.000548767	-0.00141146	
-0.00859195	-0.0118787	-0.0139106	-0.0161573	-0.0160543	-0.0138626	-0.0113427	-0.00745322	-0.0023405	0.00144693	0.00383226	0.00516379	0.00531713	0.00411299	0.00117643	-0.00143474	-0.00307848	-0.0043715	-0.00465986	-0.00437248	-0.00311164	-0.00279797	-0.00186814	-0.00141292	-0.00146598	
-0.00804343	-0.0117341	-0.0135809	-0.0161457	-0.0161723	-0.0142359	-0.0116271	-0.00785298	-0.00251422	0.00117428	0.00430745	0.00505847	0.00623066	0.00461301	0.00196956	-0.000619944	-0.00240774	-0.00399237	-0.00426889	-0.00401928	-0.00330729	-0.00243031	-0.00189317	-0.00180889	-0.00165238	
-0.00787168	-0.0110019	-0.013224	-0.0157727	-0.0161206	-0.0139309	-0.0119621	-0.00785117	-0.00290117	0.000936267	0.00407619	0.00561671	0.00601341	0.00534593	0.0022351	-8.24226e-05	-0.0025779	-0.00338563	-0.0045419	-0.00415915	-0.00282536	-0.00281137	-0.00173919	-0.00135049	-0.00153095	
-0.00660026	-0.0101269	-0.0125648	-0.0148259	-0.0158271	-0.0138441	-0.0113729	-0.0075795	-0.00263094	0.0014789	0.00481139	0.00598864	0.00716604	0.00603615	0.0035336	0.000492482	-0.00107653	-0.00313096	-0.0037976	-0.00335176	-0.00271038	-0.00199935	-0.00132286	-0.000712614	-0.00110784	
-0.00579241	-0.00919792	-0.0118217	-0.0141023	-0.0150159	-0.0136875	-0.0105432	-0.00704646	-0.00207418	0.00244078	0.00558813	0.00750475	0.00824722	0.00774907	0.00455789	0.00225255	-0.000104191	-0.00184788	-0.00281401	-0.00279967	-0.00203705	-0.00152699	-0.000769065	-0.000335537	-0.000210682	
-0.00536112	-0.00878436	-0.0110957	-0.0140171	-0.0147683	-0.0134675	-0.0107207	-0.00680627	-0.00205391	0.00220832	0.00586738	0.00746235	0.00880502	0.00764172	0.00546409	0.00206597	0.000410637	-0.00189611	-0.00308258	-0.00268499	-0.00188037	-0.00164922	-0.000329644	1.5564e-05	0.000297569	
-0.00493704	-0.00848804	-0.0110938	-0.0137152	-0.0149013	-0.0136103	-0.0106711	-0.00682857	-0.00201587	0.00240701	0.0062436	0.00804508	0.009175	0.00869217	0.0057967	0.00292877	0.000707082	-0.00155198	-0.00308818	-0.00242128	-0.00211906	-0.00168318	-0.000233673	-0.00021633	0.000368398	
-0.00602386	-0.00952437	-0.0125432	-0.0148449	-0.0163285	-0.0152513	-0.0121964	-0.00841498	-0.00369952	0.000788847	0.00460228	0.00652426	0.00794356	0.0072828	0.00448883	0.00186302	-0.000674261	-0.00306403	-0.00414025	-0.00384954	-0.00341734	-0.00262979	-0.00172233	-0.000515847	-0.000501342	
-0.0070504	-0.0108669	-0.0133185	-0.0161086	-0.0175188	-0.0165441	-0.0134109	-0.00944553	-0.00506695	-0.000232454	0.00364259	0.00585233	0.00721945	0.00644446	0.00411402	0.000702761	-0.00142314	-0.00422892	-0.00541205	-0.00523713	-0.00470425	-0.00425703	-0.00260196	-0.00228572	-0.00127943	
-0.0070595	-0.0100192	-0.0133407	-0.0159016	-0.0175595	-0.0165432	-0.0137297	-0.00980104	-0.00520691	-0.00100196	0.00334236	0.0057725	0.00675796	0.00651822	0.00378723	0.00101794	-0.00178629	-0.00408553	-0.00589927	-0.00508938	-0.00500954	-0.00386399	-0.00282668	-0.00137241	-0.000977327	
-0.00590743	-0.00999008	-0.0125342	-0.0150713	-0.0169303	-0.0164278	-0.0128268	-0.00920822	-0.00490116	-9.96796e-05	0.00396703	0.00658339	0.0078639	0.00717969	0.00489281	0.00150768	-0.000802559	-0.0041142	-0.0053112	-0.00548702	-0.00438969	-0.00455893	-0.00244593	-0.00179329	-0.000719903	
-0.00499087	-0.00777887	-0.0110548	-0.0133163	-0.0154592	-0.0147321	-0.0115213	-0.00752528	-0.0033158	0.00122989	0.00555748	0.00853167	0.00940266	0.00890348	0.00640289	0.00364542	0.000341463	-0.00225648	-0.00434269	-0.00373511	-0.0036734	-0.00260306	-0.00183774	-9.55095e-05	0.000392136	
-0.00295023	-0.00636923	-0.00906419	-0.011597	-0.0136844	-0.01312	-0.00991162	-0.0058968	-0.00203589	0.00278483	0.00688894	0.0101627	0.0108795	0.0104395	0.0080867	0.00479916	0.00202554	-0.00159439	-0.00278672	-0.00274081	-0.00239082	-0.0018945	-0.000404628	0.00088897	0.00192233	
-0.00228069	-0.00569346	-0.00830974	-0.0108391	-0.0129936	-0.0124551	-0.00949726	-0.00511622	-0.0011245	0.00314793	0.00797933	0.0109897	0.0118036	0.0116278	0.00912839	0.00614399	0.00280976	-0.000211707	-0.00226325	-0.00190286	-0.00175859	-0.0014312	0.000173325	0.0016134	0.00217959	
-0.00304162	-0.0061161	-0.00931542	-0.0112118	-0.0139985	-0.0134379	-0.0103388	-0.00613015	-0.00218998	0.00242539	0.0065901	0.0106029	0.0110642	0.0107935	0.00858771	0.00553504	0.0021587	-0.00126811	-0.00263475	-0.00290545	-0.00269417	-0.00212233	-0.000642195	0.00109454	0.00186643	
-0.00359353	-0.00712392	-0.0102345	-0.0122127	-0.0147693	-0.0148504	-0.0110355	-0.00710832	-0.00344848	0.00158145	0.00587666	0.00963043	0.010584	0.0104385	0.00812481	0.00541064	0.00199428	-0.00135096	-0.00311357	-0.00314783	-0.00284924	-0.00238535	-0.00111827	0.000912325	0.00176008	
-0.00410169	-0.00723356	-0.0102906	-0.012566	-0.0150817	-0.0146683	-0.0120389	-0.00748746	-0.00365934	0.000659577	0.00533434	0.0096746	0.0101068	0.0101634	0.00833327	0.00515523	0.00196923	-0.00145788	-0.00320657	-0.00330371	-0.00310723	-0.00248443	-0.00131672	0.000854651	0.00166779	
-0.00268478	-0.00604915	-0.00898824	-0.0112521	-0.0138081	-0.0140668	-0.0108563	-0.00657341	-0.00343741	0.0016132	0.00602138	0.0103007	0.0110358	0.0113029	0.0091382	0.00628605	0.00306363	-0.000178737	-0.00229924	-0.00186803	-0.00187955	-0.00157036	0.000303324	0.00184077	0.00313107	
-0.00104395	-0.00438905	-0.00757188	-0.00951353	-0.0125847	-0.0124913	-0.00948082	-0.00560621	-0.00194242	0.00252947	0.00753477	0.0115183	0.0125157	0.0127225	0.010829	0.00781218	0.00457198	0.00103833	-0.000527175	-0.000830925	-0.000877052	-8.74987e-05	0.00106974	0.00330298	0.00394547	
0.000376846	-0.00258616	-0.00594606	-0.00815935	-0.010535	-0.0112216	-0.00812783	-0.00431264	-0.00122859	0.00406223	0.00819577	0.0130572	0.0137	0.0141614	0.0122128	0.00951235	0.00591012	0.00295622	0.00101065	0.000503684	0.000648559	0.000901595	0.00262354	0.00437191	0.00570916	
0.00247072	-0.00109698	-0.00430808	-0.00649681	-0.00935069	-0.010026	-0.00688604	-0.00322736	-0.000115988	0.00470331	0.00964072	0.0136535	0.0151385	0.0152493	0.0138608	0.0107994	0.00815989	0.00426647	0.00266773	0.00246383	0.00167175	0.00285211	0.00395646	0.00579665	0.00673683	
0.00234482	-0.00073663	-0.00423492	-0.00660959	-0.00929289	-0.00998793	-0.00721685	-0.00385441	-0.000924697	0.00402954	0.00845738	0.013496	0.0141344	0.0148603	0.0133716	0.0108077	0.00741743	0.00452464	0.00235081	0.00186769	0.00178247	0.00221145	0.00377375	0.00538311	0.00680462	
0.00207546	-0.0016034	-0.00505607	-0.00764581	-0.0101765	-0.0113327	-0.00839279	-0.00529283	-0.00236295	0.00277407	0.00744518	0.0116435	0.013615	0.0135998	0.0127548	0.00994565	0.00715934	0.0036965	0.00161465	0.00142869	0.000927556	0.00155107	0.00320494	0.0044046	0.00571251	
0.00134308	-0.00219099	-0.00625461	-0.00827214	-0.0113753	-0.0123928	-0.00992697	-0.00722242	-0.00423635	0.000428033	0.00492323	0.00973588	0.010918	0.0118035	0.0107376	0.00805814	0.00550524	0.00231844	0.00037065	-4.09337e-05	-0.000395681	0.000568734	0.00181453	0.00363941	0.00509017	
0.000911029	-0.00267764	-0.0061947	-0.00934335	-0.0114792	-0.0130415	-0.0104919	-0.00789315	-0.00539873	-0.000425118	0.00422344	0.00828249	0.0103946	0.011112	0.00999529	0.00784175	0.00509042	0.00228091	0.000239565	-0.000101519	-0.000730471	-7.6301e-05	0.00162412	0.00289021	0.00434557	
0.00051982	-0.00305525	-0.00698616	-0.00948537	-0.0122058	-0.0133217	-0.0112586	-0.00905502	-0.00632773	-0.00148715	0.00286772	0.0070176	0.0090234	0.00973211	0.00922719	0.00616752	0.00436234	0.00108637	-0.000515979	-0.00125234	-0.00215321	-0.00112854	0.000262128	0.00151726	0.00325724	
0.00160856	-0.00178406	-0.0058298	-0.00841587	-0.0107334	-0.0123867	-0.0103136	-0.00830414	-0.00571397	-0.000923736	0.00329525	0.00733054	0.00947288	0.010425	0.00942505	0.00759852	0.00474601	0.00264795	0.000321138	-0.000208868	-0.000994342	-0.000319277	0.000842993	0.00225514	0.00328717	
0.00184642	-0.00207281	-0.00552768	-0.00833773	-0.0108071	-0.0122139	-0.0105385	-0.00874018	-0.00646574	-0.0019735	0.0023534	0.00610405	0.00835857	0.00876111	0.00863002	0.00600194	0.00395982	0.00121628	-0.000390307	-0.0015962	-0.0021687	-0.00146876	-0.00015364	0.000345593	0.00190308	
0.000170097	-0.00315546	-0.00720891	-0.00985024	-0.0122545	-0.013635	-0.0122896	-0.0109171	-0.00870888	-0.00447424	-0.000264898	0.00350165	0.00539059	0.00635651	0.00573259	0.00377834	0.00136789	-0.000760968	-0.00288316	-0.00385439	-0.00478377	-0.00384894	-0.00312344	-0.00186537	-0.000868009	
-0.00163127	-0.00547566	-0.00898861	-0.0121986	-0.0142364	-0.0157023	-0.0150342	-0.0136181	-0.0114922	-0.00745184	-0.00317755	0.000226141	0.00272741	0.00337853	0.00295956	0.00123913	-0.00109981	-0.00324525	-0.00493042	-0.00640461	-0.00709683	-0.00645546	-0.00558653	-0.00474083	-0.00355267	
-0.00392276	-0.00747261	-0.0114198	-0.0141792	-0.0162994	-0.0178651	-0.0175258	-0.0163771	-0.0142235	-0.0105589	-0.00656099	-0.00279186	-0.000716048	-4.0333e-05	-6.86498e-05	-0.00195066	-0.00407229	-0.00590161	-0.0078276	-0.00934776	-0.00987641	-0.00937515	-0.00877679	-0.00771183	-0.00664082	
-0.00447357	-0.00816701	-0.0117299	-0.0148268	-0.0168869	-0.0183214	-0.018338	-0.0175444	-0.0154589	-0.0120804	-0.00792934	-0.00471561	-0.00219331	-0.00156918	-0.00192458	-0.00309488	-0.00533099	-0.00718979	-0.00901374	-0.0106225	-0.011352	-0.0109592	-0.0103437	-0.00928188	-0.00902469	
-0.00427983	-0.00772006	-0.0113826	-0.0146927	-0.0166221	-0.0179736	-0.01881	-0.0180554	-0.01602	-0.0129144	-0.00915086	-0.00568431	-0.00343585	-0.00269099	-0.00266316	-0.00397397	-0.0062098	-0.00767034	-0.00954734	-0.0115666	-0.0120673	-0.0115211	-0.0111055	-0.0105793	-0.00947333	
-0.00342229	-0.00697785	-0.0105613	-0.0139504	-0.015631	-0.0172294	-0.0183401	-0.0178396	-0.0155733	-0.0131691	-0.00923679	-0.00644761	-0.00380711	-0.0031784	-0.0031991	-0.00426963	-0.00622512	-0.00803157	-0.00945085	-0.0114465	-0.0119145	-0.0116866	-0.0111917	-0.0103395	-0.0102424	
-0.00216395	-0.00561516	-0.00921071	-0.0124705	-0.0144866	-0.0158824	-0.017428	-0.0169338	-0.0151263	-0.012663	-0.00918789	-0.00619471	-0.00401073	-0.00328191	-0.00319409	-0.00399123	-0.00630278	-0.00723628	-0.00887296	-0.0109851	-0.0113762	-0.0106457	-0.0104387	-0.00974956	-0.00895839	
0.000241024	-0.00311098	-0.00645152	-0.0103419	-0.0118778	-0.013334	-0.0150551	-0.0149559	-0.0128027	-0.0110899	-0.00728266	-0.00476269	-0.00210375	-0.00161886	-0.00112402	-0.00188398	-0.00377613	-0.0049131	-0.00627199	-0.00851747	-0.00863722	-0.00862847	-0.00808151	-0.00717797	-0.00722167	
0.00290907	-0.000190152	-0.0037537	-0.00721214	-0.00888577	-0.010111	-0.0121834	-0.0121132	-0.0101833	-0.0082639	-0.0051441	-0.00240061	6.93146e-05	0.000611822	0.00115461	0.000676465	-0.00109469	-0.00224995	-0.0034556	-0.00544098	-0.0058057	-0.00579135	-0.00529463	-0.00449554	-0.00431436	
0.00585957	0.00297283	-0.000274781	-0.00396084	-0.00530165	-0.00662943	-0.00914022	-0.00900379	-0.00688904	-0.00563347	-0.00217378	4.90074e-05	0.00261818	0.00323002	0.00390728	0.00391936	0.00180592	0.00118241	-0.000199839	-0.00211598	-0.00255446	-0.00234847	-0.00222461	-0.00138834	-0.00122612	
0.0085299	0.00562746	0.00260579	-0.000940445	-0.00231163	-0.00369276	-0.00617986	-0.00648767	-0.00450565	-0.0032401	-0.000247194	0.00197378	0.00467146	0.00536045	0.00650288	0.00620316	0.00512589	0.00394627	0.00310227	0.000712919	0.000697589	0.000395141	0.00106801	0.00125594	0.00128634	
0.00870963	0.00643588	0.0034632	0.000215766	-0.00130554	-0.00233778	-0.00511065	-0.00544019	-0.00388868	-0.00263643	7.65207e-05	0.00205527	0.00468381	0.00577993	0.00642882	0.00676811	0.00517989	0.0049976	0.00347928	0.00176242	0.00122149	0.00178571	0.00162081	0.00211406	0.00257835	
0.00892246	0.00655533	0.00415233	0.000487241	-0.000739904	-0.00186157	-0.00478079	-0.00545025	-0.00365294	-0.00301085	-0.000122866	0.0014793	0.00438603	0.00539501	0.00639834	0.00675237	0.00609011	0.00528161	0.0046398	0.00262286	0.00253561	0.00205883	0.00265369	0.0032624	0.00318817	
0.00836109	0.00657752	0.0037887	0.000955292	-0.000741078	-0.00209044	-0.00470243	-0.0052922	-0.00424099	-0.00284074	-0.00083104	0.00131136	0.00382197	0.00520135	0.00632827	0.0069707	0.00626044	0.0057718	0.00464933	0.00286493	0.00222797	0.00215673	0.00248097	0.0027799	0.00312249	
0.00741414	0.00566448	0.00371552	0.000591877	-0.000999694	-0.00215775	-0.00525205	-0.00605839	-0.00498997	-0.00484635	-0.00220995	-0.000839102	0.00194101	0.00359568	0.0044452	0.00556005	0.00486959	0.00465613	0.0037794	0.00214239	0.00149129	0.00147579	0.00150667	0.00222036	0.00175724	
0.00582857	0.00433938	0.00193724	-0.000544421	-0.00222828	-0.00387226	-0.00649406	-0.00765141	-0.00716456	-0.00610778	-0.00496198	-0.00283904	-0.000529488	0.00118248	0.00264718	0.00330435	0.00344518	0.00282372	0.00208781	0.00029523	-0.000135008	-0.000620203	-0.000114534	-0.000302211	9.94961e-06	
0.00375919	0.00240044	0.000325494	-0.00228491	-0.00406029	-0.00561099	-0.00878866	-0.010011	-0.00955525	-0.00924559	-0.0077208	-0.00630103	-0.00378055	-0.0014378	-0.000311091	0.00128136	0.00104736	0.000939315	-0.000117469	-0.00127972	-0.00204066	-0.00203471	-0.00235707	-0.0019721	-0.00224542	
0.00207145	0.000975629	-0.00127573	-0.00339322	-0.00532987	-0.00734497	-0.0101709	-0.011811	-0.0118225	-0.0112558	-0.010691	-0.00900298	-0.00683721	-0.00433884	-0.00276564	-0.00166654	-0.000883134	-0.00129858	-0.00209987	-0.00309612	-0.00350515	-0.00384539	-0.00377659	-0.00378429	-0.00364087	
