-0.0381128	-0.0444553	-0.0465242	-0.0500922	-0.0527709	-0.0532415	-0.0516798	-0.0506332	-0.0518492	-0.047791	-0.0389569	-0.027487	-0.0130149	0.0049154	0.0276868	0.0515963	0.0690286	0.0803716	0.082091	0.0731969	0.0562838	0.0321557	0.00606999	-0.0145186	-0.0285176	
-0.0383422	-0.0449929	-0.0483414	-0.0530962	-0.0555004	-0.0551995	-0.0540568	-0.054111	-0.0549763	-0.0505349	-0.0405149	-0.029933	-0.0154692	0.00304326	0.0249342	0.0465707	0.0615053	0.0688846	0.0674522	0.0550484	0.0354979	0.0100346	-0.0154579	-0.0342804	-0.0457896	
-0.0216442	-0.0290809	-0.0339988	-0.0398103	-0.0426683	-0.0411507	-0.0412212	-0.0418893	-0.0422457	-0.0371935	-0.0268162	-0.0155656	-0.0022184	0.0173085	0.0379585	0.0571435	0.0685892	0.0728783	0.0671727	0.050824	0.0275016	-1.50965e-05	-0.0255725	-0.0434253	-0.053425	
0.00125995	-0.00776982	-0.0140863	-0.0214768	-0.0238439	-0.0232323	-0.0223491	-0.0246205	-0.0239068	-0.0182967	-0.00629467	0.00279368	0.0183028	0.036984	0.0569046	0.0731737	0.0832157	0.0812409	0.0728294	0.0516285	0.0251948	-0.00529465	-0.0308543	-0.0487023	-0.0570981	
0.0210343	0.011015	0.002926	-0.0051673	-0.00869216	-0.00667967	-0.00750129	-0.00947926	-0.00785676	-0.00127766	0.0107135	0.0218833	0.0351162	0.0549938	0.0731118	0.0869413	0.0924431	0.0888345	0.0744185	0.0489635	0.0179434	-0.0144757	-0.041408	-0.0582705	-0.0676609	
0.0268056	0.0156029	0.00620089	-0.00340009	-0.00646734	-0.00532119	-0.00516806	-0.00764827	-0.00492052	0.00291138	0.0165211	0.0259666	0.0416369	0.0601177	0.0773724	0.0882345	0.0918531	0.0813807	0.0647891	0.0345132	0.000844724	-0.0345684	-0.0616612	-0.0792582	-0.0870708	
0.0211763	0.00853302	-0.00227252	-0.012227	-0.0158319	-0.0138128	-0.0137225	-0.0160433	-0.0115338	-0.00243264	0.0116839	0.0228412	0.0374063	0.0567246	0.0726358	0.0813788	0.0808706	0.0683336	0.0453179	0.0114951	-0.0262172	-0.0624126	-0.0907103	-0.107336	-0.115468	
0.00113169	-0.0117796	-0.023821	-0.0342279	-0.0374992	-0.0345884	-0.0348055	-0.0356744	-0.0299987	-0.0192367	-0.00404337	0.00787809	0.0235593	0.042861	0.0581393	0.0648342	0.0623301	0.044455	0.0196991	-0.0176227	-0.0581424	-0.0967384	-0.123701	-0.140413	-0.147156	
-0.0240254	-0.0384063	-0.0512786	-0.0613979	-0.0640365	-0.0618542	-0.0600195	-0.0613193	-0.0535769	-0.0416101	-0.0251674	-0.0125646	0.00468081	0.0247308	0.0396335	0.0445708	0.0400138	0.0202661	-0.00989511	-0.0491772	-0.0911776	-0.129337	-0.157422	-0.172903	-0.178282	
-0.0510866	-0.0651654	-0.0787129	-0.0886266	-0.0914196	-0.0875309	-0.0871517	-0.0862397	-0.0776528	-0.0640985	-0.047766	-0.032311	-0.0149537	0.00578514	0.0203896	0.0238072	0.0167114	-0.0053347	-0.0364452	-0.0780769	-0.122206	-0.161587	-0.187317	-0.201924	-0.206883	
-0.0700511	-0.0848948	-0.0989325	-0.108383	-0.110325	-0.108217	-0.105903	-0.105174	-0.0949752	-0.0802141	-0.0624118	-0.0474256	-0.0280788	-0.00724244	0.00696064	0.0086216	0.000746858	-0.0227603	-0.0572188	-0.0997599	-0.144054	-0.182248	-0.208286	-0.221545	-0.224449	
-0.0764881	-0.0914467	-0.105593	-0.114533	-0.116621	-0.11373	-0.112427	-0.110506	-0.0991679	-0.0829865	-0.0655303	-0.0471271	-0.027368	-0.00628615	0.0075136	0.00837917	-0.00231075	-0.027013	-0.0620708	-0.105181	-0.150301	-0.188422	-0.211956	-0.223467	-0.225379	
-0.0735635	-0.0889241	-0.103713	-0.11216	-0.113799	-0.111378	-0.109377	-0.106129	-0.0933704	-0.0760291	-0.0568395	-0.0378133	-0.0160631	0.00525024	0.0189291	0.018887	0.00889074	-0.0171697	-0.0536864	-0.0970175	-0.140613	-0.175649	-0.196914	-0.205678	-0.204966	
-0.0604841	-0.0767628	-0.0919798	-0.0999712	-0.10088	-0.0987248	-0.0957147	-0.0913343	-0.0772651	-0.0584185	-0.0385744	-0.016873	0.00606251	0.0286721	0.0419077	0.0420457	0.0305013	0.00533924	-0.0315781	-0.0738222	-0.116504	-0.149089	-0.166831	-0.172241	-0.167058	
-0.0398475	-0.0568	-0.0719579	-0.0795101	-0.0805866	-0.0771438	-0.0741975	-0.0683396	-0.0522903	-0.0330898	-0.0123131	0.0106326	0.0350288	0.0570045	0.0713816	0.0707629	0.0600979	0.0331467	-0.00304719	-0.0446717	-0.0855174	-0.115275	-0.129283	-0.130084	-0.121951	
-0.00353267	-0.0206049	-0.0368241	-0.0437341	-0.0436275	-0.041265	-0.0369471	-0.0297083	-0.0136288	0.00679731	0.0274174	0.0514606	0.0754784	0.0984216	0.111054	0.110729	0.0981629	0.0725707	0.0347363	-0.0066516	-0.0464899	-0.0735047	-0.0852297	-0.0848681	-0.0719699	
0.0472468	0.0290132	0.0135367	0.00672463	0.00611277	0.00946138	0.0135319	0.020726	0.0385584	0.0583347	0.0787305	0.102488	0.127785	0.148733	0.161631	0.159809	0.147351	0.118815	0.0812502	0.0407562	0.000988521	-0.0263768	-0.0372393	-0.0336852	-0.0209108	
0.102742	0.0849623	0.0683655	0.0616271	0.0615181	0.0632885	0.0673549	0.075665	0.0925965	0.113427	0.133268	0.157381	0.181182	0.202523	0.214219	0.212389	0.19806	0.170805	0.131935	0.0896233	0.0502944	0.0247224	0.014874	0.0167357	0.0314899	
0.15067	0.131924	0.115454	0.108628	0.107409	0.108946	0.112269	0.120391	0.137706	0.158122	0.177965	0.202011	0.226571	0.247435	0.258592	0.256334	0.242307	0.21383	0.174364	0.134359	0.0955355	0.0693177	0.0591057	0.0631922	0.0769183	
0.180909	0.161873	0.145321	0.138027	0.136976	0.136686	0.139618	0.147439	0.164742	0.184991	0.204396	0.228096	0.25289	0.272897	0.284054	0.281738	0.267238	0.239711	0.201608	0.160711	0.122235	0.097689	0.0888191	0.0919386	0.105933	
0.193866	0.174951	0.157584	0.150615	0.148827	0.148753	0.14973	0.158305	0.1746	0.194978	0.213336	0.237508	0.261048	0.282065	0.292698	0.290587	0.276206	0.249538	0.211386	0.172229	0.135952	0.11175	0.102967	0.106007	0.118516	
0.193556	0.173264	0.156386	0.148921	0.147342	0.146044	0.147856	0.154793	0.171237	0.191033	0.209415	0.2325	0.257424	0.277361	0.287458	0.285679	0.271456	0.24563	0.208629	0.171113	0.134702	0.112	0.103199	0.105871	0.116425	
0.180594	0.161257	0.143697	0.13619	0.134217	0.133349	0.134035	0.142541	0.158271	0.178113	0.19589	0.219828	0.244298	0.264774	0.276064	0.274275	0.260722	0.235121	0.199848	0.161872	0.128136	0.10577	0.0975384	0.0978169	0.104779	
0.161968	0.141497	0.124469	0.117139	0.11501	0.113458	0.114959	0.12324	0.139414	0.159797	0.177739	0.202502	0.227671	0.249463	0.260195	0.259911	0.246659	0.223156	0.186956	0.150915	0.116809	0.094217	0.0836456	0.0822312	0.0869735	
0.139779	0.120232	0.103229	0.0957423	0.0938378	0.0923312	0.093439	0.102922	0.119481	0.139882	0.159234	0.184103	0.211424	0.233631	0.246313	0.246893	0.235732	0.211627	0.177328	0.140297	0.104987	0.0803896	0.0679508	0.063168	0.0622046	
0.116942	0.0968525	0.0802643	0.0730981	0.0709854	0.0694241	0.0711364	0.0806653	0.0981087	0.119578	0.138738	0.16606	0.194241	0.218145	0.23271	0.235376	0.225066	0.20344	0.168697	0.130125	0.0941733	0.0667138	0.049786	0.0395519	0.0361368	
0.0957542	0.0761343	0.0598537	0.0531228	0.0513429	0.0504804	0.0516461	0.0625499	0.0799688	0.101527	0.12255	0.150421	0.180251	0.206852	0.22234	0.226542	0.218305	0.196585	0.160745	0.122076	0.0819853	0.0504337	0.0285175	0.0141624	0.00543879	
0.0781541	0.0588249	0.0430969	0.0369358	0.0355839	0.0348014	0.0372973	0.0478029	0.0662888	0.0887879	0.109992	0.139175	0.171445	0.198165	0.215944	0.221581	0.212779	0.190115	0.153285	0.109823	0.0659135	0.0305754	0.00423058	-0.0144924	-0.0250014	
0.0701726	0.0513327	0.0361939	0.03074	0.0298041	0.0297293	0.0324556	0.0439748	0.0634371	0.0866538	0.109729	0.140815	0.173638	0.20257	0.220972	0.225561	0.215796	0.190411	0.148381	0.10056	0.0523004	0.0116804	-0.0184806	-0.0399912	-0.0524054	
0.0673751	0.0488274	0.0339838	0.02896	0.0283705	0.0294301	0.0329248	0.0460621	0.0667275	0.0922966	0.116896	0.149798	0.184145	0.213765	0.231016	0.234927	0.221254	0.191654	0.144597	0.0922189	0.0377906	-0.00582526	-0.0382884	-0.0598239	-0.0716566	
0.0655377	0.0474499	0.0323928	0.0279364	0.0282861	0.0293487	0.035363	0.0494852	0.0725714	0.100285	0.127681	0.161375	0.197132	0.225367	0.242117	0.242244	0.225152	0.190091	0.138297	0.0801768	0.0232008	-0.0228568	-0.0555613	-0.0760921	-0.0865915	
0.0671477	0.0482458	0.0343459	0.0300463	0.0311455	0.0346136	0.041579	0.0576187	0.082914	0.112426	0.140448	0.176476	0.210561	0.237794	0.251273	0.247213	0.224018	0.183972	0.126755	0.0652346	0.00601515	-0.0414386	-0.073289	-0.0923646	-0.0997239	
0.0766164	0.0589153	0.0446053	0.0415169	0.0443012	0.0486743	0.0575365	0.0761314	0.101996	0.133202	0.162998	0.196857	0.22933	0.253515	0.261843	0.252012	0.22377	0.178027	0.116481	0.0521573	-0.00918605	-0.0560711	-0.0878049	-0.105229	-0.111403	
0.0940303	0.0762332	0.0631653	0.0611999	0.0653179	0.0720955	0.083171	0.10246	0.130243	0.162268	0.190306	0.223488	0.252666	0.271457	0.275478	0.26105	0.226905	0.177195	0.114709	0.0490651	-0.0120121	-0.0594198	-0.0895016	-0.106594	-0.110649	
0.115648	0.0981993	0.0864234	0.0853458	0.0919071	0.100578	0.113335	0.134252	0.162948	0.193592	0.221369	0.250588	0.274667	0.289184	0.288097	0.268356	0.231857	0.180187	0.115922	0.0512392	-0.0088907	-0.0545835	-0.0843579	-0.100293	-0.102631	
0.13519	0.119956	0.108692	0.109593	0.117795	0.129261	0.14254	0.165094	0.191954	0.222255	0.246099	0.271506	0.290549	0.300327	0.29389	0.272338	0.233507	0.181042	0.118237	0.0548649	-0.00402502	-0.0485307	-0.0756781	-0.0879534	-0.0857378	
0.163192	0.148777	0.139034	0.141876	0.152005	0.164338	0.179898	0.200258	0.226337	0.252637	0.27279	0.292264	0.306685	0.311335	0.302716	0.279255	0.240151	0.188688	0.125328	0.0622492	0.00409962	-0.0374981	-0.0624811	-0.0709852	-0.0657021	
0.192166	0.179476	0.172302	0.175669	0.187287	0.201246	0.215185	0.233996	0.256916	0.278068	0.29316	0.308086	0.318013	0.319483	0.309938	0.286234	0.248325	0.197595	0.137058	0.0753291	0.0189643	-0.0213381	-0.043061	-0.0479536	-0.0382589	
0.216791	0.206824	0.199641	0.205122	0.217192	0.22988	0.243001	0.258925	0.276587	0.293593	0.30385	0.31362	0.320364	0.320873	0.310972	0.289046	0.254494	0.207708	0.148698	0.0897869	0.0366231	0.000180035	-0.0182276	-0.0190237	-0.00747924	
0.231822	0.222622	0.217351	0.223289	0.23393	0.2461	0.256268	0.267371	0.280804	0.292724	0.297318	0.3047	0.310408	0.310605	0.302452	0.282929	0.251107	0.206652	0.152736	0.0987026	0.0503525	0.0172353	0.00397661	0.00471476	0.0163766	
0.234026	0.22616	0.222004	0.226777	0.23685	0.245214	0.251348	0.256912	0.265613	0.27191	0.274393	0.279778	0.285287	0.287429	0.28165	0.263495	0.234905	0.19585	0.146037	0.0967332	0.052987	0.0253784	0.0137196	0.0155459	0.0283803	
0.222478	0.216391	0.211482	0.215223	0.221583	0.226458	0.226412	0.226882	0.229754	0.233551	0.233528	0.238635	0.245531	0.25109	0.247822	0.232844	0.209617	0.173744	0.13027	0.0863196	0.0476104	0.0206617	0.011618	0.014752	0.0274868	
0.198902	0.192538	0.186747	0.187804	0.190093	0.189331	0.183924	0.178326	0.177343	0.179319	0.178728	0.184955	0.192926	0.202432	0.201134	0.191131	0.170953	0.142133	0.103581	0.064912	0.0269994	0.00220414	-0.00707085	-0.00636081	0.00612409	
0.162326	0.154865	0.147947	0.143721	0.140793	0.135134	0.124097	0.113922	0.111929	0.112431	0.113699	0.119491	0.130407	0.141316	0.144924	0.138571	0.124622	0.100723	0.0683107	0.0325698	-0.00440244	-0.0295326	-0.0421234	-0.0409507	-0.0295513	
0.122652	0.114982	0.103001	0.0941964	0.0863655	0.0748917	0.0604178	0.0475975	0.0441733	0.0456074	0.0482259	0.0545801	0.0668878	0.0804819	0.0887507	0.0868634	0.0779016	0.0588646	0.0294829	-0.00649482	-0.0432784	-0.0707356	-0.0851031	-0.0858363	-0.0774659	
0.0863909	0.074332	0.0584459	0.0452127	0.0311181	0.0168364	-8.8193e-05	-0.0149593	-0.0180946	-0.0158177	-0.0120803	-0.00482178	0.00934524	0.0261248	0.0388211	0.0412226	0.0367753	0.0181077	-0.0104674	-0.0463679	-0.0841037	-0.115228	-0.131821	-0.136325	-0.132495	
0.0597022	0.0431265	0.0233826	0.00485006	-0.0122312	-0.0290504	-0.0475992	-0.0622391	-0.0658544	-0.061854	-0.056913	-0.0468145	-0.0314283	-0.0107426	0.0053237	0.0130241	0.00865168	-0.0084914	-0.0378954	-0.0762362	-0.117865	-0.152035	-0.172828	-0.183761	-0.18185	
0.0439923	0.0224363	-0.00167547	-0.0239883	-0.0435698	-0.0608844	-0.0789358	-0.0938369	-0.0959033	-0.091457	-0.0835665	-0.0710964	-0.0525859	-0.028868	-0.00762177	0.00156622	-0.000517472	-0.0183093	-0.0512824	-0.091597	-0.135889	-0.174534	-0.202487	-0.216384	-0.219165	
0.0352452	0.00979787	-0.0185848	-0.0436574	-0.063567	-0.0802974	-0.0972234	-0.110738	-0.112632	-0.106859	-0.0951037	-0.0786767	-0.0566223	-0.0289249	-0.00619215	0.00400523	0.00313803	-0.0171749	-0.0498323	-0.0921928	-0.14034	-0.185708	-0.216839	-0.236867	-0.241625	
0.0340751	0.00307028	-0.0271271	-0.0542503	-0.0737028	-0.0893003	-0.103323	-0.116031	-0.116032	-0.108467	-0.0919481	-0.0724665	-0.046142	-0.0165822	0.00636183	0.0177747	0.0167286	-0.00379006	-0.0374777	-0.0828326	-0.135745	-0.183486	-0.219518	-0.241445	-0.246387	
