0.371914	0.616924	0.812533	0.954926	1.03631	1.03763	0.947967	0.783569	0.584363	0.393785	0.240703	0.134108	0.0684512	0.032165	0.013978	0.00564125	0.00212237	0.000746915	0.000246644	7.66367e-05	2.24637e-05	6.22613e-06	1.63573e-06	4.10971e-07	1.13997e-07	
0.487954	0.711186	0.881675	0.997706	1.04752	1.01269	0.890995	0.708541	0.508587	0.330296	0.194902	0.105015	0.0519263	0.0236753	0.0099977	0.00392601	0.00143893	0.000493858	0.000159199	4.83317e-05	1.38533e-05	3.75744e-06	9.66622e-07	2.37558e-07	6.13865e-08	
0.600662	0.798171	0.941879	1.02886	1.04364	0.971683	0.821363	0.627168	0.432606	0.270402	0.153851	0.0800811	0.038321	0.0169371	0.00694377	0.0026509	0.000945732	0.000316303	9.94613e-05	2.94824e-05	8.25785e-06	2.19038e-06	5.51419e-07	1.3255e-07	3.30106e-08	
0.706507	0.875651	0.990946	1.04559	1.02237	0.914203	0.740714	0.542084	0.3588	0.215586	0.118148	0.0593503	0.0274604	0.0117553	0.00467506	0.0017338	0.000601643	0.000195948	6.00644e-05	1.73726e-05	4.7521e-06	1.23198e-06	3.0334e-07	7.13213e-08	1.72832e-08	
0.80229	0.94153	1.0263	1.04492	0.982016	0.840989	0.651687	0.456354	0.289469	0.167014	0.0880761	0.042663	0.0190707	0.0079011	0.00304602	0.00109664	0.000369905	0.000117245	3.5014e-05	9.87613e-06	2.63691e-06	6.67818e-07	1.60749e-07	3.69608e-08	8.73703e-09	
0.885339	0.99362	1.04492	1.02409	0.922008	0.754142	0.557791	0.373205	0.226607	0.125431	0.0636005	0.0296847	0.012811	0.00513361	0.00191733	0.000669724	0.00021947	6.76641e-05	1.96771e-05	5.41004e-06	1.4093e-06	3.4852e-07	8.19805e-08	1.84284e-08	4.25152e-09	
0.953453	1.02935	1.04349	0.981069	0.843312	0.657136	0.463112	0.295691	0.171706	0.0911107	0.0443908	0.019952	0.00830874	0.00321862	0.00116402	0.000394302	0.000125478	3.7614e-05	1.06472e-05	2.85238e-06	7.24685e-07	1.74939e-07	4.01996e-08	8.83222e-09	1.98861e-09	
1.00455	1.04555	1.01885	0.915281	0.748737	0.554609	0.37188	0.226365	0.125623	0.0638638	0.0298836	0.0129287	0.00519308	0.00194396	0.000680513	0.000223473	6.90368e-05	2.01151e-05	5.54069e-06	1.44591e-06	3.58182e-07	8.43806e-08	1.89376e-08	4.06587e-09	8.93311e-10	
1.03616	1.03862	0.968808	0.828225	0.642927	0.451885	0.287973	0.166996	0.0885245	0.0431014	0.0193636	0.00806148	0.00312242	0.00112921	0.00038254	0.000121754	3.65058e-05	1.03364e-05	2.77e-06	7.04009e-07	1.70013e-07	3.90793e-08	8.56455e-09	1.7966e-09	3.85147e-10	
1.04498	1.0051	0.893115	0.72386	0.531967	0.354307	0.214432	0.118416	0.0599459	0.0279481	0.0120533	0.00482822	0.0018031	0.000629902	0.000206482	6.36884e-05	1.85315e-05	5.09847e-06	1.32914e-06	3.28962e-07	7.74368e-08	1.73658e-08	3.7161e-09	7.61589e-10	1.59296e-10	
1.02708	0.942936	0.794361	0.608472	0.422607	0.266497	0.15312	0.0805133	0.0389225	0.017377	0.00719453	0.00277304	0.000998525	0.00033697	0.000106884	3.19493e-05	9.02158e-06	2.41173e-06	6.11607e-07	1.47407e-07	3.38227e-08	7.39996e-09	1.54614e-09	3.09574e-10	6.3178e-11	
0.978902	0.85284	0.678335	0.489937	0.32125	0.191737	0.104587	0.0523719	0.0241832	0.0103411	0.00411119	0.00152503	0.000529573	0.000172665	5.30017e-05	1.53553e-05	4.20817e-06	1.09318e-06	2.697e-07	6.3303e-08	1.41588e-08	3.02234e-09	6.16607e-10	1.20623e-10	2.40207e-11	
0.899128	0.739414	0.553549	0.376455	0.232943	0.131605	0.0681756	0.0325258	0.0143522	0.0058808	0.00224582	0.000802034	0.000268669	8.46557e-05	2.51543e-05	7.06471e-06	1.87941e-06	4.74511e-07	1.13906e-07	2.60403e-08	5.67826e-09	1.1827e-09	2.35631e-10	4.50408e-11	8.7534e-12	
0.790606	0.61119	0.429839	0.275106	0.160681	0.0859783	0.0423274	0.0192528	0.00812351	0.00319141	0.00117137	0.000402925	0.00013026	3.96803e-05	1.14169e-05	3.10937e-06	8.03182e-07	1.97138e-07	4.60551e-08	1.02571e-08	2.18091e-09	4.4332e-10	8.6265e-11	1.61149e-11	3.05701e-12	
0.661274	0.479327	0.316452	0.19066	0.105191	0.053359	0.0249879	0.0108459	0.00437959	0.00165089	0.000582757	0.000193192	6.03069e-05	1.7769e-05	4.95266e-06	1.30849e-06	3.28303e-07	7.83609e-08	1.78213e-08	3.8676e-09	8.02063e-10	1.59149e-10	3.0253e-11	5.5242e-12	1.02315e-12	
0.523206	0.355232	0.220227	0.125024	0.0652361	0.0314091	0.014008	0.00580829	0.00224674	0.000813318	0.000276328	8.83484e-05	2.66462e-05	7.59808e-06	2.05256e-06	5.26299e-07	1.28315e-07	2.9794e-08	6.59855e-09	1.39587e-09	2.82414e-10	5.47154e-11	1.01632e-11	1.81444e-12	3.28195e-13	
0.389863	0.248013	0.144548	0.0774375	0.0382723	0.0175157	0.00744962	0.00295438	0.00109593	0.000381358	0.000124816	3.85166e-05	1.12316e-05	3.10135e-06	8.12461e-07	2.02285e-07	4.79451e-08	1.08345e-08	2.33762e-09	4.82186e-10	9.52079e-11	1.80159e-11	3.27081e-12	5.71076e-13	1.0091e-13	
0.272715	0.16277	0.0893425	0.0452493	0.0212206	0.00924665	0.00375592	0.00142653	0.000508063	0.000170123	5.36873e-05	1.60035e-05	4.51535e-06	1.20818e-06	3.07117e-07	7.42892e-08	1.71262e-08	3.76821e-09	7.92368e-10	1.59434e-10	3.07334e-11	5.68194e-12	1.00857e-12	1.72267e-13	2.97465e-14	
0.17872	0.100284	0.0519517	0.0249274	0.011114	0.00461888	0.0017946	0.000653681	0.000223796	7.21882e-05	2.19872e-05	6.33661e-06	1.73123e-06	4.49191e-07	1.10867e-07	2.60698e-08	5.84871e-09	1.25358e-09	2.5702e-10	5.04676e-11	9.50119e-12	1.7168e-12	2.98045e-13	4.98161e-14	8.40911e-15	
0.109608	0.0579657	0.0284099	0.012943	0.00549726	0.00218288	0.000812551	0.000284245	9.36647e-05	2.91369e-05	8.57387e-06	2.39109e-06	6.33088e-07	1.59402e-07	3.82256e-08	8.74309e-09	1.90991e-09	3.98976e-10	7.97962e-11	1.52971e-11	2.81373e-12	4.97098e-13	8.4432e-14	1.38143e-14	2.28042e-15	
0.0628922	0.0314323	0.0146115	0.0063348	0.00256828	0.00097617	0.00034868	0.000117309	3.72526e-05	1.11884e-05	3.18397e-06	8.60031e-07	2.20857e-07	5.4003e-08	1.25909e-08	2.80294e-09	5.9653e-10	1.21515e-10	2.37192e-11	4.44117e-12	7.98473e-13	1.37976e-13	2.29365e-14	3.6748e-15	5.93449e-16	
0.0337747	0.0159965	0.00707064	0.0029238	0.00113377	0.000413216	0.000141856	4.59642e-05	1.40842e-05	4.08858e-06	1.12636e-06	2.94948e-07	7.35236e-08	1.74717e-08	3.96327e-09	8.59258e-10	1.78264e-10	3.54289e-11	6.75259e-12	1.23548e-12	2.17205e-13	3.67254e-14	5.97734e-15	9.38101e-16	1.48262e-16	
0.016989	0.00764634	0.00322158	0.00127339	0.000473204	0.000165661	5.47426e-05	1.71066e-05	5.06403e-06	1.42248e-06	3.79741e-07	9.64865e-08	2.33662e-08	5.40035e-09	1.19265e-09	2.51982e-10	5.09892e-11	9.89236e-12	1.84191e-12	3.29459e-13	5.66619e-14	9.37807e-15	1.49497e-15	2.29913e-16	3.55748e-17	
0.00801331	0.00343635	0.00138331	0.000523752	0.000186869	6.29438e-05	2.0051e-05	6.05084e-06	1.73256e-06	4.71424e-07	1.22071e-07	3.01223e-08	7.09248e-09	1.59543e-09	3.43268e-10	7.07207e-11	1.39661e-11	2.64637e-12	4.81606e-13	8.42536e-14	1.41814e-14	2.29847e-15	3.59003e-16	5.41216e-17	8.20191e-18	
0.00354891	0.00145369	0.000560369	0.000203639	6.98823e-05	2.26837e-05	6.97581e-06	2.0355e-06	5.64395e-07	1.48914e-07	3.74376e-08	8.97949e-09	2.05727e-09	4.50743e-10	9.45449e-11	1.90052e-11	3.66492e-12	6.78617e-13	1.20767e-13	2.06731e-14	3.4069e-15	5.4094e-16	8.28153e-17	1.22427e-17	1.81784e-18	
0.00147791	0.000579612	0.000214405	7.49233e-05	2.47713e-05	7.76039e-06	2.30701e-06	6.51711e-07	1.7518e-07	4.48644e-08	1.09608e-08	2.55752e-09	5.70587e-10	1.21849e-10	2.49325e-11	4.89308e-12	9.21888e-13	1.66896e-13	2.90575e-14	4.86937e-15	7.86017e-16	1.2231e-16	1.83605e-17	2.66258e-18	3.87502e-19	
0.000579612	0.000218117	7.7577e-05	2.61142e-05	8.33147e-06	2.52267e-06	7.25891e-07	1.98752e-07	5.18466e-08	1.29009e-08	3.06555e-09	6.96415e-10	1.51411e-10	3.15367e-11	6.29896e-12	1.20759e-12	2.22411e-13	3.93868e-14	6.7121e-15	1.10159e-15	1.74246e-16	2.65829e-17	3.91422e-18	5.57007e-19	7.94862e-20	
0.000214405	7.7577e-05	2.65776e-05	8.63245e-06	2.66156e-06	7.79945e-07	2.17494e-07	5.77831e-08	1.46429e-08	3.54331e-09	8.19623e-10	1.81423e-10	3.8466e-11	7.81957e-12	1.52549e-12	2.85853e-13	5.14932e-14	8.9245e-15	1.48931e-15	2.39487e-16	3.71352e-17	5.55647e-18	8.02817e-19	1.12145e-19	1.56974e-20	
7.49233e-05	2.61142e-05	8.63245e-06	2.70952e-06	8.08453e-07	2.29571e-07	6.21114e-08	1.60286e-08	3.9496e-09	9.30249e-10	2.09639e-10	4.52473e-11	9.36204e-12	1.85866e-12	3.54371e-13	6.494e-14	1.14475e-14	1.94265e-15	3.17604e-16	5.0061e-17	7.61264e-18	1.11759e-18	1.585e-19	2.17412e-20	2.98613e-21	
2.47713e-05	8.33147e-06	2.66156e-06	8.08453e-07	2.33744e-07	6.4395e-08	1.69218e-08	4.24588e-09	1.01825e-09	2.33629e-10	5.13334e-11	1.08112e-11	2.1844e-12	4.2379e-13	7.90113e-14	1.41675e-14	2.44513e-15	4.06476e-16	6.51338e-17	1.00673e-17	1.50193e-18	2.16417e-19	3.01379e-20	4.06073e-21	5.47465e-22	
7.76039e-06	2.52267e-06	7.79945e-07	2.29571e-07	6.4395e-08	1.72304e-08	4.40221e-09	1.07497e-09	2.51121e-10	5.6173e-11	1.20427e-11	2.47653e-12	4.88943e-13	9.27517e-14	1.69191e-14	2.97001e-15	5.0209e-16	8.18016e-17	1.28527e-17	1.94882e-18	2.85345e-19	4.037e-20	5.52208e-21	7.31083e-22	9.67826e-23	
2.30701e-06	7.25891e-07	2.17494e-07	6.21114e-08	1.69218e-08	4.40221e-09	1.09457e-09	2.60349e-10	5.92921e-11	1.29402e-11	2.7087e-12	5.44267e-13	1.05062e-13	1.94984e-14	3.48178e-15	5.98646e-16	9.91775e-17	1.58427e-17	2.44176e-18	3.63341e-19	5.22317e-20	7.25805e-21	9.755e-22	1.26941e-22	1.65065e-23	
6.51711e-07	1.98752e-07	5.77831e-08	1.60286e-08	4.24588e-09	1.07497e-09	2.60349e-10	6.03696e-11	1.34137e-11	2.85827e-12	5.84568e-13	1.14838e-13	2.16865e-14	3.93974e-15	6.89028e-16	1.16092e-16	1.88563e-17	2.95454e-18	4.46865e-19	6.5281e-20	9.21681e-21	1.25837e-21	1.66233e-22	2.12683e-23	2.71738e-24	
1.7518e-07	5.18466e-08	1.46429e-08	3.9496e-09	1.01825e-09	2.51121e-10	5.92921e-11	1.34137e-11	2.90993e-12	6.05819e-13	1.21133e-13	2.32793e-14	4.30311e-15	7.65616e-16	1.31207e-16	2.16729e-17	3.45279e-18	5.30881e-19	7.88249e-20	1.13091e-20	1.56872e-21	2.10502e-22	2.73402e-23	3.44021e-24	4.32021e-25	
4.48644e-08	1.29009e-08	3.54331e-09	9.30249e-10	2.33629e-10	5.6173e-11	1.29402e-11	2.85827e-12	6.05819e-13	1.23307e-13	2.41188e-14	4.53695e-15	8.21325e-16	1.43189e-16	2.40567e-17	3.89743e-18	6.09273e-19	9.19606e-20	1.34093e-20	1.89008e-21	2.5767e-22	3.39934e-23	4.34214e-24	5.37503e-25	6.63645e-26	
1.09608e-08	3.06555e-09	8.19623e-10	2.09639e-10	5.13334e-11	1.20427e-11	2.7087e-12	5.84568e-13	1.21133e-13	2.41188e-14	4.61767e-15	8.50675e-16	1.50894e-16	2.57892e-17	4.24951e-18	6.75536e-19	1.03665e-19	1.53656e-20	2.20115e-21	3.04913e-22	4.08663e-23	5.3021e-24	6.66267e-25	8.11595e-26	9.85503e-27	
2.55752e-09	6.96415e-10	1.81423e-10	4.52473e-11	1.08112e-11	2.47653e-12	5.44267e-13	1.14838e-13	2.32793e-14	4.53695e-15	8.50675e-16	1.53553e-16	2.67014e-17	4.47576e-18	7.23649e-19	1.12922e-19	1.70169e-20	2.47789e-21	3.48839e-22	4.75058e-23	6.26148e-24	7.99171e-25	9.88217e-26	1.18488e-26	1.41541e-27	
5.70587e-10	1.51411e-10	3.8466e-11	9.36204e-12	2.1844e-12	4.88943e-13	1.05062e-13	2.16865e-14	4.30311e-15	8.21325e-16	1.50894e-16	2.67014e-17	4.55382e-18	7.48969e-19	1.18867e-19	1.82148e-20	2.69652e-21	3.85868e-22	5.34033e-23	7.15191e-24	9.27305e-25	1.16463e-25	1.41753e-26	1.67339e-27	1.96705e-28	
1.21849e-10	3.15367e-11	7.81957e-12	1.85866e-12	4.2379e-13	9.27517e-14	1.94984e-14	3.93974e-15	7.65616e-16	1.43189e-16	2.57892e-17	4.47576e-18	7.48969e-19	1.20917e-19	1.88449e-20	2.8368e-21	4.12703e-22	5.80568e-23	7.90147e-24	1.04094e-24	1.32807e-25	1.64176e-26	1.96742e-27	2.28727e-28	2.64645e-29	
2.49325e-11	6.29896e-12	1.52549e-12	3.54371e-13	7.90113e-14	1.69191e-14	3.48178e-15	6.89028e-16	1.31207e-16	2.40567e-17	4.24951e-18	7.23649e-19	1.18867e-19	1.88449e-20	2.88516e-21	4.26808e-22	6.10404e-23	8.44412e-24	1.13049e-24	1.46546e-25	1.84029e-26	2.23982e-27	2.64337e-28	3.02717e-29	3.44845e-30	
4.89308e-12	1.20759e-12	2.85853e-13	6.494e-14	1.41675e-14	2.97001e-15	5.98646e-16	1.16092e-16	2.16729e-17	3.89743e-18	6.75536e-19	1.12922e-19	1.82148e-20	2.8368e-21	4.26808e-22	6.20685e-23	8.7292e-24	1.18786e-24	1.56482e-25	1.99657e-26	2.46849e-27	2.95875e-28	3.43964e-29	3.8811e-30	4.35405e-31	
9.21888e-13	2.22411e-13	5.14932e-14	1.14475e-14	2.44513e-15	5.0209e-16	9.91775e-17	1.88563e-17	3.45279e-18	6.09273e-19	1.03665e-19	1.70169e-20	2.69652e-21	4.12703e-22	6.10404e-23	8.7292e-24	1.20762e-24	1.61699e-25	2.0966e-26	2.63369e-27	3.2067e-28	3.78611e-29	4.33675e-30	4.82244e-31	5.32921e-32	
1.66896e-13	3.93868e-14	8.9245e-15	1.94265e-15	4.06476e-16	8.18016e-17	1.58427e-17	2.95454e-18	5.30881e-19	9.19606e-20	1.53656e-20	2.47789e-21	3.85868e-22	5.80568e-23	8.44412e-24	1.18786e-24	1.61699e-25	2.13104e-26	2.72038e-27	3.3653e-28	4.03619e-29	4.69536e-30	5.30034e-31	5.80985e-32	6.32587e-33	
2.90575e-14	6.7121e-15	1.48931e-15	3.17604e-16	6.51338e-17	1.28527e-17	2.44176e-18	4.46865e-19	7.88249e-20	1.34093e-20	2.20115e-21	3.48839e-22	5.34033e-23	7.90147e-24	1.13049e-24	1.56482e-25	2.0966e-26	2.72038e-27	3.41988e-28	4.16733e-29	4.92455e-30	5.6458e-31	6.28235e-32	6.78944e-33	7.28533e-34	
4.86937e-15	1.10159e-15	2.39487e-16	5.0061e-17	1.00673e-17	1.94882e-18	3.63341e-19	6.5281e-20	1.13091e-20	1.89008e-21	3.04913e-22	4.75058e-23	7.15191e-24	1.04094e-24	1.46546e-25	1.99657e-26	2.63369e-27	3.3653e-28	4.16733e-29	5.00339e-30	5.82686e-31	6.58497e-32	7.22445e-33	7.69941e-34	8.14381e-35	
7.86017e-16	1.74246e-16	3.71352e-17	7.61264e-18	1.50193e-18	2.85345e-19	5.22317e-20	9.21681e-21	1.56872e-21	2.5767e-22	4.08663e-23	6.26148e-24	9.27305e-25	1.32807e-25	1.84029e-26	2.46849e-27	3.2067e-28	4.03619e-29	4.92455e-30	5.82686e-31	6.68903e-32	7.45309e-33	8.06366e-34	8.47643e-35	8.83958e-36	
1.2231e-16	2.65829e-17	5.55647e-18	1.11759e-18	2.16417e-19	4.037e-20	7.25805e-21	1.25837e-21	2.10502e-22	3.39934e-23	5.3021e-24	7.99171e-25	1.16463e-25	1.64176e-26	2.23982e-27	2.95875e-28	3.78611e-29	4.69536e-30	5.6458e-31	6.58497e-32	7.45309e-33	8.18943e-34	8.7394e-35	9.06305e-36	9.32034e-37	
1.83607e-17	3.91425e-18	8.02821e-19	1.585e-19	3.0138e-20	5.52208e-21	9.755e-22	1.66233e-22	2.73402e-23	4.34214e-24	6.66267e-25	9.88217e-26	1.41753e-26	1.96742e-27	2.64337e-28	3.43964e-29	4.33675e-30	5.30034e-31	6.28235e-32	7.22445e-33	8.06366e-34	8.7394e-35	9.20082e-36	9.41484e-37	9.54981e-38	
2.66421e-18	5.57265e-19	1.12175e-19	2.17442e-20	4.061e-21	7.31107e-22	1.26943e-22	2.12684e-23	3.44022e-24	5.37504e-25	8.11596e-26	1.18488e-26	1.67339e-27	2.28727e-28	3.02717e-29	3.8811e-30	4.82244e-31	5.80985e-32	6.78944e-33	7.69941e-34	8.47643e-35	9.06305e-36	9.41484e-37	9.50753e-38	9.51382e-39	
4.0765e-19	8.11539e-20	1.58323e-20	2.99679e-21	5.48288e-22	9.68445e-23	1.6511e-23	2.7177e-24	4.32044e-25	6.63661e-26	9.85514e-27	1.41542e-27	1.96706e-28	2.64645e-29	3.44845e-30	4.35405e-31	5.32921e-32	6.32587e-33	7.28533e-34	8.14381e-35	8.83958e-36	9.32034e-37	9.54981e-38	9.51382e-39	9.38838e-40	
