-0.0212792	-0.0212792	-0.0216044	-0.0203003	-0.0177261	-0.0165145	-0.0150969	-0.0121559	-0.0087385	-0.00623945	-0.00381974	-0.00244018	-0.00197715	-0.00240224	-0.00404805	-0.00570083	-0.00712894	-0.00824243	-0.00865689	-0.00873019	-0.0101333	-0.0107793	-0.0102108	-0.00918245	-0.00868539	
-0.0212792	-0.021428	-0.0215828	-0.0201005	-0.0180576	-0.0169871	-0.0147921	-0.0114909	-0.00832934	-0.00569519	-0.003404	-0.00239611	-0.0018083	-0.00225982	-0.00401122	-0.00563714	-0.00697705	-0.00802326	-0.00801707	-0.0080623	-0.00914573	-0.00993052	-0.00991102	-0.00922809	-0.00846072	
-0.0216709	-0.0216574	-0.0205135	-0.0200813	-0.0202016	-0.0191429	-0.0143953	-0.0111524	-0.00984406	-0.00860994	-0.00601546	-0.00457773	-0.00377385	-0.0045441	-0.00612176	-0.00662045	-0.0073165	-0.00807034	-0.00796798	-0.00869288	-0.00962964	-0.0102844	-0.0100004	-0.00975871	-0.00802234	
-0.0202694	-0.020084	-0.0201097	-0.0192682	-0.0186367	-0.0165553	-0.0129138	-0.0098538	-0.00960611	-0.00772767	-0.005688	-0.00441645	-0.0042735	-0.00470191	-0.00474454	-0.00421286	-0.00504317	-0.00684067	-0.00708468	-0.00821542	-0.00841073	-0.00780354	-0.00857909	-0.00921548	-0.00803239	
-0.0175023	-0.0179615	-0.0204003	-0.0189399	-0.015078	-0.0144383	-0.0129051	-0.0117696	-0.0101252	-0.00847815	-0.00649343	-0.00647322	-0.00608255	-0.00561343	-0.00459955	-0.00363601	-0.00523315	-0.00718236	-0.00735386	-0.0084544	-0.00748277	-0.0069587	-0.0079624	-0.0106422	-0.00894878	
-0.0162276	-0.0170373	-0.0196787	-0.017281	-0.0148881	-0.014789	-0.0149073	-0.0131581	-0.0134525	-0.011544	-0.0106535	-0.00979545	-0.00884101	-0.00802158	-0.00752987	-0.00682933	-0.00709745	-0.0080925	-0.00727155	-0.00826202	-0.00769926	-0.0069043	-0.00855715	-0.00994228	-0.00877193	
-0.0149053	-0.0150669	-0.0151479	-0.0138475	-0.0136404	-0.0152628	-0.0130218	-0.0125458	-0.0129649	-0.0124415	-0.0109612	-0.0107456	-0.0091726	-0.00891341	-0.00899254	-0.00723985	-0.00660254	-0.00690535	-0.00591347	-0.00748107	-0.00729074	-0.00754488	-0.00789322	-0.00985722	-0.00760708	
-0.0122742	-0.012106	-0.012085	-0.0108949	-0.0126881	-0.013786	-0.0128758	-0.0113404	-0.0127222	-0.0112214	-0.0116117	-0.0117747	-0.0110351	-0.0106484	-0.00972443	-0.00703027	-0.00589277	-0.006409	-0.00514041	-0.00687236	-0.00698001	-0.00610651	-0.00735889	-0.00850906	-0.0070294	
-0.00942765	-0.00950674	-0.0111033	-0.0107822	-0.0111048	-0.0141035	-0.0133903	-0.0129204	-0.0132526	-0.0138243	-0.0141874	-0.0149667	-0.0139414	-0.0136772	-0.0125326	-0.00975953	-0.00847969	-0.00779601	-0.00604102	-0.00832605	-0.00740388	-0.00671983	-0.00725517	-0.00899464	-0.00589081	
-0.00754129	-0.00744766	-0.0101989	-0.00899442	-0.00933599	-0.0119177	-0.0126006	-0.0112631	-0.0137175	-0.0143915	-0.0150893	-0.0146437	-0.0139025	-0.014109	-0.0142495	-0.0124081	-0.0104182	-0.00880806	-0.00689081	-0.00841835	-0.00693845	-0.00521482	-0.00651513	-0.00723178	-0.0051227	
-0.00561511	-0.00555596	-0.00782688	-0.00699755	-0.00719613	-0.0106882	-0.0107205	-0.0112812	-0.0137557	-0.014796	-0.0145811	-0.0149456	-0.0142082	-0.0151691	-0.0160138	-0.0144067	-0.0126722	-0.011765	-0.00888883	-0.00902194	-0.00624661	-0.00496793	-0.00562039	-0.00805171	-0.00618193	
-0.00457213	-0.00471957	-0.00645702	-0.00568988	-0.00698921	-0.00948452	-0.0100159	-0.0109348	-0.0141148	-0.0139575	-0.0144965	-0.0154404	-0.0156454	-0.0167226	-0.0174122	-0.0155086	-0.0149414	-0.0141253	-0.0101113	-0.00876552	-0.00609272	-0.00348293	-0.0045893	-0.007291	-0.00575042	
-0.00427104	-0.00413981	-0.00564846	-0.00550635	-0.00649399	-0.00832625	-0.00806912	-0.00975286	-0.0127193	-0.0128417	-0.0132406	-0.0149797	-0.0156356	-0.017155	-0.0173612	-0.0161623	-0.0155507	-0.0143689	-0.0100292	-0.00993273	-0.00671939	-0.00381242	-0.00453489	-0.00698521	-0.0042399	
-0.00481962	-0.00464678	-0.00648355	-0.00597763	-0.00605522	-0.00752997	-0.00770505	-0.0091586	-0.0122452	-0.0128249	-0.0139265	-0.0156765	-0.0166932	-0.0179391	-0.018936	-0.0175828	-0.0163616	-0.01448	-0.0121143	-0.0120448	-0.00839018	-0.00542984	-0.00648604	-0.0073801	-0.00446647	
-0.00663624	-0.0065259	-0.00816855	-0.00606986	-0.00507507	-0.00712686	-0.00786165	-0.00822136	-0.0110201	-0.0128208	-0.0146569	-0.0162991	-0.0167672	-0.0187347	-0.0197195	-0.0184093	-0.0161994	-0.015639	-0.0133954	-0.0127382	-0.00912588	-0.00729088	-0.00759571	-0.00750204	-0.00447413	
-0.00837138	-0.0081897	-0.00872646	-0.00555853	-0.00410367	-0.00649982	-0.00623905	-0.00569362	-0.00839476	-0.010981	-0.0130326	-0.014468	-0.0156121	-0.0173559	-0.0183565	-0.0166371	-0.0161932	-0.0156888	-0.0131499	-0.0123656	-0.0103492	-0.00847327	-0.00824842	-0.0085197	-0.00512371	
-0.00982083	-0.00957708	-0.0095215	-0.0064615	-0.00570862	-0.0068096	-0.005721	-0.00479352	-0.00738788	-0.00910299	-0.0112456	-0.0137792	-0.0148423	-0.0160462	-0.0161156	-0.0161937	-0.0162531	-0.0156108	-0.0129972	-0.0137659	-0.0120337	-0.00929999	-0.00949563	-0.00988469	-0.00598693	
-0.0109888	-0.0107333	-0.0103421	-0.00829664	-0.00766564	-0.00781663	-0.00615491	-0.00554833	-0.00693606	-0.00764341	-0.0103419	-0.0127523	-0.0133252	-0.0138571	-0.0153396	-0.0156139	-0.0156297	-0.0149749	-0.0143936	-0.015657	-0.0130861	-0.0105832	-0.0110124	-0.010982	-0.007157	
-0.0112266	-0.0104994	-0.00997669	-0.00840477	-0.00781454	-0.00703128	-0.00533232	-0.00444321	-0.00526452	-0.00584083	-0.00762373	-0.00884018	-0.00896638	-0.011389	-0.0130541	-0.0132162	-0.0132659	-0.014735	-0.0152572	-0.0160938	-0.0143204	-0.0125055	-0.0123344	-0.0114541	-0.00860971	
-0.0107931	-0.00995305	-0.0102099	-0.0092619	-0.008839	-0.00801695	-0.00699601	-0.00631366	-0.0077033	-0.00759456	-0.00809951	-0.00792364	-0.00918777	-0.0114662	-0.012468	-0.012552	-0.0142766	-0.0163533	-0.0165213	-0.0179954	-0.0172097	-0.0155098	-0.0143844	-0.0140754	-0.0112885	
-0.011753	-0.0106002	-0.010746	-0.00912814	-0.00765833	-0.00728336	-0.00660411	-0.00628241	-0.00668585	-0.0061542	-0.00556014	-0.00563138	-0.00637051	-0.00805129	-0.00889312	-0.010461	-0.0125468	-0.0137892	-0.0147906	-0.0172473	-0.0169027	-0.0149306	-0.0148249	-0.0141036	-0.010642	
-0.0122836	-0.0113155	-0.0112406	-0.00833598	-0.00706874	-0.00654448	-0.00682401	-0.00520949	-0.00561994	-0.00415637	-0.00418793	-0.00306204	-0.00367549	-0.00534405	-0.00715925	-0.00860097	-0.0097828	-0.011215	-0.0129066	-0.0154272	-0.0146961	-0.0147901	-0.0156056	-0.0144234	-0.0105783	
-0.0116695	-0.011296	-0.0110546	-0.00915654	-0.00810034	-0.00840105	-0.00739147	-0.00650133	-0.00609888	-0.00547206	-0.00481413	-0.0040811	-0.00438865	-0.00646245	-0.00758773	-0.00855857	-0.0100839	-0.0117674	-0.0128094	-0.0142787	-0.0145514	-0.0154982	-0.0167152	-0.0152332	-0.0129641	
-0.0107056	-0.0108028	-0.0112836	-0.0101313	-0.0108753	-0.00985037	-0.00950081	-0.00783871	-0.0082084	-0.00649587	-0.00733031	-0.00665982	-0.00654136	-0.00714191	-0.00746839	-0.00886547	-0.0104478	-0.0117065	-0.0118434	-0.0139213	-0.01381	-0.0142213	-0.0151584	-0.0156892	-0.0141416	
-0.0104265	-0.0103231	-0.00986836	-0.00918866	-0.00938942	-0.00879588	-0.0073806	-0.006596	-0.00532945	-0.00437184	-0.00535538	-0.0049873	-0.00353874	-0.00402972	-0.00432843	-0.00523746	-0.00628281	-0.00753999	-0.00875526	-0.0109845	-0.0101355	-0.0100871	-0.0126902	-0.0141114	-0.0135001	
-0.0102278	-0.0103171	-0.00976069	-0.00829772	-0.00940411	-0.0081773	-0.00837669	-0.0066715	-0.006682	-0.00499629	-0.00637315	-0.00448712	-0.00374934	-0.00396948	-0.00370355	-0.0031797	-0.00436653	-0.00526012	-0.00614342	-0.00778089	-0.00726351	-0.00837235	-0.0108382	-0.0128358	-0.0118835	
-0.00945642	-0.00962668	-0.00956381	-0.0089449	-0.00922263	-0.00936889	-0.00894347	-0.00844492	-0.00843354	-0.00797238	-0.00828065	-0.00678882	-0.00571232	-0.00519687	-0.00391554	-0.00395307	-0.00465794	-0.00427205	-0.00413152	-0.00678861	-0.00705376	-0.0075688	-0.0098749	-0.0118458	-0.0120194	
-0.00825864	-0.00799343	-0.00886738	-0.00818129	-0.00861877	-0.00843143	-0.00823249	-0.00711412	-0.00809859	-0.00775522	-0.0085309	-0.00702287	-0.00530085	-0.00406529	-0.00291844	-0.00287375	-0.00215298	-0.00130691	-0.00214207	-0.00549789	-0.00475176	-0.00461377	-0.00719716	-0.0101499	-0.0104782	
-0.00764495	-0.0070498	-0.0078175	-0.00688822	-0.00692101	-0.00704136	-0.00662644	-0.00634817	-0.00699795	-0.00650729	-0.00674434	-0.00580216	-0.00364083	-0.00310217	-0.00113012	-0.000277111	0.00132596	0.000986246	0.000673056	-0.00182765	-0.000276605	-0.00126087	-0.00450674	-0.00654845	-0.00643753	
-0.00683575	-0.00654396	-0.00687794	-0.00493808	-0.00493988	-0.0046256	-0.00578393	-0.00598279	-0.00669929	-0.00438362	-0.00486579	-0.00392685	-0.00258455	-0.00160508	-0.000182774	0.00130304	0.00188624	0.0031502	0.00369991	0.00205168	0.00209081	0.000716208	-0.0020838	-0.00345833	-0.0029452	
-0.00624957	-0.00604502	-0.00586237	-0.00391812	-0.00327831	-0.00324248	-0.00440008	-0.00523549	-0.00512896	-0.00259091	-0.00319676	-0.00220174	-0.000738367	0.000411093	0.000895366	0.00248034	0.003489	0.00589937	0.00644626	0.00449485	0.00511551	0.00454796	0.00190234	0.000243499	0.00133361	
-0.00474171	-0.00389646	-0.00354963	-0.00204475	-0.00120138	-0.000502125	-6.50351e-05	-0.000321618	0.000243619	0.00201929	0.00167624	0.00260023	0.00448526	0.00484129	0.00588092	0.00716094	0.00829116	0.00932795	0.00960912	0.00781773	0.00933192	0.00968962	0.00694629	0.00557129	0.00678143	
-0.00229286	-0.00133697	-0.00178716	-0.000746784	0.00024522	0.00149177	0.00301648	0.003392	0.00387918	0.00526444	0.00520876	0.00612701	0.00807025	0.00846141	0.0100366	0.0105494	0.0113975	0.0121509	0.0136993	0.0111767	0.0128515	0.0136977	0.0128458	0.0120216	0.0135221	
0.00167501	0.00207624	0.000696497	0.00260153	0.00347972	0.00496037	0.00558556	0.00710605	0.00704978	0.00879551	0.00896962	0.0100229	0.012194	0.0123125	0.0133579	0.0133006	0.0144989	0.015967	0.0169034	0.0142387	0.0155676	0.0174253	0.0165511	0.0156583	0.0183222	
0.00524837	0.00569285	0.00485075	0.00707935	0.00879123	0.0089836	0.0104965	0.012403	0.0131506	0.0149988	0.0157415	0.0172232	0.0185408	0.0194811	0.0194723	0.0206548	0.0206947	0.0220914	0.02197	0.0207312	0.0225307	0.0243006	0.0229988	0.0232307	0.0267682	
0.0103022	0.0110816	0.0103351	0.0120971	0.0130068	0.0129143	0.0149834	0.0174451	0.0186018	0.020493	0.0216548	0.0225895	0.0243945	0.0254245	0.0260796	0.0267145	0.026455	0.0270756	0.0271791	0.0262771	0.0284128	0.0305571	0.0302134	0.030654	0.0349242	
0.0152684	0.0164554	0.0158483	0.0169023	0.0171312	0.016808	0.0187547	0.0209029	0.0219343	0.0241949	0.0249868	0.0266196	0.0288565	0.0297746	0.029781	0.0301977	0.0310686	0.0313741	0.0320341	0.0303191	0.0332837	0.0362029	0.0363393	0.0371823	0.0407249	
0.019532	0.0207435	0.0205717	0.0223318	0.0214359	0.0216119	0.0216024	0.0235523	0.0236278	0.0267042	0.0271366	0.0295085	0.0317301	0.0319024	0.0314532	0.0322764	0.0334273	0.0340898	0.0348914	0.033772	0.0362894	0.0385451	0.0385348	0.0395511	0.0450743	
0.0216889	0.0231924	0.0241092	0.025926	0.0260912	0.0253292	0.0254132	0.0254534	0.0264528	0.0284867	0.0293894	0.0307009	0.0328438	0.0326566	0.0326543	0.0328809	0.0338529	0.0349967	0.0364653	0.0351689	0.0370819	0.0396919	0.039933	0.0421305	0.0470829	
0.0236508	0.0248156	0.0251336	0.0262716	0.0267659	0.0259561	0.0256007	0.0249545	0.0254986	0.0262161	0.0264959	0.0269874	0.0286105	0.0285641	0.0285898	0.0290467	0.0296117	0.0309671	0.0315706	0.0305962	0.033525	0.0367264	0.0373889	0.0390986	0.0437336	
0.024365	0.0249335	0.0237678	0.024195	0.0243792	0.0240945	0.023434	0.0232937	0.0220971	0.0221394	0.0209467	0.0215492	0.021913	0.0217411	0.0217249	0.0225456	0.0229851	0.0231142	0.0236527	0.0228702	0.0268623	0.0293349	0.0300994	0.0311482	0.0356512	
0.0217428	0.0217128	0.0196028	0.0202715	0.0199915	0.020164	0.0194216	0.0202281	0.0177853	0.0177458	0.0153706	0.0155728	0.0149165	0.0146518	0.0143233	0.0149211	0.0146262	0.0146755	0.0146749	0.0139827	0.0165219	0.0192434	0.0197461	0.0210048	0.0245288	
0.0156486	0.0147015	0.0120775	0.0124404	0.0119273	0.0108025	0.0106168	0.0110097	0.00891791	0.00819359	0.00559457	0.00450504	0.00376561	0.00314306	0.00268848	0.00258387	0.00221537	0.00141908	0.00162819	-3.23116e-05	0.00246805	0.00430671	0.00481587	0.00514927	0.00840585	
0.00738809	0.00523578	0.00221947	0.00178422	0.000519862	-0.00200373	-0.00205456	-0.0027155	-0.00438492	-0.00616137	-0.00809289	-0.010579	-0.0108145	-0.0125838	-0.0128627	-0.0134736	-0.0141853	-0.0153608	-0.0150091	-0.0163108	-0.0150283	-0.0139524	-0.0141545	-0.0139104	-0.010884	
-0.00210959	-0.00502681	-0.00845278	-0.00919412	-0.0114741	-0.013778	-0.0148761	-0.0151819	-0.0181032	-0.0186059	-0.021379	-0.0224496	-0.0240017	-0.0254874	-0.0271144	-0.0270056	-0.0276975	-0.0287542	-0.028392	-0.0308506	-0.0298385	-0.0296338	-0.030347	-0.0305405	-0.028161	
-0.0116996	-0.0149909	-0.0181602	-0.0195737	-0.0214393	-0.024155	-0.0244779	-0.0257977	-0.0274201	-0.0287635	-0.0295916	-0.031128	-0.0312879	-0.0344296	-0.0358484	-0.0356154	-0.0356565	-0.0367832	-0.0375282	-0.0400223	-0.0395068	-0.0396994	-0.0415498	-0.0429984	-0.0407736	
-0.0219229	-0.0250153	-0.028444	-0.0297635	-0.0319236	-0.0334516	-0.0340832	-0.0340592	-0.0361314	-0.0362464	-0.0371303	-0.0369961	-0.0370064	-0.039517	-0.0408507	-0.0404099	-0.0399965	-0.0410725	-0.0405557	-0.0429715	-0.0422976	-0.042683	-0.0449609	-0.0467013	-0.0460452	
-0.0295479	-0.0321049	-0.0352892	-0.0366505	-0.0380354	-0.0398204	-0.0393057	-0.0391314	-0.039961	-0.0397808	-0.0396263	-0.039027	-0.0384774	-0.0398319	-0.041234	-0.0403102	-0.0405748	-0.0403082	-0.0397975	-0.0416168	-0.0410184	-0.0414274	-0.0434912	-0.0471563	-0.0462977	
-0.0347849	-0.0366015	-0.0393104	-0.0392613	-0.0410532	-0.0424248	-0.0424481	-0.0404637	-0.0414203	-0.0395388	-0.0391022	-0.0376093	-0.0366062	-0.0369827	-0.0372315	-0.0365868	-0.0360952	-0.0364227	-0.0348132	-0.0354986	-0.0345273	-0.0343915	-0.0374693	-0.0397703	-0.0403247	
-0.0357474	-0.0366069	-0.0386277	-0.0383822	-0.0391052	-0.0413904	-0.0399219	-0.0382893	-0.0377651	-0.036498	-0.0342164	-0.0329407	-0.0305726	-0.0302184	-0.0296964	-0.0287518	-0.0283158	-0.028264	-0.02603	-0.0260937	-0.025059	-0.0250819	-0.0267265	-0.029072	-0.0287565	
