0.0335827	0.0319887	0.0287405	0.0249945	0.0217104	0.0207378	0.0209192	0.019237	0.0183291	0.0163439	0.0163968	0.0144405	0.0133716	0.012439	0.0122399	0.0116552	0.0108068	0.0102477	0.0102261	0.0097716	0.00964941	0.00987708	0.00931536	0.00973644	0.0090201	
0.0316896	0.0289757	0.0254218	0.021948	0.0186245	0.0176851	0.0168336	0.0162986	0.014583	0.0134938	0.0124694	0.0117064	0.0103777	0.00941082	0.00941969	0.00858204	0.00828382	0.00748304	0.00685046	0.00712123	0.00711076	0.00650134	0.00747677	0.00701051	0.00738412	
0.0280866	0.0250316	0.0221773	0.0181409	0.0145105	0.0136604	0.0129665	0.0125084	0.0109091	0.0095481	0.00934085	0.00790362	0.00759429	0.00625832	0.00672345	0.00604565	0.00564021	0.00486442	0.0041352	0.00480781	0.00398895	0.00443214	0.00525688	0.00488605	0.00513255	
0.0239394	0.0212761	0.0178803	0.0141488	0.00996863	0.00907534	0.00785954	0.0075644	0.00606696	0.00439	0.00444885	0.00380473	0.00326757	0.00259052	0.00244565	0.0023899	0.00222878	0.00161687	0.00127289	0.00109343	0.00130349	0.00181084	0.00257635	0.003091	0.00335726	
0.0202436	0.0177425	0.0141073	0.00985172	0.00631524	0.00428334	0.00355347	0.00296635	0.00131389	0.000928263	-0.000195181	0.000403509	-0.000141962	-0.000863886	-0.000478732	-0.000738526	-0.000269499	-0.000336031	-0.00161475	-0.000906318	-0.00116992	-0.000602131	0.000622062	0.000268608	0.00176651	
0.0192368	0.016693	0.0130825	0.00881087	0.00414302	0.00271161	0.000974446	0.0011125	-0.00068488	-0.0021281	-0.00216025	-0.00264065	-0.0024581	-0.00340772	-0.00329205	-0.00327579	-0.00213286	-0.00304204	-0.00333354	-0.00362895	-0.00311942	-0.0031112	-0.00254965	-0.0021232	-0.00184501	
0.0193701	0.0157423	0.012329	0.00759183	0.00342701	0.00114065	0.000307974	-0.000555593	-0.00192511	-0.00299414	-0.00384631	-0.00341999	-0.00363261	-0.00420044	-0.00397052	-0.00349783	-0.00271472	-0.00244318	-0.00367678	-0.00287487	-0.00332106	-0.00332183	-0.00303064	-0.0034133	-0.00231166	
0.0176659	0.0151413	0.011858	0.00739427	0.0030535	0.00150402	-0.00030884	-9.04944e-05	-0.00173136	-0.00255102	-0.00334332	-0.00301382	-0.00297617	-0.00319996	-0.00309379	-0.00235021	-0.00118993	-0.00123717	-0.00158529	-0.00141553	-0.00133929	-0.00217995	-0.00237162	-0.00254141	-0.00302378	
0.0165065	0.0132057	0.0101491	0.00583475	0.00154591	-0.00011684	-0.0014175	-0.00144193	-0.00256545	-0.00357729	-0.00401606	-0.0030569	-0.00345347	-0.00263227	-0.00237939	-0.00174202	-0.000356066	7.88029e-05	-8.01322e-05	8.84156e-05	0.0003003	-0.000269127	-0.000477224	-0.00127049	-0.00145026	
0.0144669	0.0119832	0.00866387	0.0040835	0.00113866	-0.0014907	-0.00218196	-0.00192982	-0.00325206	-0.0031212	-0.0044509	-0.00359914	-0.00271791	-0.00281044	-0.00239304	-0.0015915	4.20333e-05	0.000289739	-0.000534563	0.00070181	0.00062086	0.000196385	-1.48365e-05	-0.000916223	-0.00167792	
0.0145107	0.0109239	0.00836603	0.00408489	-2.95579e-05	-0.00157233	-0.00297898	-0.00257292	-0.00339123	-0.00413782	-0.00499682	-0.00382652	-0.0038436	-0.00344235	-0.00314355	-0.00249451	-0.00103023	-0.00102047	-0.00157042	-0.000650208	-0.000164719	-0.000321854	-0.00036275	-0.00163712	-0.00127685	
0.0125797	0.0102411	0.00702012	0.00334496	0.000455713	-0.0021426	-0.00260347	-0.00218639	-0.00239287	-0.00315076	-0.00354381	-0.00259551	-0.00242536	-0.00205753	-0.00232523	-0.000930314	-0.000347574	-0.000452742	-0.000944849	-0.000360569	0.000498335	-2.63562e-05	-0.000709162	-0.000336306	-0.00167673	
0.011559	0.00901796	0.00682214	0.00289865	-0.000100678	-0.00203354	-0.00289257	-0.00210017	-0.00271692	-0.00215516	-0.00337212	-0.00212465	-0.00215027	-0.0013174	-0.00169893	-0.0012761	9.06905e-06	-0.000580934	-0.00111833	-0.000526821	9.56417e-05	-0.000830044	-0.000441577	-0.000533489	-0.000722416	
0.0106564	0.00810541	0.00552933	0.00218719	-0.000879582	-0.00299337	-0.00353402	-0.00244669	-0.00201231	-0.0023229	-0.0029706	-0.00164144	-0.00111174	-0.00170991	-0.00146652	-0.00121396	-0.000153871	-0.00059514	-0.00108571	-0.000976959	-0.00110304	-0.00134125	-0.00147487	-0.00112629	-0.00124298	
0.0105316	0.00810109	0.0058155	0.00183426	-0.000697522	-0.00312812	-0.00348386	-0.00255048	-0.0019311	-0.00198301	-0.00263619	-0.00181144	-0.0013062	-0.00119387	-0.00221374	-0.00158983	-0.000618728	-0.000667152	-0.00245986	-0.00240124	-0.0020356	-0.00271471	-0.00289062	-0.00195084	-0.00195325	
0.0100509	0.00724687	0.00495779	0.00168535	-0.00104239	-0.00318159	-0.00301432	-0.00184777	-0.00142292	-0.00131737	-0.00211527	-0.000511825	-0.000795019	-0.000685081	-0.00126292	-0.000563485	0.00035917	-0.000424406	-0.0018624	-0.00196646	-0.00182048	-0.00233271	-0.00225526	-0.00198146	-0.00121052	
0.00929078	0.00687235	0.00437527	0.00135022	-0.000673071	-0.00211345	-0.00237558	-0.000810664	-0.000170446	0.000212269	-0.000765557	-1.23876e-05	0.000425088	0.000370015	-0.000186247	0.000549015	0.00129972	2.16067e-06	-0.0013926	-0.0019573	-0.00126974	-0.00232447	-0.002498	-0.00166059	-0.00111673	
0.00838446	0.00589043	0.00357035	0.000649054	-0.000909808	-0.0032119	-0.00234433	-0.00105964	9.83263e-05	0.000240311	-0.000984564	-0.00027681	-0.000193251	-5.64993e-05	-0.000212341	-0.000158457	0.000162197	-0.000725056	-0.00246275	-0.00243752	-0.00264141	-0.00285025	-0.00343714	-0.00253675	-0.00149942	
0.00815027	0.00496169	0.00262668	0.000115762	-0.00233425	-0.00362282	-0.00370621	-0.00151889	-0.000137702	-0.000627696	-0.00152558	-0.000814481	-0.000845909	-0.000640988	-0.00202663	-0.00152848	-0.00101603	-0.00226795	-0.00274653	-0.0036518	-0.00303777	-0.00400438	-0.00421033	-0.00327429	-0.00284918	
0.0076488	0.00519991	0.00323654	-0.000129771	-0.0016144	-0.00386235	-0.00282557	-0.00127941	0.000145985	0.000713738	-0.000509681	-0.000151951	-0.000231482	-0.000533118	-0.00195555	-0.0014915	-0.00134631	-0.00191253	-0.00327236	-0.00369971	-0.00336905	-0.00396228	-0.00498316	-0.00420925	-0.00364386	
0.00753061	0.00523683	0.002484	0.000134406	-0.00183557	-0.00324614	-0.00322139	-0.00118373	0.000405025	0.000716255	8.84779e-05	0.000837417	0.000506585	-0.000583278	-0.00145683	-0.00119759	-0.00050407	-0.0018314	-0.0023512	-0.00299622	-0.00282334	-0.00335702	-0.00450648	-0.00416743	-0.00353151	
0.0079981	0.0047357	0.00294936	0.000643031	-0.00123208	-0.00324458	-0.00324604	-0.00198793	-0.000135922	0.000405343	4.84758e-05	0.000338094	-0.000396985	-0.000734124	-0.00203405	-0.0015675	-0.00144351	-0.00184618	-0.00303904	-0.00327834	-0.00299095	-0.00381362	-0.00480405	-0.00456562	-0.00350857	
0.00739724	0.00565475	0.00359825	0.0013177	3.34937e-05	-0.00263998	-0.00285261	-0.00203568	-0.000183	0.000362875	0.000205836	-7.32468e-05	0.000193762	-0.000719164	-0.00211079	-0.0014161	-0.00159914	-0.00236541	-0.0030356	-0.00399416	-0.00378834	-0.00440434	-0.00586479	-0.0046525	-0.00469801	
0.00757938	0.00507734	0.00324804	0.0018885	-0.00024884	-0.00212987	-0.0031238	-0.00199775	-0.000686977	-0.000276431	-0.00085865	0.000524718	0.000299924	-0.000188867	-0.0010023	-0.00102935	-0.000671352	-0.00142069	-0.00199447	-0.00301253	-0.00319578	-0.00387357	-0.0043361	-0.00469174	-0.00301641	
0.00666761	0.00531793	0.00353688	0.00224165	0.00123098	-0.00178222	-0.00186681	-0.00238478	-0.000608093	-0.000663553	-0.000168392	-0.000592115	0.000169354	-0.000393252	-0.00112384	-0.0003659	-0.000290214	-0.000477339	-0.00162494	-0.00243954	-0.00251571	-0.00268731	-0.00416005	-0.0028306	-0.00291936	
0.00564315	0.00367523	0.00245733	0.00127921	-0.000359607	-0.00220476	-0.00353404	-0.00326561	-0.00184443	-0.00178394	-0.0013864	-0.00132356	-0.000667948	-0.000718753	-0.00110555	5.46098e-05	0.000277907	-0.000166985	-0.000248827	-0.00144823	-0.00126693	-0.00190067	-0.00268002	-0.0023837	-0.00171494	
0.00593779	0.00404765	0.00236964	0.00161406	0.00044587	-0.0027213	-0.00361686	-0.00414788	-0.00272843	-0.00266218	-0.00313067	-0.00314036	-0.00277287	-0.00290919	-0.00267123	-0.00216406	-0.00227392	-0.00205612	-0.00261017	-0.00285051	-0.00333607	-0.00353139	-0.004293	-0.00411581	-0.00314119	
0.00480965	0.0034245	0.0017574	0.00124739	-0.000237541	-0.00247347	-0.0036651	-0.00414359	-0.00295519	-0.00359901	-0.00307209	-0.00455411	-0.00340613	-0.00337714	-0.00351088	-0.00319686	-0.00297572	-0.00263769	-0.0023013	-0.00316055	-0.00309596	-0.00353919	-0.00472723	-0.00361217	-0.00379992	
0.00420381	0.00216303	0.00118078	0.000896301	-0.000319404	-0.00225377	-0.00329985	-0.00363566	-0.00280853	-0.00316918	-0.00364566	-0.00355782	-0.00309555	-0.00299035	-0.00247526	-0.00212614	-0.00194421	-0.000836151	-0.000531696	-0.000428073	-0.00110703	-0.00118295	-0.00137106	-0.00228752	-0.00129285	
0.00401173	0.00289175	0.00145484	0.00137813	0.000818833	-0.000897227	-0.00203514	-0.0029324	-0.0022104	-0.00246958	-0.00205922	-0.00340829	-0.00235598	-0.00238184	-0.00219166	-0.00162908	-0.00112836	-3.24906e-05	0.000507654	-8.55172e-05	5.27369e-05	-0.000311308	-0.00128941	-0.00106926	-0.00196549	
0.00287471	0.00108175	-7.54637e-05	0.000480827	-0.000502731	-0.00199028	-0.00329178	-0.00408269	-0.00331481	-0.0033449	-0.00306181	-0.00366584	-0.00350127	-0.00354752	-0.00282423	-0.00268165	-0.00202455	-0.00086612	-0.000142248	-0.000319705	-0.000812248	-0.000588135	-0.0012841	-0.00222309	-0.00189351	
0.000652652	-0.000868083	-0.00180776	-0.00157428	-0.00251631	-0.00370515	-0.00551078	-0.00637395	-0.00560712	-0.00510435	-0.00482552	-0.00578599	-0.00526138	-0.00526646	-0.00467716	-0.00413442	-0.00334017	-0.00213314	-0.00119951	-0.00105636	-0.00125663	-0.00128792	-0.00153142	-0.00221596	-0.00232178	
-5.36431e-05	-0.00172249	-0.00276015	-0.0026267	-0.00305847	-0.00438698	-0.00585171	-0.0062403	-0.00568647	-0.00488281	-0.00397641	-0.00497776	-0.00447034	-0.00434525	-0.00395242	-0.00360172	-0.00301534	-0.00160588	-0.000671155	-0.000928381	-0.00104544	-0.00130898	-0.00221327	-0.00281529	-0.00300575	
0.000540344	-0.00121215	-0.00261127	-0.00184693	-0.0031469	-0.00388614	-0.00514221	-0.00575977	-0.00512545	-0.00407111	-0.00298691	-0.0032265	-0.00329887	-0.00337553	-0.00289647	-0.0034043	-0.00304705	-0.00231261	-0.00157271	-0.001696	-0.00277075	-0.00268587	-0.00348572	-0.00475564	-0.00452912	
0.000110908	-0.00188394	-0.00264676	-0.0026921	-0.00342491	-0.00352588	-0.00547452	-0.0055431	-0.00570075	-0.00363027	-0.00259616	-0.00316223	-0.00289271	-0.00284578	-0.00308874	-0.0038581	-0.00410883	-0.0033572	-0.00291566	-0.00314748	-0.00371224	-0.00452412	-0.00489743	-0.00590886	-0.0055597	
-0.00105679	-0.00330703	-0.00459349	-0.00430178	-0.00460997	-0.00530919	-0.00635976	-0.00707663	-0.0066972	-0.00518509	-0.00341074	-0.00327862	-0.00302778	-0.00315551	-0.00281539	-0.00369714	-0.00443131	-0.00363059	-0.00310027	-0.00311446	-0.00427499	-0.00409253	-0.0044735	-0.00516709	-0.0046603	
-0.00241192	-0.00442557	-0.00549856	-0.00494195	-0.00632875	-0.00532218	-0.00725142	-0.00724185	-0.00748518	-0.0051497	-0.00350595	-0.00293752	-0.0026559	-0.00233232	-0.00211015	-0.00330695	-0.00360195	-0.00377807	-0.00330532	-0.00374453	-0.00472014	-0.00503451	-0.00442381	-0.00511383	-0.00454687	
-0.00173732	-0.00419986	-0.00528976	-0.00587468	-0.00561335	-0.00578445	-0.00727446	-0.00830272	-0.00851325	-0.00608274	-0.00473935	-0.00373031	-0.00365103	-0.0033527	-0.003152	-0.0040526	-0.00515953	-0.00481973	-0.00534823	-0.00534028	-0.00668078	-0.00661552	-0.00565393	-0.00583865	-0.00472324	
-0.00109252	-0.00336854	-0.00454125	-0.00456467	-0.0052484	-0.0046526	-0.00624396	-0.00738098	-0.0076946	-0.00622139	-0.00370755	-0.00333603	-0.00311289	-0.00271491	-0.00223197	-0.00346838	-0.00459828	-0.0052255	-0.00495946	-0.00579614	-0.00681583	-0.00682766	-0.00602779	-0.00590056	-0.00574945	
2.70302e-05	-0.00223843	-0.003157	-0.00378669	-0.00409085	-0.00373249	-0.00572531	-0.00654943	-0.00756552	-0.00499519	-0.00426008	-0.00306614	-0.00353391	-0.00261895	-0.00234241	-0.00364283	-0.00460389	-0.0051801	-0.00547811	-0.00546389	-0.00671559	-0.00707692	-0.00572062	-0.00607971	-0.00525024	
0.00105785	-0.00124432	-0.00224325	-0.00352361	-0.00338846	-0.00392773	-0.00469042	-0.00669262	-0.00684869	-0.00569276	-0.00392018	-0.0030384	-0.00367751	-0.00309922	-0.00303337	-0.00377258	-0.0052011	-0.00539649	-0.00534501	-0.00587035	-0.00718165	-0.00723272	-0.0065841	-0.0057071	-0.00615928	
0.000586394	-0.00167879	-0.00250383	-0.003808	-0.00433149	-0.00410164	-0.00608539	-0.0069422	-0.00806029	-0.0063839	-0.00500009	-0.00412096	-0.00450895	-0.00402651	-0.00379902	-0.00485633	-0.00542092	-0.00593923	-0.00523732	-0.00580809	-0.00646434	-0.00694174	-0.00547138	-0.00526894	-0.00560974	
0.00190527	-0.000333605	-0.0013781	-0.00328107	-0.00317434	-0.00434078	-0.0053511	-0.00790265	-0.00858972	-0.00725778	-0.00648258	-0.00473199	-0.00585363	-0.00509104	-0.00512019	-0.00567664	-0.00633547	-0.00621915	-0.00603042	-0.00563041	-0.00640925	-0.00619539	-0.00516716	-0.00468317	-0.00572136	
0.00402621	0.00187468	0.000913706	-0.00120919	-0.00152695	-0.00228907	-0.00363801	-0.00588667	-0.00687496	-0.00635155	-0.00498101	-0.00373024	-0.00460147	-0.00428537	-0.00459901	-0.00528456	-0.00631879	-0.00672226	-0.00619902	-0.00660242	-0.00648256	-0.00689963	-0.00666107	-0.00631543	-0.00821534	
0.00544159	0.00296333	0.00165857	-0.00042219	-0.000927708	-0.00208164	-0.00366744	-0.00581433	-0.00750411	-0.0067948	-0.00640682	-0.00517429	-0.00572424	-0.00588929	-0.00626294	-0.00718582	-0.00783483	-0.00847843	-0.0081114	-0.00758362	-0.00769778	-0.0081626	-0.00754256	-0.00794887	-0.00890208	
0.00504493	0.00279866	0.00184131	0.000100663	-0.00023746	-0.0018429	-0.00237167	-0.00531676	-0.00650955	-0.00698551	-0.00634607	-0.00519426	-0.00639012	-0.00636544	-0.00727589	-0.00747393	-0.00825288	-0.00832747	-0.00792133	-0.00760986	-0.00756783	-0.00781125	-0.00828107	-0.00773995	-0.00956591	
0.00391783	0.0019543	0.00108911	-0.000472624	-0.000329456	-0.00142645	-0.00313268	-0.00524197	-0.00700486	-0.00721154	-0.00708158	-0.00635698	-0.00707475	-0.00750047	-0.00801358	-0.00796157	-0.00803888	-0.00793495	-0.00764026	-0.00742666	-0.00695885	-0.00753491	-0.00766984	-0.0078449	-0.00893863	
0.00484484	0.00283906	0.00205373	0.00116628	0.000925243	-0.000262155	-0.00113108	-0.00394592	-0.00572728	-0.00729228	-0.00708691	-0.00732926	-0.0078954	-0.00893298	-0.00947363	-0.00918666	-0.00914374	-0.00951013	-0.00952149	-0.00945065	-0.00924243	-0.00952805	-0.00994406	-0.00989974	-0.0111394	
0.00415033	0.00261192	0.00187718	0.000650463	0.000920465	0.00010968	-0.000740082	-0.0029161	-0.00501743	-0.00697467	-0.00806886	-0.00798626	-0.00881638	-0.00923194	-0.0100769	-0.00954844	-0.00978986	-0.0100629	-0.0107419	-0.0107189	-0.0100526	-0.010291	-0.011127	-0.0110121	-0.0115374	
0.00399048	0.00228761	0.00129828	0.00103582	0.000932939	0.00045677	0.000145327	-0.00195581	-0.00409216	-0.00730445	-0.00839003	-0.00921396	-0.00894296	-0.00987619	-0.0102897	-0.00985044	-0.00987377	-0.01058	-0.0110219	-0.0108868	-0.0101937	-0.0102912	-0.0111521	-0.0113249	-0.0114458	
