0.0389659	0.0374036	0.0363923	0.0377488	0.0376028	0.0379398	0.0379855	0.0382363	0.0386926	0.0422653	0.0435911	0.0437228	0.0428017	0.0453247	0.0482835	0.0517714	0.0535533	0.0546634	0.056139	0.0607786	0.0675287	0.0757753	0.0828106	0.0903295	0.0969575	
0.0396806	0.0373663	0.0359562	0.0353576	0.0359026	0.0357049	0.0361067	0.0358372	0.037168	0.0396293	0.0405409	0.0408351	0.0413199	0.0433695	0.0462561	0.048488	0.0510345	0.0523505	0.0546939	0.0580152	0.0653805	0.0738776	0.080371	0.0888677	0.0963225	
0.034734	0.0327302	0.0300875	0.0297363	0.0295272	0.0290943	0.028574	0.0291946	0.0298465	0.0327198	0.0329917	0.0342523	0.0332311	0.0354466	0.0380052	0.0400286	0.0410107	0.0433749	0.0466767	0.0509368	0.0574432	0.0662577	0.0738954	0.0827621	0.0910895	
0.0254872	0.0241795	0.0216391	0.0199737	0.0196094	0.0188822	0.0176352	0.0168153	0.0186018	0.0218714	0.0217745	0.021702	0.0216478	0.023447	0.0252056	0.0262919	0.0283468	0.0295856	0.0321034	0.0375343	0.0451813	0.0547528	0.0626443	0.0720137	0.0804329	
0.0120622	0.011514	0.00903596	0.0074479	0.00752088	0.00571103	0.00366786	0.00319731	0.00507404	0.00677276	0.00644476	0.0075117	0.00750448	0.00795818	0.00966909	0.0105427	0.0117011	0.0121821	0.0165918	0.0210801	0.0294045	0.0387592	0.0484354	0.0578773	0.0680838	
-0.00472575	-0.00573563	-0.00747925	-0.00868627	-0.00822017	-0.010047	-0.0124384	-0.0135265	-0.0120376	-0.0104909	-0.0103582	-0.0106213	-0.0116174	-0.01124	-0.00913425	-0.00810898	-0.00768156	-0.00729535	-0.00496966	0.00101629	0.00846486	0.0192067	0.028021	0.038703	0.0495084	
-0.0226656	-0.0219595	-0.0236304	-0.0247167	-0.0247	-0.0262596	-0.0282403	-0.0297649	-0.0287179	-0.0280369	-0.0290794	-0.0298824	-0.0311499	-0.0307877	-0.0292596	-0.0280305	-0.0269889	-0.027307	-0.0239456	-0.0193127	-0.0119693	-0.00283843	0.00703643	0.0176273	0.0288701	
-0.0406442	-0.039941	-0.0414722	-0.0423917	-0.0416225	-0.0435956	-0.0464612	-0.0475131	-0.0456358	-0.0458529	-0.0481092	-0.0493904	-0.0503538	-0.0503959	-0.0491635	-0.0474615	-0.0473824	-0.0464759	-0.0433153	-0.0384802	-0.0317556	-0.0235272	-0.0135328	-0.00391617	0.00847174	
-0.053618	-0.0522857	-0.0520454	-0.0534543	-0.0527937	-0.0552455	-0.0570173	-0.0587094	-0.057837	-0.0586485	-0.0600423	-0.0614429	-0.0630821	-0.0632628	-0.0609929	-0.0600302	-0.0594458	-0.0592495	-0.0555981	-0.0518589	-0.0456814	-0.0369969	-0.0276982	-0.018019	-0.00735502	
-0.0577903	-0.0546026	-0.0545346	-0.054535	-0.0536282	-0.0551979	-0.0579062	-0.0600289	-0.0587746	-0.0602351	-0.063232	-0.0646871	-0.0649633	-0.0638396	-0.0634952	-0.0625125	-0.0623861	-0.061899	-0.058869	-0.0547512	-0.047784	-0.041216	-0.032698	-0.0241455	-0.0135611	
-0.0541542	-0.0513491	-0.0499268	-0.049835	-0.0471688	-0.0489213	-0.0518754	-0.0536346	-0.0532666	-0.0548752	-0.0579286	-0.058809	-0.0596033	-0.0599905	-0.0581721	-0.0571974	-0.0572622	-0.0570399	-0.0534127	-0.0489892	-0.0429657	-0.0361566	-0.0281026	-0.0210721	-0.011239	
-0.0422113	-0.0388795	-0.0372207	-0.0371141	-0.0350796	-0.0368822	-0.0389333	-0.0406972	-0.0398643	-0.042124	-0.044526	-0.0460517	-0.0465502	-0.0463895	-0.044781	-0.0431591	-0.0425698	-0.0425591	-0.0388221	-0.0341018	-0.0275607	-0.0224488	-0.0154219	-0.0084162	-0.000893381	
-0.0258223	-0.0227795	-0.0225904	-0.022739	-0.0200773	-0.0210385	-0.0233199	-0.0245386	-0.0226042	-0.0242663	-0.0269053	-0.0285339	-0.0280318	-0.0275306	-0.0256241	-0.0238157	-0.0232599	-0.0222535	-0.0179527	-0.0126731	-0.00651664	-0.00120451	0.0047277	0.00987074	0.0168819	
-0.0114282	-0.00901168	-0.00965597	-0.0098473	-0.00706941	-0.00794053	-0.0100396	-0.00963416	-0.00720702	-0.00793672	-0.0101305	-0.00978921	-0.00903862	-0.00900245	-0.00724752	-0.00421692	-0.0035891	-0.00218275	0.0023526	0.00835818	0.0133626	0.0177483	0.0240434	0.0282103	0.0337069	
-0.00354041	-0.00181063	-0.0018566	-0.00304702	-0.000771038	-0.00168247	-0.00236385	-0.00176393	0.00195794	0.00163262	0.00165202	0.00115691	0.00308441	0.00384307	0.00656894	0.00880753	0.0102587	0.0126407	0.0172719	0.0222132	0.0277752	0.0319669	0.0371836	0.041012	0.0458888	
-0.00476505	-0.00260261	-0.00469583	-0.00513415	-0.00309159	-0.00318489	-0.00435883	-0.00273783	0.00256443	0.00274376	0.00212239	0.00342886	0.00698012	0.00913319	0.0110524	0.0146143	0.0164185	0.0187481	0.0240334	0.029367	0.0346165	0.0382492	0.044072	0.0473124	0.0525061	
-0.00951936	-0.00906052	-0.00956605	-0.0108773	-0.00894878	-0.00864152	-0.00847882	-0.00600411	-0.00221982	-0.000934054	0.00024037	0.0031578	0.00742453	0.0100749	0.0137233	0.017736	0.0196825	0.0230395	0.0274815	0.0341338	0.0387414	0.0425526	0.0481138	0.0518354	0.0571555	
-0.0168403	-0.016672	-0.0173701	-0.0177475	-0.0162008	-0.015741	-0.0149564	-0.0124395	-0.00719847	-0.00610367	-0.0036685	-0.00021801	0.00517213	0.00920888	0.0136953	0.0178466	0.020424	0.0231921	0.0294485	0.0344778	0.0395742	0.0426912	0.0483181	0.0528112	0.0587613	
-0.0217641	-0.0223819	-0.0232333	-0.0237885	-0.0224662	-0.0208401	-0.0203147	-0.0173104	-0.0121046	-0.0100898	-0.00763139	-0.00437576	0.0018628	0.00706603	0.0116564	0.0162498	0.0182859	0.021719	0.0264819	0.0323466	0.0372248	0.0403195	0.0460991	0.0513838	0.0578114	
-0.0240452	-0.0256081	-0.0259044	-0.0270969	-0.026412	-0.0251026	-0.0229355	-0.0188781	-0.0160505	-0.013887	-0.0112134	-0.00593844	-0.000495261	0.00420294	0.00953499	0.0132101	0.015335	0.0187855	0.0234018	0.029483	0.0332418	0.0378187	0.043311	0.0492006	0.0555752	
-0.0258298	-0.0283501	-0.0301791	-0.0305869	-0.0301481	-0.0281322	-0.0271405	-0.0239148	-0.0189091	-0.016724	-0.0132483	-0.0100151	-0.00360888	0.00159509	0.00525904	0.00850756	0.0103024	0.0138085	0.0186851	0.0235305	0.0290749	0.0326817	0.0385404	0.0452992	0.0526228	
-0.0217204	-0.0241962	-0.0250341	-0.0263158	-0.0271708	-0.0258396	-0.0239446	-0.0198412	-0.016789	-0.0141141	-0.0111846	-0.0070156	-0.00152973	0.00240882	0.00566989	0.00808834	0.00991335	0.0133719	0.0163483	0.0216929	0.0256406	0.0306395	0.0358011	0.0431813	0.0506628	
-0.0169655	-0.019132	-0.019711	-0.0202404	-0.0214315	-0.0199169	-0.0178184	-0.0136934	-0.0115387	-0.00949214	-0.00735924	-0.00344028	0.00103584	0.00448867	0.0064634	0.00777654	0.00846022	0.0110555	0.0140579	0.0189393	0.0224479	0.026954	0.0325511	0.0398744	0.0470137	
-0.0114506	-0.0133672	-0.0135307	-0.0130465	-0.0136167	-0.0117653	-0.0103461	-0.00743831	-0.00561998	-0.00453764	-0.00269249	-0.000955876	0.00271017	0.00493119	0.0050227	0.00515848	0.00532506	0.00775152	0.0100598	0.0138268	0.0175203	0.0215405	0.0264771	0.0338982	0.0413019	
-0.00353067	-0.0040972	-0.00299164	-0.00175556	-0.00316286	-0.00218778	0.000365415	0.00319124	0.00274919	0.00292252	0.00311352	0.00413556	0.00553886	0.00658106	0.00542609	0.00404501	0.00400222	0.00551076	0.00754508	0.0108318	0.0128646	0.0170559	0.0218449	0.0292229	0.0359202	
0.00518716	0.00415512	0.00572876	0.00729457	0.00648482	0.00766169	0.00973196	0.0118484	0.00993579	0.0099417	0.0088946	0.00827678	0.00799805	0.00745172	0.00566614	0.00336038	0.0015548	0.00262051	0.00371466	0.0067525	0.00883987	0.012695	0.0173631	0.024068	0.0310398	
0.010862	0.0110803	0.0123058	0.0150081	0.0135002	0.0145821	0.0163358	0.0167085	0.015005	0.0135571	0.0115034	0.00993738	0.00861512	0.00765906	0.0034639	-0.000513346	-0.00186572	-0.00148917	-0.000785173	0.000303863	0.00215648	0.00568788	0.00893291	0.0165231	0.0230077	
0.0118076	0.0122493	0.0155942	0.0170465	0.0155122	0.0159377	0.0174878	0.0173594	0.0134846	0.0116424	0.00988985	0.00697105	0.00390122	0.0012489	-0.00211121	-0.0069678	-0.00915241	-0.00967205	-0.0102689	-0.00966157	-0.00886159	-0.00639391	-0.00288778	0.00410202	0.0104184	
0.00296808	0.00460676	0.00696611	0.00933704	0.00845751	0.00799842	0.00873478	0.00867585	0.00420461	0.00172096	-0.00193813	-0.00442138	-0.00797517	-0.0110456	-0.01567	-0.0209704	-0.0231076	-0.0241893	-0.0254664	-0.0255059	-0.0255603	-0.0226695	-0.0199864	-0.0137856	-0.00655792	
-0.0108693	-0.00880444	-0.00626141	-0.00329082	-0.0051692	-0.00517812	-0.00351972	-0.00553769	-0.0103206	-0.0136663	-0.0162631	-0.0200953	-0.0238049	-0.026263	-0.0319262	-0.0376851	-0.0395033	-0.0411228	-0.0415425	-0.0433503	-0.0428664	-0.0411975	-0.0392225	-0.0321467	-0.0254216	
-0.025559	-0.0248503	-0.0206689	-0.0192397	-0.0202838	-0.0207947	-0.0189936	-0.0207417	-0.026514	-0.0291395	-0.0317662	-0.0346724	-0.0391437	-0.0438969	-0.0481717	-0.053538	-0.0555969	-0.0569936	-0.0586082	-0.0601644	-0.0604853	-0.0582158	-0.0553832	-0.0494907	-0.0418897	
-0.0359001	-0.0341735	-0.0323609	-0.0306832	-0.0316196	-0.0319718	-0.0308462	-0.0325162	-0.0361926	-0.0396405	-0.042382	-0.0447488	-0.0490928	-0.052765	-0.0580661	-0.0636826	-0.0653795	-0.0665426	-0.0668067	-0.0693788	-0.0688791	-0.0666973	-0.0628378	-0.0568451	-0.0484941	
-0.0366245	-0.0355614	-0.0347386	-0.034721	-0.0359563	-0.0366059	-0.034921	-0.03687	-0.0412138	-0.0436655	-0.0441145	-0.0463343	-0.0509257	-0.054002	-0.0590179	-0.0638563	-0.0652245	-0.0665725	-0.0676066	-0.0696854	-0.0689157	-0.0668569	-0.0627983	-0.0560215	-0.0476649	
-0.028382	-0.0291909	-0.0291229	-0.0296572	-0.0304682	-0.0323289	-0.0311168	-0.0331097	-0.036343	-0.0382835	-0.0383237	-0.0401716	-0.0434197	-0.0467661	-0.0502441	-0.0539549	-0.0553193	-0.0561272	-0.0565783	-0.058817	-0.0592225	-0.0560964	-0.0511988	-0.0454553	-0.0358419	
-0.0143235	-0.0145093	-0.0154204	-0.0172069	-0.0184811	-0.0194001	-0.0190162	-0.0217778	-0.0236865	-0.0257312	-0.025941	-0.0271782	-0.0284993	-0.0314726	-0.034397	-0.0362081	-0.0367302	-0.0377108	-0.0374761	-0.0396597	-0.0388057	-0.0378645	-0.0323744	-0.0267885	-0.0170786	
0.000737413	0.00142448	-0.00105082	-0.00399976	-0.00435869	-0.00489831	-0.00574796	-0.00875771	-0.0100662	-0.011094	-0.0119182	-0.0119255	-0.0134285	-0.0152	-0.0168466	-0.0175	-0.0166468	-0.016329	-0.0177445	-0.0184006	-0.0184132	-0.0161309	-0.011767	-0.00632691	0.00239071	
0.0180291	0.0172278	0.0141854	0.011346	0.0119326	0.0108549	0.00925223	0.00712131	0.00670686	0.00391665	0.00491802	0.00486991	0.00427804	0.00239022	0.00310723	0.0036603	0.00438776	0.00574359	0.00643096	0.0051014	0.00556402	0.00717545	0.0122798	0.0166138	0.0251902	
0.0305597	0.0304652	0.0271004	0.0239405	0.024779	0.0243045	0.0224205	0.0203216	0.0201856	0.0194132	0.0192369	0.0201051	0.0207579	0.0201231	0.0199643	0.0222135	0.0251661	0.0261679	0.0259024	0.0258462	0.0276191	0.0282993	0.0335201	0.0374287	0.0447062	
0.0396129	0.039398	0.0361955	0.033458	0.0345844	0.0348547	0.0321496	0.03019	0.0310398	0.0317514	0.0322551	0.0334141	0.0335994	0.0338528	0.0350023	0.0382415	0.0405596	0.0421286	0.0420703	0.0426745	0.0432098	0.0458681	0.049929	0.053632	0.059515	
0.0439784	0.0432661	0.0407162	0.0384072	0.0398715	0.0406879	0.0378799	0.0376908	0.0386322	0.0386244	0.0401849	0.0425704	0.0435613	0.0423477	0.0439653	0.0486287	0.0495928	0.0514172	0.0518173	0.0521288	0.0535228	0.0554144	0.0592523	0.062678	0.0678951	
0.0427323	0.0423673	0.0398251	0.0387502	0.04069	0.0420394	0.0393972	0.0386782	0.040968	0.0426287	0.0431891	0.0445364	0.0462092	0.0461306	0.0473682	0.0514648	0.0530212	0.0545842	0.053994	0.0552424	0.0565574	0.0592226	0.0626857	0.0661087	0.070199	
0.0384317	0.0370507	0.0356185	0.0355441	0.0371766	0.0387654	0.0366861	0.0370185	0.0391519	0.0410278	0.0430478	0.0436142	0.0444671	0.0441294	0.046586	0.0503482	0.0509314	0.0522547	0.0519168	0.053698	0.0551259	0.0578802	0.0613395	0.0651891	0.0696914	
0.034745	0.0338274	0.032321	0.0320724	0.0340966	0.0359086	0.0343256	0.0352599	0.0368917	0.0396228	0.040351	0.0420865	0.0426521	0.0428735	0.0441933	0.0477649	0.0494353	0.0501139	0.0493693	0.0519186	0.0536507	0.0568773	0.059814	0.0641922	0.0677761	
0.0315084	0.0285392	0.028106	0.0283514	0.0305174	0.0314059	0.029714	0.0304088	0.033404	0.0361851	0.0373979	0.0379965	0.0392147	0.0391129	0.0417294	0.0443633	0.0458016	0.0442675	0.0454578	0.0482264	0.048641	0.0520923	0.055158	0.0590402	0.0615142	
0.0241553	0.0223601	0.0217899	0.0233069	0.02358	0.0248304	0.022751	0.0241433	0.0258474	0.0295411	0.0310001	0.0316076	0.0319465	0.0327985	0.0348695	0.0370191	0.0379558	0.0374871	0.0372471	0.038976	0.0411825	0.0431037	0.04579	0.0497552	0.0525804	
0.016989	0.0168835	0.0166921	0.017701	0.0176519	0.0179545	0.0165872	0.0172897	0.0184293	0.0215161	0.0216356	0.0229903	0.0225829	0.0244317	0.0257688	0.0272796	0.0279019	0.0273397	0.0274526	0.0289617	0.0308319	0.0336643	0.0341872	0.0390325	0.0408168	
0.00935366	0.00762156	0.00960954	0.010512	0.0112686	0.00952165	0.00891946	0.00870474	0.010458	0.0122383	0.0122238	0.0121189	0.0122679	0.0129853	0.0144386	0.0158319	0.0159611	0.0135293	0.0157013	0.0174224	0.0187266	0.0212565	0.0224825	0.0273595	0.0287501	
0.00496481	0.00520634	0.00686738	0.00879661	0.0082641	0.00713981	0.00684719	0.0059542	0.00624778	0.00828562	0.0083483	0.00625138	0.00578335	0.00745613	0.00780756	0.00774003	0.0085523	0.00847032	0.00880492	0.00968525	0.0133101	0.0148295	0.0173817	0.0213239	0.0239335	
0.00409626	0.00408074	0.00705655	0.00879925	0.00775072	0.00573504	0.00678379	0.00729173	0.00711468	0.0063568	0.00692822	0.0048471	0.00437011	0.00426426	0.00591637	0.00420551	0.00413183	0.00352641	0.00557308	0.00654079	0.00933063	0.0116824	0.0137534	0.016392	0.020343	
0.00403445	0.00352777	0.0061611	0.00861509	0.00785029	0.00591972	0.00767607	0.00778906	0.00738158	0.0082387	0.00725944	0.00535581	0.0035741	0.00517414	0.00460263	0.00273914	0.00326821	0.00224126	0.00372114	0.00490271	0.00708944	0.009831	0.0121212	0.0142749	0.0178146	
