-0.00610535	-0.00592826	-0.0057836	-0.00570054	-0.00575357	-0.00479522	-0.00433997	-0.00258493	-0.00231593	-0.00116483	-0.000277631	0.000960497	0.00142333	0.00132898	-0.000390452	-2.78858e-05	-0.00350512	-0.00765428	-0.0107681	-0.014784	-0.018943	-0.0222239	-0.0242664	-0.0256073	-0.0259879	
-0.00397354	-0.00350994	-0.00285185	-0.00328961	-0.00285985	-0.0016998	-0.00138572	0.000662164	0.0011369	0.0017725	0.00332097	0.00414186	0.00530619	0.00466132	0.0035733	0.00346532	0.000658739	-0.00396175	-0.00671493	-0.0107111	-0.01494	-0.0184046	-0.0208063	-0.0214042	-0.022192	
-0.000688129	-0.000169478	0.000219253	0.000430152	0.000541737	0.00156071	0.00278945	0.00445024	0.00474166	0.00603235	0.00716207	0.00845903	0.00924528	0.00939819	0.0077406	0.00836248	0.00551498	0.00164437	-0.0015044	-0.00527277	-0.00935773	-0.0125355	-0.0153063	-0.016304	-0.0165655	
0.00221359	0.00275783	0.00362413	0.00361728	0.00408351	0.0051758	0.00651777	0.0080244	0.00868883	0.009855	0.0111063	0.0125071	0.0140246	0.013548	0.0125594	0.0129903	0.0106166	0.00599713	0.00367045	-0.000335336	-0.00430391	-0.00817556	-0.0104109	-0.0115599	-0.0119166	
0.00362643	0.00411039	0.00515036	0.00537248	0.00534806	0.00672217	0.00802635	0.00979717	0.0101335	0.0114699	0.0130085	0.0142395	0.0156222	0.0159082	0.0145422	0.0152585	0.0131259	0.0093368	0.00635473	0.00278509	-0.000985793	-0.0043998	-0.0072519	-0.00800563	-0.00830986	
0.00317994	0.00425904	0.00506592	0.0053763	0.00545001	0.00686539	0.00827983	0.00973444	0.0104381	0.0117656	0.0128918	0.014852	0.0160801	0.0160736	0.0153767	0.0160968	0.0139114	0.0102491	0.00720188	0.0038733	-7.10952e-05	-0.00348628	-0.00617696	-0.00694192	-0.00758174	
0.0025067	0.00249142	0.00399182	0.00404479	0.00402691	0.00525098	0.00662204	0.00812705	0.00856416	0.0101187	0.0114668	0.013188	0.0146113	0.0147715	0.0140123	0.0146439	0.0130804	0.0092776	0.0066714	0.00287495	6.20469e-06	-0.00410887	-0.00662308	-0.00715529	-0.0075051	
-0.000217365	0.000556405	0.00145883	0.0017705	0.00143021	0.00273708	0.00405055	0.00558504	0.00617614	0.0073389	0.00896084	0.0102112	0.0120361	0.0121503	0.0114236	0.0124737	0.0102824	0.00691585	0.00380357	0.0010607	-0.00262678	-0.00602377	-0.008854	-0.00937372	-0.00962474	
-0.00277478	-0.00249118	-0.00115302	-0.00134755	-0.00144792	-7.47965e-05	0.000795894	0.00240865	0.00280485	0.00388724	0.00511456	0.0072713	0.00805918	0.00881185	0.00814667	0.00879552	0.00730357	0.00392189	0.00127597	-0.00214522	-0.00492987	-0.00896689	-0.0112073	-0.0120203	-0.0119927	
-0.00495042	-0.00422054	-0.0035561	-0.00328057	-0.00377764	-0.00243063	-0.00112568	7.51602e-06	0.000572603	0.00157178	0.0029944	0.00447446	0.00600579	0.00624757	0.00580082	0.00651086	0.00510877	0.00201792	-0.00138116	-0.00384018	-0.00713503	-0.010844	-0.0138972	-0.0138244	-0.0147797	
-0.00490577	-0.00477825	-0.00372638	-0.00371684	-0.00402155	-0.00281548	-0.00137367	-0.000259701	-0.000261196	0.00147059	0.00219248	0.00408392	0.00535283	0.00546538	0.00503341	0.00567781	0.00423958	0.00110865	-0.0018496	-0.0051508	-0.00823969	-0.012146	-0.0148258	-0.0160887	-0.016355	
-0.00343917	-0.00299549	-0.00235791	-0.00221904	-0.00287293	-0.00128088	-0.000305129	0.000733014	0.00118404	0.00237017	0.00331655	0.00486273	0.00642058	0.00643743	0.00590166	0.00684749	0.00512518	0.00217865	-0.00117123	-0.00396563	-0.00724134	-0.0112111	-0.0147163	-0.0154355	-0.0162677	
-0.00250948	-0.00206623	-0.00090838	-0.00108641	-0.00141057	0.000145414	0.00105141	0.00219526	0.00274564	0.00364234	0.00482169	0.00631388	0.00708867	0.00760884	0.00711237	0.0071982	0.00596746	0.00281612	-0.000488932	-0.00397246	-0.00710271	-0.0115537	-0.01487	-0.0164112	-0.0174944	
-0.000496645	-0.00013006	0.000595075	0.000621977	0.00031308	0.0014805	0.00261309	0.00340531	0.00402415	0.00541468	0.00592801	0.00773249	0.00865397	0.00907605	0.00849356	0.00901795	0.00759178	0.00470453	0.00112706	-0.00206946	-0.00560353	-0.0101421	-0.0138189	-0.015603	-0.0165431	
9.32532e-05	0.000265775	0.00094613	0.00111188	0.000490222	0.0018231	0.00273773	0.00373356	0.0040847	0.00539168	0.00625051	0.00750304	0.00870094	0.00910504	0.00887473	0.0088358	0.00795716	0.00488543	0.00191824	-0.00185942	-0.00538998	-0.00931221	-0.0137676	-0.0153163	-0.0166989	
-0.000168071	-0.000171648	0.000562765	0.000390168	0.000544756	0.00141688	0.00266624	0.00341456	0.00412744	0.005477	0.00627121	0.0079856	0.00892266	0.00973105	0.00906452	0.00968955	0.00812735	0.00573177	0.0020043	-0.00149594	-0.00496333	-0.0095035	-0.0134478	-0.0158533	-0.0168262	
6.23271e-05	-0.000349217	0.00034589	0.000434269	-2.63975e-06	0.00126265	0.00223481	0.00312	0.00360411	0.00505331	0.00612367	0.00728117	0.00871132	0.00928403	0.00927643	0.00932216	0.0087797	0.00556471	0.00292987	-0.00102569	-0.0042686	-0.00855895	-0.012809	-0.0148624	-0.016281	
0.00016958	0.000228275	0.000524442	0.000686066	0.000726217	0.00160189	0.00279742	0.0030547	0.00407595	0.00544441	0.00622283	0.00818013	0.0087784	0.00995669	0.00960735	0.0100498	0.00878468	0.00663581	0.00299914	-0.00052509	-0.00394597	-0.00814689	-0.0124844	-0.0146726	-0.0161126	
0.000637486	-2.90652e-05	0.000864881	0.000496769	0.00072525	0.00142498	0.00228365	0.00276941	0.00350089	0.00486786	0.00580348	0.00717428	0.00866822	0.00919925	0.00933928	0.00942988	0.0088655	0.00592091	0.00357883	-0.000584066	-0.00355047	-0.00793352	-0.011997	-0.0143438	-0.0157924	
-0.000100389	-0.000479077	-1.90631e-05	0.000136099	8.76607e-05	0.000733799	0.00160349	0.00191097	0.00261787	0.00408635	0.00494111	0.0066268	0.00734026	0.00865376	0.00842117	0.00843879	0.00783157	0.00539336	0.00229277	-0.00129713	-0.00472204	-0.0082349	-0.0128214	-0.0155517	-0.0161597	
-0.000133556	-0.000309636	0.000173597	-0.000303525	0.000237086	0.00054354	0.00121565	0.00155951	0.00262507	0.00370967	0.00473102	0.00612566	0.00741227	0.00814146	0.00859831	0.00867627	0.00783598	0.00561853	0.00302721	-0.000998806	-0.00398482	-0.00792755	-0.0123503	-0.0147962	-0.0160647	
-5.04192e-05	-0.000805794	-0.000328082	2.11285e-05	-5.59282e-05	0.000295006	0.00133021	0.00150472	0.00228007	0.00386961	0.00474644	0.00624881	0.00705902	0.00855855	0.00861647	0.00830767	0.0079889	0.00559665	0.00277279	-0.00121084	-0.00412497	-0.00810809	-0.012516	-0.0154673	-0.0162538	
5.79962e-05	0.000231052	0.00038952	0.000349107	0.00081758	0.000958579	0.00214023	0.00200031	0.00309005	0.00427617	0.00520757	0.00663367	0.00781633	0.00858192	0.00948336	0.00901409	0.00815804	0.00647114	0.00330123	-0.000315713	-0.00363135	-0.00735188	-0.0118677	-0.0145818	-0.0160509	
0.0016753	0.000919466	0.00143248	0.00132347	0.00141677	0.00214084	0.00279467	0.00293079	0.00381721	0.00516618	0.00617942	0.0077044	0.00839134	0.0100186	0.0102498	0.00965678	0.00953885	0.00718217	0.00464345	0.000752573	-0.00214131	-0.00633879	-0.0107976	-0.0139019	-0.015089	
0.000798095	0.000877287	0.000730903	0.000974857	0.0013891	0.00145729	0.00269613	0.00237711	0.00353604	0.00482426	0.00582653	0.00700859	0.00818456	0.00904745	0.00983141	0.00906943	0.00835538	0.0067844	0.00335423	0.000468371	-0.00329382	-0.00693599	-0.0113875	-0.0147754	-0.0159804	
0.00113282	0.000523393	0.00083596	0.000929469	0.00111358	0.00158371	0.00215474	0.00224225	0.00341171	0.00470761	0.00561074	0.00726519	0.0081395	0.00924291	0.0102113	0.00917147	0.00891396	0.00721669	0.00460891	0.000795025	-0.00190796	-0.00616932	-0.0107801	-0.0139253	-0.0151401	
0.000516062	0.000666426	0.000529079	0.00111895	0.00125983	0.00152556	0.00245857	0.00223265	0.00384482	0.00497898	0.00606926	0.00754985	0.00842655	0.00960847	0.0106012	0.00946353	0.00898655	0.00797311	0.00413983	0.00162707	-0.0020154	-0.00609968	-0.0106782	-0.0139372	-0.015665	
0.00108029	0.00077779	0.000954357	0.00122082	0.00161543	0.00157826	0.00245333	0.00260596	0.00381998	0.00518433	0.00644146	0.00770472	0.00873145	0.0097489	0.0111032	0.00970641	0.00969053	0.00874818	0.00549557	0.00235686	-0.000467464	-0.0049514	-0.00929096	-0.013005	-0.0143035	
0.000536608	0.000320614	0.00030484	0.000844691	0.000859225	0.00142429	0.00213688	0.00195516	0.00363104	0.00474573	0.00600104	0.00763645	0.00839561	0.00979629	0.0109804	0.009586	0.00974516	0.00866041	0.00514527	0.00288454	-0.000538101	-0.00470788	-0.00927682	-0.0127393	-0.0140842	
-0.00108573	-0.00105399	-0.00141927	-0.00103508	-0.000623264	-0.00049404	0.00042193	0.000381981	0.00156263	0.00297156	0.00461598	0.00565366	0.00701371	0.00808966	0.0096347	0.00856759	0.00837905	0.00816007	0.00479341	0.00251212	-0.000587833	-0.00459292	-0.00864284	-0.0123589	-0.0138241	
-0.00278364	-0.00349773	-0.00372987	-0.00335354	-0.00287468	-0.00250822	-0.0016749	-0.00192429	-0.000240114	0.00106729	0.00228556	0.00400484	0.00506508	0.00639042	0.00804648	0.00668777	0.00714343	0.00651013	0.00373515	0.00166342	-0.00113121	-0.00524182	-0.00901082	-0.0125533	-0.0133787	
-0.00454897	-0.00451536	-0.00519053	-0.00454928	-0.00412386	-0.0037122	-0.0032406	-0.00294808	-0.00137738	-0.000467935	0.00135034	0.00279187	0.00429279	0.00556141	0.00758279	0.00667056	0.00666252	0.00682563	0.00420252	0.00247159	-0.000626373	-0.00398243	-0.00779012	-0.011091	-0.0126891	
-0.00413882	-0.00479661	-0.00488445	-0.00433999	-0.00363228	-0.00373808	-0.00261649	-0.00228655	-0.000912577	0.000402041	0.00210861	0.00346333	0.00478115	0.00653019	0.00827053	0.00736749	0.00766686	0.00781257	0.00526903	0.00360768	0.00108321	-0.00288715	-0.00638787	-0.00998347	-0.0107206	
-0.00226688	-0.00232718	-0.00249231	-0.00196149	-0.00136605	-0.00073156	-0.000178708	0.000291582	0.00206458	0.00306575	0.00480417	0.00600751	0.00755802	0.00898684	0.0110685	0.00976203	0.0101512	0.0099637	0.00824885	0.00644932	0.00361041	0.000264962	-0.00355287	-0.00697302	-0.00822795	
0.00129191	0.00115353	0.000748961	0.00148176	0.00232196	0.00256419	0.00315322	0.00387894	0.00521134	0.00656945	0.00832768	0.00928959	0.0108764	0.0128221	0.0139959	0.0135571	0.0133857	0.0138755	0.0118084	0.0102462	0.0074389	0.00391427	8.06533e-05	-0.00346507	-0.00500485	
0.00336226	0.00301624	0.00302882	0.00344035	0.00472117	0.00499526	0.00567016	0.0063787	0.00814407	0.00925302	0.010821	0.0117843	0.0134491	0.0145853	0.0162786	0.0153221	0.0156583	0.0153319	0.0140718	0.0119774	0.00880787	0.00512687	0.00150558	-0.00239708	-0.00400438	
0.0038152	0.00386546	0.00326194	0.00425617	0.00515643	0.00591467	0.00602085	0.00739689	0.00862821	0.00979048	0.0113983	0.0122954	0.0134225	0.015052	0.0160659	0.0160058	0.0154834	0.015434	0.0145916	0.0123123	0.00880189	0.00583494	0.00217782	-0.00184037	-0.00395389	
0.00350761	0.00315578	0.0027431	0.00328046	0.00500516	0.00505778	0.00566061	0.00663577	0.00803079	0.00925064	0.0108809	0.0115412	0.0131884	0.0143996	0.0155749	0.0151867	0.0145812	0.0146368	0.0136546	0.0117238	0.0081423	0.0046752	0.000951873	-0.00283687	-0.0051682	
0.00142813	0.00109129	0.000434489	0.00143185	0.00252966	0.00339406	0.0030823	0.0045919	0.00558771	0.0068497	0.00825237	0.00910759	0.0101353	0.0116597	0.0122742	0.0121427	0.0116009	0.011065	0.0111208	0.00834241	0.00484904	0.0015509	-0.00203642	-0.0062705	-0.00856001	
-0.00103878	-0.00110523	-0.00192413	-0.00129637	0.000276869	0.000422559	0.000415872	0.00156358	0.00252838	0.00363196	0.0047383	0.00528144	0.00644644	0.00762538	0.00791015	0.00812029	0.00699888	0.00701337	0.00611176	0.00435488	0.000754706	-0.00240656	-0.00609376	-0.00957112	-0.0124566	
-0.00279096	-0.00329035	-0.00384038	-0.00312791	-0.00196653	-0.00148277	-0.00218492	-0.00080901	-0.000256152	0.000921733	0.00207903	0.00251679	0.0037156	0.00472363	0.00480939	0.00508589	0.00413901	0.00331892	0.003485	0.000931757	-0.00230816	-0.0055485	-0.00883408	-0.0126479	-0.0156307	
-0.00509555	-0.00517174	-0.00598657	-0.00530677	-0.00426392	-0.00393205	-0.00473004	-0.00346454	-0.00287246	-0.0018672	-0.00123458	-0.0003227	6.04101e-05	0.00127338	0.00109107	0.00185026	0.000351049	-3.1729e-05	-1.80738e-05	-0.00212361	-0.00559706	-0.00839521	-0.0114224	-0.0153745	-0.0183157	
-0.0063837	-0.00646643	-0.00698289	-0.0066712	-0.00539444	-0.00523046	-0.00604388	-0.00472065	-0.00466363	-0.00385317	-0.00267291	-0.00262862	-0.00147195	-0.000845874	-0.00105412	-0.000466745	-0.00173934	-0.00183357	-0.00165236	-0.00392664	-0.0070126	-0.00953629	-0.0126108	-0.0156808	-0.0190814	
-0.00658024	-0.00681914	-0.00741536	-0.00678376	-0.00618155	-0.00556198	-0.00660125	-0.00537886	-0.00544705	-0.00451108	-0.00405584	-0.00323319	-0.00282068	-0.00125712	-0.00189143	-0.000747889	-0.00168929	-0.00184768	-0.000957922	-0.0033412	-0.00600625	-0.00826771	-0.0105796	-0.014357	-0.0169892	
-0.00676097	-0.00662491	-0.00704975	-0.00706126	-0.00584794	-0.00571425	-0.00643696	-0.00533588	-0.00495444	-0.00430274	-0.00365213	-0.00322699	-0.00198543	-0.000935846	-0.000864909	0.000364753	-0.000473745	-0.000124979	0.000390254	-0.0010564	-0.0036188	-0.00587788	-0.00842053	-0.0109611	-0.0143	
-0.00586908	-0.00605354	-0.00626121	-0.00579117	-0.00541137	-0.00473222	-0.00576318	-0.00437888	-0.00460529	-0.0038661	-0.00318619	-0.00292499	-0.00193365	-0.000401988	-0.000763789	0.00121997	0.000862982	0.000616231	0.00220696	0.000892267	-0.00122789	-0.00338438	-0.00525211	-0.00754694	-0.0105811	
-0.00330922	-0.00313464	-0.00314629	-0.00348429	-0.00260306	-0.00249252	-0.00288551	-0.00223559	-0.00177817	-0.00122239	-0.00106735	7.13827e-05	0.000740029	0.00194849	0.00263332	0.0044426	0.00424792	0.00477817	0.00619333	0.00545982	0.00372963	0.00177986	-7.85852e-05	-0.00273751	-0.00520353	
-0.00101543	-0.00102211	-0.000865106	-0.000505809	-0.0002714	0.000245692	-0.000423075	0.000639908	0.000491804	0.00121881	0.0022565	0.00220408	0.00355957	0.0049495	0.00510796	0.00712956	0.00764569	0.00812185	0.00942903	0.00862399	0.00727224	0.00570582	0.00331429	0.00167585	-0.00139187	
0.00162834	0.00184861	0.00237925	0.00226898	0.00275224	0.00284967	0.00287602	0.00318155	0.00378516	0.00443025	0.00446592	0.00563486	0.00626623	0.00739105	0.0081563	0.00992391	0.0108841	0.0114566	0.0127829	0.012219	0.0112347	0.00962253	0.00792397	0.00543752	0.00328527	
0.00375231	0.00426806	0.00488271	0.00504823	0.00525548	0.00549997	0.00573048	0.00603439	0.0060764	0.006631	0.00728036	0.00805199	0.00911606	0.00980563	0.0104329	0.0124408	0.0137473	0.0144437	0.0154916	0.0154683	0.0144292	0.0127864	0.0108942	0.0093645	0.0062553	
