-0.0131411	-0.0154117	-0.0175849	-0.0195318	-0.019202	-0.0159832	-0.0105628	-0.00611225	-0.00100499	0.00494782	0.0107632	0.0157693	0.0184525	0.0200285	0.0206167	0.0168764	0.0110708	0.00280953	-0.00623918	-0.0147407	-0.0223352	-0.0264559	-0.0278043	-0.0252183	-0.0192815	
-0.0132491	-0.0144625	-0.0163944	-0.0187529	-0.0191488	-0.015905	-0.0102362	-0.00561958	-0.000394703	0.00582966	0.0124302	0.0178384	0.0202772	0.0212866	0.0210154	0.0164556	0.00961494	0.000383703	-0.00976589	-0.0186517	-0.0260396	-0.0297788	-0.0303535	-0.0265203	-0.0198596	
-0.0103629	-0.0111248	-0.0131889	-0.0157497	-0.0162059	-0.0140064	-0.00868587	-0.00413116	0.00174533	0.008566	0.0152192	0.020102	0.022425	0.0228977	0.0209819	0.015483	0.00703252	-0.00352276	-0.0149138	-0.0243482	-0.0316315	-0.0349415	-0.0343083	-0.0299155	-0.0223357	
-0.00843527	-0.0092253	-0.0103936	-0.0122936	-0.0138713	-0.0119883	-0.00769439	-0.0023916	0.00404636	0.0107718	0.017438	0.0229475	0.0248374	0.0250137	0.0229253	0.0156065	0.00577133	-0.00643782	-0.0191697	-0.0290337	-0.0358547	-0.0384317	-0.0375216	-0.0313383	-0.0236428	
-0.011682	-0.0107643	-0.00985266	-0.0119054	-0.0141848	-0.0138124	-0.00857797	-0.00349868	0.00298662	0.0100385	0.0176814	0.0233398	0.0260704	0.0266993	0.0238186	0.0171271	0.00568671	-0.00787429	-0.0215319	-0.031523	-0.0382481	-0.0399564	-0.0364734	-0.0296878	-0.0206591	
-0.0113423	-0.0100486	-0.00784799	-0.00953711	-0.0136771	-0.0129025	-0.00889393	-0.00343949	0.00237073	0.00890032	0.017092	0.0244313	0.026962	0.0276762	0.0252161	0.0162513	0.00382548	-0.0113838	-0.0264973	-0.03737	-0.0433243	-0.0431101	-0.0382398	-0.028001	-0.0184619	
-0.0101435	-0.00775577	-0.00450805	-0.00650794	-0.0100981	-0.0111378	-0.0073438	-0.00364989	0.00245134	0.00985666	0.0189166	0.0258005	0.0291425	0.029637	0.0250361	0.0163322	0.00194728	-0.0149501	-0.0319168	-0.0434311	-0.0493949	-0.0484089	-0.0408749	-0.0298986	-0.017857	
-0.0059484	-0.00490507	-0.00264352	-0.00354554	-0.00741836	-0.00762567	-0.00601	-0.00171946	0.00418712	0.0114473	0.0205224	0.0282523	0.0306144	0.0304755	0.0261138	0.0152578	3.53157e-05	-0.0192257	-0.0377172	-0.0497015	-0.0548281	-0.0530801	-0.0450993	-0.0303187	-0.0165393	
-0.00653773	-0.00587683	-0.00343079	-0.00467246	-0.00686995	-0.00783309	-0.00498912	-0.00177968	0.00444721	0.0121891	0.0220312	0.0294863	0.032366	0.0316372	0.0260544	0.0163875	-0.00065359	-0.0206882	-0.0400676	-0.052364	-0.058066	-0.0560729	-0.0454642	-0.0293754	-0.0131793	
-0.00500346	-0.00509976	-0.00347846	-0.00410033	-0.00761726	-0.00692842	-0.00386761	0.00114986	0.00650275	0.0137138	0.0238229	0.0320304	0.0338865	0.0326454	0.0269629	0.0150936	-0.00140573	-0.0220394	-0.0420261	-0.0559466	-0.0622255	-0.0593338	-0.0476382	-0.0290707	-0.0115039	
-0.00361026	-0.00295991	-0.000336693	-0.00295091	-0.00680352	-0.00708048	-0.00229476	0.00203961	0.0077236	0.0145646	0.0241132	0.0317796	0.0344167	0.0326904	0.0255815	0.0143505	-0.00319846	-0.0234227	-0.045005	-0.0603048	-0.0667845	-0.0631431	-0.0499688	-0.0299445	-0.00928038	
0.000197415	0.00112227	0.00265455	0.000410363	-0.00477415	-0.00419023	0.000197262	0.00579754	0.0106335	0.0165447	0.0251871	0.0324685	0.034612	0.0331637	0.0259596	0.0133922	-0.0036118	-0.026322	-0.0489131	-0.0646609	-0.0713534	-0.06792	-0.0541436	-0.0318312	-0.00810151	
0.000565967	0.00248586	0.00534376	0.0024004	-0.00194393	-0.00202683	0.00278027	0.00807486	0.0142989	0.0203339	0.0282946	0.0349747	0.0367558	0.0344718	0.0277525	0.0163066	-0.0031044	-0.0262618	-0.0498822	-0.0661062	-0.0735035	-0.070748	-0.0566242	-0.0326924	-0.00817805	
0.00118665	0.00399096	0.00619303	0.00428552	-0.000454017	-0.00067896	0.00352383	0.00997946	0.0156155	0.0213802	0.0291332	0.0345204	0.035174	0.0336145	0.0272756	0.0150867	-0.00383379	-0.0283747	-0.0510557	-0.0676786	-0.0758503	-0.0723391	-0.0564944	-0.0330048	-0.00804183	
0.0021496	0.00517397	0.0086999	0.00719019	0.00274248	0.00186301	0.0055484	0.0110722	0.0168733	0.0219972	0.0285868	0.0334789	0.0339828	0.0317031	0.0252187	0.0124898	-0.00780495	-0.0305343	-0.0542563	-0.0718165	-0.0789096	-0.0744019	-0.0587892	-0.0339245	-0.00746796	
0.00194656	0.00598394	0.0103134	0.00995256	0.00579868	0.00445138	0.00774172	0.0137149	0.0189406	0.0243044	0.0310461	0.0353724	0.0361802	0.034226	0.0259547	0.0125268	-0.00671676	-0.0314704	-0.055478	-0.0730719	-0.0801569	-0.075981	-0.060382	-0.0362153	-0.00833399	
0.00141561	0.00625292	0.0112243	0.0114917	0.00740799	0.0066199	0.00967515	0.0153295	0.0213374	0.0273656	0.0343264	0.0391345	0.0397368	0.0360451	0.02778	0.014424	-0.00620065	-0.0308461	-0.0559447	-0.0731524	-0.0797367	-0.0765928	-0.0618903	-0.0367183	-0.00971312	
0.00198513	0.00711522	0.0123683	0.0124017	0.00947173	0.008655	0.0110706	0.0160555	0.0209995	0.0273609	0.0349142	0.0394658	0.0394163	0.035503	0.0264496	0.013481	-0.00746939	-0.0334675	-0.057284	-0.0744545	-0.0816989	-0.0779636	-0.0613752	-0.0367835	-0.010111	
0.000383893	0.00655189	0.0118949	0.0135911	0.0112808	0.011557	0.0135131	0.0176754	0.0221904	0.0284505	0.036804	0.0419608	0.0421855	0.0375105	0.0285309	0.0142262	-0.00782449	-0.0332288	-0.0578247	-0.0761473	-0.0839544	-0.079931	-0.0634328	-0.0388716	-0.0124384	
-0.00149427	0.00474116	0.0109504	0.0124449	0.0115379	0.011893	0.0137198	0.0182624	0.0224063	0.0287923	0.0371891	0.0430362	0.0436213	0.0397348	0.0296615	0.0151951	-0.00724339	-0.0328023	-0.057566	-0.0769737	-0.0843761	-0.0801902	-0.0638217	-0.0396197	-0.012751	
-0.00234094	0.00402608	0.00938422	0.0117735	0.0104459	0.0116207	0.0141441	0.0192063	0.0240604	0.0302269	0.0388177	0.0442271	0.0458999	0.0418164	0.0312659	0.0154429	-0.00714751	-0.0338054	-0.0598438	-0.0788968	-0.0864473	-0.0824322	-0.0662105	-0.0411856	-0.0139918	
-0.00397091	0.00167312	0.0075428	0.00893333	0.0082175	0.00975284	0.0125918	0.0193442	0.0247253	0.03167	0.0401379	0.0467787	0.0489441	0.0457543	0.0341724	0.0184642	-0.00578236	-0.033357	-0.0598721	-0.0796779	-0.0866758	-0.0836053	-0.067127	-0.0415759	-0.014215	
-0.00735373	-0.00123463	0.00418291	0.00606089	0.00491399	0.00709011	0.0114676	0.0189847	0.0263822	0.034345	0.0442447	0.0509998	0.0548319	0.0513439	0.0398628	0.023422	-0.00145551	-0.0307556	-0.0580626	-0.0780154	-0.0870753	-0.0842902	-0.0680623	-0.0426587	-0.0161347	
-0.0058431	-0.000690634	0.0041971	0.00504135	0.00398493	0.00657256	0.0109601	0.0207665	0.0290258	0.0380919	0.0479013	0.0554878	0.0582281	0.0555018	0.0435265	0.0266924	-0.000328308	-0.0307665	-0.059067	-0.0814408	-0.0907523	-0.0887509	-0.0719538	-0.0464801	-0.01861	
-0.00611908	-0.00196491	0.00189906	0.00262022	0.00133348	0.00385179	0.00947621	0.019261	0.0299308	0.0400939	0.0510957	0.05847	0.0623326	0.0592599	0.0478352	0.0300464	0.00199083	-0.0299138	-0.0603975	-0.0839684	-0.0951748	-0.0925391	-0.0763618	-0.0501351	-0.0216801	
-0.0095046	-0.00645554	-0.00332473	-0.00308657	-0.00423447	-0.00145555	0.00349393	0.0158124	0.0275543	0.0397059	0.0523924	0.06138	0.0651947	0.0640328	0.0524494	0.0344949	0.00605011	-0.0271045	-0.0588848	-0.08416	-0.0947257	-0.0929955	-0.0765544	-0.0506519	-0.0211016	
-0.0112136	-0.00914252	-0.0064759	-0.0065575	-0.00717385	-0.0043173	0.00216494	0.0142864	0.0275797	0.0409356	0.0549567	0.0646504	0.0707305	0.0693441	0.0579605	0.0399575	0.0101264	-0.0237715	-0.0577561	-0.0837704	-0.0951604	-0.0938742	-0.0781853	-0.050526	-0.0214149	
-0.0108853	-0.00932477	-0.00751634	-0.00710476	-0.00767283	-0.00437861	0.00190354	0.0152497	0.0286245	0.0430644	0.0585201	0.0699236	0.0761648	0.0757417	0.0635727	0.0447026	0.0149883	-0.0210002	-0.0558563	-0.0832267	-0.0960768	-0.0963766	-0.0803761	-0.0536407	-0.0243868	
-0.00980432	-0.00878573	-0.00665512	-0.00654726	-0.00779274	-0.00495658	0.00205956	0.0142084	0.0286721	0.0438721	0.0597656	0.072198	0.0792483	0.077942	0.0657276	0.0467281	0.0161034	-0.0199099	-0.0556911	-0.0834907	-0.0977601	-0.0981676	-0.0823993	-0.0556304	-0.0260292	
-0.0101301	-0.00945021	-0.00707166	-0.0068839	-0.00864151	-0.00579845	0.000571526	0.0133773	0.0284813	0.044059	0.0611177	0.0746376	0.0812235	0.0799816	0.0678157	0.047776	0.0176426	-0.0190485	-0.0554138	-0.0840247	-0.0998438	-0.100444	-0.0847618	-0.0584351	-0.0281337	
-0.0115289	-0.0104357	-0.00726491	-0.00802539	-0.00914664	-0.00634384	-1.98149e-06	0.0129168	0.02765	0.0435481	0.0611381	0.074423	0.0819417	0.080309	0.0671926	0.0476723	0.0165177	-0.0199458	-0.0561331	-0.0857909	-0.101497	-0.102446	-0.0868225	-0.0602167	-0.0295051	
-0.0118788	-0.0114553	-0.00983532	-0.0101124	-0.0112149	-0.00836447	-0.00164829	0.011269	0.0255242	0.0411149	0.058382	0.0721607	0.0797111	0.0778933	0.0652037	0.0453892	0.0142466	-0.0205519	-0.05633	-0.0857409	-0.100096	-0.101266	-0.0864866	-0.0587922	-0.0280977	
-0.0098892	-0.00932946	-0.00827844	-0.00853945	-0.00950613	-0.00597311	0.00110264	0.013403	0.0274647	0.0421613	0.0584453	0.0717036	0.0789852	0.0772703	0.0638673	0.0432194	0.0134523	-0.0227659	-0.0575915	-0.0856594	-0.100693	-0.101354	-0.0858596	-0.0587882	-0.0271011	
-0.00760749	-0.00795468	-0.00727912	-0.00681561	-0.00781195	-0.00443166	0.00332889	0.0154294	0.0294169	0.043194	0.0581549	0.0716943	0.0780466	0.0762005	0.0639624	0.0429521	0.0133196	-0.0215076	-0.0569859	-0.0839967	-0.0985671	-0.0994246	-0.0843036	-0.0570752	-0.0256562	
-0.00422975	-0.00368099	-0.00180552	-0.00240766	-0.00329876	-0.000790965	0.00613191	0.0182754	0.0313877	0.0440022	0.0584362	0.0691065	0.0750651	0.0721737	0.0590226	0.0388232	0.00974856	-0.025451	-0.0596149	-0.0853867	-0.0999228	-0.0996979	-0.0837692	-0.0565062	-0.0257738	
0.000494296	0.00112127	0.0035063	0.00325568	0.00118762	0.00325014	0.00963615	0.0215275	0.0323776	0.0443069	0.0567008	0.0658471	0.0702279	0.0665208	0.0527466	0.0336055	0.0029971	-0.0305073	-0.0634885	-0.0898394	-0.101065	-0.100918	-0.0843732	-0.0562977	-0.0255439	
-3.97158e-05	0.00328421	0.00692785	0.00712415	0.00471635	0.00734203	0.0130964	0.0235325	0.0345047	0.0446329	0.0560664	0.0641508	0.0672341	0.0628446	0.0490811	0.0291363	-0.000396966	-0.0344389	-0.066426	-0.0914426	-0.102675	-0.100762	-0.0840303	-0.056427	-0.0252567	
-0.0010813	0.00394152	0.00810108	0.00907796	0.00735529	0.0101301	0.0152416	0.0252008	0.0345534	0.043662	0.054397	0.0622663	0.0637015	0.0591996	0.0455087	0.0241722	-0.00394017	-0.0384299	-0.0696236	-0.0930565	-0.103471	-0.0996765	-0.0819784	-0.0548439	-0.0226526	
-0.000128286	0.00610379	0.0112243	0.0119351	0.0113666	0.0120838	0.0181657	0.026644	0.035412	0.0443139	0.0545006	0.0605278	0.0620306	0.0558168	0.0414965	0.0211252	-0.00855018	-0.0416402	-0.0734878	-0.0959771	-0.10517	-0.0999198	-0.0816007	-0.052637	-0.0205694	
0.00184997	0.00741178	0.0136066	0.0157682	0.0143465	0.0164428	0.0213397	0.0295652	0.0372183	0.0462343	0.0554741	0.061303	0.0618736	0.0547295	0.0398349	0.0194863	-0.0108276	-0.0436226	-0.0752803	-0.0983163	-0.106105	-0.10102	-0.0822242	-0.0517177	-0.0200438	
0.00220192	0.00823596	0.0158429	0.0171055	0.0159838	0.018983	0.0231309	0.0310169	0.0388828	0.0470843	0.0559179	0.061911	0.0613161	0.054639	0.0386325	0.0186315	-0.0114031	-0.0448216	-0.0758879	-0.099093	-0.106586	-0.101823	-0.0809524	-0.0505615	-0.0176786	
0.00240905	0.00938191	0.0150245	0.0176086	0.0161308	0.0193005	0.0227166	0.0310069	0.0390004	0.0463419	0.0566112	0.0623779	0.0612809	0.0541063	0.0388955	0.0169133	-0.0113609	-0.0454666	-0.0768071	-0.098806	-0.107668	-0.101876	-0.0805177	-0.0497542	-0.0164026	
0.00654093	0.0122611	0.0179299	0.0181323	0.0175357	0.0191838	0.0239316	0.0317742	0.0392702	0.0473652	0.0571584	0.0618318	0.0612598	0.0538749	0.0370072	0.0160404	-0.0133053	-0.0481005	-0.0784675	-0.100756	-0.110034	-0.103421	-0.0819264	-0.0507661	-0.0172666	
0.00809739	0.0132379	0.0173976	0.0189279	0.0169072	0.0181113	0.0242118	0.0312208	0.039239	0.048361	0.0572548	0.0627909	0.0624331	0.0540901	0.0381512	0.0166676	-0.0147418	-0.0475919	-0.0798098	-0.102716	-0.111527	-0.105982	-0.0857623	-0.053414	-0.0199469	
0.00800631	0.0130285	0.0175562	0.0165691	0.0147356	0.0170485	0.0209204	0.0290182	0.0367332	0.0454369	0.0543508	0.0609624	0.0598372	0.0524601	0.0363601	0.0136662	-0.0168669	-0.0510696	-0.0825008	-0.105183	-0.114668	-0.10912	-0.0883924	-0.0565516	-0.0217533	
0.00686274	0.0108204	0.0136824	0.0128607	0.0101243	0.0110442	0.0163817	0.0239321	0.0314934	0.040626	0.0506143	0.056093	0.0558699	0.0488602	0.0333402	0.0109228	-0.0191631	-0.0525101	-0.0843632	-0.106486	-0.115901	-0.110771	-0.0893049	-0.0578554	-0.0222335	
0.00633984	0.00803139	0.010585	0.0089822	0.00570175	0.00780472	0.0127963	0.0204907	0.0299202	0.0388689	0.0494386	0.0557023	0.0549529	0.0484105	0.033218	0.0105861	-0.0193826	-0.0528825	-0.0842361	-0.106422	-0.115559	-0.110321	-0.0902888	-0.05846	-0.0236272	
0.00471656	0.00664765	0.00838815	0.00605173	0.00211331	0.00423658	0.00994486	0.0183545	0.0283191	0.0390211	0.0494369	0.0562931	0.0560012	0.0500141	0.0353173	0.0130772	-0.0166221	-0.050149	-0.0810759	-0.103318	-0.11258	-0.108142	-0.0892115	-0.0581723	-0.0238603	
0.00687492	0.00916333	0.00910479	0.0062604	0.00241939	0.00349782	0.0092798	0.0189179	0.028812	0.0394375	0.0506977	0.0576943	0.0577716	0.0520058	0.0379248	0.0149882	-0.0142387	-0.0479761	-0.0788789	-0.100803	-0.110868	-0.107062	-0.0890221	-0.0586564	-0.0247468	
0.0100725	0.0116074	0.0118761	0.00837499	0.00422809	0.00496307	0.0112872	0.0197163	0.0296816	0.0402717	0.05204	0.0586884	0.0598021	0.053207	0.0388896	0.0167066	-0.0131283	-0.0460508	-0.0771601	-0.098631	-0.109379	-0.10572	-0.0882681	-0.0595828	-0.0263008	
