0.245017	0.214462	0.146231	0.066496	-0.00904959	-0.0731529	-0.12128	-0.150128	-0.163032	-0.158557	-0.137776	-0.103842	-0.0695479	-0.0414501	-0.0273699	-0.0276552	-0.0354888	-0.0443086	-0.0544449	-0.0598042	-0.0574558	-0.05169	-0.0440297	-0.0408358	-0.0467842	
0.247413	0.193782	0.12268	0.0430928	-0.0294524	-0.0883385	-0.131174	-0.155264	-0.162438	-0.153156	-0.128472	-0.0930283	-0.0595826	-0.036422	-0.0264488	-0.0297737	-0.0389561	-0.0479188	-0.0563921	-0.0609366	-0.0560693	-0.048477	-0.0423295	-0.0414128	-0.0481192	
0.238544	0.175021	0.100772	0.0202331	-0.0489192	-0.103305	-0.139589	-0.160592	-0.162049	-0.147998	-0.118899	-0.0840135	-0.0514927	-0.0331071	-0.0270444	-0.0336597	-0.0437035	-0.0521917	-0.0587426	-0.0622906	-0.0553931	-0.0463224	-0.0407463	-0.041959	-0.0475286	
0.227731	0.158437	0.080117	0.00176822	-0.0646369	-0.114082	-0.146994	-0.16152	-0.158533	-0.141045	-0.109347	-0.0720573	-0.0418288	-0.0288544	-0.0267799	-0.0351193	-0.0461461	-0.0553221	-0.0595916	-0.0619294	-0.0531719	-0.043448	-0.0399607	-0.0423498	-0.0488096	
0.214017	0.138538	0.0591509	-0.0190486	-0.0821414	-0.127067	-0.153185	-0.165479	-0.157829	-0.13544	-0.101222	-0.0661235	-0.0375561	-0.0273463	-0.0293699	-0.0398953	-0.0518425	-0.0597812	-0.0628224	-0.0629229	-0.0525937	-0.041596	-0.0387717	-0.0435495	-0.0474733	
0.201475	0.123053	0.0404775	-0.0353707	-0.0945418	-0.135202	-0.157817	-0.164596	-0.152671	-0.128316	-0.0915122	-0.0561519	-0.0299337	-0.0255829	-0.0298239	-0.0418629	-0.0530259	-0.0620079	-0.0628168	-0.0618286	-0.0506096	-0.0392936	-0.0381929	-0.0438886	-0.0486112	
0.18782	0.104895	0.0222718	-0.0509402	-0.108611	-0.144867	-0.162666	-0.165445	-0.15074	-0.121291	-0.0847201	-0.0501122	-0.027495	-0.0241036	-0.0334576	-0.0454686	-0.0576778	-0.0643454	-0.0644565	-0.0610823	-0.0496608	-0.0383488	-0.0372477	-0.0440852	-0.0474621	
0.1755	0.0911271	0.00637787	-0.0663232	-0.118759	-0.151029	-0.164361	-0.164511	-0.145773	-0.115385	-0.0758903	-0.0438188	-0.0228678	-0.0243994	-0.0343716	-0.0482904	-0.0587976	-0.0660033	-0.0642781	-0.0592975	-0.0477604	-0.0367446	-0.0365809	-0.0435119	-0.0461447	
0.164751	0.0771688	-0.00756608	-0.0759205	-0.127107	-0.156026	-0.166939	-0.161743	-0.140791	-0.106844	-0.0692111	-0.0374526	-0.0203901	-0.0225186	-0.0358664	-0.048716	-0.0596094	-0.0652979	-0.0631386	-0.0565243	-0.0450805	-0.0348566	-0.0353204	-0.0422508	-0.0446683	
0.155393	0.0670808	-0.0179875	-0.0859978	-0.133675	-0.159252	-0.166184	-0.159096	-0.136177	-0.100529	-0.0616434	-0.0318916	-0.0175529	-0.0219456	-0.0365575	-0.0498652	-0.060117	-0.0652052	-0.0618376	-0.0537171	-0.0422894	-0.0327744	-0.0335223	-0.040933	-0.0418774	
0.149278	0.0600439	-0.0250627	-0.0903044	-0.134865	-0.158448	-0.163105	-0.153213	-0.127424	-0.0910827	-0.0519524	-0.0242772	-0.0116746	-0.0185266	-0.0335073	-0.0467667	-0.0561745	-0.0610397	-0.0569154	-0.0470831	-0.0366861	-0.0279118	-0.0303769	-0.0376994	-0.0387973	
0.147487	0.056382	-0.0281985	-0.0905809	-0.133769	-0.1544	-0.157063	-0.143513	-0.117951	-0.0788523	-0.0420479	-0.0147849	-0.0063034	-0.0126078	-0.0301367	-0.0424728	-0.0512259	-0.055326	-0.0503111	-0.0404634	-0.0298195	-0.0233846	-0.0256402	-0.0336045	-0.0338651	
0.149584	0.0601426	-0.0229844	-0.085614	-0.125466	-0.14391	-0.144003	-0.129983	-0.101429	-0.0641469	-0.0258958	-0.00133233	0.00603034	-0.00303973	-0.0197246	-0.0325571	-0.0406847	-0.0439947	-0.0394509	-0.0276561	-0.0195166	-0.01358	-0.0180623	-0.0256852	-0.0261725	
0.160918	0.0697131	-0.0132079	-0.0711424	-0.109083	-0.126439	-0.125997	-0.108804	-0.0801777	-0.0405332	-0.00508821	0.0180824	0.0222629	0.0140598	-0.00360142	-0.0168797	-0.0244214	-0.0278073	-0.0220729	-0.0111132	-0.00252725	-8.82044e-05	-0.00504036	-0.0136045	-0.0143866	
0.178824	0.0895275	0.00970852	-0.0484351	-0.0848668	-0.0995873	-0.0968976	-0.0789735	-0.0491881	-0.0106924	0.0244012	0.0460118	0.0483047	0.0378394	0.0195482	0.0064926	-0.000899705	-0.00361894	0.000945824	0.0128454	0.0189614	0.0196171	0.0119776	0.00337171	0.00222653	
0.206632	0.117849	0.0385517	-0.0161188	-0.0491081	-0.0629618	-0.0599017	-0.0399041	-0.00995167	0.0288268	0.0630501	0.0828079	0.0819588	0.0711715	0.0529526	0.0403939	0.0327532	0.0309313	0.0352093	0.0466275	0.0511942	0.0487059	0.0394157	0.0298988	0.0280548	
0.244808	0.156988	0.0803277	0.0272174	-0.00418986	-0.0161502	-0.0114409	0.00916896	0.0408657	0.0791024	0.111131	0.127768	0.127165	0.114117	0.0958751	0.0820761	0.0761843	0.0735922	0.0780278	0.0879893	0.0908844	0.0855778	0.0740566	0.0638974	0.0610349	
0.287999	0.200008	0.126121	0.0754028	0.0460286	0.0357772	0.0416472	0.0637109	0.0949986	0.133485	0.164737	0.181296	0.176632	0.163695	0.144404	0.133132	0.125638	0.125074	0.128757	0.13935	0.140314	0.132768	0.120203	0.108784	0.105281	
0.332537	0.247261	0.172707	0.123831	0.09665	0.0887506	0.0961248	0.119295	0.151385	0.190018	0.22109	0.234161	0.229543	0.215734	0.19802	0.18443	0.179342	0.178962	0.18421	0.193801	0.193991	0.185457	0.171431	0.160497	0.155291	
0.370348	0.282767	0.211963	0.16471	0.139569	0.131385	0.141415	0.166161	0.200499	0.238027	0.268136	0.281545	0.275681	0.261235	0.243168	0.232158	0.227723	0.228835	0.234568	0.245108	0.24575	0.235838	0.223067	0.211128	0.207515	
0.386633	0.301137	0.230054	0.183696	0.159769	0.155542	0.165094	0.192403	0.227851	0.266637	0.295655	0.309302	0.302207	0.288442	0.272401	0.262483	0.260262	0.263154	0.271856	0.283999	0.286041	0.278006	0.265911	0.257501	0.253876	
0.378947	0.292347	0.222721	0.177119	0.154837	0.151608	0.164476	0.191677	0.22857	0.26909	0.29874	0.311001	0.303997	0.292138	0.277111	0.26887	0.268308	0.274722	0.28528	0.299651	0.304327	0.297726	0.288854	0.282222	0.282622	
0.335332	0.248407	0.179423	0.134226	0.113286	0.111179	0.124847	0.154559	0.193896	0.233903	0.262935	0.276478	0.270789	0.25815	0.245233	0.239119	0.241727	0.250151	0.264179	0.281631	0.290344	0.287475	0.282232	0.28126	0.285602	
0.262836	0.17475	0.106619	0.0619285	0.0417228	0.0402061	0.0566288	0.08812	0.127025	0.16835	0.199047	0.211529	0.204683	0.194281	0.183182	0.177991	0.181157	0.193462	0.209673	0.230506	0.242406	0.243667	0.242501	0.246104	0.255039	
0.167433	0.0806942	0.0113132	-0.0330821	-0.0518389	-0.0507384	-0.0347208	-0.00221611	0.0379835	0.0801064	0.109246	0.121193	0.115041	0.104255	0.0928616	0.0878287	0.0930001	0.106054	0.124195	0.146976	0.162806	0.166825	0.169332	0.177442	0.189662	
0.0663685	-0.0219069	-0.0899734	-0.133893	-0.151353	-0.15137	-0.132718	-0.099418	-0.0579231	-0.0177367	0.0115492	0.0214543	0.0142562	0.00197632	-0.00903581	-0.0145238	-0.0107822	0.0027941	0.0209773	0.046103	0.0624378	0.0687343	0.0740397	0.0845949	0.100488	
-0.0233843	-0.111731	-0.18052	-0.223331	-0.241468	-0.239631	-0.219715	-0.185025	-0.144364	-0.104954	-0.0768642	-0.0688959	-0.0771872	-0.0917341	-0.103688	-0.112572	-0.108813	-0.098067	-0.0798958	-0.056464	-0.0399733	-0.033412	-0.0278692	-0.0153885	-0.000345923	
-0.0918823	-0.181157	-0.249262	-0.291686	-0.309455	-0.305401	-0.285691	-0.251405	-0.210529	-0.169264	-0.144199	-0.137671	-0.149988	-0.165607	-0.181819	-0.1919	-0.192296	-0.18479	-0.169514	-0.148226	-0.132844	-0.128552	-0.12261	-0.111397	-0.0961695	
-0.135563	-0.224	-0.291778	-0.334756	-0.351052	-0.347712	-0.327006	-0.290164	-0.246813	-0.208295	-0.184767	-0.179047	-0.193272	-0.212009	-0.231369	-0.244213	-0.248993	-0.244495	-0.232514	-0.213987	-0.201253	-0.198519	-0.194037	-0.185036	-0.171756	
-0.152034	-0.241241	-0.308972	-0.350572	-0.366328	-0.361842	-0.338674	-0.301287	-0.258577	-0.219073	-0.194682	-0.191438	-0.208029	-0.229733	-0.252267	-0.269146	-0.277659	-0.276439	-0.269234	-0.254282	-0.244892	-0.243462	-0.242161	-0.236034	-0.224962	
-0.150787	-0.238184	-0.303711	-0.345971	-0.360635	-0.353897	-0.330274	-0.292153	-0.246463	-0.206418	-0.181815	-0.180082	-0.197413	-0.223531	-0.247502	-0.26828	-0.279549	-0.283811	-0.279405	-0.268847	-0.262159	-0.263388	-0.264827	-0.260547	-0.252333	
-0.130105	-0.216367	-0.282282	-0.32386	-0.336065	-0.328739	-0.304477	-0.26247	-0.215238	-0.173066	-0.148726	-0.14654	-0.166205	-0.192275	-0.220035	-0.24435	-0.260504	-0.267051	-0.266895	-0.26089	-0.257706	-0.261771	-0.265038	-0.26278	-0.256607	
-0.0940875	-0.179104	-0.24559	-0.284954	-0.296987	-0.28898	-0.260719	-0.216631	-0.168033	-0.124014	-0.0959457	-0.0925545	-0.111642	-0.14057	-0.171135	-0.198073	-0.216397	-0.227188	-0.232882	-0.230121	-0.23078	-0.238071	-0.245332	-0.244679	-0.241714	
-0.0496373	-0.13525	-0.201587	-0.238884	-0.252081	-0.241213	-0.21151	-0.166149	-0.114674	-0.064623	-0.0340772	-0.0282842	-0.047248	-0.0756943	-0.107258	-0.135826	-0.157052	-0.172578	-0.181327	-0.182142	-0.186245	-0.198462	-0.20744	-0.209051	-0.208359	
-0.00722291	-0.0935015	-0.157734	-0.197719	-0.210119	-0.19895	-0.167196	-0.120143	-0.062934	-0.0103242	0.0252743	0.0349698	0.0203464	-0.00606578	-0.0370612	-0.0669087	-0.0889111	-0.105645	-0.116533	-0.120719	-0.128888	-0.143753	-0.153771	-0.158352	-0.159095	
0.023185	-0.0640223	-0.130959	-0.172426	-0.183909	-0.172572	-0.140965	-0.0902275	-0.0306544	0.0267636	0.0672291	0.0845653	0.0747097	0.0519598	0.0214606	-0.00575854	-0.0264937	-0.0434656	-0.0555641	-0.0614024	-0.0713422	-0.0874582	-0.0987423	-0.104712	-0.105382	
0.0332918	-0.0556036	-0.123769	-0.165631	-0.179269	-0.169483	-0.137444	-0.0852957	-0.0232202	0.0378351	0.0858105	0.109177	0.104422	0.0855091	0.0608181	0.0373996	0.0167948	0.0014269	-0.00927978	-0.0134552	-0.0254076	-0.0410142	-0.0540895	-0.0597646	-0.0594538	
0.0250582	-0.0644025	-0.136186	-0.179462	-0.195098	-0.185851	-0.156221	-0.103336	-0.0409233	0.024506	0.0769575	0.105239	0.106064	0.0943641	0.0746932	0.0523457	0.0354781	0.0237212	0.0165148	0.0116626	0.0018238	-0.013093	-0.0264895	-0.0316191	-0.0301605	
0.0111037	-0.0802998	-0.152903	-0.198764	-0.216615	-0.211325	-0.18164	-0.13152	-0.0684027	-0.000845186	0.0549895	0.0869776	0.0949898	0.0889669	0.0713857	0.0532415	0.0409405	0.0323791	0.0249245	0.0225409	0.0150363	-0.000419215	-0.0149921	-0.0214239	-0.0184817	
-0.00201255	-0.0940712	-0.170421	-0.21896	-0.23947	-0.23515	-0.208945	-0.16165	-0.099415	-0.0309917	0.0254515	0.063081	0.0759804	0.0720964	0.0579103	0.0440793	0.0345549	0.0254184	0.0204892	0.0208548	0.0146461	-0.00171947	-0.0165731	-0.0225833	-0.0204296	
-0.00943977	-0.104665	-0.182015	-0.233177	-0.257345	-0.256337	-0.233125	-0.188292	-0.127647	-0.0603402	-0.000876095	0.040753	0.0546307	0.0546651	0.0446239	0.0340734	0.0238199	0.0174153	0.0142263	0.0171518	0.0108529	-0.00399804	-0.0175411	-0.0252888	-0.0237108	
-0.00762654	-0.102813	-0.184097	-0.239363	-0.267195	-0.268657	-0.249593	-0.206225	-0.148319	-0.0818301	-0.0208472	0.0211999	0.0386724	0.0427989	0.0352364	0.0237895	0.0159513	0.00971121	0.00756769	0.010612	0.00541277	-0.00684614	-0.0209587	-0.0294655	-0.0294736	
0.00390215	-0.0938456	-0.178004	-0.236079	-0.267206	-0.274036	-0.256802	-0.216843	-0.163012	-0.0976786	-0.0372482	0.00628149	0.0272743	0.0343596	0.0259547	0.0169959	0.00910453	0.00245493	-0.000196393	0.00287511	-0.00114589	-0.0123037	-0.025243	-0.0360704	-0.034755	
0.0203927	-0.0774568	-0.164383	-0.225231	-0.260613	-0.270185	-0.257292	-0.222854	-0.171371	-0.107695	-0.0485776	-0.00410125	0.0199457	0.026617	0.0207717	0.0135108	0.00628606	-0.00126531	-0.00466461	-0.00261678	-0.00611585	-0.0141641	-0.0281549	-0.0386127	-0.0367597	
0.0443499	-0.0553486	-0.144367	-0.207774	-0.246404	-0.260032	-0.251602	-0.220563	-0.172458	-0.111542	-0.0537665	-0.00804443	0.014717	0.0235886	0.0204823	0.0157737	0.00849613	0.000697631	-0.00388977	-0.00268094	-0.00429278	-0.0137843	-0.0280821	-0.0392427	-0.0366415	
0.0599475	-0.0395378	-0.12983	-0.196144	-0.238046	-0.253992	-0.248797	-0.221751	-0.177444	-0.120644	-0.0643684	-0.0206353	0.00392851	0.0148269	0.01288	0.00812984	0.00217221	-0.00427042	-0.00824645	-0.00504632	-0.00884601	-0.0182551	-0.0321075	-0.041455	-0.0406443	
0.065707	-0.0337	-0.126084	-0.193733	-0.237104	-0.255973	-0.253602	-0.229827	-0.190968	-0.137426	-0.0826648	-0.038472	-0.0131388	-0.00253303	-0.00517458	-0.00821804	-0.0111792	-0.0160888	-0.0167446	-0.0148899	-0.0184797	-0.0260924	-0.036445	-0.0480437	-0.0500075	
0.0714924	-0.027876	-0.119754	-0.188791	-0.235481	-0.257398	-0.257284	-0.237882	-0.201228	-0.149558	-0.0968939	-0.0547889	-0.0294891	-0.0195068	-0.0219016	-0.0230792	-0.0259725	-0.029297	-0.0310729	-0.0297596	-0.0328482	-0.0367673	-0.049155	-0.0647862	-0.0673539	
0.0838165	-0.013682	-0.107301	-0.178775	-0.228164	-0.252143	-0.254923	-0.237977	-0.204157	-0.156102	-0.10551	-0.0634538	-0.0375127	-0.0284138	-0.0297233	-0.0318317	-0.0347589	-0.0400374	-0.0416398	-0.041514	-0.0429769	-0.0489827	-0.0652925	-0.0821129	-0.0857324	
0.10146	0.00322409	-0.0902501	-0.163928	-0.215871	-0.243111	-0.248651	-0.235841	-0.204937	-0.15867	-0.108305	-0.0653433	-0.0379903	-0.0270168	-0.0286216	-0.0306855	-0.034651	-0.038331	-0.0395422	-0.0391125	-0.0426177	-0.0513061	-0.0681741	-0.0861678	-0.0929101	
