0.0907584	0.0907584	0.0892696	0.0836074	0.074149	0.065104	0.0557041	0.0445632	0.0353387	0.0308388	0.0274607	0.0269173	0.0301715	0.0340863	0.0376021	0.0416093	0.0436104	0.0442394	0.0449977	0.044189	0.0426986	0.0422782	0.0416564	0.0408876	0.0410912	
0.0907584	0.0907222	0.0882017	0.0815996	0.0716127	0.0620029	0.0521266	0.0410046	0.0324706	0.0282158	0.0250707	0.0253297	0.0289303	0.0323569	0.0357306	0.0392401	0.0403859	0.0408228	0.0412242	0.0399625	0.0384002	0.037876	0.0367645	0.0365559	0.0367438	
0.0891786	0.0881521	0.0817913	0.0745068	0.065762	0.0538936	0.0421714	0.0322785	0.0246514	0.0187794	0.0165282	0.0175914	0.0204843	0.0236327	0.0277051	0.0297039	0.0306287	0.0313464	0.0303106	0.0286504	0.0275534	0.0269578	0.0258375	0.0263406	0.0268408	
0.0834754	0.0815829	0.074519	0.0673148	0.0579066	0.0448939	0.0325136	0.0230759	0.015176	0.00989328	0.00834719	0.0101107	0.011907	0.0153173	0.0186531	0.0202854	0.0201799	0.0201271	0.0181082	0.0166186	0.0150229	0.0137341	0.0127022	0.0132943	0.0136989	
0.0739606	0.0715613	0.0658588	0.0580142	0.0467083	0.0329601	0.0214112	0.010566	0.00309721	-0.00140007	-0.00176561	-0.00082359	0.00228489	0.00445574	0.00730043	0.00810123	0.00738395	0.00614917	0.00499727	0.00298453	0.00024426	-0.000187339	-0.00201562	-0.00249206	-0.00145679	
0.0648112	0.0619074	0.0541352	0.0451966	0.0331578	0.0189979	0.00679568	-0.00360983	-0.0114343	-0.0153227	-0.0164808	-0.0139178	-0.0105097	-0.00854891	-0.00733308	-0.00555101	-0.00744457	-0.00943578	-0.0103445	-0.0121783	-0.0155313	-0.0164737	-0.0182	-0.0185785	-0.017395	
0.0554564	0.052233	0.0426529	0.033082	0.0218611	0.00715519	-0.00419495	-0.0144898	-0.0213864	-0.025805	-0.0253264	-0.0233949	-0.019229	-0.0177057	-0.0149894	-0.014926	-0.0173941	-0.0198546	-0.0213139	-0.024047	-0.0273076	-0.0271239	-0.0293606	-0.0303005	-0.0295194	
0.0445677	0.0414395	0.0330742	0.0240506	0.0114156	-0.00279572	-0.0138556	-0.0227008	-0.0300903	-0.0325512	-0.031769	-0.0279937	-0.0252648	-0.0223345	-0.0201526	-0.0195037	-0.0228288	-0.0250702	-0.0277675	-0.0301322	-0.032895	-0.0335089	-0.0351243	-0.0349334	-0.0347862	
0.0357742	0.0333519	0.0259243	0.016642	0.00456936	-0.00996577	-0.0200946	-0.0294722	-0.0345737	-0.0367806	-0.0335665	-0.0303135	-0.0257943	-0.0230593	-0.0203491	-0.0214315	-0.0238804	-0.025383	-0.0279864	-0.0307608	-0.0337275	-0.0335405	-0.0352277	-0.0348935	-0.0344459	
0.0318863	0.029759	0.0207538	0.012018	0.000850676	-0.013153	-0.024094	-0.0315065	-0.0361828	-0.0366884	-0.0333808	-0.0278977	-0.023216	-0.0194903	-0.0176899	-0.017515	-0.0198399	-0.0219329	-0.0241076	-0.0261782	-0.0289154	-0.0293013	-0.0299578	-0.0292954	-0.0287571	
0.0293406	0.0274792	0.0192503	0.0111682	0.00105099	-0.0138028	-0.0230757	-0.0300317	-0.0324034	-0.0328176	-0.0274765	-0.0226049	-0.016061	-0.0126708	-0.0090504	-0.00897403	-0.0111639	-0.0138448	-0.0154291	-0.0175816	-0.0198506	-0.018167	-0.0190801	-0.0190396	-0.0171218	
0.029654	0.0285129	0.0208457	0.0135103	0.002502	-0.0107666	-0.0206684	-0.0257613	-0.0287704	-0.0269824	-0.0223959	-0.0143361	-0.00766538	-0.00350929	-0.000846829	0.000704777	-0.00178128	-0.00424416	-0.00568541	-0.00732345	-0.00919822	-0.00778389	-0.0084875	-0.00709393	-0.00480571	
0.0334545	0.0325203	0.0241308	0.0156568	0.00593925	-0.00713161	-0.0163703	-0.0230573	-0.0242197	-0.0223313	-0.0158584	-0.00778507	0.000190418	0.00416042	0.00714211	0.00829736	0.00532431	0.0036482	0.00234691	0.00140028	-0.00083629	0.000990277	0.000116901	0.00195754	0.00491404	
0.037602	0.0360716	0.0275558	0.019083	0.00796515	-0.00537889	-0.0149938	-0.0203352	-0.0216299	-0.0188222	-0.0124929	-0.00378159	0.00377159	0.00832605	0.0115066	0.0127893	0.00988741	0.00764923	0.00675077	0.00563309	0.00363338	0.00534598	0.00627616	0.00849205	0.0110436	
0.0411243	0.0393665	0.0315429	0.0221723	0.010461	-0.00446667	-0.0125699	-0.0183254	-0.0190863	-0.0172331	-0.00921933	-0.00155734	0.00633262	0.0110452	0.0152449	0.0150999	0.0119726	0.00941098	0.00846436	0.00654601	0.0052005	0.00690293	0.00763718	0.00955176	0.0131129	
0.0448143	0.0425019	0.0330834	0.0234278	0.0108079	-0.00306098	-0.0128756	-0.0179007	-0.0205202	-0.0173412	-0.00959063	-0.000474296	0.00709148	0.0118385	0.0145674	0.0138692	0.0114414	0.00840669	0.00610812	0.00386826	0.00300876	0.0042021	0.004596	0.0069279	0.0102192	
0.0463609	0.0431489	0.0334271	0.0228692	0.00961467	-0.0054757	-0.0158131	-0.0217097	-0.0234719	-0.020028	-0.0121466	-0.00339561	0.00362163	0.00838796	0.010841	0.0108667	0.00660258	0.00298765	0.000208584	-0.000931762	-0.00307685	-0.00184163	-0.00164559	0.000885674	0.00439034	
0.0465568	0.0431466	0.0336997	0.0224078	0.00807328	-0.00787557	-0.0186232	-0.0244133	-0.0253552	-0.0225944	-0.0152171	-0.00627618	0.0012989	0.0055431	0.00791891	0.0075574	0.00251188	-0.0013581	-0.00431479	-0.00647433	-0.00931375	-0.00759671	-0.00750293	-0.0055551	-0.00140865	
0.0467258	0.0430322	0.0322707	0.0199742	0.00660615	-0.00902267	-0.0202596	-0.0272612	-0.0281119	-0.0252551	-0.0173262	-0.0080828	-0.000324948	0.00427185	0.00659543	0.00493604	-0.000446713	-0.00453771	-0.0071057	-0.0108351	-0.0132737	-0.012486	-0.0122012	-0.010474	-0.00656293	
0.0453309	0.0412382	0.0301257	0.0180576	0.00431477	-0.0110131	-0.0232513	-0.0299543	-0.0312806	-0.0276389	-0.0198049	-0.0101464	-0.00170416	0.00276498	0.00435963	0.00242548	-0.00189588	-0.00703094	-0.0109069	-0.0149216	-0.016503	-0.0160399	-0.0153177	-0.0138982	-0.0106541	
0.0433251	0.0391452	0.0284653	0.0161132	0.00130625	-0.0147221	-0.0269545	-0.0331258	-0.0347336	-0.0308402	-0.0226341	-0.012497	-0.00426122	0.000393125	0.00256577	0.00118797	-0.00427109	-0.00995113	-0.0134408	-0.0165673	-0.0194816	-0.0194316	-0.0184347	-0.0159215	-0.0129005	
0.042398	0.0381819	0.0273216	0.0143583	0.000529752	-0.0159847	-0.0270918	-0.0341214	-0.0349133	-0.0315401	-0.0214456	-0.0116383	-0.00291241	0.00182813	0.00419646	0.0023373	-0.00303108	-0.0082035	-0.0127853	-0.0160964	-0.0192176	-0.0193626	-0.0187055	-0.0159607	-0.0119213	
0.0413807	0.0368103	0.0259607	0.0129919	-0.00168846	-0.0179899	-0.0295442	-0.0360137	-0.0369149	-0.0325612	-0.0228947	-0.0128758	-0.0042111	0.00242822	0.00468049	0.00255494	-0.00285876	-0.00801234	-0.0123674	-0.0151546	-0.0180293	-0.0184303	-0.016911	-0.0140182	-0.0105696	
0.0404377	0.0364655	0.0264485	0.0134041	-0.00249211	-0.0186606	-0.0306365	-0.0360601	-0.0368424	-0.032176	-0.0230738	-0.0116617	-0.00257605	0.0043497	0.00616201	0.00452163	-0.00053198	-0.00607749	-0.0105452	-0.0135888	-0.0154297	-0.0155262	-0.0138669	-0.0118888	-0.00744227	
0.0405816	0.0366745	0.0269251	0.0137158	-0.00157175	-0.0177054	-0.030091	-0.0360667	-0.0363973	-0.0316398	-0.0211111	-0.00940847	0.00025502	0.00682732	0.00961014	0.0076315	0.00284431	-0.00204192	-0.00659394	-0.0101733	-0.012146	-0.0111111	-0.0100049	-0.00707928	-0.00273641	
0.0416258	0.0377267	0.0283624	0.0148567	0.000169662	-0.0163614	-0.0282883	-0.0352253	-0.0350243	-0.0304694	-0.019024	-0.00783776	0.00312845	0.0100957	0.0134534	0.0110597	0.0071827	0.00184139	-0.00251873	-0.00638656	-0.00741703	-0.00668586	-0.00514038	-0.00224453	0.0018918	
0.0439512	0.0403109	0.0306263	0.0163275	0.00131142	-0.0153685	-0.0269818	-0.0340199	-0.033905	-0.0298956	-0.0184966	-0.00634632	0.00529886	0.0123172	0.0151816	0.014359	0.0100057	0.00485149	0.000366794	-0.00217721	-0.0042737	-0.00315727	-0.00134458	0.00166617	0.0055359	
0.0469189	0.0432194	0.032738	0.0189059	0.00330946	-0.012971	-0.0259851	-0.0324692	-0.0335751	-0.0282565	-0.0169927	-0.00396045	0.00626435	0.0138034	0.0172298	0.0165806	0.0121876	0.00677746	0.00276799	-0.00066951	-0.00238334	-0.00181715	0.000124817	0.00292004	0.00756362	
0.0483459	0.044205	0.034201	0.0202369	0.00484471	-0.0131473	-0.0258321	-0.0336789	-0.033852	-0.0295041	-0.0173915	-0.00585016	0.00518842	0.0132996	0.0170365	0.0161139	0.0118225	0.00622946	0.000929536	-0.00108023	-0.00294851	-0.00259556	-0.00114657	0.00226731	0.00669015	
0.0503183	0.0460784	0.0350228	0.0210883	0.00475745	-0.0128393	-0.0268735	-0.0338304	-0.0350883	-0.0307233	-0.0202806	-0.00801412	0.00373435	0.0125503	0.015629	0.0139991	0.0103486	0.00433799	-0.000525894	-0.00368844	-0.00610154	-0.00613958	-0.00374001	-0.00111742	0.00309775	
0.0520409	0.0472896	0.0357321	0.0210995	0.00505069	-0.0137651	-0.0273987	-0.0351438	-0.0363289	-0.0329254	-0.0214451	-0.00914448	0.0020332	0.0105441	0.0140936	0.0134328	0.00880102	0.00317188	-0.00258904	-0.00579166	-0.00905454	-0.00860134	-0.00728952	-0.0047677	-0.000913055	
0.0522172	0.0476156	0.0366523	0.0224615	0.00557657	-0.0130473	-0.0274003	-0.0349069	-0.0365846	-0.0318668	-0.0203901	-0.00868134	0.00267549	0.0117645	0.0159445	0.0138309	0.0098607	0.00380223	-0.00154392	-0.00583413	-0.00851224	-0.00875684	-0.00836077	-0.00582213	-0.00235155	
0.053814	0.0498693	0.0391733	0.0242397	0.00818412	-0.0110691	-0.0244368	-0.0334091	-0.0340883	-0.0303516	-0.0176011	-0.00578717	0.0063165	0.0140207	0.0185231	0.0176055	0.0130015	0.00575219	6.49632e-05	-0.00359928	-0.00717859	-0.00814471	-0.00826705	-0.00613367	-0.00272592	
0.0562386	0.052361	0.041202	0.0266534	0.00978259	-0.00887426	-0.0230693	-0.0310325	-0.0330752	-0.0289705	-0.0172408	-0.00374202	0.0079234	0.0162588	0.0203314	0.0198207	0.0148873	0.00850853	0.0021689	-0.00307175	-0.00679112	-0.00659906	-0.00661205	-0.00521229	-0.00227018	
0.0587512	0.0551036	0.0443511	0.029931	0.0130032	-0.00584433	-0.0197169	-0.0283593	-0.0305348	-0.026469	-0.0149973	-0.00213415	0.00979661	0.0191521	0.0234528	0.022413	0.0169774	0.0105041	0.00416636	-0.00103841	-0.00508895	-0.00586779	-0.00627751	-0.00488897	-0.00169348	
0.0617632	0.058261	0.047052	0.0332289	0.0164592	-0.00262843	-0.0176059	-0.0261088	-0.0281117	-0.0244056	-0.0142139	-0.00141911	0.0112827	0.0197376	0.0234911	0.0226824	0.0185074	0.0110684	0.00462234	-0.000902044	-0.00569462	-0.00714222	-0.00731793	-0.00579745	-0.0028486	
0.0643595	0.060363	0.0484927	0.034227	0.0167633	-0.00352885	-0.0188598	-0.0276677	-0.0303465	-0.0273796	-0.0173257	-0.00504438	0.00624949	0.0149015	0.0193278	0.0193298	0.0137036	0.0066123	-7.00871e-05	-0.0049013	-0.0100469	-0.0111909	-0.0116444	-0.0106518	-0.00662774	
0.0657757	0.0617857	0.049614	0.034841	0.0167765	-0.00352239	-0.0190553	-0.0282482	-0.0322991	-0.0298303	-0.020225	-0.00809663	0.00333497	0.0120232	0.0161432	0.0151041	0.0101649	0.00278008	-0.00372243	-0.00898358	-0.0135739	-0.0150449	-0.0156015	-0.0140941	-0.0107945	
0.0672093	0.0627426	0.0500044	0.0348757	0.0172166	-0.00405745	-0.0206802	-0.0313613	-0.0352758	-0.0337397	-0.0243007	-0.0126225	-0.000852401	0.00734394	0.0120331	0.0115477	0.00681014	-0.00015351	-0.00638708	-0.0113663	-0.01641	-0.0181538	-0.0186515	-0.0168146	-0.0128271	
0.067108	0.0629127	0.0506214	0.0357679	0.0173722	-0.00406737	-0.0210378	-0.0317029	-0.0366711	-0.0354239	-0.0258569	-0.0138817	-0.00300411	0.00496896	0.011311	0.0116503	0.00709884	0.000271806	-0.00557934	-0.0114176	-0.0160356	-0.0168414	-0.0171695	-0.015743	-0.0122513	
0.0677173	0.0633236	0.0504296	0.0343621	0.0160886	-0.00545482	-0.0222037	-0.0341591	-0.0390542	-0.0382523	-0.0294612	-0.0175418	-0.00545763	0.00444258	0.00972873	0.0106363	0.006693	0.0019008	-0.00489497	-0.0102174	-0.0140116	-0.0147677	-0.0158035	-0.0142049	-0.0104992	
0.0681599	0.0632059	0.0495036	0.0337286	0.0146959	-0.00653359	-0.0248645	-0.0363146	-0.0417983	-0.0406485	-0.0324879	-0.0198841	-0.00706558	0.00269128	0.00952214	0.0106276	0.00773365	0.00245758	-0.00221117	-0.00836677	-0.0123489	-0.0129167	-0.0129239	-0.0120792	-0.00921735	
0.0669577	0.0619787	0.0491311	0.0327268	0.0129934	-0.00988621	-0.0277714	-0.0401162	-0.0449546	-0.0441896	-0.0351248	-0.0227547	-0.00997948	0.000723562	0.00882512	0.0117456	0.00821142	0.00378857	-0.000993476	-0.00571321	-0.0101255	-0.0111045	-0.0114939	-0.00978691	-0.00647556	
0.065547	0.0607249	0.0476426	0.0309585	0.0105213	-0.0115179	-0.0301035	-0.0426765	-0.0484079	-0.0462021	-0.03721	-0.0246869	-0.0116095	0.000560297	0.00912918	0.0122327	0.00973934	0.00602096	0.00130595	-0.00374924	-0.00794525	-0.00885536	-0.00975374	-0.00862126	-0.00588198	
0.0626042	0.057672	0.0450351	0.0287717	0.00903351	-0.0136553	-0.0314092	-0.0440548	-0.0494495	-0.0484067	-0.0385415	-0.0250409	-0.0105396	0.00067808	0.00960558	0.0138107	0.0128563	0.00854367	0.00419046	-0.000533539	-0.0048266	-0.00697124	-0.00799437	-0.00704833	-0.00514379	
0.0595968	0.0550116	0.0426691	0.0268725	0.0069511	-0.0151016	-0.0327664	-0.0450872	-0.051113	-0.0493762	-0.0395806	-0.0265961	-0.0121378	0.000622613	0.0106994	0.0145008	0.0136075	0.0110928	0.00671815	0.00112834	-0.00403123	-0.00500414	-0.00735966	-0.00759583	-0.00579197	
0.0571289	0.052854	0.040256	0.0238875	0.00519202	-0.0166177	-0.0335695	-0.0467448	-0.0519134	-0.0507836	-0.0415005	-0.0286574	-0.0134565	-0.000198973	0.0099548	0.0151781	0.0146679	0.0122185	0.00821452	0.00343716	-0.00218805	-0.00459238	-0.00648743	-0.00647445	-0.00472864	
0.0552458	0.0513993	0.0396342	0.0243428	0.00596461	-0.0145268	-0.0315912	-0.0440995	-0.0497978	-0.0487857	-0.0398423	-0.0263325	-0.0105479	0.00207736	0.0127569	0.0183241	0.0190936	0.0159207	0.0122281	0.00730002	0.00195992	-0.000693619	-0.00379863	-0.00408254	-0.00314467	
0.0543401	0.0510169	0.0402625	0.025887	0.00800221	-0.0124043	-0.029244	-0.041787	-0.0478613	-0.0464401	-0.0373046	-0.0239737	-0.00932099	0.0044289	0.0154271	0.0220937	0.0222345	0.0200422	0.0159304	0.0110281	0.00510363	0.00225964	-0.000580948	-0.0016909	-0.000868337	
0.0537541	0.0511339	0.0408822	0.0273466	0.0103411	-0.0107975	-0.0275247	-0.0396862	-0.0447697	-0.0443093	-0.0358869	-0.0236023	-0.00794295	0.0057566	0.0170676	0.0236271	0.0250686	0.0229457	0.0185584	0.0135704	0.00823147	0.00581804	0.00233209	0.00173549	0.00226269	
