-0.0202655	-0.0202655	-0.0186527	-0.0182891	-0.014306	-0.0109104	-0.00324354	0.00785766	0.0236014	0.0475676	0.0773567	0.116233	0.15957	0.204419	0.243548	0.269456	0.273819	0.253016	0.206072	0.139783	0.0645762	-0.00918789	-0.0692294	-0.114259	-0.140323	
-0.0202655	-0.0195406	-0.018047	-0.016959	-0.0130173	-0.00838633	7.91165e-06	0.0126592	0.0304942	0.0562409	0.0889069	0.129218	0.173622	0.217554	0.253187	0.273799	0.270399	0.241982	0.188145	0.118203	0.0426979	-0.0278993	-0.0832147	-0.122015	-0.143208	
-0.0186404	-0.0180191	-0.0176581	-0.0146603	-0.0122613	-0.00541868	0.00344024	0.0174754	0.0381622	0.0652135	0.101273	0.142862	0.18857	0.231491	0.263867	0.279767	0.268595	0.23378	0.173818	0.100265	0.025901	-0.0418637	-0.0927254	-0.125253	-0.141846	
-0.0182298	-0.0168669	-0.0145913	-0.0123702	-0.00721921	-0.000315961	0.0102117	0.0263976	0.0481892	0.0781158	0.115988	0.159138	0.205415	0.247108	0.276105	0.28628	0.269188	0.2267	0.161647	0.0866589	0.010883	-0.0517792	-0.0988445	-0.126444	-0.139089	
-0.0141985	-0.0128645	-0.0121316	-0.00715696	-0.00428362	0.00571255	0.0164946	0.0344192	0.0593659	0.0906282	0.132002	0.176511	0.224013	0.264818	0.290938	0.29701	0.273355	0.225706	0.156661	0.0784964	0.00604046	-0.0545526	-0.0967778	-0.118538	-0.126744	
-0.0107167	-0.00815951	-0.00522802	-0.000217374	0.00572803	0.0159841	0.0295268	0.0490129	0.0762007	0.110016	0.153281	0.199581	0.2474	0.286908	0.310297	0.310856	0.282228	0.228751	0.155213	0.0773743	0.00412396	-0.0511336	-0.0900563	-0.10717	-0.111562	
-0.00289355	0.000399312	0.00379888	0.0104709	0.0166863	0.0296965	0.0439427	0.0668163	0.0958788	0.132799	0.178664	0.226837	0.275592	0.314562	0.335151	0.331943	0.298849	0.239903	0.165143	0.084809	0.0148192	-0.0376058	-0.0716771	-0.0848598	-0.0847784	
0.00845082	0.0133053	0.0181056	0.0269388	0.0348976	0.0495124	0.0671802	0.091036	0.12418	0.162957	0.211485	0.261582	0.311044	0.34864	0.367654	0.359877	0.322281	0.260382	0.181729	0.102631	0.0335425	-0.014628	-0.0452788	-0.0537693	-0.0502652	
0.024465	0.0314565	0.0391424	0.0491185	0.0602696	0.0771351	0.0966978	0.124622	0.159146	0.201861	0.252214	0.304407	0.354055	0.391366	0.407275	0.395845	0.355236	0.287922	0.209357	0.129569	0.0625951	0.0176252	-0.00854641	-0.014634	-0.00737732	
0.0488047	0.0576029	0.0666273	0.0795069	0.0920224	0.111478	0.134179	0.163978	0.202427	0.247475	0.300316	0.354434	0.404677	0.440692	0.454974	0.439888	0.395278	0.325683	0.244532	0.165304	0.100646	0.0585939	0.0354714	0.0332017	0.0436908	
0.078984	0.0906617	0.103062	0.117774	0.133791	0.155111	0.180416	0.21288	0.253126	0.300707	0.354936	0.409796	0.459944	0.493849	0.505485	0.485732	0.438103	0.364688	0.282152	0.203509	0.139823	0.100697	0.0806004	0.080275	0.0932609	
0.118133	0.131223	0.144872	0.161128	0.17849	0.201537	0.228656	0.263017	0.305287	0.354714	0.409682	0.465939	0.513953	0.54753	0.554612	0.531708	0.479655	0.402947	0.319051	0.239682	0.177583	0.139635	0.122199	0.123191	0.138552	
0.161676	0.175808	0.190688	0.207474	0.225983	0.249217	0.277169	0.312161	0.354481	0.404449	0.459239	0.513348	0.561291	0.588677	0.594135	0.564722	0.508298	0.428365	0.341611	0.261989	0.200199	0.163529	0.146813	0.149028	0.16576	
0.206578	0.219699	0.233441	0.248892	0.266431	0.288167	0.315377	0.348925	0.390821	0.439344	0.491987	0.545691	0.587509	0.614334	0.611593	0.578728	0.516931	0.432458	0.343659	0.263067	0.201006	0.164354	0.149053	0.150956	0.168059	
0.245515	0.255022	0.265326	0.27719	0.291627	0.310365	0.334498	0.366279	0.404933	0.45169	0.501651	0.550742	0.590872	0.60965	0.604059	0.563876	0.497065	0.408923	0.317159	0.234666	0.172872	0.135546	0.120113	0.121943	0.139665	
0.270871	0.27496	0.280373	0.286301	0.296414	0.309325	0.32929	0.35621	0.391001	0.433881	0.479145	0.525158	0.558782	0.574101	0.561311	0.51613	0.444575	0.352276	0.258533	0.175718	0.112851	0.076111	0.0605026	0.0618403	0.0794148	
0.274425	0.270641	0.268136	0.267873	0.271141	0.278826	0.294038	0.31617	0.347851	0.386504	0.428529	0.470236	0.499675	0.509765	0.491998	0.44205	0.365371	0.271223	0.174869	0.0916745	0.0296682	-0.00777933	-0.0227032	-0.0212553	-0.00374143	
0.252573	0.241173	0.232256	0.224149	0.221985	0.223564	0.233008	0.251814	0.278026	0.314589	0.352588	0.39088	0.417291	0.423033	0.401797	0.347717	0.269297	0.172233	0.0771541	-0.00607845	-0.0664988	-0.10248	-0.115835	-0.114756	-0.0956292	
0.204618	0.18634	0.171347	0.158089	0.151786	0.148703	0.156735	0.171314	0.197282	0.231362	0.268201	0.305107	0.328827	0.332696	0.308601	0.252645	0.171657	0.0760166	-0.0205169	-0.100381	-0.159799	-0.193313	-0.206004	-0.202155	-0.183033	
0.137513	0.115673	0.0971855	0.0825455	0.0729302	0.0700798	0.0756395	0.0913939	0.116407	0.150865	0.188336	0.2246	0.248305	0.251552	0.225734	0.169578	0.0883317	-0.00726985	-0.100486	-0.17986	-0.234751	-0.267249	-0.276092	-0.272014	-0.250216	
0.061922	0.0399103	0.0227269	0.00693579	0.000759089	-0.00310688	0.00550632	0.0222782	0.0495061	0.0861878	0.124595	0.162395	0.186467	0.189642	0.164269	0.107203	0.0269444	-0.0669076	-0.159027	-0.2338	-0.287209	-0.31562	-0.322569	-0.31536	-0.292431	
-0.0115342	-0.0302993	-0.0445624	-0.0550177	-0.058764	-0.0571701	-0.0459985	-0.0251293	0.00533575	0.0448591	0.0862184	0.125251	0.150602	0.153945	0.127959	0.0715823	-0.00933829	-0.10163	-0.191247	-0.264882	-0.314154	-0.340239	-0.345077	-0.335276	-0.309926	
-0.0709963	-0.08494	-0.094564	-0.101092	-0.0998033	-0.0944988	-0.078404	-0.0543491	-0.0194168	0.0230931	0.0673631	0.109075	0.135074	0.139921	0.113855	0.0573927	-0.0227728	-0.113446	-0.202227	-0.27197	-0.319173	-0.34322	-0.343658	-0.332003	-0.304877	
-0.115064	-0.122811	-0.125883	-0.127258	-0.120152	-0.110181	-0.0899285	-0.0611551	-0.0239891	0.0222336	0.0683509	0.111423	0.138565	0.1431	0.117131	0.0602192	-0.0197224	-0.110751	-0.196587	-0.265949	-0.3099	-0.33126	-0.329749	-0.315326	-0.28482	
-0.140102	-0.143198	-0.141474	-0.138544	-0.126886	-0.113073	-0.0882466	-0.0559828	-0.0151667	0.0342736	0.0828334	0.128139	0.156509	0.161277	0.135973	0.0789664	-0.000971663	-0.0902601	-0.175884	-0.242375	-0.284938	-0.303711	-0.300311	-0.282368	-0.250328	
-0.148419	-0.146286	-0.140851	-0.132161	-0.118053	-0.0992978	-0.0716023	-0.0369436	0.00771275	0.0580596	0.109574	0.155827	0.184644	0.190368	0.164731	0.107773	0.0281037	-0.0610532	-0.145211	-0.210646	-0.250257	-0.26855	-0.261243	-0.242203	-0.206974	
-0.142239	-0.135489	-0.124268	-0.113718	-0.0938313	-0.0731897	-0.0419673	-0.00433041	0.0411425	0.0942407	0.146419	0.193666	0.222774	0.228257	0.201866	0.144839	0.0647389	-0.0252704	-0.108836	-0.173474	-0.21359	-0.228493	-0.221552	-0.200292	-0.163828	
-0.120785	-0.110911	-0.0979764	-0.0833442	-0.0632478	-0.0389521	-0.00673007	0.0325311	0.0796203	0.13312	0.186292	0.233062	0.262703	0.266492	0.239702	0.181444	0.0997905	0.00959906	-0.0749643	-0.140918	-0.179643	-0.195759	-0.188144	-0.165201	-0.127938	
-0.0885388	-0.0764341	-0.0618021	-0.0466321	-0.0257246	-0.00231921	0.0301379	0.0677258	0.114498	0.166111	0.218088	0.263161	0.290803	0.292983	0.263919	0.203789	0.120227	0.0282821	-0.0591193	-0.124406	-0.166014	-0.181049	-0.173694	-0.150886	-0.112912	
-0.0549936	-0.0441568	-0.031404	-0.017831	0.0011278	0.022626	0.0533667	0.0895766	0.134592	0.18466	0.234499	0.278924	0.303315	0.305344	0.272025	0.211497	0.125307	0.0310217	-0.0578211	-0.126362	-0.168414	-0.184883	-0.177498	-0.155215	-0.11692	
-0.0263672	-0.0196615	-0.0105774	-0.00187134	0.0136017	0.0315059	0.0581038	0.0933287	0.133474	0.18365	0.230328	0.272527	0.297622	0.295459	0.263448	0.200141	0.113573	0.0181389	-0.0714625	-0.141791	-0.184359	-0.202074	-0.194103	-0.171244	-0.132143	
-0.0130007	-0.0107437	-0.00646116	-0.00146179	0.010434	0.0249551	0.0502012	0.0818243	0.122367	0.170007	0.216135	0.258504	0.281857	0.279848	0.248195	0.182967	0.0975247	0.000725777	-0.0900061	-0.160066	-0.203073	-0.222461	-0.213411	-0.190445	-0.151044	
-0.0144368	-0.0158196	-0.014347	-0.0122282	-0.00188924	0.0107381	0.0350362	0.0659292	0.106697	0.153458	0.200816	0.24279	0.267403	0.266144	0.234214	0.170688	0.0847033	-0.0117646	-0.102559	-0.172662	-0.217197	-0.234306	-0.227467	-0.203603	-0.163929	
-0.0240513	-0.0268086	-0.0275264	-0.0249233	-0.0162285	-0.00264923	0.0213548	0.0523803	0.0944193	0.141139	0.18981	0.232949	0.257596	0.259778	0.227402	0.166801	0.0797271	-0.0152145	-0.1062	-0.17737	-0.221614	-0.240098	-0.232347	-0.208481	-0.167722	
-0.0370667	-0.0388313	-0.0375341	-0.0349342	-0.0240105	-0.00959762	0.0146646	0.0480005	0.0884948	0.137645	0.186258	0.229347	0.257109	0.258052	0.229273	0.168497	0.0824852	-0.0133921	-0.10362	-0.175868	-0.22053	-0.239352	-0.232173	-0.209044	-0.167428	
-0.0472913	-0.0483272	-0.0459071	-0.0427105	-0.0299755	-0.015109	0.0118701	0.0451145	0.0883104	0.138544	0.187638	0.234066	0.261713	0.266187	0.238165	0.178665	0.094281	-0.00152918	-0.0938231	-0.166153	-0.212482	-0.232268	-0.225729	-0.201607	-0.161424	
-0.0530459	-0.0522919	-0.0482645	-0.0425469	-0.0299718	-0.0121587	0.0139347	0.0493993	0.0920965	0.143556	0.194207	0.240261	0.270924	0.276086	0.250355	0.191142	0.107766	0.0120642	-0.0805649	-0.154757	-0.202692	-0.223635	-0.218015	-0.19477	-0.153879	
-0.0542367	-0.0515886	-0.0463186	-0.0385699	-0.0250356	-0.00661272	0.0215235	0.0559946	0.101005	0.151634	0.203465	0.251157	0.280624	0.288824	0.263889	0.20511	0.121632	0.0254308	-0.0689843	-0.144135	-0.194195	-0.217145	-0.212188	-0.19088	-0.149154	
-0.0505595	-0.0464593	-0.0386309	-0.0312548	-0.0155331	0.0021146	0.0298621	0.0650554	0.108008	0.159059	0.209904	0.256479	0.287039	0.293947	0.269996	0.212244	0.12898	0.030015	-0.0631987	-0.142748	-0.193816	-0.218355	-0.216526	-0.196084	-0.154597	
-0.0430246	-0.0399552	-0.033365	-0.0266098	-0.01193	0.00378753	0.0314805	0.0639247	0.107134	0.156703	0.206419	0.253681	0.283659	0.291633	0.267808	0.211628	0.128133	0.0307428	-0.0658918	-0.145049	-0.198788	-0.225455	-0.225657	-0.205024	-0.166613	
-0.0388679	-0.0371302	-0.0325286	-0.0255873	-0.0142594	0.00195154	0.0252436	0.0579804	0.0976451	0.146347	0.195441	0.241627	0.273581	0.282184	0.260739	0.205993	0.124513	0.0273167	-0.0691139	-0.14922	-0.204276	-0.232898	-0.233473	-0.21575	-0.177237	
-0.0426369	-0.0427215	-0.0398101	-0.0337337	-0.0225768	-0.00762403	0.0164235	0.0474375	0.0881264	0.136129	0.186179	0.234271	0.267767	0.279006	0.261084	0.208677	0.130224	0.0347247	-0.0622047	-0.141915	-0.199544	-0.229367	-0.232298	-0.216305	-0.178627	
-0.0484021	-0.0484309	-0.0445256	-0.0388742	-0.0265854	-0.0114732	0.0123685	0.0439965	0.0835621	0.132282	0.182773	0.232684	0.268219	0.283037	0.267056	0.218545	0.143194	0.0472859	-0.0466149	-0.129443	-0.187601	-0.219127	-0.224957	-0.210486	-0.174899	
-0.0505634	-0.0486786	-0.0430984	-0.0360314	-0.0227909	-0.00732419	0.0174835	0.0481348	0.0880777	0.135679	0.186286	0.236088	0.273526	0.289201	0.276474	0.229751	0.155796	0.0623571	-0.0332499	-0.11681	-0.177393	-0.21193	-0.220969	-0.208249	-0.176927	
-0.0467066	-0.0432929	-0.0370666	-0.0287715	-0.0166845	-0.000282088	0.0224835	0.0527546	0.0913786	0.137828	0.187692	0.237438	0.274678	0.293231	0.281601	0.237437	0.165052	0.0721708	-0.0237185	-0.10867	-0.172367	-0.20942	-0.221411	-0.21294	-0.184204	
-0.0385242	-0.0361809	-0.0319756	-0.0255308	-0.0155102	-0.00068007	0.0201335	0.0486298	0.0859694	0.131352	0.181151	0.23017	0.269937	0.28934	0.282513	0.240436	0.170957	0.0797849	-0.0163128	-0.102857	-0.168908	-0.208955	-0.22418	-0.218664	-0.192384	
-0.032612	-0.0311013	-0.0281484	-0.0235113	-0.0149514	-0.00229232	0.0168522	0.0429356	0.0785078	0.122561	0.171245	0.221112	0.260773	0.284284	0.279461	0.241888	0.175228	0.0852456	-0.0105282	-0.0985268	-0.167846	-0.209491	-0.228599	-0.22511	-0.201804	
-0.0325132	-0.0318639	-0.0304358	-0.0261178	-0.0191223	-0.00657853	0.0111623	0.0370643	0.0717249	0.115282	0.165089	0.214979	0.257846	0.282903	0.28272	0.248458	0.18524	0.0967663	0.00124792	-0.0895002	-0.160452	-0.206737	-0.228798	-0.228538	-0.208606	
-0.0317427	-0.0320377	-0.0312428	-0.0280614	-0.0220366	-0.011067	0.00617097	0.0307638	0.064935	0.107851	0.157804	0.209244	0.253471	0.282105	0.284971	0.255509	0.195509	0.109565	0.0133295	-0.0774886	-0.152651	-0.200567	-0.227007	-0.22897	-0.212216	
-0.0322505	-0.0318255	-0.0308776	-0.0262336	-0.0220704	-0.0104426	0.00492974	0.0292058	0.0624365	0.104016	0.154193	0.205164	0.251126	0.281602	0.287873	0.262494	0.206163	0.122076	0.0266047	-0.0670625	-0.143814	-0.196656	-0.225709	-0.231111	-0.216795	
