0.0020198	0.00182454	0.00194071	0.00201389	0.00182687	0.00197255	0.00157922	0.0010501	-3.76895e-05	-0.0011453	-0.00207212	-0.00281181	-0.00314753	-0.00381294	-0.00356089	-0.00295785	-0.00240458	-0.00150005	-0.00139724	-0.00094915	-0.000842794	-0.00106763	-0.00103114	-0.00155757	-0.00164338	
0.00203598	0.00204171	0.00192539	0.00214096	0.00178887	0.00189421	0.00157225	0.000786126	2.09474e-05	-0.00133706	-0.00227685	-0.00295338	-0.00335996	-0.00365347	-0.00359201	-0.00299126	-0.0022687	-0.00142002	-0.00121617	-0.000840334	-0.000715931	-0.00102184	-0.00118761	-0.00144541	-0.00179613	
0.0014515	0.00196142	0.00162313	0.0015638	0.00134645	0.0014237	0.00138919	0.00013484	-0.000478652	-0.0016638	-0.00254276	-0.00311529	-0.00367573	-0.00346594	-0.00319184	-0.00281129	-0.00176482	-0.0011829	-0.00064664	-0.000360124	-0.000475472	-0.000496839	-0.00128149	-0.000995852	-0.00182505	
0.00197019	0.00169964	0.00190392	0.00217331	0.00131327	0.00198147	0.00107668	0.000830679	-0.000352771	-0.00150675	-0.00265183	-0.00325789	-0.00335253	-0.00365496	-0.00329815	-0.00290088	-0.00212675	-0.00109757	-0.00100229	-0.000852754	-0.000355478	-0.00140606	-0.00109116	-0.0016103	-0.00190862	
0.00144973	0.0017692	0.00139483	0.00172134	0.00067805	0.00121511	0.000592173	-0.000157183	-0.000648265	-0.00236323	-0.00289536	-0.00378751	-0.00339191	-0.00375164	-0.00319175	-0.00274676	-0.00187087	-0.000660854	-0.000648253	-0.000329865	-5.59185e-05	-0.000978856	-0.00106309	-0.00126234	-0.00192599	
0.00183249	0.00220924	0.00193195	0.00145743	0.00134653	0.00088195	0.0012093	-0.000473049	-0.000813334	-0.00213675	-0.00317565	-0.00347104	-0.00392022	-0.00339807	-0.00332896	-0.00271522	-0.0020285	-0.00102514	-0.000669019	-0.000909877	-0.000244591	-0.00165075	-0.00136638	-0.00162489	-0.00217548	
0.0023057	0.00224592	0.00204567	0.00227497	0.00100975	0.00174128	0.00068772	0.000363968	-0.00070321	-0.00195377	-0.0029961	-0.00356835	-0.00306216	-0.00336535	-0.00244179	-0.00250529	-0.00123682	-0.000406064	-0.000350687	-0.000380444	-0.0001787	-0.00153271	-0.00157973	-0.00177311	-0.00260565	
0.00195584	0.00218762	0.00177819	0.00155483	0.000656984	0.000667891	0.000342596	-0.000446039	-0.00106646	-0.00245159	-0.00338078	-0.00358738	-0.00321595	-0.0029354	-0.00241342	-0.00181139	-0.000818376	0.000213767	0.000323754	5.42229e-05	0.000651916	-0.00122942	-0.000966411	-0.00127743	-0.0021753	
0.00215757	0.00281178	0.00218519	0.00208963	0.00108768	0.00104408	0.00079381	-0.000552927	-0.000976911	-0.0025793	-0.00306751	-0.00393785	-0.00323383	-0.00322942	-0.00229746	-0.00186373	-0.000935197	0.000366707	0.00015241	0.00037276	0.000290701	-0.0010582	-0.00146982	-0.00119675	-0.00255096	
0.00377734	0.00358886	0.00319586	0.00264918	0.00128454	0.00116492	0.000560474	-0.000509738	-0.00130988	-0.00238726	-0.00372887	-0.0038274	-0.00370325	-0.00308942	-0.002835	-0.00204559	-0.0012595	-1.78728e-05	0.000160792	-0.000276473	0.000737825	-0.00169121	-0.000931142	-0.00127951	-0.00211648	
0.00382014	0.00449125	0.00370786	0.00357603	0.00201454	0.002248	0.00141119	0.000505959	-0.000117682	-0.00167605	-0.00261321	-0.00322323	-0.00224931	-0.00235315	-0.00137991	-0.0011801	0.000215142	0.00111005	0.00118365	0.0011134	0.00102923	-0.000544657	-0.0012764	-0.000757058	-0.00239579	
0.00495116	0.00496751	0.00443209	0.00367024	0.00264226	0.00228836	0.00195191	0.000686057	-0.000168099	-0.00122879	-0.00256205	-0.00260969	-0.00208377	-0.00148073	-0.000936592	-8.13204e-05	0.000639484	0.00207708	0.00214001	0.00164617	0.00248111	-0.000555329	0.000282679	-0.000447033	-0.00135735	
0.00564134	0.0062505	0.00533924	0.00526126	0.00311294	0.00360628	0.00266035	0.00149443	0.000694593	-0.00103234	-0.00193984	-0.00275284	-0.00146845	-0.00156876	-0.000417878	-0.000197572	0.00118377	0.00248089	0.00243256	0.00245471	0.00242311	0.00057016	0.000166805	0.000483238	-0.00115962	
0.00760791	0.00784851	0.00709209	0.00642724	0.0049577	0.00424052	0.00398802	0.00213761	0.00163319	-0.000169847	-0.00175185	-0.00180462	-0.00149827	-0.000812673	-0.000681402	0.000183309	0.00129759	0.00248634	0.00261214	0.00212685	0.00272922	0.00027381	0.000539717	0.000596668	-0.000552077	
0.00852157	0.00884964	0.00798167	0.00744806	0.00534572	0.0055297	0.00440844	0.00340289	0.00237033	0.000724841	-0.000106843	-0.0010025	0.000306334	0.000171006	0.00131425	0.00189333	0.00315392	0.00467019	0.00448568	0.00439237	0.00428163	0.00179036	0.00159873	0.00153799	4.83454e-05	
0.00994509	0.0103041	0.00956546	0.00916959	0.00692774	0.00710506	0.0063643	0.00492844	0.00420712	0.00245148	0.00115548	0.00075777	0.0013535	0.00196925	0.00244908	0.00320503	0.00444774	0.00594382	0.00600577	0.00528744	0.0057059	0.00243775	0.00281374	0.00224487	0.000783483	
0.0109097	0.011487	0.0105189	0.00986313	0.00831062	0.0078786	0.0073777	0.0057467	0.00519089	0.00316866	0.00191839	0.00136474	0.0024766	0.0027396	0.00359647	0.00407716	0.00575551	0.00708663	0.00685118	0.00666383	0.00629335	0.00398701	0.00326756	0.00351628	0.0015972	
0.0128133	0.0125544	0.0117981	0.0111176	0.00889391	0.0090132	0.00810137	0.00683608	0.00568296	0.00394377	0.00250479	0.00232956	0.00283614	0.00357101	0.00403848	0.00499272	0.0061955	0.00756392	0.00760691	0.0068222	0.00752341	0.00374068	0.00456824	0.00385092	0.00259766	
0.0127184	0.0132866	0.0121667	0.0118408	0.00946181	0.00970825	0.00895188	0.00761199	0.00664726	0.00470779	0.00373982	0.00290349	0.00428106	0.00446302	0.00583689	0.00605827	0.00777619	0.0091008	0.00890701	0.00866571	0.00812526	0.00553187	0.00488625	0.00505748	0.00300082	
0.0131116	0.0128123	0.0120807	0.011104	0.0093236	0.00910081	0.00878236	0.00722258	0.00650054	0.00495155	0.00348286	0.00347205	0.00444782	0.00538839	0.00633662	0.0070827	0.00872569	0.0103245	0.00997917	0.00958408	0.00949813	0.00643059	0.00635195	0.00591257	0.00424183	
0.0120313	0.0124699	0.0116026	0.011225	0.0092336	0.00962483	0.00928984	0.00803402	0.00721273	0.00546712	0.0042988	0.00408059	0.00510797	0.00577714	0.00683142	0.00771904	0.00946493	0.0109106	0.0107989	0.0101788	0.0100362	0.00694238	0.00660586	0.00621393	0.00444352	
0.0109421	0.0107432	0.0102205	0.00992702	0.0078832	0.00863693	0.00798721	0.00695996	0.00608994	0.00434926	0.00333012	0.00311444	0.0042301	0.00511543	0.00625315	0.00723306	0.0090519	0.0107016	0.0107979	0.0102627	0.00988639	0.00720553	0.00673882	0.00656729	0.00485038	
0.00778644	0.00821774	0.00745441	0.00675555	0.00537258	0.00546364	0.00559376	0.0042854	0.00359706	0.00219655	0.00111815	0.00125202	0.00291853	0.00386402	0.00538321	0.00658171	0.00839074	0.0107314	0.0104849	0.0104261	0.010126	0.00747536	0.00731618	0.00663948	0.00526935	
0.00571499	0.00591758	0.00536572	0.00506557	0.00302499	0.00403616	0.00356304	0.00266399	0.00197939	0.000107866	-0.000815243	-0.000571877	0.000641858	0.00200094	0.00316656	0.00467542	0.00682908	0.00860515	0.00916524	0.00870073	0.00890965	0.0063051	0.00608137	0.00587686	0.0042827	
0.00188354	0.00226834	0.00151571	0.000998899	-0.000274445	-4.40381e-05	0.000175775	-0.000810842	-0.00147688	-0.00294675	-0.00379745	-0.00337764	-0.00192292	-0.000569168	0.00110277	0.00269763	0.00497904	0.00710451	0.00751516	0.00744732	0.00740957	0.00516677	0.00512209	0.00497533	0.00358494	
-0.00301764	-0.0031234	-0.00324654	-0.00369915	-0.00518441	-0.00426299	-0.0041486	-0.00456741	-0.00548841	-0.00650368	-0.0069937	-0.00655771	-0.00454542	-0.00314826	-0.00106812	0.000660138	0.00318726	0.00581948	0.00609253	0.00643293	0.00635282	0.00428357	0.0041881	0.00383627	0.00229955	
-0.00659719	-0.00601452	-0.00672342	-0.00689347	-0.0082366	-0.00749356	-0.00679866	-0.00794405	-0.00830639	-0.00979546	-0.0103983	-0.00976913	-0.00820975	-0.00652483	-0.00496757	-0.00309389	-0.000289815	0.00199647	0.00278683	0.00303708	0.00330543	0.00153924	0.00136612	0.00141531	8.25597e-05	
-0.0085242	-0.00925775	-0.00939615	-0.0106474	-0.0116028	-0.0109179	-0.0109419	-0.0113419	-0.0124312	-0.0135366	-0.0141999	-0.0134768	-0.0117934	-0.010174	-0.008483	-0.00634448	-0.00356837	-0.00117358	-0.000102812	0.000224721	0.000505128	-0.0010738	-0.00119743	-0.00107025	-0.00224905	
-0.0108736	-0.0109375	-0.0120221	-0.0123718	-0.0138419	-0.013352	-0.0129205	-0.0139093	-0.0148282	-0.0160312	-0.016525	-0.015976	-0.0142671	-0.0128908	-0.0109682	-0.00900211	-0.00642244	-0.00375926	-0.0030094	-0.00252491	-0.00247246	-0.00414996	-0.00397081	-0.0042786	-0.00513411	
-0.0120885	-0.0129216	-0.0134027	-0.0143953	-0.0155681	-0.0150494	-0.0151225	-0.016013	-0.0169508	-0.0182775	-0.0187739	-0.0184981	-0.0167934	-0.0151977	-0.013546	-0.0114519	-0.00849997	-0.0060492	-0.00491074	-0.00454052	-0.00451548	-0.0056677	-0.00619123	-0.00611216	-0.00725991	
-0.0108504	-0.0117083	-0.0124481	-0.0136443	-0.0148976	-0.014804	-0.0148589	-0.0158808	-0.0171357	-0.0184826	-0.0196627	-0.0190392	-0.0178393	-0.0162173	-0.0150128	-0.0127244	-0.0100545	-0.00777742	-0.00651243	-0.0065174	-0.0059169	-0.0079066	-0.00753528	-0.00830485	-0.00907322	
-0.0070011	-0.00766051	-0.00880381	-0.0100446	-0.0115313	-0.0115639	-0.0116412	-0.0128681	-0.0144619	-0.0163343	-0.017251	-0.0172456	-0.0160196	-0.0151243	-0.0136647	-0.0118948	-0.00945308	-0.00736042	-0.00670314	-0.00651033	-0.00707311	-0.00864364	-0.00935801	-0.0100647	-0.0116709	
-0.00198203	-0.00312041	-0.00457215	-0.0061848	-0.0076413	-0.00795526	-0.00839101	-0.00991106	-0.0117456	-0.0135841	-0.0146959	-0.0149001	-0.0140724	-0.0132053	-0.0119825	-0.0104771	-0.00810197	-0.00620897	-0.00572217	-0.0060079	-0.00673647	-0.00861536	-0.00967191	-0.0107177	-0.0125089	
0.00312045	0.00143956	0.000169925	-0.00200637	-0.00337282	-0.00423555	-0.00488373	-0.00671207	-0.00893562	-0.0108244	-0.0125836	-0.01263	-0.0123201	-0.0113029	-0.0106989	-0.0088323	-0.00662007	-0.00472796	-0.00413897	-0.00495837	-0.00510313	-0.00784022	-0.00844453	-0.0102277	-0.0118072	
0.00779706	0.00684046	0.00496485	0.0033601	0.0015256	0.000946938	0.000158479	-0.00192361	-0.00405825	-0.00663785	-0.0082657	-0.00883104	-0.00849308	-0.00828145	-0.00735652	-0.00612281	-0.00376794	-0.0025588	-0.00228675	-0.00289074	-0.00400885	-0.00575457	-0.00770812	-0.00877206	-0.0111686	
0.0124255	0.0107409	0.00927952	0.00677962	0.00555424	0.00434242	0.00350028	0.00165956	-0.000771934	-0.00282798	-0.00459232	-0.00514038	-0.00479818	-0.00443064	-0.00342541	-0.00172883	-5.29077e-05	0.00161473	0.001262	0.000613239	-0.000252766	-0.00295692	-0.00410088	-0.00654276	-0.00883471	
0.0150851	0.0141718	0.0123664	0.0109314	0.00898512	0.00831404	0.00737585	0.00534239	0.00293745	0.000618346	-0.00115762	-0.00176543	-0.00171768	-0.00101058	-0.000389065	0.00114177	0.00319786	0.00412704	0.00450538	0.00300917	0.0023531	-0.000470733	-0.00206168	-0.00428209	-0.0068871	
0.0159769	0.0144183	0.0130451	0.0110043	0.00953838	0.00867802	0.00808466	0.00581229	0.00349346	0.00118667	-0.000454003	-0.000758665	-0.000348657	0.000253981	0.00108902	0.00278705	0.00482199	0.00634167	0.00638018	0.00557475	0.00457714	0.00220838	0.00049075	-0.00164954	-0.00411035	
0.0148801	0.0140723	0.0122451	0.0107138	0.00952505	0.0087734	0.00808947	0.00607723	0.00362874	0.00131149	-0.000370503	-0.000840344	-0.000276581	-9.23559e-05	0.00116906	0.00288963	0.00488041	0.00652838	0.00663279	0.00590995	0.00521161	0.00289495	0.00157811	-0.000454702	-0.0023966	
0.0122104	0.0110441	0.00945284	0.00824217	0.00645035	0.00635092	0.0054825	0.00380247	0.00168049	-0.000705103	-0.00192439	-0.0021735	-0.00163447	-0.000721693	0.000749764	0.00287257	0.00515842	0.00702434	0.00768935	0.0067956	0.00649445	0.00412209	0.00291728	0.000912832	-0.00100329	
0.00824221	0.00777355	0.00598111	0.00439176	0.0034923	0.00262483	0.00255388	0.000514503	-0.00141383	-0.00333706	-0.00444579	-0.0044279	-0.00351574	-0.00239413	-0.000710409	0.00136538	0.00414712	0.0062148	0.00699709	0.00637491	0.00610976	0.00426666	0.00291902	0.00156841	-0.000295539	
0.0055843	0.0047237	0.00312906	0.00228645	0.000926374	0.000992879	0.000193557	-0.00155931	-0.00368634	-0.005571	-0.006652	-0.00682641	-0.00573429	-0.00481189	-0.00309537	-0.000795373	0.00204943	0.00436107	0.00483653	0.00471894	0.00492096	0.00275905	0.00223749	0.000676938	-0.000861939	
0.00185109	0.00178649	-5.80464e-05	-0.000823409	-0.00208104	-0.00218158	-0.00255031	-0.00432046	-0.00606964	-0.00801114	-0.00868543	-0.00897613	-0.00741486	-0.00646796	-0.00433832	-0.00178343	0.000977683	0.00312766	0.00382126	0.003907	0.00419891	0.00222052	0.00151654	0.000137174	-0.00146566	
0.00094242	0.000201188	-0.00132954	-0.00223252	-0.00353295	-0.00329433	-0.00403513	-0.0054793	-0.00730895	-0.00910029	-0.0101473	-0.00999246	-0.0088098	-0.00711325	-0.00533536	-0.00261227	5.63811e-05	0.00211966	0.00341043	0.00288072	0.00361758	0.00114122	0.000671771	-0.000868915	-0.00255539	
0.00120647	0.00127772	-0.000822022	-0.00144161	-0.00262607	-0.00281516	-0.00304508	-0.00535476	-0.00698611	-0.0092952	-0.0103806	-0.0105799	-0.009189	-0.00825569	-0.00619634	-0.00392238	-0.00130146	0.0013518	0.00175826	0.00191258	0.00188394	-0.000364819	-0.00088737	-0.00257064	-0.00413586	
0.00225527	0.00151266	2.64514e-05	-0.000972637	-0.00292527	-0.00227049	-0.00377161	-0.00533726	-0.00752021	-0.00981584	-0.0106237	-0.011068	-0.00965784	-0.00853566	-0.00672116	-0.0041618	-0.0014162	0.000671901	0.00170373	0.00124057	0.00166207	-0.000872098	-0.00170251	-0.00303024	-0.00491032	
0.00288071	0.00287144	0.000635769	-9.65909e-05	-0.0017048	-0.00198861	-0.0026127	-0.00522864	-0.00675837	-0.00904924	-0.0104347	-0.0106443	-0.00929619	-0.00810885	-0.00592233	-0.00364261	-0.00119675	0.00133013	0.00165764	0.00181992	0.00206996	-0.000941199	-0.00158694	-0.00342064	-0.00504434	
0.0047787	0.00417618	0.00280355	0.00189334	-0.00020129	0.000302429	-0.00132475	-0.00342374	-0.00542079	-0.00801713	-0.00948365	-0.00994382	-0.00887496	-0.00759582	-0.00552701	-0.00352877	-0.000646667	0.00128243	0.00203456	0.00190077	0.00204101	-0.000378299	-0.00203242	-0.00287845	-0.00527901	
0.00597674	0.00555594	0.00398133	0.00303693	0.00128668	0.00112839	5.57702e-05	-0.00246772	-0.00449357	-0.00689486	-0.00853878	-0.00887765	-0.007989	-0.00690028	-0.00466309	-0.00232582	3.03401e-05	0.00272931	0.00267484	0.00268483	0.00310068	-0.000351606	-0.000854552	-0.00280598	-0.00479479	
0.00659642	0.00628263	0.00437836	0.00380631	0.00149392	0.00201215	0.000316573	-0.00193141	-0.00382242	-0.00657765	-0.00791406	-0.00856011	-0.00735008	-0.00629839	-0.00389265	-0.00173793	0.00106369	0.00343008	0.00375655	0.00389789	0.00389506	0.000898471	-0.000816508	-0.00185807	-0.00464423	
