0.0276576	0.0307359	0.0319268	0.0322113	0.0329533	0.0322768	0.0293074	0.0250806	0.0192648	0.0134962	0.00797728	0.00202066	-0.00384603	-0.00786578	-0.0109045	-0.0150364	-0.0186822	-0.0217605	-0.0227094	-0.0225239	-0.0212304	-0.0201595	-0.0207185	-0.0216632	-0.0227733	
0.0278989	0.0307213	0.0320279	0.0321918	0.0322506	0.0313311	0.0287138	0.0251184	0.0189926	0.0130462	0.00741974	0.00147596	-0.00364845	-0.00727412	-0.0104235	-0.0143309	-0.017554	-0.0202714	-0.0219484	-0.021759	-0.020251	-0.0188164	-0.0194103	-0.0201	-0.0210513	
0.0248986	0.0285178	0.029873	0.02974	0.0281005	0.0263781	0.0237508	0.021036	0.0147004	0.00933531	0.00421713	-0.000734256	-0.00504198	-0.00790899	-0.0113823	-0.0143596	-0.0172763	-0.0191883	-0.0221022	-0.0221294	-0.0205529	-0.0187435	-0.0191512	-0.018893	-0.0196157	
0.0221279	0.0256668	0.0270149	0.0260113	0.0230867	0.020425	0.018212	0.0160384	0.0103874	0.00575468	0.00217636	-0.00197394	-0.00498413	-0.0076961	-0.0102675	-0.0132542	-0.0150468	-0.0174967	-0.020487	-0.0215153	-0.020743	-0.0190545	-0.0182921	-0.0173132	-0.0180579	
0.021457	0.0245962	0.0241764	0.0225541	0.0187437	0.0164331	0.0144588	0.0135232	0.00836709	0.00567227	0.00296895	4.23078e-05	-0.00235955	-0.00351473	-0.00643287	-0.00810187	-0.0106081	-0.0118305	-0.0167389	-0.0181972	-0.0183329	-0.0171273	-0.0169065	-0.0150469	-0.0162918	
0.0194458	0.0206688	0.0188747	0.0164098	0.0131433	0.0110612	0.0097735	0.00911321	0.00557246	0.00432226	0.00341687	0.000626785	-0.000490782	-0.00108481	-0.00195329	-0.00389299	-0.00483561	-0.00717485	-0.0116683	-0.0144337	-0.0154093	-0.0147325	-0.0142912	-0.0133901	-0.0147274	
0.0133568	0.0137078	0.0104634	0.00854971	0.00544895	0.00392208	0.00211166	0.00235916	-0.000233559	0.0010072	0.000942082	-0.000829173	-0.00172398	-0.000575922	-0.00170938	-0.00138485	-0.00278118	-0.00368598	-0.0102625	-0.0128404	-0.0139685	-0.0140421	-0.015397	-0.0141619	-0.0145188	
0.00673338	0.00640976	0.00360865	0.00172372	-0.000755027	-0.00247521	-0.00363941	-0.0034177	-0.0051885	-0.00350557	-0.00221773	-0.00340763	-0.00274124	-0.00144369	-0.000531567	-0.000370286	0.000119481	-0.0022675	-0.00819371	-0.0111241	-0.0123463	-0.0129645	-0.0144627	-0.0139456	-0.013883	
0.00174884	0.00198486	-0.000933825	-0.00234985	-0.00516555	-0.00588378	-0.00631079	-0.00507287	-0.00741673	-0.00593893	-0.00462497	-0.00414757	-0.00200659	0.00144224	0.00158557	0.00312478	0.00254659	0.0013046	-0.00587762	-0.00853461	-0.00944249	-0.0106756	-0.0134373	-0.0125955	-0.0123152	
-0.00395342	-0.00333752	-0.00500302	-0.00629828	-0.00874824	-0.00939745	-0.00853107	-0.0068826	-0.00947186	-0.00856767	-0.00669474	-0.00498224	-0.00105502	0.00240788	0.00400389	0.00495713	0.00581885	0.00387652	-0.00235138	-0.00518775	-0.00704478	-0.00849328	-0.0106305	-0.0100216	-0.0102178	
-0.00941266	-0.00777122	-0.00826885	-0.00851781	-0.0112027	-0.0116771	-0.0106366	-0.00848419	-0.0105196	-0.00953196	-0.00729856	-0.00528829	-0.00109286	0.0034016	0.00397509	0.00570138	0.00650354	0.00661575	0.000919762	-0.00258638	-0.00440897	-0.00576632	-0.00745022	-0.00649021	-0.00703499	
-0.0139617	-0.0117946	-0.0119682	-0.0120219	-0.0138	-0.0137028	-0.0119383	-0.00917985	-0.0112653	-0.0099835	-0.00849694	-0.00693635	-0.00300771	0.000732797	0.0018636	0.00311361	0.00489544	0.00534509	0.00071027	-0.00116463	-0.00217074	-0.0023641	-0.00364979	-0.00332584	-0.00489676	
-0.0166689	-0.0155807	-0.0167427	-0.0164868	-0.0167548	-0.014987	-0.0119793	-0.00934314	-0.0103587	-0.00950138	-0.00841785	-0.00891022	-0.0062416	-0.00269966	-0.00232168	-0.00122867	0.000578767	0.00195219	-0.00125366	-0.00302822	-0.00224554	-0.00149226	-0.00229664	-0.00198041	-0.00300603	
-0.0187221	-0.0178295	-0.0190071	-0.0178496	-0.0168316	-0.0138944	-0.0106459	-0.00714529	-0.00787792	-0.00566064	-0.00580034	-0.00784618	-0.0078411	-0.00610453	-0.00524305	-0.00265488	-8.94123e-05	0.00118025	-0.00243023	-0.00249681	-0.000816074	0.000558915	0.000287176	0.00195959	0.00175305	
-0.0216721	-0.0202589	-0.0198952	-0.0180509	-0.0162924	-0.0132634	-0.00895187	-0.00550646	-0.0044711	-0.00309446	-0.00343529	-0.00740234	-0.00877427	-0.00819386	-0.00708595	-0.00426261	-0.000847399	0.000356382	-0.00221097	-0.00263866	0.00029705	0.00314871	0.00494529	0.00784666	0.00876881	
-0.0244707	-0.0218677	-0.0212788	-0.0190378	-0.01716	-0.0132049	-0.00850848	-0.00406501	-0.00431176	-0.00348745	-0.00492053	-0.00794982	-0.0098533	-0.0100313	-0.00987299	-0.00697225	-0.00462224	-0.00376639	-0.00632143	-0.0049036	-0.000976747	0.00239133	0.00559264	0.0102399	0.0114615	
-0.0260372	-0.0238688	-0.0226519	-0.0201979	-0.0176795	-0.0137712	-0.00772223	-0.0037844	-0.00363995	-0.00436765	-0.00558604	-0.00874682	-0.00985856	-0.01078	-0.0117374	-0.0111693	-0.00873848	-0.0074491	-0.00898157	-0.00829593	-0.00441042	0.000448883	0.00542799	0.0104394	0.0122324	
-0.0267999	-0.0239263	-0.0221004	-0.0191328	-0.0174864	-0.0133764	-0.00705741	-0.00219929	-0.001777	-0.00191324	-0.00384704	-0.00691857	-0.00868159	-0.00961633	-0.0114077	-0.0108947	-0.00942619	-0.00854806	-0.00997834	-0.00908867	-0.00484389	-4.61501e-05	0.0058602	0.0116954	0.0145408	
-0.0283124	-0.0253418	-0.0230465	-0.0209915	-0.0193712	-0.0152799	-0.00864978	-0.00417177	-0.00298091	-0.00343632	-0.00554712	-0.0088423	-0.0097467	-0.0107994	-0.0126485	-0.0135734	-0.0126772	-0.0116472	-0.0133397	-0.0127676	-0.00851596	-0.00236513	0.00369697	0.0091095	0.0126407	
-0.0263794	-0.0238774	-0.023377	-0.0214238	-0.0191514	-0.0149286	-0.00932846	-0.00615573	-0.00507161	-0.00550097	-0.0068566	-0.00875275	-0.00955705	-0.0102432	-0.012374	-0.0135515	-0.0134571	-0.0139312	-0.0155571	-0.0155101	-0.0109481	-0.00577817	0.000320488	0.00592348	0.0106004	
-0.0247834	-0.0239351	-0.0242043	-0.0221263	-0.0194162	-0.015834	-0.0113546	-0.00800198	-0.00647316	-0.00562367	-0.00601291	-0.00803561	-0.00871449	-0.00968217	-0.0113714	-0.0119819	-0.0125761	-0.0135365	-0.0169766	-0.0169411	-0.0129716	-0.00721521	-0.000473206	0.00592364	0.0103014	
-0.0223451	-0.0212257	-0.0224277	-0.0210352	-0.0199345	-0.0175923	-0.0121524	-0.00867652	-0.00510702	-0.00298405	-0.00315372	-0.00537304	-0.0065832	-0.00731862	-0.00861108	-0.00894866	-0.00945797	-0.0126962	-0.0162389	-0.017197	-0.0135299	-0.00860441	-0.0016168	0.00459229	0.00871288	
-0.0204186	-0.0197308	-0.0210368	-0.0215255	-0.0221	-0.0192478	-0.0141309	-0.00986245	-0.00586636	-0.00296071	-0.00281511	-0.00484863	-0.00555095	-0.00709645	-0.00858549	-0.00821087	-0.0103396	-0.0131256	-0.0170566	-0.0178307	-0.0156914	-0.0121845	-0.00608838	-0.000534108	0.00211333	
-0.0221191	-0.0210934	-0.0234804	-0.0242469	-0.024535	-0.0225276	-0.0174474	-0.0135362	-0.00864011	-0.0058433	-0.0052847	-0.00554317	-0.00610225	-0.00752157	-0.00893861	-0.0096639	-0.010877	-0.0137983	-0.0176926	-0.0195392	-0.0176682	-0.0144216	-0.00934894	-0.00516355	-0.00277742	
-0.0236372	-0.0237767	-0.0259327	-0.0260548	-0.0265497	-0.0253385	-0.0211842	-0.0163279	-0.0119742	-0.00933787	-0.00710213	-0.0070321	-0.0065364	-0.00695479	-0.00836511	-0.00894891	-0.0112564	-0.0137106	-0.0179774	-0.0198283	-0.0185895	-0.0162219	-0.0114971	-0.00853989	-0.00734625	
-0.0221547	-0.0215998	-0.0238677	-0.0236068	-0.0247852	-0.0245509	-0.0200624	-0.0164149	-0.0131455	-0.00979737	-0.00753462	-0.00600912	-0.00360867	-0.00302879	-0.00528369	-0.00648997	-0.00694865	-0.0094043	-0.0144069	-0.0169291	-0.0165351	-0.0147081	-0.012281	-0.0113371	-0.0101822	
-0.0203014	-0.0197459	-0.0215628	-0.0221074	-0.0237601	-0.0228461	-0.0195961	-0.0179823	-0.0148761	-0.0113404	-0.00854989	-0.00636244	-0.00200035	-0.00104936	-0.00277889	-0.00243469	-0.00337101	-0.00521283	-0.00947641	-0.0133225	-0.0149734	-0.0148445	-0.0131629	-0.0129043	-0.0126685	
-0.0215499	-0.0204465	-0.0229538	-0.0237649	-0.0246621	-0.0241099	-0.0225136	-0.0213175	-0.0181753	-0.0152487	-0.0132901	-0.00959705	-0.00454583	-0.0028103	-0.0024611	-0.0012593	-0.00134273	-0.00348533	-0.00948246	-0.014133	-0.0159589	-0.0167292	-0.0164442	-0.0161033	-0.0162026	
-0.020664	-0.0202281	-0.0229152	-0.0229773	-0.0237984	-0.0245758	-0.0236365	-0.0223405	-0.0205224	-0.0190312	-0.0168505	-0.0136706	-0.0085347	-0.00372195	-0.000941315	0.000685065	0.00014035	-0.00172416	-0.00781095	-0.0126363	-0.0155948	-0.0178956	-0.017346	-0.0170939	-0.0186245	
-0.0214953	-0.0213202	-0.0230954	-0.0230153	-0.0248575	-0.0260487	-0.0244827	-0.0243106	-0.0241918	-0.0230108	-0.0208396	-0.0189347	-0.0130064	-0.00694737	-0.00322693	-0.000531345	0.000618655	-0.00253933	-0.00884866	-0.0127797	-0.0160229	-0.0189235	-0.0183191	-0.0184833	-0.0199731	
-0.0210504	-0.0199096	-0.0218187	-0.0230134	-0.0253174	-0.0259667	-0.0255492	-0.0266368	-0.0269716	-0.0249427	-0.0244998	-0.0231484	-0.016759	-0.0102475	-0.00606725	-0.00150466	-0.000616652	-0.00292076	-0.00826304	-0.0124516	-0.0159808	-0.0177339	-0.0172679	-0.0176862	-0.0190097	
-0.0162605	-0.0160114	-0.0193178	-0.0211088	-0.022778	-0.0247169	-0.0252541	-0.0270082	-0.0260784	-0.0257422	-0.0253041	-0.0236423	-0.0179566	-0.0130494	-0.00761519	-0.00275829	-0.00135806	-0.00322813	-0.00734536	-0.0113901	-0.0131782	-0.0142317	-0.0144693	-0.0154615	-0.0168656	
-0.0125321	-0.0139897	-0.0174642	-0.0189596	-0.021662	-0.0248764	-0.0260926	-0.0263113	-0.0273104	-0.0273327	-0.026904	-0.0249242	-0.0207071	-0.0159893	-0.0116945	-0.00761701	-0.0052153	-0.00397861	-0.00802452	-0.0110341	-0.0107254	-0.0115389	-0.0122536	-0.0123921	-0.0139711	
-0.00949071	-0.0109287	-0.0141807	-0.0167491	-0.0210156	-0.024503	-0.0243136	-0.0264427	-0.0280674	-0.0283861	-0.0274602	-0.0267261	-0.023336	-0.0193348	-0.0166221	-0.0137721	-0.00942243	-0.0083033	-0.0113373	-0.0126735	-0.0115779	-0.0116544	-0.0116271	-0.0130622	-0.0146887	
-0.00690976	-0.00802029	-0.0117334	-0.0155173	-0.0198176	-0.0221495	-0.0234691	-0.0257809	-0.0276441	-0.0280613	-0.0289117	-0.0293299	-0.0252136	-0.0222693	-0.0216174	-0.0179306	-0.013693	-0.0125088	-0.0144726	-0.0140816	-0.0118638	-0.0112491	-0.010377	-0.0107944	-0.0116719	
-0.00593123	-0.00634537	-0.0107842	-0.0142678	-0.018226	-0.0219759	-0.023024	-0.0250228	-0.0262358	-0.0283445	-0.0308499	-0.0314846	-0.028388	-0.0261927	-0.0252337	-0.0222811	-0.018709	-0.0171099	-0.0173426	-0.0165769	-0.0135879	-0.01079	-0.00885664	-0.0089831	-0.00847143	
-0.00574598	-0.00542839	-0.00829619	-0.0122451	-0.0171419	-0.021105	-0.0214421	-0.0228746	-0.0251385	-0.0281749	-0.0307291	-0.032377	-0.0310593	-0.0296705	-0.0289583	-0.0259412	-0.0233187	-0.0207268	-0.0203434	-0.0190941	-0.0155178	-0.0123873	-0.00896442	-0.00596944	-0.00561027	
-0.00434217	-0.00224667	-0.00444421	-0.00814192	-0.0121594	-0.0153671	-0.0161231	-0.018705	-0.0213925	-0.0234322	-0.0268546	-0.0299908	-0.0303112	-0.0295397	-0.0286114	-0.0270089	-0.0236489	-0.0207817	-0.0205954	-0.0192312	-0.0146072	-0.0103885	-0.00619893	-0.00251979	-0.00112776	
-0.00457715	-0.00229388	-0.00373872	-0.00420069	-0.00699758	-0.00966001	-0.0118792	-0.0143026	-0.0173038	-0.0199911	-0.0238881	-0.0276026	-0.0284622	-0.0278367	-0.0279138	-0.0258556	-0.0238623	-0.0211394	-0.0209559	-0.0183796	-0.013488	-0.0090823	-0.00249015	0.00245298	0.00341318	
-0.00720036	-0.00446267	-0.00384557	-0.00200939	-0.00393851	-0.00631234	-0.00740784	-0.0105845	-0.0147652	-0.0190773	-0.0223297	-0.0263205	-0.0267071	-0.0268539	-0.0270837	-0.0261014	-0.0235543	-0.021473	-0.0210387	-0.0178525	-0.0123532	-0.00732828	-0.000738687	0.00362381	0.00606886	
-0.00808484	-0.00394287	-0.00253164	-0.00052974	-0.00146296	-0.00218689	-0.00301858	-0.00691539	-0.0120701	-0.0152908	-0.0189154	-0.0225902	-0.0242281	-0.0239273	-0.0250462	-0.0229515	-0.0213556	-0.018676	-0.0176816	-0.0145021	-0.00909665	-0.00365962	0.00182593	0.00551234	0.00799442	
-0.00790743	-0.00454489	-0.00236047	-0.00085661	-0.000170703	-0.0012406	-0.00146943	-0.00456524	-0.00773264	-0.0109763	-0.0150858	-0.0193581	-0.0199673	-0.0209321	-0.0214644	-0.0202305	-0.017284	-0.0144727	-0.0139054	-0.00986521	-0.00458208	0.000503775	0.00398744	0.00763047	0.0100494	
-0.00978787	-0.00597795	-0.00418417	-0.00241853	-0.00326942	-0.0035441	-0.00338842	-0.00337757	-0.00673063	-0.00988215	-0.0135851	-0.0165998	-0.0167134	-0.0175058	-0.0186687	-0.0166283	-0.0133841	-0.0104809	-0.00955565	-0.00649509	-0.000185337	0.00342752	0.0068908	0.00994315	0.0114335	
-0.0142786	-0.00973089	-0.00983009	-0.00837127	-0.00971466	-0.00899427	-0.00771056	-0.00762126	-0.0100328	-0.0122904	-0.0143436	-0.0165543	-0.01666	-0.0171908	-0.0179385	-0.0151011	-0.0119018	-0.00852602	-0.00864095	-0.00520335	-0.000212111	0.00418498	0.00763866	0.00954458	0.00850499	
-0.0164666	-0.0133444	-0.0144252	-0.0133925	-0.0138504	-0.0133344	-0.0119847	-0.0109707	-0.0117862	-0.0124156	-0.0141245	-0.0159463	-0.0155372	-0.0146114	-0.0144232	-0.0115251	-0.00728488	-0.00466271	-0.00421808	-0.00157299	0.00346878	0.00730309	0.00925574	0.0113304	0.0100144	
-0.0159818	-0.0149626	-0.0163257	-0.0164206	-0.0170854	-0.0171252	-0.0141185	-0.0112097	-0.011351	-0.010849	-0.0116575	-0.0128877	-0.0112794	-0.0100745	-0.00907137	-0.00592502	-0.00143876	0.00254717	0.00169429	0.00439688	0.0081034	0.0112239	0.0136152	0.0141767	0.0125058	
-0.013934	-0.0147178	-0.0171277	-0.0186683	-0.0199281	-0.019145	-0.0156039	-0.0125638	-0.0118932	-0.0106012	-0.00935316	-0.0103739	-0.00785154	-0.00645477	-0.00449111	-0.000626476	0.00381843	0.00691016	0.00711129	0.00941741	0.0122509	0.0140163	0.0172866	0.0178058	0.015718	
-0.0110879	-0.0126336	-0.0165444	-0.0178759	-0.0193196	-0.0187043	-0.0160184	-0.0135461	-0.0121066	-0.0101118	-0.00809653	-0.00762935	-0.00447488	-0.000686771	0.00144024	0.0045394	0.00742989	0.0108228	0.011328	0.0123748	0.0156619	0.0182434	0.0189129	0.019235	0.0171307	
-0.0100867	-0.0121403	-0.0158124	-0.0172696	-0.0193201	-0.0189302	-0.0170527	-0.0139107	-0.0138593	-0.0110179	-0.00879779	-0.00524693	-0.00141969	0.00388902	0.00543407	0.0078278	0.0106907	0.0136223	0.0133756	0.0147301	0.0166703	0.0193073	0.0198467	0.0218653	0.019389	
-0.00935757	-0.012091	-0.0158594	-0.018622	-0.0205522	-0.0201421	-0.0185605	-0.0157024	-0.0159157	-0.0124365	-0.00887831	-0.00557844	-0.00072803	0.00421441	0.00724887	0.0097539	0.0124192	0.0144368	0.0119149	0.0132366	0.0150898	0.0172502	0.0178918	0.0195742	0.0189977	
