0.153288	0.153228	0.144846	0.138617	0.134343	0.130277	0.129602	0.131448	0.13468	0.13849	0.146419	0.157055	0.168072	0.177671	0.187288	0.192387	0.19365	0.189334	0.180154	0.168965	0.158156	0.149878	0.144984	0.143604	0.15012	
0.154624	0.146463	0.13835	0.132891	0.129283	0.126684	0.1283	0.133218	0.138372	0.144386	0.152694	0.161725	0.170408	0.179294	0.18869	0.194794	0.196195	0.192267	0.182547	0.171879	0.161521	0.153083	0.147181	0.144486	0.149226	
0.139294	0.129722	0.121444	0.116842	0.113896	0.113457	0.117393	0.124751	0.131108	0.137393	0.144187	0.150129	0.155638	0.163534	0.173596	0.181109	0.183909	0.18075	0.171782	0.161659	0.152897	0.144226	0.138337	0.135156	0.139015	
0.104884	0.0961508	0.0879147	0.0839961	0.082828	0.0832998	0.0895317	0.0982042	0.104016	0.109542	0.113626	0.115347	0.117889	0.12474	0.135109	0.14514	0.149165	0.148082	0.140051	0.132933	0.124818	0.118458	0.112376	0.109327	0.111546	
0.0569392	0.048843	0.0420113	0.039805	0.0386538	0.0408674	0.0468244	0.0553736	0.0599989	0.0634783	0.0646254	0.0630052	0.0617527	0.0673483	0.0779278	0.0887452	0.0950932	0.0960809	0.0913225	0.0862673	0.0824582	0.0763522	0.0710556	0.0662427	0.0670395	
0.00577237	0.00109776	-0.00391914	-0.00521916	-0.00535501	-0.00516986	-3.02739e-06	0.00644326	0.00827072	0.0101433	0.008754	0.00349909	-0.000171091	0.00337695	0.0129399	0.02506	0.0321801	0.0363409	0.0335102	0.032485	0.0292968	0.0256868	0.0186943	0.0125852	0.0100516	
-0.0354648	-0.037267	-0.0394922	-0.0393953	-0.0416908	-0.0425969	-0.041064	-0.0371715	-0.0376176	-0.0380487	-0.0412941	-0.048863	-0.0555944	-0.0531715	-0.0442074	-0.0319568	-0.0229221	-0.0175981	-0.0178127	-0.0185681	-0.0194417	-0.0249025	-0.032542	-0.0415018	-0.0452215	
-0.0684609	-0.0659874	-0.0663531	-0.0666985	-0.0700369	-0.0747083	-0.075027	-0.0738291	-0.0766223	-0.078269	-0.0836968	-0.0939649	-0.102242	-0.101271	-0.0920856	-0.078514	-0.0693855	-0.0630739	-0.0646148	-0.0651247	-0.0678533	-0.0733284	-0.0830779	-0.0919708	-0.0977766	
-0.0885865	-0.0839363	-0.0833615	-0.0841969	-0.0903779	-0.096106	-0.098966	-0.0990345	-0.103131	-0.106744	-0.113858	-0.126277	-0.136611	-0.135121	-0.125905	-0.111499	-0.101828	-0.0980358	-0.101144	-0.104712	-0.108799	-0.116395	-0.126304	-0.136526	-0.141535	
-0.0927884	-0.0871241	-0.086833	-0.0892568	-0.0961699	-0.103505	-0.106245	-0.107708	-0.112596	-0.117313	-0.126509	-0.14083	-0.151503	-0.150941	-0.140863	-0.126924	-0.11914	-0.117479	-0.124187	-0.130452	-0.136364	-0.145074	-0.156738	-0.166943	-0.17438	
-0.0821902	-0.0768229	-0.0776476	-0.0808874	-0.0887391	-0.0952003	-0.0986459	-0.0997657	-0.104929	-0.110102	-0.119922	-0.134954	-0.146906	-0.145578	-0.137291	-0.124283	-0.118113	-0.119539	-0.127962	-0.135768	-0.143978	-0.15405	-0.166682	-0.179721	-0.188564	
-0.0646028	-0.0606306	-0.062096	-0.0660771	-0.0732	-0.0793717	-0.0812337	-0.0825518	-0.0858695	-0.0898685	-0.099126	-0.114328	-0.126222	-0.127588	-0.119855	-0.10931	-0.10474	-0.107083	-0.115528	-0.124778	-0.133106	-0.145111	-0.160375	-0.174743	-0.186294	
-0.0473874	-0.044214	-0.0463684	-0.0505853	-0.0573677	-0.0616801	-0.0628377	-0.0613915	-0.0623889	-0.0635784	-0.0713619	-0.0861465	-0.100178	-0.102645	-0.098481	-0.088747	-0.0848995	-0.0874859	-0.095953	-0.10441	-0.11477	-0.127842	-0.144714	-0.161758	-0.175152	
-0.0296572	-0.0276996	-0.0303792	-0.0347808	-0.0409574	-0.0438198	-0.0418091	-0.0379718	-0.0346375	-0.0333574	-0.03992	-0.0552192	-0.0699339	-0.0755505	-0.0719126	-0.0635986	-0.0591876	-0.0617961	-0.0692938	-0.0793618	-0.0895777	-0.104337	-0.123407	-0.142216	-0.15779	
-0.0150934	-0.0140301	-0.0166072	-0.0217417	-0.0268467	-0.0274941	-0.023018	-0.0152947	-0.00931995	-0.00598529	-0.0124543	-0.027906	-0.043347	-0.0488335	-0.0463237	-0.0373778	-0.0333729	-0.0356183	-0.0440481	-0.0541313	-0.066111	-0.0819278	-0.102878	-0.123586	-0.141141	
-0.00656796	-0.00595558	-0.0095277	-0.0137225	-0.01805	-0.0157278	-0.00862096	0.00101858	0.00903189	0.0127402	0.0064246	-0.00824656	-0.0222633	-0.0262752	-0.0222258	-0.0132871	-0.00828082	-0.0115921	-0.0197256	-0.030944	-0.0434899	-0.0607141	-0.0828652	-0.104958	-0.123202	
-0.00460217	-0.00561321	-0.00807273	-0.0124847	-0.0139739	-0.00994322	-0.000918193	0.0092012	0.0172922	0.0212928	0.0157167	0.00243605	-0.00853154	-0.0106769	-0.00515613	0.00560447	0.0104071	0.00804493	-0.000364293	-0.0122537	-0.0259644	-0.0441037	-0.0677505	-0.0892806	-0.107	
-0.00914335	-0.00936856	-0.0121214	-0.014019	-0.0150494	-0.00855352	-0.000100885	0.00940786	0.0170325	0.0213408	0.016822	0.00659481	-0.00250063	-0.00148025	0.00600746	0.0178684	0.0253466	0.0231488	0.015359	0.00387226	-0.0102207	-0.0288045	-0.050967	-0.0720414	-0.089476	
-0.015894	-0.0161124	-0.0159508	-0.0178311	-0.0171366	-0.0119617	-0.00377941	0.00397334	0.0110881	0.0157999	0.0128121	0.00344964	-0.00239904	-0.000100979	0.00901067	0.0237892	0.0318019	0.0314763	0.0250681	0.0137513	0.000473631	-0.0165694	-0.0388585	-0.0589851	-0.0761758	
-0.0255831	-0.0230244	-0.0222578	-0.0226914	-0.024116	-0.0194973	-0.0135133	-0.00688978	3.85529e-05	0.00500262	0.00211777	-0.00535294	-0.010541	-0.00613881	0.00470511	0.0193831	0.0295918	0.0301782	0.0253433	0.0166462	0.00536064	-0.0115259	-0.0325562	-0.0534424	-0.0724464	
-0.0348727	-0.0314646	-0.0293292	-0.0317667	-0.0342213	-0.0319462	-0.0270524	-0.0213801	-0.0152319	-0.0104096	-0.013024	-0.0207964	-0.0241827	-0.0187882	-0.00804009	0.0080502	0.0180372	0.0205877	0.0189193	0.0127902	0.00322792	-0.0120678	-0.0340316	-0.0554668	-0.0737041	
-0.0435649	-0.0391713	-0.0383987	-0.0418546	-0.0463642	-0.045175	-0.0407927	-0.0365607	-0.0305892	-0.0261203	-0.0289822	-0.0362176	-0.0396413	-0.0348147	-0.0234944	-0.0084256	0.00344528	0.00831576	0.00932822	0.00564318	-0.0024432	-0.0180716	-0.0392678	-0.0593504	-0.076755	
-0.0455078	-0.0424486	-0.0426776	-0.047747	-0.0527999	-0.0517425	-0.0482792	-0.0443603	-0.0392522	-0.0348904	-0.0374942	-0.0452579	-0.0494068	-0.0449722	-0.0345571	-0.0182428	-0.00499367	0.00183093	0.00475682	0.0020213	-0.00556227	-0.0198515	-0.0389165	-0.0568505	-0.0716689	
-0.0369221	-0.0350713	-0.0368714	-0.0421639	-0.047029	-0.0464749	-0.0427497	-0.0395282	-0.0343086	-0.030056	-0.0331859	-0.0419846	-0.0468229	-0.0432036	-0.0321042	-0.0149403	-0.000755887	0.00674251	0.0100711	0.00768095	0.00072461	-0.0117807	-0.0290741	-0.0453338	-0.0592504	
-0.0257211	-0.0257268	-0.0277953	-0.0333785	-0.0382801	-0.0376618	-0.0341024	-0.0309633	-0.0252961	-0.0220076	-0.026094	-0.0356358	-0.0404169	-0.0360581	-0.0234883	-0.00649555	0.00774616	0.0148753	0.0185326	0.017295	0.0127889	0.00196695	-0.0133455	-0.0280108	-0.0413709	
-0.0196941	-0.0193291	-0.0217474	-0.0269948	-0.0319631	-0.031202	-0.0278119	-0.0241557	-0.0196555	-0.0173705	-0.0226994	-0.0324692	-0.0363707	-0.0303841	-0.0183918	-0.00156776	0.011615	0.018243	0.0232566	0.0239906	0.0204135	0.0112616	-0.0029749	-0.0175585	-0.0295019	
-0.0195406	-0.0195213	-0.0213794	-0.027136	-0.0316884	-0.0314616	-0.0275917	-0.0255304	-0.0213199	-0.0201382	-0.0253822	-0.0341356	-0.0368701	-0.0317416	-0.0198984	-0.00487321	0.00788401	0.0158602	0.0217395	0.0233786	0.0208166	0.0117982	-0.00264984	-0.0151432	-0.0266022	
-0.0221547	-0.0215158	-0.0238059	-0.0288805	-0.033533	-0.0326103	-0.0302931	-0.0289501	-0.0258219	-0.024256	-0.0279926	-0.0357755	-0.038972	-0.0342497	-0.0241169	-0.00933511	0.00497393	0.0130262	0.0203836	0.022237	0.0194313	0.0100788	-0.00331304	-0.0167014	-0.0276781	
-0.0275125	-0.027294	-0.0287939	-0.0338189	-0.0374844	-0.0375489	-0.0361684	-0.0357025	-0.0324504	-0.0291944	-0.0322855	-0.0398697	-0.0441541	-0.040456	-0.0302925	-0.0140715	0.000244648	0.010435	0.0173507	0.0198093	0.0170271	0.008026	-0.00653122	-0.0194527	-0.0310658	
-0.0321101	-0.0313443	-0.0328147	-0.0368251	-0.0410335	-0.0420072	-0.0410287	-0.0408313	-0.0358544	-0.0325065	-0.0355104	-0.0444057	-0.049164	-0.0455936	-0.0338287	-0.0179386	-0.00220365	0.00675239	0.0143905	0.0163301	0.01337	0.00354505	-0.011274	-0.0252315	-0.0379444	
-0.0303973	-0.0300548	-0.0308662	-0.0360378	-0.0413776	-0.042451	-0.0419207	-0.0391599	-0.0342464	-0.0306907	-0.0351937	-0.0441585	-0.0492455	-0.0439464	-0.0324698	-0.0156521	-0.00103064	0.00878346	0.0158821	0.01769	0.0141349	0.00280558	-0.0132466	-0.0291957	-0.0438251	
-0.0258593	-0.0251273	-0.0277253	-0.0340424	-0.0398855	-0.0415468	-0.0385144	-0.0358258	-0.0307326	-0.0284964	-0.0335117	-0.0421658	-0.045413	-0.0402364	-0.0276063	-0.0108818	0.00435254	0.0143368	0.0213462	0.0226776	0.017765	0.00626213	-0.0123493	-0.0305347	-0.0483806	
-0.0213281	-0.0224327	-0.0259439	-0.0332207	-0.0392229	-0.0383478	-0.0354767	-0.0325658	-0.0287476	-0.0275844	-0.0318805	-0.039133	-0.0420602	-0.0358188	-0.0227424	-0.00527754	0.0111211	0.0209635	0.0279974	0.0282982	0.0236187	0.00940547	-0.010937	-0.0323955	-0.0520379	
-0.0164078	-0.0180882	-0.0227447	-0.0297826	-0.0338533	-0.0331446	-0.0302894	-0.0286319	-0.0261239	-0.0237611	-0.0273738	-0.0342047	-0.0362986	-0.0299055	-0.0161416	0.00280331	0.0186599	0.0286405	0.0347574	0.0344419	0.0267546	0.0103853	-0.0135733	-0.0375517	-0.0585782	
-0.0139995	-0.0169639	-0.0214036	-0.0267824	-0.0306689	-0.029813	-0.0284309	-0.0278158	-0.0239792	-0.0211376	-0.0237486	-0.0300713	-0.0322265	-0.0246706	-0.0095272	0.00960797	0.0265899	0.0366076	0.0422171	0.0400527	0.0299199	0.0102031	-0.0161033	-0.0414947	-0.0643808	
-0.0197656	-0.0227956	-0.0258774	-0.0306826	-0.0343526	-0.0349052	-0.0338725	-0.0323797	-0.0278181	-0.0240462	-0.0260004	-0.0328286	-0.0335272	-0.0253886	-0.00926958	0.0112101	0.0289569	0.0386147	0.0432081	0.0379334	0.0254491	0.00380766	-0.0237775	-0.0516489	-0.0769261	
-0.0302549	-0.0324717	-0.0346637	-0.0391517	-0.0439632	-0.0443568	-0.0428729	-0.0399486	-0.0349247	-0.030747	-0.0330349	-0.038425	-0.0395226	-0.0297676	-0.012521	0.00947597	0.0270309	0.0357111	0.0363417	0.0292265	0.0145009	-0.00882091	-0.0389416	-0.0695243	-0.096611	
-0.0348625	-0.0359536	-0.038558	-0.0439295	-0.0490598	-0.0494025	-0.0459402	-0.042759	-0.0370244	-0.0329821	-0.0336847	-0.039158	-0.0385323	-0.0284442	-0.00935676	0.0131135	0.029458	0.0343365	0.0328327	0.0229359	0.00566848	-0.0201545	-0.0543576	-0.0866094	-0.114141	
-0.028929	-0.0308841	-0.0337315	-0.0400325	-0.0453286	-0.0438	-0.0401546	-0.0357536	-0.0297991	-0.0244541	-0.0245843	-0.0282694	-0.0270757	-0.0150662	0.00424606	0.0254551	0.0392826	0.0421024	0.0381655	0.0253653	0.00530103	-0.0256536	-0.0609532	-0.0939938	-0.12027	
-0.01643	-0.018549	-0.023001	-0.0292105	-0.0328255	-0.0313948	-0.0264149	-0.0213395	-0.0143609	-0.00728771	-0.00633675	-0.00891919	-0.00584766	0.006525	0.023785	0.042844	0.0539585	0.0552414	0.0479752	0.0322438	0.00652309	-0.0248655	-0.06126	-0.0931668	-0.119635	
0.00110944	-0.0028498	-0.00756215	-0.0122221	-0.0159358	-0.0131706	-0.00797732	-0.0020107	0.00666959	0.0143671	0.0169047	0.0159282	0.0193453	0.0303603	0.0455572	0.0615373	0.0712494	0.0689938	0.0581605	0.0372313	0.0113773	-0.0212498	-0.0567294	-0.0889927	-0.114981	
0.0153452	0.0107499	0.0074692	0.00281026	0.000711203	0.00269284	0.0088658	0.0162794	0.0246141	0.0337199	0.0372222	0.0360519	0.0381754	0.0464201	0.0588012	0.0736366	0.0795264	0.0732856	0.0572787	0.0352424	0.00867532	-0.0234783	-0.0591756	-0.0914197	-0.116385	
0.0228775	0.0195993	0.0163134	0.0137597	0.010642	0.0135911	0.019946	0.0273995	0.0360267	0.0452869	0.0484949	0.046431	0.0448734	0.0510341	0.0618084	0.0732095	0.0751932	0.0641335	0.0461931	0.0240559	-0.00204259	-0.0341768	-0.0694804	-0.100359	-0.122891	
0.0281747	0.0258312	0.0241694	0.0211696	0.0188405	0.02134	0.0277097	0.0353073	0.0432174	0.0520753	0.0541807	0.0479954	0.0443325	0.0482401	0.055693	0.0636209	0.0604532	0.0474901	0.0291623	0.00641711	-0.0199922	-0.0515521	-0.0858436	-0.114811	-0.136373	
0.0287058	0.0273128	0.0261021	0.0237137	0.0208412	0.0231542	0.029218	0.0359645	0.0434258	0.0504017	0.0492828	0.0409341	0.0345626	0.0358408	0.0404839	0.0433158	0.0391749	0.0261993	0.007347	-0.0155978	-0.0406465	-0.0710755	-0.10266	-0.131159	-0.151959	
0.0244775	0.0239968	0.0224752	0.0201978	0.0172363	0.0189748	0.0237247	0.0308456	0.0353456	0.0396315	0.0360149	0.0252987	0.0163661	0.0152788	0.01485	0.0177185	0.0132019	0.00080654	-0.0184081	-0.039968	-0.0643368	-0.0908555	-0.12196	-0.149126	-0.16793	
0.0141495	0.0134938	0.0114778	0.00965288	0.00597678	0.00636164	0.0109811	0.015304	0.0175238	0.0182008	0.0123327	-5.06325e-05	-0.0113161	-0.0170749	-0.0171472	-0.0149938	-0.0186746	-0.0308225	-0.0495382	-0.0701382	-0.0906531	-0.116247	-0.14515	-0.1693	-0.18661	
-0.00179801	-0.00298745	-0.00417451	-0.0070544	-0.0109521	-0.0118343	-0.00971312	-0.00723629	-0.00883518	-0.0107581	-0.0181061	-0.0328415	-0.0478198	-0.0543296	-0.0549223	-0.0513109	-0.0548507	-0.0662982	-0.083827	-0.101575	-0.121386	-0.14485	-0.170034	-0.192145	-0.206467	
-0.0187827	-0.0180313	-0.0204776	-0.022832	-0.0276524	-0.0304975	-0.0305591	-0.0312579	-0.035701	-0.0393638	-0.049214	-0.0664436	-0.0827552	-0.0895676	-0.0885131	-0.0847696	-0.0879752	-0.097851	-0.113148	-0.130177	-0.148244	-0.168454	-0.191547	-0.210378	-0.221897	
-0.0337167	-0.0322261	-0.034321	-0.0375286	-0.0435028	-0.0482048	-0.0514921	-0.0539352	-0.059936	-0.0656408	-0.0779087	-0.0966358	-0.113106	-0.118272	-0.117064	-0.11242	-0.114202	-0.121281	-0.135184	-0.150955	-0.16663	-0.185048	-0.204907	-0.220826	-0.22853	
