0.0060503	0.0060503	0.00722636	0.00873062	0.0101483	0.0109708	0.0126155	0.0139994	0.0157159	0.0180946	0.0203636	0.0223119	0.0233161	0.0231954	0.0220055	0.0196277	0.0154058	0.0119712	0.00934346	0.00892205	0.00964673	0.010486	0.0113792	0.0118016	0.0123129	
0.0060503	0.00781048	0.00883363	0.0104854	0.0117197	0.012554	0.013781	0.015443	0.0169071	0.0191794	0.0207892	0.0226746	0.0231322	0.023135	0.0218702	0.0194291	0.0154458	0.0120437	0.00975347	0.009724	0.0109162	0.0117062	0.0127573	0.012898	0.0139362	
0.00738642	0.00899718	0.0108679	0.012246	0.0127949	0.0144418	0.0149463	0.0164027	0.0182954	0.0207674	0.0212186	0.0231047	0.0237111	0.0230738	0.0216698	0.019405	0.0156131	0.0126125	0.0107788	0.010419	0.0117442	0.0133632	0.0139941	0.0143103	0.0152686	
0.00904891	0.0107281	0.0123495	0.0133208	0.0141812	0.0152008	0.0166052	0.0181351	0.0201068	0.0213813	0.0227356	0.0229987	0.0240197	0.0231826	0.0222436	0.0189335	0.0160899	0.0126908	0.0115269	0.0115466	0.0129416	0.0144309	0.0149434	0.015571	0.0160021	
0.010649	0.0120622	0.0130157	0.014248	0.0153078	0.0157057	0.0173826	0.0193126	0.0207147	0.0221713	0.0235395	0.0233585	0.0228671	0.0226275	0.021122	0.0185381	0.0154192	0.012787	0.0113137	0.0125589	0.0136661	0.0153275	0.0160021	0.016436	0.0167697	
0.011503	0.0129863	0.0148593	0.0155357	0.015871	0.0176674	0.019505	0.020614	0.0228882	0.024822	0.0243894	0.0244285	0.024057	0.0225039	0.0211764	0.0190517	0.0159584	0.013411	0.0125272	0.0135429	0.0150513	0.0169072	0.0172598	0.0180467	0.0183979	
0.0132377	0.0143094	0.0153546	0.0169592	0.0175773	0.0195874	0.0213668	0.0232959	0.0252557	0.0274198	0.0256757	0.0257137	0.0241861	0.0233363	0.0214966	0.0193376	0.0156989	0.0140061	0.012852	0.0146995	0.0161993	0.0183533	0.0187998	0.0198117	0.0204074	
0.014624	0.0159193	0.0166634	0.0182486	0.0192381	0.0205937	0.0233386	0.0252907	0.0276455	0.0282396	0.0271304	0.0258628	0.0245246	0.0218759	0.0206565	0.017375	0.0149401	0.0124427	0.0125084	0.0143949	0.0163606	0.0184696	0.0195377	0.0203073	0.0205372	
0.0160425	0.0170504	0.018267	0.0199801	0.0205375	0.022715	0.0250265	0.0274905	0.0296027	0.0303813	0.0275919	0.0261631	0.022712	0.0201867	0.0182909	0.0158658	0.0122507	0.0106857	0.00998718	0.0122717	0.0146172	0.0174801	0.0190339	0.0199618	0.0204515	
0.0180178	0.01896	0.0203876	0.0208326	0.0216984	0.0243492	0.0269335	0.027813	0.0301126	0.0291414	0.0259449	0.022297	0.0194089	0.0154238	0.0139786	0.0100623	0.00658151	0.00417877	0.00494894	0.00730509	0.0102308	0.0134134	0.0145488	0.0162472	0.0170688	
0.0198503	0.0201251	0.0203612	0.0217086	0.0226724	0.0235752	0.0249492	0.0264493	0.0269202	0.0254597	0.0213753	0.0161804	0.0107824	0.00742723	0.00440538	0.000426205	-0.00299167	-0.00488865	-0.00453007	-0.00125641	0.00173764	0.00575623	0.00755707	0.0095146	0.0106326	
0.0213524	0.0216399	0.0218138	0.021696	0.0221815	0.0232463	0.0245577	0.0247766	0.0250124	0.0214942	0.0158452	0.00991107	0.004358	-0.000987229	-0.00433241	-0.0085142	-0.0116236	-0.0140144	-0.0135783	-0.00963261	-0.00617784	-0.00182502	-6.92129e-05	0.00224967	0.00290758	
0.0219938	0.0217051	0.0219723	0.0223411	0.0213395	0.0226402	0.0228299	0.0231611	0.0212564	0.0182744	0.0100385	0.00408486	-0.00383284	-0.00792559	-0.0120418	-0.0158239	-0.0201278	-0.0215507	-0.0217261	-0.0171554	-0.0123118	-0.0081592	-0.0063358	-0.00385866	-0.0028078	
0.0213308	0.0211924	0.021043	0.0212358	0.0209158	0.0210088	0.0219756	0.0205093	0.0188456	0.0143593	0.00675279	-0.00132121	-0.00802264	-0.014198	-0.0176916	-0.0223076	-0.0261244	-0.0280786	-0.0261991	-0.0218005	-0.01711	-0.0124607	-0.0104326	-0.00822845	-0.0070463	
0.0197306	0.0195588	0.0193917	0.0200905	0.0192868	0.0196247	0.0201468	0.019502	0.0172802	0.013238	0.00413679	-0.004383	-0.0119197	-0.017508	-0.021714	-0.026342	-0.0300335	-0.0315986	-0.0300525	-0.0254837	-0.02006	-0.0151776	-0.0124416	-0.0106768	-0.00993591	
0.0170971	0.0168476	0.0168711	0.0165694	0.0165675	0.0175304	0.018089	0.0164376	0.0151813	0.00966651	0.000529004	-0.00808923	-0.0153276	-0.0219373	-0.0261262	-0.0304647	-0.0343412	-0.0356498	-0.0342934	-0.0284928	-0.0232278	-0.017497	-0.0151608	-0.0135719	-0.0130759	
0.0125885	0.0125984	0.0129501	0.0136055	0.0134021	0.0144573	0.0145732	0.0142182	0.011908	0.0065946	-0.00248225	-0.0108494	-0.0193285	-0.025454	-0.029488	-0.0339753	-0.0378335	-0.0394885	-0.0371718	-0.0313435	-0.0251582	-0.0201156	-0.0172181	-0.0151832	-0.0146406	
0.00901055	0.00908392	0.00992631	0.0102978	0.0109491	0.0119622	0.0129749	0.011969	0.0105603	0.00447098	-0.00396849	-0.0127632	-0.0202489	-0.0268585	-0.0305305	-0.0348578	-0.0389989	-0.0406733	-0.0375406	-0.0311578	-0.0254647	-0.0195658	-0.016932	-0.0149504	-0.0144902	
0.00655398	0.00703562	0.00824928	0.00936785	0.0097093	0.0113038	0.0120657	0.0122281	0.010007	0.00554397	-0.00319542	-0.0118012	-0.0197918	-0.0243104	-0.0282478	-0.0327714	-0.03596	-0.0368325	-0.0346751	-0.0280718	-0.021189	-0.0152567	-0.0124749	-0.0106528	-0.0106418	
0.0064058	0.00727239	0.00806958	0.0096981	0.0112506	0.0125447	0.0141777	0.0143938	0.0125912	0.00820718	0.000491975	-0.00729249	-0.0145533	-0.019101	-0.0228522	-0.0261862	-0.0294502	-0.0297983	-0.0274035	-0.0203609	-0.0132992	-0.00674671	-0.00382526	-0.00188116	-0.00153018	
0.00732641	0.00859549	0.00960011	0.0113432	0.0125924	0.0143305	0.0158855	0.0164211	0.0149792	0.0112352	0.0037235	-0.00351795	-0.00930811	-0.0139678	-0.0171332	-0.0205676	-0.0228581	-0.02375	-0.0200872	-0.0127838	-0.00422081	0.00145891	0.00500564	0.00768227	0.00757988	
0.00843125	0.0096417	0.0113916	0.0129458	0.0143871	0.0163068	0.0180138	0.0184523	0.0177317	0.0142295	0.00754384	0.000689076	-0.00526688	-0.00938367	-0.0123111	-0.0147783	-0.0177271	-0.0177634	-0.0140662	-0.00622892	0.00152253	0.00901658	0.0129094	0.0150107	0.0151081	
0.00962409	0.0109571	0.0122708	0.0135198	0.0148938	0.0164964	0.0183313	0.0192204	0.0188858	0.0149525	0.00887547	0.00199242	-0.00375001	-0.00766198	-0.00985623	-0.0126881	-0.015173	-0.0154274	-0.011516	-0.00355423	0.004929	0.0128177	0.017414	0.0195631	0.0197692	
0.010116	0.0110709	0.0126842	0.014355	0.0153454	0.0170018	0.0189534	0.0195326	0.0193515	0.0162012	0.010252	0.00371657	-0.00183341	-0.00612514	-0.00873458	-0.0117227	-0.0137442	-0.014038	-0.0102785	-0.00209247	0.00723119	0.0145824	0.0192831	0.0220595	0.0223378	
0.0105783	0.0119563	0.0133766	0.0145451	0.0154214	0.0170074	0.0191305	0.0192662	0.0192091	0.0163074	0.0106038	0.00356533	-0.00163901	-0.005791	-0.00878139	-0.012134	-0.0141563	-0.0144778	-0.0111263	-0.00242199	0.00646506	0.0140548	0.0189019	0.0217638	0.0213589	
0.0112716	0.012176	0.0132063	0.0139698	0.0145284	0.0156706	0.0171291	0.0176336	0.0171073	0.0137194	0.00772493	0.00131041	-0.00455585	-0.00873257	-0.0117446	-0.0146439	-0.0179134	-0.0184956	-0.0148371	-0.00653887	0.00213012	0.0108588	0.0153975	0.0181688	0.0183574	
0.0115394	0.0123436	0.0130011	0.0130271	0.0134906	0.014095	0.0145989	0.0148327	0.0147235	0.0107387	0.00493141	-0.00143678	-0.00774194	-0.0124335	-0.0154065	-0.01936	-0.02238	-0.0229599	-0.0192321	-0.0118363	-0.00225062	0.00596132	0.0103014	0.0130966	0.0141723	
0.0113343	0.0121867	0.0130056	0.0130665	0.0128123	0.0132245	0.0135829	0.013835	0.0131944	0.00953224	0.00385028	-0.00326199	-0.0101244	-0.0146163	-0.0180843	-0.0225699	-0.0255483	-0.0265284	-0.0235331	-0.0156406	-0.00692671	0.00154023	0.00614241	0.00909346	0.00901392	
0.0114794	0.0118939	0.0115784	0.0111924	0.0111721	0.0107661	0.0111826	0.0108441	0.00987662	0.00517702	-0.000722053	-0.00783194	-0.0147347	-0.0194382	-0.0231741	-0.0274162	-0.0310694	-0.0321415	-0.0289671	-0.0209066	-0.0118677	-0.0032231	0.00193748	0.0047845	0.00507351	
0.0117249	0.012472	0.0128237	0.0125476	0.0122495	0.0123083	0.0126806	0.0119234	0.011357	0.00703384	0.000932152	-0.00675471	-0.013074	-0.0183659	-0.0222513	-0.027163	-0.030013	-0.0314734	-0.0283139	-0.0202111	-0.0112655	-0.00316577	0.0017655	0.00501643	0.00479551	
0.0125859	0.0137914	0.0143289	0.0141342	0.0133568	0.0135542	0.0139334	0.0134618	0.0124626	0.00836479	0.00206282	-0.00548926	-0.012626	-0.0175237	-0.0213607	-0.0263237	-0.0293664	-0.0306238	-0.0275769	-0.019631	-0.0104573	-0.00228854	0.00283737	0.00580098	0.00611302	
0.013811	0.0146138	0.0145397	0.0141853	0.0142847	0.0138878	0.0146391	0.0133155	0.0128246	0.00744069	0.00135339	-0.00663244	-0.0130865	-0.0187211	-0.022533	-0.0273041	-0.0305084	-0.0318375	-0.0293318	-0.0202923	-0.0117643	-0.00214567	0.00305931	0.00640169	0.00630097	
0.0148049	0.0158166	0.0161375	0.0165712	0.0162326	0.0166028	0.0167891	0.0167805	0.0152811	0.010638	0.00399904	-0.00318019	-0.0112409	-0.0161787	-0.0200523	-0.0260109	-0.0286386	-0.0294884	-0.0267281	-0.0189706	-0.00883618	-0.000310087	0.00576357	0.00903489	0.00932211	
0.0158123	0.0171249	0.0178386	0.0179034	0.0183993	0.0191224	0.0200735	0.0194351	0.0190674	0.0138209	0.0076787	5.42053e-05	-0.00748695	-0.013387	-0.0172956	-0.0227805	-0.0259032	-0.026662	-0.0234626	-0.0144915	-0.0061372	0.00394165	0.00950845	0.0129402	0.0132826	
0.0158397	0.0174611	0.0185651	0.0195671	0.0201706	0.0214174	0.022301	0.0226418	0.0219002	0.0171889	0.0101275	0.00330298	-0.00461428	-0.0102843	-0.0145248	-0.0198051	-0.0229423	-0.023577	-0.0202035	-0.0119926	-0.00182917	0.00812382	0.0136966	0.0174104	0.0183159	
0.0164447	0.0183197	0.0198195	0.0210861	0.022249	0.0238545	0.025886	0.0254052	0.0251237	0.0208889	0.0142041	0.00651646	-0.000568573	-0.00625292	-0.0107208	-0.0159328	-0.018815	-0.0197546	-0.0165339	-0.00760781	0.00225851	0.0121262	0.0182769	0.0221607	0.0224236	
0.0157027	0.0180565	0.0200241	0.022124	0.0228951	0.025194	0.0271446	0.0278888	0.026724	0.023131	0.016434	0.00939822	0.00173497	-0.00345468	-0.00805495	-0.0138	-0.0164164	-0.0173605	-0.0144205	-0.00545112	0.00482769	0.0139226	0.0200752	0.0247562	0.0250054	
0.0144006	0.0163257	0.0181453	0.019996	0.0224798	0.0245468	0.0269673	0.0270643	0.0271627	0.022196	0.0163794	0.00953404	0.00186291	-0.00440933	-0.00874367	-0.0146758	-0.0184928	-0.0187826	-0.0158613	-0.00741884	0.00245895	0.0129155	0.0189127	0.0230613	0.0243181	
0.0121391	0.0141832	0.0161317	0.0182325	0.0199537	0.0227254	0.0246628	0.0257723	0.0249916	0.0210729	0.0141541	0.00716219	-0.00107429	-0.00726949	-0.0122792	-0.0187776	-0.0225862	-0.0237885	-0.0205999	-0.0125011	-0.00230878	0.00753241	0.014494	0.0183765	0.0188058	
0.00950787	0.0113158	0.0129536	0.0152215	0.0175489	0.0201612	0.0223138	0.0228029	0.0222724	0.0179834	0.0105646	0.00346744	-0.00446222	-0.0124317	-0.0183181	-0.0242536	-0.0289313	-0.0304095	-0.027423	-0.0189668	-0.00946206	0.000790582	0.00704071	0.0112135	0.012027	
0.00736201	0.00891481	0.0104814	0.0128101	0.0150698	0.0173042	0.0196293	0.0193599	0.0182054	0.0138377	0.00614641	-0.00226811	-0.0105251	-0.0179996	-0.0246047	-0.0321328	-0.036609	-0.0379304	-0.0357452	-0.0274134	-0.0170091	-0.0076761	-0.00154759	0.00276758	0.00322633	
0.00654233	0.00774407	0.00931395	0.0116751	0.0133262	0.0159055	0.0177582	0.0177891	0.0155071	0.011161	0.00319799	-0.00524548	-0.0147137	-0.0222693	-0.0293592	-0.0370117	-0.0423014	-0.0441971	-0.0420268	-0.0337744	-0.0240169	-0.0145402	-0.00811004	-0.00471492	-0.00430148	
0.00730686	0.00836535	0.0102245	0.0117352	0.0127173	0.0149365	0.0163197	0.0156493	0.013701	0.00884955	0.000756074	-0.00772063	-0.0167526	-0.0257175	-0.0332743	-0.0408883	-0.0467474	-0.0493429	-0.046545	-0.0388307	-0.0297063	-0.0202451	-0.0140173	-0.0102803	-0.00977349	
0.00959926	0.010092	0.0114926	0.013107	0.0145056	0.0155707	0.0162085	0.0152244	0.0136083	0.00830931	0.000351273	-0.00807143	-0.0173155	-0.0265174	-0.034604	-0.0424176	-0.0490859	-0.0515051	-0.0493785	-0.041281	-0.0321556	-0.0230589	-0.0166195	-0.0119011	-0.011398	
0.0129905	0.0134457	0.0143024	0.015384	0.0158365	0.0178006	0.0181224	0.0174493	0.0149093	0.0107566	0.00199003	-0.00647909	-0.0158443	-0.0248486	-0.0334449	-0.0414462	-0.0477633	-0.0513318	-0.0489657	-0.0413494	-0.0316103	-0.0227689	-0.0159471	-0.0116766	-0.0106942	
0.0164336	0.0165096	0.0166721	0.0177849	0.0194357	0.0199031	0.0208373	0.0200231	0.018595	0.0135529	0.00582143	-0.00347436	-0.012505	-0.0218328	-0.0306813	-0.0388975	-0.0457844	-0.0484655	-0.0466869	-0.0390429	-0.0303487	-0.0199742	-0.0137382	-0.00935936	-0.00821564	
0.018902	0.0190655	0.0195906	0.0203141	0.0207399	0.0218979	0.0231129	0.0222223	0.0198351	0.015756	0.00820205	-0.000946803	-0.01019	-0.0192046	-0.0277041	-0.036311	-0.0429979	-0.0463628	-0.0436359	-0.0365996	-0.0267315	-0.0173958	-0.0104031	-0.00527114	-0.00353108	
0.0213187	0.0213414	0.0224698	0.0234309	0.0239845	0.0253323	0.0268768	0.0264475	0.0248223	0.0207101	0.0132875	0.00503632	-0.00392721	-0.0129534	-0.0213478	-0.0291837	-0.0364777	-0.0400095	-0.0381492	-0.0307303	-0.0213218	-0.0114685	-0.00480307	0.000340532	0.00251594	
0.022023	0.0224946	0.0234356	0.0245841	0.0257842	0.0270995	0.0280098	0.0287769	0.0278973	0.0239361	0.0171448	0.00965684	0.000934388	-0.00789397	-0.01582	-0.0242981	-0.03088	-0.0344528	-0.0330589	-0.02581	-0.0159999	-0.00635117	0.000496467	0.00630096	0.00817274	
0.0218739	0.022411	0.0238742	0.0256826	0.0273889	0.028773	0.0307165	0.0311802	0.0306222	0.0281605	0.0223933	0.0146346	0.00664701	-0.00114299	-0.00974694	-0.0176227	-0.024541	-0.0283683	-0.0267595	-0.019331	-0.0105906	-0.000715794	0.00711756	0.0122933	0.0150927	
