0.00382883	0.004127	0.00326985	0.00287356	0.00232106	0.00209428	0.00107108	0.00020988	-0.000829064	-0.00164823	-0.00229531	-0.00279432	-0.00243649	-0.00220601	-0.0014724	-0.000915469	-0.000382738	0.000282637	-0.000265787	-0.000167227	-0.000699893	-0.000826345	-0.000761046	-0.0013361	-0.00127286	
0.00387245	0.00437883	0.00341535	0.00297178	0.00214042	0.00166559	0.000715193	-0.000270264	-0.00107727	-0.00192816	-0.00223421	-0.00258633	-0.00228987	-0.00167343	-0.000902974	-0.000703673	2.7917e-05	0.000503342	-0.000171576	-0.00011314	-0.00080482	-0.000781761	-0.000714099	-0.00115777	-0.00094515	
0.00412596	0.00394116	0.0033149	0.00311093	0.00172348	0.000547076	-0.000637017	-0.00110787	-0.00217779	-0.00301732	-0.00296915	-0.00278916	-0.002408	-0.00144766	-0.000998619	2.25707e-05	0.000371624	0.00114782	0.000944221	0.000874648	1.39601e-05	0.000192678	0.000145373	0.000173332	-0.000100566	
0.00444856	0.00461752	0.00392322	0.00305974	0.00192097	0.000507845	-0.00131557	-0.00182004	-0.00248264	-0.00291283	-0.0028031	-0.00257087	-0.00184176	-0.00080566	0.000168438	0.000164927	0.00116922	0.00167999	0.0010904	0.00121037	0.000550899	0.000122672	0.000562738	0.00016962	0.000389857	
0.00448143	0.00458196	0.00390236	0.00339646	0.00178502	-0.000157096	-0.00116794	-0.00221578	-0.00293715	-0.00321542	-0.00313217	-0.00283664	-0.00169958	-0.000954632	0.00014619	0.000101365	0.00104988	0.00142054	0.000776134	0.000651447	0.00020562	3.78424e-05	7.31433e-05	0.000393991	0.000534592	
0.00513031	0.00501651	0.00415239	0.00366182	0.00174976	-0.000486727	-0.00138763	-0.00243475	-0.00326316	-0.00369765	-0.00406581	-0.00307559	-0.00238151	-0.00114015	-0.00035831	-0.000296804	0.000217401	0.000633594	-2.42184e-05	-0.000465153	-0.000877434	-0.00163535	-0.000845846	-0.000619911	-0.000463538	
0.00493197	0.00459535	0.003433	0.00260592	0.000551262	-0.00126809	-0.00298422	-0.0039159	-0.00463462	-0.00554245	-0.00511475	-0.00510289	-0.00331352	-0.00262187	-0.000994041	-0.00169958	-0.000775087	-0.000393191	-0.00153446	-0.00107829	-0.00215085	-0.00213547	-0.00155693	-0.00113075	-5.27652e-05	
0.00465322	0.00491726	0.00367923	0.00269277	0.000719423	-0.0019506	-0.0028168	-0.00422909	-0.00513247	-0.00605024	-0.00544868	-0.00464983	-0.00353883	-0.00183316	-0.000794877	-0.000988294	0.000255091	0.000420191	-0.000511512	-0.000624218	-0.000760403	-0.00115518	-0.000627888	-0.000120871	0.000826122	
0.00637785	0.00586212	0.00456745	0.00402071	0.0014509	-0.00102744	-0.00242888	-0.00380252	-0.00474874	-0.00508743	-0.00502094	-0.00411804	-0.00237313	-0.000820464	-4.3794e-05	0.000105299	0.000347753	0.000910061	-0.000410063	-0.000587675	-0.00132842	-0.0011518	-0.00091512	0.000172847	0.000985862	
0.00531156	0.00576025	0.0041156	0.0033001	0.000879999	-0.00148546	-0.00340702	-0.00466718	-0.00515849	-0.00591609	-0.00568178	-0.00414127	-0.002832	-0.00100645	0.000445338	-0.000236807	0.000897068	0.000596317	-0.000625976	-0.0004981	-0.00122253	-0.00173138	-0.000137163	8.13757e-05	0.00171433	
0.00598081	0.00552116	0.00403215	0.00369106	0.00055589	-0.00247233	-0.00419568	-0.00539454	-0.00618698	-0.00737789	-0.00637769	-0.00574156	-0.00342946	-0.00233627	-0.000791954	-0.00102675	-0.000461774	-0.000409779	-0.00219797	-0.00198494	-0.0031127	-0.00262019	-0.0022822	-0.00108257	0.000566424	
0.00569708	0.00575214	0.00404134	0.00323774	0.000194168	-0.00282013	-0.00466646	-0.00585395	-0.00694839	-0.00725778	-0.0071281	-0.00580452	-0.0041409	-0.00194051	-0.000824114	-0.00134122	-0.000745964	-0.000523484	-0.00220184	-0.00250494	-0.003292	-0.00377501	-0.00238338	-0.00171536	0.000155081	
0.00530095	0.00513511	0.00356794	0.00268903	-0.000187059	-0.00328775	-0.00502414	-0.00637156	-0.00689026	-0.00761353	-0.00716318	-0.00587922	-0.00364889	-0.00186976	-0.000221342	-0.000868835	-0.000310145	-0.000396484	-0.0021891	-0.0020595	-0.00350042	-0.00365378	-0.00238576	-0.000864321	0.000877359	
0.00631938	0.00605385	0.00424095	0.00370394	0.000620039	-0.00270551	-0.00433155	-0.00556973	-0.00622367	-0.00693752	-0.00665845	-0.00468096	-0.00290959	-0.000628013	0.00113363	0.00031808	0.00138595	0.000654323	-0.000903543	-0.00169711	-0.00263693	-0.00323953	-0.00195745	-0.000600513	0.00103141	
0.00627362	0.00535274	0.00365507	0.00249776	-0.000525143	-0.00351868	-0.00589539	-0.00671852	-0.00783192	-0.00828512	-0.00738291	-0.00631652	-0.00335207	-0.00138548	0.00054853	-0.000195058	0.000121019	0.000731945	-0.00210772	-0.00239887	-0.00398858	-0.00390773	-0.00269083	-0.00114413	0.00135287	
0.0052788	0.00544304	0.00306454	0.00218465	-0.000799821	-0.00461797	-0.00624063	-0.00759035	-0.00809982	-0.00874136	-0.00780968	-0.00603937	-0.00355167	-0.00100079	0.00087253	-0.000116604	0.00140112	0.000626808	-0.00129507	-0.00211198	-0.00333142	-0.00403574	-0.00249179	-0.000725693	0.00137657	
0.00645981	0.00551325	0.00372709	0.00281226	-0.000470589	-0.00435053	-0.00598207	-0.00760879	-0.0080443	-0.00835273	-0.00749972	-0.00577149	-0.00297053	-0.000513039	0.000863512	0.000693724	0.00102654	0.000948382	-0.00187489	-0.00233919	-0.00413161	-0.00427097	-0.00346504	-0.00107539	0.000655924	
0.00571415	0.00572653	0.00359307	0.00254365	-0.00144969	-0.00434952	-0.00687272	-0.00775631	-0.00862183	-0.0087575	-0.00779444	-0.00565727	-0.00279543	-0.000325982	0.00138511	0.000622275	0.00131966	0.000836712	-0.00157039	-0.00271011	-0.00410446	-0.00461541	-0.00292754	-0.00167046	0.00105473	
0.00613285	0.00585761	0.00381119	0.00228827	-0.000844181	-0.00507845	-0.00717677	-0.00808576	-0.00855859	-0.00918237	-0.00770271	-0.0057399	-0.00242726	-1.89873e-05	0.00175738	0.00117752	0.00138003	0.00108668	-0.00185796	-0.00261114	-0.00450728	-0.00489563	-0.00344693	-0.0016469	0.00106131	
0.00649791	0.00571888	0.00348366	0.0021649	-0.00178472	-0.00549193	-0.00736023	-0.00887717	-0.00930623	-0.0096154	-0.00830675	-0.00579504	-0.00273538	0.000108215	0.00203443	0.00128662	0.00188169	0.00116494	-0.00147883	-0.00275943	-0.00437743	-0.00481793	-0.00357642	-0.000960478	0.00126418	
0.00635569	0.00588854	0.00362329	0.0016434	-0.0019491	-0.00568876	-0.00811896	-0.00870717	-0.00987382	-0.00968544	-0.00852706	-0.00564397	-0.00247662	0.000554684	0.00211725	0.00181432	0.00209671	0.00188842	-0.00139191	-0.00242355	-0.00454313	-0.00475536	-0.00306755	-0.00112787	0.0020719	
0.00655129	0.00647105	0.00354878	0.00239458	-0.00148267	-0.0052364	-0.00766033	-0.00880777	-0.0088543	-0.00947825	-0.00782667	-0.00527989	-0.00196591	0.00103715	0.00286105	0.00227921	0.0027904	0.00167317	-0.000560016	-0.00273311	-0.00420196	-0.00483426	-0.00323126	-0.000725022	0.00183508	
0.00686549	0.00587537	0.00392581	0.00177491	-0.0018649	-0.00554501	-0.00808306	-0.0090275	-0.0100529	-0.00987707	-0.00842026	-0.00574238	-0.00237084	0.000552608	0.00251418	0.00187879	0.00191099	0.00168081	-0.00195136	-0.00297583	-0.00530021	-0.00538787	-0.00366663	-0.00134289	0.001906	
0.00580972	0.00556914	0.00321663	0.00128202	-0.00247006	-0.00623278	-0.00873549	-0.0101074	-0.0104467	-0.0109499	-0.00916733	-0.00645671	-0.00274125	0.000299025	0.00207875	0.00154169	0.00210868	0.00131263	-0.00150032	-0.0034637	-0.0051966	-0.00522273	-0.00352479	-0.000699682	0.00191731	
0.00538562	0.00485381	0.00248057	0.000411158	-0.0028709	-0.0069705	-0.00956455	-0.0106752	-0.0112783	-0.0110474	-0.00969221	-0.00670851	-0.00315882	0.000344459	0.00212923	0.00194976	0.00205192	0.00127767	-0.00152794	-0.00310646	-0.00517722	-0.0049148	-0.00312923	-0.000215021	0.00262779	
0.00599105	0.00535763	0.00346381	0.00128921	-0.00296891	-0.00621681	-0.00891208	-0.0101732	-0.0106596	-0.0110409	-0.00908172	-0.00620466	-0.00238059	0.000829578	0.00272595	0.00256367	0.00236175	0.00197821	-0.0011044	-0.00288105	-0.00443062	-0.00479207	-0.00266676	-6.79319e-05	0.0029268	
0.00550202	0.00526124	0.00293626	0.000577945	-0.0026307	-0.00703229	-0.00934647	-0.0104611	-0.0112484	-0.0109681	-0.00961874	-0.006268	-0.0024316	0.000885168	0.00283618	0.00221624	0.00287937	0.00171665	-0.000835908	-0.00294019	-0.00473462	-0.00455693	-0.00270793	0.000238772	0.00314677	
0.00558885	0.00501348	0.00278734	0.000265993	-0.00318503	-0.00747001	-0.00981786	-0.0115628	-0.011521	-0.0117643	-0.00985228	-0.00661536	-0.00291862	0.000600414	0.00245333	0.0023234	0.00225448	0.00111754	-0.00151332	-0.00400566	-0.00546411	-0.00540792	-0.00362255	0.000111039	0.0024774	
0.00562658	0.00522282	0.0033487	0.000762204	-0.00322636	-0.00702171	-0.00995484	-0.0109349	-0.0121885	-0.0118792	-0.0101983	-0.00686253	-0.00285217	0.000582641	0.00270312	0.00268535	0.00304588	0.00221849	-0.00077835	-0.00287816	-0.00452107	-0.00471735	-0.00246998	1.04875e-05	0.00337292	
0.00558307	0.00524569	0.00312984	0.000244528	-0.00323178	-0.00747796	-0.00983906	-0.0116283	-0.0119324	-0.0118867	-0.00996354	-0.00645484	-0.00235109	0.00122921	0.0033101	0.0033887	0.00369604	0.00256351	-0.000131463	-0.00297545	-0.00439068	-0.00477827	-0.00274687	0.000466886	0.00320596	
0.00515747	0.00426651	0.00262586	-0.000402955	-0.00376058	-0.00817014	-0.0105686	-0.0121217	-0.0126208	-0.0125066	-0.0104222	-0.00694059	-0.00256166	0.00101249	0.00355447	0.00377748	0.00432834	0.00301406	0.000380895	-0.00198696	-0.00407736	-0.00361463	-0.00222561	0.0014635	0.0038409	
0.00559388	0.00534824	0.00324341	0.000334895	-0.00373486	-0.00784756	-0.0105796	-0.0120266	-0.0129519	-0.0127098	-0.0108903	-0.00712986	-0.00285034	0.00108259	0.0033024	0.00389714	0.0040867	0.0031663	0.000208518	-0.00259734	-0.00390291	-0.004647	-0.00223032	0.000317907	0.00321768	
0.00602964	0.00533097	0.0031915	0.000172376	-0.00385105	-0.00826748	-0.0108145	-0.0128357	-0.0134491	-0.0134655	-0.0114779	-0.00779956	-0.00354868	0.000398848	0.00271225	0.00307809	0.00375963	0.00209429	-0.000301444	-0.00334329	-0.00496576	-0.00519137	-0.00327708	0.000349581	0.00262218	
0.00648317	0.00603513	0.00389155	0.000832166	-0.00288973	-0.007511	-0.0102327	-0.0120942	-0.0128746	-0.0124455	-0.0109062	-0.00675961	-0.00257455	0.00138637	0.00380751	0.00426099	0.00493861	0.00335073	0.000658808	-0.00247939	-0.00432866	-0.00453114	-0.00239504	0.00094423	0.00356944	
0.00688483	0.00625509	0.00431663	0.00101459	-0.0029077	-0.00732138	-0.00994504	-0.0122575	-0.0129936	-0.0128099	-0.0107506	-0.00722768	-0.00251108	0.00132746	0.00400678	0.00464934	0.00539918	0.00415586	0.0013343	-0.0017337	-0.00333599	-0.00353446	-0.00143211	0.00181255	0.00416185	
0.00760644	0.00691418	0.0044839	0.0016049	-0.00312529	-0.00714576	-0.0103408	-0.0125363	-0.0134076	-0.0131126	-0.0114202	-0.00728145	-0.00306609	0.00105586	0.00383802	0.00429939	0.00514228	0.00343413	0.000903626	-0.00222473	-0.00375664	-0.00419802	-0.00183076	0.00121888	0.00396649	
0.00869194	0.00764293	0.00564	0.00197207	-0.00175311	-0.0066064	-0.00979439	-0.0122734	-0.013111	-0.0131479	-0.0111339	-0.00741497	-0.00282373	0.00136199	0.00387905	0.00475991	0.00509122	0.00401573	0.000905877	-0.00172888	-0.00392871	-0.00375259	-0.00176761	0.00138451	0.00406513	
0.0091335	0.00854176	0.00593301	0.00303041	-0.00170164	-0.00624837	-0.00889458	-0.0120531	-0.0129516	-0.0128335	-0.0108439	-0.00697623	-0.00241344	0.00130718	0.0045873	0.00469524	0.00580881	0.00392903	0.00142039	-0.00196849	-0.00342608	-0.00369567	-0.00162416	0.00154763	0.0038274	
0.00905639	0.00770701	0.00567677	0.00226028	-0.00211603	-0.00674935	-0.0101399	-0.0124431	-0.0136458	-0.0137796	-0.0114087	-0.00782858	-0.00312254	0.000773165	0.00370088	0.00447335	0.00493118	0.00385779	0.000422559	-0.0016898	-0.00384574	-0.00380962	-0.00148154	0.00133492	0.00444056	
0.00940089	0.009106	0.00587017	0.00317878	-0.00170399	-0.00608039	-0.00949903	-0.0124439	-0.0134398	-0.0133702	-0.0115783	-0.00747335	-0.00307186	0.00115392	0.00411747	0.00479482	0.00610992	0.00427306	0.00217981	-0.00137765	-0.00241313	-0.00298915	-0.0005293	0.00245535	0.00503463	
0.0107796	0.00960876	0.00750591	0.00391211	-0.000419473	-0.00560816	-0.00837336	-0.0112836	-0.0130128	-0.0126156	-0.0110359	-0.00688548	-0.00268439	0.00115435	0.00444163	0.00519393	0.00619994	0.00518228	0.00171965	-0.000347124	-0.00243041	-0.00221485	-0.000110017	0.00288441	0.00549463	
0.012356	0.0113234	0.00864682	0.00567111	0.000959941	-0.00356056	-0.00686631	-0.010007	-0.010733	-0.0115623	-0.00929848	-0.00608666	-0.00149488	0.00213459	0.00564593	0.0062139	0.00717838	0.00577481	0.00284868	0.00036748	-0.00126452	-0.00151937	0.000605288	0.00345891	0.00585017	
0.013657	0.0132024	0.0103835	0.00724828	0.00281013	-0.00170598	-0.00529389	-0.00781526	-0.00998856	-0.00993874	-0.00870103	-0.00505402	-0.000770279	0.00333914	0.00665859	0.00738412	0.00837011	0.00759305	0.00426672	0.00224701	0.000329979	0.000119918	0.0026323	0.00446893	0.00749793	
0.015743	0.0148402	0.0119826	0.00948226	0.00419585	-0.000131607	-0.00345573	-0.00678155	-0.00798349	-0.0092793	-0.00730786	-0.00392429	0.000213049	0.00407614	0.00748952	0.00819589	0.00947051	0.00842594	0.00512555	0.00289019	0.00108604	0.00111247	0.00271091	0.00550491	0.00729741	
0.0159036	0.0153824	0.0123079	0.00965175	0.00517562	0.000214271	-0.0031325	-0.00596868	-0.0080375	-0.00835344	-0.00722896	-0.0034561	0.000363776	0.00464678	0.00799811	0.00940769	0.0103824	0.0100752	0.00648441	0.00508361	0.00309293	0.00282186	0.00487699	0.0067341	0.00920652	
0.016321	0.0157077	0.0128628	0.00993593	0.00519139	0.000693732	-0.00309487	-0.00586438	-0.00759959	-0.00888519	-0.00682272	-0.0038797	0.000717136	0.00469527	0.00846324	0.00937334	0.0107394	0.0104161	0.00728739	0.00565506	0.00379642	0.00387921	0.00555014	0.00797522	0.00986946	
0.0183621	0.0174972	0.0143932	0.0121822	0.00712271	0.00258983	-0.00145513	-0.00390571	-0.00633521	-0.00703159	-0.0056039	-0.0023118	0.00198024	0.00608713	0.00987862	0.0110357	0.012493	0.012386	0.00912282	0.00789387	0.00595502	0.00596466	0.00752979	0.00910359	0.0113956	
0.0191304	0.0185891	0.0156097	0.013219	0.00840852	0.00370389	-4.23299e-05	-0.00289645	-0.00469333	-0.0058751	-0.00414182	-0.000873622	0.00307067	0.00768675	0.0113076	0.013085	0.0142088	0.0145244	0.011532	0.0103749	0.00883441	0.00837916	0.00996707	0.0117258	0.0131506	
0.0192357	0.0189105	0.0157178	0.0130698	0.0086336	0.00372286	0.000110034	-0.00243247	-0.00462842	-0.00530392	-0.00385147	-0.000625304	0.00353414	0.0082904	0.0120778	0.0135663	0.0154234	0.0156038	0.0133892	0.0123349	0.0105744	0.0107343	0.0121526	0.0138648	0.0152445	
0.0212182	0.0204742	0.0174698	0.014781	0.00992171	0.00543951	0.00130196	-0.00122122	-0.00353869	-0.00466033	-0.00259455	-5.10439e-05	0.00468655	0.00883443	0.012689	0.0148487	0.0163	0.0174247	0.0147955	0.014197	0.0126156	0.0127143	0.0136225	0.0148893	0.0164902	
