-0.00459165	-0.006622	-0.00769586	-0.00506107	-0.00201095	0.00154428	0.0061935	0.00951081	0.0107796	0.0125243	0.0129399	0.0121631	0.0110878	0.0104219	0.00733994	0.00531509	0.00329777	0.00202916	0.00310526	0.00261449	0.0038508	0.00344424	0.00114745	-0.00180524	-0.00230272	
-0.00366395	-0.0057905	-0.00697772	-0.00421837	-0.00147556	0.00195124	0.00671065	0.00985733	0.0114228	0.0136379	0.0139284	0.0133362	0.0130575	0.0114153	0.00988593	0.00709226	0.00535189	0.00466233	0.00470913	0.00529005	0.00521368	0.00532071	0.00229535	-0.000988475	-0.00161194	
-0.00192514	-0.00379765	-0.00480708	-0.00249092	0.000455145	0.00360301	0.00817081	0.0112526	0.0132346	0.0149111	0.0157591	0.0149484	0.0142786	0.0130281	0.0102726	0.00807791	0.00552511	0.0048202	0.00522724	0.00505171	0.0056253	0.00508233	0.00271933	-0.00039694	-0.000942072	
0.000168321	-0.00213866	-0.00281331	-0.000341743	0.00206074	0.00556793	0.00972059	0.0129424	0.0144314	0.0164073	0.0172341	0.0165065	0.0162273	0.0144373	0.0122032	0.00947946	0.00725988	0.00630958	0.006403	0.00649197	0.00619611	0.00591607	0.00284266	0.000109078	-0.000935494	
0.00172838	-9.9582e-05	-0.00111281	0.00131574	0.00361563	0.00687327	0.0115935	0.0143923	0.0162127	0.0181786	0.0188629	0.0184046	0.0178542	0.0163688	0.0135654	0.0108549	0.00811819	0.00680672	0.00655833	0.00621374	0.00626635	0.00515002	0.00286354	-0.000311349	-0.00104119	
0.00166637	-0.000467368	-0.00106031	0.000917109	0.00294246	0.00626459	0.0107599	0.0137209	0.0157688	0.0179745	0.0187233	0.0185194	0.0183019	0.0171654	0.0147887	0.0120602	0.00967376	0.00800546	0.00768417	0.00754336	0.00712495	0.00635763	0.00350674	0.000744168	-0.000667377	
0.000904982	-0.000668887	-0.00140899	0.000669017	0.0026182	0.00582232	0.010171	0.0131329	0.0151766	0.0176508	0.0187904	0.0180174	0.0185252	0.0169502	0.0147438	0.0124256	0.00952329	0.00815641	0.00748535	0.00746963	0.00710746	0.00636615	0.00383919	0.00154636	0.000124723	
5.42658e-05	-0.00116076	-0.00167512	0.00026127	0.00240058	0.00563958	0.0100677	0.0124581	0.0150674	0.0177458	0.0185763	0.0190285	0.0185314	0.0175436	0.0150557	0.012578	0.010141	0.00833535	0.00777967	0.00763706	0.00755956	0.00628921	0.00480356	0.00211778	0.00145598	
-0.00179075	-0.00289041	-0.00317945	-0.000933031	0.00112803	0.00515726	0.00904	0.0124057	0.0151088	0.0175094	0.0196779	0.019452	0.0204389	0.0189455	0.0165697	0.0146355	0.0117505	0.0102635	0.00953472	0.00923968	0.00886753	0.00798803	0.00546707	0.00379999	0.00251337	
-0.00395445	-0.00430972	-0.00440356	-0.00219885	6.44225e-05	0.0036797	0.00831008	0.0114999	0.0144202	0.0172141	0.0185609	0.0196621	0.0200895	0.0190526	0.0172256	0.0147894	0.0124731	0.0109728	0.0101048	0.010281	0.00994408	0.0088698	0.00726367	0.0049611	0.00437972	
-0.00484712	-0.0050229	-0.0049007	-0.00282914	-0.000820147	0.00286016	0.00711785	0.0103058	0.0132524	0.0156735	0.0172381	0.017811	0.0182092	0.0176808	0.0153804	0.0136288	0.0111185	0.00955483	0.00947969	0.00933904	0.00984574	0.00898438	0.00760792	0.00644735	0.00582544	
-0.00652475	-0.00625488	-0.00613279	-0.00385366	-0.00196849	0.00194703	0.00587595	0.00911525	0.0120969	0.0146075	0.016218	0.0163258	0.0176486	0.0162889	0.0149372	0.0126603	0.0103739	0.00937194	0.00849572	0.00971022	0.00954369	0.00911212	0.00825306	0.00726392	0.00707058	
-0.00837673	-0.00844472	-0.00765914	-0.00555559	-0.00364077	0.000247869	0.00438944	0.00738153	0.0106128	0.0132998	0.0146326	0.0156815	0.0163239	0.0161519	0.0140606	0.01255	0.0104816	0.00914102	0.00917805	0.00966664	0.0103379	0.00952086	0.00901649	0.00819294	0.00781636	
-0.00988982	-0.00907847	-0.00843706	-0.00606473	-0.00448598	-0.000343718	0.00349986	0.00626477	0.00958975	0.0118893	0.0136866	0.0141048	0.0152602	0.0143777	0.012761	0.0112596	0.00914872	0.00813859	0.007701	0.00860111	0.00904127	0.00892917	0.0084114	0.00781513	0.00731257	
-0.0111398	-0.0104037	-0.00947289	-0.00721493	-0.00530651	-0.00158376	0.00216902	0.0048343	0.00793486	0.010669	0.0117967	0.0126659	0.013518	0.0125031	0.0111965	0.00948453	0.00745592	0.00656287	0.0059924	0.00685803	0.00717527	0.00708843	0.00672642	0.00568417	0.00519715	
-0.0117518	-0.0114299	-0.0102598	-0.0081777	-0.00659347	-0.00322961	0.000135633	0.00254142	0.00590549	0.00755303	0.00911662	0.00943022	0.0101947	0.00966987	0.00750938	0.00635985	0.00361535	0.002851	0.00256848	0.00297243	0.00336176	0.00312243	0.00250532	0.00189537	0.0013701	
-0.0133995	-0.0128589	-0.0120833	-0.0100281	-0.00887754	-0.00580058	-0.00270663	-0.000267553	0.00208075	0.00424441	0.00484261	0.00519662	0.00603521	0.00457546	0.00325631	0.000975614	-0.00151487	-0.00238372	-0.00301249	-0.00210428	-0.00221385	-0.00228846	-0.00286269	-0.00330789	-0.00331987	
-0.0158856	-0.0159028	-0.0147369	-0.0135937	-0.0123079	-0.00962709	-0.00656919	-0.0050471	-0.00223842	-0.0011409	0.000140066	0.000182343	0.000561572	7.36619e-05	-0.00225398	-0.0032022	-0.00619063	-0.00679547	-0.00725472	-0.00653043	-0.0062277	-0.00673027	-0.00716715	-0.00788158	-0.0080964	
-0.0180293	-0.0180342	-0.0168862	-0.0151622	-0.0144204	-0.0114711	-0.00902416	-0.00695467	-0.0050987	-0.00352655	-0.0028852	-0.00333536	-0.0025423	-0.00457569	-0.00611415	-0.00791521	-0.0107563	-0.0117403	-0.0128341	-0.0118293	-0.0122128	-0.0119927	-0.0128262	-0.0129164	-0.0131898	
-0.0205652	-0.0204588	-0.0188092	-0.0178601	-0.0167675	-0.014625	-0.0117661	-0.0104653	-0.00790971	-0.00680179	-0.00629169	-0.00581407	-0.00612298	-0.00681127	-0.0091587	-0.0100853	-0.0128293	-0.0137586	-0.0143188	-0.0140817	-0.0139848	-0.0146946	-0.014934	-0.0159186	-0.0162223	
-0.0202888	-0.0201826	-0.0183693	-0.0172169	-0.0162914	-0.0134272	-0.0114942	-0.00979953	-0.00765395	-0.0068114	-0.00604424	-0.00685586	-0.00614271	-0.00855305	-0.0101886	-0.0120433	-0.0150996	-0.0155834	-0.0172045	-0.0162703	-0.0173686	-0.0172025	-0.0180708	-0.0182551	-0.0185597	
-0.0198783	-0.0195564	-0.0176269	-0.0166999	-0.0152689	-0.0128	-0.0107742	-0.00929266	-0.00696042	-0.00594239	-0.00582704	-0.0055878	-0.00613392	-0.00732828	-0.00979935	-0.011255	-0.0140063	-0.0150727	-0.0159315	-0.0162646	-0.0165262	-0.0172515	-0.0177474	-0.0182528	-0.0185782	
-0.0190873	-0.0184249	-0.016181	-0.0151973	-0.013828	-0.0114281	-0.00929298	-0.00778896	-0.00518495	-0.0043733	-0.00379379	-0.0037176	-0.00373428	-0.00551375	-0.00717953	-0.00906375	-0.0115056	-0.0122824	-0.013963	-0.0134379	-0.0145121	-0.0148489	-0.0154787	-0.0159186	-0.016293	
-0.0166826	-0.0157722	-0.0130353	-0.0118419	-0.0103906	-0.00761341	-0.00580724	-0.00387039	-0.00180375	-0.000880453	-0.000288946	-0.000472574	-0.000393769	-0.0022529	-0.0043104	-0.00588996	-0.00851113	-0.00939899	-0.0105878	-0.0104711	-0.0111427	-0.0118472	-0.0123318	-0.0120234	-0.0125129	
-0.014597	-0.0131055	-0.00990326	-0.00875754	-0.0068281	-0.00428611	-0.00222586	-0.000879064	0.00181275	0.00268082	0.00286519	0.00387171	0.00319427	0.00207061	0.000187837	-0.0016507	-0.00342302	-0.00456792	-0.00545431	-0.00514019	-0.00612872	-0.00728319	-0.00729895	-0.00709919	-0.00735976	
-0.0123968	-0.0103807	-0.00723455	-0.00587249	-0.0037835	-0.00111185	0.00041596	0.00270686	0.00521609	0.00636493	0.00725367	0.00783444	0.00813088	0.00626759	0.00482721	0.00327182	0.00140111	0.000453886	-0.000491181	-0.000258683	-0.00120004	-0.0021001	-0.00221955	-0.00129783	-0.00194493	
-0.0103561	-0.00798714	-0.00410364	-0.00281268	-0.000552734	0.00212676	0.00373076	0.00558134	0.00843539	0.00948736	0.0103378	0.0118641	0.0112388	0.0101717	0.00887776	0.00755966	0.00633468	0.00535774	0.00451304	0.004625	0.00393539	0.00273248	0.00295641	0.00315791	0.0024672	
-0.00727349	-0.00416135	-0.000541007	0.000578484	0.00293171	0.00552274	0.00673338	0.00856237	0.0107427	0.0119737	0.012708	0.0139951	0.0133623	0.0120421	0.01088	0.0091038	0.0082261	0.00715192	0.00657459	0.00650857	0.00614644	0.00531647	0.00544703	0.00647512	0.00602353	
-0.0059117	-0.00286877	0.000575788	0.00146976	0.00377484	0.00632355	0.00745071	0.00919256	0.0115846	0.0126857	0.0138171	0.0152106	0.0150443	0.0141974	0.0131097	0.0116473	0.0110547	0.0104861	0.00991767	0.00993524	0.00949621	0.00811558	0.00823079	0.00903922	0.00855019	
-0.00367389	-0.000441367	0.00306097	0.00390659	0.00614159	0.00839342	0.00933208	0.0110958	0.0132048	0.0144369	0.0149393	0.0166311	0.0159984	0.015088	0.0139793	0.0121522	0.012039	0.01101	0.0105283	0.0104652	0.00976704	0.00811468	0.00846231	0.0093306	0.0089826	
-0.000812275	0.00239716	0.00578379	0.0066049	0.00854119	0.0101431	0.0104931	0.0120667	0.0139087	0.0145347	0.0151181	0.0161725	0.0153961	0.0142109	0.0127247	0.0114504	0.0111859	0.0100551	0.00989649	0.00945872	0.00887459	0.00732949	0.00759795	0.00904769	0.00852821	
0.000978297	0.00423332	0.00719962	0.00792033	0.00965371	0.010637	0.010765	0.0122929	0.0136607	0.0144039	0.01465	0.0160532	0.0150388	0.0134516	0.0126913	0.0108995	0.0110622	0.0100671	0.00953054	0.00941391	0.0084013	0.00677117	0.00735752	0.00803051	0.00797469	
0.00356847	0.00638625	0.00933985	0.00995272	0.0116556	0.0124242	0.0124639	0.0135963	0.0145965	0.0147548	0.0154855	0.0164458	0.0148549	0.0138153	0.0120163	0.0106878	0.0104025	0.0093699	0.00930378	0.00813178	0.0075263	0.00585453	0.00576684	0.00674376	0.00649495	
0.00633675	0.00951747	0.0117474	0.0125169	0.0139509	0.0144786	0.0140499	0.0148164	0.0147812	0.0154342	0.0156398	0.0160167	0.0145914	0.0126708	0.0116328	0.00907885	0.00920185	0.00827961	0.00774718	0.00695225	0.00576701	0.00459883	0.00443269	0.00534575	0.00561671	
0.00775907	0.0107584	0.0131025	0.0136753	0.0152655	0.0152857	0.0150374	0.0152529	0.0157309	0.0160048	0.0162037	0.0164564	0.0145159	0.0134714	0.0113053	0.00960785	0.00917728	0.00814797	0.00783136	0.00629036	0.00550308	0.00378947	0.00411193	0.0045613	0.0049383	
0.0087499	0.011691	0.0138838	0.0148605	0.0158845	0.0160372	0.0155177	0.0162523	0.0161943	0.0164483	0.0165756	0.0164783	0.0151313	0.0131051	0.0116889	0.00979775	0.00961312	0.00836993	0.00789848	0.0065785	0.0048133	0.00388084	0.00321824	0.0040271	0.00383861	
0.00932894	0.0131577	0.0150583	0.0161147	0.0174375	0.0169478	0.016799	0.0171362	0.0165537	0.0167085	0.0165355	0.0166259	0.0143724	0.0124446	0.0104529	0.00850348	0.0080278	0.00666188	0.00637644	0.00437163	0.00291377	0.00149398	0.00165589	0.00167648	0.00242583	
0.00948396	0.0123028	0.0141782	0.0156785	0.0165522	0.0159194	0.0155445	0.0153031	0.014909	0.0146097	0.0150646	0.0142499	0.0124238	0.0106281	0.00841362	0.00668938	0.00598213	0.00556585	0.00495862	0.00302757	0.00139512	0.000821639	0.000437408	0.000898538	0.00193566	
0.00739387	0.0109651	0.01255	0.0145275	0.0153551	0.0145037	0.0137563	0.0140822	0.012802	0.0133655	0.0128749	0.0121685	0.0104051	0.00856266	0.00682914	0.00459998	0.0048992	0.00415116	0.00382786	0.00164392	0.000280474	2.06389e-05	-0.00041774	0.000122754	0.00162044	
0.00581995	0.00950905	0.0112294	0.0132425	0.0140182	0.012778	0.0127477	0.0120215	0.0115245	0.0109665	0.0112526	0.0101238	0.00819258	0.00677815	0.00450048	0.00372018	0.00311676	0.00296431	0.00234825	0.00049391	-0.000482413	-0.000998406	-0.000679171	-0.000351004	0.00164568	
0.0042287	0.00814687	0.00940374	0.0116938	0.0120832	0.0113669	0.0107865	0.0105425	0.0088938	0.0092392	0.00929201	0.0081993	0.00654089	0.00457882	0.00372496	0.00254265	0.00254105	0.00226111	0.00215015	0.000809929	-0.000637161	-0.000269608	-0.000241408	0.000573667	0.00232064	
0.0023268	0.0069272	0.00847524	0.0110496	0.0119036	0.0110469	0.01091	0.0101894	0.00900022	0.00889179	0.00920866	0.00780646	0.00590926	0.00490515	0.00318567	0.00265059	0.00214798	0.00233829	0.0024104	0.000294557	-0.000644071	-0.000647866	-0.000108062	0.000253728	0.00232502	
0.00147786	0.00598811	0.00736478	0.0103673	0.0107362	0.00978089	0.00984632	0.00910041	0.00805883	0.00793618	0.0081437	0.0066879	0.00571083	0.00433334	0.00322478	0.00257756	0.0025053	0.00333897	0.00248578	0.00101418	-0.000253808	0.00013993	0.00024372	0.000377465	0.00269123	
0.000607914	0.00519753	0.00678376	0.00976735	0.0101796	0.00946308	0.00915339	0.00901429	0.00751296	0.00763082	0.00773824	0.0065013	0.00526309	0.00416791	0.00279912	0.00261121	0.00267171	0.00255984	0.00212184	5.4269e-05	-0.00077621	-0.000730141	-0.00103371	-0.000591543	0.00150206	
0.00090442	0.00533225	0.00673005	0.00978486	0.0100919	0.00895992	0.0088146	0.00764967	0.00668355	0.00610905	0.00647328	0.00455836	0.00339787	0.00203344	0.000960102	0.00120072	0.000461812	0.000998014	-1.90254e-05	-0.0014074	-0.00267301	-0.00262603	-0.002174	-0.00193027	0.000227153	
-8.06909e-05	0.00456286	0.00626302	0.00919081	0.00928717	0.00834509	0.00772753	0.00690033	0.00536849	0.00527473	0.00469183	0.00304761	0.00170429	0.000593045	-0.000158811	-0.000453169	-0.000668046	-0.00043549	-0.00100797	-0.00286753	-0.00434572	-0.00400215	-0.00327665	-0.00288236	-0.00102701	
-0.0010713	0.00329584	0.00544622	0.00776114	0.00748489	0.00677763	0.00617703	0.00529098	0.00424101	0.00359161	0.00378941	0.00160329	0.00108044	0.000266856	-0.000754655	-0.00025368	-0.000850245	-0.000230752	-0.0011635	-0.00304708	-0.00424583	-0.00375036	-0.00336637	-0.00257804	-0.000922236	
-0.00115837	0.00361213	0.00584413	0.00821247	0.00805429	0.00718479	0.00690547	0.00533917	0.00416444	0.00401022	0.00323631	0.0018089	0.000709304	-0.000190419	-0.000537349	-0.000366096	-0.000501155	-0.000361564	-0.00166504	-0.00274814	-0.00362831	-0.00349655	-0.0028434	-0.00253924	-0.000325417	
-0.000294646	0.00377807	0.00689062	0.00919209	0.00917199	0.00881578	0.00771606	0.00643412	0.00517693	0.00458186	0.00417619	0.00195552	0.00125411	0.000405197	-0.000205094	0.000404534	-0.000233184	-0.000337744	-0.00133293	-0.00257606	-0.00334171	-0.00287003	-0.00269114	-0.00132758	5.07946e-05	
-0.00107094	0.00311287	0.00646426	0.00874492	0.00895876	0.00842206	0.00775023	0.00631022	0.00557878	0.00507221	0.00409401	0.00274372	0.00230244	0.00188299	0.00171706	0.00210706	0.00180285	0.00194641	0.000730994	-0.000461796	-0.00155842	-0.00133124	-0.000545267	2.05895e-05	0.000792014	
