-0.00992441	-0.00992441	-0.00906808	-0.00835496	-0.00791154	-0.00818854	-0.0081537	-0.0070932	-0.00697234	-0.0065544	-0.00390647	-0.00202961	-0.000564097	0.00313362	0.00708455	0.00980716	0.0142251	0.0195093	0.0225659	0.0237269	0.0236293	0.0217163	0.0161884	0.00802427	-0.00135847	
-0.00992441	-0.00935996	-0.00861353	-0.00790997	-0.00774464	-0.00840982	-0.00787153	-0.00695066	-0.00694907	-0.00619866	-0.00336369	-0.00158942	0.000536823	0.00447601	0.0080729	0.010951	0.0153569	0.0204689	0.0232009	0.0239224	0.022965	0.0204071	0.0142086	0.00556882	-0.00381069	
-0.00923879	-0.00879485	-0.00829614	-0.00810204	-0.00798199	-0.007954	-0.00811878	-0.00765147	-0.00651756	-0.00487191	-0.00317305	-0.000687587	0.00242379	0.00561866	0.00930177	0.013869	0.0176644	0.0212371	0.0237703	0.0240882	0.0221507	0.0193089	0.0127445	0.00425759	-0.00563046	
-0.00869515	-0.00822585	-0.00822694	-0.00857756	-0.00779874	-0.00804376	-0.00771333	-0.00744297	-0.00508134	-0.00423081	-0.00216582	0.000611423	0.0048104	0.00753984	0.0118662	0.0167994	0.0199327	0.0229966	0.0250946	0.0253654	0.0230026	0.0190155	0.0116562	0.00346341	-0.00556266	
-0.00834065	-0.00809497	-0.00813847	-0.00784887	-0.00812109	-0.00860623	-0.00766133	-0.00612285	-0.00568671	-0.0040577	-0.00137835	0.00161048	0.00484275	0.00926286	0.013859	0.0182767	0.0214341	0.024491	0.025906	0.0258532	0.0229092	0.0174891	0.00965112	0.00250187	-0.00758412	
-0.00861349	-0.00871615	-0.00810118	-0.00808437	-0.00856715	-0.00985534	-0.00696748	-0.00698359	-0.00650051	-0.0044784	0.000149335	0.0010116	0.00502976	0.0101319	0.015164	0.0195501	0.0234932	0.0263112	0.0264078	0.0259984	0.0225333	0.0167657	0.00878459	0.00036029	-0.00895902	
-0.00842355	-0.00799414	-0.00814669	-0.00765222	-0.00748862	-0.00682482	-0.00489109	-0.00436641	-0.00408104	2.88787e-05	0.00324712	0.00512705	0.00935099	0.0149379	0.0193331	0.0241756	0.0274214	0.0299477	0.0308409	0.0293034	0.0244378	0.0188499	0.00995328	0.000959099	-0.00901952	
-0.00709833	-0.00679324	-0.00743928	-0.00722245	-0.0057759	-0.00665642	-0.00425161	-0.00418304	-0.00194183	7.32458e-05	0.0042252	0.0064815	0.0121516	0.0165755	0.0216509	0.0261814	0.02883	0.0324959	0.033581	0.0309121	0.0256404	0.0195192	0.00896403	-0.00126627	-0.00958319	
-0.00670032	-0.00655572	-0.006092	-0.00470263	-0.0051267	-0.00591932	-0.00378187	-0.00178523	-0.00143834	0.00149964	0.00550843	0.00922392	0.0135501	0.018744	0.0238025	0.0283429	0.0314198	0.035472	0.0358489	0.0324237	0.0268241	0.0195471	0.00840666	-0.000535457	-0.0107809	
-0.00612179	-0.00568393	-0.00431154	-0.0036441	-0.00321336	-0.0035819	0.000664148	0.00061577	0.0019275	0.00487043	0.0104484	0.0126418	0.0182736	0.0232844	0.0281433	0.0330367	0.0372943	0.0404417	0.0394202	0.0365009	0.0305369	0.021882	0.0112682	0.0016058	-0.00842613	
-0.0034171	-0.00275047	-0.00244561	-0.00133097	-0.000286002	0.00133119	0.00420699	0.00506399	0.00621431	0.0107944	0.0143997	0.0173834	0.0234544	0.0289812	0.033275	0.038925	0.0427525	0.0446117	0.044117	0.0415136	0.0340875	0.0250624	0.0141172	0.00424684	-0.00682946	
-0.001327	-0.000710741	0.00032794	0.0016547	0.0028341	0.00239273	0.00633353	0.00753779	0.0100851	0.0131149	0.0175697	0.0202739	0.0266677	0.0316721	0.0369998	0.04291	0.046439	0.0486335	0.0481762	0.0445085	0.037344	0.0285645	0.0165704	0.00534707	-0.00452878	
0.000649526	0.00190727	0.00385624	0.00611359	0.00624201	0.00656667	0.0107734	0.0134256	0.0145689	0.0188725	0.0238719	0.0269529	0.0316654	0.0374152	0.0432856	0.0490639	0.0523649	0.0554754	0.0546441	0.0503171	0.0427258	0.0333631	0.0205009	0.0103413	2.16669e-05	
0.00493322	0.00641035	0.00752122	0.00933086	0.0110594	0.0118112	0.0164381	0.0178341	0.0196812	0.0238881	0.0294084	0.031881	0.0374268	0.0437281	0.0499199	0.054998	0.0585851	0.06181	0.0611667	0.056582	0.0491149	0.0387464	0.0259821	0.0151431	0.00451839	
0.00940874	0.0105067	0.0116249	0.0141154	0.0159762	0.0169536	0.0208161	0.0227961	0.0245505	0.0285604	0.033331	0.0367213	0.0428865	0.0496198	0.0560629	0.061157	0.0639782	0.0670978	0.0670218	0.0629316	0.0542665	0.0436872	0.0313261	0.0199689	0.00855502	
0.0125922	0.0137462	0.0164614	0.0191629	0.0203526	0.0213917	0.0255884	0.0271337	0.0287444	0.0329687	0.0384618	0.0421403	0.0480975	0.0541678	0.0607772	0.0661293	0.0699962	0.072718	0.0724956	0.0672606	0.0587255	0.0485971	0.0359312	0.0232817	0.0120579	
0.0173348	0.0183651	0.020461	0.0223425	0.0234439	0.0252327	0.0285628	0.0293007	0.0311476	0.0364438	0.0416903	0.0452099	0.0509535	0.0572519	0.0629459	0.0694384	0.0735684	0.0765207	0.0753707	0.0708269	0.0619406	0.0510557	0.0374475	0.0251031	0.0150512	
0.0227562	0.0235735	0.0241102	0.0255281	0.0265428	0.0276982	0.0306187	0.0323613	0.0344859	0.0388153	0.0429342	0.0468561	0.0535493	0.05985	0.0653053	0.0715771	0.0759593	0.0780547	0.07666	0.0717137	0.0634042	0.0519159	0.0371705	0.024357	0.0137738	
0.0256707	0.026143	0.0263594	0.0273392	0.027636	0.0272746	0.0309501	0.032875	0.0343796	0.0372526	0.0417475	0.0457146	0.0520586	0.0585592	0.0647373	0.0708668	0.0743297	0.0761421	0.0743842	0.0692021	0.0605997	0.0481158	0.033799	0.0209037	0.00951872	
0.0262639	0.0262784	0.0260329	0.0268336	0.0267575	0.0263408	0.0288198	0.0296449	0.0305477	0.0339937	0.038612	0.041506	0.0472418	0.0536038	0.0604757	0.0652366	0.0692961	0.070639	0.0687278	0.0619408	0.0527538	0.0402273	0.0258139	0.0121118	-0.000105489	
0.025201	0.0243844	0.0232601	0.0235473	0.022815	0.0221343	0.0232706	0.0238601	0.0245061	0.0276913	0.0309224	0.0340556	0.0392374	0.0457041	0.0513536	0.056307	0.0600021	0.0618966	0.0596311	0.052363	0.0413732	0.0275954	0.0134948	-0.000346007	-0.0122115	
0.022204	0.0207769	0.0194563	0.0186827	0.0165803	0.0153661	0.0168654	0.0172192	0.0168848	0.0187123	0.0216473	0.0249228	0.0294892	0.0350321	0.0403589	0.0458873	0.048699	0.0500937	0.0468671	0.0395285	0.0272058	0.013046	-0.00211121	-0.0163405	-0.02901	
0.0156251	0.0135784	0.0119127	0.010415	0.00800836	0.00647883	0.00726786	0.00612009	0.00547908	0.00788806	0.010468	0.0127107	0.0166331	0.0223486	0.0279775	0.0331777	0.0349632	0.0351035	0.0322568	0.024737	0.0128499	-0.00233595	-0.0178255	-0.0333685	-0.0463121	
0.00674321	0.00431365	0.00277848	0.00147135	7.60782e-05	-0.00254604	-0.00221179	-0.00457583	-0.00374218	-0.00167419	0.000770476	0.00170156	0.00681418	0.0118154	0.0169264	0.0205909	0.0226475	0.0221582	0.0192038	0.0108407	-0.00104667	-0.0167157	-0.0335857	-0.0504406	-0.0636812	
-0.0029878	-0.00536516	-0.00752046	-0.00809779	-0.0106834	-0.0122471	-0.0125485	-0.0131646	-0.0142124	-0.0115832	-0.00997178	-0.00776795	-0.00318761	0.00145049	0.00578887	0.00939123	0.01267	0.0117508	0.00790036	-0.00142745	-0.0130721	-0.0294835	-0.0464144	-0.0636507	-0.0771297	
-0.0119233	-0.0141115	-0.0167569	-0.0180919	-0.0195733	-0.0211513	-0.0194197	-0.0208123	-0.0212435	-0.0192432	-0.0165307	-0.0149725	-0.0104611	-0.00522905	-0.000808827	0.00363937	0.00578314	0.00515193	-0.000157646	-0.00808069	-0.0208933	-0.0374113	-0.0547467	-0.0712452	-0.0859839	
-0.0204866	-0.0222476	-0.0248194	-0.0248287	-0.025511	-0.0260247	-0.0239311	-0.0237036	-0.0236085	-0.0206794	-0.0183762	-0.0160555	-0.0107797	-0.00491904	-0.000725568	0.00341437	0.00527543	0.00467687	8.15083e-05	-0.00768637	-0.0204201	-0.0373987	-0.0550693	-0.071965	-0.0856424	
-0.0274214	-0.0284125	-0.0291988	-0.0284999	-0.0278381	-0.0286624	-0.0242485	-0.0239755	-0.0220336	-0.0191371	-0.0149468	-0.0118438	-0.00571521	-0.000725866	0.0036419	0.00835392	0.010779	0.0102048	0.00603156	-0.00232024	-0.0145075	-0.031453	-0.0488209	-0.0656501	-0.07953	
-0.0304212	-0.0306762	-0.0307639	-0.0287134	-0.0286067	-0.0269153	-0.0234869	-0.0212469	-0.019713	-0.0138029	-0.00979325	-0.00541079	0.000513482	0.00581935	0.0110072	0.0164901	0.0195201	0.0181882	0.0141901	0.00623422	-0.00502329	-0.0217821	-0.0387789	-0.055691	-0.0692628	
-0.0299072	-0.0295702	-0.0286583	-0.0266293	-0.0250294	-0.0236556	-0.0188519	-0.0170487	-0.0131379	-0.00766607	-0.00287703	0.00127865	0.00904156	0.0150235	0.020679	0.0258296	0.0288394	0.0286788	0.0256707	0.0179802	0.00579405	-0.00967333	-0.0254504	-0.0420674	-0.0568708	
-0.0266325	-0.0256211	-0.0238579	-0.0211826	-0.0193824	-0.017625	-0.011713	-0.0095961	-0.00550939	-4.44489e-05	0.0057937	0.0103572	0.0187519	0.0248903	0.0308044	0.0362934	0.0399934	0.0406354	0.0372521	0.0299081	0.0182222	0.00332644	-0.0131346	-0.0291338	-0.0429495	
-0.0219835	-0.0204305	-0.0184054	-0.0154326	-0.0133371	-0.0113533	-0.00498448	-0.00331642	0.00039972	0.00676957	0.0130309	0.0172797	0.0251511	0.0322966	0.038342	0.0447206	0.0488199	0.0495213	0.0461288	0.038995	0.0281498	0.0127078	-0.0033633	-0.0195074	-0.033517	
-0.0163005	-0.0150945	-0.0139121	-0.0106837	-0.00925213	-0.00672623	-0.00174255	0.00067346	0.00249535	0.00953919	0.0145967	0.0193317	0.0270718	0.0350954	0.0408264	0.047621	0.0515311	0.0524598	0.0498764	0.0437925	0.0322518	0.0162043	-0.000143274	-0.0152547	-0.0289291	
-0.010702	-0.010025	-0.0095233	-0.00727018	-0.0059155	-0.0042344	0.00110379	0.00277218	0.00401942	0.00975498	0.0151291	0.0195986	0.0277978	0.0353071	0.0408591	0.0469902	0.0512528	0.0527007	0.0501359	0.0433375	0.0322577	0.0170942	0.000752814	-0.0151619	-0.0290141	
-0.00525671	-0.00538317	-0.00584207	-0.00491554	-0.00453767	-0.00412886	0.000418963	0.00115384	0.00273347	0.00763797	0.0129478	0.0164452	0.0249411	0.0316529	0.0379257	0.0433596	0.0480086	0.0487655	0.0464904	0.0404494	0.0297668	0.0138382	-0.0029771	-0.0182617	-0.0330013	
-0.00242342	-0.00270273	-0.00290461	-0.00222248	-0.00245415	-0.00312644	0.000392617	0.000903895	0.00266787	0.00731768	0.0117727	0.0158958	0.0234553	0.0301658	0.0353167	0.0414214	0.04531	0.0465763	0.043894	0.0377887	0.0267443	0.0108234	-0.00577055	-0.0223795	-0.0374946	
-0.00124173	-0.00203579	-0.00222272	-0.00158739	-0.00291812	-0.00373675	-0.00165921	-0.0017064	-0.000867308	0.00389752	0.00829642	0.0121986	0.0190605	0.0251735	0.0312508	0.0367572	0.0407123	0.0416801	0.0395059	0.0328885	0.0219463	0.00675709	-0.0105254	-0.0276287	-0.0429271	
-0.00100851	-0.00210256	-0.00241598	-0.00276508	-0.00406117	-0.00553706	-0.00328151	-0.00464559	-0.003625	0.000210118	0.00443377	0.00755839	0.0140541	0.0202483	0.0263872	0.0325086	0.035929	0.036622	0.0339919	0.0281046	0.0180634	0.00220659	-0.0157514	-0.0325193	-0.0475244	
-0.00119829	-0.00220217	-0.0031172	-0.00354898	-0.00573482	-0.00633311	-0.00472137	-0.0050089	-0.00556185	-0.00201162	0.0015333	0.00522128	0.0113352	0.0172039	0.0232954	0.0296161	0.0331672	0.0344234	0.0325413	0.0261028	0.0147164	-0.000998062	-0.0177196	-0.0347656	-0.0501853	
-0.0023469	-0.00303019	-0.00357754	-0.00389475	-0.00526591	-0.00607579	-0.00402933	-0.0044348	-0.00516253	-0.00160895	0.002198	0.00594784	0.0112191	0.0173375	0.0227178	0.0291408	0.0327861	0.0348252	0.0326281	0.0253107	0.0139592	-0.00131346	-0.0187373	-0.0359749	-0.0523531	
-0.0045361	-0.00536413	-0.00606799	-0.0058181	-0.00706621	-0.00798193	-0.00654947	-0.00635772	-0.00623073	-0.00242886	0.00116643	0.00371518	0.0098954	0.0161625	0.0219726	0.0270522	0.0315909	0.0337537	0.0316823	0.0249342	0.0146153	-0.000271742	-0.0183355	-0.0358402	-0.0517648	
-0.00561156	-0.00598519	-0.00664612	-0.0067436	-0.00726805	-0.00857257	-0.0057358	-0.00546985	-0.00425102	-0.00120942	0.00311092	0.00525759	0.0114074	0.0176789	0.0241337	0.029113	0.0326254	0.0340061	0.0327617	0.0267829	0.0161999	0.000753032	-0.0162808	-0.0338034	-0.0506171	
-0.00630931	-0.00636169	-0.00701487	-0.00685159	-0.00729636	-0.00757773	-0.00456322	-0.00370485	-0.00270777	0.00102024	0.00555438	0.00851091	0.0139472	0.0206262	0.0268723	0.0323849	0.0357597	0.0379459	0.0358148	0.0298044	0.019601	0.00524276	-0.0129346	-0.0308771	-0.0468103	
-0.0084852	-0.00818403	-0.0076368	-0.00630244	-0.00587756	-0.00599543	-0.00305743	-0.00202097	0.00030513	0.0043863	0.00921619	0.0128258	0.0187946	0.0246471	0.030546	0.0360076	0.0407524	0.0429128	0.0414513	0.0351217	0.0251804	0.00988466	-0.00749661	-0.0246561	-0.0406911	
-0.00918614	-0.00856831	-0.00691807	-0.00467921	-0.00369405	-0.00338897	-0.00044777	0.000888546	0.00407144	0.00829295	0.013568	0.0172448	0.023766	0.0291403	0.0353388	0.0408445	0.0452206	0.0476892	0.0464971	0.0406485	0.0297085	0.0150729	-0.00215911	-0.0193126	-0.0362077	
-0.00846184	-0.00768134	-0.00654253	-0.00470662	-0.00339353	-0.00195377	0.00145004	0.00319527	0.00592129	0.0109194	0.0151857	0.0192669	0.0250783	0.0323935	0.0382628	0.0438685	0.0467001	0.0500874	0.0494339	0.0434983	0.0329305	0.0188892	0.0020815	-0.0165158	-0.0337035	
-0.0083632	-0.00769945	-0.00704677	-0.00543937	-0.00383068	-0.00237292	0.00182057	0.00375048	0.00688589	0.0111839	0.0161899	0.0198528	0.0266557	0.0323074	0.0387938	0.0441625	0.0480953	0.0503217	0.0496324	0.044628	0.0342183	0.0198478	0.00214547	-0.0149495	-0.032229	
-0.00916292	-0.00859634	-0.00770594	-0.00549795	-0.00444105	-0.00377034	-0.000324589	0.00231811	0.00505182	0.0102368	0.0151025	0.0192752	0.02492	0.0305871	0.0367574	0.0429571	0.0467261	0.0488378	0.0481335	0.0427678	0.0323951	0.0184804	0.00141461	-0.0165209	-0.0344068	
-0.00945807	-0.00918592	-0.0084207	-0.00694229	-0.00561268	-0.0061245	-0.00211818	-0.000620998	0.00305382	0.0072838	0.0129487	0.0158655	0.0226306	0.0289297	0.0355741	0.0413796	0.0449904	0.0477793	0.0461587	0.0410852	0.0310876	0.0179742	-0.000272817	-0.0193789	-0.0369518	
-0.00921033	-0.00853272	-0.00843803	-0.00687199	-0.00559014	-0.00462787	-0.000793301	0.00160509	0.0034857	0.00835199	0.01367	0.0182857	0.02451	0.0314302	0.0380962	0.044338	0.0484325	0.0504009	0.0492525	0.0435092	0.0334357	0.0190086	0.000342249	-0.0175449	-0.036743	
