0.00437057	0.00437212	0.00592027	0.00706061	0.00746522	0.00964563	0.0104181	0.0116597	0.0126128	0.014451	0.0140808	0.0132713	0.0124496	0.0108713	0.00702394	0.00368062	-0.00021956	-0.00460939	-0.00815392	-0.0119039	-0.0127029	-0.0128304	-0.0114391	-0.00738567	-0.00381637	
0.00496332	0.00578746	0.0070127	0.00802545	0.00884007	0.0108141	0.0115544	0.0127247	0.0141063	0.0156596	0.0155329	0.0148871	0.0140525	0.0127216	0.00909167	0.00575946	0.00172002	-0.00206112	-0.00635736	-0.00940628	-0.0105573	-0.010295	-0.00932878	-0.00461499	-0.000628259	
0.00495327	0.00519868	0.00651892	0.00761307	0.00836121	0.0100271	0.0112346	0.0120726	0.0136431	0.0157667	0.0153249	0.0151565	0.0140447	0.0131964	0.00994592	0.00650943	0.00294239	-0.000911216	-0.00444251	-0.00828215	-0.00859994	-0.00831973	-0.00695873	-0.00269898	0.00170018	
0.00279011	0.00310768	0.00421678	0.00554356	0.00650157	0.0080273	0.00933591	0.0100074	0.011928	0.0139097	0.013747	0.0133592	0.0130104	0.011854	0.00907409	0.00553871	0.00213329	-0.00187388	-0.00532425	-0.0085139	-0.00936499	-0.00908314	-0.00742408	-0.00298094	0.00150807	
0.00103359	0.00141879	0.00242006	0.00354284	0.00439832	0.0059384	0.00707558	0.00813266	0.00969102	0.0118913	0.0118869	0.0116483	0.0111813	0.0104819	0.00779493	0.004308	0.000708261	-0.00232271	-0.006033	-0.00923974	-0.00986837	-0.0089979	-0.00758913	-0.00322992	0.00186192	
-0.00069865	-0.000255895	0.000386877	0.00168516	0.00243012	0.00426062	0.0052231	0.00613163	0.00805354	0.00985218	0.00958299	0.0100044	0.00884661	0.00850507	0.00585015	0.0024964	-0.00103684	-0.00423775	-0.0078844	-0.0109732	-0.0115707	-0.0109621	-0.00923099	-0.00472043	-6.81498e-05	
-0.00166345	-0.00194843	-0.000862113	-4.95609e-05	0.00111641	0.00245681	0.00349147	0.00442072	0.00600161	0.00776655	0.00818925	0.00775539	0.00733138	0.00639385	0.00444355	0.000363817	-0.00237294	-0.00572672	-0.00918751	-0.012768	-0.013106	-0.0126919	-0.011339	-0.00670644	-0.0020246	
-0.00233951	-0.0022621	-0.00191991	-0.000579976	0.000113478	0.00158575	0.00246353	0.00346727	0.00489973	0.00690064	0.0067524	0.00668583	0.00559225	0.00549559	0.00233633	-0.000519324	-0.00462914	-0.0074174	-0.0114726	-0.0146424	-0.0156868	-0.0150949	-0.0136676	-0.00995295	-0.0047705	
-0.00161213	-0.00193208	-0.00124584	-0.000620468	0.000486957	0.00181034	0.00217622	0.00333911	0.00504772	0.00627252	0.00682972	0.0063735	0.00546267	0.00479565	0.00264771	-0.0017655	-0.00462388	-0.00821125	-0.0116373	-0.0157886	-0.0165012	-0.0163948	-0.0151775	-0.0113095	-0.00677144	
-0.00145352	-0.00140201	-0.0011812	-0.000159405	0.000630744	0.00164898	0.00242411	0.00345327	0.00504626	0.00675919	0.00669663	0.00660242	0.00525022	0.00530219	0.00224728	-0.00131782	-0.00527867	-0.00795168	-0.012667	-0.0161378	-0.0173364	-0.0174888	-0.0165734	-0.0128997	-0.00837537	
-0.0012637	-0.00138433	-0.00111664	0.000124807	0.000828039	0.001818	0.00261013	0.00373585	0.00496807	0.00705077	0.00687945	0.00651068	0.00581046	0.00485833	0.00265096	-0.00158231	-0.00501733	-0.00852504	-0.0122404	-0.0166148	-0.0183036	-0.0181123	-0.017277	-0.0139681	-0.0095519	
0.000250841	0.000121472	0.000517976	0.00125807	0.00228534	0.00327689	0.0038498	0.00504126	0.00658704	0.00826993	0.00847688	0.00833238	0.00738419	0.00708372	0.00457887	0.000791107	-0.00313174	-0.00588274	-0.0103351	-0.0145668	-0.0159943	-0.0163863	-0.0158986	-0.0125527	-0.00798156	
0.000307112	0.000462874	0.000789546	0.00169743	0.00268686	0.00399945	0.00444306	0.00583215	0.00739703	0.00885084	0.00947232	0.00922341	0.00808061	0.00789872	0.00547769	0.00143712	-0.00226313	-0.00535407	-0.00957853	-0.0138832	-0.0158014	-0.0162453	-0.0151509	-0.0123832	-0.00839845	
0.00151442	0.00144448	0.00177082	0.00281365	0.0041111	0.00512092	0.00600613	0.00723886	0.00891995	0.0108512	0.0111043	0.0114758	0.0102311	0.0100797	0.00806464	0.0036111	0.00037523	-0.00315618	-0.00747754	-0.0119273	-0.0137821	-0.0145391	-0.014007	-0.0112116	-0.0067822	
0.00231671	0.00267134	0.00276829	0.00415591	0.0052391	0.00619703	0.00725302	0.00836718	0.0101245	0.0118986	0.0124109	0.0124287	0.0116787	0.0112743	0.00918091	0.00537672	0.00129653	-0.00166399	-0.00612046	-0.0103498	-0.0129567	-0.0133157	-0.0131277	-0.0100842	-0.00655184	
0.00305526	0.0027374	0.00352125	0.00452958	0.00599868	0.00673696	0.00777473	0.00901674	0.0105962	0.0124638	0.0126916	0.0132035	0.012106	0.0117081	0.0097953	0.00532011	0.00203078	-0.00172167	-0.00593984	-0.0106131	-0.0128775	-0.0141418	-0.0132307	-0.0111144	-0.00644611	
0.002273	0.00266554	0.00294759	0.00404072	0.00499168	0.00585725	0.00697143	0.00791868	0.00989812	0.0112229	0.011838	0.0119227	0.0113877	0.0106658	0.00899162	0.00492743	0.00121562	-0.00192007	-0.00649379	-0.0104679	-0.0135012	-0.0143118	-0.0141067	-0.0112359	-0.00746309	
0.000313798	0.000395195	0.000898286	0.00184495	0.00297335	0.0038177	0.00495224	0.00582557	0.00789619	0.00927657	0.00941144	0.0103076	0.00891483	0.00879989	0.00699796	0.0028222	-0.00058611	-0.00418535	-0.00834664	-0.0129866	-0.0155344	-0.0170646	-0.0161626	-0.0140349	-0.00993235	
-0.000993972	-0.000785334	-0.00031759	0.000231973	0.00171767	0.00205136	0.00359015	0.00423496	0.00638126	0.00763912	0.00795171	0.00832442	0.00808104	0.00700244	0.00609835	0.00175468	-0.00148385	-0.00489112	-0.00906347	-0.0131493	-0.0163444	-0.0174149	-0.0169113	-0.014593	-0.0103234	
-0.0019752	-0.00174765	-0.00145581	-0.000512144	0.00045414	0.00133477	0.0024073	0.00332041	0.00504961	0.00632328	0.00663013	0.00726991	0.00625283	0.00612093	0.00466618	0.000708155	-0.00251057	-0.00602696	-0.00985772	-0.0143339	-0.0174617	-0.018264	-0.0178336	-0.0158276	-0.0115203	
-0.00205856	-0.00170922	-0.00147308	-0.00114954	0.000741636	0.000952078	0.00235037	0.00285688	0.00504249	0.0058349	0.00620612	0.0068109	0.00627855	0.00540635	0.00468974	0.000571865	-0.00267493	-0.00583148	-0.00995585	-0.0138836	-0.0172317	-0.0186302	-0.017846	-0.0159508	-0.0118223	
-0.00174147	-0.00182724	-0.00160011	-0.000477947	0.000497128	0.000882929	0.00222176	0.00283645	0.00436703	0.00543338	0.00599563	0.00617182	0.0057941	0.00501003	0.00399682	-2.74577e-05	-0.00294544	-0.00646952	-0.0101259	-0.0143971	-0.0174902	-0.018801	-0.0181528	-0.0162559	-0.0123525	
-0.0016335	-0.000996667	-0.00105351	-0.000275787	0.000970629	0.00112498	0.00250359	0.00283497	0.00487081	0.00553138	0.00558775	0.00666411	0.00562663	0.00493166	0.00411315	0.000577284	-0.00272892	-0.00571639	-0.0098473	-0.0133977	-0.0170306	-0.018387	-0.0174858	-0.0157994	-0.0122526	
-0.000741078	-0.000509192	0.000113289	0.000542565	0.00190552	0.00216585	0.00323888	0.00420903	0.00584963	0.00635003	0.00744365	0.00739193	0.00734759	0.00621064	0.00559688	0.00173308	-0.000864328	-0.00453597	-0.00811572	-0.012248	-0.0156687	-0.0173077	-0.0168738	-0.0153617	-0.0119099	
0.000661084	0.00143151	0.001357	0.00254322	0.0035142	0.00371798	0.00502574	0.00588077	0.00745171	0.00817301	0.00846504	0.00937051	0.00842614	0.00798129	0.0067345	0.00373713	0.000460077	-0.00274351	-0.00680255	-0.0102821	-0.0143743	-0.0158101	-0.0150846	-0.0144159	-0.0107162	
0.00280007	0.00348603	0.0037494	0.00421028	0.00561729	0.00591774	0.00696912	0.00822801	0.00983024	0.0100148	0.0113002	0.0115465	0.0115422	0.0101746	0.0101065	0.00636205	0.0035605	0.000457101	-0.00341926	-0.00758445	-0.0110796	-0.0127662	-0.0129789	-0.0117037	-0.0089527	
0.00280186	0.0033932	0.00333478	0.00447487	0.00536845	0.00586808	0.00711082	0.00836165	0.00960006	0.010251	0.0112235	0.0117604	0.0111746	0.0109709	0.00971197	0.00694024	0.00372206	0.000620703	-0.00373171	-0.00726021	-0.0110464	-0.0130382	-0.0124799	-0.0122172	-0.00947724	
0.00203792	0.00283182	0.00272787	0.00330749	0.00460513	0.00475261	0.00594922	0.00743554	0.00880284	0.0092465	0.0106493	0.0111371	0.0111278	0.010149	0.0100326	0.00673701	0.00398778	0.00101928	-0.0031508	-0.00679952	-0.0105484	-0.0122689	-0.0121963	-0.0119106	-0.00944028	
0.000541131	0.00102983	0.00119611	0.00187822	0.00253713	0.00334943	0.00423478	0.00607867	0.00715563	0.00753449	0.00925658	0.00954738	0.00969165	0.00951361	0.00845785	0.00605921	0.00328885	-5.15401e-05	-0.00404632	-0.00749807	-0.0113795	-0.0133754	-0.0134501	-0.0132781	-0.0110241	
-0.000608854	0.000440472	0.000162343	0.000586023	0.00165795	0.00177473	0.00313496	0.00470103	0.00582926	0.00648032	0.00787325	0.0086616	0.00905161	0.00841873	0.00799663	0.00591477	0.00271734	-6.86727e-05	-0.00413785	-0.0074812	-0.0115911	-0.013572	-0.01329	-0.0139771	-0.0118178	
-0.00108568	-0.000468161	-0.000492722	-2.95844e-05	0.000592699	0.00118213	0.00180819	0.00383728	0.00492482	0.00531167	0.0071286	0.00764999	0.00822595	0.00773209	0.00738672	0.00500058	0.00255627	-0.000842815	-0.00455559	-0.00829477	-0.0119581	-0.0140893	-0.0147354	-0.0146678	-0.0127534	
-0.00105682	-0.000107812	-0.000435529	-5.58535e-05	0.000659649	0.000817841	0.00174915	0.00353442	0.00468493	0.00499748	0.00668731	0.00753256	0.00810575	0.00777467	0.00719233	0.0060498	0.00280898	0.000119972	-0.00389389	-0.0070886	-0.0112499	-0.0133716	-0.0134575	-0.0141311	-0.0128725	
-0.000843316	-0.000517763	-0.000519359	-0.000288307	0.000159872	0.000391958	0.00137131	0.00320021	0.00375036	0.00442167	0.00624119	0.00690146	0.00754299	0.00724939	0.0071455	0.00541618	0.00345535	0.000280705	-0.00332478	-0.00683986	-0.0101237	-0.0123302	-0.0127585	-0.0131661	-0.0112515	
-0.00184427	-0.00112386	-0.00123081	-0.00113228	-0.000799072	4.29691e-05	0.000737168	0.00224339	0.00328332	0.00368112	0.0056356	0.00635284	0.00742295	0.0072253	0.00681037	0.00623416	0.0040003	0.00105437	-0.00234003	-0.00529397	-0.00908483	-0.010799	-0.0113014	-0.0112489	-0.0102117	
-0.00215468	-0.00160557	-0.00158832	-0.00146852	-0.000868337	-0.000374647	0.000660122	0.00233195	0.00304116	0.00402761	0.00568185	0.00695946	0.00817322	0.00809192	0.00793764	0.0077622	0.00576897	0.00294213	-0.000224703	-0.00336134	-0.00640088	-0.00849189	-0.0087098	-0.00915102	-0.0077978	
-0.00112526	-0.00058406	-0.000290633	-4.59168e-05	0.000159447	0.00109046	0.00213114	0.00371669	0.00461737	0.00527999	0.00712063	0.00847863	0.00985236	0.00968088	0.00970057	0.00956925	0.00797005	0.00478497	0.00193531	-0.000699912	-0.0040052	-0.00567123	-0.00632902	-0.00619034	-0.00512386	
0.00138998	0.0022555	0.00260431	0.00255607	0.00285086	0.00375638	0.00465228	0.00634183	0.00703801	0.00774672	0.00953183	0.0110951	0.0125113	0.0123287	0.012439	0.0131527	0.0109213	0.00796281	0.00570996	0.00271059	-0.000197608	-0.0018966	-0.00252928	-0.00272317	-0.00213905	
0.00297041	0.00368086	0.00426856	0.00462541	0.00454182	0.00540889	0.00680933	0.00826206	0.00882028	0.0102002	0.0116122	0.0132822	0.0144597	0.0148067	0.0145418	0.0148906	0.0131418	0.00994427	0.00689083	0.00445073	0.00140138	-0.000948864	-0.00213187	-0.00227955	-0.00147097	
0.00495601	0.00597672	0.00686201	0.00667682	0.0067253	0.00795594	0.00887717	0.0103988	0.0113018	0.0121525	0.0137323	0.0150612	0.0166694	0.0162799	0.016134	0.0168121	0.0149299	0.0113272	0.00891578	0.00564488	0.0028479	0.0005915	-0.00108674	-0.00112642	-0.00131224	
0.00713487	0.00796863	0.00870671	0.00878296	0.00841247	0.00959877	0.0108283	0.0121966	0.0125168	0.0139404	0.0146983	0.0165406	0.017547	0.0179974	0.0168357	0.0177702	0.0161323	0.0127342	0.00948154	0.00689661	0.00425432	0.00159358	-0.000126081	-0.000569356	-0.000694329	
0.00602122	0.00691505	0.00800442	0.00793898	0.00787748	0.00913686	0.010433	0.011703	0.0122321	0.0133523	0.014433	0.0158441	0.0175255	0.0171624	0.0162447	0.0170434	0.0152509	0.0117135	0.00878944	0.00552604	0.00260747	-0.000144783	-0.00248997	-0.00307931	-0.00397575	
0.00448254	0.00517788	0.00636237	0.00623836	0.00586735	0.00747296	0.00837716	0.00987814	0.0104461	0.0115019	0.0120957	0.0138145	0.0146984	0.0149524	0.013879	0.0147895	0.0129568	0.00915101	0.00689973	0.00341006	0.000632252	-0.0023615	-0.00478414	-0.00570371	-0.00670029	
0.00260439	0.00323583	0.00409664	0.0041328	0.00391591	0.00496253	0.00638492	0.00748976	0.00759883	0.00906744	0.00970966	0.0109359	0.0118803	0.0122332	0.0109261	0.0118033	0.00965748	0.00680477	0.00373412	0.00106191	-0.00182592	-0.00495444	-0.00762638	-0.00821377	-0.00936887	
-0.000795862	-0.000718182	0.000534224	0.000224994	-5.44724e-05	0.00145888	0.0022162	0.0033268	0.00378878	0.00480345	0.00550583	0.00663504	0.00756348	0.00756421	0.0066352	0.00733398	0.00579751	0.00214145	0.000405344	-0.00327044	-0.00538557	-0.00865313	-0.0116821	-0.0125977	-0.0138898	
-0.00487876	-0.00459825	-0.00366036	-0.00362859	-0.00401027	-0.00287078	-0.00173141	-0.000908825	-0.000506808	0.000846782	0.00117875	0.0026603	0.00309641	0.00365308	0.00226124	0.00297626	0.00140698	-0.00155332	-0.00446794	-0.00681502	-0.009338	-0.0127861	-0.0158483	-0.0167475	-0.0180784	
-0.00699032	-0.00699225	-0.00602635	-0.00624546	-0.00632365	-0.00545269	-0.00454685	-0.00374056	-0.00362041	-0.0025271	-0.00167825	-0.000815816	0.000110712	3.65541e-05	-0.0008775	-9.36145e-07	-0.00145999	-0.00421822	-0.0062401	-0.00910803	-0.0110802	-0.0142517	-0.0170946	-0.0179698	-0.0194779	
-0.00823544	-0.00866877	-0.00765314	-0.00792673	-0.00816264	-0.00689987	-0.00615078	-0.00569969	-0.00500139	-0.00405063	-0.00354409	-0.00189432	-0.0016882	-0.00128318	-0.00175789	-0.00161104	-0.00208393	-0.00490669	-0.0066848	-0.0094148	-0.0114629	-0.0142349	-0.0172192	-0.0188021	-0.0199339	
-0.0101028	-0.0100495	-0.00956149	-0.00936038	-0.00919848	-0.00877391	-0.0075984	-0.00711201	-0.00708208	-0.00582535	-0.00506031	-0.00427891	-0.00330387	-0.00276976	-0.00342169	-0.00283523	-0.00376743	-0.00496102	-0.00763509	-0.00990551	-0.0115679	-0.0141721	-0.0173066	-0.0186701	-0.0199458	
-0.0096335	-0.00999113	-0.00902054	-0.00910344	-0.0092291	-0.00841854	-0.00768973	-0.00744953	-0.00653732	-0.00588859	-0.00546831	-0.00412364	-0.00339977	-0.00271325	-0.00235148	-0.00266947	-0.00241175	-0.00436331	-0.00559583	-0.00782889	-0.00938524	-0.0117966	-0.0147545	-0.0165453	-0.0174128	
-0.00942646	-0.00914328	-0.00862041	-0.00833057	-0.00809397	-0.00783372	-0.00675109	-0.00660866	-0.00609082	-0.00515683	-0.00461124	-0.00358028	-0.00277036	-0.00192761	-0.00132703	-0.00132056	-0.00158058	-0.00233915	-0.00394288	-0.00539382	-0.00717473	-0.00970736	-0.0123818	-0.014199	-0.01568	
