4.87139e-19	1.41454e-20	1.11303e-21	8.37269e-23	6.01999e-24	4.13817e-25	2.72099e-26	1.7125e-27	1.03237e-28	5.9658e-30	3.30713e-31	1.75998e-32	8.99805e-34	4.42263e-35	2.0912e-36	9.51869e-38	4.17348e-39	1.76368e-40	7.18775e-42	2.82659e-43	1.07315e-44	3.9356e-46	1.39486e-47	4.78002e-49	1.59086e-50	
5.37456e-19	4.54816e-20	3.68313e-21	2.8512e-22	2.10945e-23	1.49193e-24	1.00923e-25	6.53396e-27	4.05159e-28	2.40805e-29	1.37285e-30	7.51317e-32	3.94988e-33	1.99623e-34	9.70506e-36	4.54187e-37	2.04736e-38	8.89486e-40	3.72671e-41	1.5066e-42	5.8802e-44	2.21684e-45	8.07684e-47	2.84529e-48	9.7367e-50	
3.41586e-18	3.01607e-19	2.53186e-20	2.02327e-21	1.54097e-22	1.11981e-23	7.7724e-25	5.15767e-26	3.27529e-27	1.9922e-28	1.16165e-29	6.49873e-31	3.49087e-32	1.80183e-33	8.94295e-35	4.27101e-36	1.96403e-37	8.70174e-39	3.71679e-40	1.53138e-41	6.08972e-43	2.33851e-44	8.67632e-46	3.11173e-47	1.08406e-48	
2.16757e-17	1.9664e-18	1.69488e-19	1.38971e-20	1.0853e-21	8.08188e-23	5.74485e-24	3.90207e-25	2.53503e-26	1.5767e-27	9.39664e-29	5.37059e-30	2.94609e-31	1.55231e-32	7.86214e-34	3.83031e-35	1.79619e-36	8.11293e-38	3.53164e-39	1.48254e-40	6.00508e-42	2.34827e-43	8.86998e-45	3.23793e-46	1.14813e-47	
1.2892e-16	1.20232e-17	1.06451e-18	8.95939e-20	7.17712e-21	5.47872e-22	3.9898e-23	2.77478e-24	1.84479e-25	1.17362e-26	7.1509e-28	4.17664e-29	2.34038e-30	1.25916e-31	6.5094e-33	3.23577e-34	1.54772e-35	7.1281e-37	3.16297e-38	1.35308e-39	5.58354e-41	2.22381e-42	8.55311e-44	3.17844e-45	1.1473e-46	
7.17014e-16	6.87834e-17	6.259e-18	5.40992e-19	4.44742e-20	3.48169e-21	2.59862e-22	1.85116e-23	1.25994e-24	8.20136e-26	5.11053e-27	3.05125e-28	1.747e-29	9.59983e-31	5.06675e-32	2.57047e-33	1.25436e-34	5.89182e-36	2.66552e-37	1.16222e-38	4.88685e-40	1.98269e-41	7.76608e-43	2.93837e-44	1.07989e-45	
3.72327e-15	3.67604e-16	3.43971e-17	3.05476e-18	2.57831e-19	2.07087e-20	1.58473e-21	1.15676e-22	8.0627e-24	5.37176e-25	3.42432e-26	2.09053e-27	1.22333e-28	6.86755e-30	3.70151e-31	1.91693e-32	9.54559e-34	4.57371e-35	2.11007e-36	9.37912e-38	4.01914e-39	1.66137e-40	6.62833e-42	2.55381e-43	9.55733e-45	
1.80244e-14	1.83254e-15	1.76414e-16	1.61049e-17	1.39619e-18	1.151e-19	9.03423e-21	6.75949e-22	4.82646e-23	3.29229e-24	2.14763e-25	1.341e-26	8.02233e-28	4.60205e-29	2.53361e-30	1.3397e-31	6.80892e-33	3.32863e-34	1.56627e-35	7.09853e-37	3.10058e-38	1.30602e-39	5.30817e-41	2.08291e-42	7.93886e-44	
8.12307e-14	8.50879e-15	8.4312e-16	7.9154e-17	7.05121e-18	5.9685e-19	4.80671e-20	3.68764e-21	2.69819e-22	1.88494e-23	1.25858e-24	8.03982e-26	4.91819e-27	2.88368e-28	1.62195e-29	8.75849e-31	4.54421e-32	2.26697e-33	1.08817e-34	5.02923e-36	2.23946e-37	9.6137e-39	3.98107e-40	1.59119e-41	6.17744e-43	
3.40355e-13	3.67479e-14	3.74953e-15	3.62149e-16	3.31617e-17	2.88308e-18	2.38308e-19	1.87518e-20	1.40635e-21	1.00643e-22	6.88002e-24	4.49729e-25	2.81377e-26	1.68657e-27	9.69346e-29	5.34655e-30	2.83226e-31	1.44207e-32	7.06236e-34	3.32906e-35	1.51144e-36	6.6135e-38	2.79067e-39	1.13626e-40	4.4938e-42	
1.32432e-12	1.47438e-13	1.54963e-14	1.5403e-15	1.45025e-16	1.29539e-17	1.09925e-18	8.87373e-20	6.82307e-21	5.003e-22	3.50223e-23	2.34304e-24	1.49959e-25	9.19042e-27	5.39833e-28	3.04172e-29	1.64539e-30	8.55158e-32	4.27342e-33	2.05477e-34	9.51276e-36	4.24313e-37	1.82462e-38	7.56885e-40	3.04971e-41	
4.7806e-12	5.48956e-13	5.94488e-14	6.08259e-15	5.88992e-16	5.40621e-17	4.71066e-18	3.90191e-19	3.07643e-20	2.31166e-21	1.65733e-22	1.13495e-23	7.43156e-25	4.65738e-26	2.79618e-27	1.60967e-28	8.8924e-30	4.71803e-31	2.40599e-32	1.18015e-33	5.57169e-35	2.5336e-36	1.11036e-37	4.69286e-39	1.92659e-40	
1.59987e-11	1.89516e-12	2.11494e-13	2.22777e-14	2.21885e-15	2.09308e-16	1.87289e-17	1.59197e-18	1.28718e-19	9.91238e-21	7.27895e-22	5.10274e-23	3.41858e-24	2.19095e-25	1.34457e-26	7.90841e-28	4.46198e-29	2.41688e-30	1.25781e-31	6.29399e-33	3.03042e-34	1.40489e-35	6.27513e-37	2.70225e-38	1.13037e-39	
4.9615e-11	6.06287e-12	6.97233e-13	7.56092e-14	7.74582e-15	7.5093e-16	6.90026e-17	6.01885e-18	4.99059e-19	3.93867e-20	2.96241e-21	2.1259e-22	1.45721e-23	9.55069e-25	5.99112e-26	3.60037e-27	2.07462e-28	1.14723e-29	6.09298e-31	3.11036e-32	1.52725e-33	7.21822e-35	3.28597e-36	1.44176e-37	6.14508e-39	
1.42567e-10	1.79684e-11	2.12903e-12	2.37648e-13	2.5038e-14	2.49428e-15	2.35339e-16	2.10627e-17	1.79076e-18	1.44827e-19	1.11559e-20	8.19453e-22	5.74647e-23	3.85123e-24	2.46922e-25	1.51599e-26	8.92091e-28	5.03583e-29	2.72923e-30	1.42121e-31	7.11624e-33	3.42868e-34	1.59068e-35	7.11067e-37	3.08791e-38	
3.79672e-10	4.93349e-11	6.02063e-12	6.9152e-13	7.49036e-14	7.66541e-15	7.42413e-16	6.81596e-17	5.94055e-18	4.92211e-19	3.88215e-20	2.91826e-21	2.09322e-22	1.43423e-23	9.39696e-25	5.89319e-26	3.54089e-27	2.04013e-28	1.12811e-29	5.99165e-31	3.05894e-32	1.50226e-33	7.10182e-35	3.23401e-36	1.43076e-37	
9.37671e-10	1.25539e-10	1.577e-11	1.86281e-12	2.07339e-13	2.17869e-14	2.16508e-15	2.03814e-16	1.82029e-17	1.54461e-18	1.24696e-19	9.58938e-21	7.03324e-22	4.92531e-23	3.29677e-24	2.11134e-25	1.29496e-26	7.61334e-28	4.2943e-29	2.32574e-30	1.21039e-31	6.05763e-33	2.91747e-34	1.35312e-35	6.09752e-37	
2.14963e-09	2.96279e-10	3.82793e-11	4.64672e-12	5.31088e-13	5.72625e-14	5.83507e-15	5.62895e-16	5.1487e-17	4.47194e-18	3.69338e-19	2.90432e-20	2.17714e-21	1.55759e-22	1.06467e-23	6.96016e-25	4.35602e-26	2.61233e-27	1.50251e-28	8.29506e-30	4.39927e-31	2.24301e-32	1.10024e-33	5.19581e-35	2.3842e-36	
4.58046e-09	6.49183e-10	8.61761e-11	1.07396e-11	1.25925e-12	1.39196e-13	1.45325e-14	1.4355e-15	1.34374e-16	1.1938e-17	1.00801e-18	8.10009e-20	6.20225e-21	4.53056e-22	3.16069e-23	2.10811e-24	1.3456e-25	8.22745e-27	4.82308e-28	2.7131e-29	1.46568e-30	7.60997e-32	3.80028e-33	1.82663e-34	8.5321e-36	
9.08591e-09	1.32237e-09	1.80123e-10	2.30176e-11	2.76559e-12	3.13069e-13	3.34537e-14	3.38038e-15	3.23531e-16	2.93741e-17	2.53359e-18	2.07882e-19	1.62465e-20	1.21082e-21	8.61532e-23	5.85864e-24	3.81149e-25	2.37455e-26	1.41792e-27	8.12234e-29	4.46713e-30	2.36066e-31	1.19955e-32	5.86555e-34	2.78752e-35	
1.6808e-08	2.508e-09	3.50007e-10	4.57962e-11	5.63074e-12	6.51916e-13	7.12109e-14	7.35209e-15	7.1864e-16	6.66078e-17	5.86258e-18	4.90679e-19	3.91031e-20	2.97069e-21	2.15394e-22	1.49214e-23	9.88626e-25	6.27078e-26	3.81136e-27	2.22171e-28	1.2431e-29	6.68159e-31	3.45255e-32	1.71637e-33	8.29393e-35	
2.90522e-08	4.43632e-09	6.33212e-10	8.46917e-11	1.06389e-11	1.25787e-12	1.40254e-13	1.47748e-14	1.47297e-15	1.39194e-16	1.24866e-17	1.06481e-18	8.64308e-20	6.68603e-21	4.93486e-22	3.47909e-23	2.34526e-24	1.51313e-25	9.3525e-27	5.54282e-28	3.15248e-29	1.72203e-30	9.04128e-32	4.5661e-33	2.24186e-34	
4.70133e-08	7.33181e-09	1.06823e-09	1.45776e-10	1.86761e-11	2.2511e-12	2.55788e-13	2.74498e-14	2.78691e-15	2.68117e-16	2.44791e-17	2.12397e-18	1.75369e-19	1.3796e-20	1.03528e-21	7.41896e-23	5.0824e-24	3.3317e-25	2.0919e-26	1.25917e-27	7.27223e-29	4.03311e-30	2.14951e-31	1.10178e-32	5.49127e-34	
7.13661e-08	1.13414e-08	1.68316e-09	2.33876e-10	3.04979e-11	3.74043e-12	4.32327e-13	4.71797e-14	4.86969e-15	4.76163e-16	4.41748e-17	3.8938e-18	3.26537e-19	2.60853e-20	1.98736e-21	1.44563e-22	1.00508e-23	6.68561e-25	4.25881e-26	2.60037e-27	1.52319e-28	8.56645e-30	4.62928e-31	2.40561e-32	1.21572e-33	
1.01814e-07	1.6449e-08	2.48092e-09	3.50228e-10	4.63862e-11	5.7767e-12	6.77804e-13	7.50722e-14	7.86256e-15	7.79953e-16	7.33928e-17	6.56056e-18	5.57843e-19	4.51769e-20	3.48875e-21	2.57194e-22	1.81197e-23	1.22118e-24	7.88056e-26	4.87394e-27	2.89151e-28	1.64682e-29	9.01127e-31	4.7411e-32	2.42633e-33	
1.36747e-07	2.24042e-08	3.42583e-09	4.90188e-10	6.57904e-11	8.30092e-12	9.866e-13	1.1067e-13	1.17369e-14	1.17878e-15	1.12286e-16	1.01593e-17	8.74229e-19	7.16418e-20	5.59765e-21	4.17478e-22	2.97518e-23	2.02808e-24	1.32362e-25	8.27844e-27	4.96608e-28	2.85969e-29	1.58199e-30	8.41415e-32	4.35381e-33	
1.73177e-07	2.86984e-08	4.43775e-09	6.42021e-10	8.71099e-11	1.11092e-11	1.3344e-12	1.51254e-13	1.62074e-14	1.64444e-15	1.58233e-16	1.44601e-17	1.25669e-18	1.03999e-19	8.20515e-21	6.1787e-22	4.44556e-23	3.05924e-24	2.01548e-25	1.27238e-26	7.70386e-28	4.47725e-29	2.49959e-30	1.34159e-31	7.00644e-33	
2.07053e-07	3.46139e-08	5.39878e-09	7.87708e-10	1.07774e-10	1.38584e-11	1.67826e-12	1.9177e-13	2.07134e-14	2.1183e-15	2.05429e-16	1.89192e-17	1.65691e-18	1.38168e-19	1.09837e-20	8.33335e-22	6.04065e-23	4.18778e-24	2.77932e-25	1.76745e-26	1.07792e-27	6.30985e-29	3.54803e-30	1.91793e-31	1.00892e-32	
2.33953e-07	3.93481e-08	6.17381e-09	9.06089e-10	1.24691e-10	1.61257e-11	1.9639e-12	2.25669e-13	2.45103e-14	2.5204e-15	2.45759e-16	2.27559e-17	2.00363e-18	1.67972e-19	1.34237e-20	1.02381e-21	7.46009e-23	5.19866e-24	3.468e-25	2.21669e-26	1.35879e-27	7.99423e-29	4.51778e-30	2.45436e-31	1.2977e-32	
2.49999e-07	4.2186e-08	6.64065e-09	9.77734e-10	1.34977e-10	1.75107e-11	2.13919e-12	2.46567e-13	2.68616e-14	2.77053e-15	2.70956e-16	2.51637e-17	2.22217e-18	1.86838e-19	1.49749e-20	1.14542e-21	8.37018e-23	5.84951e-24	3.91325e-25	2.50835e-26	1.54188e-27	9.09672e-29	5.15508e-30	2.8083e-31	1.48901e-32	
2.52744e-07	4.26722e-08	6.72074e-09	9.90045e-10	1.36747e-10	1.77494e-11	2.16946e-12	2.50181e-13	2.7269e-14	2.81393e-15	2.75337e-16	2.55829e-17	2.26029e-18	1.90135e-19	1.52464e-20	1.16674e-21	8.53003e-23	5.96403e-24	3.99174e-25	2.55985e-26	1.57427e-27	9.29207e-29	5.26821e-30	2.87124e-31	1.5231e-32	
2.41757e-07	4.07263e-08	6.40022e-09	9.40791e-10	1.29667e-10	1.67949e-11	2.0485e-12	2.35743e-13	2.56426e-14	2.64072e-15	2.57867e-16	2.39118e-17	2.10845e-18	1.77012e-19	1.41663e-20	1.08198e-21	7.89504e-23	5.50946e-24	3.68045e-25	2.35575e-26	1.44601e-27	8.51907e-29	4.82095e-30	2.62261e-31	1.38858e-32	
2.18734e-07	3.66647e-08	5.73371e-09	8.3875e-10	1.15052e-10	1.48317e-11	1.80061e-12	2.0626e-13	2.23331e-14	2.28948e-15	2.22564e-16	2.05462e-17	1.80367e-18	1.50759e-19	1.20127e-20	9.13513e-22	6.63709e-23	4.6118e-24	3.06769e-25	1.95524e-26	1.19513e-27	7.01162e-29	3.9514e-30	2.1407e-31	1.12865e-32	
1.87083e-07	3.11182e-08	4.82954e-09	7.01217e-10	9.54789e-11	1.22191e-11	1.47278e-12	1.67509e-13	1.80097e-14	1.8334e-15	1.76997e-16	1.62278e-17	1.41489e-18	1.17467e-19	9.29725e-21	7.02321e-22	5.06902e-23	3.49913e-24	2.31241e-25	1.46431e-26	8.89293e-28	5.18394e-29	2.90283e-30	1.56268e-31	8.18587e-33	
1.51126e-07	2.48772e-08	3.82164e-09	5.49317e-10	7.40572e-11	9.38523e-12	1.12033e-12	1.2621e-13	1.34417e-14	1.35564e-15	1.29667e-16	1.17798e-17	1.01778e-18	8.37389e-20	6.56874e-21	4.91823e-22	3.51862e-23	2.40775e-24	1.57741e-25	9.90298e-27	5.96287e-28	3.44645e-29	1.91362e-30	1.02152e-31	5.30542e-33	
1.15162e-07	1.87117e-08	2.83795e-09	4.02823e-10	5.36388e-11	6.71515e-12	7.92005e-13	8.81688e-14	9.28066e-15	9.25188e-16	8.74847e-17	7.85792e-18	6.71337e-19	5.46236e-20	4.23784e-21	3.13851e-22	2.22115e-23	1.50365e-24	9.74644e-26	6.05439e-27	3.60741e-28	2.06338e-29	1.13387e-30	5.99077e-32	3.07896e-33	
8.26643e-08	1.32238e-08	1.97523e-09	2.76194e-10	3.62391e-11	4.47153e-12	5.19906e-13	5.70686e-14	5.92421e-15	5.82544e-16	5.4344e-17	4.81635e-18	4.06076e-19	3.26112e-20	2.49752e-21	1.82609e-22	1.27605e-23	8.53057e-25	5.46095e-26	3.35066e-27	1.97215e-28	1.11442e-29	6.05064e-31	3.15885e-32	1.6039e-33	
5.57997e-08	8.76703e-09	1.28664e-09	1.76827e-10	2.28112e-11	2.76815e-12	3.16625e-13	3.41992e-14	3.49426e-15	3.38266e-16	3.10729e-17	2.7123e-18	2.25269e-19	1.78244e-20	1.34521e-21	9.69415e-23	6.67773e-24	4.40131e-25	2.77829e-26	1.68116e-27	9.75985e-29	5.44047e-30	2.91424e-31	1.50121e-32	7.51966e-34	
3.5355e-08	5.44323e-09	7.83149e-10	1.05562e-10	1.33612e-11	1.59143e-12	1.78727e-13	1.89605e-14	1.9033e-15	1.81073e-16	1.63508e-17	1.40335e-18	1.14632e-19	8.92274e-21	6.62592e-22	4.69926e-23	3.1864e-24	2.0677e-25	1.28528e-26	7.6598e-28	4.38042e-29	2.40571e-30	1.2698e-31	6.44639e-33	3.18171e-34	
2.09858e-08	3.15932e-09	4.44714e-10	5.86762e-11	7.27317e-12	8.4875e-13	9.34276e-14	9.71841e-15	9.5691e-16	8.93274e-17	7.91728e-18	6.67182e-19	5.35245e-20	4.0929e-21	2.98663e-22	2.08198e-23	1.38791e-24	8.85652e-26	5.41482e-27	3.17472e-28	1.78646e-29	9.65592e-31	5.01693e-32	2.50756e-33	1.2183e-34	
1.16464e-08	1.71113e-09	2.35218e-10	3.03255e-11	3.67506e-12	4.19506e-13	4.51917e-14	4.60256e-15	4.43894e-16	4.06043e-17	3.52781e-18	2.91521e-19	2.29415e-20	1.72141e-21	1.23297e-22	8.43898e-24	5.52509e-25	3.46354e-26	2.0808e-27	1.19908e-28	6.6333e-30	3.52551e-31	1.80157e-32	8.85804e-34	4.23303e-35	
6.03114e-09	8.63324e-10	1.15707e-10	1.4554e-11	1.72187e-12	1.91994e-13	2.02143e-14	2.01313e-15	1.89947e-16	1.70061e-17	1.44678e-18	1.17113e-19	9.03161e-21	6.64342e-22	4.6663e-23	3.13304e-24	2.01283e-25	1.23854e-26	7.30576e-28	4.13471e-29	2.247e-30	1.17349e-31	5.89381e-33	2.84884e-34	1.33817e-35	
2.90906e-09	4.05109e-10	5.28631e-11	6.47888e-12	7.4738e-13	8.13082e-14	8.35749e-15	8.13029e-16	7.4975e-17	6.56378e-18	5.4629e-19	4.32808e-20	3.26816e-21	2.3548e-22	1.62077e-23	1.06675e-24	6.72042e-26	4.05634e-27	2.34779e-28	1.30418e-29	6.95856e-31	3.56891e-32	1.76077e-33	8.36246e-35	3.85913e-36	
1.30479e-09	1.76555e-10	2.24059e-11	2.67282e-12	3.0033e-13	3.18485e-14	3.19311e-15	3.03177e-16	2.7303e-17	2.33554e-18	1.90028e-19	1.47252e-20	1.08803e-21	7.67445e-23	5.17309e-24	3.33574e-25	2.05963e-26	1.21883e-27	6.91872e-29	3.77052e-30	1.97428e-31	9.93982e-33	4.81526e-34	2.24614e-35	1.01798e-36	
5.43465e-10	7.13862e-11	8.80269e-12	1.02122e-12	1.11687e-13	1.15365e-14	1.12742e-15	1.0441e-16	9.17694e-18	7.66597e-19	6.09435e-20	4.61659e-21	3.33626e-22	2.30264e-23	1.51941e-24	9.59486e-26	5.804e-27	3.36613e-28	1.87335e-29	1.00125e-30	5.14321e-32	2.54109e-33	1.20838e-34	5.53454e-36	2.4627e-37	
2.09985e-10	2.67568e-11	3.20386e-12	3.61259e-13	3.84337e-14	3.8649e-15	3.67982e-16	3.32245e-17	2.84885e-18	2.32304e-19	1.80377e-20	1.33528e-21	9.43461e-23	6.36957e-24	4.11314e-25	2.54294e-26	1.5066e-27	8.56132e-29	4.67007e-30	2.44733e-31	1.23303e-32	5.97698e-34	2.78944e-35	1.25421e-36	5.47833e-38	
7.52129e-11	9.2928e-12	1.08005e-12	1.18321e-13	1.22408e-14	1.19798e-15	1.11091e-16	9.77602e-18	8.17546e-19	6.50592e-20	4.93283e-21	3.56768e-22	2.46412e-23	1.62698e-24	1.02797e-25	6.22108e-27	3.60935e-28	2.00928e-29	1.07412e-30	5.51831e-32	2.72656e-33	1.29655e-34	5.93776e-36	2.62059e-37	1.12352e-38	
2.49661e-11	2.99028e-12	3.37267e-13	3.58905e-14	3.61001e-15	3.43785e-16	3.10453e-17	2.66237e-18	2.17121e-19	1.68599e-20	1.24812e-21	8.81861e-23	5.9533e-24	3.84391e-25	2.37611e-26	1.40747e-27	7.99596e-29	4.36035e-30	2.2842e-31	1.15038e-32	5.57379e-34	2.59995e-35	1.16834e-36	5.0611e-38	2.12965e-39	
7.68034e-12	8.91732e-13	9.76e-14	1.00886e-14	9.86574e-16	9.142e-17	8.03933e-18	6.71859e-19	5.34305e-20	4.04851e-21	2.92621e-22	2.01977e-23	1.33272e-24	8.41483e-26	5.08902e-27	2.95048e-28	1.64131e-29	8.76752e-31	4.5008e-32	2.22202e-33	1.05574e-34	4.83073e-36	2.13005e-37	9.05651e-39	3.74033e-40	
2.19054e-12	2.46577e-13	2.61923e-14	2.63016e-15	2.5009e-16	2.2552e-17	1.93141e-18	1.5731e-19	1.22007e-20	9.02149e-22	6.36696e-23	4.2935e-24	2.76922e-25	1.70996e-26	1.01181e-27	5.74206e-29	3.12792e-30	1.63683e-31	8.23453e-33	3.9854e-34	1.85696e-35	8.33516e-37	3.60645e-38	1.50511e-39	6.10199e-41	
