0.0398974	0.0371709	0.0350288	0.031485	0.0276805	0.0230009	0.0194069	0.017189	0.0160524	0.016199	0.0173517	0.01913	0.0211009	0.0242875	0.0274477	0.028565	0.0285925	0.026162	0.023754	0.0218349	0.0187207	0.0138758	0.00832739	0.00333236	-0.000260619	
0.0403332	0.038923	0.0362356	0.0326833	0.0296032	0.0254498	0.0223634	0.0203584	0.0198754	0.0203202	0.0210622	0.0227397	0.0252671	0.0282592	0.0309483	0.0321407	0.0319441	0.0285808	0.0254986	0.0229437	0.0189284	0.0138574	0.00875677	0.00420382	0.000784869	
0.0419737	0.0401956	0.036908	0.0339639	0.0322098	0.0285251	0.0262488	0.0251689	0.0258037	0.0261308	0.0270809	0.0295054	0.0324434	0.0346056	0.0373189	0.0393771	0.038097	0.0346269	0.0314186	0.0274	0.0223866	0.0173086	0.0121246	0.00747394	0.00467923	
0.0461409	0.044136	0.0402675	0.0370305	0.0354231	0.0323195	0.0309609	0.0307274	0.031135	0.0320415	0.0330812	0.035065	0.0375045	0.0397737	0.042231	0.0436939	0.0426995	0.0387418	0.0356732	0.0310375	0.0256903	0.0207274	0.015318	0.0114751	0.0100453	
0.0498516	0.0481314	0.0450995	0.0416714	0.0401997	0.0380682	0.0384514	0.0374621	0.0387287	0.0408343	0.0415488	0.0425566	0.0454904	0.0476118	0.0493448	0.050242	0.0487186	0.0456734	0.0411307	0.036663	0.0315985	0.0250403	0.019412	0.0162177	0.0143844	
0.0512456	0.0502451	0.0472686	0.0444964	0.043964	0.0432378	0.0439492	0.0441765	0.0463658	0.0490554	0.0494866	0.0512169	0.053963	0.0562025	0.0573707	0.0574947	0.057575	0.0528871	0.0489027	0.0450463	0.039099	0.0326208	0.0267358	0.0228931	0.0211575	
0.052633	0.0506955	0.0487001	0.0464335	0.0463077	0.046045	0.0481141	0.048743	0.0524814	0.0543913	0.0554605	0.0575432	0.0606444	0.0619976	0.0632189	0.0645395	0.0627094	0.0594332	0.0554885	0.0513769	0.046141	0.0397299	0.0337933	0.0296256	0.0273634	
0.0516558	0.0499367	0.0478798	0.0463652	0.0470544	0.0477261	0.050236	0.052589	0.0556409	0.0581834	0.0596156	0.0615552	0.0643624	0.0666295	0.067554	0.067873	0.0669813	0.0626092	0.0598679	0.0558279	0.0508174	0.045358	0.0390651	0.0343441	0.0325652	
0.0468039	0.0445616	0.0432604	0.0423653	0.0447693	0.0459356	0.0501827	0.0526253	0.056588	0.0598492	0.0613961	0.0633169	0.0675825	0.0695756	0.0698222	0.0706463	0.0687357	0.0662761	0.0625489	0.0589023	0.0546972	0.0483596	0.0421236	0.037537	0.0349342	
0.0365036	0.035651	0.0334737	0.0339405	0.0367134	0.0385331	0.0431568	0.0469585	0.0506637	0.0547501	0.0560172	0.0594191	0.0637837	0.0658324	0.0668142	0.0667509	0.0673272	0.0637257	0.0615882	0.059126	0.0543391	0.0490357	0.0432266	0.0385259	0.0371917	
0.0217117	0.0209127	0.020889	0.0214861	0.0243055	0.0269745	0.032693	0.0360133	0.0419165	0.0457923	0.0480942	0.0512992	0.056128	0.0587591	0.0600529	0.0613762	0.0605978	0.0587405	0.0568193	0.0545255	0.050429	0.0449744	0.0392995	0.0356497	0.0339805	
0.00402095	0.00418694	0.00456034	0.00586339	0.00940207	0.0132818	0.0183109	0.0221061	0.0283171	0.0330968	0.0351344	0.0379383	0.0432479	0.0465507	0.0478333	0.0491594	0.0497977	0.0474125	0.0463636	0.0440896	0.0404748	0.035187	0.0297461	0.0267351	0.0256969	
-0.0155536	-0.0156982	-0.0142312	-0.0135937	-0.00835828	-0.00480603	9.76631e-05	0.00390977	0.0102087	0.0152281	0.0178644	0.0212329	0.0269566	0.0303266	0.0312611	0.0346391	0.0345377	0.0333211	0.0316703	0.029612	0.0262772	0.0206033	0.0159267	0.0137776	0.0137106	
-0.0370697	-0.0357591	-0.0353579	-0.0334156	-0.0285406	-0.0248529	-0.0196736	-0.0154265	-0.0105833	-0.00433522	-0.0019763	0.0021778	0.0073803	0.0103255	0.0137264	0.0160595	0.0173774	0.0153945	0.0145126	0.0127412	0.00900356	0.00410524	-0.000218414	-0.00286151	-0.0007801	
-0.05249	-0.0519038	-0.0511368	-0.0488149	-0.0446909	-0.0410873	-0.0358456	-0.0327823	-0.0277743	-0.0227888	-0.0201245	-0.016698	-0.0116614	-0.00760026	-0.00448711	-0.00243995	-0.00163985	-0.00350431	-0.00511233	-0.00751749	-0.0117564	-0.0163458	-0.0209574	-0.0228106	-0.0205883	
-0.0629915	-0.0631677	-0.0624923	-0.0601555	-0.0568249	-0.0534523	-0.0485869	-0.0463221	-0.0418549	-0.0385872	-0.0361698	-0.0326964	-0.0269892	-0.0234725	-0.0213004	-0.0195891	-0.0185711	-0.0211151	-0.0235774	-0.0267564	-0.0310392	-0.0359669	-0.040702	-0.042127	-0.0406241	
-0.0680687	-0.0684244	-0.0676787	-0.0668181	-0.0633134	-0.0609223	-0.0567182	-0.0542114	-0.0514266	-0.0489269	-0.0465947	-0.042947	-0.0375823	-0.0339499	-0.0330999	-0.0301625	-0.0310523	-0.0337905	-0.0369294	-0.0406878	-0.0457279	-0.051442	-0.0562656	-0.057827	-0.0571526	
-0.0650087	-0.0648234	-0.0646482	-0.0639511	-0.0614518	-0.0594962	-0.0566964	-0.0545997	-0.0525993	-0.0499964	-0.0494133	-0.0464425	-0.0416781	-0.0386097	-0.0371634	-0.0358332	-0.0374754	-0.0411342	-0.045012	-0.0503653	-0.0558733	-0.0626598	-0.0675304	-0.0704375	-0.0693117	
-0.0536039	-0.0533206	-0.0545341	-0.0533451	-0.0521899	-0.0508585	-0.0491293	-0.0478761	-0.0456778	-0.0438798	-0.0443298	-0.0424813	-0.038332	-0.0360631	-0.0350113	-0.0349028	-0.0365505	-0.0415492	-0.0469862	-0.0534663	-0.0599429	-0.0671233	-0.0728972	-0.0760249	-0.0756249	
-0.0392657	-0.0398473	-0.0405057	-0.0408137	-0.0398889	-0.0385869	-0.0371078	-0.0368889	-0.0340817	-0.0334969	-0.033495	-0.0315916	-0.0287469	-0.0268523	-0.0257967	-0.0261331	-0.0279965	-0.0340212	-0.0407879	-0.0472121	-0.0548766	-0.062751	-0.0694749	-0.0734121	-0.0734451	
-0.0226412	-0.0226385	-0.0234167	-0.0244911	-0.0235142	-0.022676	-0.0218222	-0.0210597	-0.0197318	-0.0187975	-0.0189483	-0.0180252	-0.0154279	-0.0135927	-0.0130386	-0.0134307	-0.0169827	-0.0229513	-0.0301932	-0.0369782	-0.0459039	-0.0541622	-0.0616107	-0.065429	-0.0660669	
-0.00806735	-0.00816988	-0.00840284	-0.00901635	-0.00905051	-0.00782093	-0.0074629	-0.00593776	-0.00513202	-0.00438485	-0.00473286	-0.00405045	-0.00140574	0.001264	0.00102721	0.00110754	-0.00284566	-0.00859844	-0.0157832	-0.024203	-0.0323618	-0.0415513	-0.0489589	-0.0533542	-0.0541322	
0.00268839	0.00297905	0.0024346	0.00308811	0.00238593	0.00367002	0.00533342	0.00628925	0.00773241	0.00834889	0.00881842	0.00910618	0.0124843	0.0143529	0.0149098	0.0149433	0.0110067	0.005291	-0.00183188	-0.0103113	-0.0180742	-0.0275511	-0.0356585	-0.0392899	-0.0407572	
0.00805026	0.00818857	0.00865594	0.0094229	0.00930021	0.0104941	0.0130778	0.0137442	0.0160559	0.0174895	0.0176706	0.0195894	0.0219846	0.025348	0.0263027	0.0262184	0.0228454	0.0172204	0.0103418	0.00295407	-0.00563402	-0.0153085	-0.0231148	-0.0275609	-0.0279947	
0.00997106	0.009972	0.0117557	0.0123295	0.0127369	0.0140257	0.015993	0.017819	0.0197452	0.0220109	0.0224467	0.0242164	0.0278315	0.0305333	0.0322789	0.0322672	0.0288583	0.0237103	0.0166156	0.00967355	0.00109631	-0.00764435	-0.0153901	-0.0196815	-0.0198976	
0.00726306	0.00762531	0.00856131	0.0111501	0.0105201	0.0130238	0.014348	0.0170094	0.0188202	0.022084	0.0229626	0.0255947	0.029236	0.0322316	0.0346039	0.0354292	0.0322936	0.0268712	0.0200869	0.0127861	0.0057473	-0.00323069	-0.0106156	-0.0153908	-0.0152865	
0.0030508	0.00290146	0.00476486	0.00643912	0.00692953	0.00942868	0.0113619	0.0131299	0.0169813	0.0189959	0.0222921	0.024415	0.0291164	0.0322611	0.03483	0.0359479	0.0325686	0.0274648	0.0202958	0.0135758	0.0059594	-0.00227835	-0.01079	-0.0143882	-0.0147721	
-0.00129208	-0.00111789	-0.000186733	0.00180252	0.00261274	0.00459479	0.0073593	0.0088527	0.0122713	0.0155845	0.0179397	0.0221253	0.0263341	0.0304918	0.0325499	0.0334882	0.030341	0.0254409	0.01811	0.0113262	0.00334761	-0.00525394	-0.012696	-0.017285	-0.0169053	
-0.0051843	-0.005888	-0.0040602	-0.00349734	-0.00202989	0.000335175	0.00259807	0.00490508	0.0077343	0.0111619	0.0147496	0.0181726	0.0232494	0.0279018	0.0290478	0.0305316	0.0264997	0.0219145	0.0149854	0.00716183	-0.000577194	-0.00967767	-0.0180139	-0.0218576	-0.0220295	
-0.00988293	-0.00968448	-0.0101453	-0.00773147	-0.00796889	-0.00504038	-0.00234	-0.000647016	0.00217258	0.00720416	0.00983557	0.014215	0.0198481	0.0238497	0.0259142	0.0255572	0.0224362	0.0178585	0.0115258	0.00329309	-0.00429881	-0.0145628	-0.0221342	-0.0260525	-0.0265368	
-0.0120579	-0.0128833	-0.0123826	-0.0117018	-0.011366	-0.00913256	-0.00599453	-0.00476381	-0.000817268	0.00337679	0.00709561	0.0112012	0.0166882	0.0208327	0.0220264	0.0215325	0.0186228	0.0141149	0.00727306	-3.55803e-05	-0.00930618	-0.0183501	-0.0265151	-0.0303423	-0.0308483	
-0.0122166	-0.0133955	-0.0129572	-0.0123925	-0.0127802	-0.0106467	-0.00746867	-0.0057704	-0.0024635	0.00271406	0.00588992	0.0100737	0.0155151	0.018808	0.0205268	0.019425	0.0164865	0.0116749	0.00434158	-0.00366501	-0.0126945	-0.0221582	-0.0300904	-0.035353	-0.0356101	
-0.0101086	-0.0117752	-0.0114166	-0.0114524	-0.0122646	-0.0102979	-0.0075768	-0.00552693	-0.00208598	0.00240623	0.0058009	0.00875083	0.0140578	0.0170689	0.0176031	0.017801	0.0140773	0.00927867	0.00185359	-0.00666955	-0.0148465	-0.0248708	-0.033653	-0.0378067	-0.0388186	
-0.00764352	-0.0089027	-0.00908798	-0.00883008	-0.00998105	-0.0083289	-0.00507645	-0.00360652	0.000599069	0.00470909	0.00743176	0.0105438	0.0150196	0.0172536	0.0181455	0.0177408	0.0146768	0.00918862	0.00124546	-0.00702057	-0.016166	-0.0256291	-0.0346345	-0.0394559	-0.0405274	
-0.00584856	-0.00703696	-0.00684323	-0.00725018	-0.00773946	-0.0063728	-0.00323837	-0.00147375	0.00292432	0.00704844	0.00928971	0.0124535	0.0159326	0.0189741	0.0194664	0.0197862	0.0165868	0.0113689	0.00375786	-0.00455324	-0.0135411	-0.0229833	-0.031491	-0.036793	-0.0371689	
-0.00373878	-0.00379574	-0.00400818	-0.00444339	-0.00475433	-0.00341871	-0.000613893	0.00225494	0.00602078	0.0105256	0.0122583	0.0146757	0.0192712	0.0220088	0.0225346	0.0228059	0.0196212	0.0144345	0.00727272	-0.00182306	-0.00988427	-0.0200997	-0.0285107	-0.0329124	-0.0338942	
-0.0030622	-0.00267954	-0.00303884	-0.00323468	-0.00367894	-0.00210706	0.00118069	0.00343653	0.00786119	0.0116361	0.0130815	0.0159995	0.0203938	0.0232914	0.0242769	0.0238237	0.0216238	0.0162981	0.00971696	0.0012413	-0.00782221	-0.0174169	-0.0250365	-0.029156	-0.0300052	
-0.00640548	-0.00563004	-0.00602594	-0.00578653	-0.00600611	-0.00461702	-0.00124359	0.00113971	0.00533367	0.00963769	0.0112251	0.0141961	0.0191148	0.0223583	0.023773	0.0239183	0.0223495	0.0178768	0.0113986	0.00366834	-0.00532497	-0.0140046	-0.0214138	-0.0255422	-0.0254626	
-0.00818332	-0.00785891	-0.00679753	-0.00753703	-0.00719918	-0.005757	-0.00349483	-0.00104011	0.003005	0.00648099	0.00863824	0.0110564	0.0162092	0.01958	0.020682	0.0214807	0.0205721	0.0160824	0.009981	0.00241939	-0.00579053	-0.0143434	-0.0211258	-0.0246753	-0.024159	
-0.010339	-0.0093817	-0.00976395	-0.00893623	-0.00893836	-0.00747505	-0.00448356	-0.00251349	0.000978361	0.00533549	0.00698589	0.00973891	0.0152438	0.0179347	0.0197655	0.0215221	0.020104	0.016173	0.0101663	0.00271248	-0.00506232	-0.0142163	-0.0213288	-0.0246524	-0.0252868	
-0.00818662	-0.00845438	-0.00804392	-0.00863354	-0.0084276	-0.0064592	-0.00447995	-0.00283984	0.00136624	0.00437403	0.00662228	0.0092789	0.0133238	0.0172463	0.0184888	0.0199755	0.0191126	0.0147043	0.00857064	0.00190253	-0.00696787	-0.0148455	-0.0227116	-0.0271969	-0.0269495	
-0.00606076	-0.0057354	-0.00626751	-0.00633641	-0.00634269	-0.00476605	-0.0027032	-0.000742904	0.00256506	0.00641184	0.00744403	0.00999412	0.0146135	0.0177348	0.0193967	0.0209551	0.0192231	0.0150648	0.00871036	0.000974593	-0.00664653	-0.0165234	-0.0239164	-0.0283803	-0.0293846	
-0.00534895	-0.00518525	-0.00515253	-0.00569382	-0.00497276	-0.0035057	-0.0011661	0.00110029	0.00433782	0.00727746	0.00909135	0.0119631	0.0166612	0.0207334	0.0220817	0.0240092	0.0222513	0.0180894	0.0122701	0.00463156	-0.00414658	-0.0139097	-0.0221758	-0.0268652	-0.0289806	
-0.00538875	-0.00537144	-0.00582526	-0.00556482	-0.00557319	-0.00336857	-0.000484814	0.00149253	0.00501084	0.00830751	0.0101637	0.0145883	0.0198711	0.0237661	0.026376	0.0272375	0.0265059	0.0228305	0.0169978	0.00946908	-5.79314e-07	-0.00971785	-0.0183335	-0.0240966	-0.0262754	
-0.00556215	-0.00560718	-0.0057823	-0.00590873	-0.00463649	-0.0026009	0.000235792	0.00290224	0.0061696	0.00939351	0.0122727	0.0168577	0.0223191	0.0268491	0.0289625	0.0309147	0.0299323	0.0258513	0.0197565	0.0118796	0.00252172	-0.00839919	-0.0174348	-0.0236041	-0.0260046	
-0.00689285	-0.00706749	-0.00729257	-0.00702855	-0.00556394	-0.00426033	-0.00124135	0.00127173	0.00471123	0.00843058	0.0116181	0.0156628	0.0219946	0.0253392	0.028747	0.0304585	0.0293951	0.0253454	0.0193287	0.011437	0.00178106	-0.00873725	-0.0183639	-0.0243557	-0.0276831	
-0.00902874	-0.0100564	-0.010182	-0.00950558	-0.0083137	-0.00654276	-0.00373657	-0.00135958	0.00275403	0.00657255	0.00931305	0.0143956	0.0194807	0.0241393	0.027061	0.0288887	0.0282582	0.0238931	0.0177381	0.0105113	0.00075993	-0.00976994	-0.0195266	-0.0264268	-0.0281534	
-0.0106525	-0.0109342	-0.0110631	-0.0104342	-0.00834938	-0.00673321	-0.00382033	-0.000963859	0.00308464	0.00704827	0.01037	0.0140898	0.0202718	0.0238541	0.02684	0.0290295	0.0273445	0.0228698	0.0163609	0.0089354	-0.000580763	-0.0115383	-0.0220391	-0.0287063	-0.0315484	
-0.00930887	-0.0094008	-0.00909042	-0.0084666	-0.006138	-0.00468053	-0.0014599	0.00142543	0.0055005	0.00962176	0.0117443	0.0156655	0.0203968	0.024292	0.0268433	0.0280886	0.0261862	0.0204527	0.0142732	0.00651955	-0.00310112	-0.0139018	-0.0241592	-0.0318798	-0.0349068	
-0.00928595	-0.00877676	-0.00796105	-0.00709797	-0.00517473	-0.00347911	0.000292547	0.00307569	0.00767152	0.0117712	0.0138644	0.0174184	0.022496	0.0256941	0.027737	0.0290842	0.0259459	0.0210346	0.0140014	0.00618012	-0.00290787	-0.0137365	-0.025185	-0.0328581	-0.036493	
