-0.00340114	-0.00410714	-0.00368866	-0.00344636	-0.00259361	-0.00243973	-0.00230011	-0.00226229	-0.00215177	-0.00204599	-0.00199126	-0.00209497	-0.00241476	-0.00234329	-0.00256898	-0.00302189	-0.00283898	-0.00269975	-0.00262838	-0.00260011	-0.00176062	-0.00192186	-0.00141692	-0.000821085	-0.000463758	
-0.00344093	-0.00365021	-0.00325926	-0.00307344	-0.0022012	-0.00195963	-0.00189306	-0.00193764	-0.00168964	-0.00174505	-0.00175902	-0.00180168	-0.00200318	-0.00219751	-0.00225377	-0.00276821	-0.00259677	-0.00258624	-0.00229961	-0.0023927	-0.00157154	-0.00162717	-0.00102788	-0.000584144	-0.000231961	
-0.00438697	-0.00394353	-0.00373978	-0.00328046	-0.00260136	-0.00189629	-0.00205286	-0.00183981	-0.00156414	-0.00161779	-0.00152693	-0.00154767	-0.00149829	-0.00139091	-0.00210884	-0.00209731	-0.00221879	-0.00207219	-0.00231869	-0.00196537	-0.00155612	-0.00126381	-0.00126828	-0.000752879	-0.000487518	
-0.00424339	-0.00441808	-0.004012	-0.00348257	-0.00292603	-0.00247367	-0.00227307	-0.00211729	-0.00204906	-0.00192921	-0.0020073	-0.00199818	-0.00172622	-0.00180585	-0.00220008	-0.00219388	-0.00229302	-0.00254983	-0.00211189	-0.00226366	-0.00182607	-0.00151975	-0.00059789	-0.00104196	-0.00103691	
-0.00329301	-0.0032738	-0.00282532	-0.00317791	-0.00248863	-0.00178423	-0.00218361	-0.00164801	-0.00155019	-0.00156832	-0.00195142	-0.0013699	-0.0011963	-0.000928177	-0.00141384	-0.00132036	-0.0013877	-0.0013498	-0.00116736	-0.00125402	-0.000568222	-0.000780351	-5.67228e-06	8.99094e-05	-0.000335562	
-0.00359246	-0.00315601	-0.00328649	-0.00333513	-0.00295194	-0.00247489	-0.0025969	-0.00223929	-0.00221227	-0.00233957	-0.0024988	-0.00222197	-0.00202296	-0.00197895	-0.00178552	-0.00250684	-0.00227373	-0.00195683	-0.00231014	-0.00200482	-0.00149184	-0.00136438	-0.00105982	-0.000305355	-0.00105956	
-0.00324589	-0.00314722	-0.00312152	-0.00361833	-0.00316914	-0.00255352	-0.00308969	-0.00240241	-0.00244546	-0.00243062	-0.00303438	-0.00233544	-0.00222676	-0.0014508	-0.00226644	-0.0015893	-0.00195274	-0.00187469	-0.0017143	-0.00195426	-0.00106222	-0.00110848	-0.000357806	-0.000151748	-0.00106439	
-0.0028159	-0.00310994	-0.0032506	-0.00300877	-0.00293442	-0.0024875	-0.00230618	-0.00228818	-0.00218699	-0.00216795	-0.00254516	-0.00188072	-0.00125566	-0.00123506	-0.000888259	-0.00142575	-0.00147427	-0.00125574	-0.00096964	-0.00152868	-0.000734189	-0.000786379	-7.19326e-05	7.44096e-05	-0.000664844	
-0.00272133	-0.00219409	-0.00238363	-0.00288107	-0.00274139	-0.00191917	-0.00267491	-0.00205566	-0.00205874	-0.00210537	-0.00269665	-0.00185582	-0.00136112	-0.000543762	-0.00116659	-0.000632352	-0.00159659	-0.000859141	-0.00127997	-0.00116196	-0.000123951	-0.00031283	0.000279581	0.00100436	2.79469e-05	
-0.00163902	-0.001677	-0.00189569	-0.00236068	-0.00215424	-0.00190812	-0.00197514	-0.0020016	-0.00165755	-0.001752	-0.00224665	-0.00143261	-0.000647662	-0.000716772	0.000127686	-0.000396483	-0.000604775	-0.000630513	-0.000327547	-0.000326684	0.00044605	0.000434114	0.00180291	0.00150157	0.00032854	
-0.00239376	-0.0020369	-0.00214764	-0.00327275	-0.0029672	-0.00200161	-0.00311975	-0.00243656	-0.00213441	-0.00221003	-0.00298895	-0.00161401	-0.00127228	-0.000467616	-0.00121241	-0.00094616	-0.00125331	-0.00140404	-0.00121672	-0.00130065	4.90001e-05	-0.000128683	0.000864961	0.00127061	0.000184162	
-0.00251976	-0.00206422	-0.00285605	-0.00278114	-0.00310697	-0.00247481	-0.00261419	-0.00246969	-0.00217015	-0.00251894	-0.00299351	-0.00227744	-0.00164362	-0.00133556	-0.0016162	-0.00197084	-0.00247925	-0.00204429	-0.00251466	-0.00203234	-0.00132684	-0.000723445	0.000404371	0.000839255	-0.000566252	
-0.000897309	-0.000775117	-0.00088861	-0.00218983	-0.00180525	-0.000960039	-0.00201653	-0.00114699	-0.000995496	-0.00140417	-0.00237499	-0.00123792	-0.00075937	-0.000191335	-0.000935573	-0.000582999	-0.00142502	-0.00101768	-0.000619833	-0.000838892	0.000976674	0.00104061	0.00264163	0.00261912	0.00130972	
-0.00143887	-0.00166442	-0.00177578	-0.00228594	-0.00214298	-0.00157498	-0.00181763	-0.00174569	-0.00154999	-0.00205802	-0.0027682	-0.00204232	-0.00148815	-0.00147966	-0.00137322	-0.00229226	-0.00231474	-0.00227033	-0.00194141	-0.00181498	-0.000460685	3.01193e-05	0.00151514	0.00181583	0.000735462	
-0.00193614	-0.00171838	-0.00222438	-0.00287833	-0.00257302	-0.0018619	-0.00253565	-0.00137221	-0.00198792	-0.00184224	-0.00293487	-0.00242819	-0.00172497	-0.00113991	-0.00219677	-0.00166426	-0.00241979	-0.00208841	-0.00180945	-0.00161897	0.000233254	0.000683252	0.00193125	0.00270858	0.000972987	
-0.00215815	-0.00202136	-0.00240469	-0.0030203	-0.0025766	-0.00185729	-0.00214284	-0.00170227	-0.00131412	-0.00182363	-0.00291404	-0.00221862	-0.00170438	-0.00183199	-0.00198827	-0.00222475	-0.00270997	-0.00214473	-0.00224238	-0.00167805	-0.00038696	0.000413308	0.00187829	0.00221875	0.000834319	
-0.00176353	-0.00161662	-0.00167992	-0.00267067	-0.00204116	-0.000899826	-0.00191402	-0.00103356	-0.000995758	-0.00166158	-0.00273217	-0.00218098	-0.00211513	-0.00150533	-0.00214973	-0.00270094	-0.0026399	-0.00262481	-0.00227498	-0.00238619	5.4035e-05	0.000293067	0.00173005	0.00233934	0.00141661	
-0.000953309	-0.000886405	-0.00145379	-0.00171005	-0.00136402	-0.000835929	-0.000897928	-0.000779077	-0.000714259	-0.00129211	-0.00233591	-0.0020144	-0.00179201	-0.00124812	-0.00219777	-0.00195722	-0.00244348	-0.00210467	-0.00216044	-0.00153464	-0.00015385	0.000772609	0.00253593	0.00283848	0.00148141	
-0.00168143	-0.00185294	-0.00173041	-0.00279403	-0.00205161	-0.00115169	-0.00203405	-0.0014185	-0.0015703	-0.00208185	-0.00312948	-0.00273063	-0.00192176	-0.00197267	-0.00214647	-0.00253892	-0.00291761	-0.00273353	-0.00209681	-0.00260451	-5.66709e-05	0.000284472	0.00182882	0.00257057	0.00125393	
-0.00278069	-0.00258269	-0.00277684	-0.0034987	-0.00318842	-0.00206234	-0.00280646	-0.00237503	-0.00230114	-0.00280897	-0.00385808	-0.00311513	-0.00265188	-0.00203798	-0.00256941	-0.00299585	-0.00328959	-0.00296166	-0.00320142	-0.00274233	-0.000977233	-0.000200193	0.00141545	0.00194641	0.000554167	
-0.00240277	-0.00213954	-0.00276939	-0.00340959	-0.00305914	-0.00252628	-0.00273786	-0.00224528	-0.00251475	-0.00261694	-0.003728	-0.00345657	-0.00232962	-0.00193429	-0.00229071	-0.00244255	-0.00298588	-0.00280781	-0.002722	-0.0023606	-0.000621195	0.000151072	0.00208846	0.00264255	0.00118936	
-0.00198551	-0.00187683	-0.00207005	-0.00315662	-0.0025712	-0.00196298	-0.00238373	-0.00207003	-0.00179477	-0.00241055	-0.00362788	-0.00288108	-0.00205663	-0.00117903	-0.00209801	-0.00174182	-0.00233195	-0.00212165	-0.00210261	-0.00164073	-0.000246945	0.000847521	0.00258906	0.00296425	0.00188186	
-0.00171695	-0.00187365	-0.00196504	-0.0028418	-0.00243792	-0.00163	-0.00229779	-0.00154415	-0.00160429	-0.00246987	-0.00273278	-0.00288637	-0.0017995	-0.000885731	-0.000941013	-0.00162956	-0.00152063	-0.00162417	-0.00113778	-0.00136783	0.000998144	0.00158362	0.00298722	0.00354276	0.00201626	
-0.00253288	-0.00193976	-0.00237312	-0.00324439	-0.00244237	-0.0016976	-0.00226978	-0.00178886	-0.00176926	-0.00213126	-0.00351367	-0.0025887	-0.00180883	-0.000722706	-0.00145255	-0.00135366	-0.00164252	-0.00150633	-0.0012727	-0.000776111	0.000699474	0.00159361	0.0033185	0.00307107	0.00170111	
-0.00207817	-0.0020917	-0.00217908	-0.00260687	-0.00220273	-0.00119388	-0.00155408	-0.00131053	-0.00134848	-0.00213226	-0.00253803	-0.0023919	-0.00123753	-0.000371515	-0.000372425	-0.000937637	-0.000696016	-0.000640725	-0.000334936	0.000260389	0.00169394	0.00276178	0.00353103	0.00376337	0.0020255	
-0.00222088	-0.00191142	-0.00191241	-0.00261026	-0.00199364	-0.000880731	-0.00143912	-0.00102698	-0.00128302	-0.00186492	-0.00268474	-0.00229576	-0.00120509	-1.54048e-05	-0.000682006	-0.000543011	-0.000675167	-0.000342536	1.78454e-06	0.000187686	0.00204421	0.00308757	0.00396221	0.00382996	0.00185741	
-0.00194393	-0.00178744	-0.00179775	-0.0023806	-0.00151059	-0.000802325	-0.00083879	-0.00103752	-0.00102686	-0.00155727	-0.0024888	-0.00183487	-0.000767813	-0.000311612	-1.3647e-05	-0.00033189	-0.00041638	-6.28634e-06	0.000160199	0.000914624	0.00232956	0.00309391	0.00428011	0.00389256	0.00249087	
-0.0020118	-0.00188825	-0.00214773	-0.00250774	-0.00187176	-0.00107455	-0.00136963	-0.00113969	-0.00181998	-0.0019351	-0.0032067	-0.00251953	-0.00144407	-0.000478225	-0.000646356	-0.000657807	-0.000251278	3.91977e-05	0.000514013	0.00108653	0.00252072	0.00352878	0.00489297	0.00417875	0.00276478	
-0.002714	-0.00251879	-0.00254059	-0.00266597	-0.00225838	-0.00118618	-0.00147495	-0.00127161	-0.0014268	-0.00239912	-0.00250242	-0.00246429	-0.00132025	-0.000443007	-0.000415238	-0.00030627	-0.000570203	1.91392e-05	0.000191046	0.00085561	0.00200115	0.00332029	0.00370616	0.00393772	0.00192002	
-0.00225267	-0.00175118	-0.00199987	-0.00225023	-0.00171338	-0.000794191	-0.00109916	-0.00114239	-0.00142734	-0.00198752	-0.00292401	-0.00228579	-0.00119304	-0.000220643	-9.67203e-05	-0.000228537	-0.000181752	0.000316164	0.000615042	0.00134389	0.00281406	0.00391114	0.00480467	0.0043404	0.00297521	
-0.00110148	-0.000958847	-0.00118771	-0.0011048	-0.000751795	0.000316659	-1.78804e-05	2.93486e-06	-0.00065237	-0.000997877	-0.00166432	-0.00119443	-0.000326241	0.000979154	0.000676163	0.000671708	0.000937451	0.00115025	0.00137167	0.0022806	0.00343509	0.00447522	0.00541815	0.00477848	0.0034936	
-0.00159125	-0.000882261	-0.00136623	-0.00131799	-0.000979352	-1.19359e-06	-0.000386418	-0.000308692	-0.000506131	-0.00114308	-0.00180671	-0.00146136	-0.000157398	0.000440336	0.000503421	0.000216613	-0.000191663	0.000601111	0.0006687	0.0013115	0.0026097	0.00378888	0.00421897	0.00408506	0.00232405	
-0.00108602	-0.00101727	-0.00112121	-0.00111424	-0.000988383	5.79103e-05	-0.000325596	-0.000546274	-0.000742843	-0.00127824	-0.00191261	-0.00114735	-0.000431212	0.000614854	0.000204062	0.000127993	-0.000228694	0.000252058	0.000418096	0.00149121	0.00242957	0.00359088	0.00407655	0.00393515	0.00261509	
-0.0014698	-0.00109116	-0.0018177	-0.00127411	-0.00127751	-0.000596607	-0.000557183	-0.00079746	-0.00158656	-0.00147523	-0.0023051	-0.00168855	-0.000624037	-0.00017872	-0.000147219	-0.000664753	-0.000928392	-0.000335421	-6.34648e-05	0.000973986	0.0019948	0.00276337	0.00416611	0.00343234	0.00242382	
-0.00227609	-0.0018801	-0.00212165	-0.00243762	-0.00200787	-0.001099	-0.0013668	-0.00153143	-0.00165248	-0.00187827	-0.00275153	-0.00183061	-0.000907648	-0.000451464	-0.000265093	-0.000822715	-0.00119559	-0.000830423	-0.00032814	0.000231476	0.00174053	0.00267867	0.00335152	0.00313513	0.00217784	
-0.0031348	-0.00287919	-0.00343982	-0.00262166	-0.00303268	-0.0018348	-0.00213741	-0.00221237	-0.00248795	-0.00286957	-0.00332762	-0.00256562	-0.00182979	-0.000821789	-0.00147545	-0.00163431	-0.00219892	-0.00134366	-0.00150934	-0.000160641	0.000782879	0.00235975	0.00292961	0.00314585	0.00200638	
-0.00265498	-0.00217827	-0.00266803	-0.00245869	-0.00231401	-0.00124461	-0.00159594	-0.00125682	-0.00170943	-0.00178725	-0.00247971	-0.00148634	-0.000427735	-6.64751e-05	-0.000156646	-0.000626779	-0.00110593	-0.00109519	-0.000287648	0.000167374	0.00145682	0.0026156	0.00380363	0.00363945	0.00280097	
-0.00129359	-0.000876274	-0.00146326	-0.00124971	-0.00114652	-0.000333838	-0.000217327	-0.000462203	-0.000535024	-0.000746447	-0.00161129	-0.000279302	5.07083e-05	0.00085014	0.000567165	-0.000128655	-0.000979021	-0.000372536	-0.000717464	0.00073919	0.00193931	0.00302429	0.00434867	0.00427737	0.00351769	
-2.75399e-05	-0.00030012	-0.00030188	-0.000283	-0.000112075	0.000949601	0.000376653	0.000633258	3.53306e-05	-0.000191769	-0.000463328	0.000257191	0.00102329	0.00142186	0.00113122	-3.66313e-05	-0.000879989	-0.000843301	5.28586e-05	4.54431e-05	0.0022397	0.00329491	0.00426474	0.00471113	0.0040871	
-0.000691528	2.02009e-05	-0.000439486	-0.00026447	2.73863e-05	0.000772758	0.000616245	0.000403586	0.00022781	0.000180832	-0.000938898	0.000329171	0.000866639	0.00118501	0.000190718	-9.86117e-05	-0.00177746	-0.00123684	-0.00171296	-0.000122578	0.000695465	0.00218452	0.00335654	0.00336043	0.00264036	
-0.000449963	-0.000321919	-0.000553197	-0.00015795	-0.000200246	0.000703718	0.000355197	0.000406537	-0.000226209	-0.0003037	-0.00107124	-0.00010433	0.000221596	9.74235e-05	-1.02085e-05	-0.00151066	-0.00222204	-0.00204043	-0.00200785	-0.00116224	0.000728864	0.00149804	0.0026752	0.00304251	0.00233031	
-0.000606946	-0.000425906	-0.000192554	-0.000494436	-0.000179623	0.000883608	-0.000180609	-9.12047e-05	-0.000646211	-0.000891248	-0.00184445	-0.000766498	-0.000754215	-0.000823843	-0.00175225	-0.00226244	-0.00356009	-0.003127	-0.00247958	-0.00196003	-4.99981e-05	0.00107542	0.00227315	0.00258319	0.00201826	
-0.000329675	-0.00016002	-0.00012213	-0.000108054	0.000211674	0.000902045	0.000348498	0.000101453	-0.000263575	-0.000693963	-0.0011595	-0.000891176	-0.000256255	-0.000836421	-0.00124878	-0.00207395	-0.00320848	-0.00295752	-0.002283	-0.0015071	0.000391435	0.00115202	0.00230971	0.00301821	0.00186664	
-0.000196859	-0.000129727	0.000164099	-9.27136e-05	0.000373053	0.00105966	0.000323212	0.000109123	-0.000225311	-0.000353163	-0.00150188	-0.000275286	-0.000714168	3.39306e-05	-0.00175345	-0.00201404	-0.00251139	-0.00232678	-0.00165348	-0.00083082	0.0010021	0.00193535	0.0032774	0.00309325	0.00290294	
1.40244e-05	0.000721874	0.000819026	0.000603893	0.00111924	0.0019785	0.000902596	0.00114118	0.000704557	0.000102512	-0.000242026	0.000145581	0.000687316	-3.62649e-06	-0.000162042	-0.00112683	-0.00191993	-0.00146446	-0.000859467	-0.000100983	0.00184498	0.00249065	0.00332499	0.00395216	0.00301418	
0.00192075	0.00214114	0.00233543	0.00192333	0.00270574	0.00323702	0.00234921	0.00225541	0.00183061	0.00170727	0.000770288	0.00154504	0.00192644	0.00217526	0.000666363	0.000838435	0.000109638	0.000576474	0.00111501	0.00201938	0.00371272	0.00447643	0.00531503	0.0055465	0.00477812	
0.00316878	0.00309014	0.00353741	0.0034724	0.00401161	0.00441122	0.00370206	0.00357687	0.00274661	0.00272082	0.00237453	0.00268947	0.00308046	0.00328391	0.00222684	0.00171838	0.00137398	0.00136924	0.00214161	0.00268598	0.00453344	0.00443511	0.00552791	0.00570622	0.00480674	
0.00428752	0.00453216	0.00508295	0.0040322	0.00516951	0.0055555	0.00427408	0.0041485	0.00424943	0.00349082	0.00305915	0.00386758	0.00439978	0.00427474	0.00341772	0.00293378	0.00263506	0.00258914	0.00358029	0.00355698	0.00548456	0.00559016	0.00647659	0.00654195	0.00566513	
0.0041904	0.00428624	0.00449632	0.00431584	0.00466451	0.00498453	0.00422618	0.00402397	0.00346919	0.00323249	0.00321945	0.00364464	0.0041365	0.00441482	0.00318857	0.00317158	0.00278708	0.00317743	0.0033299	0.00416549	0.00574443	0.00578042	0.00657878	0.0069121	0.00598499	
0.00221722	0.00291982	0.00320726	0.00236454	0.00323599	0.00363007	0.00246826	0.00268412	0.00239898	0.00216723	0.00189004	0.00261903	0.00322529	0.00364971	0.00226503	0.00219413	0.00203064	0.00190919	0.00302977	0.0031285	0.00482821	0.00474847	0.00551688	0.00584134	0.00501302	
