-0.2209	-0.215299	-0.210607	-0.208669	-0.205886	-0.206561	-0.207091	-0.209313	-0.214006	-0.217479	-0.224691	-0.230859	-0.236614	-0.243112	-0.247696	-0.249044	-0.24963	-0.248674	-0.25362	-0.267253	-0.307616	-0.369058	-0.463392	-0.571191	-0.678828	
-0.241579	-0.238587	-0.237175	-0.234883	-0.234561	-0.234178	-0.234577	-0.236799	-0.237562	-0.240818	-0.242168	-0.244072	-0.244315	-0.244989	-0.242844	-0.243224	-0.244749	-0.257804	-0.282441	-0.329769	-0.398561	-0.488664	-0.594015	-0.691769	-0.776665	
-0.235202	-0.236503	-0.237322	-0.237179	-0.238187	-0.237216	-0.238009	-0.236943	-0.236718	-0.235923	-0.234505	-0.233867	-0.233355	-0.234834	-0.240454	-0.252395	-0.276746	-0.315778	-0.370173	-0.443978	-0.529972	-0.625593	-0.712783	-0.782875	-0.823157	
-0.227795	-0.22583	-0.224526	-0.224083	-0.223918	-0.223765	-0.224229	-0.224065	-0.225698	-0.226732	-0.230823	-0.236489	-0.246645	-0.262879	-0.287003	-0.321983	-0.370362	-0.428697	-0.500679	-0.581159	-0.664076	-0.739848	-0.796701	-0.82755	-0.817555	
-0.267035	-0.256394	-0.249287	-0.245091	-0.242467	-0.242644	-0.243626	-0.247631	-0.253223	-0.26225	-0.275236	-0.292801	-0.317416	-0.349407	-0.390231	-0.441618	-0.500654	-0.567691	-0.640931	-0.711459	-0.772835	-0.814885	-0.829929	-0.807955	-0.742793	
-0.36083	-0.342121	-0.328695	-0.31991	-0.315064	-0.314399	-0.317186	-0.324524	-0.335593	-0.352377	-0.374138	-0.402816	-0.438488	-0.481241	-0.531681	-0.5878	-0.647119	-0.708203	-0.762925	-0.804581	-0.826946	-0.822574	-0.785396	-0.710767	-0.599443	
-0.504879	-0.481212	-0.463365	-0.451191	-0.444722	-0.443451	-0.447937	-0.457664	-0.47333	-0.494791	-0.522143	-0.555601	-0.594099	-0.637087	-0.682756	-0.727809	-0.769905	-0.80365	-0.822759	-0.823625	-0.80078	-0.749353	-0.66614	-0.550398	-0.402028	
-0.662445	-0.641061	-0.624298	-0.612552	-0.606207	-0.605132	-0.60965	-0.619305	-0.634339	-0.653904	-0.677834	-0.704852	-0.733689	-0.762675	-0.789004	-0.809962	-0.822135	-0.82057	-0.80202	-0.762572	-0.697505	-0.604051	-0.481152	-0.329098	-0.149659	
-0.777463	-0.764582	-0.753845	-0.746026	-0.741623	-0.740946	-0.743936	-0.750494	-0.760124	-0.772158	-0.785682	-0.799238	-0.811299	-0.8196	-0.821495	-0.814164	-0.793787	-0.756891	-0.700375	-0.620527	-0.515316	-0.384797	-0.230405	-0.0552366	0.134884	
-0.822845	-0.821675	-0.819539	-0.817455	-0.816061	-0.81578	-0.816591	-0.818355	-0.820429	-0.822067	-0.821987	-0.818686	-0.81023	-0.79423	-0.768143	-0.729085	-0.674163	-0.601175	-0.508141	-0.394216	-0.260411	-0.108728	0.057901	0.235135	0.41735	
-0.772832	-0.785976	-0.794667	-0.799964	-0.802593	-0.802962	-0.801151	-0.796906	-0.789637	-0.778444	-0.762064	-0.739003	-0.707454	-0.665514	-0.611288	-0.542987	-0.45936	-0.359685	-0.243856	-0.112852	0.0317051	0.187727	0.352114	0.520476	0.687324	
-0.611682	-0.637991	-0.657024	-0.669585	-0.676262	-0.677374	-0.672993	-0.662887	-0.64659	-0.623358	-0.59227	-0.552245	-0.502139	-0.44087	-0.367482	-0.281301	-0.182036	-0.0697435	0.0549471	0.190795	0.335931	0.487347	0.640499	0.789399	0.926875	
-0.365185	-0.400159	-0.426186	-0.443762	-0.453254	-0.454868	-0.448636	-0.43441	-0.411879	-0.380583	-0.339968	-0.289419	-0.228344	-0.156231	-0.0727285	0.0222462	0.12843	0.245047	0.370586	0.502656	0.637717	0.770926	0.896439	1.00799	1.09953	
-0.0625496	-0.102737	-0.133039	-0.153701	-0.164916	-0.166798	-0.159363	-0.142529	-0.116127	-0.0799274	-0.0336751	0.0228554	0.0897896	0.167074	0.254361	0.350886	0.455327	0.565643	0.678985	0.791686	0.899365	0.997306	1.08098	1.14646	1.19072	
0.277604	0.23602	0.204254	0.182394	0.170471	0.168488	0.176447	0.194345	0.222166	0.259849	0.307243	0.364049	0.429745	0.503499	0.584088	0.669816	0.758476	0.847354	0.933335	1.01307	1.08323	1.14075	1.18292	1.2073	1.21146	
0.61215	0.57516	0.546456	0.526478	0.515505	0.51368	0.521024	0.537443	0.562713	0.596462	0.638132	0.686947	0.741866	0.801557	0.864376	0.928384	0.991386	1.05101	1.1048	1.15028	1.185	1.20646	1.21197	1.19854	1.16299	
0.887415	0.859503	0.837501	0.822012	0.813443	0.81201	0.81775	0.830518	0.849982	0.87562	0.906704	0.942299	0.981251	1.02219	1.06356	1.1036	1.14041	1.17191	1.19588	1.20987	1.21122	1.19705	1.16438	1.11056	1.03386	
1.08104	1.06311	1.04869	1.03839	1.03265	1.03168	1.03553	1.04405	1.05688	1.0735	1.09317	1.11496	1.13774	1.16018	1.18074	1.19767	1.20899	1.2125	1.2058	1.18636	1.15168	1.09958	1.02866	0.938821	0.831828	
1.19137	1.18365	1.17697	1.17198	1.16913	1.16864	1.17057	1.17475	1.18082	1.18822	1.19618	1.20371	1.20963	1.21252	1.21076	1.20254	1.1859	1.15885	1.11949	1.06622	0.998081	0.915057	0.818433	0.711016	0.597145	
1.20451	1.20826	1.21028	1.21126	1.21165	1.21171	1.21147	1.21078	1.20925	1.20629	1.20111	1.19272	1.17996	1.16153	1.13604	1.10209	1.05841	1.004	0.938323	0.861518	0.774609	0.679627	0.579627	0.47852	0.38071	
1.1037	1.11877	1.12957	1.13664	1.14037	1.14099	1.13853	1.13284	1.1236	1.11032	1.09236	1.069	1.03943	1.00287	0.958626	0.90621	0.845465	0.776686	0.700735	0.619116	0.533983	0.448046	0.36437	0.286068	0.215923	
0.903635	0.926259	0.943159	0.954594	0.960766	0.961792	0.957694	0.94839	0.933711	0.913415	0.887225	0.854871	0.816147	0.770983	0.719513	0.662153	0.599665	0.533193	0.464272	0.394773	0.326792	0.262485	0.203847	0.152493	0.109462	
0.656486	0.680604	0.699035	0.71172	0.718642	0.719797	0.715185	0.704806	0.688672	0.66682	0.639343	0.606424	0.568373	0.525665	0.478977	0.429203	0.377457	0.325042	0.273395	0.223989	0.17822	0.137277	0.10202	0.0728947	0.0498963	
0.42319	0.443658	0.459561	0.470643	0.476737	0.477756	0.473685	0.464582	0.450581	0.4319	0.408858	0.381883	0.351527	0.31847	0.283517	0.247581	0.211647	0.176725	0.143785	0.113686	0.0871027	0.0644715	0.0459543	0.0314396	0.0205765	
0.243035	0.257545	0.268975	0.277021	0.281473	0.282218	0.279238	0.272608	0.262498	0.249174	0.232999	0.214423	0.193984	0.172291	0.149998	0.127786	0.106317	0.0861992	0.0679447	0.0519332	0.0383865	0.0273587	0.0187449	0.0123084	0.00772161	
0.125067	0.133906	0.140952	0.145955	0.148739	0.149205	0.147338	0.143204	0.136946	0.128788	0.119018	0.107987	0.096087	0.0837386	0.0713674	0.0593808	0.0481432	0.0379535	0.0290268	0.0214835	0.015347	0.0105525	0.0069641	0.00439846	0.00265106	
0.0580345	0.0627502	0.0665497	0.0692687	0.0707889	0.071044	0.0700228	0.0677699	0.0643835	0.0600103	0.0548381	0.0490856	0.04299	0.0367932	0.0307263	0.0249962	0.0197719	0.0151757	0.0112774	0.00809456	0.00559775	0.00371989	0.00236908	0.0014421	0.000836822	
0.0244319	0.0266668	0.0284852	0.0297958	0.0305318	0.0306555	0.0301603	0.0290718	0.0274458	0.0253642	0.0229302	0.0202605	0.0174777	0.0147016	0.0120411	0.00958682	0.00740645	0.00554127	0.00400628	0.00279265	0.00187236	0.00120445	0.00074151	0.000435807	0.000243931	
0.0093849	0.0103362	0.0111172	0.0116839	0.0120035	0.0120572	0.0118419	0.0113703	0.0106697	0.00978014	0.0087509	0.00763656	0.00649268	0.0053715	0.00431817	0.00336779	0.00254371	0.00185709	0.00130782	0.000886458	0.000576999	0.000359819	0.000214468	0.000121901	6.59249e-05	
0.00330643	0.0036733	0.0039771	0.00419889	0.00432445	0.00434557	0.00426087	0.0040759	0.00380261	0.00345827	0.00306379	0.00264188	0.002215	0.00180348	0.00142407	0.00108883	0.000804737	0.000573862	0.000394057	0.000260016	0.00016451	9.95821e-05	5.75457e-05	3.16781e-05	1.65783e-05	
0.00107344	0.00120256	0.00131036	0.00138952	0.0014345	0.00144207	0.00141169	0.00134554	0.00124831	0.00112669	0.000988664	0.000842743	0.000697111	0.000558928	0.000433781	0.000325381	0.000235505	0.000164179	0.000110032	7.07518e-05	4.35599e-05	2.56253e-05	1.43748e-05	7.67409e-06	3.89176e-06	
0.000322489	0.000364217	0.000399323	0.00042525	0.000440033	0.000442524	0.000432527	0.000410822	0.000379074	0.000339636	0.000295283	0.000248908	0.000203228	0.000160536	0.000122526	9.02239e-05	6.3996e-05	4.3649e-05	2.85757e-05	1.79224e-05	1.07483e-05	6.15153e-06	3.3536e-06	1.73837e-06	8.55358e-07	
8.99944e-05	0.000102441	0.000112989	0.000120823	0.000125304	0.00012606	0.000123026	0.000116457	0.000106893	9.50916e-05	8.19339e-05	6.83223e-05	5.50828e-05	4.28876e-05	3.22074e-05	2.32953e-05	1.62032e-05	1.08201e-05	6.92488e-06	4.23995e-06	2.47909e-06	1.38173e-06	7.32831e-07	3.69246e-07	1.76485e-07	
2.34078e-05	2.68495e-05	2.97875e-05	3.19806e-05	3.32394e-05	3.34518e-05	3.25987e-05	3.07564e-05	2.80863e-05	2.48127e-05	2.11933e-05	1.74874e-05	1.39263e-05	1.06919e-05	7.90395e-06	5.61828e-06	3.83431e-06	2.50848e-06	1.57056e-06	9.39475e-07	5.36003e-07	2.91191e-07	1.50391e-07	7.37316e-08	3.42678e-08	
5.69234e-06	6.57813e-06	7.33958e-06	7.91087e-06	8.2398e-06	8.29535e-06	8.07218e-06	7.5915e-06	6.89788e-06	6.05279e-06	5.12598e-06	4.18642e-06	3.29419e-06	2.49477e-06	1.8162e-06	1.26933e-06	8.50428e-07	5.45386e-07	3.34265e-07	1.95484e-07	1.08913e-07	5.77195e-08	2.90544e-08	1.38728e-08	6.27567e-09	
1.29785e-06	1.51077e-06	1.69505e-06	1.83399e-06	1.91423e-06	1.92779e-06	1.8733e-06	1.7562e-06	1.58796e-06	1.38422e-06	1.16254e-06	9.39977e-07	7.31038e-07	5.46292e-07	3.91802e-07	2.69346e-07	1.77241e-07	1.11482e-07	6.6926e-08	3.829e-08	2.08469e-08	1.07857e-08	5.29586e-09	2.46479e-09	1.08623e-09	
2.7814e-07	3.26089e-07	3.67863e-07	3.99512e-07	4.17845e-07	4.20945e-07	4.08482e-07	3.8177e-07	3.43547e-07	2.97534e-07	2.47854e-07	1.98445e-07	1.52577e-07	1.1254e-07	7.95434e-08	5.38087e-08	3.47926e-08	2.14743e-08	1.26341e-08	7.07563e-09	3.76698e-09	1.90401e-09	9.12592e-10	4.14336e-10	1.78033e-10	
5.616e-08	6.63038e-08	7.51985e-08	8.19692e-08	8.59028e-08	8.65685e-08	8.38918e-08	7.81686e-08	7.00126e-08	6.0251e-08	4.97904e-08	3.94829e-08	3.00182e-08	2.18601e-08	1.52315e-08	1.01426e-08	6.44676e-09	3.90624e-09	2.25342e-09	1.23604e-09	6.43864e-10	3.18142e-10	1.48953e-10	6.602e-11	2.76795e-11	
1.07064e-08	1.27274e-08	1.45108e-08	1.58746e-08	1.66692e-08	1.68038e-08	1.62626e-08	1.5108e-08	1.34693e-08	1.15191e-08	9.44463e-09	7.41896e-09	5.57874e-09	4.01199e-09	2.75657e-09	1.80751e-09	1.12977e-09	6.7232e-10	3.80468e-10	2.04505e-10	1.0429e-10	5.04058e-11	2.3068e-11	9.98805e-12	4.0889e-12	
1.93091e-09	2.31098e-09	2.64846e-09	2.90772e-09	3.05921e-09	3.08488e-09	2.98161e-09	2.76182e-09	2.45108e-09	2.08333e-09	1.69498e-09	1.31913e-09	9.81253e-10	6.97045e-10	4.72391e-10	3.05105e-10	1.87598e-10	1.09687e-10	6.09178e-11	3.2102e-11	1.60352e-11	7.58524e-12	3.39516e-12	1.43698e-12	5.74787e-13	
3.30051e-10	3.97656e-10	4.58054e-10	5.04661e-10	5.31971e-10	5.36602e-10	5.17969e-10	4.78402e-10	4.22675e-10	3.57089e-10	2.8832e-10	2.22342e-10	1.63642e-10	1.14847e-10	7.67893e-11	4.8866e-11	2.95662e-11	1.6991e-11	9.26476e-12	4.78871e-12	2.34411e-12	1.08582e-12	4.75615e-13	1.9689e-13	7.69974e-14	
5.35585e-11	6.49543e-11	7.5197e-11	8.31357e-11	8.78003e-11	8.85919e-11	8.54067e-11	7.86575e-11	6.91883e-11	5.81039e-11	4.6563e-11	3.55856e-11	2.59175e-11	1.79743e-11	1.18596e-11	7.43788e-12	4.42975e-12	2.50292e-12	1.34046e-12	6.79859e-13	3.26283e-13	1.48072e-13	6.35046e-14	2.5727e-14	9.84217e-15	
8.26392e-12	1.00875e-11	1.17363e-11	1.30198e-11	1.3776e-11	1.39044e-11	1.33876e-11	1.22949e-11	1.07676e-11	8.98936e-12	7.15064e-12	5.41647e-12	3.90435e-12	2.67619e-12	1.74287e-12	1.07752e-12	6.31858e-13	3.51134e-13	1.84767e-13	9.19901e-14	4.33031e-14	1.9262e-14	8.09247e-15	3.21003e-15	1.20197e-15	
1.2142e-12	1.49165e-12	1.744e-12	1.94128e-12	2.05783e-12	2.07764e-12	1.99792e-12	1.82974e-12	1.59554e-12	1.32429e-12	1.04573e-12	7.85194e-13	5.60253e-13	3.79607e-13	2.44062e-13	1.48779e-13	8.5924e-14	4.69768e-14	2.42957e-14	1.18784e-14	5.48675e-15	2.39326e-15	9.85417e-16	3.82915e-16	1.40408e-16	
1.7011e-13	2.10309e-13	2.47084e-13	2.75958e-13	2.9306e-13	2.95969e-13	2.84262e-13	2.59616e-13	2.2542e-13	1.8602e-13	1.45832e-13	1.08554e-13	7.668e-14	5.13668e-14	3.26097e-14	1.96049e-14	1.11539e-14	6.00114e-15	3.05148e-15	1.46556e-15	6.6452e-16	2.8435e-16	1.14796e-16	4.37184e-17	1.5706e-17	
2.27544e-14	2.83084e-14	3.34186e-14	3.74477e-14	3.98406e-14	4.0248e-14	3.86087e-14	3.5165e-14	3.0404e-14	2.4947e-14	1.94178e-14	1.43307e-14	1.00228e-14	6.63905e-15	4.1624e-15	2.46846e-15	1.38382e-15	7.32898e-16	3.66506e-16	1.72976e-16	7.70182e-17	3.23429e-17	1.28077e-17	4.78252e-18	1.68411e-18	
2.90947e-15	3.64217e-15	4.32017e-15	4.85696e-15	5.1766e-15	5.23106e-15	5.01192e-15	4.55252e-15	3.91968e-15	3.19801e-15	2.47162e-15	1.8087e-15	1.25263e-15	8.20566e-16	5.08156e-16	2.97323e-16	1.64275e-16	8.56648e-17	4.21431e-17	1.95515e-17	8.55141e-18	3.52553e-18	1.36997e-18	5.01787e-19	1.73271e-19	
3.5602e-16	4.48424e-16	5.34414e-16	6.02778e-16	6.43591e-16	6.5055e-16	6.22548e-16	5.63965e-16	4.83553e-16	3.92318e-16	3.01086e-16	2.18489e-16	1.49853e-16	9.70929e-17	5.93999e-17	3.42963e-17	1.86797e-17	9.59341e-18	4.64409e-18	2.11851e-18	9.10507e-19	3.68657e-19	1.40625e-19	5.05435e-20	1.71216e-20	
4.17767e-17	5.29156e-17	6.33545e-17	7.16903e-17	7.66799e-17	7.75313e-17	7.41055e-17	6.69528e-17	5.71696e-17	4.61253e-17	3.51532e-17	2.52981e-17	1.71846e-17	1.10139e-17	6.65751e-18	3.79377e-18	2.0373e-18	1.03068e-18	4.91087e-19	2.20334e-19	9.30801e-20	3.70243e-20	1.38684e-20	4.89304e-21	1.62665e-21	
5.13906e-18	6.23465e-18	7.47443e-18	8.48455e-18	9.09184e-18	9.19558e-18	8.77817e-18	7.90857e-18	6.72359e-18	5.39296e-18	4.08006e-18	2.91064e-18	1.95727e-18	1.24024e-18	7.40299e-19	4.16114e-19	2.20191e-19	1.09665e-19	5.13985e-20	2.26677e-20	9.40695e-21	3.67385e-21	1.35058e-21	4.67518e-22	1.52586e-22	
