0.0590082	0.0610162	0.0580956	0.0532809	0.0469446	0.0382578	0.0283985	0.0202378	0.0144149	0.0101825	0.00789431	0.00403215	0.000796166	-0.000799448	0.000460268	0.0027309	0.00259359	0.00219747	0.00117844	-0.00110261	-0.00167501	-0.00361125	-0.00612613	-0.0085107	-0.01219	
0.0595848	0.0607689	0.0593501	0.0557431	0.0497002	0.0411025	0.0318002	0.0232966	0.0169233	0.0123482	0.00975962	0.00556393	0.00144239	-0.000402414	0.000597658	0.00281509	0.0031231	0.00271657	0.00129254	-0.00123512	-0.00226044	-0.00408836	-0.0064981	-0.0085889	-0.011753	
0.0601576	0.0625001	0.0625863	0.0598533	0.0541428	0.0463544	0.0381425	0.0296567	0.0216813	0.01606	0.0125143	0.00763037	0.00280723	0.000647941	0.000671189	0.0011384	0.00102154	-0.000175872	-0.00290891	-0.00593762	-0.0077771	-0.00951098	-0.0121789	-0.0137024	-0.0164507	
0.0589618	0.0620493	0.0626569	0.0603009	0.0547448	0.0480832	0.0414083	0.0328995	0.0252363	0.0179644	0.01352	0.00910415	0.00405118	0.000736554	-0.00114032	-0.00143135	-0.00229979	-0.00359618	-0.00644163	-0.00942182	-0.0112337	-0.0129967	-0.0149876	-0.0169213	-0.0190231	
0.0553419	0.0581545	0.058454	0.0561786	0.0519447	0.0472903	0.0424039	0.0348152	0.0257721	0.0197369	0.0160303	0.0109146	0.00419329	0.000351519	-0.00177333	-0.00307954	-0.00264073	-0.00401855	-0.00743486	-0.00983037	-0.0115984	-0.0124598	-0.015022	-0.015774	-0.0175942	
0.0505283	0.0531544	0.0542288	0.0541254	0.0522523	0.04981	0.046413	0.038645	0.0314572	0.0249487	0.0214175	0.0167647	0.00956806	0.00395766	-0.000231244	-0.00163372	-0.00251167	-0.0045638	-0.00871217	-0.0118115	-0.0140591	-0.015067	-0.0160721	-0.016957	-0.017475	
0.0451696	0.0474485	0.0496253	0.0515682	0.0516651	0.0506597	0.0480679	0.0411438	0.0328692	0.028923	0.0264093	0.0212629	0.0123652	0.00593533	0.00109766	-0.00254041	-0.00294978	-0.00543686	-0.0107247	-0.0142754	-0.0167882	-0.016767	-0.0174553	-0.0162179	-0.0165337	
0.0412322	0.0433498	0.0461555	0.0486404	0.049392	0.0492325	0.0482228	0.0421778	0.0363608	0.0307594	0.0276613	0.0226081	0.0137219	0.00547801	-0.00197123	-0.00593942	-0.00739486	-0.00981486	-0.0150478	-0.0184423	-0.0209871	-0.0200634	-0.0184721	-0.017596	-0.0169512	
0.0387012	0.0405619	0.0430697	0.0457612	0.0462816	0.0470643	0.0478643	0.0440388	0.0371258	0.0330576	0.0297004	0.0239688	0.0132181	0.00415848	-0.00360998	-0.0095522	-0.0105976	-0.013178	-0.0189794	-0.0224593	-0.02398	-0.0227044	-0.0220005	-0.0199442	-0.0189915	
0.0351007	0.0372555	0.0398135	0.0415176	0.0425309	0.0446957	0.0474708	0.0441323	0.0391213	0.033815	0.030686	0.0248713	0.0148379	0.00516937	-0.00399822	-0.0096874	-0.0120834	-0.0155758	-0.0214663	-0.0239232	-0.0261893	-0.0250056	-0.0239311	-0.0231068	-0.0210651	
0.0313896	0.0325969	0.0334961	0.0351181	0.035695	0.0381937	0.0411109	0.0388388	0.0335815	0.0309248	0.028391	0.0236601	0.0136413	0.00473718	-0.00303265	-0.00922548	-0.0113649	-0.0146334	-0.0198037	-0.0225856	-0.0236706	-0.0229778	-0.0223605	-0.0200235	-0.0179803	
0.0292154	0.0293678	0.028605	0.0276591	0.0279774	0.0305711	0.0336564	0.0314887	0.0285052	0.0261847	0.0257901	0.022239	0.0141475	0.00601367	-0.00180535	-0.00687345	-0.0087643	-0.0114762	-0.0168306	-0.0191984	-0.0219814	-0.0204808	-0.018279	-0.0161914	-0.0137773	
0.0288807	0.0271997	0.0245418	0.0233576	0.0219272	0.0231284	0.0260009	0.0251764	0.0228323	0.0234194	0.0243144	0.0228704	0.0155554	0.00823978	0.0017099	-0.00295058	-0.00384917	-0.00646025	-0.0121472	-0.0170461	-0.01935	-0.0183835	-0.0162361	-0.0138959	-0.0124459	
0.0292723	0.0269051	0.0231631	0.0190219	0.0160183	0.0162419	0.0179275	0.016729	0.0159802	0.0174352	0.0207383	0.0206231	0.0154759	0.00955407	0.00320535	-0.000661882	-0.000749987	-0.0029182	-0.00945564	-0.0130486	-0.0162335	-0.0150999	-0.0137985	-0.0130879	-0.0111485	
0.029907	0.0263949	0.0218349	0.0171215	0.0112974	0.00839014	0.00931397	0.00859071	0.00804122	0.0113018	0.0156156	0.01781	0.0141047	0.00895533	0.00377506	0.00117788	0.00161717	-0.00104335	-0.00623346	-0.0103497	-0.0129766	-0.0131479	-0.0127823	-0.0122884	-0.0108661	
0.0309382	0.0279093	0.0222828	0.0150242	0.00742469	0.00361372	0.00220229	0.000198233	-7.23244e-05	0.00385285	0.00986615	0.0135082	0.0118203	0.00840957	0.00485689	0.00272324	0.00305596	0.001165	-0.00394829	-0.00685772	-0.0104251	-0.0114285	-0.012019	-0.0121467	-0.0107362	
0.0321503	0.0277931	0.021424	0.0135227	0.0048067	-0.00136262	-0.00357497	-0.00637494	-0.00705097	-0.00257392	0.00409219	0.00971411	0.00993529	0.00869772	0.00642602	0.00500435	0.00557778	0.0037641	-0.000683969	-0.00527944	-0.0103529	-0.0124386	-0.0129018	-0.0135973	-0.0135109	
0.0342931	0.0291827	0.0199675	0.0105203	0.000713045	-0.00581756	-0.0104954	-0.0146649	-0.0162562	-0.0118835	-0.00490314	0.00207341	0.00524726	0.00586317	0.00509838	0.00426046	0.00643444	0.00579703	0.000772562	-0.00419389	-0.00964619	-0.0117259	-0.0127685	-0.0139609	-0.0137087	
0.0362016	0.0286234	0.01842	0.00734538	-0.00303915	-0.011081	-0.0162229	-0.0216116	-0.0239635	-0.0204921	-0.0132703	-0.00428943	-0.000239913	0.00211563	0.00265534	0.00408341	0.00753982	0.00714335	0.00151472	-0.00369737	-0.00925673	-0.01175	-0.0129356	-0.0147176	-0.0137815	
0.0394722	0.0321946	0.0201084	0.00877392	-0.00301997	-0.0116609	-0.0182292	-0.0243386	-0.0283839	-0.025341	-0.018719	-0.0105883	-0.00522403	-0.00239454	8.52292e-05	0.00270943	0.00738935	0.00624896	0.00123054	-0.00282413	-0.00853334	-0.0112681	-0.0129586	-0.0140821	-0.0124439	
0.0425912	0.0350149	0.0242677	0.0120296	0.00042933	-0.00834462	-0.0152018	-0.0225698	-0.0265916	-0.0248973	-0.0197379	-0.011102	-0.00693559	-0.00234765	0.00151184	0.0054647	0.00957404	0.00921985	0.00396146	-0.000600777	-0.00698365	-0.0109143	-0.0123032	-0.0137864	-0.0118748	
0.0446567	0.0392422	0.0286069	0.0174354	0.00522293	-0.00363363	-0.0105125	-0.0180506	-0.0239112	-0.0228109	-0.0186761	-0.012776	-0.00742396	-0.00269851	0.00222295	0.00645086	0.0121855	0.0117595	0.00798709	0.0041704	-0.00366836	-0.0068589	-0.008775	-0.011197	-0.0112762	
0.0492316	0.0442377	0.0348786	0.0232348	0.0112185	0.00209607	-0.00593057	-0.0147534	-0.0199779	-0.0203731	-0.0193599	-0.0132445	-0.0101956	-0.00532614	-0.000961367	0.0032539	0.00915488	0.0118289	0.008836	0.00504043	-0.000551551	-0.00413478	-0.00634425	-0.00991086	-0.0101471	
0.0533751	0.0511924	0.0426234	0.0311593	0.0177716	0.00759071	-0.000289934	-0.00910767	-0.0161927	-0.0181745	-0.0181066	-0.0156504	-0.0126633	-0.00988057	-0.00720615	-0.00312382	0.00481482	0.00701351	0.00473782	0.00313954	-0.00309453	-0.00507109	-0.00724177	-0.0108248	-0.0113707	
0.0553636	0.0539626	0.0463532	0.0357748	0.0232532	0.0127928	0.00382863	-0.00592726	-0.0134699	-0.0172619	-0.0202328	-0.0172278	-0.0167318	-0.0148916	-0.0121086	-0.00756368	-3.15917e-05	0.00354153	0.00196357	0.00048028	-0.00288909	-0.00539793	-0.00734313	-0.0101151	-0.0103398	
0.0498462	0.051237	0.0463212	0.0369278	0.0245494	0.0145623	0.00605694	-0.00455268	-0.0136621	-0.0186394	-0.0214758	-0.0210643	-0.0206428	-0.0191418	-0.0164629	-0.0109484	-0.00199846	0.00178256	0.0017496	0.00336356	-0.000530149	-0.00178848	-0.00262651	-0.00551611	-0.00613444	
0.0447273	0.0472317	0.0439574	0.0367811	0.0261736	0.0161123	0.00717403	-0.00360542	-0.0134033	-0.0189844	-0.0234621	-0.0238366	-0.0255298	-0.0244736	-0.0207756	-0.0148479	-0.00534278	0.0010606	0.00379932	0.00629078	0.00485682	0.00479547	0.00487316	0.00332922	0.00261306	
0.0381696	0.0422226	0.0408085	0.0343642	0.0242883	0.0158929	0.00767255	-0.00380007	-0.0137015	-0.019815	-0.0253519	-0.0274976	-0.0289041	-0.0271467	-0.023286	-0.0162893	-0.00507266	0.00359583	0.00884803	0.0137621	0.0136362	0.0150686	0.0165895	0.0147197	0.0138581	
0.0361438	0.0410322	0.0412599	0.036856	0.0288144	0.0202392	0.0116964	0.000184622	-0.0107723	-0.017483	-0.0228807	-0.0255241	-0.027238	-0.0256538	-0.0225836	-0.0166092	-0.00450569	0.00646604	0.0131969	0.0197758	0.0218852	0.0251764	0.0270326	0.0262404	0.0255341	
0.0349844	0.0417337	0.0439297	0.0414611	0.0339213	0.0261674	0.0177083	0.00604858	-0.00434127	-0.0109126	-0.0169483	-0.0183317	-0.0189656	-0.0186172	-0.0169638	-0.0111895	0.000724377	0.0110797	0.018827	0.0259057	0.029255	0.032732	0.0349327	0.0333639	0.0314838	
0.0364051	0.0435709	0.0468727	0.0445959	0.0385152	0.0312067	0.0233415	0.012414	0.00181631	-0.00536804	-0.0102606	-0.0122468	-0.0138143	-0.0135701	-0.012888	-0.00788683	0.00352505	0.0140321	0.0203067	0.0279755	0.0318231	0.0355475	0.03767	0.0368025	0.0358775	
0.0406526	0.0461816	0.0471227	0.0451581	0.0386865	0.0317372	0.0248637	0.0146116	0.00297177	-0.00498855	-0.0109302	-0.0126965	-0.0142954	-0.0165421	-0.016305	-0.0114918	-0.000799864	0.00835019	0.0167351	0.0254199	0.0303343	0.035576	0.0391654	0.0389686	0.0370881	
0.0438895	0.0473678	0.0476405	0.0437301	0.0376072	0.0317252	0.0253484	0.0150444	0.00450672	-0.00291895	-0.00862696	-0.0116965	-0.0158939	-0.0182573	-0.0194645	-0.0165741	-0.00802729	0.000983059	0.0078569	0.0163999	0.022385	0.0281181	0.032726	0.0335467	0.0333952	
0.0434692	0.0459738	0.0439285	0.0395567	0.0323361	0.0267303	0.0219875	0.0134214	0.00278037	-0.00418606	-0.00889265	-0.0122873	-0.0157968	-0.0193372	-0.0209305	-0.0195868	-0.012607	-0.00635208	-0.000745776	0.0064358	0.0106186	0.0173175	0.0229946	0.0243204	0.0235749	
0.0431616	0.043738	0.0403743	0.0335421	0.0264086	0.0212145	0.0158222	0.00697933	-0.00196258	-0.00766694	-0.0134887	-0.0164625	-0.0207038	-0.0237836	-0.0266165	-0.0274758	-0.0228123	-0.017894	-0.0143048	-0.00892719	-0.00396918	0.00259756	0.00830783	0.0103316	0.0109459	
0.0406612	0.0406063	0.0353005	0.0277168	0.0191998	0.0127485	0.00756273	-0.000928062	-0.0100365	-0.0158276	-0.0200583	-0.0238043	-0.0281737	-0.0332322	-0.038385	-0.0407347	-0.0370838	-0.0338705	-0.0322568	-0.0273362	-0.0236157	-0.0169479	-0.0101621	-0.00737739	-0.00541985	
0.0340247	0.0324378	0.0256359	0.0169798	0.00743049	-0.000164724	-0.00609548	-0.013487	-0.0215216	-0.0262062	-0.03171	-0.0347338	-0.0395649	-0.0454059	-0.0505936	-0.0535508	-0.0506113	-0.0485298	-0.0477459	-0.04404	-0.0403855	-0.0337552	-0.0275904	-0.0235919	-0.0204044	
0.0240057	0.0210719	0.0141834	0.00460792	-0.0063161	-0.0137968	-0.0187354	-0.0267023	-0.0336542	-0.0387548	-0.043225	-0.0457738	-0.0510322	-0.0569821	-0.0624816	-0.0643425	-0.0615298	-0.0606984	-0.0613414	-0.0583733	-0.0560357	-0.0501369	-0.0423259	-0.0378339	-0.0331061	
0.0149089	0.012302	0.00477206	-0.00536166	-0.0165582	-0.0242211	-0.030255	-0.0371697	-0.0449158	-0.0497366	-0.0531836	-0.0551446	-0.0606975	-0.0662141	-0.0707364	-0.0740435	-0.0719566	-0.0718592	-0.0738174	-0.0714515	-0.0696827	-0.0630694	-0.055415	-0.0491003	-0.0419598	
0.00652364	0.00370224	-0.00415382	-0.0154483	-0.0271103	-0.0360778	-0.0418525	-0.0495802	-0.0564892	-0.0600326	-0.0627647	-0.0635224	-0.0680956	-0.0728663	-0.076937	-0.0782263	-0.0763675	-0.0771937	-0.0786765	-0.0775264	-0.0764887	-0.0697034	-0.0601863	-0.052931	-0.0445497	
0.00296741	0.000544402	-0.00898986	-0.0208283	-0.0330069	-0.0421282	-0.0486151	-0.0566518	-0.0647398	-0.0671457	-0.068035	-0.0693644	-0.0727666	-0.0761186	-0.0790429	-0.0805406	-0.0780487	-0.0763546	-0.0781115	-0.0764645	-0.0734858	-0.0656852	-0.0560593	-0.0460406	-0.0348162	
0.00346242	-0.000458734	-0.0090171	-0.0195522	-0.0322796	-0.0416269	-0.0481554	-0.0571227	-0.0640092	-0.065395	-0.0656894	-0.0643054	-0.0663843	-0.0693462	-0.0717018	-0.0719456	-0.0686033	-0.0667429	-0.066614	-0.0642231	-0.0614766	-0.0531909	-0.0427038	-0.0329297	-0.0218308	
0.00949589	0.00704885	0.00056338	-0.0100301	-0.0218676	-0.0299014	-0.0382192	-0.0481874	-0.0534641	-0.0541472	-0.0529782	-0.0509719	-0.0527283	-0.0536931	-0.0558032	-0.0562299	-0.0511183	-0.0483495	-0.0492494	-0.0463117	-0.0432237	-0.0351381	-0.0253385	-0.0154979	-0.00296327	
0.0246291	0.0243905	0.017676	0.00817579	-0.00299226	-0.0125382	-0.0204651	-0.029339	-0.0359735	-0.0370859	-0.0351758	-0.0320462	-0.0335902	-0.034764	-0.0363191	-0.0361049	-0.0307589	-0.0283273	-0.0287107	-0.0255801	-0.0226192	-0.015144	-0.00538204	0.00389034	0.0152671	
0.046085	0.0460067	0.0395388	0.0305169	0.0206295	0.0110592	0.00242926	-0.00612213	-0.0130088	-0.0134126	-0.0123299	-0.0103374	-0.0106483	-0.0128324	-0.0148832	-0.0142145	-0.0101309	-0.00845319	-0.00884327	-0.00631032	-0.0035772	0.00337251	0.0113867	0.0204227	0.0313455	
0.0698263	0.0683775	0.062469	0.054439	0.043995	0.0340075	0.0273527	0.0179236	0.00970489	0.00816092	0.0104152	0.0119218	0.0105933	0.00825208	0.00640913	0.00714958	0.0102228	0.0116303	0.0104976	0.0116891	0.0138152	0.0188268	0.0259521	0.0348769	0.0437743	
0.0928984	0.0915469	0.0865644	0.0788668	0.0674328	0.0592741	0.0513983	0.0413655	0.0338576	0.0300595	0.0304259	0.0316075	0.0291856	0.0270799	0.0253544	0.0247095	0.0268602	0.026922	0.0241886	0.0251635	0.0247898	0.0293566	0.0354221	0.0417644	0.0508675	
0.112151	0.110024	0.105673	0.0979013	0.0876936	0.0793055	0.0724526	0.0608011	0.0518058	0.0481641	0.0472323	0.0480443	0.0435518	0.0415833	0.0395799	0.0383251	0.0399125	0.0379951	0.0341167	0.0326667	0.0309258	0.0339078	0.038791	0.0433684	0.0500058	
0.1252	0.125195	0.119366	0.111634	0.102225	0.0941597	0.08551	0.0744432	0.0642972	0.0585844	0.0563204	0.0551032	0.0511845	0.0477694	0.0464952	0.0440697	0.0438806	0.0426227	0.0371261	0.033767	0.0329818	0.0344537	0.0368401	0.0408647	0.0458786	
0.134871	0.132336	0.127196	0.119766	0.110697	0.101313	0.0923423	0.0819293	0.0702222	0.0644766	0.0617102	0.0578095	0.0525482	0.0491348	0.0466907	0.0443881	0.0443828	0.0410815	0.0353841	0.0314987	0.0290662	0.0299213	0.0309738	0.0334307	0.0363124	
