-0.0807128	-0.0710473	-0.0674993	-0.0676474	-0.0716736	-0.0685587	-0.0562296	-0.045271	-0.0333251	-0.0204396	-0.00547773	0.0112033	0.0238626	0.0329794	0.0403124	0.0530561	0.0643228	0.0614721	0.0511312	0.0375207	0.0232498	0.00885623	-0.00976616	-0.0248049	-0.0313824	
-0.0850932	-0.07454	-0.0689231	-0.0681526	-0.0719565	-0.0705835	-0.0611757	-0.0529141	-0.0440612	-0.0340183	-0.0217354	-0.00670027	0.00484906	0.0117795	0.0217075	0.0414258	0.0588077	0.0637292	0.0601624	0.0512114	0.0416754	0.0268095	0.00511123	-0.0107676	-0.0193316	
-0.0832743	-0.0721628	-0.065707	-0.0655915	-0.0722022	-0.074244	-0.0688781	-0.0629117	-0.0540314	-0.0436292	-0.0310482	-0.0179637	-0.0100084	-0.00538723	0.0031285	0.0230048	0.0445516	0.0561932	0.0591297	0.0570724	0.054083	0.0437006	0.0248284	0.00924587	-0.000917606	
-0.0779378	-0.0652944	-0.0572549	-0.0584799	-0.0677384	-0.0729151	-0.0724017	-0.0712553	-0.0638516	-0.0525506	-0.0415244	-0.0313785	-0.0229385	-0.0190253	-0.0125851	0.00941796	0.031959	0.0438231	0.0526369	0.0555303	0.0539271	0.0489869	0.0386724	0.031607	0.0284995	
-0.0735286	-0.0561818	-0.0447763	-0.0445401	-0.0545454	-0.0627685	-0.0680068	-0.0735265	-0.0728659	-0.0645899	-0.0534348	-0.0461897	-0.0381896	-0.0300559	-0.022465	-0.00280954	0.0178183	0.0296067	0.0399437	0.0465351	0.0516876	0.055214	0.0529601	0.0511345	0.0490642	
-0.0685333	-0.0481372	-0.0340343	-0.0328038	-0.0438747	-0.0543554	-0.061216	-0.0690691	-0.0737045	-0.0688607	-0.0592617	-0.0547623	-0.0488431	-0.0438508	-0.0397629	-0.0218971	-0.00225029	0.0111034	0.0266449	0.0419256	0.055527	0.0627288	0.0627154	0.0637805	0.0634427	
-0.0669987	-0.0441265	-0.0285028	-0.0268889	-0.0366379	-0.0467434	-0.0537924	-0.0578153	-0.061917	-0.0644224	-0.0609539	-0.0592859	-0.0583167	-0.0584971	-0.0569058	-0.0423633	-0.0236853	-0.00510237	0.0151736	0.032641	0.0500544	0.0639306	0.0719346	0.078104	0.0785162	
-0.0647359	-0.0399506	-0.0231474	-0.0203591	-0.0279631	-0.0370371	-0.0432283	-0.0457418	-0.0506011	-0.0562524	-0.0601203	-0.0653745	-0.0642809	-0.0640296	-0.0655197	-0.0541906	-0.039542	-0.0256864	-0.00597506	0.0164907	0.0404829	0.0616822	0.0774471	0.0898705	0.0941513	
-0.060601	-0.0355238	-0.0167664	-0.0130267	-0.0188697	-0.0246079	-0.0310166	-0.0363156	-0.0425428	-0.0488813	-0.0541052	-0.0610717	-0.0634018	-0.0664379	-0.0694328	-0.0631186	-0.0558106	-0.0455263	-0.0247744	0.00124328	0.0283789	0.0542102	0.0771296	0.0944494	0.100187	
-0.0541647	-0.0307509	-0.0121096	-0.00604708	-0.00787761	-0.0121746	-0.0173527	-0.022407	-0.0329449	-0.039518	-0.0414515	-0.0508661	-0.0592789	-0.0667999	-0.0740049	-0.0723746	-0.0659775	-0.0553511	-0.0369041	-0.0119485	0.0155037	0.0417863	0.0668337	0.0879219	0.0989576	
-0.0467572	-0.024852	-0.00469549	0.0063382	0.0090722	0.0064951	-0.000406993	-0.00871613	-0.020043	-0.0274985	-0.0309879	-0.0382213	-0.047693	-0.0606228	-0.0712968	-0.0751619	-0.0740293	-0.0637426	-0.0440603	-0.0191743	0.00403725	0.0252803	0.0513959	0.077176	0.0913614	
-0.0315981	-0.0092874	0.0101051	0.0203939	0.0263702	0.023559	0.0124004	0.00485452	-0.00306811	-0.00870199	-0.0110573	-0.0193578	-0.0328064	-0.0482888	-0.0630214	-0.0755789	-0.0786695	-0.0668614	-0.046566	-0.0235478	-0.00447778	0.0133428	0.0371019	0.0592747	0.0718425	
-0.00805887	0.0109302	0.0258512	0.0345425	0.0401212	0.0376667	0.0290844	0.0223661	0.0177447	0.0163995	0.0117738	0.00161731	-0.0123245	-0.0307356	-0.0491386	-0.0671504	-0.0750383	-0.0655928	-0.0465085	-0.0238368	-0.00760622	0.00322646	0.0192047	0.0369867	0.0493586	
0.0193146	0.035025	0.0484903	0.0553751	0.0588851	0.0554759	0.0457167	0.0407097	0.0398107	0.0380605	0.0338247	0.0267356	0.011808	-0.00693333	-0.0253198	-0.0484859	-0.060766	-0.0537196	-0.0388502	-0.0232041	-0.0161354	-0.0109914	0.00345724	0.0174741	0.0251588	
0.0409939	0.0563068	0.0685654	0.0774245	0.0826241	0.0771719	0.0687832	0.0653737	0.0635561	0.0610307	0.054384	0.0463292	0.0346952	0.0211204	0.00633412	-0.0160623	-0.0307348	-0.0311644	-0.0278424	-0.0229391	-0.0215478	-0.0203334	-0.0134327	-0.00563818	0.0018492	
0.0507711	0.0685489	0.084022	0.0966046	0.10315	0.100891	0.0939357	0.0882548	0.0875265	0.0841764	0.0761875	0.0719213	0.0629021	0.0522523	0.0417789	0.019899	0.00177976	-0.00444639	-0.00751817	-0.0102674	-0.0190788	-0.0275631	-0.0273505	-0.0260042	-0.0247795	
0.0510506	0.0727009	0.0905947	0.103875	0.113645	0.11468	0.110384	0.107346	0.107554	0.106208	0.102903	0.101082	0.0942898	0.0879805	0.0794155	0.058473	0.0393378	0.0274711	0.016217	0.0034072	-0.0122867	-0.0245967	-0.0331939	-0.0423151	-0.0456392	
0.0331593	0.0582372	0.0807649	0.10306	0.118684	0.12334	0.121938	0.116662	0.116991	0.119137	0.119123	0.123584	0.125337	0.12572	0.121646	0.103502	0.0817129	0.0625512	0.0428337	0.0210375	-0.00178072	-0.02102	-0.0364167	-0.0482683	-0.0528429	
-0.0036018	0.0236796	0.0543718	0.0865491	0.110613	0.121772	0.121349	0.117037	0.119475	0.122241	0.126432	0.136346	0.144981	0.154196	0.156752	0.145818	0.127814	0.105076	0.0778088	0.043575	0.00768133	-0.0181884	-0.034197	-0.0444557	-0.047679	
-0.0535853	-0.0249344	0.00950875	0.048692	0.0809751	0.0990293	0.106724	0.107714	0.110143	0.114228	0.121782	0.137067	0.157663	0.17692	0.183949	0.178106	0.161931	0.137907	0.107462	0.0675748	0.0301727	0.00266227	-0.0207774	-0.0353117	-0.0374344	
-0.105296	-0.0783485	-0.0425154	-0.00108955	0.031865	0.0559941	0.0715918	0.0781431	0.0849341	0.0928406	0.106851	0.131175	0.161856	0.187192	0.195512	0.191884	0.177967	0.156188	0.130852	0.0969282	0.0610883	0.0298514	0.00332875	-0.0140165	-0.0215943	
-0.158975	-0.135179	-0.0990798	-0.0577472	-0.0217719	0.00682402	0.0266862	0.0394197	0.0490786	0.0603633	0.0790967	0.10467	0.139522	0.170796	0.186371	0.194346	0.188782	0.170217	0.145973	0.112988	0.0825536	0.0583123	0.0335784	0.015423	0.00890362	
-0.205735	-0.184266	-0.15051	-0.108831	-0.0716974	-0.0424139	-0.0206867	-0.00692281	0.00333345	0.0189169	0.0407626	0.0658546	0.100943	0.134775	0.158613	0.177894	0.181421	0.168577	0.147037	0.120501	0.100111	0.0821922	0.0622863	0.0499193	0.0470931	
-0.233162	-0.21695	-0.188667	-0.155165	-0.123892	-0.0940115	-0.0698172	-0.0526932	-0.0396319	-0.0208707	0.00364153	0.0275721	0.0581755	0.0872711	0.111349	0.136863	0.14909	0.14371	0.13139	0.119747	0.112708	0.104235	0.0927286	0.0836492	0.0800281	
-0.250488	-0.238483	-0.216658	-0.192449	-0.164871	-0.134364	-0.106351	-0.0847834	-0.0720551	-0.055425	-0.0335135	-0.0129525	0.0114946	0.0341127	0.056609	0.0817603	0.0974671	0.101843	0.100863	0.104331	0.115624	0.121407	0.115286	0.105993	0.103521	
-0.256738	-0.250146	-0.233775	-0.212407	-0.18644	-0.156948	-0.127537	-0.1048	-0.0933466	-0.0812587	-0.0663323	-0.0522888	-0.0363756	-0.0205775	-0.000906234	0.0228326	0.0436448	0.0555544	0.0624913	0.0795574	0.101176	0.112677	0.117006	0.119552	0.12508	
-0.248848	-0.249625	-0.23749	-0.218722	-0.194095	-0.165897	-0.138542	-0.116715	-0.105068	-0.0975849	-0.0907497	-0.0826129	-0.0751513	-0.0674142	-0.0510471	-0.0294026	-0.00777724	0.00757968	0.019414	0.0420933	0.06925	0.0915128	0.110005	0.123657	0.137225	
-0.23073	-0.235687	-0.22981	-0.216465	-0.193067	-0.166033	-0.140802	-0.120184	-0.108723	-0.10442	-0.101391	-0.0976266	-0.100183	-0.100131	-0.0893678	-0.076809	-0.0591635	-0.0405153	-0.0230289	0.00587627	0.0387818	0.067032	0.0921799	0.113178	0.133363	
-0.207103	-0.214392	-0.213849	-0.204118	-0.181687	-0.154364	-0.130133	-0.113315	-0.103293	-0.100378	-0.102207	-0.105443	-0.115977	-0.123316	-0.120431	-0.113222	-0.0976537	-0.0793879	-0.0568009	-0.0225251	0.00978095	0.0371427	0.0660256	0.0932774	0.117534	
-0.17823	-0.186346	-0.18695	-0.178299	-0.156472	-0.129626	-0.110154	-0.099277	-0.0911955	-0.0934785	-0.102066	-0.109631	-0.125299	-0.13677	-0.135811	-0.131775	-0.122097	-0.105087	-0.0801742	-0.0502667	-0.0217023	0.00939215	0.0419179	0.0701096	0.093948	
-0.145606	-0.154507	-0.156274	-0.147468	-0.126073	-0.102247	-0.0859382	-0.0768392	-0.0743782	-0.0836291	-0.0953549	-0.108232	-0.127149	-0.138037	-0.139837	-0.138783	-0.132084	-0.11857	-0.0970439	-0.0723925	-0.0466674	-0.0162768	0.0161857	0.0476674	0.07381	
-0.113981	-0.124651	-0.128524	-0.120579	-0.103528	-0.0825085	-0.0633751	-0.0538089	-0.0534979	-0.0622946	-0.0781315	-0.0983659	-0.117575	-0.130994	-0.13799	-0.136447	-0.13228	-0.12283	-0.103186	-0.0844333	-0.0643601	-0.0356809	-0.00303339	0.028465	0.0507921	
-0.090666	-0.102146	-0.107058	-0.102439	-0.0906353	-0.0708106	-0.0509403	-0.0378015	-0.0314341	-0.0382951	-0.0576966	-0.082036	-0.101479	-0.114248	-0.121729	-0.12394	-0.125989	-0.118014	-0.0997189	-0.0869273	-0.0708697	-0.0437254	-0.0143248	0.0100716	0.0233123	
-0.080076	-0.0912443	-0.0959296	-0.0921017	-0.0815735	-0.0668326	-0.0487556	-0.0293921	-0.0199014	-0.0242729	-0.0418983	-0.0668552	-0.0803229	-0.0881942	-0.0990234	-0.104931	-0.107131	-0.0997479	-0.0856575	-0.0769491	-0.0649574	-0.0460903	-0.0260916	-0.00759591	0.0017313	
-0.0699693	-0.0854085	-0.0925911	-0.0894637	-0.0836628	-0.075488	-0.0565716	-0.0349948	-0.0229055	-0.0196467	-0.0318477	-0.0503843	-0.0581519	-0.0675008	-0.0785396	-0.0821282	-0.0803602	-0.0684051	-0.0559744	-0.0538312	-0.0522847	-0.0456329	-0.0338617	-0.0227695	-0.0221906	
-0.0577046	-0.0806604	-0.0908374	-0.0919886	-0.0927149	-0.0874146	-0.0722386	-0.0539223	-0.039882	-0.0311464	-0.0314635	-0.0383965	-0.0440358	-0.0483341	-0.0523437	-0.0559126	-0.0507785	-0.0367346	-0.0288975	-0.0283698	-0.0310575	-0.035174	-0.0351645	-0.0364423	-0.0442482	
-0.0465718	-0.0748407	-0.0887673	-0.0966177	-0.101624	-0.101424	-0.0931632	-0.0785685	-0.064846	-0.0495503	-0.038262	-0.0365571	-0.0344586	-0.0292606	-0.03007	-0.0326844	-0.0233623	-0.0119007	-0.00867632	-0.00726236	-0.0116049	-0.0222311	-0.0320578	-0.0406072	-0.0489001	
-0.0334359	-0.0698185	-0.0935371	-0.109363	-0.119505	-0.122341	-0.113851	-0.0990195	-0.0789371	-0.0576971	-0.0442754	-0.0348106	-0.0292821	-0.025848	-0.0225537	-0.0184017	-0.00526841	0.00662664	0.00978027	0.0094355	0.00015625	-0.0130273	-0.0232198	-0.0345946	-0.0476116	
-0.0196968	-0.0641201	-0.0955534	-0.118788	-0.132912	-0.134926	-0.128582	-0.112798	-0.0877467	-0.0679047	-0.0494094	-0.0303483	-0.0263691	-0.0253842	-0.0195264	-0.0128067	0.00201152	0.0138973	0.0171448	0.0195615	0.0146407	0.0012832	-0.0164079	-0.0364762	-0.0530352	
-0.00144413	-0.0493716	-0.0864341	-0.117228	-0.132815	-0.137189	-0.135787	-0.120339	-0.0989055	-0.0795995	-0.0540992	-0.031664	-0.023341	-0.0197163	-0.014921	-0.00514357	0.00797879	0.0151984	0.0179617	0.0202124	0.0183971	0.00477241	-0.0204139	-0.0431787	-0.0575254	
0.0211706	-0.0291854	-0.0752924	-0.110788	-0.128882	-0.135744	-0.133655	-0.121853	-0.104238	-0.0830066	-0.0576538	-0.0341494	-0.0189695	-0.0129153	-0.00526663	0.00972229	0.0156949	0.0122487	0.0111582	0.00860851	0.00304932	-0.00882671	-0.0280195	-0.0460084	-0.0614044	
0.0413066	-0.00857522	-0.0585717	-0.0955173	-0.118853	-0.128335	-0.128644	-0.123124	-0.105622	-0.0804444	-0.0519339	-0.0244738	-0.00562491	0.00195608	0.00771636	0.0154852	0.0106219	-0.00106867	-0.00540007	-0.00929554	-0.0136121	-0.0198578	-0.0359995	-0.0548899	-0.0665542	
0.052977	0.0063176	-0.0402821	-0.0774178	-0.101557	-0.114309	-0.118525	-0.114475	-0.0975753	-0.0676111	-0.0369836	-0.0125319	0.00634464	0.0138709	0.0150609	0.0122358	-0.000849773	-0.0139236	-0.0216367	-0.0272539	-0.0277066	-0.0313395	-0.0462164	-0.0622707	-0.0706323	
0.0602137	0.0182921	-0.0226766	-0.0550254	-0.0767762	-0.0926765	-0.0986454	-0.0956897	-0.0828655	-0.0544891	-0.028376	-0.00873393	0.00982319	0.0175786	0.0185977	0.0120828	-0.00422842	-0.0207062	-0.0353902	-0.0411287	-0.0406815	-0.0475449	-0.05545	-0.0657254	-0.0826359	
0.0782107	0.0416938	0.00667115	-0.0207027	-0.0472168	-0.068186	-0.0799328	-0.0827681	-0.0737684	-0.0519437	-0.0275391	-0.00705372	0.00985599	0.0207902	0.0221313	0.0110845	-0.00645926	-0.0245778	-0.039319	-0.0457876	-0.0526373	-0.062738	-0.0689324	-0.079926	-0.0952122	
0.101436	0.0700892	0.0401811	0.0118539	-0.0191336	-0.0433843	-0.0607279	-0.0673733	-0.0621003	-0.0504534	-0.0301046	-0.0110631	0.00117922	0.0168693	0.0217598	0.00730729	-0.0087229	-0.0227424	-0.0364345	-0.0501411	-0.0657076	-0.0757861	-0.0838128	-0.0938458	-0.09707	
0.115328	0.0941018	0.0693186	0.0393338	0.011287	-0.0146483	-0.0341291	-0.042062	-0.0444128	-0.0442158	-0.0338775	-0.0206838	-0.0106046	0.0051007	0.00990032	-0.00259012	-0.0127623	-0.0239991	-0.0408588	-0.0577747	-0.073277	-0.0821811	-0.0886804	-0.0958767	-0.0977622	
0.121768	0.113956	0.0952752	0.0679354	0.0426458	0.0160097	-0.00368811	-0.0148544	-0.0260415	-0.0330565	-0.0333361	-0.0290689	-0.0189222	-0.0106274	-0.0132513	-0.0196012	-0.0266097	-0.0365881	-0.0465535	-0.0617536	-0.078975	-0.086269	-0.0895049	-0.0925484	-0.0903809	
0.124508	0.127744	0.116454	0.0948496	0.069703	0.0458862	0.0260483	0.00780178	-0.00894634	-0.0225566	-0.0341897	-0.0364046	-0.0287296	-0.0290453	-0.0342457	-0.0356317	-0.0434486	-0.0506324	-0.0548717	-0.0707003	-0.0867684	-0.0911208	-0.0902147	-0.082662	-0.0714363	
0.126615	0.140953	0.136748	0.118972	0.0929817	0.0710968	0.047184	0.0197846	-0.000638204	-0.0224271	-0.041845	-0.044193	-0.0411263	-0.0449532	-0.0478238	-0.0500734	-0.0540217	-0.0578105	-0.0704791	-0.084489	-0.0883172	-0.0913243	-0.0864729	-0.0699172	-0.0622892	
