0.0381883	0.0381883	0.0341201	0.02876	0.0219218	0.0149494	0.00922362	0.00415754	0.00148457	-0.000934839	-0.00275244	-0.00439962	-0.00558339	-0.00727949	-0.00796752	-0.00962719	-0.0111535	-0.0130702	-0.0138669	-0.0151584	-0.0154547	-0.0158571	-0.0150885	-0.0137445	-0.0123488	
0.0381883	0.0354271	0.0315522	0.0258897	0.0188887	0.0122072	0.00680557	0.00185021	-0.000387162	-0.00281326	-0.00453809	-0.00629133	-0.00724599	-0.00903021	-0.00978667	-0.0116377	-0.0132928	-0.0150811	-0.0160739	-0.0173269	-0.0178229	-0.0186344	-0.0179699	-0.0167367	-0.0157618	
0.0342006	0.0316276	0.0273375	0.0222728	0.0161243	0.0102197	0.00448274	0.00104896	-0.00184926	-0.00280574	-0.00403536	-0.00526072	-0.00704346	-0.00743379	-0.00923428	-0.0109385	-0.012866	-0.0143469	-0.0159506	-0.0167393	-0.0172507	-0.0182521	-0.0179242	-0.0170699	-0.0161764	
0.0288242	0.0259769	0.0224279	0.0167867	0.0111378	0.00651941	0.00116164	-0.00170122	-0.00293809	-0.00359236	-0.0047883	-0.00578469	-0.00714009	-0.00760726	-0.00906527	-0.0106134	-0.0130096	-0.0141172	-0.0151779	-0.0161408	-0.0171005	-0.0181657	-0.0179682	-0.0166569	-0.0154087	
0.0221723	0.0192408	0.016551	0.0113341	0.00674461	0.00262513	-0.0020233	-0.00362631	-0.00346012	-0.00447417	-0.00505496	-0.0055586	-0.00603164	-0.00688339	-0.00806205	-0.00983022	-0.0118298	-0.013306	-0.0139226	-0.0151008	-0.0158459	-0.0171333	-0.0169078	-0.0153173	-0.0143323	
0.0155723	0.0129367	0.0108846	0.00698127	0.00287813	-0.000609846	-0.00431727	-0.00447685	-0.00507928	-0.00435699	-0.00386826	-0.00378242	-0.00480671	-0.00440492	-0.00636724	-0.00798211	-0.00998899	-0.0106128	-0.0118213	-0.0126839	-0.0130409	-0.0143362	-0.0145436	-0.013154	-0.0122419	
0.0101861	0.00791429	0.00546059	0.0020392	-0.00139416	-0.00397575	-0.00745984	-0.00600446	-0.00578056	-0.00429502	-0.00384264	-0.0027246	-0.00388253	-0.00321629	-0.00434596	-0.00578513	-0.00785957	-0.00828355	-0.00886282	-0.00971416	-0.00916157	-0.0111559	-0.0107059	-0.00947571	-0.00886433	
0.00557213	0.00345013	0.00237815	-0.000444573	-0.00261403	-0.00382337	-0.00554203	-0.00469915	-0.00216789	-4.3139e-05	0.0013332	0.00204514	0.0026979	0.00282727	0.0021739	0.000588298	-0.00130107	-0.00153619	-0.00156126	-0.00217211	-0.00176172	-0.00401863	-0.00337985	-0.00182312	-0.0013666	
0.00310546	0.0013813	-0.000172494	-0.00135771	-0.00209168	-0.00396405	-0.00492606	-0.00176634	0.001111	0.00338892	0.00587577	0.00675706	0.00773771	0.00821532	0.00744696	0.00576817	0.00464876	0.00443053	0.00446154	0.00462946	0.00529598	0.0035348	0.00418103	0.0060805	0.00598214	
0.000984707	-0.000773096	-0.000896745	-0.00186196	-0.00292135	-0.00299902	-0.0031865	0.000729284	0.00361859	0.00724428	0.00953105	0.0112314	0.0112985	0.0125662	0.0111733	0.00997233	0.00791452	0.00878632	0.00853183	0.00975479	0.0103544	0.00879522	0.00944602	0.011418	0.0116206	
-0.000754032	-0.00239387	-0.00197614	-0.00293442	-0.00339195	-0.00241159	-0.0026548	0.00201752	0.00596823	0.00941477	0.0115441	0.0132788	0.0130799	0.0138305	0.0131087	0.0112647	0.00956577	0.00949814	0.00999751	0.0109401	0.012511	0.0105125	0.0117907	0.0137344	0.0141062	
-0.00245156	-0.00421434	-0.00320383	-0.00393464	-0.00394267	-0.00243973	-0.00175584	0.00242617	0.00664601	0.0108541	0.0129712	0.0137197	0.0137527	0.0147056	0.0126625	0.0105552	0.00859817	0.00885317	0.0096462	0.0104521	0.0115614	0.0100867	0.0109567	0.0126356	0.014163	
-0.00375818	-0.00531463	-0.00526264	-0.00553177	-0.00465231	-0.00371462	-0.00327363	0.00267876	0.00724948	0.0105291	0.0123598	0.013421	0.0127584	0.0132236	0.0114133	0.00886485	0.00635127	0.00643022	0.0070189	0.00820313	0.00939736	0.0081549	0.00859035	0.0106416	0.0112159	
-0.005825	-0.007446	-0.00606934	-0.00632306	-0.0058624	-0.00374584	-0.00304672	0.00233063	0.00727801	0.0114066	0.0126652	0.0138858	0.0127877	0.0126869	0.0102482	0.00799687	0.00491996	0.0049934	0.00553401	0.00677125	0.00784474	0.00560189	0.00645783	0.00818255	0.0085731	
-0.00692286	-0.00865568	-0.00833508	-0.00825586	-0.00754804	-0.0062801	-0.00471553	0.00118938	0.00598527	0.00952597	0.0114852	0.0112713	0.010423	0.0098522	0.00811526	0.00458474	0.00168947	0.00151289	0.00245996	0.002862	0.00447942	0.00231812	0.00244444	0.00473866	0.00506613	
-0.00892612	-0.0108859	-0.0104724	-0.010311	-0.00983143	-0.00851416	-0.00682549	-0.00104036	0.00360774	0.00769386	0.00934027	0.00897758	0.00770099	0.00737393	0.00435039	0.00100857	-0.0024531	-0.0021539	-0.00129531	-0.000410561	0.000551932	-0.00149178	-0.00118093	0.000381909	0.00079961	
-0.0108323	-0.0128785	-0.0126862	-0.0130234	-0.0121916	-0.0109455	-0.00931486	-0.0033493	0.00207859	0.00521669	0.00736515	0.00691253	0.00522847	0.00429993	0.00148614	-0.00237677	-0.00476124	-0.00460484	-0.00456325	-0.00263184	-0.0015385	-0.00409878	-0.0038078	-0.00189302	-0.00236756	
-0.0129805	-0.0149159	-0.014427	-0.0143533	-0.0138352	-0.0116679	-0.00985141	-0.00369787	0.00186241	0.00614784	0.00723582	0.00722745	0.00552435	0.004601	0.00159457	-0.00178199	-0.00431395	-0.00435527	-0.00317944	-0.0019256	-0.000666644	-0.00325699	-0.00274587	-0.00190347	-0.00148825	
-0.0137993	-0.0159289	-0.016005	-0.015367	-0.014452	-0.012861	-0.0104503	-0.00384575	0.00183709	0.00616103	0.00802347	0.00832276	0.00640666	0.00550678	0.00298329	-0.000431726	-0.00371036	-0.0025916	-0.00139829	0.000467837	0.00126948	-0.000601512	-0.00142735	0.00036966	-0.000297848	
-0.0148983	-0.016898	-0.0164937	-0.0160768	-0.0153597	-0.0134594	-0.0110779	-0.00423644	0.00221052	0.00754727	0.00914602	0.00936707	0.00780859	0.00702114	0.00385623	0.00106363	-0.00112427	-0.000742108	0.00105812	0.00285018	0.00345929	0.00114478	0.00133599	0.00194693	0.00191848	
-0.0148391	-0.0170635	-0.0166032	-0.0166516	-0.0158066	-0.0135601	-0.0102441	-0.00349564	0.00318394	0.00833069	0.0108663	0.0105901	0.0091581	0.00834105	0.005677	0.00224301	0.000315793	0.000919209	0.00222953	0.00384396	0.00478667	0.00269423	0.00222028	0.00310414	0.00282081	
-0.014595	-0.0172169	-0.0170689	-0.0172567	-0.0166833	-0.0145539	-0.0120669	-0.00548285	0.00172593	0.0070112	0.00915581	0.00927904	0.00793907	0.00622022	0.00371351	0.000427765	-0.00197823	-0.00137598	0.000622009	0.00178645	0.00297615	0.000992626	0.00047946	0.00148379	0.0012878	
-0.0129987	-0.0157343	-0.0160053	-0.0164685	-0.0159331	-0.0143343	-0.0113382	-0.00459777	0.00261812	0.00787703	0.0106682	0.0103433	0.0086221	0.00743765	0.0042261	0.00121078	-0.00122927	-0.000425045	0.000253969	0.00240253	0.00290394	0.000815738	-4.39537e-05	0.00144816	0.00095857	
-0.0106517	-0.013392	-0.0140959	-0.0143461	-0.0137441	-0.0125104	-0.00985763	-0.00284698	0.00461568	0.00994173	0.0126971	0.0121328	0.0108165	0.00932584	0.00681461	0.00310267	0.000995134	0.000671416	0.00226785	0.00319963	0.00400232	0.00199681	0.00166889	0.00223753	0.00266409	
-0.00776323	-0.0108961	-0.0120517	-0.012301	-0.0121903	-0.0111827	-0.00892171	-0.00218195	0.00459111	0.0101688	0.0130103	0.0136492	0.0115172	0.00981487	0.00714809	0.00345691	0.000438912	0.000965309	0.0015321	0.00322655	0.00369698	0.00182748	0.00123727	0.00264733	0.00242253	
-0.00570415	-0.00863303	-0.00972823	-0.0101191	-0.00997772	-0.00950886	-0.00643102	-0.000389443	0.00705439	0.012931	0.0157871	0.0155435	0.0144684	0.0120816	0.00891074	0.00508468	0.00220653	0.00195131	0.00253171	0.00403693	0.00413516	0.00251992	0.00206702	0.00271601	0.00315461	
-0.00409387	-0.00724204	-0.00836547	-0.00878108	-0.00913877	-0.0079319	-0.0052916	0.00122365	0.0076419	0.014294	0.0165871	0.0168252	0.0150517	0.0127645	0.00906635	0.00538894	0.00193069	0.0010159	0.00213914	0.00322778	0.00328664	0.00164365	0.00115272	0.0013957	0.00202006	
-0.00434514	-0.00753844	-0.00834858	-0.00920896	-0.00914242	-0.00842783	-0.00605591	0.000115561	0.00739932	0.0129359	0.0159172	0.0154238	0.013486	0.0108671	0.00712575	0.00256137	-0.000597739	-0.00189363	-0.00155321	0.000381803	0.000418951	-0.0015789	-0.00199781	-0.000959831	-0.00108198	
-0.00458009	-0.00768355	-0.00856574	-0.00914429	-0.00918308	-0.00832936	-0.00612855	0.000343827	0.00699288	0.0128427	0.0156741	0.0154188	0.0131521	0.0108424	0.00622862	0.00134925	-0.00197536	-0.00322825	-0.00347124	-0.00187974	-0.00201134	-0.00393866	-0.0044924	-0.00411005	-0.00427577	
-0.00497661	-0.00817729	-0.00958832	-0.0101824	-0.0100675	-0.00987861	-0.00706046	-0.00142853	0.00506093	0.01091	0.0140173	0.0136234	0.0121534	0.0090449	0.00490522	0.000129003	-0.00411951	-0.00552368	-0.00511013	-0.00458571	-0.00450977	-0.006487	-0.00712246	-0.00697856	-0.00633875	
-0.00509359	-0.00833204	-0.0103705	-0.0108459	-0.0109991	-0.0105955	-0.00860532	-0.00189693	0.00432758	0.0106765	0.0135874	0.0141305	0.0124015	0.00907723	0.00549874	0.000744096	-0.0040714	-0.00535678	-0.00545681	-0.00524486	-0.00484864	-0.0066334	-0.00811233	-0.00686628	-0.00674793	
-0.0057135	-0.00894729	-0.0102036	-0.0114123	-0.0113476	-0.0111665	-0.00820094	-0.00205287	0.00515	0.0116827	0.015652	0.0155267	0.0145206	0.0119735	0.00737091	0.0025611	-0.00159067	-0.00304407	-0.00394922	-0.00296106	-0.00308502	-0.00504961	-0.005228	-0.0049702	-0.00487048	
-0.00645093	-0.00995689	-0.011364	-0.0124293	-0.0124781	-0.0115168	-0.00963237	-0.00236305	0.00437733	0.0113542	0.0155284	0.016598	0.0149537	0.0124823	0.00881966	0.00380065	-0.000330066	-0.00159288	-0.00192706	-0.00140366	-0.000991525	-0.00301489	-0.0033114	-0.00171952	-0.00149276	
-0.0076504	-0.0111473	-0.0125533	-0.0133484	-0.0131287	-0.0120008	-0.00917869	-0.00180909	0.00497841	0.0125556	0.0168595	0.0180738	0.0170414	0.0148463	0.0103504	0.00630766	0.00255286	0.00112322	0.000639389	0.00185039	0.00210187	-0.000120119	0.000228154	0.0014879	0.002067	
-0.00938033	-0.0128107	-0.0143509	-0.0152021	-0.0147384	-0.0137256	-0.010178	-0.00304501	0.00439576	0.0120737	0.0170341	0.0179161	0.0173032	0.0148878	0.0111786	0.00693942	0.00292667	0.00243258	0.00222126	0.00286847	0.00307808	0.00196113	0.00167901	0.00331185	0.00375455	
-0.0115783	-0.0150065	-0.016761	-0.0175208	-0.0173264	-0.0158888	-0.0134541	-0.00547593	0.00169677	0.00997745	0.0144262	0.0165608	0.0153264	0.0135367	0.00936511	0.00561141	0.00189067	0.0010209	0.00123062	0.00158893	0.00247757	0.000476564	0.0015866	0.00277304	0.00409333	
-0.0129486	-0.0166928	-0.0187946	-0.0198697	-0.019057	-0.0181311	-0.0151466	-0.00679485	0.000649892	0.00786468	0.0142708	0.0156749	0.0144385	0.0131001	0.00940082	0.0047137	0.00164247	0.00108467	3.54366e-05	0.00127676	0.00190758	0.000206702	0.000499035	0.00315385	0.003226	
-0.0151727	-0.0188928	-0.0205347	-0.0220748	-0.0217559	-0.0199891	-0.0170278	-0.00880817	-0.000877282	0.00733965	0.0125805	0.0144801	0.0137111	0.0121455	0.00768173	0.00410094	0.00057541	-0.000412352	-0.000117291	0.000360754	0.00066705	-0.000851391	0.00034337	0.00163591	0.00258519	
-0.0163341	-0.0200727	-0.0216843	-0.0234468	-0.0231545	-0.0211537	-0.0179682	-0.00975273	-0.00172828	0.00615907	0.0117429	0.0138645	0.0127024	0.0107764	0.00699303	0.00287082	-0.000737973	-0.00125416	-0.00175997	-0.00112494	-0.000110178	-0.00197559	-0.0013592	0.00128607	0.00160201	
-0.0164509	-0.0202341	-0.021643	-0.023408	-0.0233235	-0.0210914	-0.0179897	-0.00994029	-0.00186685	0.00630627	0.0111827	0.0130355	0.012559	0.0110389	0.00655727	0.00244357	-0.000828957	-0.00171326	-0.00218813	-0.00141601	-0.000653338	-0.0020977	-0.000842686	0.00137952	0.00192542	
-0.0152162	-0.0188559	-0.0204108	-0.0220109	-0.0215191	-0.0198056	-0.0159696	-0.00816408	-0.000133438	0.00765084	0.0135287	0.0148793	0.0142557	0.0125719	0.00836215	0.00402524	0.000342459	-0.000874754	-0.00130754	-0.000865494	-0.000370102	-0.00169051	-0.000497538	0.00168933	0.00259441	
-0.0133832	-0.017267	-0.0199284	-0.0213768	-0.0214225	-0.0200404	-0.0179927	-0.00962808	-0.00234005	0.0055042	0.0103133	0.0128169	0.0113235	0.00935899	0.00477001	0.000549422	-0.00366004	-0.00469256	-0.00506188	-0.00505491	-0.00402524	-0.00502439	-0.00381415	-0.00116996	-3.1565e-05	
-0.0112148	-0.0156497	-0.0180111	-0.0202378	-0.0207316	-0.0195082	-0.0171122	-0.0100606	-0.00249233	0.00437318	0.00932057	0.0114087	0.0106275	0.00810946	0.00343357	-0.00146948	-0.00570566	-0.00705512	-0.00813323	-0.00760857	-0.00700662	-0.00787753	-0.00663646	-0.00346514	-0.00264347	
-0.0100159	-0.013985	-0.0160591	-0.0189011	-0.0193714	-0.01822	-0.0164459	-0.00961753	-0.00144711	0.00498943	0.0097259	0.0118585	0.0106172	0.00842496	0.00410251	-0.000991485	-0.00562792	-0.0074317	-0.00880865	-0.00849087	-0.00745197	-0.00873331	-0.00698233	-0.00416515	-0.00298557	
-0.00773291	-0.0119617	-0.0143929	-0.0167907	-0.0181015	-0.0169938	-0.014985	-0.00816575	-0.0013018	0.00578321	0.0107046	0.0124376	0.0114402	0.00989612	0.00499081	-0.000424338	-0.00453537	-0.00643809	-0.00804359	-0.00781616	-0.00699407	-0.0077948	-0.00635949	-0.00331831	-0.00207122	
-0.00613128	-0.0103649	-0.0126921	-0.0151116	-0.0164719	-0.0157865	-0.0131438	-0.00708943	0.000420607	0.00732201	0.0121467	0.0139093	0.0137641	0.011938	0.00771661	0.002612	-0.00215264	-0.00461952	-0.00539727	-0.00532894	-0.00471186	-0.00560801	-0.00364883	-0.000422181	0.00130965	
-0.0046261	-0.00883765	-0.0111652	-0.0136507	-0.0152746	-0.0146508	-0.0127788	-0.00633847	0.00134539	0.00835557	0.0130465	0.0160375	0.015485	0.0141306	0.0105021	0.00580512	0.000691195	-0.00107364	-0.00287974	-0.00285119	-0.0020965	-0.00261377	-0.00122724	0.00276074	0.00435401	
-0.00441839	-0.0081213	-0.011181	-0.0132552	-0.014293	-0.0142548	-0.0130805	-0.0061197	0.00159327	0.00896449	0.0140519	0.0174014	0.0177361	0.0170599	0.0131623	0.00854239	0.00427549	0.00162632	0.000209797	0.000209682	0.00070016	4.91024e-05	0.0025453	0.00549033	0.00732853	
-0.00532072	-0.0090069	-0.0108011	-0.0136005	-0.0147126	-0.0145006	-0.0121552	-0.0071377	0.00154595	0.00891887	0.0154295	0.0182875	0.0199769	0.0192673	0.0162414	0.0113984	0.00675578	0.00461842	0.00309701	0.00278169	0.00310096	0.00276745	0.00423864	0.00795989	0.0101657	
-0.00640174	-0.00991949	-0.012035	-0.0143097	-0.0162986	-0.0157815	-0.0150193	-0.00809774	-0.000531654	0.00790083	0.0136223	0.0184274	0.0189275	0.0193236	0.0165596	0.0122711	0.00760554	0.004952	0.00379042	0.00290482	0.00381098	0.00259915	0.00461206	0.00755692	0.0099635	
