0	0	0	0	0	0	0	0	0	0	0	0	0	0	0	0	0	0	0	0	0	0	0	0	0	
0	-0.00759107	-0.0111512	-0.0112173	-0.0114097	-0.0146938	-0.0197951	-0.0248759	-0.0279389	-0.0283297	-0.0278953	-0.025601	-0.0238044	-0.0185048	-0.0133679	-0.00985609	-0.0093818	-0.00782251	0.000897126	0.0134972	0.0256324	0.0330893	0.0364734	0.0334943	0.0235887	
0	-0.0111467	-0.0134808	-0.0105191	-0.00619088	-0.01012	-0.0164553	-0.0244012	-0.0277247	-0.0274035	-0.0247607	-0.0204743	-0.0167809	-0.00743376	-9.03922e-05	0.00534664	0.000817011	0.00113117	0.0123062	0.032133	0.0512342	0.0601783	0.0626098	0.0535259	0.0309064	
0	-0.0112285	-0.0105444	7.5434e-05	0.0100591	0.0101633	0.00418645	-0.00272367	-0.0047683	-0.000809016	0.00437524	0.0121217	0.0171294	0.0284391	0.0376014	0.0388095	0.0296049	0.0215437	0.0330128	0.0554292	0.0764736	0.0849352	0.0821438	0.0643576	0.0284399	
0	-0.0114127	-0.00620116	0.0100681	0.0274747	0.0291993	0.0246737	0.01671	0.0166097	0.0220319	0.0308343	0.0405638	0.047707	0.062083	0.0711718	0.0731664	0.0561109	0.045425	0.0553659	0.0813826	0.105713	0.111699	0.10439	0.0777156	0.0270026	
0	-0.0147253	-0.010167	0.0101372	0.0291785	0.0319044	0.0242491	0.015154	0.0136019	0.0209533	0.0308855	0.0433421	0.0524913	0.0687454	0.081476	0.0813275	0.0645223	0.0505706	0.0660386	0.0997923	0.131615	0.142161	0.134179	0.101689	0.0411789	
0	-0.0198171	-0.0165076	0.00413651	0.0245824	0.0241712	0.0132985	-0.000840404	-0.00393595	0.00175615	0.0129289	0.0263111	0.0371027	0.0567152	0.070432	0.0737852	0.0549333	0.0447648	0.0655498	0.1102	0.152642	0.169062	0.16321	0.127984	0.0582364	
0	-0.0249318	-0.0244878	-0.00277007	0.0166408	0.015137	-0.000803493	-0.0173252	-0.0232462	-0.0172111	-0.00527143	0.00944672	0.022904	0.0431502	0.0598854	0.0620901	0.044883	0.0352548	0.0630904	0.117468	0.170438	0.194084	0.191161	0.153329	0.078541	
0	-0.0279475	-0.0277574	-0.00479175	0.0165339	0.0135621	-0.00388294	-0.0232078	-0.0292711	-0.0229255	-0.00931152	0.00793675	0.0230785	0.0455682	0.0621869	0.0650475	0.0469018	0.0397017	0.0716977	0.1352	0.196503	0.226373	0.224821	0.184537	0.102695	
0	-0.0284003	-0.0274863	-0.000826738	0.0220072	0.020995	0.00187291	-0.0171407	-0.0228788	-0.015162	0.0020584	0.0210662	0.0408571	0.06382	0.0822944	0.0847671	0.0681339	0.063419	0.100986	0.171787	0.241258	0.275893	0.274148	0.229335	0.140201	
0	-0.0278683	-0.0247438	0.00443377	0.0308299	0.0309703	0.013103	-0.00506644	-0.00913562	0.00217383	0.022218	0.0462603	0.0692166	0.0942178	0.113422	0.115174	0.100748	0.0992027	0.141694	0.22049	0.296886	0.337373	0.335809	0.286509	0.189091	
0	-0.0256585	-0.0205112	0.0122279	0.0406751	0.0435884	0.0266081	0.00973796	0.00820153	0.021262	0.0463909	0.073156	0.10136	0.127732	0.147723	0.150416	0.138866	0.142564	0.190943	0.276003	0.358734	0.403506	0.399641	0.344945	0.237988	
0	-0.0237404	-0.016695	0.0172793	0.0478317	0.0527401	0.0374547	0.0233185	0.0235402	0.041219	0.0695181	0.101523	0.133481	0.160885	0.181034	0.182346	0.174	0.18248	0.235726	0.327419	0.415975	0.46658	0.464134	0.405436	0.292803	
0	-0.0185392	-0.00737662	0.0286958	0.0624335	0.0692555	0.0572987	0.0437299	0.0461992	0.0643214	0.0947596	0.128135	0.16108	0.187669	0.204716	0.204949	0.19944	0.2143	0.274412	0.373106	0.468856	0.527997	0.527859	0.470093	0.353089	
0	-0.0132502	0.000117868	0.0379204	0.0715776	0.0820441	0.071129	0.0606603	0.0631544	0.0830641	0.114225	0.148326	0.181499	0.204986	0.218284	0.215386	0.212454	0.234131	0.301647	0.408903	0.514619	0.586119	0.596152	0.543857	0.430968	
0	-0.00985698	0.00549882	0.0392091	0.0737707	0.0821268	0.0746691	0.0630013	0.0661357	0.0856975	0.116282	0.151436	0.183136	0.20567	0.215762	0.213053	0.216296	0.249154	0.329072	0.448291	0.567545	0.654739	0.677249	0.63401	0.523119	
0	-0.0092664	0.00104776	0.0300016	0.0566917	0.0653377	0.0558173	0.0459431	0.048255	0.0693709	0.102035	0.140156	0.175094	0.20064	0.213308	0.216908	0.232409	0.28291	0.381127	0.516904	0.653146	0.758612	0.796218	0.76033	0.651341	
0	-0.00783537	0.00122568	0.0218654	0.0459661	0.0513397	0.0455144	0.036117	0.0408006	0.0644793	0.100506	0.144019	0.183756	0.215838	0.235378	0.250229	0.283524	0.357227	0.479494	0.635566	0.792367	0.916469	0.968776	0.938389	0.822121	
0	0.000898199	0.0123686	0.0332404	0.0558075	0.0667028	0.0661468	0.0638499	0.0727936	0.102035	0.142839	0.192287	0.236989	0.276154	0.303254	0.330655	0.382374	0.480127	0.626596	0.803298	0.978051	1.11807	1.18139	1.14893	1.01978	
0	0.0134706	0.0321201	0.0555485	0.0816781	0.100283	0.110558	0.117944	0.135921	0.172565	0.221483	0.277301	0.328675	0.374888	0.41063	0.450043	0.518695	0.636772	0.804203	0.995068	1.182	1.32967	1.39536	1.35464	1.2023	
0	0.0254812	0.0510793	0.0764761	0.105896	0.13195	0.15278	0.170621	0.196938	0.241727	0.297488	0.359602	0.416984	0.470557	0.516603	0.569558	0.655399	0.794152	0.979635	1.18272	1.3752	1.52136	1.58029	1.51779	1.33238	
0	0.0330842	0.0601222	0.0848866	0.111752	0.142286	0.169046	0.194085	0.226581	0.276163	0.337796	0.404182	0.467473	0.529495	0.587976	0.656799	0.76119	0.918803	1.12052	1.33137	1.52222	1.65955	1.70052	1.60961	1.38336	
0	0.0362596	0.0624226	0.0821205	0.10452	0.134319	0.163186	0.190976	0.224678	0.274091	0.335877	0.399857	0.464636	0.52903	0.597907	0.679119	0.798675	0.97111	1.18398	1.3976	1.5818	1.70149	1.71832	1.59166	1.32092	
0	0.0335782	0.0536174	0.0644181	0.0778182	0.101705	0.128003	0.153289	0.184531	0.229349	0.286491	0.344918	0.405738	0.470784	0.545198	0.635662	0.762635	0.940876	1.15178	1.3574	1.51984	1.61128	1.59237	1.42546	1.11023	
0	0.0234834	0.0309366	0.0286408	0.0273516	0.0413878	0.058492	0.0785609	0.102537	0.140207	0.189203	0.238023	0.293128	0.353689	0.432107	0.524527	0.653194	0.824223	1.02231	1.20517	1.33481	1.38558	1.32238	1.11111	0.753846	
0	0.00769575	-0.000289664	-0.0200052	-0.0366418	-0.0388485	-0.0325157	-0.0240275	-0.00822446	0.0176929	0.0562623	0.0930254	0.138798	0.194569	0.271185	0.363947	0.484241	0.640542	0.812194	0.962708	1.04927	1.05249	0.939461	0.684813	0.287818	
0	-0.00915513	-0.0327815	-0.0677168	-0.0999083	-0.116903	-0.125114	-0.126667	-0.123696	-0.107929	-0.0849877	-0.0609546	-0.0281255	0.0183388	0.0898446	0.17343	0.27897	0.407748	0.543248	0.652805	0.692234	0.647526	0.489323	0.196313	-0.227826	
0	-0.0255469	-0.063318	-0.109964	-0.154354	-0.184632	-0.204323	-0.217025	-0.222065	-0.218611	-0.207877	-0.198693	-0.179595	-0.144378	-0.0850276	-0.0158516	0.0651544	0.157003	0.249495	0.311698	0.305897	0.218813	0.0218573	-0.294897	-0.737467	
0	-0.0401814	-0.0874071	-0.142564	-0.192661	-0.232979	-0.261022	-0.280374	-0.292352	-0.294944	-0.296242	-0.297168	-0.291118	-0.266595	-0.221171	-0.169642	-0.118119	-0.0645544	-0.0191604	-0.00084017	-0.0463953	-0.168968	-0.39231	-0.727718	-1.17636	
0	-0.0513896	-0.105817	-0.161724	-0.213943	-0.256183	-0.28822	-0.308263	-0.320366	-0.323833	-0.329732	-0.336032	-0.337966	-0.321557	-0.289135	-0.257134	-0.232845	-0.218566	-0.212271	-0.231527	-0.304216	-0.446809	-0.686406	-1.02917	-1.47794	
0	-0.0561757	-0.109333	-0.159323	-0.2031	-0.24061	-0.267622	-0.282905	-0.288193	-0.28735	-0.292045	-0.299621	-0.305339	-0.294614	-0.274036	-0.258326	-0.258333	-0.272971	-0.295817	-0.338851	-0.423051	-0.573953	-0.816532	-1.16137	-1.60658	
0	-0.0539299	-0.0998273	-0.134961	-0.16363	-0.186014	-0.201445	-0.203775	-0.196266	-0.184975	-0.182055	-0.186537	-0.191063	-0.183511	-0.17213	-0.169153	-0.187196	-0.219008	-0.258403	-0.309278	-0.392484	-0.538182	-0.774654	-1.11515	-1.54985	
0	-0.0446279	-0.0756324	-0.0900095	-0.0948748	-0.0953723	-0.0916795	-0.0758877	-0.0525832	-0.0265514	-0.0148855	-0.0129339	-0.0149318	-0.00970814	-0.00331598	-0.0113713	-0.0360914	-0.0749385	-0.114451	-0.161005	-0.231477	-0.363602	-0.586691	-0.91751	-1.33599	
0	-0.0286304	-0.040571	-0.0277999	-0.00540157	0.022371	0.0495699	0.0840665	0.126148	0.162108	0.185783	0.189667	0.191573	0.194729	0.196397	0.185002	0.158549	0.126936	0.0980207	0.0663647	0.0139295	-0.0982423	-0.304471	-0.616833	-1.01369	
0	-0.00943765	0.00227548	0.0409058	0.0945696	0.150641	0.202044	0.255643	0.309099	0.355558	0.382939	0.389911	0.392902	0.394506	0.396646	0.385609	0.366306	0.350718	0.338794	0.328347	0.293782	0.201254	0.0172465	-0.274079	-0.640093	
0	0.0141145	0.0500411	0.116732	0.199317	0.283951	0.357613	0.424068	0.483955	0.530126	0.556243	0.559466	0.559898	0.559175	0.562671	0.555028	0.549968	0.55129	0.56378	0.573343	0.556756	0.48703	0.325017	0.0640417	-0.270321	
0	0.0409977	0.103976	0.1963	0.30689	0.415294	0.506797	0.578457	0.634449	0.670945	0.686767	0.681155	0.675292	0.672937	0.676906	0.677643	0.68375	0.706037	0.736945	0.764904	0.762195	0.710702	0.573331	0.343135	0.0395571	
0	0.0661906	0.152072	0.264996	0.39511	0.520813	0.620586	0.690248	0.731549	0.751714	0.750278	0.73416	0.721165	0.717834	0.725236	0.731332	0.74829	0.783256	0.829542	0.870162	0.878235	0.843476	0.729574	0.528397	0.253325	
0	0.0883795	0.193602	0.318368	0.460175	0.589693	0.688476	0.743011	0.760588	0.756239	0.732365	0.706515	0.686009	0.686412	0.698949	0.713406	0.739536	0.783617	0.842756	0.892686	0.910533	0.886729	0.790305	0.61033	0.35229	
0	0.107547	0.223896	0.356749	0.494797	0.620461	0.703054	0.734255	0.721393	0.686143	0.643067	0.605791	0.584596	0.589117	0.6078	0.631049	0.662434	0.713783	0.783391	0.843588	0.871975	0.85676	0.771346	0.604783	0.357123	
0	0.123713	0.251857	0.382934	0.514504	0.621753	0.681786	0.682229	0.634641	0.570598	0.506885	0.463038	0.44176	0.449924	0.472911	0.499785	0.532194	0.587705	0.663951	0.734965	0.773466	0.760809	0.682647	0.520991	0.282418	
0	0.1375	0.271048	0.399383	0.513307	0.597272	0.626541	0.594703	0.517003	0.428651	0.353639	0.308124	0.291913	0.304499	0.331741	0.358758	0.39325	0.447877	0.530616	0.608322	0.650366	0.635086	0.55205	0.390004	0.159887	
0	0.148147	0.285948	0.407352	0.501349	0.556026	0.553778	0.492071	0.393466	0.290672	0.216091	0.174606	0.169757	0.188533	0.219908	0.250784	0.28533	0.343394	0.426875	0.50674	0.544653	0.517518	0.421322	0.255542	0.0301107	
0	0.157754	0.300524	0.415268	0.490688	0.51674	0.486031	0.404181	0.294837	0.192056	0.124093	0.0922946	0.0973894	0.120168	0.155684	0.187482	0.225249	0.284555	0.365291	0.441874	0.468449	0.426798	0.316572	0.143676	-0.0753956	
0	0.160253	0.304192	0.407954	0.466228	0.462675	0.410389	0.31618	0.211074	0.121518	0.0682203	0.0529032	0.0670401	0.0979896	0.137673	0.174864	0.217279	0.275258	0.347388	0.409835	0.417481	0.359276	0.233024	0.0563737	-0.159531	
0	0.149489	0.279401	0.369363	0.401088	0.37455	0.301144	0.207047	0.116393	0.0522749	0.0223429	0.0261898	0.0528695	0.0951058	0.143502	0.190551	0.239121	0.29371	0.352584	0.39436	0.381975	0.310655	0.174324	-0.00253308	-0.214581	
0	0.125696	0.235073	0.301575	0.311002	0.259494	0.174716	0.0850926	0.01632	-0.0190664	-0.0245125	-0.00291413	0.0352737	0.0895755	0.149962	0.210081	0.265059	0.316118	0.36106	0.381511	0.356064	0.275693	0.139015	-0.0357771	-0.244683	
0	0.0883024	0.164836	0.203975	0.189576	0.120239	0.029607	-0.0476684	-0.0902318	-0.0934328	-0.0750159	-0.0350757	0.0130068	0.0802484	0.150855	0.220052	0.274654	0.316118	0.342254	0.344463	0.308954	0.228894	0.102949	-0.0631145	-0.256408	
0	0.0392874	0.0734483	0.0835285	0.0462665	-0.0313748	-0.120537	-0.179625	-0.193972	-0.167215	-0.123172	-0.0685611	-0.0084089	0.0670164	0.145625	0.214122	0.261174	0.283851	0.292182	0.27635	0.236188	0.161412	0.0503456	-0.0963871	-0.267105	
0	-0.0193703	-0.0313739	-0.0531434	-0.106289	-0.186657	-0.264035	-0.302661	-0.287132	-0.233648	-0.163173	-0.09322	-0.0187181	0.0631851	0.144266	0.205775	0.235622	0.238682	0.227327	0.198772	0.155313	0.0852207	-0.00739819	-0.131287	-0.274836	
