0	0	0	0	0	0	0	0	0	0	0	0	0	0	0	0	0	0	0	0	0	0	0	0	0	
0	-0.0950992	-0.149731	-0.159618	-0.158503	-0.184234	-0.246359	-0.327918	-0.408228	-0.475535	-0.526063	-0.560619	-0.581057	-0.588158	-0.581462	-0.559792	-0.524063	-0.478092	-0.425431	-0.368938	-0.311883	-0.256817	-0.205378	-0.159045	-0.11866	
0	-0.149731	-0.249298	-0.297563	-0.335495	-0.400463	-0.501239	-0.62857	-0.767696	-0.9006	-1.01103	-1.08912	-1.1308	-1.13699	-1.11122	-1.0582	-0.984808	-0.897347	-0.80027	-0.698598	-0.597233	-0.499506	-0.408378	-0.326287	-0.254461	
0	-0.159618	-0.297563	-0.413465	-0.519197	-0.626478	-0.751284	-0.907081	-1.0856	-1.26128	-1.4105	-1.51711	-1.57349	-1.58046	-1.54274	-1.46889	-1.36832	-1.24761	-1.11434	-0.977041	-0.841502	-0.712202	-0.593533	-0.48771	-0.396134	
0	-0.158503	-0.335495	-0.519197	-0.682542	-0.826923	-0.983896	-1.16801	-1.36159	-1.54317	-1.69654	-1.80719	-1.86848	-1.87821	-1.83808	-1.75605	-1.63989	-1.49934	-1.34697	-1.19203	-1.04061	-0.899104	-0.771501	-0.659095	-0.563579	
0	-0.184234	-0.400463	-0.626478	-0.826923	-1.00846	-1.19221	-1.37622	-1.5555	-1.72676	-1.87129	-1.97238	-2.02339	-2.02022	-1.96893	-1.87863	-1.75857	-1.62217	-1.47928	-1.33607	-1.19905	-1.07391	-0.96167	-0.863934	-0.781331	
0	-0.246359	-0.501239	-0.751284	-0.983896	-1.19221	-1.3639	-1.50946	-1.65841	-1.80521	-1.92337	-2.00174	-2.03018	-2.00893	-1.9496	-1.86008	-1.7535	-1.63959	-1.52441	-1.41395	-1.31344	-1.22364	-1.14386	-1.07548	-1.01674	
0	-0.327918	-0.62857	-0.907081	-1.16801	-1.37622	-1.50946	-1.60566	-1.69506	-1.77054	-1.83472	-1.87986	-1.88835	-1.86521	-1.8131	-1.74131	-1.6627	-1.58294	-1.51038	-1.44669	-1.39262	-1.34424	-1.30229	-1.265	-1.23217	
0	-0.408228	-0.767696	-1.0856	-1.36159	-1.5555	-1.65841	-1.69506	-1.68136	-1.65603	-1.64877	-1.63947	-1.62349	-1.60038	-1.56541	-1.53278	-1.50273	-1.48193	-1.46821	-1.45774	-1.44805	-1.43631	-1.42346	-1.40852	-1.39339	
0	-0.475535	-0.9006	-1.26128	-1.54317	-1.72676	-1.80521	-1.77054	-1.65603	-1.53373	-1.424	-1.33501	-1.2841	-1.25431	-1.25096	-1.26963	-1.30055	-1.34254	-1.37896	-1.41239	-1.43427	-1.44864	-1.45368	-1.45446	-1.44844	
0	-0.526063	-1.01103	-1.4105	-1.69654	-1.87129	-1.92337	-1.83472	-1.64877	-1.424	-1.20441	-1.04726	-0.954847	-0.919295	-0.942747	-0.993896	-1.0688	-1.14244	-1.2095	-1.26471	-1.30433	-1.33409	-1.35423	-1.3667	-1.37364	
0	-0.560619	-1.08912	-1.51711	-1.80719	-1.97238	-2.00174	-1.87986	-1.63947	-1.33501	-1.04726	-0.832875	-0.699104	-0.661444	-0.687878	-0.752142	-0.834133	-0.905047	-0.971678	-1.01994	-1.06623	-1.10206	-1.13598	-1.16035	-1.18752	
0	-0.581057	-1.1308	-1.57349	-1.86848	-2.02339	-2.03018	-1.88835	-1.62349	-1.2841	-0.954847	-0.699104	-0.552182	-0.508678	-0.52311	-0.571918	-0.616348	-0.659026	-0.69805	-0.740386	-0.785891	-0.82839	-0.870814	-0.910424	-0.945604	
0	-0.588158	-1.13699	-1.58046	-1.87821	-2.02022	-2.00893	-1.86521	-1.60038	-1.25431	-0.919295	-0.661444	-0.508678	-0.443635	-0.426971	-0.426706	-0.42868	-0.445368	-0.472481	-0.513573	-0.551234	-0.595547	-0.634198	-0.673172	-0.701745	
0	-0.581462	-1.11122	-1.54274	-1.83808	-1.96893	-1.9496	-1.8131	-1.56541	-1.25096	-0.942747	-0.687878	-0.52311	-0.426971	-0.362971	-0.320876	-0.301235	-0.310208	-0.334336	-0.361703	-0.389276	-0.41837	-0.442847	-0.465616	-0.486355	
0	-0.559792	-1.0582	-1.46889	-1.75605	-1.87863	-1.86008	-1.74131	-1.53278	-1.26963	-0.993896	-0.752142	-0.571918	-0.426706	-0.320876	-0.255879	-0.236332	-0.248944	-0.260247	-0.270302	-0.277811	-0.290173	-0.298515	-0.310625	-0.321034	
0	-0.524063	-0.984808	-1.36832	-1.63989	-1.75857	-1.7535	-1.6627	-1.50273	-1.30055	-1.0688	-0.834133	-0.616348	-0.42868	-0.301235	-0.236332	-0.228191	-0.223002	-0.210399	-0.199489	-0.20279	-0.207136	-0.209839	-0.218407	-0.227669	
0	-0.478092	-0.897347	-1.24761	-1.49934	-1.62217	-1.63959	-1.58294	-1.48193	-1.34254	-1.14244	-0.905047	-0.659026	-0.445368	-0.310208	-0.248944	-0.223002	-0.188551	-0.166577	-0.16538	-0.175405	-0.169573	-0.175644	-0.180626	-0.183204	
0	-0.425431	-0.80027	-1.11434	-1.34697	-1.47928	-1.52441	-1.51038	-1.46821	-1.37896	-1.2095	-0.971678	-0.69805	-0.472481	-0.334336	-0.260247	-0.210399	-0.166577	-0.1599	-0.166407	-0.162585	-0.152248	-0.158506	-0.153675	-0.148108	
0	-0.368938	-0.698598	-0.977041	-1.19203	-1.33607	-1.41395	-1.44669	-1.45774	-1.41239	-1.26471	-1.01994	-0.740386	-0.513573	-0.361703	-0.270302	-0.199489	-0.16538	-0.166407	-0.16146	-0.143368	-0.137755	-0.141909	-0.131575	-0.131386	
0	-0.311883	-0.597233	-0.841502	-1.04061	-1.19905	-1.31344	-1.39262	-1.44805	-1.43427	-1.30433	-1.06623	-0.785891	-0.551234	-0.389276	-0.277811	-0.20279	-0.175405	-0.162585	-0.143368	-0.126621	-0.139453	-0.133954	-0.129363	-0.132828	
0	-0.256817	-0.499506	-0.712202	-0.899104	-1.07391	-1.22364	-1.34424	-1.43631	-1.44864	-1.33409	-1.10206	-0.82839	-0.595547	-0.41837	-0.290173	-0.207136	-0.169573	-0.152248	-0.137755	-0.139453	-0.142385	-0.129855	-0.128399	-0.131049	
0	-0.205378	-0.408378	-0.593533	-0.771501	-0.96167	-1.14386	-1.30229	-1.42346	-1.45368	-1.35423	-1.13598	-0.870814	-0.634198	-0.442847	-0.298515	-0.209839	-0.175644	-0.158506	-0.141909	-0.133954	-0.129855	-0.121829	-0.122526	-0.120768	
0	-0.159045	-0.326287	-0.48771	-0.659095	-0.863934	-1.07548	-1.265	-1.40852	-1.45446	-1.3667	-1.16035	-0.910424	-0.673172	-0.465616	-0.310625	-0.218407	-0.180626	-0.153675	-0.131575	-0.129363	-0.128399	-0.122526	-0.12259	-0.123362	
0	-0.11866	-0.254461	-0.396134	-0.563579	-0.781331	-1.01674	-1.23217	-1.39339	-1.44844	-1.37364	-1.18752	-0.945604	-0.701745	-0.486355	-0.321034	-0.227669	-0.183204	-0.148108	-0.131386	-0.132828	-0.131049	-0.120768	-0.123362	-0.120776	
0	-0.0846252	-0.193953	-0.319859	-0.484612	-0.712684	-0.968116	-1.20439	-1.37752	-1.44153	-1.37954	-1.20486	-0.973559	-0.731879	-0.503835	-0.33232	-0.233243	-0.182012	-0.15113	-0.136569	-0.134247	-0.120595	-0.116033	-0.118475	-0.11409	
0	-0.0572758	-0.145162	-0.258604	-0.421778	-0.658576	-0.929386	-1.18057	-1.36302	-1.43415	-1.38181	-1.22085	-0.997725	-0.751753	-0.518381	-0.341963	-0.242206	-0.188987	-0.148724	-0.128179	-0.124997	-0.12355	-0.119696	-0.121616	-0.117304	
0	-0.0365426	-0.108103	-0.212468	-0.374855	-0.617744	-0.899574	-1.16243	-1.35153	-1.42657	-1.38221	-1.23271	-1.01699	-0.769256	-0.529434	-0.350404	-0.245155	-0.185535	-0.147464	-0.134617	-0.135257	-0.121127	-0.116325	-0.117469	-0.11297	
0	-0.022406	-0.082823	-0.181027	-0.342808	-0.589977	-0.879643	-1.14953	-1.3419	-1.4215	-1.38474	-1.24026	-1.02637	-0.77999	-0.538639	-0.35624	-0.251125	-0.189577	-0.148603	-0.131676	-0.126458	-0.118519	-0.116491	-0.118662	-0.112582	
0	-0.0147749	-0.0690742	-0.163889	-0.32553	-0.575166	-0.868598	-1.14212	-1.33738	-1.4185	-1.3829	-1.24444	-1.03655	-0.78651	-0.541752	-0.359328	-0.25108	-0.18993	-0.148144	-0.131772	-0.128605	-0.119647	-0.117986	-0.11795	-0.113563	
0	-0.013513	-0.0668193	-0.161116	-0.322626	-0.572407	-0.866705	-1.14137	-1.33641	-1.41757	-1.38435	-1.24544	-1.03476	-0.78727	-0.54381	-0.360456	-0.252791	-0.187863	-0.146744	-0.13419	-0.132799	-0.119068	-0.115195	-0.116916	-0.110955	
0	-0.0186893	-0.0760152	-0.172308	-0.333924	-0.582698	-0.874474	-1.14559	-1.33926	-1.42032	-1.38391	-1.24231	-1.03173	-0.782919	-0.540403	-0.357395	-0.251141	-0.191833	-0.148631	-0.129995	-0.123419	-0.119065	-0.118511	-0.119224	-0.114337	
0	-0.0302057	-0.0966932	-0.198086	-0.359982	-0.604835	-0.890597	-1.15707	-1.34757	-1.42395	-1.3826	-1.23632	-1.02224	-0.774044	-0.533292	-0.353201	-0.24644	-0.186335	-0.14763	-0.135676	-0.135624	-0.119438	-0.115731	-0.116821	-0.111569	
0	-0.0482825	-0.129002	-0.238171	-0.400776	-0.640732	-0.916902	-1.17245	-1.35726	-1.43154	-1.38331	-1.22557	-1.00458	-0.759234	-0.524478	-0.345816	-0.244611	-0.188499	-0.146972	-0.129141	-0.126713	-0.122818	-0.118487	-0.120867	-0.115998	
0	-0.0728565	-0.173037	-0.293479	-0.457226	-0.689032	-0.951738	-1.19502	-1.37174	-1.43773	-1.37958	-1.21265	-0.985819	-0.739533	-0.509063	-0.336024	-0.235286	-0.186463	-0.150709	-0.133665	-0.131297	-0.121612	-0.118297	-0.119148	-0.115829	
0	-0.104096	-0.228735	-0.363695	-0.529817	-0.752056	-0.996378	-1.22059	-1.3866	-1.44629	-1.37707	-1.19389	-0.956463	-0.715109	-0.494473	-0.326616	-0.229582	-0.181311	-0.149305	-0.134383	-0.134455	-0.124899	-0.117758	-0.121041	-0.116304	
0	-0.141846	-0.295965	-0.449188	-0.618803	-0.829	-1.05087	-1.25173	-1.40256	-1.45202	-1.36993	-1.17203	-0.925256	-0.685113	-0.473522	-0.314641	-0.223354	-0.182211	-0.150323	-0.128457	-0.130754	-0.132709	-0.1229	-0.12417	-0.124916	
0	-0.185791	-0.37396	-0.549379	-0.724555	-0.920696	-1.11534	-1.28734	-1.41757	-1.45376	-1.36028	-1.14732	-0.886508	-0.649712	-0.452769	-0.302338	-0.21271	-0.178634	-0.15848	-0.140597	-0.129218	-0.12634	-0.120323	-0.120979	-0.119298	
0	-0.235341	-0.461547	-0.6629	-0.846381	-1.02755	-1.18992	-1.32652	-1.43264	-1.45202	-1.34137	-1.11549	-0.846897	-0.612196	-0.428699	-0.2936	-0.207115	-0.170195	-0.152556	-0.139362	-0.140324	-0.138776	-0.127767	-0.126325	-0.127395	
0	-0.289265	-0.556977	-0.787915	-0.981923	-1.14784	-1.27689	-1.37177	-1.44247	-1.44188	-1.3188	-1.0811	-0.801563	-0.56792	-0.401646	-0.283074	-0.205856	-0.174361	-0.157136	-0.139249	-0.12961	-0.139749	-0.130327	-0.128158	-0.130915	
0	-0.345735	-0.657098	-0.92122	-1.12938	-1.27936	-1.37265	-1.42455	-1.45359	-1.42169	-1.28183	-1.0393	-0.759617	-0.52884	-0.371505	-0.271878	-0.198467	-0.170043	-0.165649	-0.152262	-0.133123	-0.136564	-0.136238	-0.126604	-0.128876	
0	-0.40264	-0.758587	-1.05749	-1.28271	-1.42004	-1.47866	-1.48355	-1.46324	-1.39265	-1.23366	-0.992482	-0.713323	-0.488018	-0.345817	-0.263483	-0.203091	-0.161182	-0.160303	-0.163993	-0.149897	-0.137776	-0.143123	-0.133407	-0.127112	
0	-0.456733	-0.857235	-1.19201	-1.4354	-1.56189	-1.591	-1.5521	-1.47579	-1.35716	-1.16886	-0.932183	-0.674656	-0.453402	-0.31703	-0.251618	-0.214151	-0.171318	-0.1506	-0.152584	-0.157948	-0.1467	-0.149706	-0.147669	-0.143043	
0	-0.505233	-0.948083	-1.31727	-1.58027	-1.69987	-1.70381	-1.62705	-1.49144	-1.31672	-1.0991	-0.86181	-0.62967	-0.429126	-0.296164	-0.231157	-0.215874	-0.19393	-0.169554	-0.153809	-0.152365	-0.145336	-0.142716	-0.143223	-0.144095	
0	-0.545586	-1.02776	-1.42615	-1.70592	-1.82554	-1.81189	-1.70492	-1.5159	-1.27687	-1.01894	-0.781343	-0.584686	-0.415196	-0.292958	-0.219415	-0.197622	-0.197195	-0.186483	-0.174841	-0.166323	-0.160802	-0.150542	-0.147012	-0.143375	
0	-0.574194	-1.09154	-1.51335	-1.80295	-1.9275	-1.90665	-1.77704	-1.54433	-1.24931	-0.951451	-0.696481	-0.52128	-0.398808	-0.304221	-0.235147	-0.19523	-0.18688	-0.186263	-0.182569	-0.176375	-0.173553	-0.167818	-0.161516	-0.157333	
0	-0.588414	-1.13189	-1.57026	-1.86331	-1.99541	-1.97664	-1.83388	-1.57253	-1.23221	-0.900443	-0.634304	-0.461894	-0.366125	-0.30823	-0.260755	-0.218695	-0.194401	-0.182161	-0.181608	-0.177849	-0.178038	-0.175324	-0.175082	-0.16973	
0	-0.588029	-1.14112	-1.58538	-1.87724	-2.01892	-2.00996	-1.86028	-1.58762	-1.23227	-0.879952	-0.597606	-0.420209	-0.333445	-0.294678	-0.277684	-0.250671	-0.227083	-0.202721	-0.188016	-0.178226	-0.173839	-0.17099	-0.171562	-0.17079	
0	-0.576181	-1.11527	-1.54982	-1.8369	-1.98667	-1.9924	-1.84621	-1.57569	-1.22996	-0.890912	-0.613423	-0.417749	-0.318299	-0.275188	-0.266739	-0.264312	-0.252988	-0.240686	-0.220987	-0.20732	-0.19076	-0.182406	-0.172816	-0.170539	
0	-0.56012	-1.05602	-1.46087	-1.73932	-1.89239	-1.90954	-1.77578	-1.52986	-1.22224	-0.9121	-0.661937	-0.471801	-0.348058	-0.28598	-0.256983	-0.255797	-0.254222	-0.253889	-0.245683	-0.237898	-0.226389	-0.21564	-0.203835	-0.196256	
