-0.780815	-0.583572	-0.408173	-0.270782	-0.179084	-0.124275	-0.0932859	-0.080327	-0.072191	-0.0710508	-0.070009	-0.069022	-0.0710879	-0.0690222	-0.0697746	-0.0708433	-0.067554	-0.070499	-0.0713172	-0.0694298	-0.0767394	-0.079219	-0.0808991	-0.08726	-0.0923531	
-0.706097	-0.513634	-0.350946	-0.231579	-0.154162	-0.109966	-0.0860703	-0.0756388	-0.0697789	-0.0689168	-0.0670988	-0.0676233	-0.0678947	-0.0671178	-0.0698078	-0.0694089	-0.0710744	-0.0755717	-0.0749065	-0.0790955	-0.0836573	-0.0821898	-0.0833471	-0.0865301	-0.0833776	
-0.630248	-0.446578	-0.300019	-0.196751	-0.134616	-0.0981046	-0.0816027	-0.0725762	-0.0699648	-0.0687307	-0.0688485	-0.0697406	-0.0704772	-0.0720249	-0.0737652	-0.0747283	-0.0777016	-0.0785566	-0.0795903	-0.0823767	-0.0818511	-0.0804174	-0.0841949	-0.0850232	-0.0862894	
-0.557431	-0.385296	-0.258387	-0.170753	-0.122107	-0.0938223	-0.0814298	-0.0762363	-0.0731693	-0.0748562	-0.0730985	-0.0763381	-0.0753047	-0.0780622	-0.0775797	-0.0799971	-0.0788283	-0.0810311	-0.079516	-0.0813572	-0.0798918	-0.0836947	-0.0874537	-0.0908829	-0.0981997	
-0.483471	-0.330817	-0.220701	-0.153055	-0.112592	-0.0938236	-0.0835408	-0.0801002	-0.0782744	-0.078161	-0.0773375	-0.0783781	-0.0770616	-0.0778007	-0.0775378	-0.0766911	-0.0777154	-0.0782059	-0.0786181	-0.0833827	-0.0854054	-0.0929425	-0.095291	-0.10091	-0.100168	
-0.404228	-0.27282	-0.180699	-0.129158	-0.0979134	-0.0848069	-0.0777818	-0.0744166	-0.0748879	-0.0721452	-0.0748698	-0.072535	-0.075015	-0.0748303	-0.077067	-0.0780717	-0.0833202	-0.0836	-0.0912412	-0.0930496	-0.0971439	-0.0982225	-0.0978736	-0.0965756	-0.094383	
-0.34177	-0.228179	-0.15618	-0.114254	-0.0932	-0.0828663	-0.0786971	-0.077653	-0.0774629	-0.078388	-0.0800431	-0.0809258	-0.0840496	-0.085554	-0.0881817	-0.0914121	-0.0926241	-0.0944329	-0.0962079	-0.0932888	-0.0942603	-0.0914195	-0.0936997	-0.0950485	-0.105139	
-0.291835	-0.198991	-0.14485	-0.113026	-0.0991887	-0.0914626	-0.0891545	-0.0886242	-0.0878353	-0.0897554	-0.0886663	-0.0910288	-0.0902949	-0.0914406	-0.0910875	-0.0913501	-0.089503	-0.090736	-0.0882071	-0.0903283	-0.092275	-0.0973679	-0.104097	-0.112163	-0.121486	
-0.23742	-0.166523	-0.126055	-0.10477	-0.0950593	-0.0902027	-0.0890008	-0.0875897	-0.0879733	-0.0872954	-0.0873389	-0.0873758	-0.0867447	-0.0872291	-0.0870799	-0.0875718	-0.089235	-0.0913795	-0.094679	-0.100572	-0.105514	-0.112825	-0.116894	-0.12244	-0.122229	
-0.193282	-0.140105	-0.110451	-0.0965283	-0.0894875	-0.0871122	-0.0859837	-0.085585	-0.0861333	-0.0856904	-0.0871289	-0.0869331	-0.0888667	-0.0899555	-0.0924083	-0.0952569	-0.099173	-0.103037	-0.1085	-0.112318	-0.116877	-0.118926	-0.120253	-0.120674	-0.118437	
-0.167082	-0.127637	-0.106771	-0.0971144	-0.0923301	-0.0911008	-0.0901558	-0.0909942	-0.0911856	-0.0927272	-0.0940182	-0.0959857	-0.0986441	-0.10119	-0.104811	-0.108162	-0.111596	-0.114923	-0.117085	-0.118402	-0.118888	-0.117494	-0.117961	-0.117507	-0.121819	
-0.156625	-0.128844	-0.114884	-0.108174	-0.105355	-0.104309	-0.104207	-0.10491	-0.105625	-0.107353	-0.108518	-0.110813	-0.112292	-0.114313	-0.115701	-0.116531	-0.116882	-0.116335	-0.115041	-0.114287	-0.113217	-0.115095	-0.11971	-0.127934	-0.142683	
-0.145075	-0.127815	-0.119778	-0.116062	-0.114808	-0.114058	-0.114197	-0.113991	-0.114319	-0.114189	-0.114192	-0.113911	-0.113205	-0.112523	-0.111204	-0.110144	-0.109269	-0.108992	-0.1106	-0.114064	-0.120497	-0.130848	-0.143052	-0.158148	-0.172203	
-0.124153	-0.113753	-0.10931	-0.10755	-0.106963	-0.106652	-0.106525	-0.106164	-0.105969	-0.105411	-0.105222	-0.104785	-0.104968	-0.105462	-0.106853	-0.10954	-0.113595	-0.119709	-0.127898	-0.137713	-0.149469	-0.160998	-0.171325	-0.179109	-0.181233	
-0.119384	-0.111493	-0.107742	-0.106081	-0.105305	-0.105185	-0.105277	-0.105838	-0.106625	-0.107955	-0.109794	-0.11231	-0.115764	-0.120063	-0.125619	-0.132188	-0.139801	-0.148296	-0.156852	-0.165128	-0.172035	-0.176291	-0.178044	-0.176345	-0.172597	
-0.137521	-0.131139	-0.127597	-0.125683	-0.124728	-0.124589	-0.125049	-0.126235	-0.127977	-0.130502	-0.133603	-0.137507	-0.141991	-0.147105	-0.152661	-0.158345	-0.163953	-0.168888	-0.172667	-0.174948	-0.175052	-0.173415	-0.170615	-0.167855	-0.168288	
-0.160164	-0.155854	-0.15323	-0.15163	-0.15081	-0.15063	-0.151095	-0.152128	-0.153742	-0.155857	-0.158404	-0.161301	-0.164332	-0.167379	-0.170089	-0.172227	-0.17346	-0.173458	-0.17221	-0.169762	-0.166742	-0.16452	-0.164707	-0.170103	-0.183677	
-0.173196	-0.17158	-0.17061	-0.169985	-0.169651	-0.169558	-0.169734	-0.170106	-0.170668	-0.171277	-0.171867	-0.172236	-0.172251	-0.171716	-0.170478	-0.168501	-0.165829	-0.16283	-0.160194	-0.158981	-0.160887	-0.167833	-0.182056	-0.205854	-0.24065	
-0.164462	-0.165213	-0.16595	-0.166498	-0.166812	-0.166886	-0.166713	-0.166278	-0.165554	-0.1645	-0.163095	-0.161321	-0.159246	-0.156992	-0.154865	-0.153332	-0.153108	-0.155205	-0.160849	-0.171514	-0.188724	-0.213789	-0.247729	-0.29074	-0.342058	
-0.14733	-0.147403	-0.147723	-0.148059	-0.148282	-0.148344	-0.148221	-0.147944	-0.147564	-0.147201	-0.147016	-0.147275	-0.148334	-0.150677	-0.154934	-0.161859	-0.172338	-0.187303	-0.207662	-0.234198	-0.26737	-0.307239	-0.353308	-0.404369	-0.458582	
-0.160841	-0.157107	-0.154575	-0.152974	-0.152137	-0.151975	-0.152472	-0.153682	-0.155729	-0.158814	-0.16321	-0.16928	-0.177454	-0.188239	-0.202184	-0.219852	-0.241773	-0.268372	-0.299914	-0.336406	-0.377521	-0.422535	-0.470198	-0.518688	-0.565517	
-0.221385	-0.213503	-0.207756	-0.203925	-0.201863	-0.201495	-0.20281	-0.205863	-0.210777	-0.217732	-0.226966	-0.238762	-0.253434	-0.271302	-0.292667	-0.317769	-0.34674	-0.379549	-0.415932	-0.455309	-0.496707	-0.538648	-0.579069	-0.615285	-0.643996	
-0.320991	-0.309985	-0.301767	-0.296207	-0.293212	-0.292729	-0.294752	-0.299316	-0.306501	-0.316416	-0.329193	-0.34497	-0.363865	-0.385948	-0.411202	-0.439475	-0.470424	-0.503449	-0.537622	-0.571622	-0.603686	-0.631587	-0.652697	-0.664104	-0.66284	
-0.448571	-0.436352	-0.427035	-0.420641	-0.417171	-0.416623	-0.418993	-0.424281	-0.432482	-0.443579	-0.457522	-0.474212	-0.493465	-0.514984	-0.538312	-0.562797	-0.587542	-0.611378	-0.632841	-0.650185	-0.661426	-0.664434	-0.657074	-0.637365	-0.603645	
-0.573514	-0.563715	-0.556006	-0.550592	-0.547604	-0.547107	-0.54911	-0.553567	-0.56037	-0.569342	-0.580224	-0.592655	-0.606153	-0.620089	-0.633678	-0.645956	-0.655782	-0.661852	-0.662727	-0.656885	-0.642788	-0.618957	-0.584046	-0.536893	-0.476548	
-0.649649	-0.645579	-0.642089	-0.639494	-0.638003	-0.63773	-0.638694	-0.64082	-0.643939	-0.64778	-0.651968	-0.656017	-0.659323	-0.661163	-0.660694	-0.656964	-0.648921	-0.635442	-0.615353	-0.587468	-0.550617	-0.503684	-0.445645	-0.375619	-0.292963	
-0.652716	-0.655362	-0.656967	-0.657861	-0.65827	-0.658317	-0.658025	-0.657313	-0.655999	-0.653799	-0.650323	-0.64508	-0.637477	-0.626821	-0.612329	-0.593133	-0.568297	-0.536838	-0.497746	-0.450027	-0.39275	-0.325124	-0.246595	-0.156982	-0.0566387	
-0.581391	-0.590714	-0.59742	-0.601831	-0.604169	-0.604555	-0.60301	-0.599455	-0.593708	-0.585489	-0.574418	-0.560021	-0.541733	-0.518906	-0.490827	-0.456733	-0.41584	-0.367384	-0.310674	-0.245164	-0.170538	-0.0868102	0.00556162	0.105585	0.211669	
-0.431675	-0.447631	-0.459437	-0.467378	-0.471653	-0.472371	-0.469552	-0.463122	-0.452915	-0.43868	-0.420086	-0.396731	-0.368159	-0.333879	-0.293396	-0.246244	-0.192033	-0.130504	-0.0615929	0.014507	0.0972822	0.185851	0.278945	0.374924	0.471842	
-0.204936	-0.226089	-0.241992	-0.252816	-0.258685	-0.259669	-0.25578	-0.246969	-0.233132	-0.214115	-0.189727	-0.159759	-0.124001	-0.0822757	-0.0344673	0.0194416	0.079331	0.144907	0.215668	0.290886	0.369598	0.450623	0.532591	0.613994	0.693234	
0.0695066	0.0464502	0.0289084	0.0168655	0.0103025	0.00920641	0.013575	0.023418	0.0387536	0.0596005	0.0859663	0.117832	0.155134	0.197744	0.245446	0.297918	0.354716	0.41526	0.478828	0.544562	0.611472	0.67844	0.744231	0.807476	0.866644	
0.34705	0.325304	0.308622	0.2971	0.290798	0.289747	0.293953	0.303394	0.318024	0.33776	0.362483	0.392022	0.426149	0.464566	0.506895	0.552668	0.60132	0.65218	0.70446	0.757247	0.809483	0.859945	0.907212	0.949635	0.985312	
0.597792	0.579072	0.564623	0.554598	0.5491	0.548183	0.551856	0.560082	0.57278	0.589815	0.611002	0.636091	0.664769	0.696642	0.731233	0.767963	0.806143	0.844954	0.883429	0.920433	0.954646	0.984549	1.00843	1.02441	1.03051	
0.808344	0.793729	0.782339	0.774384	0.770002	0.76927	0.772199	0.77874	0.788778	0.802134	0.818555	0.83771	0.85918	0.882447	0.906886	0.931746	0.956144	0.97905	0.999285	1.01552	1.02631	1.0301	1.02534	1.01053	0.984409	
0.960748	0.951875	0.944776	0.939728	0.936918	0.936447	0.938331	0.942503	0.948811	0.957016	0.966784	0.977686	0.989187	1.00064	1.0113	1.02029	1.02662	1.02923	1.02697	1.01866	1.00316	0.979419	0.946602	0.904183	0.852061	
1.0267	1.02525	1.02376	1.02255	1.02182	1.02169	1.02219	1.02324	1.02465	1.02616	1.0274	1.0279	1.02709	1.02432	1.01888	1.00998	0.996809	0.978545	0.95443	0.923806	0.886188	0.841336	0.789324	0.730603	0.666038	
0.987291	0.99344	0.997787	1.00061	1.00208	1.00233	1.00135	0.999096	0.995393	0.990006	0.98262	0.97285	0.960258	0.944365	0.924681	0.900728	0.872076	0.838385	0.799443	0.755221	0.705905	0.651937	0.594035	0.53319	0.470642	
0.853292	0.865018	0.873752	0.879652	0.882834	0.883363	0.881251	0.876454	0.868874	0.85837	0.844761	0.827843	0.807404	0.783247	0.755209	0.723192	0.68719	0.647312	0.603816	0.557118	0.507809	0.456649	0.40455	0.35254	0.301711	
0.663802	0.677771	0.688376	0.695643	0.699598	0.700258	0.697624	0.691687	0.682423	0.669804	0.653806	0.634417	0.611654	0.585579	0.556311	0.524047	0.489069	0.45176	0.412606	0.372191	0.331188	0.290333	0.250398	0.212148	0.176298	
0.466591	0.479687	0.489748	0.496704	0.500511	0.501147	0.498607	0.492907	0.484081	0.472189	0.457319	0.439593	0.419177	0.396288	0.371197	0.344234	0.315789	0.286311	0.256296	0.226274	0.196792	0.168389	0.14157	0.116779	0.0943716	
0.29785	0.30821	0.316242	0.321833	0.324906	0.32542	0.323367	0.318775	0.311707	0.30226	0.290573	0.276819	0.261215	0.244015	0.225516	0.206045	0.185961	0.165642	0.145474	0.125836	0.107088	0.0895485	0.0734845	0.0590957	0.046506	
0.173614	0.180767	0.186355	0.190267	0.192424	0.192785	0.191341	0.188123	0.183193	0.176649	0.168624	0.159282	0.148816	0.137448	0.125417	0.11298	0.100399	0.0879361	0.0758408	0.0643413	0.0536351	0.04388	0.035188	0.0276222	0.0211956	
0.0929001	0.0972973	0.100756	0.103188	0.104534	0.104759	0.103858	0.101853	0.0987945	0.0947597	0.0898498	0.0841884	0.077917	0.0711914	0.0641763	0.0570393	0.0499454	0.0430498	0.0364924	0.0303916	0.0248404	0.019903	0.0156136	0.0119772	0.0089719	
0.045862	0.0483023	0.0502333	0.0515976	0.0523544	0.052481	0.0519737	0.0508475	0.0491364	0.046891	0.044178	0.0410764	0.0376754	0.0340705	0.0303596	0.0266391	0.0229998	0.0195233	0.0162786	0.0133196	0.0106837	0.00839118	0.0064459	0.00483681	0.00354066	
0.0209833	0.0222184	0.0232012	0.0238983	0.024286	0.0243509	0.0240907	0.0235145	0.0226419	0.0215028	0.0201351	0.018584	0.016899	0.0151321	0.0133354	0.0115582	0.00984553	0.00823573	0.00675925	0.0054377	0.00428363	0.00330076	0.002485	0.00182566	0.00130723	
0.00893446	0.00950901	0.00996854	0.0102958	0.0104781	0.0105087	0.0103862	0.0101154	0.00970664	0.00917548	0.00854164	0.00782806	0.00705966	0.00626203	0.00546009	0.00467692	0.00393264	0.00324364	0.00262199	0.00207529	0.00160674	0.00121554	0.000897573	0.000646155	0.000452942	
0.00355322	0.00380042	0.0039991	0.00414108	0.00422039	0.00423367	0.00418036	0.00406271	0.0038857	0.00365667	0.00338491	0.0030811	0.00275663	0.00242301	0.00209119	0.001771	0.00147071	0.0011967	0.000953302	0.000742792	0.000565558	0.000420353	0.000304655	0.000215064	0.000147701	
0.00132351	0.00142233	0.00150211	0.00155932	0.00159134	0.0015967	0.00157516	0.0015277	0.00145651	0.00136477	0.00125651	0.00113626	0.00100885	0.000879013	0.000751192	0.000629251	0.000516316	0.000414666	0.000325699	0.000249969	0.000187284	0.000136843	9.74087e-05	6.74764e-05	4.54353e-05	
0.000460165	0.000496743	0.000526403	0.000547735	0.000559699	0.000561703	0.000553648	0.000535933	0.000509427	0.000475406	0.000435453	0.000391352	0.000344958	0.000298081	0.000252368	0.000209219	0.000169724	0.000134629	0.000104336	7.89333e-05	5.82388e-05	4.18669e-05	2.92949e-05	1.99304e-05	1.31695e-05	
0.000139156	0.000150781	0.00016024	0.000167061	0.000170892	0.000171535	0.000168953	0.000163284	0.000154821	0.000143991	0.000131326	0.000117415	0.000102869	8.8272e-05	7.41492e-05	6.09357e-05	4.89581e-05	3.84279e-05	2.94436e-05	2.20033e-05	1.60228e-05	1.13588e-05	7.8313e-06	5.24557e-06	3.40995e-06	
