0.255805	0.316844	0.371425	0.413962	0.441257	0.444158	0.416754	0.359386	0.276125	0.173568	0.0844273	0.0246825	0.0124014	0.0571436	0.15022	0.265598	0.389988	0.499652	0.582259	0.63026	0.640775	0.612704	0.547612	0.457521	0.366937	
0.0812307	0.146011	0.21033	0.26442	0.306883	0.327235	0.319979	0.286182	0.229252	0.158651	0.0988843	0.060886	0.0581547	0.105188	0.195517	0.313309	0.444359	0.559306	0.6395	0.675259	0.671162	0.631055	0.558295	0.458552	0.354021	
-0.0564468	0.00500592	0.0653699	0.11944	0.162691	0.188251	0.193715	0.182596	0.153334	0.112208	0.076414	0.0548842	0.0649408	0.125722	0.231223	0.368129	0.514495	0.637731	0.716476	0.748825	0.740025	0.69656	0.617532	0.510088	0.394396	
-0.165882	-0.115593	-0.0656989	-0.0219962	0.0165306	0.0449449	0.0615368	0.0644944	0.0495165	0.022767	0.000561936	-0.0063247	0.0244556	0.109579	0.24086	0.401848	0.569182	0.707309	0.799871	0.84336	0.842688	0.80217	0.72286	0.612713	0.485457	
-0.247861	-0.214035	-0.177873	-0.139426	-0.103338	-0.0745403	-0.0587599	-0.0551857	-0.0714347	-0.0937233	-0.109439	-0.101782	-0.0530638	0.0539515	0.204438	0.389537	0.580345	0.745544	0.864099	0.931763	0.948832	0.920917	0.848861	0.737099	0.593078	
-0.316809	-0.296936	-0.269181	-0.239158	-0.211491	-0.191436	-0.182334	-0.187425	-0.207997	-0.23077	-0.242437	-0.230907	-0.174449	-0.0607926	0.101681	0.305728	0.523583	0.721621	0.877142	0.981993	1.03159	1.02935	0.971306	0.859807	0.704463	
-0.354428	-0.351846	-0.343222	-0.329206	-0.317138	-0.309741	-0.312514	-0.323638	-0.348391	-0.371594	-0.388381	-0.381092	-0.330425	-0.220494	-0.0573768	0.158822	0.399105	0.631558	0.831548	0.983533	1.07551	1.10457	1.06533	0.964952	0.815057	
-0.354813	-0.374644	-0.38728	-0.395842	-0.405507	-0.415031	-0.42756	-0.447437	-0.477791	-0.507293	-0.532127	-0.536438	-0.499109	-0.404367	-0.251076	-0.0327785	0.222262	0.485989	0.727366	0.923493	1.05391	1.11495	1.10615	1.03601	0.915745	
-0.314482	-0.350185	-0.384333	-0.415525	-0.445133	-0.472357	-0.501714	-0.536077	-0.576258	-0.616444	-0.655248	-0.677302	-0.65885	-0.586192	-0.447084	-0.234461	0.0275626	0.307994	0.573739	0.795861	0.954218	1.05032	1.08403	1.06188	0.983009	
-0.245317	-0.289412	-0.33389	-0.377789	-0.425225	-0.470558	-0.517611	-0.569313	-0.628727	-0.689439	-0.751172	-0.79407	-0.797777	-0.744905	-0.620698	-0.417788	-0.16349	0.113666	0.382352	0.614755	0.797611	0.931383	1.01493	1.04407	1.0099	
-0.168809	-0.209719	-0.253518	-0.303026	-0.355294	-0.410696	-0.473599	-0.550134	-0.632878	-0.721342	-0.807555	-0.87403	-0.895871	-0.862165	-0.754127	-0.572061	-0.339222	-0.078003	0.185036	0.426284	0.632117	0.801131	0.926641	0.998612	1.00758	
-0.101159	-0.132389	-0.168805	-0.21053	-0.262298	-0.324282	-0.401505	-0.49395	-0.597079	-0.708137	-0.816262	-0.901698	-0.945847	-0.940024	-0.862004	-0.714224	-0.508975	-0.264771	-0.00243464	0.248452	0.473909	0.667458	0.820941	0.926656	0.971052	
-0.0530102	-0.073228	-0.0993961	-0.1386	-0.188411	-0.25107	-0.330385	-0.428791	-0.53736	-0.656687	-0.776538	-0.882856	-0.960905	-0.996212	-0.961822	-0.854088	-0.677694	-0.445391	-0.182103	0.0771162	0.316868	0.525244	0.698742	0.825472	0.89549	
-0.0267069	-0.0376027	-0.059584	-0.0937387	-0.137421	-0.195256	-0.268198	-0.355548	-0.453559	-0.572255	-0.701517	-0.831981	-0.946434	-1.02667	-1.03712	-0.972253	-0.826339	-0.611571	-0.355711	-0.0946243	0.151915	0.370925	0.552932	0.687602	0.765393	
-0.0312975	-0.0357414	-0.0497141	-0.074166	-0.106647	-0.148729	-0.204058	-0.274646	-0.365669	-0.483392	-0.620131	-0.766479	-0.909233	-1.02179	-1.07029	-1.04636	-0.93659	-0.751522	-0.514034	-0.262239	-0.0146966	0.204823	0.384639	0.514072	0.588053	
-0.0633647	-0.0627465	-0.0646469	-0.0717292	-0.0811284	-0.104138	-0.145117	-0.205887	-0.291173	-0.406453	-0.544243	-0.696196	-0.850869	-0.978277	-1.05453	-1.06472	-0.993602	-0.842177	-0.635101	-0.403254	-0.170816	0.0343239	0.200101	0.317308	0.389877	
-0.0930691	-0.0867417	-0.0784347	-0.0696563	-0.066697	-0.0775375	-0.10595	-0.154036	-0.23188	-0.339987	-0.470006	-0.617199	-0.770655	-0.903605	-0.99604	-1.03164	-0.990339	-0.87387	-0.704566	-0.507897	-0.309931	-0.134051	0.00784778	0.115553	0.191443	
-0.08406	-0.0818772	-0.0767045	-0.0704313	-0.065331	-0.0696145	-0.0885741	-0.124829	-0.189447	-0.278576	-0.392536	-0.527416	-0.674805	-0.805102	-0.907082	-0.958606	-0.942991	-0.862618	-0.736805	-0.586186	-0.431436	-0.293427	-0.176339	-0.0783994	0.00154792	
-0.059334	-0.0659514	-0.0704716	-0.0721994	-0.0764957	-0.0868285	-0.102966	-0.127889	-0.174913	-0.24167	-0.33351	-0.448817	-0.579681	-0.701514	-0.810368	-0.877405	-0.891798	-0.849344	-0.768795	-0.6579	-0.540899	-0.431952	-0.33586	-0.248502	-0.168316	
-0.0479924	-0.0573892	-0.069857	-0.08409	-0.101558	-0.118763	-0.135733	-0.159049	-0.194908	-0.241948	-0.307136	-0.39725	-0.503163	-0.616593	-0.730415	-0.818848	-0.864845	-0.86284	-0.817285	-0.732972	-0.635547	-0.540176	-0.455838	-0.375627	-0.297589	
-0.0489416	-0.0618739	-0.0785047	-0.096455	-0.117033	-0.139653	-0.162262	-0.186738	-0.215482	-0.247834	-0.296142	-0.366056	-0.454639	-0.56206	-0.682797	-0.789082	-0.863479	-0.893164	-0.871278	-0.802171	-0.711187	-0.617787	-0.532474	-0.450464	-0.369236	
-0.0498121	-0.0612135	-0.0745511	-0.0899988	-0.11152	-0.131511	-0.148853	-0.169809	-0.194058	-0.223907	-0.270394	-0.338645	-0.425507	-0.537662	-0.664014	-0.779622	-0.869389	-0.916236	-0.909008	-0.849818	-0.762977	-0.664869	-0.568194	-0.472483	-0.378433	
-0.0495467	-0.0556179	-0.0647773	-0.0765463	-0.085921	-0.0936377	-0.102428	-0.121128	-0.142567	-0.179888	-0.237524	-0.320351	-0.419221	-0.546023	-0.675616	-0.795775	-0.887753	-0.941034	-0.936577	-0.882494	-0.792955	-0.683056	-0.564377	-0.444116	-0.328238	
-0.0681984	-0.070298	-0.0699049	-0.0660214	-0.0620839	-0.0616301	-0.0674822	-0.0834177	-0.111316	-0.16039	-0.234652	-0.329715	-0.445571	-0.583379	-0.718882	-0.841894	-0.93587	-0.986122	-0.973976	-0.909907	-0.801611	-0.665296	-0.51455	-0.363534	-0.224076	
-0.0903813	-0.0854137	-0.0737126	-0.0614567	-0.0530724	-0.0477316	-0.0548529	-0.077364	-0.116162	-0.175926	-0.259888	-0.361261	-0.486602	-0.628962	-0.770237	-0.899535	-0.998943	-1.04436	-1.02024	-0.934106	-0.792842	-0.618281	-0.429803	-0.250373	-0.0899628	
-0.0826051	-0.0762918	-0.0675599	-0.0622343	-0.0554839	-0.0575617	-0.0728837	-0.101666	-0.14386	-0.210278	-0.295571	-0.397924	-0.524292	-0.665707	-0.806946	-0.939876	-1.04081	-1.08189	-1.04778	-0.940705	-0.766733	-0.553582	-0.328091	-0.122334	0.0587144	
-0.0458999	-0.0465226	-0.0513927	-0.0594067	-0.0713823	-0.0889621	-0.113641	-0.142857	-0.188364	-0.250389	-0.328786	-0.42413	-0.546652	-0.676004	-0.808833	-0.932393	-1.02514	-1.05711	-1.01922	-0.902304	-0.712989	-0.474314	-0.222095	0.0114501	0.214166	
-0.0209453	-0.0261325	-0.0420084	-0.0646699	-0.0943901	-0.126223	-0.163829	-0.201453	-0.247909	-0.300636	-0.366122	-0.447701	-0.550588	-0.655689	-0.769274	-0.873097	-0.948638	-0.971109	-0.935216	-0.822704	-0.637039	-0.394201	-0.128281	0.129626	0.359239	
-0.0294393	-0.0421316	-0.0640507	-0.0926035	-0.126668	-0.171698	-0.217937	-0.265295	-0.312993	-0.363836	-0.411779	-0.470725	-0.535743	-0.60681	-0.687773	-0.765802	-0.822581	-0.84268	-0.814599	-0.715534	-0.545648	-0.314737	-0.049456	0.220833	0.473757	
-0.063003	-0.088983	-0.115304	-0.143921	-0.180677	-0.224887	-0.26841	-0.317325	-0.365447	-0.40736	-0.437476	-0.471491	-0.496808	-0.528822	-0.570402	-0.61997	-0.660644	-0.685749	-0.671264	-0.593252	-0.447958	-0.238314	0.0104345	0.277479	0.53212	
-0.123417	-0.156083	-0.188322	-0.222935	-0.261498	-0.295816	-0.330425	-0.364201	-0.394256	-0.413156	-0.428156	-0.437167	-0.433139	-0.434535	-0.445098	-0.465898	-0.48962	-0.516853	-0.513742	-0.462384	-0.346698	-0.169172	0.0534041	0.301606	0.537384	
-0.194674	-0.231669	-0.271304	-0.311166	-0.344788	-0.368184	-0.384777	-0.391887	-0.392062	-0.381641	-0.372306	-0.353131	-0.332666	-0.317954	-0.310935	-0.307261	-0.31671	-0.334166	-0.334851	-0.306216	-0.226424	-0.0942024	0.0901288	0.302044	0.50729	
-0.264295	-0.303397	-0.339176	-0.368635	-0.386953	-0.393957	-0.389914	-0.373907	-0.343658	-0.304327	-0.26564	-0.222969	-0.187986	-0.161734	-0.142913	-0.128784	-0.132062	-0.137911	-0.140391	-0.128928	-0.0899404	-0.0102446	0.118113	0.278035	0.443073	
-0.323021	-0.346653	-0.363454	-0.372774	-0.370301	-0.359058	-0.334197	-0.296004	-0.242188	-0.186906	-0.126925	-0.0655179	-0.0119744	0.0273054	0.05832	0.0721652	0.0685211	0.0586815	0.0445401	0.0324071	0.0326453	0.0609888	0.127056	0.226697	0.344178	
-0.335913	-0.337646	-0.33369	-0.320708	-0.295707	-0.262914	-0.217172	-0.163053	-0.100778	-0.0358251	0.0391577	0.113932	0.178145	0.23091	0.270776	0.282501	0.270286	0.24017	0.195127	0.144121	0.102314	0.0830425	0.0952378	0.139021	0.21052	
-0.297693	-0.284725	-0.260051	-0.220257	-0.173387	-0.119476	-0.0621291	0.001536	0.0697528	0.144698	0.224599	0.30213	0.369989	0.431028	0.468042	0.471898	0.444022	0.387486	0.300287	0.202044	0.110097	0.0454347	0.0140293	0.0189537	0.0587797	
-0.224214	-0.193683	-0.148724	-0.0914717	-0.0327482	0.0342307	0.104603	0.182442	0.257535	0.333607	0.410769	0.483215	0.548773	0.601546	0.624624	0.612513	0.567032	0.481251	0.359063	0.219923	0.0837538	-0.0245635	-0.0928492	-0.111706	-0.0832598	
-0.11347	-0.0620277	-0.00385156	0.0551479	0.11998	0.196463	0.280952	0.364443	0.442478	0.520363	0.592217	0.648166	0.69458	0.723173	0.724581	0.693255	0.627877	0.515674	0.372044	0.207471	0.0452764	-0.0975899	-0.195353	-0.233854	-0.205841	
0.0389766	0.106103	0.174436	0.239834	0.316157	0.3957	0.474879	0.550481	0.630075	0.705586	0.759596	0.793591	0.813266	0.809878	0.779196	0.726664	0.641153	0.516658	0.362639	0.188746	0.0135581	-0.146945	-0.265291	-0.322249	-0.302101	
0.234629	0.309984	0.386487	0.467565	0.552118	0.625202	0.691337	0.757177	0.82037	0.867251	0.895824	0.914311	0.910156	0.873644	0.813163	0.739125	0.637991	0.514065	0.364367	0.196681	0.0184909	-0.145596	-0.275	-0.344171	-0.343767	
0.476687	0.552532	0.629281	0.713182	0.787718	0.852067	0.911862	0.960182	0.987672	0.997941	1.00238	0.996576	0.966355	0.911821	0.844038	0.755922	0.64684	0.527557	0.396089	0.248	0.0841698	-0.0738858	-0.204557	-0.28108	-0.300958	
0.766719	0.837562	0.907048	0.971248	1.02234	1.07282	1.11413	1.13389	1.13454	1.12278	1.09905	1.05853	1.00592	0.950226	0.887846	0.801083	0.699394	0.589933	0.475343	0.348452	0.21201	0.0705159	-0.0544478	-0.142157	-0.178992	
1.07614	1.13686	1.19182	1.23003	1.25992	1.2831	1.28742	1.27886	1.26291	1.2344	1.18952	1.13169	1.0698	1.01252	0.950447	0.878701	0.801379	0.713013	0.610254	0.498113	0.384917	0.267522	0.153725	0.0546785	0.00162654	
1.352	1.39418	1.42479	1.44141	1.45024	1.43946	1.41318	1.38421	1.34904	1.3055	1.25577	1.20035	1.14332	1.0869	1.0264	0.971531	0.920497	0.859467	0.777408	0.682461	0.582562	0.483548	0.382663	0.284576	0.22107	
1.54978	1.56472	1.56526	1.55844	1.53993	1.50651	1.47033	1.42876	1.3788	1.32782	1.278	1.23075	1.1889	1.14243	1.09274	1.05248	1.01688	0.974153	0.919972	0.85172	0.765484	0.671645	0.576636	0.490048	0.428384	
1.61391	1.60023	1.57676	1.54779	1.50934	1.46991	1.42996	1.38069	1.32843	1.27923	1.23445	1.1992	1.16845	1.13259	1.10182	1.07801	1.04983	1.01557	0.9826	0.940961	0.876558	0.789654	0.697464	0.621772	0.569928	
1.50608	1.47633	1.44259	1.40244	1.35892	1.31683	1.27046	1.22349	1.18211	1.14425	1.11148	1.08355	1.05499	1.03459	1.02623	1.01344	0.991457	0.970878	0.951825	0.924151	0.881836	0.817599	0.73986	0.671288	0.624428	
1.2529	1.22223	1.18725	1.14615	1.10422	1.06065	1.01767	0.984656	0.958608	0.933783	0.909901	0.884493	0.864378	0.862146	0.864065	0.853955	0.842646	0.839075	0.828882	0.805962	0.777187	0.740032	0.688754	0.63021	0.581495	
0.894831	0.86651	0.83461	0.802068	0.770124	0.73846	0.711472	0.689011	0.668382	0.650981	0.636412	0.625241	0.621198	0.618706	0.612385	0.610572	0.615699	0.616873	0.608618	0.594515	0.576328	0.556372	0.53078	0.491207	0.447508	
0.46314	0.442139	0.421634	0.405337	0.390933	0.378633	0.367555	0.351535	0.334391	0.323764	0.320536	0.324817	0.328624	0.318205	0.306339	0.313381	0.325864	0.323827	0.316794	0.313597	0.306509	0.296689	0.287756	0.270376	0.245288	
