2.89178e-83	0	0	0	0	0	0	0	0	0	0	0	0	0	0	0	0	0	0	0	0	0	0	0	0	
1.77566e-80	6.34343e-83	2.09414e-85	6.38061e-88	1.79161e-90	4.62788e-93	1.09745e-95	2.38346e-98	4.72748e-101	8.53537e-104	1.39739e-106	2.06512e-109	2.74015e-112	3.2435e-115	3.39848e-118	3.12207e-121	2.48487e-124	1.68745e-127	9.58234e-131	4.42567e-134	1.59665e-137	4.22001e-141	7.26629e-145	6.11554e-149	0	
2.72845e-78	1.02837e-80	3.58759e-83	1.15721e-85	3.44686e-88	9.46614e-91	2.3927e-93	5.55479e-96	1.18156e-98	2.29626e-101	4.06384e-104	6.52411e-107	9.45805e-110	1.23151e-112	1.43098e-115	1.47234e-118	1.32864e-121	1.03907e-124	6.93557e-128	3.87217e-131	1.7588e-134	6.24193e-138	1.62334e-141	2.75109e-145	2.27945e-149	
3.81516e-76	1.5149e-78	5.57578e-81	1.90057e-83	5.99302e-86	1.74591e-88	4.69185e-91	1.161e-93	2.6398e-96	5.50175e-99	1.04806e-101	1.81881e-104	2.86431e-107	4.07479e-110	5.2083e-113	5.9428e-116	6.00624e-119	5.32569e-122	4.09371e-125	2.68647e-128	1.47505e-131	6.59077e-135	2.30156e-138	5.89122e-142	9.82879e-146	
4.8522e-74	2.02711e-76	7.86014e-79	2.82664e-81	9.41878e-84	2.9048e-86	8.28058e-89	2.17846e-91	5.27949e-94	1.17617e-96	2.40277e-99	4.48828e-102	7.64055e-105	1.18075e-107	1.64889e-110	2.06955e-113	2.31956e-116	2.30349e-119	2.00751e-122	1.51714e-125	9.79121e-129	5.2884e-132	2.32505e-135	7.9911e-139	2.01366e-142	
5.60831e-72	2.4622e-74	1.00447e-76	3.80544e-79	1.33778e-81	4.35977e-84	1.31567e-86	3.67156e-89	9.45997e-92	2.24628e-94	4.90512e-97	9.82582e-100	1.80042e-102	3.00755e-105	4.56235e-108	6.25622e-111	7.71304e-114	8.49413e-117	8.29074e-120	7.10372e-123	5.27951e-126	3.3517e-129	1.78126e-132	7.70759e-136	2.60786e-139	
5.88436e-70	2.71196e-72	1.16264e-74	4.6341e-77	1.71618e-79	5.90052e-82	1.88159e-84	5.55855e-87	1.51918e-89	3.83506e-92	8.92583e-95	1.91119e-97	3.75538e-100	6.75222e-103	1.10719e-105	1.64923e-108	2.22141e-111	2.69091e-114	2.9126e-117	2.79492e-120	2.35504e-123	1.72171e-126	1.07547e-129	5.62521e-133	2.39617e-136	
5.59637e-68	2.70501e-70	1.21735e-72	5.09884e-75	1.98662e-77	7.19536e-80	2.42062e-82	7.55623e-85	2.18614e-87	5.85386e-90	1.44844e-92	3.3055e-95	6.94251e-98	1.33859e-100	2.36249e-103	3.80385e-106	5.56543e-109	7.36539e-112	8.76898e-115	9.3312e-118	8.80554e-121	7.29846e-124	5.24994e-127	3.2275e-130	1.66183e-133	
4.81578e-66	2.43913e-68	1.15119e-70	5.06149e-73	2.07228e-75	7.89626e-78	2.79831e-80	9.21521e-83	2.81715e-85	7.9853e-88	2.09575e-90	5.08453e-93	1.13816e-95	2.34561e-98	4.43924e-101	7.69308e-104	1.21664e-106	1.74896e-109	2.27483e-112	2.66258e-115	2.78621e-118	2.58626e-121	2.10912e-124	1.4931e-127	9.03593e-131	
3.74134e-64	1.98412e-66	9.81234e-69	4.52438e-71	1.94443e-73	7.78539e-76	2.90254e-78	1.00688e-80	3.24714e-83	9.72533e-86	2.70184e-88	6.95266e-91	1.6545e-93	3.63399e-96	7.351e-99	1.36602e-101	2.32513e-104	3.61278e-107	5.10417e-110	6.52659e-113	7.51194e-116	7.73203e-119	7.06151e-122	5.66739e-125	3.94943e-128	
2.6173e-62	1.45234e-64	7.52022e-67	3.63325e-69	1.63745e-71	6.88184e-74	2.69591e-76	9.83817e-79	3.34207e-81	1.0559e-83	3.09948e-86	8.44256e-89	2.13088e-91	4.97538e-94	1.07261e-96	2.13036e-99	3.88823e-102	6.50226e-105	9.92914e-108	1.37903e-110	1.73396e-113	1.96302e-116	1.98793e-119	1.7867e-122	1.41153e-125	
1.64363e-60	9.53735e-63	5.16709e-65	2.61366e-67	1.23419e-69	5.43931e-72	2.23653e-74	8.57573e-77	3.06455e-79	1.01985e-81	3.15786e-84	9.0881e-87	2.42794e-89	6.01255e-92	1.37788e-94	2.9165e-97	5.68913e-100	1.02013e-102	1.67651e-105	2.51664e-108	3.43695e-111	4.25054e-114	4.73428e-117	4.71806e-120	4.17402e-123	
9.23212e-59	5.59883e-61	3.17177e-63	1.67857e-65	8.29836e-68	3.83171e-70	1.65207e-72	6.64868e-75	2.49631e-77	8.73865e-80	2.84999e-82	8.65161e-85	2.44196e-87	6.40061e-90	1.55565e-92	3.50012e-95	7.27595e-98	1.39433e-100	2.45696e-103	3.9692e-106	5.85856e-109	7.8693e-112	9.57446e-115	1.0494e-117	1.02939e-120	
4.61842e-57	2.92586e-59	1.73222e-61	9.5852e-64	4.95749e-66	2.39638e-68	1.08245e-70	4.56765e-73	1.79988e-75	6.61963e-78	2.27084e-80	7.26039e-83	2.16149e-85	5.98538e-88	1.53966e-90	3.67377e-93	8.11742e-96	1.65767e-98	3.12162e-101	5.40684e-104	8.5882e-107	1.24671e-109	1.64739e-112	1.97231e-115	2.1277e-118	
2.04744e-55	1.3544e-57	8.3758e-60	4.84324e-62	2.61893e-64	1.32432e-66	6.2619e-69	2.76808e-71	1.14361e-73	4.41396e-76	1.59073e-78	5.34929e-81	1.67719e-83	4.89832e-86	1.33109e-88	3.36132e-91	7.87606e-94	1.70948e-96	3.43023e-99	6.34909e-102	1.0812e-104	1.68894e-107	2.4118e-110	3.13582e-113	3.69499e-116	
7.99655e-54	5.5214e-56	3.56501e-58	2.15306e-60	1.2165e-62	6.43085e-65	3.18067e-67	1.47168e-69	6.36886e-72	2.57706e-74	9.74575e-77	3.44267e-79	1.1352e-81	3.49138e-84	1.00058e-86	2.669e-89	6.61803e-92	1.52315e-94	3.24822e-97	6.40592e-100	1.16565e-102	1.95201e-105	2.99933e-108	4.21402e-111	5.39212e-114	
2.73249e-52	1.96862e-54	1.32655e-56	8.36365e-59	4.93497e-61	2.72557e-63	1.4091e-65	6.81905e-68	3.08849e-70	1.30891e-72	5.18878e-75	1.92319e-77	6.66094e-80	2.15429e-82	6.5009e-85	1.82861e-87	4.78911e-90	1.1663e-92	2.63712e-95	5.52671e-98	1.07142e-100	1.91702e-103	3.15742e-106	4.77288e-109	6.59883e-112	
8.10237e-51	6.08872e-53	4.28025e-55	2.81591e-57	1.73425e-59	1.0001e-61	5.40105e-64	2.73167e-66	1.29381e-68	5.73778e-71	2.38198e-73	9.25336e-76	3.36224e-78	1.14202e-80	3.62351e-83	1.07308e-85	2.96319e-88	7.62096e-91	1.82311e-93	4.05054e-96	8.3436e-99	1.59027e-101	2.79818e-104	4.5335e-107	6.74282e-110	
2.06453e-49	1.6177e-51	1.1859e-53	8.13718e-56	5.22813e-58	3.14621e-60	1.77373e-62	9.36904e-65	4.63679e-67	2.14992e-69	9.33772e-72	3.798e-74	1.44612e-76	5.1521e-79	1.71646e-81	5.34374e-84	1.55328e-86	4.21126e-89	1.06374e-91	2.50001e-94	5.45842e-97	1.10523e-99	2.07126e-102	3.58438e-105	5.71291e-108	
4.46805e-48	3.64911e-50	2.78838e-52	1.99454e-54	1.33615e-56	8.38572e-59	4.93193e-61	2.71871e-63	1.4048e-65	6.80417e-68	3.0889e-70	1.31408e-72	5.23729e-75	1.95474e-77	6.82902e-80	2.23177e-82	6.81784e-85	1.94525e-87	5.17845e-90	1.28473e-92	2.96643e-95	6.36497e-98	1.26688e-100	2.33444e-103	3.97318e-106	
8.09922e-47	6.89119e-49	5.4858e-51	4.08828e-53	2.85374e-55	1.86657e-57	1.14439e-59	6.57822e-62	3.54581e-64	1.79236e-66	8.4963e-69	3.77645e-71	1.57361e-73	6.14528e-76	2.24825e-78	7.70167e-81	2.46884e-83	7.4003e-86	2.07239e-88	5.41652e-91	1.31973e-93	2.99348e-96	6.31141e-99	1.23472e-101	2.23677e-104	
1.20954e-45	1.07141e-47	8.87909e-50	6.88881e-52	5.00644e-54	3.4098e-56	2.17728e-58	1.30382e-60	7.3238e-63	3.85946e-65	1.90814e-67	8.85056e-70	3.85083e-72	1.57132e-74	6.01128e-77	2.15516e-79	7.23733e-82	2.27502e-84	6.68923e-87	1.83808e-89	4.71523e-92	1.12792e-94	2.51244e-97	5.20336e-100	1.00016e-102	
1.46013e-44	1.34514e-46	1.15928e-48	9.35329e-51	7.06913e-53	5.00755e-55	3.32612e-57	2.07234e-59	1.21148e-61	6.64642e-64	3.42237e-66	1.65403e-68	7.50263e-71	3.19356e-73	1.27533e-75	4.77659e-78	1.67714e-80	5.51754e-83	1.69967e-85	4.89887e-88	1.31992e-90	3.32098e-93	7.79352e-96	1.70354e-98	3.46293e-101	
1.39642e-43	1.33583e-45	1.19532e-47	1.00127e-49	7.85679e-52	5.77862e-54	3.9857e-56	2.5791e-58	1.56625e-60	8.92872e-63	4.77893e-65	2.40172e-67	1.13336e-69	5.0215e-72	2.08855e-74	8.15257e-77	2.98558e-79	1.02531e-81	3.30012e-84	9.94876e-87	2.80693e-89	7.40492e-92	1.82464e-94	4.19448e-97	8.98292e-100	
1.04027e-42	1.03097e-44	9.55624e-47	8.29138e-49	6.73876e-51	5.13361e-53	3.6677e-55	2.45864e-57	1.54701e-59	9.13946e-62	5.07074e-64	2.64246e-66	1.29348e-68	5.94721e-71	2.56818e-73	1.0414e-75	3.96426e-78	1.41613e-80	4.74495e-83	1.4904e-85	4.38549e-88	1.20789e-90	3.11119e-93	7.48597e-96	1.68056e-98	
6.00498e-42	6.14901e-44	5.88803e-46	5.27691e-48	4.42961e-50	3.48515e-52	2.5716e-54	1.78045e-56	1.15713e-58	7.06178e-61	4.04795e-63	2.17985e-65	1.10289e-67	5.24284e-70	2.34154e-72	9.82373e-75	3.87075e-77	1.43192e-79	4.9713e-82	1.61894e-84	4.94232e-87	1.41338e-89	3.78309e-92	9.46823e-95	2.21328e-97	
2.70655e-41	2.85804e-43	2.82183e-45	2.6073e-47	2.2563e-49	1.83e-51	1.39196e-53	9.93474e-56	6.65633e-58	4.18818e-60	2.47546e-62	1.37473e-64	7.17418e-67	3.51839e-69	1.62152e-71	7.02198e-74	2.85677e-76	1.09156e-78	3.91577e-81	1.31819e-83	4.16185e-86	1.23152e-88	3.41274e-91	8.84838e-94	2.14417e-96	
9.28091e-41	1.00836e-42	1.02437e-44	9.73928e-47	8.67328e-49	7.2402e-51	5.66911e-53	4.16605e-55	2.87471e-57	1.8634e-59	1.13501e-61	6.49826e-64	3.49761e-66	1.76999e-68	8.42187e-71	3.76757e-73	1.58444e-75	6.26259e-78	2.32579e-80	8.11246e-83	2.65638e-85	8.16069e-88	2.3505e-90	6.34213e-93	1.60155e-95	
2.11586e-40	2.3349e-42	2.40853e-44	2.32459e-46	2.10098e-48	1.77955e-50	1.41352e-52	1.05355e-54	7.37203e-57	4.8449e-59	2.99156e-61	1.73599e-63	9.46922e-66	4.85569e-68	2.34085e-70	1.06088e-72	4.51933e-75	1.80929e-77	6.80526e-80	2.40389e-82	7.97094e-85	2.47958e-87	7.23135e-90	1.97553e-92	5.0508e-95	
3.13798e-40	3.47844e-42	3.60358e-44	3.49232e-46	3.16885e-48	2.6942e-50	2.14782e-52	1.60644e-54	1.12785e-56	7.43619e-59	4.60591e-61	2.68082e-63	1.46654e-65	7.54128e-68	3.64539e-70	1.65643e-72	7.07432e-75	2.83915e-77	1.07044e-79	3.78998e-82	1.25953e-84	3.92671e-87	1.14761e-89	3.14165e-92	8.04842e-95	
3.33767e-40	3.70184e-42	3.837e-44	3.72037e-46	3.37736e-48	2.87275e-50	2.29113e-52	1.71431e-54	1.20405e-56	7.94149e-59	4.92061e-61	2.86494e-63	1.56776e-65	8.06428e-68	3.89935e-70	1.77233e-72	7.57137e-75	3.03943e-77	1.14623e-79	4.05933e-82	1.34936e-84	4.20771e-87	1.23001e-89	3.36792e-92	8.62986e-95	
2.58997e-40	2.86536e-42	2.96292e-44	2.86635e-46	2.59645e-48	2.20398e-50	1.7543e-52	1.31016e-54	9.18539e-57	6.04792e-59	3.74114e-61	2.17475e-63	1.18826e-65	6.1032e-68	2.94693e-70	1.33761e-72	5.70672e-75	2.28798e-77	8.61789e-80	3.04836e-82	1.01214e-84	3.15265e-87	9.20595e-90	2.51808e-92	6.44571e-95	
1.36748e-40	1.49846e-42	1.53516e-44	1.47182e-46	1.32164e-48	1.11238e-50	8.78146e-53	6.50582e-55	4.52561e-57	2.95715e-59	1.81568e-61	1.04783e-63	5.68471e-66	2.89961e-68	1.3906e-70	6.27007e-73	2.65765e-75	1.05874e-77	3.96288e-80	1.39316e-82	4.5978e-85	1.42364e-87	4.13287e-90	1.12396e-92	2.86082e-95	
4.37294e-41	4.65698e-43	4.63645e-45	4.31927e-47	3.76816e-49	3.08074e-51	2.36189e-53	1.69895e-55	1.14715e-57	7.27354e-60	4.33198e-62	2.42405e-64	1.2746e-66	6.29813e-69	2.9245e-71	1.27601e-73	5.23041e-76	2.01366e-78	7.27862e-81	2.46904e-83	7.85564e-86	2.34274e-88	6.54357e-91	1.71026e-93	4.17841e-96	
1.0464e-41	1.08052e-43	1.04322e-45	9.42567e-48	7.97579e-50	6.325e-52	4.70364e-54	3.28184e-56	2.14932e-58	1.32171e-60	7.63379e-63	4.14192e-65	2.11139e-67	1.01124e-69	4.55035e-72	1.92344e-74	7.63602e-77	2.84627e-79	9.95712e-82	3.26758e-84	1.00529e-86	2.89752e-89	7.81749e-92	1.97241e-94	4.64872e-97	
1.94319e-42	1.94183e-44	1.81463e-46	1.58714e-48	1.3002e-50	9.9829e-53	7.18783e-55	4.8556e-57	3.07867e-59	1.83272e-61	1.02457e-63	5.37987e-66	2.65348e-68	1.22933e-70	5.34931e-73	2.18585e-75	8.38546e-78	3.01898e-80	1.01959e-82	3.22835e-85	9.57718e-88	2.65985e-90	6.90947e-93	1.67705e-95	3.7987e-98	
2.7969e-43	2.69852e-45	2.4352e-47	2.05705e-49	1.62764e-51	1.20708e-53	8.39472e-56	5.47717e-58	3.35382e-60	1.92785e-62	1.0405e-64	5.27335e-67	2.50971e-69	1.12157e-71	4.70578e-74	1.85328e-76	6.84878e-79	2.37392e-81	7.71392e-84	2.34836e-86	6.69289e-89	1.7842e-91	4.44445e-94	1.03332e-96	2.23936e-99	
3.15903e-44	2.93778e-46	2.55573e-48	2.08143e-50	1.58796e-52	1.1355e-54	7.61401e-57	4.78942e-59	2.82702e-61	1.5662e-63	8.14507e-66	3.97648e-68	1.82242e-70	7.83951e-73	3.16473e-75	1.19857e-77	4.25694e-80	1.41719e-82	4.41971e-85	1.29029e-87	3.52325e-90	8.98965e-93	2.14092e-95	4.75292e-98	9.82175e-101	
2.85693e-45	2.55805e-47	2.14295e-49	1.68075e-51	1.23493e-53	8.50444e-56	5.49159e-58	3.32615e-60	1.89012e-62	1.00788e-64	5.04356e-67	2.36851e-69	1.04372e-71	4.31508e-74	1.67329e-76	6.08375e-79	2.07296e-81	6.61575e-84	1.97624e-86	5.52106e-89	1.44118e-91	3.51119e-94	7.97428e-97	1.68582e-99	3.31215e-102	
2.11017e-46	1.81785e-48	1.46534e-50	1.10595e-52	7.81943e-55	5.18152e-57	3.21913e-59	1.8756e-61	1.02505e-63	5.25539e-66	2.5277e-68	1.14046e-70	4.82618e-73	1.91509e-75	7.1234e-78	2.48261e-80	8.10238e-83	2.47465e-85	7.06755e-88	1.88574e-90	4.69561e-93	1.08985e-95	2.35454e-98	4.72728e-101	8.80431e-104	
1.29459e-47	1.07245e-49	8.31357e-52	6.03414e-54	4.10267e-56	2.61405e-58	1.5613e-60	8.74346e-63	4.59158e-65	2.26122e-67	1.04426e-69	4.52167e-72	1.83536e-74	6.98132e-77	2.48749e-79	8.29783e-82	2.58981e-84	7.55684e-87	2.05964e-89	5.23805e-92	1.24152e-94	2.73871e-97	5.61388e-100	1.0674e-102	1.87867e-105	
6.68913e-49	5.32634e-51	3.96881e-53	2.76876e-55	1.80921e-57	1.10768e-59	6.35575e-62	3.41837e-64	1.72345e-66	8.14519e-69	3.60808e-71	1.49774e-73	5.82442e-76	2.12104e-78	7.22944e-81	2.30488e-83	6.86839e-86	1.91136e-88	4.96214e-91	1.20038e-93	2.70209e-96	5.6512e-99	1.09614e-101	1.96789e-104	3.26236e-107	
2.94458e-50	2.25283e-52	1.61281e-54	1.0809e-56	6.78412e-59	3.98862e-61	2.19712e-63	1.13404e-65	5.48461e-68	2.48526e-70	1.05493e-72	4.19355e-75	1.56055e-77	5.43375e-80	1.76922e-82	5.38279e-85	1.52898e-87	4.05069e-90	9.99721e-93	2.29546e-95	4.89588e-98	9.68275e-101	1.77214e-103	2.99455e-106	4.65962e-109	
1.11506e-51	8.19383e-54	5.63349e-56	3.62528e-58	2.18428e-60	1.23245e-62	6.51289e-65	3.22356e-67	1.49426e-69	6.48593e-72	2.63549e-74	1.00216e-76	3.56442e-79	1.18512e-81	3.68087e-84	1.06704e-86	2.88418e-89	7.26064e-92	1.70005e-94	3.69673e-97	7.45221e-100	1.38994e-102	2.39305e-105	3.79331e-108	5.51928e-111	
3.66268e-53	2.58408e-55	1.70546e-57	1.05329e-59	6.08873e-62	3.29489e-64	1.66922e-66	7.91628e-69	3.51403e-71	1.45969e-73	5.67196e-76	2.06077e-78	6.99674e-81	2.21836e-83	6.56258e-86	1.80967e-88	4.64633e-91	1.10927e-93	2.45879e-96	5.05136e-99	9.59923e-102	1.68351e-104	2.71776e-107	4.02641e-110	5.45545e-113	
1.0511e-54	7.11705e-57	4.50695e-59	2.66997e-61	1.47993e-63	7.67579e-66	3.72512e-68	1.69138e-70	7.18337e-73	2.85273e-75	1.05888e-77	3.6715e-80	1.18839e-82	3.58783e-85	1.00937e-87	2.64313e-90	6.43391e-93	1.45367e-95	3.04331e-98	5.89186e-101	1.05245e-103	1.73009e-106	2.60945e-109	3.59866e-112	4.51963e-115	
2.6519e-56	1.7226e-58	1.04618e-60	5.94164e-63	3.15595e-65	1.56775e-67	7.28287e-70	3.16317e-72	1.28411e-74	4.87032e-77	1.72487e-79	5.70046e-82	1.75658e-84	5.04221e-87	1.34674e-89	3.3427e-92	7.69867e-95	1.64246e-97	3.23953e-100	5.89384e-103	9.86548e-106	1.51477e-108	2.12611e-111	2.71705e-114	3.14666e-117	
5.91467e-58	3.68411e-60	2.14471e-62	1.16705e-64	5.93627e-67	2.8223e-69	1.25395e-71	5.20504e-74	2.0177e-76	7.30055e-79	2.46398e-81	7.75103e-84	2.27049e-86	6.18642e-89	1.56591e-91	3.6767e-94	7.99429e-97	1.6065e-99	2.97706e-102	5.07436e-105	7.93175e-108	1.13308e-110	1.47339e-113	1.73586e-116	1.84273e-119	
1.17181e-59	6.99554e-62	3.90146e-64	2.03281e-66	9.89481e-69	4.49877e-71	1.91003e-73	7.56973e-76	2.79897e-78	9.64982e-81	3.09963e-83	9.26773e-86	2.57655e-88	6.6521e-91	1.59257e-93	3.52961e-96	7.22771e-99	1.36443e-101	2.36844e-104	3.7692e-107	5.48054e-110	7.25193e-113	8.69195e-116	9.38484e-119	9.06862e-122	
2.07096e-61	1.18431e-63	6.32374e-66	3.15274e-68	1.46742e-70	6.37474e-73	2.58381e-75	9.76649e-78	3.44058e-80	1.1288e-82	3.44586e-85	9.77722e-88	2.57531e-90	6.28797e-93	1.4208e-95	2.96523e-98	5.7033e-101	1.00838e-103	1.63407e-106	2.4187e-109	3.25712e-112	3.97197e-115	4.3623e-118	4.28672e-121	3.7395e-124	
