0.449291	0.5194	0.529635	0.487948	0.379577	0.203349	-0.0175977	-0.256777	-0.477027	-0.679956	-0.839074	-0.94402	-0.96301	-0.896355	-0.760772	-0.593716	-0.426725	-0.292518	-0.18759	-0.124337	-0.0834249	-0.0617787	-0.0524532	-0.0479457	-0.046224	
0.486376	0.537234	0.528704	0.462823	0.332986	0.137201	-0.0905913	-0.328036	-0.540194	-0.732832	-0.873263	-0.956168	-0.946181	-0.857722	-0.7098	-0.538716	-0.382879	-0.256626	-0.164927	-0.11366	-0.0748195	-0.0617266	-0.0521314	-0.0463759	-0.0444522	
0.514291	0.54058	0.51287	0.423418	0.268844	0.060922	-0.17614	-0.402721	-0.612284	-0.785423	-0.911455	-0.964296	-0.928729	-0.818976	-0.660088	-0.490125	-0.344431	-0.223813	-0.149464	-0.097428	-0.0674025	-0.0568487	-0.0452712	-0.0435574	-0.0462404	
0.533059	0.535154	0.483979	0.370105	0.192919	-0.0269589	-0.264892	-0.482837	-0.682397	-0.836689	-0.941594	-0.962039	-0.89996	-0.769706	-0.601143	-0.438116	-0.29716	-0.192604	-0.127945	-0.0822959	-0.0645225	-0.0538312	-0.0473396	-0.0501768	-0.049742	
0.545383	0.524143	0.448916	0.308685	0.114016	-0.117345	-0.348083	-0.560063	-0.742859	-0.880374	-0.957854	-0.947381	-0.861196	-0.712887	-0.544448	-0.388542	-0.259261	-0.171854	-0.113992	-0.0789173	-0.0649285	-0.0525225	-0.0485054	-0.0488565	-0.0431398	
0.538985	0.495471	0.392684	0.229899	0.0176526	-0.216603	-0.439893	-0.641228	-0.806066	-0.923658	-0.968837	-0.929336	-0.817818	-0.656635	-0.490809	-0.340795	-0.225865	-0.148921	-0.0974007	-0.0704434	-0.0569897	-0.0460723	-0.0477704	-0.0458112	-0.0453619	
0.525945	0.456404	0.327089	0.141513	-0.0830627	-0.315208	-0.528762	-0.715359	-0.861091	-0.952523	-0.963637	-0.895028	-0.759334	-0.592504	-0.429685	-0.291004	-0.191601	-0.12497	-0.0843056	-0.0659444	-0.053525	-0.0503862	-0.0519453	-0.0483407	-0.051472	
0.50072	0.403547	0.249271	0.0440146	-0.18706	-0.411787	-0.61372	-0.782141	-0.907488	-0.966887	-0.946255	-0.847645	-0.69641	-0.527781	-0.373315	-0.249863	-0.165145	-0.10905	-0.079537	-0.0627345	-0.0541164	-0.0524542	-0.0496361	-0.0481506	-0.050582	
0.456382	0.334186	0.153577	-0.064259	-0.296812	-0.509563	-0.696804	-0.845961	-0.944752	-0.9716	-0.916367	-0.793363	-0.630172	-0.46509	-0.321206	-0.213935	-0.140573	-0.0964864	-0.0715974	-0.0584147	-0.0527354	-0.0498936	-0.0486697	-0.0491905	-0.0508033	
0.396695	0.247133	0.0461437	-0.181591	-0.406066	-0.606466	-0.774455	-0.902426	-0.969558	-0.961602	-0.872767	-0.729996	-0.559806	-0.402918	-0.271511	-0.179983	-0.118397	-0.0840357	-0.0634778	-0.0558762	-0.0497936	-0.0507592	-0.0495089	-0.0522162	-0.0530194	
0.325376	0.147351	-0.0671524	-0.298504	-0.509114	-0.694025	-0.841215	-0.942154	-0.975989	-0.9292	-0.81389	-0.653186	-0.486713	-0.338555	-0.225282	-0.147819	-0.100196	-0.0730022	-0.0608803	-0.0543049	-0.053115	-0.0544099	-0.0533892	-0.0568571	-0.0548354	
0.234169	0.0351986	-0.189394	-0.412268	-0.608227	-0.772748	-0.897609	-0.967343	-0.964291	-0.882748	-0.744465	-0.576248	-0.418411	-0.284233	-0.190463	-0.126886	-0.0912664	-0.0711498	-0.0628327	-0.0567219	-0.0576454	-0.0536434	-0.054843	-0.0531886	-0.0522187	
0.118801	-0.094676	-0.322186	-0.529488	-0.708195	-0.850128	-0.948291	-0.982993	-0.940312	-0.829009	-0.671132	-0.505281	-0.355584	-0.240251	-0.160269	-0.10973	-0.0809196	-0.0656387	-0.0568556	-0.0537091	-0.0516035	-0.0501533	-0.0528358	-0.0521562	-0.0571316	
-0.00193641	-0.225085	-0.444262	-0.633962	-0.791365	-0.909067	-0.97534	-0.97049	-0.890645	-0.752323	-0.585348	-0.425334	-0.289918	-0.193219	-0.127247	-0.0896083	-0.0680641	-0.0582299	-0.0536518	-0.0540407	-0.053671	-0.0577494	-0.0591041	-0.062087	-0.0642346	
-0.133353	-0.356105	-0.557724	-0.726897	-0.860177	-0.950205	-0.979625	-0.934539	-0.822261	-0.665213	-0.499986	-0.351189	-0.236958	-0.157658	-0.108606	-0.0816195	-0.0678087	-0.0622544	-0.0608839	-0.0607467	-0.0616347	-0.0624801	-0.0614197	-0.0619443	-0.0594788	
-0.280253	-0.491583	-0.671574	-0.81749	-0.924623	-0.981766	-0.970345	-0.887205	-0.747673	-0.582673	-0.424403	-0.292723	-0.198001	-0.134741	-0.0984972	-0.0778798	-0.0681622	-0.063334	-0.0611795	-0.0596809	-0.0592995	-0.057834	-0.0581992	-0.0581196	-0.0596052	
-0.422525	-0.614357	-0.770957	-0.891837	-0.969481	-0.988072	-0.934885	-0.817571	-0.659654	-0.495434	-0.349517	-0.237758	-0.160205	-0.11208	-0.0846022	-0.0697538	-0.062789	-0.059231	-0.0578677	-0.0577225	-0.0580627	-0.0593991	-0.0616943	-0.0639525	-0.0679383	
-0.552726	-0.719954	-0.851536	-0.944761	-0.98758	-0.96381	-0.871471	-0.727539	-0.562704	-0.40709	-0.279832	-0.188339	-0.128248	-0.0933195	-0.0738491	-0.0647145	-0.0606238	-0.0595019	-0.0600715	-0.0614652	-0.0634382	-0.0661932	-0.0684085	-0.0711738	-0.072868	
-0.671586	-0.811972	-0.91665	-0.977768	-0.980065	-0.913609	-0.788	-0.628477	-0.467155	-0.327456	-0.222003	-0.150298	-0.106655	-0.0824516	-0.0704186	-0.0656408	-0.0643038	-0.0651612	-0.0667718	-0.0686611	-0.0707195	-0.0721428	-0.0730618	-0.0734867	-0.0726147	
-0.781313	-0.894254	-0.968829	-0.992048	-0.950436	-0.845104	-0.695804	-0.532744	-0.38366	-0.265003	-0.181379	-0.12808	-0.0977343	-0.0818338	-0.0748523	-0.0722171	-0.0717951	-0.0721792	-0.0724785	-0.0725889	-0.0721801	-0.0712012	-0.0703376	-0.0692951	-0.0693111	
-0.87504	-0.960024	-1.00004	-0.980708	-0.896483	-0.760519	-0.599718	-0.443703	-0.313031	-0.216528	-0.152273	-0.113499	-0.0919079	-0.0807053	-0.0751886	-0.0722546	-0.070583	-0.0691876	-0.0679937	-0.0670677	-0.0664833	-0.0668659	-0.0683821	-0.0712752	-0.0760286	
-0.937292	-0.990486	-0.990192	-0.926704	-0.806224	-0.651537	-0.491895	-0.351485	-0.242873	-0.167663	-0.120209	-0.0927614	-0.0778354	-0.0702741	-0.0665254	-0.0648799	-0.0644314	-0.0648545	-0.0662403	-0.0685455	-0.0719025	-0.0763037	-0.0813118	-0.0867554	-0.0917269	
-0.977233	-0.991137	-0.945562	-0.84092	-0.694873	-0.535109	-0.387869	-0.269393	-0.18454	-0.12965	-0.0974161	-0.0802298	-0.0721469	-0.0692222	-0.0690895	-0.0706108	-0.0731013	-0.0763257	-0.0800283	-0.0839399	-0.0878259	-0.0911992	-0.0937028	-0.095009	-0.0947404	
-1.00397	-0.973081	-0.883283	-0.747048	-0.589525	-0.437667	-0.310764	-0.216741	-0.154187	-0.116527	-0.0961254	-0.086398	-0.0827866	-0.0823709	-0.083562	-0.0854516	-0.0875386	-0.0895241	-0.0911183	-0.0921515	-0.0924568	-0.0919452	-0.0907727	-0.0891291	-0.0875775	
-0.997278	-0.921709	-0.796412	-0.643304	-0.489096	-0.355194	-0.25243	-0.181642	-0.137422	-0.112253	-0.099218	-0.0931695	-0.0907802	-0.0900931	-0.0900758	-0.0901616	-0.0900988	-0.0897456	-0.0890735	-0.0881542	-0.087115	-0.0862441	-0.0859059	-0.0865439	-0.0887293	
-0.943153	-0.829063	-0.682106	-0.527901	-0.389106	-0.279001	-0.200655	-0.150039	-0.120049	-0.103623	-0.0952045	-0.0910932	-0.0890682	-0.0879511	-0.087158	-0.0864492	-0.0857733	-0.0851772	-0.0848098	-0.0848739	-0.0856437	-0.0874523	-0.0906132	-0.0954326	-0.102055	
-0.847757	-0.707445	-0.554865	-0.413139	-0.297373	-0.212681	-0.156458	-0.122234	-0.102945	-0.0927654	-0.0876499	-0.0851368	-0.0838873	-0.0832699	-0.0830403	-0.0831804	-0.0837824	-0.0850156	-0.0870914	-0.0902306	-0.0946444	-0.100461	-0.107676	-0.116085	-0.125183	
-0.727759	-0.577039	-0.433402	-0.313148	-0.22308	-0.161962	-0.12405	-0.102424	-0.0910784	-0.0856851	-0.0835381	-0.0831372	-0.0837611	-0.0851296	-0.0871965	-0.0900259	-0.093719	-0.0983732	-0.104033	-0.110658	-0.118071	-0.125926	-0.133689	-0.140645	-0.145975	
-0.611573	-0.466176	-0.341903	-0.246864	-0.181068	-0.139531	-0.115588	-0.103132	-0.0975898	-0.0959935	-0.0966331	-0.0986227	-0.101552	-0.105247	-0.10963	-0.114632	-0.120147	-0.125997	-0.13191	-0.137515	-0.142349	-0.145897	-0.147664	-0.147278	-0.144637	
-0.51329	-0.386757	-0.288043	-0.218256	-0.173212	-0.146607	-0.13235	-0.125691	-0.123429	-0.123628	-0.125211	-0.127601	-0.130477	-0.133619	-0.136831	-0.139899	-0.142575	-0.144584	-0.145641	-0.145492	-0.143962	-0.141029	-0.136894	-0.132052	-0.127338	
-0.418412	-0.319023	-0.247486	-0.200358	-0.171773	-0.155781	-0.147574	-0.143815	-0.142421	-0.142197	-0.142482	-0.142902	-0.14322	-0.143256	-0.142857	-0.141888	-0.140248	-0.137891	-0.134855	-0.131302	-0.127548	-0.124089	-0.121617	-0.121008	-0.123283	
-0.320705	-0.249203	-0.201498	-0.172125	-0.15532	-0.146302	-0.141675	-0.13929	-0.137905	-0.136853	-0.135788	-0.134536	-0.133011	-0.131182	-0.129062	-0.126719	-0.124283	-0.121969	-0.120089	-0.119063	-0.119424	-0.121817	-0.126978	-0.135708	-0.148831	
-0.237298	-0.189074	-0.159089	-0.141774	-0.13241	-0.127582	-0.125096	-0.123681	-0.122665	-0.12173	-0.120754	-0.119722	-0.118686	-0.117754	-0.117083	-0.116893	-0.117469	-0.11917	-0.122434	-0.127779	-0.135789	-0.147106	-0.162391	-0.182285	-0.207338	
-0.183824	-0.15245	-0.13402	-0.123908	-0.118708	-0.116196	-0.115065	-0.114626	-0.114561	-0.114769	-0.115272	-0.116169	-0.117618	-0.119832	-0.123077	-0.127676	-0.134012	-0.142517	-0.153673	-0.167986	-0.185955	-0.208033	-0.23456	-0.265687	-0.30128	
-0.171513	-0.150361	-0.138146	-0.131499	-0.12818	-0.126844	-0.126765	-0.127607	-0.129259	-0.131747	-0.135184	-0.13974	-0.145636	-0.153136	-0.162541	-0.174181	-0.188397	-0.205527	-0.225871	-0.249651	-0.276969	-0.30774	-0.341642	-0.378046	-0.415981	
-0.2145	-0.198297	-0.188454	-0.182775	-0.179907	-0.179091	-0.17995	-0.182333	-0.186223	-0.191686	-0.198837	-0.207825	-0.218823	-0.232008	-0.247554	-0.265606	-0.286259	-0.309528	-0.335317	-0.363383	-0.393301	-0.424442	-0.455949	-0.486738	-0.515517	
-0.308986	-0.295522	-0.286678	-0.281193	-0.27834	-0.277735	-0.279192	-0.282641	-0.288071	-0.295502	-0.304969	-0.316501	-0.330117	-0.345802	-0.363497	-0.383078	-0.40434	-0.426974	-0.450553	-0.474518	-0.498173	-0.520681	-0.541077	-0.558282	-0.571125	
-0.421962	-0.411474	-0.404152	-0.399381	-0.396838	-0.396361	-0.397868	-0.401313	-0.406656	-0.41385	-0.422831	-0.433504	-0.445738	-0.459353	-0.474112	-0.489708	-0.505759	-0.521791	-0.537243	-0.551453	-0.563663	-0.573014	-0.578556	-0.579242	-0.573944	
-0.517484	-0.51059	-0.505565	-0.502182	-0.500343	-0.500006	-0.501139	-0.503704	-0.507638	-0.512847	-0.519203	-0.526534	-0.53462	-0.543187	-0.5519	-0.560354	-0.56807	-0.574487	-0.578954	-0.580732	-0.578987	-0.572793	-0.561142	-0.542961	-0.517144	
-0.576004	-0.573154	-0.570967	-0.569433	-0.568575	-0.568411	-0.568936	-0.570111	-0.571852	-0.574034	-0.576481	-0.578963	-0.581195	-0.582824	-0.583432	-0.582526	-0.579536	-0.573812	-0.564628	-0.551188	-0.532641	-0.508102	-0.476694	-0.437593	-0.390096	
-0.581834	-0.583895	-0.585316	-0.586207	-0.586658	-0.586724	-0.586409	-0.585668	-0.584401	-0.582451	-0.579605	-0.575587	-0.570059	-0.56262	-0.552808	-0.540098	-0.523912	-0.503633	-0.478613	-0.44821	-0.41181	-0.368874	-0.318982	-0.261891	-0.197577	
-0.516142	-0.523897	-0.529617	-0.533451	-0.535507	-0.535849	-0.534485	-0.53137	-0.526404	-0.519431	-0.510242	-0.498577	-0.484127	-0.466542	-0.445439	-0.420413	-0.391053	-0.356963	-0.317787	-0.273233	-0.223111	-0.167354	-0.106053	-0.0394748	0.0319269	
-0.376017	-0.388987	-0.398735	-0.405366	-0.40896	-0.409562	-0.407178	-0.401778	-0.393291	-0.381612	-0.366605	-0.348106	-0.325933	-0.299895	-0.2698	-0.235475	-0.196776	-0.153606	-0.105935	-0.0538089	0.00262796	0.063129	0.127338	0.19479	0.264913	
-0.18797	-0.204503	-0.217063	-0.225679	-0.230373	-0.231158	-0.228036	-0.220998	-0.210022	-0.19508	-0.176137	-0.153162	-0.126126	-0.0950188	-0.0598505	-0.0206627	0.0224637	0.0694002	0.119963	0.173909	0.230928	0.290639	0.352586	0.416228	0.480931	
0.00730663	-0.0112544	-0.0254488	-0.0352327	-0.0405782	-0.0414707	-0.0379078	-0.0298987	-0.0174652	-0.000643221	0.0205146	0.0459357	0.0755237	0.109154	0.146671	0.18788	0.232546	0.280385	0.331062	0.384182	0.439279	0.495807	0.553124	0.610467	0.666936	
0.177208	0.157382	0.142159	0.131637	0.125878	0.124917	0.12876	0.137383	0.150736	0.168736	0.191268	0.218182	0.249288	0.284352	0.323091	0.365168	0.410184	0.457674	0.507091	0.557804	0.609079	0.660072	0.709814	0.757203	0.801	
0.299699	0.279345	0.263665	0.252801	0.246847	0.245853	0.249827	0.258737	0.272506	0.291012	0.314084	0.341499	0.372972	0.408152	0.446612	0.487845	0.53125	0.576129	0.621676	0.666975	0.710998	0.752607	0.79057	0.823575	0.850273	
0.352948	0.333791	0.318979	0.308691	0.303043	0.3021	0.305871	0.314315	0.327336	0.344781	0.366436	0.392015	0.421157	0.453416	0.488251	0.525019	0.562972	0.601247	0.638876	0.674788	0.707828	0.736781	0.760409	0.777502	0.786933	
0.316299	0.301082	0.289275	0.281053	0.276533	0.275778	0.278797	0.28555	0.295942	0.309821	0.326974	0.34712	0.369902	0.394882	0.421533	0.449233	0.477267	0.50483	0.531031	0.55492	0.575501	0.59178	0.602798	0.607693	0.605753	
0.187916	0.179442	0.17285	0.168251	0.16572	0.165296	0.166988	0.170767	0.176574	0.184312	0.193845	0.204995	0.217535	0.231189	0.245627	0.260462	0.275256	0.289517	0.302714	0.314287	0.32367	0.33031	0.333701	0.333415	0.329139	
