-0.0240408	0.00302611	0.0127249	0.00774671	-0.0053644	-0.0121176	0.0122033	0.0699369	0.138407	0.21025	0.282068	0.353635	0.421572	0.4958	0.573501	0.636597	0.66056	0.635313	0.555736	0.428009	0.273592	0.125321	0.00820742	-0.0640965	-0.101752	
0.00246511	0.0300323	0.0412025	0.0417948	0.0325082	0.0190366	0.0292555	0.0616431	0.100374	0.15795	0.223105	0.292392	0.364856	0.450388	0.541326	0.616739	0.655446	0.652129	0.592666	0.482131	0.345426	0.212253	0.110033	0.0468776	0.0119305	
0.011644	0.0405698	0.0639681	0.074979	0.0717449	0.0557887	0.0485256	0.0595134	0.0808729	0.127184	0.187435	0.250025	0.324202	0.410126	0.501351	0.58188	0.632501	0.636324	0.5914	0.495521	0.369915	0.259233	0.175597	0.118981	0.0901211	
0.00729679	0.0417867	0.0754756	0.101602	0.104722	0.0898623	0.0730895	0.0637691	0.079304	0.115665	0.164002	0.218674	0.287572	0.370023	0.459404	0.535795	0.587797	0.599034	0.558378	0.475201	0.369547	0.275661	0.203696	0.156385	0.13595	
-0.00508268	0.0330137	0.0725092	0.104943	0.116822	0.106861	0.0868103	0.0707228	0.0838291	0.108808	0.142195	0.192036	0.250861	0.327356	0.414284	0.485195	0.536027	0.554216	0.516685	0.447119	0.362386	0.280963	0.214196	0.177076	0.166349	
-0.0110418	0.0206171	0.057374	0.0908619	0.107343	0.100362	0.0876904	0.0785641	0.0845134	0.101335	0.124118	0.161943	0.216144	0.29359	0.371458	0.438286	0.492219	0.51067	0.482078	0.428704	0.359394	0.286353	0.227089	0.195488	0.193689	
0.0137913	0.0314506	0.05077	0.0746254	0.0876797	0.0882081	0.0812489	0.0836976	0.0878578	0.0975875	0.111853	0.141744	0.195141	0.268626	0.341087	0.4062	0.462925	0.477367	0.4589	0.418515	0.356994	0.294328	0.245184	0.216094	0.217055	
0.071581	0.0640226	0.0621536	0.0656277	0.0717289	0.079073	0.0836336	0.0864404	0.0847937	0.0831567	0.0904263	0.118222	0.172825	0.247362	0.323223	0.389955	0.443843	0.46119	0.445544	0.410792	0.360866	0.312136	0.273286	0.250086	0.240827	
0.140512	0.103335	0.0845421	0.0825716	0.0860066	0.0861735	0.0888348	0.0854576	0.0684951	0.0520377	0.0539272	0.0803991	0.137687	0.215486	0.30433	0.377028	0.421647	0.443543	0.43379	0.406504	0.376663	0.347444	0.314763	0.29178	0.261263	
0.213018	0.16162	0.131716	0.119963	0.11203	0.103792	0.0996649	0.0846699	0.0528496	0.0283208	0.0165627	0.0350779	0.0887784	0.170648	0.264073	0.341429	0.383444	0.411367	0.418436	0.407797	0.402481	0.392366	0.36759	0.335389	0.287893	
0.285381	0.226795	0.191743	0.167841	0.145159	0.126453	0.114764	0.0929456	0.0556464	0.0174038	-0.00100991	0.00998059	0.0544802	0.135632	0.225717	0.292709	0.331638	0.367844	0.3971	0.416166	0.431037	0.437545	0.418524	0.371694	0.312507	
0.356401	0.295588	0.254049	0.222552	0.195378	0.164457	0.144509	0.120689	0.0815759	0.0353517	0.00996098	0.0172119	0.0520125	0.120017	0.197687	0.249388	0.286449	0.326721	0.370958	0.407142	0.434652	0.45533	0.448007	0.407039	0.346267	
0.423222	0.367011	0.327455	0.291267	0.254434	0.219048	0.197469	0.174293	0.137575	0.0879264	0.054026	0.0518684	0.0718581	0.121502	0.177436	0.211947	0.246459	0.285539	0.328761	0.371968	0.41013	0.44644	0.4586	0.436649	0.38742	
0.497532	0.45294	0.413188	0.373157	0.330399	0.296153	0.270447	0.248171	0.214816	0.169084	0.134827	0.120143	0.121778	0.139177	0.159774	0.175292	0.203038	0.230601	0.27123	0.324913	0.370817	0.427361	0.461102	0.449837	0.411281	
0.576048	0.544907	0.504408	0.461641	0.416218	0.37324	0.342568	0.324161	0.304166	0.262963	0.223907	0.196413	0.176804	0.159648	0.15181	0.151604	0.164361	0.183554	0.219584	0.279596	0.343924	0.413321	0.462327	0.467541	0.432196	
0.638933	0.620507	0.585477	0.538243	0.487401	0.44015	0.407218	0.390407	0.376459	0.340713	0.291147	0.247888	0.210989	0.175376	0.152236	0.14475	0.145716	0.159597	0.19591	0.257239	0.338908	0.418276	0.481867	0.508521	0.479315	
0.662553	0.658643	0.636353	0.590679	0.538475	0.4937	0.462849	0.442826	0.419764	0.382113	0.330592	0.285791	0.246334	0.203281	0.164596	0.146019	0.138111	0.154457	0.203016	0.275043	0.369201	0.457118	0.528969	0.566762	0.539117	
0.637665	0.654934	0.639617	0.601202	0.555531	0.510754	0.475766	0.45847	0.440361	0.408655	0.36613	0.325877	0.28546	0.230848	0.183457	0.159365	0.153827	0.18286	0.248153	0.331363	0.430622	0.527496	0.605973	0.647278	0.617644	
0.559641	0.595865	0.59389	0.559364	0.516217	0.480323	0.456472	0.442409	0.430512	0.415263	0.394805	0.369607	0.327898	0.270778	0.219754	0.196469	0.202775	0.246814	0.323054	0.413286	0.518879	0.622524	0.70786	0.747848	0.719471	
0.432263	0.48516	0.497592	0.476244	0.446668	0.426446	0.415587	0.407166	0.403248	0.40468	0.413724	0.40615	0.3714	0.324004	0.2795	0.257986	0.275591	0.329984	0.411773	0.511069	0.622334	0.733455	0.821742	0.857554	0.832748	
0.277412	0.34803	0.371284	0.370131	0.36157	0.356292	0.352801	0.355757	0.372362	0.399604	0.42916	0.433991	0.409424	0.368878	0.342127	0.337541	0.368754	0.430106	0.518146	0.621843	0.730101	0.847842	0.941606	0.976147	0.947299	
0.128614	0.214244	0.25942	0.274417	0.278267	0.282108	0.289322	0.306529	0.342249	0.38869	0.434904	0.453889	0.444836	0.424462	0.410507	0.415576	0.454985	0.526601	0.622234	0.732486	0.84714	0.963105	1.04882	1.07154	1.02642	
0.0107487	0.111426	0.174906	0.20107	0.210027	0.222272	0.24004	0.268443	0.310283	0.363894	0.415024	0.445105	0.455689	0.458164	0.459771	0.479519	0.526752	0.605262	0.708225	0.820893	0.940356	1.04823	1.12095	1.12853	1.06317	
-0.0642268	0.046049	0.116966	0.153075	0.172383	0.190466	0.210587	0.244592	0.286918	0.331334	0.367787	0.403419	0.432619	0.446891	0.465771	0.507138	0.564678	0.646104	0.74817	0.857947	0.976264	1.07211	1.12888	1.12971	1.0476	
-0.104467	0.00898168	0.0869944	0.132166	0.161705	0.18811	0.210956	0.234549	0.255829	0.283131	0.308624	0.343198	0.383788	0.408171	0.430353	0.478506	0.537925	0.616384	0.718937	0.833448	0.948529	1.02845	1.06425	1.04745	0.9541	
-0.124371	-0.0123853	0.0746733	0.128519	0.166473	0.19999	0.222621	0.231059	0.231375	0.235975	0.244353	0.268717	0.301769	0.326078	0.349178	0.39762	0.456274	0.531	0.624677	0.73331	0.840295	0.904327	0.928179	0.901723	0.801904	
-0.129283	-0.0189911	0.066003	0.136506	0.196084	0.235292	0.248056	0.239683	0.224268	0.204093	0.186099	0.184095	0.200602	0.216797	0.23918	0.277917	0.329836	0.39337	0.470353	0.565074	0.655065	0.71122	0.729786	0.696807	0.596251	
-0.126765	-0.0229027	0.070071	0.160325	0.234273	0.284595	0.296907	0.274555	0.232741	0.185388	0.142827	0.114565	0.109725	0.114433	0.124008	0.142042	0.176232	0.216753	0.275799	0.357063	0.424887	0.476575	0.486122	0.43517	0.342794	
-0.110439	-0.0151108	0.0901726	0.190867	0.275454	0.333139	0.34825	0.321204	0.263487	0.191458	0.120196	0.0614878	0.0252069	0.0168964	0.0113745	0.00574846	0.0193332	0.0375986	0.0710589	0.128226	0.180813	0.218767	0.211263	0.154564	0.0789768	
-0.0824688	0.00489379	0.109595	0.218746	0.313978	0.374081	0.394499	0.363861	0.293272	0.201651	0.108707	0.0284746	-0.0332786	-0.0637857	-0.0829723	-0.108272	-0.124897	-0.131019	-0.119079	-0.0876995	-0.05472	-0.0413904	-0.0671353	-0.125573	-0.19152	
-0.051389	0.0227293	0.120765	0.225721	0.320495	0.388537	0.41857	0.388219	0.305685	0.198855	0.0936789	0.00219366	-0.0730387	-0.120792	-0.156647	-0.198831	-0.241752	-0.26922	-0.276826	-0.27073	-0.267239	-0.28052	-0.323534	-0.385789	-0.444417	
-0.033833	0.0205764	0.100096	0.192775	0.282363	0.357194	0.394767	0.366003	0.282307	0.181107	0.0756134	-0.0250603	-0.108017	-0.16294	-0.209169	-0.260822	-0.318676	-0.359514	-0.388305	-0.413419	-0.439664	-0.480705	-0.539472	-0.605458	-0.662448	
-0.0486083	-0.0260526	0.026664	0.109309	0.200852	0.274936	0.312259	0.290825	0.221533	0.134467	0.0429639	-0.0452044	-0.121559	-0.184055	-0.234006	-0.288137	-0.351361	-0.401155	-0.451039	-0.505408	-0.56036	-0.626906	-0.705571	-0.781001	-0.845844	
-0.110814	-0.114258	-0.0859952	-0.0217396	0.0658425	0.140138	0.176359	0.166777	0.122496	0.0626588	-0.000279046	-0.0674459	-0.1279	-0.18162	-0.231174	-0.286504	-0.341433	-0.400127	-0.468441	-0.542736	-0.624004	-0.7159	-0.820986	-0.914533	-0.977985	
-0.215515	-0.237462	-0.228897	-0.177493	-0.1036	-0.0349827	0.000560194	0.0109216	0.0044928	-0.0139796	-0.0417337	-0.0817121	-0.123975	-0.163298	-0.204808	-0.248362	-0.292172	-0.36265	-0.449299	-0.543867	-0.651818	-0.772857	-0.897452	-1.00498	-1.05966	
-0.349574	-0.388476	-0.393826	-0.353488	-0.288237	-0.229852	-0.189399	-0.152631	-0.119306	-0.0967959	-0.0875446	-0.0920887	-0.106361	-0.125887	-0.154284	-0.186127	-0.226979	-0.303794	-0.404049	-0.519176	-0.652945	-0.801713	-0.944971	-1.05624	-1.10782	
-0.496071	-0.539667	-0.550334	-0.524756	-0.478261	-0.428428	-0.375792	-0.31786	-0.246085	-0.180011	-0.126423	-0.0912896	-0.0811039	-0.0805336	-0.0906463	-0.11894	-0.165648	-0.238825	-0.347869	-0.483254	-0.640477	-0.81364	-0.970953	-1.08125	-1.13496	
-0.636798	-0.676277	-0.688831	-0.675882	-0.649802	-0.608396	-0.552791	-0.473471	-0.361215	-0.255991	-0.164139	-0.0938986	-0.0550282	-0.0383498	-0.033042	-0.0536998	-0.102473	-0.178039	-0.295571	-0.452828	-0.637157	-0.822315	-0.97919	-1.08739	-1.13679	
-0.762283	-0.793777	-0.808114	-0.810625	-0.798184	-0.765997	-0.70218	-0.599246	-0.467554	-0.328359	-0.200575	-0.104363	-0.034699	0.00488128	0.0194682	0.00743449	-0.040085	-0.126175	-0.249806	-0.425012	-0.62995	-0.819145	-0.971421	-1.07741	-1.11576	
-0.851784	-0.878516	-0.901186	-0.915431	-0.912667	-0.887749	-0.81905	-0.700621	-0.555887	-0.390384	-0.231084	-0.102057	-0.011278	0.0411016	0.0653447	0.0611865	0.013207	-0.0753519	-0.209085	-0.395969	-0.604154	-0.796876	-0.946031	-1.03843	-1.0605	
-0.90939	-0.929802	-0.956841	-0.976548	-0.982455	-0.966242	-0.901919	-0.776695	-0.615927	-0.434437	-0.257542	-0.100101	0.0142219	0.0785596	0.112171	0.11558	0.0689789	-0.0237635	-0.164227	-0.349948	-0.553747	-0.744599	-0.889044	-0.962535	-0.963413	
-0.924972	-0.942992	-0.966513	-0.993951	-1.01068	-0.99776	-0.932323	-0.802797	-0.632855	-0.446842	-0.258755	-0.0853123	0.0434985	0.125027	0.170818	0.183182	0.139751	0.0414449	-0.102706	-0.285041	-0.485751	-0.670913	-0.798559	-0.848288	-0.828333	
-0.887843	-0.912764	-0.936805	-0.968907	-0.990714	-0.972626	-0.90858	-0.781982	-0.611956	-0.424727	-0.234876	-0.055355	0.0901851	0.187112	0.242769	0.257659	0.214948	0.120312	-0.0214998	-0.198477	-0.388447	-0.56198	-0.673668	-0.702039	-0.667854	
-0.810182	-0.835944	-0.859546	-0.888651	-0.915055	-0.904457	-0.838966	-0.718706	-0.560363	-0.371896	-0.186071	-0.0119413	0.147404	0.25883	0.318416	0.3296	0.286612	0.200116	0.070549	-0.0962209	-0.269027	-0.423008	-0.520886	-0.54055	-0.499533	
-0.696097	-0.717024	-0.744974	-0.776681	-0.799423	-0.790414	-0.724655	-0.612075	-0.466508	-0.294367	-0.118837	0.0470282	0.199632	0.320217	0.384984	0.394829	0.359533	0.283524	0.159612	-0.000394582	-0.16066	-0.290697	-0.366717	-0.377813	-0.328001	
-0.5605	-0.578196	-0.608193	-0.6442	-0.663458	-0.645664	-0.58521	-0.486738	-0.356003	-0.20704	-0.0513442	0.10064	0.2446	0.365977	0.429546	0.434037	0.407927	0.339536	0.224861	0.0842317	-0.0576832	-0.164834	-0.227803	-0.236021	-0.182222	
-0.413734	-0.433597	-0.460321	-0.495525	-0.515088	-0.495575	-0.440527	-0.362945	-0.254224	-0.130593	0.00438479	0.141351	0.268053	0.373209	0.427626	0.430856	0.409145	0.349721	0.254084	0.141883	0.0264735	-0.0634775	-0.115374	-0.121372	-0.0747485	
-0.280283	-0.298268	-0.323456	-0.353384	-0.368004	-0.34973	-0.30231	-0.243469	-0.160302	-0.0670077	0.0385742	0.150851	0.251137	0.331772	0.378903	0.38852	0.372022	0.321361	0.242481	0.15568	0.065824	-0.00786918	-0.0452922	-0.041251	-0.00235713	
-0.171338	-0.180307	-0.20177	-0.22237	-0.232376	-0.221307	-0.185277	-0.141396	-0.0869783	-0.0224689	0.0484147	0.123314	0.195166	0.251403	0.285991	0.296366	0.285526	0.242803	0.186962	0.132152	0.0701111	0.0170559	-0.00958855	-0.00360648	0.0253056	
-0.0758434	-0.0803087	-0.0971088	-0.11048	-0.110996	-0.105357	-0.0875462	-0.0665102	-0.041284	-0.0109338	0.029728	0.0727328	0.108626	0.135909	0.150594	0.156098	0.150162	0.127116	0.101815	0.0792903	0.0478829	0.0195232	0.00647754	0.00681055	0.0202242	
