0.510895	0.627552	0.738656	0.84431	0.936715	0.99481	1.02382	1.0345	1.02706	0.985214	0.900251	0.793721	0.696278	0.636877	0.61967	0.660607	0.76544	0.921676	1.09141	1.24963	1.39009	1.4953	1.53737	1.51464	1.44131	
0.442558	0.533787	0.625629	0.723117	0.817899	0.878113	0.907988	0.917939	0.913966	0.881965	0.803111	0.69919	0.606689	0.551902	0.537441	0.574751	0.667691	0.805864	0.960487	1.10617	1.23397	1.32948	1.37031	1.34743	1.27116	
0.312877	0.389852	0.469995	0.562106	0.652676	0.713171	0.742933	0.749912	0.749384	0.716358	0.639159	0.537965	0.45983	0.421892	0.415697	0.458772	0.546001	0.668515	0.804908	0.928172	1.03885	1.12122	1.15666	1.13637	1.06125	
0.139396	0.213813	0.288224	0.372282	0.453512	0.513635	0.547143	0.560536	0.559059	0.519937	0.43732	0.345136	0.284291	0.26513	0.277436	0.333115	0.421989	0.529606	0.641223	0.74179	0.83104	0.905833	0.940208	0.919734	0.84649	
-0.0508115	0.0224909	0.0933664	0.166134	0.239596	0.302106	0.345395	0.368932	0.362728	0.314901	0.231013	0.152362	0.109893	0.111168	0.147391	0.215698	0.302515	0.395414	0.486389	0.573788	0.647551	0.711006	0.736956	0.714301	0.644595	
-0.224485	-0.157538	-0.089858	-0.0231233	0.0449181	0.112278	0.159606	0.190096	0.177721	0.122851	0.0498395	-0.0085874	-0.0265249	-0.00687337	0.0420463	0.118366	0.206486	0.297083	0.374573	0.447524	0.509114	0.556069	0.574738	0.541829	0.466152	
-0.373109	-0.314798	-0.247801	-0.181089	-0.112559	-0.0451593	0.00636807	0.0382946	0.0262346	-0.0264511	-0.0759975	-0.110126	-0.111524	-0.084504	-0.0297165	0.0558918	0.154001	0.244596	0.315694	0.372801	0.42268	0.453863	0.456631	0.409039	0.323052	
-0.488387	-0.442181	-0.379629	-0.316018	-0.247093	-0.181235	-0.120076	-0.0814281	-0.0818935	-0.115914	-0.140678	-0.152399	-0.146963	-0.115909	-0.0528917	0.0382026	0.144274	0.227751	0.291611	0.338089	0.374883	0.387564	0.36694	0.308454	0.222118	
-0.547211	-0.522308	-0.475865	-0.425425	-0.363053	-0.293204	-0.220152	-0.164519	-0.146578	-0.15446	-0.159502	-0.151257	-0.135081	-0.0946833	-0.0297879	0.0630645	0.166804	0.247753	0.300187	0.337913	0.357623	0.353163	0.308259	0.238575	0.149281	
-0.546095	-0.549612	-0.53184	-0.503618	-0.454165	-0.379009	-0.295233	-0.220387	-0.18032	-0.158943	-0.142226	-0.11541	-0.0856707	-0.0399511	0.0274931	0.11801	0.211224	0.288123	0.338722	0.373899	0.379987	0.353896	0.29021	0.203332	0.102858	
-0.504677	-0.536307	-0.554032	-0.554319	-0.525465	-0.455543	-0.36385	-0.273336	-0.199909	-0.14543	-0.10442	-0.0592862	-0.0170519	0.036499	0.105336	0.188267	0.272873	0.343325	0.396599	0.429296	0.429671	0.386785	0.30362	0.201451	0.0959965	
-0.42511	-0.483249	-0.536293	-0.574044	-0.577584	-0.524126	-0.435462	-0.328829	-0.219883	-0.132071	-0.0632953	9.4123e-05	0.0654498	0.134908	0.210623	0.288236	0.360285	0.424989	0.471301	0.494355	0.483511	0.433788	0.347994	0.235691	0.107352	
-0.324934	-0.403311	-0.491649	-0.567329	-0.601513	-0.568949	-0.48804	-0.371532	-0.239034	-0.122339	-0.0257381	0.0630387	0.15364	0.242941	0.331222	0.408454	0.463791	0.511474	0.544201	0.562496	0.548208	0.494813	0.405624	0.276562	0.119249	
-0.216614	-0.313154	-0.430902	-0.53106	-0.584944	-0.572622	-0.507298	-0.398091	-0.255142	-0.118618	0.00764078	0.124417	0.23992	0.351869	0.447162	0.519615	0.562022	0.59321	0.61387	0.621734	0.608174	0.55656	0.45862	0.311993	0.135407	
-0.120257	-0.233089	-0.364759	-0.475023	-0.537571	-0.54494	-0.504247	-0.409906	-0.271362	-0.11797	0.034066	0.175838	0.309799	0.433347	0.533229	0.599999	0.634222	0.650693	0.661974	0.665806	0.647707	0.594707	0.497118	0.349074	0.165461	
-0.0428507	-0.163968	-0.297253	-0.409984	-0.478514	-0.505578	-0.486601	-0.409215	-0.281422	-0.119617	0.05034	0.211055	0.356596	0.483545	0.585923	0.649896	0.678127	0.683369	0.686496	0.691326	0.672853	0.621615	0.527775	0.383648	0.201664	
0.0250572	-0.0963886	-0.227249	-0.341435	-0.419841	-0.461322	-0.456909	-0.392347	-0.276437	-0.114085	0.0660539	0.243532	0.403247	0.534931	0.633626	0.687831	0.710386	0.712304	0.712451	0.711863	0.691026	0.640897	0.554206	0.421619	0.25198	
0.0708949	-0.0464301	-0.16993	-0.284189	-0.372691	-0.420084	-0.418828	-0.359704	-0.251415	-0.092542	0.0961412	0.29135	0.462862	0.593277	0.68205	0.727727	0.745415	0.741668	0.736294	0.727888	0.699461	0.646122	0.566499	0.449887	0.292102	
0.0889305	-0.0171797	-0.12735	-0.240409	-0.336632	-0.386048	-0.378824	-0.316252	-0.207223	-0.0492201	0.146535	0.354839	0.535946	0.661343	0.741426	0.780184	0.788861	0.77666	0.754606	0.729127	0.68837	0.628712	0.552692	0.446992	0.298595	
0.0803827	-0.00534615	-0.0998055	-0.208528	-0.309276	-0.358739	-0.338996	-0.269474	-0.151892	0.00583744	0.203179	0.418461	0.604569	0.730908	0.806335	0.840198	0.840426	0.815613	0.770326	0.719395	0.665208	0.596615	0.512209	0.406537	0.270218	
0.0381744	-0.0270899	-0.104623	-0.203877	-0.301752	-0.340648	-0.308302	-0.226233	-0.100496	0.0581356	0.255111	0.468109	0.650823	0.777842	0.854372	0.892657	0.88496	0.842783	0.78054	0.714403	0.647043	0.562408	0.461881	0.351847	0.215635	
-0.029398	-0.0764868	-0.140915	-0.227654	-0.309251	-0.335605	-0.289929	-0.197001	-0.0634823	0.101326	0.295736	0.501113	0.680084	0.810359	0.897157	0.938858	0.928622	0.877821	0.80613	0.730326	0.650722	0.546753	0.425637	0.299486	0.163444	
-0.122143	-0.158509	-0.214328	-0.28298	-0.33837	-0.345924	-0.286875	-0.183743	-0.0412679	0.132497	0.327346	0.524343	0.699395	0.836219	0.933208	0.978938	0.971923	0.923538	0.853623	0.773959	0.679933	0.558398	0.416716	0.270713	0.126065	
-0.241846	-0.275504	-0.32358	-0.369418	-0.392133	-0.37444	-0.303536	-0.187716	-0.0383573	0.147419	0.346605	0.538545	0.710134	0.85122	0.956125	1.00882	1.01096	0.971116	0.914266	0.837243	0.729633	0.589189	0.432042	0.272033	0.110454	
-0.378132	-0.412302	-0.453505	-0.475997	-0.467489	-0.427416	-0.343527	-0.217547	-0.0585143	0.137558	0.342123	0.534494	0.708258	0.857117	0.966753	1.02391	1.03996	1.01953	0.976613	0.897792	0.779618	0.631007	0.465078	0.286416	0.108748	
-0.530035	-0.565634	-0.600328	-0.605528	-0.570993	-0.509623	-0.411103	-0.275491	-0.110722	0.0899225	0.298483	0.494454	0.674146	0.828307	0.942389	1.00901	1.03955	1.04162	1.01278	0.941087	0.820995	0.669573	0.494597	0.302319	0.106293	
-0.665197	-0.707421	-0.742283	-0.737183	-0.685821	-0.606461	-0.497202	-0.360938	-0.195113	0.00228202	0.21359	0.415754	0.602554	0.764644	0.885904	0.966428	1.01601	1.03862	1.02841	0.965501	0.848253	0.695163	0.514841	0.31449	0.105134	
-0.773601	-0.826151	-0.863188	-0.84963	-0.789617	-0.699951	-0.590246	-0.461376	-0.300491	-0.112583	0.0935711	0.293816	0.484347	0.657211	0.791904	0.894179	0.964535	1.00956	1.01734	0.964335	0.858564	0.708247	0.521758	0.31428	0.103353	
-0.85727	-0.915095	-0.949137	-0.932157	-0.870758	-0.781366	-0.67532	-0.555828	-0.407906	-0.236575	-0.0509149	0.134881	0.322412	0.501599	0.65811	0.784728	0.873307	0.937727	0.962288	0.933532	0.848097	0.704919	0.518081	0.306663	0.0945497	
-0.904311	-0.958559	-0.988244	-0.973751	-0.919858	-0.833541	-0.735406	-0.629215	-0.504638	-0.363847	-0.211273	-0.0484013	0.129872	0.31692	0.489664	0.634019	0.742346	0.827017	0.8758	0.872088	0.802844	0.672038	0.492251	0.289193	0.0856138	
-0.918518	-0.962451	-0.98863	-0.976005	-0.925995	-0.846938	-0.759879	-0.674639	-0.583891	-0.482733	-0.369446	-0.23622	-0.0774235	0.105428	0.286524	0.446548	0.579982	0.686554	0.75833	0.774625	0.728595	0.615491	0.446897	0.257083	0.0748217	
-0.914411	-0.94625	-0.958771	-0.93896	-0.889912	-0.821411	-0.749924	-0.684619	-0.630711	-0.572461	-0.503704	-0.407055	-0.278264	-0.11227	0.0678111	0.242421	0.398921	0.528476	0.615786	0.652539	0.627185	0.538787	0.395283	0.223393	0.0526199	
-0.896942	-0.907347	-0.893063	-0.863099	-0.816384	-0.758483	-0.701454	-0.653587	-0.634795	-0.624176	-0.600131	-0.540027	-0.439324	-0.293758	-0.126175	0.0523545	0.227305	0.377161	0.474985	0.521905	0.508675	0.443583	0.320516	0.170506	0.0137885	
-0.859313	-0.837114	-0.797596	-0.755029	-0.701296	-0.646737	-0.596153	-0.571185	-0.584322	-0.619665	-0.630142	-0.599881	-0.530368	-0.418511	-0.269804	-0.0967935	0.0926179	0.25009	0.354987	0.400806	0.394498	0.336495	0.226495	0.089146	-0.0507283	
-0.790513	-0.740708	-0.677206	-0.607968	-0.535327	-0.473117	-0.437859	-0.435471	-0.47732	-0.544327	-0.581976	-0.583689	-0.548332	-0.473501	-0.351006	-0.18284	0.00766984	0.168075	0.268021	0.301874	0.288327	0.227999	0.129602	-0.00134254	-0.138564	
-0.682322	-0.613564	-0.519899	-0.414883	-0.319658	-0.251446	-0.232712	-0.250081	-0.30895	-0.391405	-0.456624	-0.494506	-0.489026	-0.444283	-0.346502	-0.195616	-0.0218091	0.131161	0.217726	0.238888	0.208724	0.136331	0.0367736	-0.0958277	-0.232748	
-0.534892	-0.439848	-0.313151	-0.177508	-0.0619645	0.0112689	0.0213111	-0.0158388	-0.088148	-0.179881	-0.273724	-0.339758	-0.363235	-0.343015	-0.263947	-0.137812	0.0122281	0.144835	0.222901	0.237002	0.183519	0.0891956	-0.0289232	-0.167861	-0.299746	
-0.352662	-0.225942	-0.0748653	0.0824749	0.218669	0.298656	0.299822	0.243851	0.162034	0.0618888	-0.0523611	-0.141578	-0.187146	-0.184688	-0.126516	-0.0209282	0.107686	0.224345	0.293424	0.291191	0.219477	0.110164	-0.0254	-0.17208	-0.31283	
-0.160461	-0.00894598	0.15791	0.335141	0.488258	0.569376	0.563197	0.49542	0.413088	0.308228	0.183256	0.0715292	0.0105118	0.00791236	0.0550412	0.14157	0.248832	0.349096	0.410561	0.399984	0.323141	0.196132	0.0458145	-0.11044	-0.25692	
0.000535103	0.173394	0.360851	0.552571	0.709305	0.784526	0.77788	0.712939	0.626402	0.51981	0.389072	0.270475	0.206101	0.206003	0.252106	0.327546	0.418292	0.50673	0.562861	0.554566	0.477048	0.339696	0.17321	0.00526567	-0.140389	
0.0810552	0.277866	0.48985	0.688425	0.838861	0.911774	0.914529	0.860312	0.77276	0.662664	0.533691	0.427609	0.372966	0.370564	0.412565	0.488708	0.58001	0.667222	0.718145	0.711522	0.638765	0.506098	0.335862	0.160159	0.0113973	
0.0668143	0.286943	0.517718	0.718223	0.85926	0.934995	0.948822	0.905321	0.824972	0.718248	0.603175	0.518526	0.472041	0.473377	0.521253	0.604135	0.70077	0.786687	0.839296	0.837689	0.774962	0.653553	0.489952	0.318488	0.178646	
-0.0251442	0.205601	0.450367	0.647372	0.780319	0.856642	0.881122	0.852273	0.78026	0.684527	0.595509	0.532337	0.495847	0.50355	0.566011	0.658832	0.759736	0.848479	0.906149	0.914088	0.867486	0.76384	0.615644	0.458213	0.326951	
-0.168938	0.0577871	0.3056	0.498808	0.625876	0.700009	0.732857	0.718134	0.656401	0.575045	0.510684	0.469291	0.449882	0.463425	0.530868	0.637718	0.754588	0.849033	0.910463	0.934174	0.907027	0.821104	0.698272	0.568153	0.452126	
-0.31856	-0.107396	0.122788	0.310664	0.432669	0.501906	0.536656	0.52962	0.482015	0.425039	0.381525	0.35883	0.352987	0.379309	0.44959	0.565083	0.691127	0.790839	0.86215	0.898487	0.885053	0.825474	0.738284	0.641308	0.548367	
-0.431305	-0.248238	-0.0473041	0.128246	0.241331	0.303877	0.335859	0.332259	0.296122	0.261053	0.243946	0.232428	0.233135	0.267511	0.349544	0.469353	0.589321	0.692338	0.772933	0.819952	0.822101	0.786318	0.729488	0.665146	0.598591	
-0.482238	-0.332692	-0.168223	-0.0155761	0.0851374	0.141078	0.164481	0.161496	0.135931	0.117256	0.118214	0.114087	0.119943	0.160777	0.244491	0.357171	0.471127	0.574645	0.655385	0.707883	0.7237	0.704456	0.669309	0.638992	0.602212	
-0.455682	-0.341698	-0.220783	-0.103608	-0.01497	0.0329265	0.0423852	0.0374969	0.0277814	0.0261978	0.0299307	0.026791	0.0404679	0.086363	0.155785	0.245119	0.347314	0.442889	0.51388	0.562408	0.582379	0.576322	0.562172	0.557609	0.538559	
-0.352484	-0.275122	-0.197035	-0.120122	-0.0524141	-0.0175234	-0.0180278	-0.0234538	-0.0237048	-0.0196789	-0.0149149	-0.0153093	-0.000949276	0.0347437	0.0881882	0.156028	0.230352	0.298946	0.354102	0.395215	0.41089	0.40896	0.40704	0.411186	0.404166	
-0.194743	-0.153522	-0.11556	-0.0766484	-0.0409879	-0.0230371	-0.0232061	-0.0251997	-0.0254698	-0.0246659	-0.0203894	-0.014782	-0.0112033	0.0056139	0.0362502	0.0768704	0.112988	0.147125	0.183809	0.207227	0.210692	0.213853	0.218446	0.219253	0.216805	
