-8.38567e-05	0	0	0	0	0	0	0	0	0	0	0	0	0	0	0	0	0	0	0	0	0	0	0	0	
-0.00853509	-0.0039607	0.00369321	-0.00333033	-0.00817279	-0.00905601	-0.00409231	0.00386924	0.00469935	-0.00633822	-0.0174018	-0.0152221	-0.00227536	0.00528685	0.0100803	0.00219759	-0.0181154	-0.0470427	-0.0702496	-0.0725141	-0.0645797	-0.0443609	-0.0105245	0.0303537	0.0822442	
-0.0161898	-0.00557675	0.00321372	-0.00606824	-0.0183225	-0.0168156	-0.0101814	0.0062532	0.005174	-0.0131789	-0.0342967	-0.0271264	-0.00394402	0.0126254	0.0212878	0.00530155	-0.0322409	-0.0902424	-0.131035	-0.138042	-0.122434	-0.0804428	-0.0205559	0.0655449	0.157522	
-0.0179975	-0.00651925	0.0046241	-0.00876296	-0.0214448	-0.0215133	-0.0107613	0.00715071	0.00454814	-0.0203936	-0.0477402	-0.0353043	-0.00823726	0.0179776	0.0227796	0.000799448	-0.0580683	-0.139196	-0.19539	-0.207527	-0.180405	-0.117977	-0.0255645	0.1043	0.237513	
-0.0194598	-0.00728027	9.17474e-05	-0.0133782	-0.0239664	-0.0260321	-0.011217	0.000971602	-0.000222343	-0.0334047	-0.0545194	-0.0448563	-0.00920864	0.0172328	0.0214498	-0.0100523	-0.0872866	-0.182898	-0.251638	-0.266131	-0.225214	-0.147012	-0.0159872	0.147277	0.316441	
-0.0169146	-0.00783154	-0.00771357	-0.0161569	-0.0245613	-0.0253199	-0.0122472	-0.0059526	-0.0103797	-0.0428231	-0.0568277	-0.0477714	-0.0102314	0.0144451	0.0148911	-0.0281629	-0.11859	-0.223352	-0.298835	-0.313153	-0.262072	-0.16243	-0.000563473	0.195137	0.39288	
-0.00983517	-0.0114976	-0.0148009	-0.0174865	-0.0216317	-0.0201025	-0.0142478	-0.0124026	-0.0250639	-0.0453789	-0.0570526	-0.0444496	-0.0164747	0.00572048	-0.00433654	-0.0600749	-0.158481	-0.267321	-0.343389	-0.35382	-0.293938	-0.165485	0.0236969	0.250289	0.476626	
-0.00714719	-0.0170038	-0.0247134	-0.0192325	-0.0197776	-0.0179928	-0.0194667	-0.0263207	-0.0392524	-0.048601	-0.0506355	-0.0430005	-0.0230216	-0.011427	-0.0322514	-0.0992683	-0.200061	-0.303494	-0.37464	-0.379413	-0.305396	-0.152944	0.0624726	0.312931	0.5545	
-0.00675327	-0.0236556	-0.0311185	-0.0198778	-0.0171022	-0.0183843	-0.0280412	-0.0425869	-0.0517382	-0.0468309	-0.042392	-0.0399995	-0.0342323	-0.0352571	-0.0705065	-0.145545	-0.241035	-0.334796	-0.392941	-0.391196	-0.299206	-0.123878	0.112474	0.380905	0.632066	
-0.00662053	-0.0274832	-0.0289756	-0.016097	-0.0115023	-0.0179233	-0.0367221	-0.0541622	-0.0573004	-0.0376799	-0.0316897	-0.0363655	-0.0484436	-0.0669786	-0.117389	-0.197496	-0.283019	-0.36122	-0.406138	-0.390106	-0.282158	-0.0837937	0.170492	0.448032	0.711466	
-0.0147453	-0.0320651	-0.0275687	-0.016725	-0.0122714	-0.0258445	-0.0496967	-0.0675286	-0.0597545	-0.0331334	-0.0268223	-0.0420154	-0.0726527	-0.109165	-0.174726	-0.248986	-0.3227	-0.376324	-0.404931	-0.368636	-0.241492	-0.0247421	0.240811	0.523074	0.787808	
-0.0243477	-0.0305086	-0.0269209	-0.01851	-0.019384	-0.0358834	-0.0626877	-0.0729093	-0.0578396	-0.0296288	-0.0283663	-0.0553094	-0.103912	-0.160422	-0.23217	-0.298826	-0.351398	-0.382602	-0.38733	-0.328597	-0.182662	0.0487019	0.3175	0.60036	0.862505	
-0.0236965	-0.0198835	-0.0211519	-0.0190643	-0.0251562	-0.042834	-0.0648337	-0.0647901	-0.0459862	-0.0249788	-0.031455	-0.0731004	-0.138256	-0.213386	-0.283651	-0.338124	-0.368306	-0.37567	-0.355682	-0.272661	-0.111539	0.12526	0.394021	0.669404	0.929926	
-0.0239371	-0.0181259	-0.0234792	-0.0323647	-0.0396461	-0.0578653	-0.0665548	-0.0592273	-0.0422344	-0.0349897	-0.0525808	-0.108834	-0.191042	-0.276123	-0.338508	-0.373899	-0.378791	-0.360168	-0.30763	-0.200895	-0.023148	0.213058	0.479427	0.745823	1.00052	
-0.0211007	-0.0170481	-0.0302911	-0.0451173	-0.054642	-0.0650387	-0.061435	-0.0499967	-0.0434596	-0.05107	-0.0813956	-0.150841	-0.245995	-0.33135	-0.379082	-0.390658	-0.370228	-0.321306	-0.237559	-0.107209	0.0765881	0.308294	0.562751	0.819375	1.05869	
-0.0161347	-0.0191127	-0.0376222	-0.0552887	-0.0618725	-0.0598687	-0.0476942	-0.0408203	-0.0508449	-0.0735594	-0.117145	-0.197062	-0.298062	-0.374595	-0.403627	-0.390048	-0.344071	-0.262802	-0.150033	-0.00231259	0.180712	0.399409	0.641074	0.881079	1.10203	
-0.0229321	-0.0309618	-0.0520448	-0.0680353	-0.0659178	-0.0520159	-0.0370588	-0.0456538	-0.0724663	-0.113869	-0.167613	-0.256149	-0.350302	-0.413192	-0.419347	-0.382736	-0.307095	-0.194035	-0.0524545	0.10571	0.28542	0.489757	0.718077	0.942101	1.13822	
-0.035642	-0.0474222	-0.0657619	-0.077352	-0.0656942	-0.0444366	-0.0379836	-0.0627242	-0.108495	-0.163783	-0.229014	-0.312585	-0.391338	-0.430408	-0.414034	-0.351172	-0.244199	-0.0992507	0.0640369	0.227297	0.395471	0.584047	0.7924	0.991652	1.15753	
-0.0514806	-0.0589432	-0.0707606	-0.0748167	-0.0565707	-0.0404265	-0.048669	-0.0911553	-0.149893	-0.22055	-0.288605	-0.360883	-0.41234	-0.427544	-0.386577	-0.297644	-0.159836	0.0110696	0.187588	0.346932	0.502628	0.669324	0.855389	1.0228	1.15087	
-0.0640099	-0.064534	-0.0674482	-0.062917	-0.0467489	-0.045845	-0.0743485	-0.129943	-0.200993	-0.279037	-0.344649	-0.392718	-0.417271	-0.404731	-0.341334	-0.223906	-0.0598853	0.127499	0.307851	0.458686	0.598098	0.744814	0.900298	1.03496	1.12423	
-0.0747189	-0.068806	-0.0643865	-0.0564699	-0.0529258	-0.0727737	-0.119432	-0.185948	-0.264812	-0.342863	-0.39137	-0.41171	-0.404927	-0.367664	-0.275512	-0.13064	0.0547387	0.250601	0.426812	0.568496	0.691839	0.812841	0.936101	1.02834	1.07922	
-0.0754493	-0.0644828	-0.0554078	-0.0572331	-0.0748103	-0.115019	-0.1727	-0.248318	-0.329085	-0.395377	-0.41751	-0.405486	-0.371636	-0.305641	-0.186426	-0.0158156	0.18082	0.37407	0.542388	0.670194	0.775444	0.866821	0.948738	1.00083	1.01403	
-0.0698062	-0.0526422	-0.0481171	-0.0705001	-0.11402	-0.166625	-0.232105	-0.309326	-0.383995	-0.426149	-0.416829	-0.373931	-0.311054	-0.217675	-0.0702113	0.115694	0.314221	0.497771	0.651752	0.764942	0.843763	0.898413	0.935804	0.943932	0.927994	
-0.0599659	-0.044676	-0.0553765	-0.102666	-0.163228	-0.225601	-0.292829	-0.365556	-0.419277	-0.432645	-0.392666	-0.321084	-0.230312	-0.108171	0.0565656	0.248534	0.437379	0.606383	0.745107	0.8365	0.886467	0.899609	0.89381	0.869102	0.83307	
-0.0572974	-0.0591987	-0.0946007	-0.157212	-0.226839	-0.292837	-0.359179	-0.412197	-0.436642	-0.417835	-0.351598	-0.251458	-0.129986	0.014914	0.189898	0.374716	0.551385	0.704418	0.824891	0.89232	0.905107	0.87785	0.83355	0.783551	0.74002	
-0.0695744	-0.0988172	-0.153224	-0.223334	-0.294298	-0.360134	-0.412026	-0.436356	-0.425475	-0.378546	-0.286249	-0.156454	-0.00716046	0.154379	0.32584	0.499754	0.65988	0.797407	0.895826	0.930719	0.9047	0.836083	0.761125	0.695597	0.650444	
-0.0990437	-0.147138	-0.210122	-0.282322	-0.352149	-0.404177	-0.42943	-0.418841	-0.377473	-0.30367	-0.185056	-0.0278996	0.141193	0.304103	0.464507	0.618829	0.761649	0.875682	0.943007	0.93777	0.867476	0.763273	0.665374	0.59436	0.556774	
-0.154519	-0.210196	-0.273833	-0.345589	-0.403831	-0.428207	-0.418161	-0.376564	-0.309099	-0.20898	-0.0644217	0.112722	0.285955	0.440289	0.581188	0.717086	0.836382	0.922604	0.95179	0.904775	0.797672	0.668889	0.563876	0.500127	0.479321	
-0.225384	-0.28358	-0.345744	-0.40634	-0.438933	-0.427384	-0.383385	-0.315388	-0.222331	-0.0955414	0.0710731	0.254595	0.420898	0.557873	0.681491	0.795459	0.889446	0.939927	0.929849	0.845435	0.712257	0.573409	0.47326	0.425463	0.423803	
-0.295002	-0.354261	-0.405247	-0.439729	-0.438036	-0.392439	-0.320491	-0.225549	-0.106446	0.0445684	0.220567	0.399485	0.548786	0.669247	0.773063	0.864167	0.924024	0.935446	0.885759	0.772156	0.623396	0.484775	0.395717	0.364604	0.380688	
-0.358217	-0.404816	-0.4299	-0.429212	-0.394101	-0.321941	-0.222638	-0.100798	0.0430951	0.204058	0.37686	0.538334	0.668993	0.768129	0.849303	0.9071	0.926622	0.895222	0.812021	0.678338	0.526621	0.396252	0.323942	0.311356	0.342718	
-0.409116	-0.427726	-0.418119	-0.384374	-0.322583	-0.224475	-0.0989524	0.0492968	0.20429	0.362861	0.518431	0.661471	0.769746	0.846133	0.895445	0.914193	0.89039	0.822188	0.715407	0.575724	0.430136	0.316441	0.262412	0.267558	0.314865	
-0.434747	-0.416554	-0.375056	-0.314548	-0.226022	-0.102341	0.048502	0.208558	0.362576	0.503533	0.640555	0.760889	0.846307	0.890374	0.901028	0.876895	0.814711	0.72079	0.605282	0.471018	0.343346	0.249493	0.217281	0.240615	0.300525	
-0.425337	-0.37597	-0.307674	-0.220932	-0.105548	0.0428663	0.204237	0.363353	0.501137	0.624275	0.739279	0.83847	0.892903	0.899178	0.867664	0.80533	0.717334	0.612564	0.501362	0.383613	0.275804	0.205102	0.191299	0.228993	0.301167	
-0.379203	-0.302761	-0.207854	-0.094442	0.0456064	0.204238	0.363072	0.505046	0.625845	0.727435	0.822415	0.891409	0.908936	0.872338	0.80163	0.712842	0.612699	0.511981	0.415835	0.317794	0.234029	0.182148	0.185191	0.234216	0.311108	
-0.288138	-0.185052	-0.0634461	0.0721897	0.221754	0.377183	0.518273	0.641706	0.741393	0.823617	0.889669	0.922385	0.896891	0.819628	0.720675	0.617338	0.519969	0.431433	0.352586	0.274258	0.205766	0.16853	0.180134	0.232497	0.312247	
-0.159979	-0.0298803	0.112472	0.255197	0.400763	0.53916	0.661416	0.761684	0.840625	0.893209	0.923041	0.911025	0.842496	0.733474	0.616488	0.513275	0.425601	0.353896	0.292873	0.228518	0.175083	0.147515	0.167421	0.225472	0.306901	
-0.0112338	0.137364	0.283615	0.419703	0.548865	0.669468	0.769578	0.846798	0.895134	0.911466	0.898431	0.843295	0.742459	0.614455	0.497872	0.404415	0.335719	0.283502	0.238384	0.189203	0.146287	0.130187	0.159335	0.222748	0.31118	
0.15118	0.299965	0.436726	0.554931	0.667377	0.767024	0.844622	0.889412	0.900382	0.87479	0.821714	0.735077	0.615507	0.488262	0.382911	0.31059	0.263707	0.231373	0.203446	0.16564	0.136088	0.13127	0.170538	0.242563	0.336253	
0.32363	0.461046	0.577749	0.67814	0.770187	0.846947	0.892406	0.897901	0.866534	0.802371	0.721718	0.617495	0.498829	0.383193	0.300843	0.251341	0.226118	0.212073	0.194894	0.167449	0.145555	0.149296	0.196185	0.271129	0.36686	
0.497945	0.615804	0.713965	0.792394	0.861363	0.904701	0.910843	0.872584	0.802232	0.71154	0.616499	0.512458	0.403753	0.309523	0.250022	0.221682	0.214014	0.210593	0.20139	0.177497	0.161183	0.171169	0.222376	0.299202	0.395229	
0.658701	0.758986	0.833279	0.886365	0.921236	0.924479	0.887509	0.810427	0.713556	0.610445	0.518078	0.423461	0.333518	0.260981	0.222854	0.211741	0.21435	0.21863	0.210256	0.188091	0.174139	0.187831	0.241828	0.31871	0.411686	
0.797808	0.874267	0.920087	0.936971	0.93248	0.892958	0.819512	0.716633	0.608537	0.509421	0.42935	0.351455	0.280812	0.227985	0.207768	0.206768	0.2168	0.221833	0.212548	0.189073	0.176055	0.193002	0.249184	0.324309	0.416166	
0.898174	0.94371	0.950994	0.928092	0.883418	0.810027	0.71298	0.601158	0.496932	0.412776	0.350203	0.290224	0.235504	0.199897	0.190263	0.196881	0.207506	0.211619	0.198152	0.172815	0.161066	0.182924	0.241346	0.31978	0.411721	
0.934296	0.940357	0.906059	0.84571	0.771557	0.67776	0.574557	0.467777	0.379405	0.314547	0.271618	0.225552	0.185945	0.161733	0.162375	0.172299	0.184501	0.187359	0.172113	0.148749	0.143658	0.174228	0.242453	0.327067	0.425234	
0.908595	0.870973	0.800301	0.71423	0.624686	0.528029	0.431114	0.342133	0.273105	0.231821	0.203918	0.172653	0.143288	0.132248	0.140311	0.155466	0.169769	0.173511	0.159554	0.142819	0.147154	0.19318	0.27172	0.367799	0.475197	
0.840079	0.767074	0.67202	0.576159	0.487142	0.399075	0.319308	0.25047	0.204512	0.181902	0.168598	0.146873	0.128753	0.128779	0.145114	0.166103	0.183748	0.190553	0.181395	0.173237	0.192927	0.253451	0.344796	0.451588	0.562739	
0.765561	0.669617	0.567376	0.476354	0.398478	0.327329	0.266246	0.219624	0.192255	0.186644	0.182145	0.168898	0.160082	0.170247	0.194125	0.219205	0.239393	0.24824	0.241223	0.242739	0.272628	0.345919	0.44497	0.555268	0.668492	
0.700555	0.599294	0.504306	0.429134	0.367814	0.315113	0.271869	0.243607	0.230685	0.236538	0.235643	0.228362	0.225135	0.244125	0.271067	0.298054	0.318286	0.32541	0.321746	0.329442	0.370783	0.45481	0.557403	0.672572	0.780225	
0.655299	0.562041	0.484109	0.428215	0.384646	0.347164	0.319844	0.304169	0.303434	0.313961	0.315997	0.310515	0.314426	0.338837	0.367974	0.39536	0.412631	0.418758	0.415306	0.429321	0.479967	0.567828	0.672572	0.78221	0.879935	
