0.254032	0.513743	0.731065	0.896616	1.00643	1.04447	0.993307	0.857028	0.667625	0.469618	0.299226	0.173492	0.091997	0.0448374	0.0201797	0.00842308	0.0032735	0.00118873	0.000404644	0.000129494	3.90624e-05	1.11337e-05	3.00466e-06	7.67574e-07	1.77759e-07	
0.374522	0.616978	0.810287	0.950795	1.03187	1.03521	0.949206	0.788345	0.591126	0.400653	0.246364	0.138093	0.0709138	0.0335254	0.0146581	0.00595191	0.00225297	0.000797751	0.000265057	8.28692e-05	2.44422e-05	6.81692e-06	1.80144e-06	4.50992e-07	1.02582e-07	
0.49466	0.71441	0.881556	0.994947	1.04381	1.01006	0.890743	0.710635	0.512041	0.333931	0.19792	0.107131	0.0532222	0.0243832	0.0103473	0.00408363	0.00150433	0.00051898	0.000168179	5.13317e-05	1.47934e-05	4.03454e-06	1.04333e-06	2.55816e-07	5.71166e-08	
0.610541	0.803439	0.942851	1.02649	1.03956	0.967708	0.818738	0.626209	0.432906	0.271301	0.154818	0.0808427	0.038818	0.017219	0.00708618	0.00271602	0.00097297	0.000326808	0.00010322	3.07366e-05	8.64972e-06	2.30541e-06	5.83077e-07	1.39942e-07	3.06534e-08	
0.718333	0.881755	0.991926	1.04249	1.01673	0.907833	0.735117	0.538045	0.356367	0.21437	0.117663	0.0592198	0.027461	0.011785	0.00469989	0.00174827	0.000608634	0.000198912	6.11963e-05	1.77683e-05	4.87998e-06	1.27045e-06	3.14102e-07	7.37561e-08	1.58422e-08	
0.814665	0.947245	1.02613	1.03986	0.973645	0.831425	0.64291	0.449563	0.284931	0.164355	0.0866961	0.0420243	0.0188061	0.00780309	0.00301374	0.00108735	0.000367667	0.000116852	3.50003e-05	9.90398e-06	2.65345e-06	6.74455e-07	1.62936e-07	3.74174e-08	7.87765e-09	
0.89684	0.997707	1.04231	1.01575	0.909902	0.740988	0.546067	0.3643	0.220714	0.121982	0.0617939	0.0288304	0.0124437	0.00498926	0.00186525	0.000652424	0.000214168	6.61649e-05	1.92864e-05	5.31663e-06	1.38899e-06	3.4458e-07	8.13127e-08	1.82558e-08	3.76595e-09	
0.962718	1.0305	1.03702	0.968246	0.826865	0.640524	0.449099	0.285518	0.165225	0.0874348	0.0425147	0.0190828	0.00794062	0.00307526	0.00111244	0.000377086	0.00012013	3.60636e-05	1.02269e-05	2.74563e-06	6.99271e-07	1.69264e-07	3.90051e-08	8.55927e-09	1.72957e-09	
1.01026	1.0423	1.0071	0.8971	0.727936	0.535226	0.356561	0.215842	0.119233	0.0603897	0.0281752	0.0121627	0.00487786	0.00182423	0.00063834	0.000209643	6.47999e-05	1.88988e-05	5.21275e-06	1.36266e-06	3.38253e-07	7.98739e-08	1.79711e-08	3.85373e-09	7.62633e-10	
1.03689	1.02937	0.950587	0.804448	0.618465	0.430892	0.272483	0.15697	0.0827469	0.0401031	0.0179496	0.00745102	0.00287964	0.00103981	0.000351922	0.000111965	3.35738e-05	9.51154e-06	2.55144e-06	6.49347e-07	1.57084e-07	3.61819e-08	7.94736e-09	1.66524e-09	3.22682e-10	
1.03911	0.988328	0.86784	0.695109	0.505204	0.333137	0.199861	0.109541	0.0551001	0.0255525	0.0109721	0.00437977	0.00163118	0.000568697	0.000186163	5.73755e-05	1.66903e-05	4.59294e-06	1.19816e-06	2.96868e-07	6.99849e-08	1.57233e-08	3.37151e-09	6.90247e-10	1.30957e-10	
1.0128	0.917611	0.762452	0.576282	0.395352	0.246587	0.140328	0.0731805	0.0351305	0.0155921	0.00642424	0.0024664	0.000885339	0.000298064	9.4382e-05	2.81815e-05	7.95341e-06	2.12612e-06	5.39419e-07	1.30123e-07	2.98951e-08	6.55146e-09	1.37145e-09	2.74344e-10	5.09598e-11	
0.954701	0.819019	0.641413	0.45654	0.295407	0.174258	0.0940879	0.0467035	0.0214056	0.00909615	0.00359745	0.00132879	0.000459859	0.00014954	4.58145e-05	1.32558e-05	3.63015e-06	9.42836e-07	2.32675e-07	5.46527e-08	1.2238e-08	2.61633e-09	5.34733e-10	1.04525e-10	1.90095e-11	
0.864529	0.698655	0.514275	0.344345	0.21013	0.117277	0.0601138	0.0284204	0.0124442	0.0050659	0.00192415	0.000684108	0.000228347	7.17501e-05	2.12753e-05	5.96671e-06	1.58598e-06	4.00302e-07	9.61104e-08	2.19862e-08	4.79935e-09	1.0011e-09	1.99797e-10	3.81681e-11	6.79668e-12	
0.746928	0.566536	0.391394	0.246496	0.141933	0.0750088	0.0365326	0.0164647	0.00689289	0.00269012	0.000981948	0.000336242	0.000108306	3.28987e-05	9.44545e-06	2.56863e-06	6.62909e-07	1.62651e-07	3.80042e-08	8.46917e-09	1.80263e-09	3.6695e-10	7.15276e-11	1.33564e-11	2.32906e-12	
0.611842	0.434704	0.28179	0.167033	0.0908473	0.0455143	0.0210873	0.00906934	0.00363375	0.00136077	0.000477718	0.000157658	4.90361e-05	1.44072e-05	4.0071e-06	1.05712e-06	2.64998e-07	6.32296e-08	1.43824e-08	3.12322e-09	6.48373e-10	1.28838e-10	2.45341e-11	4.47903e-12	7.64955e-13	
0.472725	0.314477	0.191424	0.106933	0.0550155	0.026167	0.0115482	0.0047455	0.00182167	0.000655215	0.000221422	7.04827e-05	2.11828e-05	6.02359e-06	1.62389e-06	4.15799e-07	1.01291e-07	2.35127e-08	5.20854e-09	1.10256e-09	2.23318e-10	4.33304e-11	8.06301e-12	1.43952e-12	2.4083e-13	
0.343158	0.213928	0.122466	0.0645841	0.0314864	0.0142408	0.00599555	0.00235717	0.000867972	0.000300167	9.77369e-05	3.00334e-05	8.72839e-06	2.40386e-06	6.2853e-07	1.56289e-07	3.70169e-08	8.36347e-09	1.80503e-09	3.72612e-10	7.36592e-11	1.39602e-11	2.53925e-12	4.43462e-13	7.26908e-14	
0.233431	0.136614	0.0737004	0.0367682	0.017019	0.00733256	0.00294967	0.00111107	0.00039294	0.000130801	4.10769e-05	1.21959e-05	3.43018e-06	9.156e-07	2.32338e-07	5.61374e-08	1.29343e-08	2.84576e-09	5.98656e-10	1.20563e-10	2.32702e-11	4.30935e-12	7.66446e-13	1.30976e-13	2.10402e-14	
0.148579	0.0818232	0.0416979	0.0197235	0.00868553	0.00357129	0.00137491	0.000496911	0.000169003	5.42133e-05	1.64372e-05	4.71966e-06	1.28572e-06	3.32869e-07	8.20312e-08	1.92712e-08	4.32177e-09	9.26415e-10	1.90052e-10	3.73559e-11	7.04272e-12	1.27486e-12	2.21787e-13	3.70978e-14	5.84179e-15	
0.0884401	0.0459533	0.0221778	0.00996924	0.00418536	0.00164541	0.000607255	0.000210886	6.90649e-05	2.13746e-05	6.26334e-06	1.74085e-06	4.59722e-07	1.15529e-07	2.76685e-08	6.3239e-09	1.38118e-09	2.88613e-10	5.77669e-11	1.1087e-11	2.04254e-12	3.61551e-13	6.1547e-14	1.00801e-14	1.5564e-15	
0.0492376	0.0242069	0.0110925	0.00474959	0.00190495	0.00071736	0.000254209	8.49509e-05	2.68247e-05	8.01877e-06	2.27327e-06	6.12188e-07	1.56849e-07	3.82893e-08	8.91801e-09	1.98433e-09	4.22325e-10	8.60726e-11	1.68168e-11	3.15302e-12	5.6786e-13	9.83309e-14	1.63852e-14	2.62845e-15	3.98049e-16	
0.0256566	0.0119686	0.00522071	0.00213416	0.000819387	0.000296097	0.000100911	3.24962e-05	9.90622e-06	2.86356e-06	7.86198e-07	2.05327e-07	5.10824e-08	1.21227e-08	2.7478e-09	5.95603e-10	1.23598e-10	2.45821e-11	4.69058e-12	8.59529e-13	1.51399e-13	2.56564e-14	4.18642e-15	6.58016e-16	9.77636e-17	
0.0125259	0.00555973	0.0023142	0.00090515	0.000333321	0.000115784	3.80078e-05	1.1811e-05	3.48021e-06	9.73898e-07	2.59213e-07	6.5712e-08	1.58876e-08	3.66815e-09	8.09712e-10	1.71081e-10	3.46363e-11	6.72609e-12	1.25406e-12	2.24701e-13	3.87259e-14	6.42503e-15	1.027e-15	1.58221e-16	2.30693e-17	
0.00573718	0.00242928	0.000967167	0.000362699	0.000128343	4.29261e-05	1.35927e-05	4.08143e-06	1.16385e-06	3.15633e-07	8.15205e-08	2.00778e-08	4.72139e-09	1.06131e-09	2.28305e-10	4.70501e-11	9.29857e-12	1.76402e-12	3.21532e-13	5.63588e-14	9.5078e-15	1.545e-15	2.42014e-16	3.65579e-17	5.23253e-18	
0.00246887	0.000999724	0.000381537	0.000137455	4.68202e-05	1.51017e-05	4.61939e-06	1.34195e-06	3.7075e-07	9.7543e-08	2.44699e-08	5.86026e-09	1.34138e-09	2.93778e-10	6.16277e-11	1.23954e-11	2.3927e-12	4.43671e-13	7.90969e-14	1.3569e-14	2.24168e-15	3.5692e-16	5.48099e-17	8.12085e-18	1.14135e-18	
0.000999724	0.000388029	0.000142248	4.93225e-05	1.61988e-05	5.04617e-06	1.49306e-06	4.20144e-07	1.12585e-07	2.87646e-08	7.01522e-09	1.63502e-09	3.64562e-10	7.78465e-11	1.59352e-11	3.12998e-12	5.90453e-13	1.0707e-13	1.86789e-14	3.13751e-15	5.0781e-16	7.92538e-17	1.19356e-17	1.73517e-18	2.39537e-19	
0.000381537	0.000142248	5.01857e-05	1.67766e-05	5.32079e-06	1.60307e-06	4.59378e-07	1.2536e-07	3.26163e-08	8.10004e-09	1.92219e-09	4.36336e-10	9.48426e-11	1.97591e-11	3.94933e-12	7.57983e-13	1.39815e-13	2.48064e-14	4.23681e-15	6.97123e-16	1.10585e-16	1.6924e-17	2.50048e-18	3.56796e-19	4.83942e-20	
0.000137455	4.93225e-05	1.67766e-05	5.41559e-06	1.66105e-06	4.84644e-07	1.34668e-07	3.56775e-08	9.02176e-09	2.17979e-09	5.03746e-10	1.11459e-10	2.3634e-11	4.8071e-12	9.38723e-13	1.76146e-13	3.17866e-14	5.52073e-15	9.23552e-16	1.48921e-16	2.31626e-17	3.47734e-18	5.0422e-19	7.06421e-20	9.41682e-21	
4.68202e-05	1.61988e-05	5.32079e-06	1.66105e-06	4.93369e-07	1.39576e-07	3.76497e-08	9.69346e-09	2.38455e-09	5.61016e-10	1.26359e-10	2.72712e-11	5.645e-12	1.12167e-12	2.14128e-13	3.93046e-14	6.94248e-15	1.18091e-15	1.93582e-16	3.06031e-17	4.66888e-18	6.87841e-19	9.79184e-20	1.3474e-20	1.76575e-21	
1.51017e-05	5.04617e-06	1.60307e-06	4.84644e-07	1.39576e-07	3.83309e-08	1.00477e-08	2.51647e-09	6.0275e-10	1.382e-10	3.036e-11	6.39591e-12	1.29325e-12	2.51189e-13	4.69038e-14	8.42638e-15	1.45756e-15	2.42928e-16	3.9039e-17	6.05315e-18	9.06173e-19	1.31057e-19	1.83226e-20	2.47713e-21	3.19222e-22	
4.61939e-06	1.49306e-06	4.59378e-07	1.34668e-07	3.76497e-08	1.00477e-08	2.56204e-09	6.24761e-10	1.45828e-10	3.26103e-11	6.99237e-12	1.43886e-12	2.84372e-13	5.40226e-14	9.87227e-15	1.73674e-15	2.94333e-16	4.80877e-17	7.57894e-18	1.15305e-18	1.69442e-19	2.40654e-20	3.30535e-21	4.39183e-22	5.56698e-23	
1.34195e-06	4.20144e-07	1.2536e-07	3.56775e-08	9.69346e-09	2.51647e-09	6.24761e-10	1.48463e-10	3.37969e-11	7.3765e-12	1.54488e-12	3.10711e-13	6.00585e-14	1.11654e-14	1.99792e-15	3.44343e-16	5.72025e-17	9.16513e-18	1.41724e-18	2.11642e-19	3.05406e-20	4.26111e-21	5.75154e-22	7.51297e-23	9.36986e-24	
3.7075e-07	1.12585e-07	3.26163e-08	9.02176e-09	2.38455e-09	6.0275e-10	1.45828e-10	3.37969e-11	7.50915e-12	1.60077e-12	3.27667e-13	6.44509e-14	1.21911e-14	2.21914e-15	3.89014e-16	6.57169e-17	1.07056e-17	1.68285e-18	2.55418e-19	3.74533e-20	5.30907e-21	7.27916e-22	9.65864e-23	1.24071e-23	1.52284e-24	
9.7543e-08	2.87646e-08	8.10004e-09	2.17979e-09	5.61016e-10	1.382e-10	3.26103e-11	7.3765e-12	1.60077e-12	3.33521e-13	6.67655e-14	1.28509e-14	2.38e-15	4.24409e-16	7.29205e-17	1.20797e-17	1.93057e-18	2.97854e-19	4.43888e-20	6.39365e-21	8.90589e-22	1.20032e-22	1.56616e-23	1.979e-24	2.39111e-25	
2.44699e-08	7.01522e-09	1.92219e-09	5.03746e-10	1.26359e-10	3.036e-11	6.99237e-12	1.54488e-12	3.27667e-13	6.67655e-14	1.30787e-14	2.46474e-15	4.47167e-16	7.81543e-17	1.31674e-17	2.13989e-18	3.35652e-19	5.08462e-20	7.44306e-21	1.05345e-21	1.4424e-22	1.91159e-23	2.45341e-24	3.05038e-25	3.629e-26	
5.86026e-09	1.63502e-09	4.36336e-10	1.11459e-10	2.72712e-11	6.39591e-12	1.43886e-12	3.10711e-13	6.44509e-14	1.28509e-14	2.46474e-15	4.5502e-16	8.09097e-17	1.38663e-17	2.29183e-18	3.6554e-19	5.62956e-20	8.37637e-21	1.20482e-21	1.67616e-22	2.25666e-23	2.94171e-24	3.71478e-25	4.5458e-26	5.32632e-27	
1.34138e-09	3.64562e-10	9.48426e-11	2.3634e-11	5.645e-12	1.29325e-12	2.84372e-13	6.00585e-14	1.21911e-14	2.38e-15	4.47167e-16	8.09097e-17	1.41074e-17	2.37179e-18	3.84729e-19	6.02477e-20	9.1135e-21	1.33239e-21	1.88375e-22	2.57683e-23	3.41231e-24	4.37653e-25	5.43928e-26	6.55279e-27	7.56361e-28	
2.93778e-10	7.78465e-11	1.97591e-11	4.8071e-12	1.12167e-12	2.51189e-13	5.40226e-14	1.11654e-14	2.21914e-15	4.24409e-16	7.81543e-17	1.38663e-17	2.37179e-18	3.91345e-19	6.23261e-20	9.58641e-21	1.42483e-21	2.04751e-22	2.84628e-23	3.82954e-24	4.98941e-25	6.29797e-26	7.70562e-27	9.14136e-28	1.03968e-28	
6.16277e-11	1.59352e-11	3.94933e-12	9.38723e-13	2.14128e-13	4.69038e-14	9.87227e-15	1.99792e-15	3.89014e-16	7.29205e-17	1.31674e-17	2.29183e-18	3.84729e-19	6.23261e-20	9.74941e-21	1.47341e-21	2.15248e-22	3.04132e-23	4.15829e-24	5.50449e-25	7.05804e-26	8.77048e-27	1.05667e-27	1.23472e-28	1.384e-29	
1.23954e-11	3.12998e-12	7.57983e-13	1.76146e-13	3.93046e-14	8.42638e-15	1.73674e-15	3.44343e-16	6.57169e-17	1.20797e-17	2.13989e-18	3.6554e-19	6.02477e-20	9.58641e-21	1.47341e-21	2.18866e-22	3.14377e-23	4.36887e-24	5.87695e-25	7.65621e-26	9.66415e-27	1.18251e-27	1.40326e-28	1.61546e-29	1.78501e-30	
2.3927e-12	5.90453e-13	1.39815e-13	3.17866e-14	6.94248e-15	1.45756e-15	2.94333e-16	5.72025e-17	1.07056e-17	1.93057e-18	3.35652e-19	5.62956e-20	9.1135e-21	1.42483e-21	2.15248e-22	3.14377e-23	4.4414e-24	6.07248e-25	8.03907e-26	1.03097e-26	1.28143e-27	1.54436e-28	1.80552e-29	2.04829e-30	2.23152e-31	
4.43671e-13	1.0707e-13	2.48064e-14	5.52073e-15	1.18091e-15	2.42928e-16	4.80877e-17	9.16513e-18	1.68285e-18	2.97854e-19	5.08462e-20	8.37637e-21	1.33239e-21	2.04751e-22	3.04132e-23	4.36887e-24	6.07248e-25	8.17087e-26	1.06484e-26	1.34469e-27	1.64619e-28	1.95458e-29	2.2518e-30	2.51794e-31	2.70526e-32	
7.90969e-14	1.86789e-14	4.23681e-15	9.23552e-16	1.93582e-16	3.9039e-17	7.57894e-18	1.41724e-18	2.55418e-19	4.43888e-20	7.44306e-21	1.20482e-21	1.88375e-22	2.84628e-23	4.15829e-24	5.87695e-25	8.03907e-26	1.06484e-26	1.36647e-27	1.69959e-28	2.04983e-29	2.39834e-30	2.72338e-31	3.00225e-32	3.18162e-33	
1.3569e-14	3.13751e-15	6.97123e-16	1.48921e-16	3.06031e-17	6.05315e-18	1.15305e-18	2.11642e-19	3.74533e-20	6.39365e-21	1.05345e-21	1.67616e-22	2.57683e-23	3.82954e-24	5.50449e-25	7.65621e-26	1.03097e-26	1.34469e-27	1.69959e-28	2.0826e-29	2.47513e-30	2.85438e-31	3.19541e-32	3.47358e-33	3.63161e-34	
2.24168e-15	5.0781e-16	1.10585e-16	2.31626e-17	4.66888e-18	9.06173e-19	1.69442e-19	3.05406e-20	5.30907e-21	8.90589e-22	1.4424e-22	2.25666e-23	3.41231e-24	4.98941e-25	7.05804e-26	9.66415e-27	1.28143e-27	1.64619e-28	2.04983e-29	2.47513e-30	2.89942e-31	3.2964e-32	3.63885e-33	3.90135e-34	4.02475e-35	
3.5692e-16	7.92538e-17	1.6924e-17	3.47734e-18	6.87841e-19	1.31057e-19	2.40654e-20	4.26111e-21	7.27916e-22	1.20032e-22	1.91159e-23	2.94171e-24	4.37653e-25	6.29797e-26	8.77048e-27	1.18251e-27	1.54436e-28	1.95458e-29	2.39834e-30	2.85438e-31	3.2964e-32	3.69554e-33	4.02345e-34	4.25536e-35	4.3325e-36	
5.48099e-17	1.19356e-17	2.50048e-18	5.0422e-19	9.79184e-20	1.83226e-20	3.30535e-21	5.75154e-22	9.65864e-23	1.56616e-23	2.45341e-24	3.71478e-25	5.43928e-26	7.70562e-27	1.05667e-27	1.40326e-28	1.80552e-29	2.2518e-30	2.72338e-31	3.19541e-32	3.63885e-33	4.02345e-34	4.32119e-35	4.50931e-36	4.53176e-37	
8.12085e-18	1.73517e-18	3.56796e-19	7.06421e-20	1.3474e-20	2.47713e-21	4.39183e-22	7.51297e-23	1.24071e-23	1.979e-24	3.05038e-25	4.5458e-26	6.55279e-27	9.14136e-28	1.23472e-28	1.61546e-29	2.04829e-30	2.51794e-31	3.00225e-32	3.47358e-33	3.90135e-34	4.25536e-35	4.50931e-36	4.64373e-37	4.60737e-38	
1.14135e-18	2.39537e-19	4.83942e-20	9.41682e-21	1.76575e-21	3.19222e-22	5.56698e-23	9.36986e-24	1.52284e-24	2.39111e-25	3.629e-26	5.32632e-27	7.56361e-28	1.03968e-28	1.384e-29	1.78501e-30	2.23152e-31	2.70526e-32	3.18162e-33	3.63161e-34	4.02475e-35	4.3325e-36	4.53176e-37	4.60737e-38	4.51476e-39	
