0.289829	0.197463	0.0796024	-0.0294286	-0.124084	-0.212454	-0.308018	-0.410239	-0.509239	-0.588723	-0.633428	-0.654682	-0.657605	-0.639698	-0.588064	-0.515117	-0.440464	-0.379208	-0.348875	-0.336638	-0.32909	-0.319732	-0.313502	-0.323825	-0.351885	
0.196705	0.0876823	-0.0351316	-0.152446	-0.262	-0.362308	-0.454813	-0.540124	-0.607956	-0.63889	-0.634116	-0.600651	-0.549101	-0.484603	-0.396871	-0.297724	-0.19923	-0.121187	-0.0710326	-0.0468687	-0.0505261	-0.0619462	-0.088927	-0.135026	-0.189095	
0.0781117	-0.0360702	-0.166074	-0.302579	-0.431099	-0.539353	-0.62241	-0.680322	-0.700646	-0.683562	-0.63	-0.539962	-0.430003	-0.316045	-0.198195	-0.0761566	0.039965	0.131209	0.203014	0.235832	0.220338	0.185567	0.128569	0.0541007	-0.0235298	
-0.0316844	-0.153591	-0.302652	-0.464066	-0.609105	-0.71677	-0.781657	-0.804044	-0.782136	-0.714577	-0.600367	-0.451322	-0.29139	-0.139998	-0.0019	0.135145	0.263521	0.365905	0.445849	0.474887	0.445822	0.390803	0.320652	0.233428	0.143432	
-0.126462	-0.263448	-0.431495	-0.609139	-0.75757	-0.85835	-0.905656	-0.900914	-0.835158	-0.708826	-0.531398	-0.334647	-0.138591	0.0380261	0.18862	0.332832	0.463827	0.564611	0.633534	0.653899	0.615724	0.547226	0.468007	0.380862	0.29711	
-0.2151	-0.36398	-0.540287	-0.71744	-0.859372	-0.948907	-0.980004	-0.941932	-0.829736	-0.650449	-0.425627	-0.19654	0.0233404	0.215221	0.375506	0.512304	0.629138	0.713707	0.764171	0.770909	0.72405	0.650103	0.567735	0.488013	0.412774	
-0.309561	-0.455916	-0.623089	-0.782139	-0.906712	-0.980325	-0.984824	-0.907106	-0.75805	-0.547336	-0.298796	-0.0495976	0.181089	0.377923	0.534544	0.653139	0.749249	0.811324	0.840578	0.83064	0.781166	0.709219	0.631538	0.562574	0.492655	
-0.410462	-0.540087	-0.679791	-0.8036	-0.901056	-0.942143	-0.907165	-0.797883	-0.632351	-0.409639	-0.155064	0.0957574	0.315817	0.498938	0.641404	0.745632	0.818183	0.850558	0.856143	0.837208	0.796597	0.732631	0.66224	0.600435	0.540096	
-0.508156	-0.60744	-0.700036	-0.781754	-0.835066	-0.829934	-0.758083	-0.632552	-0.45619	-0.236618	-0.00188675	0.223727	0.41694	0.575666	0.694693	0.777438	0.820862	0.828747	0.818654	0.79369	0.754805	0.708987	0.661464	0.606315	0.552138	
-0.586179	-0.636767	-0.68188	-0.713462	-0.708465	-0.650746	-0.548135	-0.410313	-0.236682	-0.0457453	0.153699	0.345293	0.507693	0.626194	0.703023	0.751919	0.768647	0.752894	0.726079	0.692206	0.654251	0.631784	0.611595	0.574542	0.530851	
-0.629699	-0.630875	-0.627798	-0.599033	-0.53127	-0.42627	-0.300781	-0.157217	-0.00372359	0.1523	0.313069	0.465076	0.587233	0.660975	0.695677	0.709183	0.69157	0.637305	0.58517	0.548672	0.525574	0.517368	0.509753	0.491747	0.476771	
-0.65095	-0.597294	-0.537539	-0.450219	-0.334814	-0.197493	-0.0521911	0.0928506	0.221402	0.343449	0.464023	0.570001	0.648068	0.690708	0.694207	0.664406	0.602002	0.515092	0.44253	0.397817	0.380306	0.380478	0.386395	0.390604	0.403525	
-0.652775	-0.545118	-0.427069	-0.290229	-0.138396	0.0232513	0.180044	0.314289	0.41584	0.506675	0.586696	0.647968	0.690456	0.70877	0.674397	0.597177	0.505691	0.413916	0.328008	0.263964	0.23967	0.245112	0.274969	0.311083	0.340079	
-0.635477	-0.480811	-0.312698	-0.138295	0.0388382	0.215946	0.377893	0.498294	0.575319	0.625704	0.660586	0.690129	0.708494	0.690566	0.616468	0.514799	0.417446	0.32572	0.23309	0.168299	0.14575	0.151443	0.186412	0.243049	0.290232	
-0.585192	-0.394167	-0.195679	-0.000423787	0.189511	0.376755	0.535485	0.641756	0.694339	0.702091	0.695092	0.693834	0.67453	0.616959	0.530129	0.431849	0.330347	0.239009	0.167312	0.123052	0.107208	0.110611	0.137207	0.18614	0.236321	
-0.514463	-0.297289	-0.0754239	0.135706	0.333326	0.51336	0.654183	0.746388	0.777141	0.750939	0.708627	0.664136	0.597307	0.515375	0.431816	0.337891	0.240879	0.176357	0.140398	0.112634	0.0940656	0.0968577	0.123664	0.15607	0.188824	
-0.441651	-0.200893	0.0384449	0.262319	0.463162	0.629146	0.749878	0.819219	0.82066	0.767351	0.691004	0.602085	0.505943	0.417642	0.329734	0.240421	0.176508	0.152248	0.139429	0.122672	0.109833	0.108492	0.123622	0.146565	0.160319	
-0.381495	-0.124165	0.128592	0.364326	0.564204	0.713857	0.812008	0.851934	0.82936	0.752777	0.638136	0.51642	0.415119	0.326499	0.238972	0.176412	0.152643	0.15342	0.151237	0.152784	0.155659	0.143596	0.131336	0.135088	0.139055	
-0.351223	-0.0737757	0.20042	0.444266	0.63327	0.764298	0.841126	0.85784	0.820248	0.727339	0.587477	0.445506	0.330816	0.234846	0.167765	0.140675	0.139972	0.151667	0.166313	0.186348	0.196323	0.182149	0.151228	0.130458	0.123882	
-0.339682	-0.0503337	0.232587	0.472723	0.653215	0.770728	0.830597	0.838103	0.795179	0.694536	0.552296	0.401929	0.267925	0.171105	0.124242	0.113132	0.122934	0.153284	0.187139	0.212484	0.223858	0.210402	0.173273	0.134696	0.108905	
-0.333393	-0.0545289	0.216964	0.443279	0.614568	0.723728	0.781276	0.797768	0.757042	0.657675	0.529711	0.384518	0.244118	0.149353	0.109176	0.0951835	0.110281	0.156122	0.197223	0.224055	0.2364	0.223108	0.1825	0.135423	0.0969026	
-0.325068	-0.0667337	0.182011	0.388353	0.546243	0.650379	0.710303	0.734321	0.711401	0.635607	0.521633	0.384138	0.248766	0.154381	0.112263	0.098057	0.109181	0.144088	0.182731	0.210041	0.222154	0.211465	0.173871	0.129753	0.0960085	
-0.320317	-0.0943123	0.125521	0.31915	0.467707	0.56846	0.633143	0.664204	0.663652	0.614728	0.512922	0.38906	0.278132	0.189084	0.138447	0.124345	0.124154	0.132017	0.152053	0.17345	0.181978	0.173343	0.146545	0.117279	0.107059	
-0.330397	-0.140299	0.0511743	0.232465	0.38116	0.489266	0.565085	0.603224	0.608289	0.576407	0.493504	0.392442	0.31382	0.245565	0.187543	0.156865	0.147157	0.135872	0.131335	0.135646	0.136664	0.13032	0.116932	0.113486	0.122832	
-0.357125	-0.193283	-0.0255949	0.143319	0.297863	0.413836	0.494952	0.543279	0.554833	0.532806	0.477809	0.404426	0.341717	0.291739	0.237352	0.189735	0.161474	0.140827	0.125363	0.110043	0.0988876	0.097648	0.106899	0.122119	0.132977	
-0.382567	-0.240375	-0.087545	0.0679786	0.21315	0.332171	0.417064	0.475212	0.497589	0.488744	0.461994	0.415222	0.35697	0.307657	0.26832	0.219652	0.167179	0.132714	0.122061	0.106934	0.0882166	0.0947372	0.119602	0.131354	0.134786	
-0.384016	-0.2659	-0.13555	-0.00316687	0.125662	0.245713	0.337842	0.39889	0.433237	0.439815	0.427682	0.407309	0.370862	0.323737	0.281562	0.23718	0.181669	0.133421	0.117444	0.109536	0.101286	0.109654	0.127812	0.134045	0.137109	
-0.360906	-0.272597	-0.171295	-0.0586543	0.0547368	0.165075	0.259731	0.322633	0.365227	0.389752	0.395942	0.39294	0.382108	0.349972	0.298418	0.249999	0.20355	0.154314	0.115061	0.0971793	0.0978091	0.10799	0.1257	0.14219	0.149394	
-0.320315	-0.261512	-0.188417	-0.103246	-0.012522	0.0784114	0.161744	0.225951	0.277247	0.328848	0.360897	0.370242	0.374082	0.37207	0.340448	0.289307	0.238212	0.185251	0.129624	0.0918673	0.0833145	0.0974138	0.125505	0.148516	0.154115	
-0.25983	-0.23042	-0.19672	-0.146281	-0.0823932	-0.0168911	0.044591	0.105783	0.166103	0.23655	0.301216	0.343382	0.366466	0.385156	0.382688	0.349862	0.288587	0.213449	0.145607	0.100801	0.0877566	0.09961	0.12419	0.140136	0.153963	
-0.190882	-0.185224	-0.183258	-0.166964	-0.140261	-0.106956	-0.0742244	-0.0247266	0.0436918	0.130945	0.229542	0.31303	0.367499	0.393632	0.40123	0.38555	0.330156	0.243267	0.162281	0.114864	0.0997553	0.106603	0.122955	0.139355	0.166771	
-0.123674	-0.133167	-0.14988	-0.175414	-0.19242	-0.195997	-0.188527	-0.150893	-0.0679971	0.0409694	0.163134	0.276789	0.357584	0.396295	0.406696	0.394102	0.350602	0.277996	0.19713	0.138518	0.108962	0.110716	0.128182	0.152986	0.185261	
-0.0573331	-0.0918514	-0.131424	-0.189612	-0.24889	-0.287499	-0.292228	-0.256416	-0.162496	-0.0325319	0.109727	0.236086	0.321866	0.374505	0.402467	0.400183	0.363123	0.308919	0.241405	0.182205	0.14431	0.133262	0.143033	0.16762	0.20399	
0.00398555	-0.0608302	-0.132935	-0.218277	-0.309511	-0.372851	-0.383804	-0.339126	-0.242619	-0.102962	0.0495878	0.184523	0.276522	0.337556	0.378522	0.389165	0.3719	0.339401	0.290122	0.242855	0.209896	0.181245	0.170744	0.192574	0.234722	
0.0582356	-0.0271655	-0.134276	-0.246598	-0.349915	-0.428475	-0.452298	-0.408978	-0.315144	-0.179869	-0.0247399	0.118655	0.223221	0.291791	0.335962	0.35328	0.363017	0.362147	0.340925	0.30946	0.280551	0.244519	0.221179	0.241754	0.282158	
0.0930424	-0.00402533	-0.124353	-0.249533	-0.359531	-0.44625	-0.48797	-0.466091	-0.383795	-0.257228	-0.105627	0.035907	0.152092	0.234524	0.288882	0.31827	0.347089	0.374482	0.383428	0.372224	0.346072	0.310789	0.287022	0.30475	0.344812	
0.106817	0.00764215	-0.111462	-0.240886	-0.355429	-0.442557	-0.490653	-0.490458	-0.436547	-0.334642	-0.198837	-0.0573566	0.071561	0.168251	0.235356	0.289818	0.341979	0.389506	0.418624	0.42343	0.403833	0.375194	0.362878	0.381254	0.427102	
0.111502	0.0152884	-0.10307	-0.229086	-0.343952	-0.432377	-0.480972	-0.491693	-0.463413	-0.39623	-0.290668	-0.157988	-0.0221992	0.0922692	0.17827	0.259003	0.334432	0.399076	0.451707	0.469792	0.460317	0.44917	0.455372	0.475766	0.513105	
0.119983	0.0185507	-0.0930749	-0.209518	-0.323745	-0.413973	-0.467638	-0.486675	-0.473836	-0.434904	-0.365698	-0.253446	-0.117667	0.00932755	0.114122	0.21474	0.308621	0.390553	0.470806	0.517241	0.532234	0.544036	0.559026	0.571904	0.592104	
0.140497	0.0280072	-0.0838696	-0.190679	-0.293784	-0.378563	-0.437999	-0.474036	-0.48606	-0.467569	-0.41889	-0.32622	-0.202833	-0.0800289	0.0347635	0.15065	0.266289	0.374443	0.478451	0.561267	0.610837	0.648462	0.668234	0.666618	0.666658	
0.151586	0.0399063	-0.0765689	-0.174326	-0.262491	-0.336876	-0.398732	-0.446622	-0.478645	-0.481058	-0.450331	-0.383574	-0.283353	-0.16784	-0.0449739	0.085686	0.223562	0.362569	0.487236	0.590834	0.66823	0.729483	0.764905	0.759786	0.731282	
0.146246	0.0413316	-0.067904	-0.16261	-0.23977	-0.297502	-0.347366	-0.393723	-0.438563	-0.471656	-0.471972	-0.4356	-0.360742	-0.251039	-0.117349	0.0348079	0.193189	0.352106	0.488281	0.604184	0.706081	0.783111	0.830732	0.829715	0.781459	
0.139023	0.0330847	-0.0655026	-0.154201	-0.215759	-0.25464	-0.285878	-0.327534	-0.384884	-0.44458	-0.481117	-0.479501	-0.428106	-0.319988	-0.174163	-0.0107268	0.160801	0.329198	0.475746	0.609184	0.731764	0.821232	0.867316	0.8641	0.802084	
0.125252	0.0187429	-0.0694239	-0.139794	-0.181816	-0.208681	-0.235827	-0.273629	-0.332708	-0.40565	-0.469806	-0.497216	-0.466197	-0.366707	-0.218789	-0.0544223	0.122043	0.295801	0.457866	0.608732	0.74296	0.836438	0.873715	0.861399	0.783187	
0.108024	0.00553117	-0.0716122	-0.123056	-0.145509	-0.160221	-0.186963	-0.231256	-0.291471	-0.36448	-0.432153	-0.475014	-0.466821	-0.392434	-0.258409	-0.0921014	0.086815	0.264509	0.433465	0.593018	0.728188	0.815157	0.842959	0.818005	0.731822	
0.0926899	-0.000599455	-0.0674658	-0.102134	-0.108395	-0.11257	-0.1333	-0.181428	-0.242808	-0.30881	-0.374713	-0.426966	-0.436332	-0.38386	-0.272321	-0.121336	0.0488649	0.222458	0.391405	0.54911	0.674869	0.753031	0.77193	0.736479	0.648466	
0.0683865	-0.00551277	-0.0577021	-0.0755455	-0.075892	-0.0808671	-0.10064	-0.136325	-0.188781	-0.251605	-0.319494	-0.369157	-0.383667	-0.34563	-0.253404	-0.125848	0.0196082	0.172181	0.336315	0.487539	0.601794	0.663908	0.666108	0.617954	0.532734	
0.0485073	-0.00318001	-0.0442805	-0.056741	-0.0593375	-0.0630178	-0.0770129	-0.102515	-0.140901	-0.193603	-0.252501	-0.299299	-0.314897	-0.28766	-0.213089	-0.106888	0.00677032	0.131526	0.270438	0.402485	0.49792	0.540365	0.531647	0.476909	0.406198	
0.0458325	0.0108007	-0.0273746	-0.0429524	-0.0472594	-0.0450219	-0.0465408	-0.0608937	-0.0838716	-0.119451	-0.165456	-0.209362	-0.227581	-0.210722	-0.158179	-0.0798374	0.0024344	0.093056	0.188751	0.278234	0.341793	0.370419	0.367739	0.329628	0.282147	
0.033985	0.0145775	-0.0119521	-0.023357	-0.0260686	-0.0249545	-0.0233605	-0.0227279	-0.0321455	-0.052994	-0.081687	-0.10483	-0.120744	-0.116622	-0.0878082	-0.0421501	0.00469094	0.0491311	0.0979013	0.13802	0.168106	0.182873	0.184374	0.169968	0.146926	
