-0.841478	-0.806517	-0.712952	-0.548337	-0.338935	-0.0892315	0.192515	0.469809	0.726487	0.955554	1.12568	1.21405	1.23004	1.18282	1.06309	0.87066	0.637759	0.414567	0.239142	0.122921	0.0566271	0.0235267	0.00886876	0.00305049	0.000962288	
-0.806517	-0.720607	-0.565606	-0.364683	-0.132996	0.135048	0.410805	0.664938	0.895102	1.08291	1.19652	1.23286	1.20725	1.11842	0.957225	0.739215	0.508311	0.310146	0.168308	0.0816502	0.0356252	0.0140658	0.00505473	0.00166216	0.000502561	
-0.712952	-0.565606	-0.372815	-0.153871	0.0990998	0.369596	0.621278	0.847369	1.04247	1.17592	1.23109	1.22147	1.15549	1.02352	0.827022	0.598408	0.384788	0.219883	0.112111	0.0512922	0.0211852	0.0079461	0.00272145	0.00085535	0.00024783	
-0.548337	-0.364683	-0.153871	0.0868804	0.348101	0.595225	0.815275	1.00985	1.1555	1.22674	1.22977	1.17954	1.07146	0.898416	0.67973	0.458509	0.27497	0.146975	0.0703703	0.0303573	0.0118692	0.00422945	0.00138064	0.000414796	0.00011518	
-0.338935	-0.132996	0.0990998	0.348101	0.586547	0.79936	0.988976	1.13905	1.22156	1.2346	1.19492	1.10446	0.953082	0.748698	0.526899	0.330237	0.184461	0.0921994	0.0414622	0.0168723	0.00624752	0.00211597	0.00065863	0.000189223	5.03735e-05	
-0.0892315	0.135048	0.369596	0.595225	0.79936	0.981831	1.1299	1.2174	1.23722	1.20449	1.12603	0.992391	0.803483	0.586312	0.38218	0.222236	0.115618	0.0540738	0.0228595	0.00878273	0.00308262	0.000993137	0.000294978	8.10927e-05	2.07083e-05	
0.192515	0.410805	0.621278	0.815275	0.988976	1.1299	1.21581	1.23835	1.20979	1.13896	1.01842	0.843709	0.634173	0.427566	0.257699	0.139062	0.0674566	0.0295617	0.0117647	0.00427336	0.00142346	0.00043671	0.000123892	3.26185e-05	7.99633e-06	
0.469809	0.664938	0.847369	1.00985	1.13905	1.2174	1.23835	1.21149	1.14501	1.03315	0.869868	0.668971	0.463762	0.288308	0.160748	0.0806265	0.0365386	0.0150334	0.00564264	0.00194096	0.000614493	0.000179759	4.8765e-05	1.23084e-05	2.89926e-06	
0.726487	0.895102	1.04247	1.1555	1.22156	1.23722	1.20979	1.14501	1.0379	0.8827	0.690003	0.488868	0.311856	0.178896	0.0924662	0.0432179	0.0183445	0.007103	0.00251979	0.000822363	0.000247861	6.92373e-05	1.79838e-05	4.35653e-06	9.87007e-07	
0.955554	1.08291	1.17592	1.22674	1.2346	1.20449	1.13896	1.03315	0.8827	0.697028	0.501699	0.326674	0.191956	0.101877	0.0489687	0.0213949	0.00853064	0.00311659	0.00104736	0.000324964	9.34091e-05	2.49547e-05	6.21458e-06	1.44664e-06	3.15575e-07	
1.12568	1.19652	1.23109	1.22977	1.19492	1.12603	1.01842	0.869868	0.690003	0.501699	0.331729	0.198786	0.107935	0.053196	0.0238666	0.00978096	0.00367463	0.00127012	0.000405306	0.000119799	3.29007e-05	8.41958e-06	2.01316e-06	4.5088e-07	9.48089e-08	
1.21405	1.23286	1.22147	1.17954	1.10446	0.992391	0.843709	0.668971	0.488868	0.326674	0.198786	0.110026	0.0554363	0.025479	0.0107117	0.00413202	0.0014672	0.000481089	0.000146118	4.12294e-05	1.08378e-05	2.66097e-06	6.11748e-07	1.31988e-07	2.6783e-08	
1.23004	1.20725	1.15549	1.07146	0.953082	0.803483	0.634173	0.463762	0.311856	0.191956	0.107935	0.0554363	0.0260394	0.0112088	0.00443275	0.00161501	0.000543625	0.00016954	4.91236e-05	1.32586e-05	3.34182e-06	7.88463e-07	1.74528e-07	3.63203e-08	7.12028e-09	
1.18282	1.11842	1.02352	0.898416	0.748698	0.586312	0.427566	0.288308	0.178896	0.101877	0.053196	0.025479	0.0112088	0.00453767	0.00169431	0.00058493	0.000187181	5.56622e-05	1.54195e-05	3.98861e-06	9.6562e-07	2.19263e-07	4.6794e-08	9.40436e-09	1.78312e-09	
1.06309	0.957225	0.827022	0.67973	0.526899	0.38218	0.257699	0.160748	0.0924662	0.0489687	0.0238666	0.0107117	0.00443275	0.00169431	0.000599376	0.000196671	5.99919e-05	1.70506e-05	4.52526e-06	1.12394e-06	2.61781e-07	5.72919e-08	1.18041e-08	2.29372e-09	4.21073e-10	
0.87066	0.739215	0.598408	0.458509	0.330237	0.222236	0.139062	0.0806265	0.0432179	0.0213949	0.00978096	0.00413202	0.00161501	0.00058493	0.000196671	6.1508e-05	1.79292e-05	4.88103e-06	1.24354e-06	2.97072e-07	6.66721e-08	1.40833e-08	2.80482e-09	5.27563e-10	9.38662e-11	
0.637759	0.508311	0.384788	0.27497	0.184461	0.115618	0.0674566	0.0365386	0.0183445	0.00853064	0.00367463	0.0014672	0.000543625	0.000187181	5.99919e-05	1.79292e-05	5.00568e-06	1.308e-06	3.20475e-07	7.37579e-08	1.59741e-08	3.26104e-09	6.28547e-10	1.14563e-10	1.97754e-11	
0.414567	0.310146	0.219883	0.146975	0.0921994	0.0540738	0.0295617	0.0150334	0.007103	0.00311659	0.00127012	0.000481089	0.00016954	5.56622e-05	1.70506e-05	4.88103e-06	1.308e-06	3.28676e-07	7.75765e-08	1.72275e-08	3.60542e-09	7.12226e-10	1.33007e-10	2.35162e-11	3.94193e-12	
0.239142	0.168308	0.112111	0.0703703	0.0414622	0.0228595	0.0117647	0.00564264	0.00251979	0.00104736	0.000405306	0.000146118	4.91236e-05	1.54195e-05	4.52526e-06	1.24354e-06	3.20475e-07	7.75765e-08	1.76667e-08	3.79093e-09	7.67655e-10	1.46914e-10	2.66111e-11	4.56843e-12	7.44321e-13	
0.122921	0.0816502	0.0512922	0.0303573	0.0168723	0.00878273	0.00427336	0.00194096	0.000822363	0.000324964	0.000119799	4.12294e-05	1.32586e-05	3.98861e-06	1.12394e-06	2.97072e-07	7.37579e-08	1.72275e-08	3.79093e-09	7.87068e-10	1.544e-10	2.86589e-11	5.04012e-12	8.40938e-13	1.33285e-13	
0.0566271	0.0356252	0.0211852	0.0118692	0.00624752	0.00308262	0.00142346	0.000614493	0.000247861	9.34091e-05	3.29007e-05	1.08378e-05	3.34182e-06	9.6562e-07	2.61781e-07	6.66721e-08	1.59741e-08	3.60542e-09	7.67655e-10	1.544e-10	2.93757e-11	5.29381e-12	9.04789e-13	1.46849e-13	2.26601e-14	
0.0235267	0.0140658	0.0079461	0.00422945	0.00211597	0.000993137	0.00043671	0.000179759	6.92373e-05	2.49547e-05	8.41958e-06	2.66097e-06	7.88463e-07	2.19263e-07	5.72919e-08	1.40833e-08	3.26104e-09	7.12226e-10	1.46914e-10	2.86589e-11	5.29381e-12	9.27126e-13	1.54136e-13	2.4355e-14	3.66177e-15	
0.00886876	0.00505473	0.00272145	0.00138064	0.00065863	0.000294978	0.000123892	4.8765e-05	1.79838e-05	6.21458e-06	2.01316e-06	6.11748e-07	1.74528e-07	4.6794e-08	1.18041e-08	2.80482e-09	6.28547e-10	1.33007e-10	2.66111e-11	5.04012e-12	9.04789e-13	1.54136e-13	2.49475e-14	3.84071e-15	5.63043e-16	
0.00305049	0.00166216	0.00085535	0.000414796	0.000189223	8.10927e-05	3.26185e-05	1.23084e-05	4.35653e-06	1.44664e-06	4.5088e-07	1.31988e-07	3.63203e-08	9.40436e-09	2.29372e-09	5.27563e-10	1.14563e-10	2.35162e-11	4.56843e-12	8.40938e-13	1.46849e-13	2.4355e-14	3.84071e-15	5.76526e-16	8.2466e-17	
0.000962288	0.000502561	0.00024783	0.00011518	5.03735e-05	2.07083e-05	7.99633e-06	2.89926e-06	9.87007e-07	3.15575e-07	9.48089e-08	2.6783e-08	7.12028e-09	1.78312e-09	4.21073e-10	9.38662e-11	1.97754e-11	3.94193e-12	7.44321e-13	1.33285e-13	2.26601e-14	3.66177e-15	5.63043e-16	8.2466e-17	1.1517e-17	
0.000279691	0.000140326	6.64666e-05	2.96731e-05	1.24698e-05	4.92828e-06	1.83076e-06	6.39095e-07	2.09666e-07	6.46634e-08	1.8758e-08	5.12175e-09	1.3174e-09	3.19519e-10	7.31463e-11	1.58223e-11	3.23749e-12	6.2732e-13	1.15239e-13	2.00919e-14	3.32838e-15	5.24446e-16	7.86836e-17	1.1252e-17	1.53523e-18	
7.52138e-05	3.63268e-05	1.65612e-05	7.11679e-06	2.87962e-06	1.09629e-06	3.92535e-07	1.32174e-07	4.18591e-08	1.24732e-08	3.49908e-09	9.24767e-10	2.3045e-10	5.41992e-11	1.20424e-11	2.5304e-12	5.03367e-13	9.49012e-14	1.69754e-14	2.88402e-15	4.65875e-16	7.16284e-17	1.04928e-17	1.46595e-18	1.95521e-19	
1.87842e-05	8.74971e-06	3.84653e-06	1.59404e-06	6.22151e-07	2.28567e-07	7.90189e-08	2.57065e-08	7.87138e-09	2.26955e-09	6.16555e-10	1.57931e-10	3.81759e-11	8.71651e-12	1.88171e-12	3.84469e-13	7.44257e-14	1.36646e-14	2.38198e-15	3.94642e-16	6.22076e-17	9.33893e-18	1.33659e-18	1.82543e-19	2.38129e-20	
4.37154e-06	1.96712e-06	8.35304e-07	3.34377e-07	1.26095e-07	4.47754e-08	1.49691e-08	4.71196e-09	1.39698e-09	3.90271e-10	1.02803e-10	2.55529e-11	5.99835e-12	1.33101e-12	2.79455e-13	5.55722e-14	1.04776e-14	1.87489e-15	3.18744e-16	5.15355e-17	7.93244e-18	1.16352e-18	1.62789e-19	2.17457e-20	2.77599e-21	
9.50946e-07	4.14002e-07	1.70064e-07	6.58605e-08	2.40322e-08	8.26025e-09	2.67424e-09	8.15624e-10	2.34434e-10	6.35361e-11	1.62472e-11	3.92309e-12	8.95243e-13	1.93247e-13	3.9497e-14	7.65105e-15	1.40612e-15	2.45416e-16	4.07197e-17	6.42923e-18	9.66928e-19	1.38653e-19	1.89748e-20	2.48047e-21	3.10023e-22	
1.93896e-07	8.17824e-08	3.25436e-08	1.22094e-08	4.31678e-09	1.4381e-09	4.51446e-10	1.33572e-10	3.72652e-11	9.80886e-12	2.43758e-12	5.72359e-13	1.27092e-13	2.6712e-14	5.31922e-15	1.00454e-15	1.8009e-16	3.06796e-17	4.97137e-18	7.66999e-19	1.12778e-19	1.58187e-20	2.11856e-21	2.7116e-22	3.31975e-23	
3.71517e-08	1.52004e-08	5.86679e-09	2.13494e-09	7.32296e-10	2.36741e-10	7.21453e-11	2.07315e-11	5.62017e-12	1.43824e-12	3.47683e-13	7.94619e-14	1.71843e-14	3.51967e-15	6.83406e-16	1.25916e-16	2.20361e-17	3.66661e-18	5.80617e-19	8.7585e-20	1.25978e-20	1.72936e-21	2.26775e-22	2.84323e-23	3.41118e-24	
6.70498e-09	2.66412e-09	9.98475e-10	3.52841e-10	1.17545e-10	3.69171e-11	1.09332e-11	3.05447e-12	8.05416e-13	2.00578e-13	4.72112e-14	1.05115e-14	2.21575e-15	4.426e-16	8.3858e-17	1.50847e-17	2.57875e-18	4.19351e-19	6.49319e-20	9.58213e-21	1.34894e-21	1.81318e-22	2.32916e-23	2.86181e-24	3.36615e-25	
1.14223e-09	4.41208e-10	1.6074e-10	5.52174e-11	1.78845e-11	5.46235e-12	1.57368e-12	4.27845e-13	1.09834e-13	2.66419e-14	6.11092e-15	1.32654e-15	2.72768e-16	5.31766e-17	9.83809e-18	1.72893e-18	2.88892e-19	4.59409e-20	6.95949e-21	1.00525e-21	1.38575e-22	1.82474e-23	2.29721e-24	2.76728e-25	3.19242e-26	
1.84037e-10	6.91746e-11	2.45212e-11	8.19646e-12	2.58355e-12	7.68082e-13	2.15457e-13	5.70552e-14	1.4272e-14	3.37471e-15	7.54913e-16	1.59894e-16	3.20945e-17	6.1107e-18	1.10464e-18	1.8977e-19	3.10117e-20	4.8253e-21	7.15529e-22	1.01212e-22	1.36688e-23	1.76403e-24	2.17737e-25	2.5726e-26	2.91193e-27	
2.80959e-11	1.02854e-11	3.55077e-12	1.15592e-12	3.54888e-13	1.02789e-13	2.80983e-14	7.25336e-15	1.76934e-15	4.08149e-16	8.91079e-17	1.8428e-17	3.6132e-18	6.72298e-19	1.18821e-19	1.9966e-20	3.19278e-21	4.86327e-22	7.0627e-23	9.7879e-24	1.2956e-24	1.63942e-25	1.9848e-26	2.30097e-27	2.55635e-28	
4.07103e-12	1.45271e-12	4.88814e-13	1.55105e-13	4.64214e-14	1.31095e-14	3.49498e-15	8.80156e-16	2.09524e-16	4.71853e-17	1.00609e-17	2.03287e-18	3.89595e-19	7.08845e-20	1.22555e-20	2.01538e-21	3.15527e-22	4.7073e-23	6.69819e-24	9.09877e-25	1.18094e-25	1.46578e-26	1.74127e-27	1.9814e-28	2.16139e-29	
5.60752e-13	1.95196e-13	6.40671e-14	1.98302e-14	5.79005e-15	1.59547e-15	4.15134e-16	1.02063e-16	2.37271e-17	5.21999e-18	1.08771e-18	2.14862e-19	4.02724e-20	7.16899e-21	1.21316e-21	1.95342e-22	2.99564e-23	4.37926e-24	6.10832e-25	8.13649e-26	1.03591e-26	1.26168e-27	1.47121e-28	1.64379e-29	1.76118e-30	
7.35328e-14	2.49872e-14	8.00553e-15	2.41883e-15	6.89488e-16	1.85513e-16	4.71423e-17	1.13225e-17	2.57219e-18	5.5316e-19	1.12711e-19	2.1779e-20	3.99456e-21	6.96084e-22	1.15351e-22	1.81952e-23	2.73443e-24	3.91873e-25	5.36024e-26	7.00428e-27	8.75099e-28	1.04623e-28	1.19793e-29	1.31465e-30	1.3839e-31	
9.19244e-15	3.05134e-15	9.54912e-16	2.81832e-16	7.84814e-17	2.06318e-17	5.12376e-18	1.20294e-18	2.67206e-19	5.62045e-20	1.12047e-20	2.11902e-21	3.80517e-22	6.49418e-23	1.05437e-23	1.62999e-24	2.40159e-25	3.3754e-26	4.52955e-27	5.80849e-28	7.12394e-29	8.36348e-30	9.40618e-31	1.01424e-31	1.0493e-32	
1.09693e-15	3.55903e-16	1.08862e-16	3.1404e-17	8.54841e-18	2.19707e-18	5.33543e-19	1.22518e-19	2.66251e-20	5.48063e-21	1.06956e-21	1.98071e-22	3.48402e-23	5.82631e-24	9.27185e-25	1.4054e-25	2.03094e-26	2.80056e-27	3.68832e-28	4.64326e-29	5.59236e-30	6.44913e-31	7.12669e-32	7.55254e-33	7.68148e-34	
1.25098e-16	3.96962e-17	1.18746e-17	3.35015e-18	8.91948e-19	2.24252e-19	5.32817e-20	1.19735e-20	2.54703e-21	5.13345e-22	9.81174e-23	1.78013e-23	3.06854e-24	5.03037e-25	7.84984e-26	1.16713e-26	1.65488e-27	2.23974e-28	2.89595e-29	3.58032e-30	4.23595e-31	4.79991e-32	5.21329e-33	5.43152e-34	5.43233e-35	
1.36502e-17	4.23858e-18	1.24066e-18	3.42512e-19	8.92405e-20	2.19598e-20	5.10759e-21	1.12381e-21	2.34124e-22	4.62243e-23	8.6571e-24	1.53944e-24	2.60169e-25	4.18274e-26	6.40303e-27	9.34182e-28	1.30016e-28	1.72768e-29	2.1939e-30	2.66456e-31	3.09776e-32	3.45015e-33	3.68412e-34	3.77457e-35	3.71331e-36	
1.42663e-18	4.33709e-19	1.24285e-19	3.35924e-20	8.56963e-21	2.06499e-21	4.704e-22	1.01389e-22	2.0696e-23	4.00459e-24	7.35221e-25	1.28198e-25	2.12503e-26	3.35182e-27	5.0354e-28	7.21157e-29	9.85512e-30	1.28622e-30	1.60461e-31	1.9151e-32	2.18846e-33	2.3964e-34	2.51648e-35	2.5361e-36	2.4547e-37	
1.42957e-19	4.25705e-20	1.1949e-20	3.16347e-21	7.90548e-22	1.86629e-22	4.16576e-23	8.79964e-24	1.76074e-24	3.34044e-25	6.01455e-26	1.02877e-26	1.67325e-27	2.59029e-28	3.82024e-29	5.37264e-30	7.21164e-31	9.24727e-32	1.13371e-32	1.33005e-33	1.49439e-34	1.6093e-35	1.66234e-36	1.64833e-37	1.57008e-38	
1.3748e-20	4.01197e-21	1.10352e-21	2.863e-22	7.0118e-23	1.62246e-23	3.55013e-24	7.35273e-25	1.44278e-25	2.68485e-26	4.74278e-27	7.96091e-28	1.27095e-28	1.93173e-29	2.79787e-30	3.86518e-31	5.09764e-32	6.42404e-33	7.74215e-34	8.93085e-35	9.8686e-36	1.04543e-36	1.06253e-37	1.03686e-38	9.72171e-40	
1.27001e-21	3.63351e-22	9.79802e-23	2.49218e-23	5.98435e-24	1.35781e-24	2.91372e-25	5.9192e-26	1.13948e-26	2.08071e-27	3.60745e-28	5.94436e-29	9.31851e-30	1.39105e-30	1.97926e-31	2.68677e-32	3.48269e-33	4.31461e-34	5.11307e-35	5.80093e-36	6.30582e-37	6.57287e-38	6.5746e-39	6.31545e-40	5.83004e-41	
1.12793e-22	3.16506e-23	8.3707e-24	2.08824e-24	4.91842e-25	1.09471e-25	2.30473e-26	4.59425e-27	8.67995e-28	1.55583e-28	2.64841e-29	4.28564e-30	6.59901e-31	9.67818e-32	1.35323e-32	1.80556e-33	2.30097e-34	2.80315e-35	3.26731e-36	3.64674e-37	3.90066e-38	4.00159e-39	3.94016e-40	3.72651e-41	3.38772e-42	
9.63838e-24	2.65372e-24	6.88611e-25	1.68555e-25	3.89549e-26	8.50853e-27	1.75813e-27	3.44022e-28	6.38123e-29	1.12317e-29	1.8778e-30	2.98503e-31	4.5162e-32	6.50941e-33	8.94677e-34	1.17368e-34	1.47089e-35	1.76255e-36	2.02117e-37	2.21985e-38	2.33697e-39	2.36008e-40	2.28809e-41	2.13113e-42	1.90827e-43	
7.88352e-25	2.13095e-25	5.42852e-26	1.3045e-26	2.95994e-27	6.34792e-28	1.28805e-28	2.47534e-29	4.5101e-30	7.79893e-31	1.28122e-31	2.00166e-32	2.97692e-33	4.21865e-34	5.70194e-35	7.35727e-36	9.07082e-37	1.06953e-37	1.20704e-38	1.30496e-39	1.35258e-40	1.34509e-41	1.28438e-42	1.17843e-43	1.03964e-44	
