0.338546	0.201768	0.0595233	-0.0677783	-0.162798	-0.225734	-0.248712	-0.241277	-0.222219	-0.209182	-0.194901	-0.173727	-0.163321	-0.159895	-0.144691	-0.0941633	0.00368026	0.152025	0.325693	0.498001	0.640006	0.73296	0.780546	0.786674	0.761183	
0.200565	0.0578443	-0.0935097	-0.225536	-0.318774	-0.362746	-0.368498	-0.352623	-0.324684	-0.30485	-0.291509	-0.274581	-0.26596	-0.272344	-0.267942	-0.220977	-0.123229	0.0198749	0.194402	0.373885	0.532051	0.655207	0.737428	0.780805	0.785729	
0.0569936	-0.0949019	-0.254785	-0.389512	-0.470666	-0.499126	-0.505076	-0.490531	-0.453543	-0.423123	-0.413701	-0.403768	-0.40127	-0.413934	-0.415643	-0.374472	-0.287129	-0.15403	0.0155882	0.1941	0.365358	0.514475	0.635258	0.715061	0.749978	
-0.0713	-0.228212	-0.390561	-0.520919	-0.59769	-0.631091	-0.643093	-0.628668	-0.588386	-0.559179	-0.550485	-0.541214	-0.542107	-0.555414	-0.561464	-0.53815	-0.476976	-0.361125	-0.199925	-0.0185198	0.16453	0.333318	0.47814	0.579706	0.640805	
-0.166442	-0.321289	-0.47157	-0.597548	-0.684717	-0.729515	-0.743756	-0.734538	-0.707532	-0.684374	-0.668085	-0.656597	-0.661457	-0.675887	-0.692299	-0.700294	-0.675669	-0.58364	-0.434594	-0.251565	-0.057587	0.124679	0.281786	0.398141	0.475639	
-0.229661	-0.365799	-0.500699	-0.631181	-0.729487	-0.779391	-0.79857	-0.804194	-0.792315	-0.771892	-0.747093	-0.731976	-0.736814	-0.756845	-0.793673	-0.836794	-0.844619	-0.780169	-0.654195	-0.481326	-0.288651	-0.101571	0.0629546	0.191252	0.279681	
-0.252248	-0.371298	-0.50679	-0.643384	-0.743564	-0.798032	-0.828161	-0.841097	-0.834576	-0.815803	-0.786317	-0.762871	-0.763381	-0.79319	-0.852488	-0.917938	-0.949163	-0.919372	-0.828022	-0.681404	-0.503047	-0.322866	-0.159494	-0.0224321	0.0745204	
-0.242803	-0.353909	-0.491051	-0.627843	-0.733025	-0.802289	-0.839825	-0.849365	-0.837767	-0.815901	-0.784447	-0.759076	-0.759555	-0.798385	-0.867479	-0.939797	-0.991808	-1.00026	-0.950664	-0.835465	-0.679538	-0.513688	-0.355661	-0.218283	-0.112195	
-0.222321	-0.324375	-0.452584	-0.586447	-0.704916	-0.789133	-0.832087	-0.836788	-0.812142	-0.780189	-0.751643	-0.732977	-0.735827	-0.775493	-0.844084	-0.920281	-0.989837	-1.03215	-1.01936	-0.939547	-0.81402	-0.662756	-0.51128	-0.376008	-0.268582	
-0.208352	-0.303759	-0.421318	-0.55632	-0.680661	-0.767274	-0.811745	-0.813462	-0.778916	-0.739857	-0.709428	-0.688944	-0.684039	-0.714208	-0.779281	-0.8629	-0.949268	-1.01351	-1.03283	-0.995097	-0.908143	-0.77987	-0.636036	-0.506238	-0.409324	
-0.193896	-0.289853	-0.410965	-0.546826	-0.66359	-0.741235	-0.780631	-0.78041	-0.749134	-0.708395	-0.668883	-0.639122	-0.621025	-0.631422	-0.686193	-0.781692	-0.88322	-0.964334	-1.00975	-1.00674	-0.956129	-0.856151	-0.732551	-0.616636	-0.53384	
-0.172684	-0.272804	-0.400557	-0.536941	-0.651488	-0.725456	-0.756441	-0.75434	-0.730075	-0.687728	-0.63887	-0.602738	-0.570055	-0.553407	-0.592056	-0.687329	-0.797446	-0.895456	-0.963122	-0.983553	-0.956273	-0.89142	-0.805437	-0.712715	-0.64172	
-0.162589	-0.264074	-0.397435	-0.537252	-0.656024	-0.730153	-0.756824	-0.754651	-0.732915	-0.682947	-0.620731	-0.569886	-0.520512	-0.490648	-0.512525	-0.589186	-0.693361	-0.807371	-0.900026	-0.941733	-0.940822	-0.912514	-0.865723	-0.799953	-0.735159	
-0.158911	-0.270381	-0.410097	-0.550504	-0.670397	-0.750472	-0.787169	-0.793724	-0.772474	-0.712881	-0.630804	-0.552936	-0.490496	-0.456696	-0.461897	-0.508256	-0.594381	-0.712162	-0.818015	-0.8896	-0.927505	-0.932139	-0.913125	-0.872558	-0.825435	
-0.144048	-0.266291	-0.411959	-0.556609	-0.686879	-0.787766	-0.847254	-0.863248	-0.840914	-0.777475	-0.685008	-0.591107	-0.512139	-0.46191	-0.444963	-0.468061	-0.535932	-0.637232	-0.74251	-0.839747	-0.91528	-0.949968	-0.951006	-0.938061	-0.921447	
-0.0942531	-0.220261	-0.371967	-0.53415	-0.695079	-0.831145	-0.91343	-0.936241	-0.9174	-0.861204	-0.780726	-0.6867	-0.589067	-0.508539	-0.468371	-0.476619	-0.523799	-0.60776	-0.709801	-0.817486	-0.912103	-0.975995	-1.01175	-1.02863	-1.0359	
0.00215742	-0.124243	-0.286438	-0.474557	-0.671514	-0.839828	-0.945523	-0.988942	-0.98747	-0.948176	-0.883269	-0.798174	-0.694424	-0.595446	-0.536731	-0.52404	-0.555473	-0.633416	-0.737791	-0.846843	-0.945803	-1.03877	-1.11552	-1.16084	-1.17794	
0.150111	0.0184184	-0.154395	-0.360225	-0.580841	-0.776518	-0.916707	-0.998121	-1.03028	-1.01276	-0.964973	-0.89732	-0.809807	-0.714502	-0.639161	-0.60882	-0.633743	-0.708198	-0.808635	-0.91923	-1.03185	-1.14575	-1.24839	-1.32207	-1.35234	
0.32345	0.192702	0.0150231	-0.199464	-0.432567	-0.651568	-0.826296	-0.949417	-1.01853	-1.03294	-1.01092	-0.965548	-0.90328	-0.821514	-0.746082	-0.712813	-0.739619	-0.809281	-0.90375	-1.02795	-1.16527	-1.29664	-1.41182	-1.50584	-1.55286	
0.495491	0.372365	0.193771	-0.0180926	-0.24966	-0.478604	-0.679161	-0.833876	-0.939239	-0.996161	-1.00857	-0.986211	-0.944944	-0.893032	-0.84364	-0.821607	-0.850188	-0.920769	-1.02804	-1.16835	-1.32133	-1.46959	-1.5975	-1.69759	-1.745	
0.638884	0.531616	0.36596	0.16585	-0.0548747	-0.284967	-0.499054	-0.675848	-0.81238	-0.908857	-0.958101	-0.959106	-0.944033	-0.930621	-0.918492	-0.915694	-0.949362	-1.03403	-1.1657	-1.32128	-1.48135	-1.64142	-1.78125	-1.87625	-1.90766	
0.732938	0.65631	0.516541	0.335652	0.12779	-0.0978196	-0.318369	-0.50906	-0.660338	-0.780248	-0.858287	-0.894822	-0.916615	-0.936251	-0.953627	-0.979171	-1.04166	-1.14765	-1.29703	-1.46929	-1.64107	-1.80216	-1.93376	-2.01566	-2.02845	
0.780449	0.738551	0.637298	0.480818	0.285214	0.0663145	-0.155932	-0.352149	-0.509826	-0.637077	-0.735243	-0.809268	-0.870148	-0.917737	-0.955117	-1.01465	-1.11725	-1.24881	-1.41075	-1.59544	-1.77912	-1.93265	-2.0424	-2.10264	-2.08962	
0.786103	0.781418	0.716714	0.582531	0.402015	0.194886	-0.0190015	-0.215425	-0.375251	-0.50766	-0.619659	-0.716682	-0.803898	-0.876257	-0.941293	-1.03074	-1.16159	-1.32143	-1.50379	-1.69414	-1.87216	-2.01316	-2.10246	-2.12614	-2.0678	
0.761043	0.786323	0.750843	0.64289	0.479161	0.283169	0.0776443	-0.110007	-0.268227	-0.410639	-0.536995	-0.646305	-0.739589	-0.828976	-0.92407	-1.03748	-1.17836	-1.35161	-1.55119	-1.74194	-1.90306	-2.02457	-2.08852	-2.06818	-1.96634	
0.711595	0.7572	0.746983	0.664995	0.523961	0.339055	0.137172	-0.0485172	-0.211196	-0.361285	-0.496281	-0.609394	-0.705364	-0.803397	-0.912679	-1.03713	-1.17401	-1.33748	-1.52911	-1.71462	-1.86392	-1.95668	-1.97974	-1.92232	-1.7997	
0.65105	0.704265	0.705797	0.650426	0.54149	0.378245	0.179253	-0.0200584	-0.197562	-0.353088	-0.483737	-0.595382	-0.70124	-0.809249	-0.91685	-1.02836	-1.14853	-1.28996	-1.45119	-1.61452	-1.74499	-1.8036	-1.78629	-1.70376	-1.57456	
0.580627	0.636922	0.647558	0.608919	0.519129	0.37935	0.194516	-0.00990005	-0.203486	-0.364755	-0.493524	-0.605468	-0.713828	-0.821766	-0.916846	-1.00103	-1.09252	-1.20751	-1.33238	-1.45201	-1.54144	-1.57173	-1.5373	-1.44496	-1.31359	
0.505225	0.565899	0.580537	0.544203	0.458726	0.331162	0.166223	-0.0297373	-0.227011	-0.39081	-0.527021	-0.645062	-0.741518	-0.821466	-0.892629	-0.95324	-1.01058	-1.08597	-1.16538	-1.22894	-1.26662	-1.27249	-1.2361	-1.15041	-1.03148	
0.424181	0.477415	0.49025	0.457558	0.373062	0.247029	0.0893909	-0.0970528	-0.287617	-0.447317	-0.581067	-0.694878	-0.770279	-0.81026	-0.848659	-0.884518	-0.905216	-0.925771	-0.946739	-0.960517	-0.957306	-0.937241	-0.89163	-0.816754	-0.731557	
0.335279	0.378508	0.390326	0.355098	0.26694	0.136578	-0.0255089	-0.207057	-0.385748	-0.532951	-0.64843	-0.735983	-0.784098	-0.795927	-0.799788	-0.796521	-0.776002	-0.742134	-0.70915	-0.684391	-0.653294	-0.606806	-0.538126	-0.4682	-0.41613	
0.260262	0.296452	0.306549	0.267249	0.167887	0.0227596	-0.149204	-0.328849	-0.491746	-0.623766	-0.72275	-0.781037	-0.800921	-0.791997	-0.761896	-0.710435	-0.64478	-0.569158	-0.493173	-0.42762	-0.365498	-0.29016	-0.203134	-0.135985	-0.100333	
0.197172	0.22693	0.233343	0.194999	0.0900178	-0.0636194	-0.237475	-0.413634	-0.570098	-0.695309	-0.782048	-0.820125	-0.818929	-0.790766	-0.733449	-0.642878	-0.541165	-0.43293	-0.317671	-0.205954	-0.101362	-4.94619e-05	0.0910902	0.152577	0.179357	
0.127606	0.149069	0.145471	0.109663	0.0238312	-0.111113	-0.271114	-0.438817	-0.598397	-0.726191	-0.800963	-0.823209	-0.809336	-0.771821	-0.701077	-0.594428	-0.470937	-0.329405	-0.17674	-0.0207017	0.12136	0.238067	0.325505	0.374127	0.387553	
0.0371262	0.0550171	0.0548712	0.0297003	-0.0270652	-0.125538	-0.258753	-0.409554	-0.563623	-0.692346	-0.765552	-0.786628	-0.776466	-0.741226	-0.670857	-0.569028	-0.432087	-0.258349	-0.0658254	0.127643	0.294883	0.421774	0.501006	0.534267	0.524505	
-0.0607321	-0.0402094	-0.0219315	-0.0261296	-0.0542761	-0.112102	-0.207418	-0.332464	-0.469158	-0.594467	-0.678919	-0.724936	-0.741789	-0.719541	-0.656798	-0.563113	-0.421539	-0.22327	0.0056468	0.229944	0.420225	0.555775	0.627803	0.646988	0.613455	
-0.152443	-0.134877	-0.10275	-0.0736647	-0.0616792	-0.0797219	-0.133627	-0.221684	-0.335357	-0.459873	-0.565642	-0.646924	-0.697531	-0.699624	-0.647129	-0.55704	-0.414029	-0.205991	0.0372609	0.27962	0.482786	0.623969	0.693632	0.703935	0.665951	
-0.246777	-0.218808	-0.17227	-0.108664	-0.0456003	-0.017002	-0.0346923	-0.0882212	-0.178645	-0.304208	-0.441549	-0.556632	-0.637168	-0.667763	-0.636588	-0.550936	-0.403899	-0.202426	0.0340621	0.27118	0.473692	0.619224	0.695283	0.714689	0.689962	
-0.328699	-0.272985	-0.203661	-0.111247	-0.00438598	0.0741446	0.0910835	0.0565465	-0.0212449	-0.147964	-0.310265	-0.459011	-0.567228	-0.624882	-0.624705	-0.549219	-0.406396	-0.219786	-0.00127403	0.216794	0.414217	0.5613	0.651497	0.691749	0.685062	
-0.38015	-0.295711	-0.192272	-0.0706542	0.0543551	0.160551	0.212331	0.196414	0.1184	-0.0138951	-0.185192	-0.357389	-0.487797	-0.572059	-0.600395	-0.548137	-0.42442	-0.257936	-0.059975	0.147521	0.338762	0.485897	0.58208	0.634122	0.644645	
-0.392031	-0.275602	-0.139186	0.00422574	0.136171	0.242136	0.307639	0.306783	0.230663	0.0951367	-0.0792366	-0.26052	-0.409292	-0.514631	-0.567899	-0.545807	-0.449196	-0.303054	-0.117563	0.0880286	0.275187	0.418187	0.506676	0.553921	0.570838	
-0.375247	-0.225297	-0.0634007	0.0922971	0.228416	0.326075	0.383375	0.379086	0.306668	0.177473	0.00875315	-0.176631	-0.343955	-0.464605	-0.53479	-0.531849	-0.460536	-0.328061	-0.154398	0.0396224	0.218404	0.35049	0.434761	0.473159	0.486087	
-0.348038	-0.167051	0.0194676	0.184354	0.312179	0.406246	0.454774	0.438722	0.355428	0.225814	0.0608775	-0.130155	-0.312052	-0.4447	-0.511334	-0.5092	-0.445197	-0.321393	-0.16546	0.0032751	0.161408	0.287442	0.377405	0.41803	0.423896	
-0.303978	-0.10827	0.0867334	0.25937	0.389167	0.482693	0.522159	0.493831	0.392717	0.242882	0.0583344	-0.141694	-0.325899	-0.454644	-0.499386	-0.481759	-0.407352	-0.290453	-0.152895	-0.0134538	0.118801	0.243203	0.338013	0.386025	0.38421	
-0.254779	-0.0621047	0.127016	0.301334	0.445674	0.544622	0.581037	0.53772	0.421433	0.243648	0.0324242	-0.177961	-0.354621	-0.464554	-0.487354	-0.448756	-0.366799	-0.254646	-0.132427	-0.0136126	0.101124	0.217138	0.308909	0.353687	0.34396	
-0.221036	-0.0317802	0.152982	0.320841	0.465105	0.567688	0.604484	0.553363	0.428338	0.237249	0.0161925	-0.195574	-0.361767	-0.456248	-0.469677	-0.418779	-0.33222	-0.221814	-0.105192	0.00621538	0.113979	0.213625	0.286166	0.312137	0.285303	
-0.194998	-0.0199954	0.152035	0.310403	0.443091	0.529295	0.552924	0.509851	0.397695	0.223199	0.0146568	-0.180116	-0.332748	-0.419906	-0.435409	-0.385145	-0.290596	-0.181448	-0.0650165	0.0427961	0.14226	0.220359	0.259999	0.258673	0.209136	
-0.156057	-0.014294	0.128203	0.263269	0.375515	0.437325	0.448388	0.416975	0.330934	0.193516	0.0226637	-0.141887	-0.276886	-0.359345	-0.380798	-0.337895	-0.244003	-0.138126	-0.030049	0.0717926	0.157685	0.21419	0.228581	0.203632	0.143245	
-0.100462	-0.00275354	0.09552	0.19203	0.271789	0.314419	0.319568	0.298228	0.239409	0.142164	0.0242787	-0.100225	-0.204636	-0.274182	-0.297868	-0.264218	-0.189176	-0.0977129	-0.0123167	0.0719569	0.140488	0.176755	0.181701	0.149635	0.0951685	
-0.0461543	0.0011226	0.0482041	0.101839	0.14453	0.165892	0.164009	0.155474	0.128043	0.0753365	0.0139776	-0.0546139	-0.110061	-0.150028	-0.166717	-0.147137	-0.106167	-0.0519956	-0.0045813	0.0422545	0.0824809	0.0989195	0.101019	0.0810143	0.0479849	
