-0.098476	-0.0199754	0.0796407	0.168275	0.238035	0.284975	0.306045	0.323795	0.330766	0.306435	0.245916	0.144948	0.0146569	-0.125314	-0.251668	-0.337838	-0.364755	-0.330978	-0.261062	-0.170161	-0.0627393	0.0592968	0.194368	0.337078	0.459874	
-0.018565	0.0419483	0.112739	0.178667	0.226673	0.253253	0.276104	0.299011	0.314051	0.309949	0.271213	0.189206	0.0753485	-0.0567021	-0.188075	-0.283397	-0.325978	-0.31589	-0.265713	-0.188431	-0.0887322	0.0316172	0.159578	0.286402	0.400624	
0.0813243	0.113439	0.155705	0.193728	0.215352	0.22677	0.249592	0.275034	0.298411	0.312916	0.288054	0.221336	0.121211	-0.00718357	-0.139036	-0.240031	-0.293254	-0.293454	-0.257072	-0.187836	-0.0918312	0.0181328	0.131435	0.242659	0.334659	
0.16953	0.179777	0.194539	0.20149	0.208265	0.217137	0.235532	0.26261	0.292867	0.315014	0.301294	0.247572	0.15657	0.0298516	-0.102919	-0.205782	-0.264286	-0.274987	-0.241226	-0.174323	-0.088321	0.0055729	0.101626	0.190462	0.25809	
0.239278	0.228152	0.216735	0.208853	0.204487	0.215957	0.235917	0.268143	0.305976	0.331483	0.328128	0.283258	0.192215	0.0636373	-0.0652756	-0.168985	-0.228877	-0.245672	-0.220517	-0.165424	-0.0991854	-0.0228426	0.0608822	0.134846	0.182981	
0.286645	0.25512	0.228354	0.21757	0.215703	0.227096	0.252548	0.294178	0.345977	0.374702	0.373086	0.333558	0.238345	0.111606	-0.00951874	-0.111534	-0.179872	-0.208301	-0.201261	-0.166101	-0.122676	-0.0647551	0.00506036	0.0672956	0.101282	
0.30783	0.277641	0.25044	0.235437	0.23532	0.252207	0.292556	0.348148	0.406346	0.442586	0.442139	0.393483	0.298208	0.181416	0.0636572	-0.0372579	-0.112713	-0.160975	-0.18151	-0.174336	-0.159522	-0.121919	-0.0652081	-0.0134096	0.0144618	
0.325706	0.300039	0.275152	0.261814	0.267046	0.292955	0.346879	0.421003	0.478345	0.512463	0.500558	0.446708	0.359814	0.255556	0.143778	0.0475757	-0.0378041	-0.112857	-0.154514	-0.17688	-0.190491	-0.173184	-0.130305	-0.0946327	-0.0703114	
0.333051	0.314799	0.298162	0.292026	0.305411	0.345131	0.405305	0.478082	0.537843	0.563459	0.541261	0.488443	0.416934	0.326983	0.228408	0.134967	0.0445544	-0.0407117	-0.109198	-0.159523	-0.192404	-0.200388	-0.182842	-0.157726	-0.141435	
0.30912	0.310748	0.312538	0.314125	0.331026	0.374385	0.442195	0.512533	0.563841	0.579381	0.55533	0.50924	0.458497	0.390416	0.315106	0.230697	0.144781	0.0603903	-0.0294148	-0.106524	-0.156681	-0.189838	-0.202601	-0.186911	-0.187597	
0.248363	0.271804	0.287424	0.300321	0.327513	0.372835	0.44218	0.500673	0.541441	0.555311	0.536773	0.510013	0.488918	0.451213	0.398677	0.339834	0.268403	0.186769	0.0856337	-0.00867538	-0.0776542	-0.134774	-0.173541	-0.184655	-0.206027	
0.146798	0.189678	0.220942	0.246759	0.282476	0.333117	0.393625	0.44656	0.488246	0.509292	0.51012	0.509114	0.514236	0.511004	0.485959	0.451611	0.405575	0.329571	0.22598	0.126512	0.0347851	-0.0460278	-0.111652	-0.162384	-0.205352	
0.0157268	0.0752472	0.120132	0.154896	0.190336	0.237074	0.298118	0.360001	0.41657	0.458469	0.488807	0.513773	0.538724	0.567361	0.578714	0.569448	0.549254	0.485763	0.388358	0.285304	0.172645	0.0629311	-0.0351728	-0.121681	-0.188784	
-0.124723	-0.0571841	-0.00850345	0.0279026	0.0611256	0.109722	0.180574	0.255654	0.326643	0.39037	0.450894	0.510355	0.567107	0.628092	0.676655	0.695827	0.698031	0.652518	0.566567	0.456483	0.32095	0.180047	0.0484366	-0.0648924	-0.153587	
-0.252159	-0.189431	-0.140805	-0.104598	-0.0669893	-0.0109466	0.0625036	0.143308	0.227695	0.314555	0.398109	0.485239	0.578005	0.676489	0.761329	0.818676	0.845155	0.817013	0.742015	0.621239	0.456575	0.290599	0.135258	-0.00264325	-0.107274	
-0.33934	-0.285629	-0.242675	-0.207998	-0.170518	-0.113128	-0.0391306	0.0458704	0.133453	0.229605	0.33908	0.451421	0.569	0.695059	0.817869	0.910155	0.964387	0.963059	0.892343	0.756648	0.57419	0.385439	0.207962	0.0525921	-0.0783491	
-0.366691	-0.328932	-0.297522	-0.268866	-0.231775	-0.182411	-0.115153	-0.0396499	0.0430865	0.143535	0.266936	0.404361	0.548244	0.696847	0.844229	0.963982	1.03564	1.05439	0.993533	0.850135	0.663762	0.454497	0.247596	0.0586216	-0.10937	
-0.333745	-0.319776	-0.298677	-0.280932	-0.249401	-0.211016	-0.163284	-0.114413	-0.0419513	0.0592119	0.185232	0.327373	0.483955	0.651293	0.816948	0.963627	1.05459	1.08186	1.02068	0.871886	0.679101	0.454276	0.224651	0.0113562	-0.176092	
-0.265197	-0.27061	-0.262518	-0.246846	-0.223977	-0.203593	-0.183728	-0.156238	-0.110553	-0.0307433	0.0847096	0.22444	0.386845	0.565775	0.742639	0.893968	0.995114	1.02133	0.957538	0.810212	0.609271	0.372854	0.126518	-0.0995957	-0.292456	
-0.175257	-0.193699	-0.192975	-0.178604	-0.168172	-0.167974	-0.176074	-0.178648	-0.160962	-0.107489	-0.00880154	0.126291	0.284803	0.456376	0.621753	0.757371	0.851896	0.87377	0.811907	0.672715	0.466096	0.217853	-0.0402418	-0.2739	-0.462514	
-0.0666554	-0.092675	-0.0959067	-0.0913572	-0.10134	-0.123733	-0.159335	-0.189783	-0.191822	-0.156105	-0.0773143	0.0351111	0.172459	0.32121	0.457675	0.575192	0.665617	0.681552	0.611797	0.467786	0.254836	0.00460679	-0.24727	-0.472858	-0.645017	
0.0567125	0.0290804	0.0156817	0.00458719	-0.0233126	-0.0646045	-0.120137	-0.170425	-0.198131	-0.188003	-0.134562	-0.0458594	0.0635073	0.181822	0.293294	0.388271	0.457426	0.456998	0.374203	0.219066	0.00632489	-0.234679	-0.472537	-0.681024	-0.838568	
0.192152	0.157495	0.130507	0.102435	0.0622221	0.0059471	-0.0637513	-0.128264	-0.180488	-0.19979	-0.172254	-0.111081	-0.0341956	0.0507302	0.13845	0.211638	0.251276	0.228342	0.127865	-0.0398989	-0.245733	-0.470999	-0.691958	-0.878748	-1.02157	
0.335241	0.284829	0.242771	0.192061	0.137277	0.0688192	-0.0123351	-0.0940358	-0.156605	-0.184914	-0.182686	-0.161118	-0.120433	-0.0633236	-0.000456529	0.0554157	0.0617062	0.0146859	-0.0975673	-0.273135	-0.471836	-0.679583	-0.878797	-1.04965	-1.17808	
0.459835	0.40116	0.336018	0.25972	0.185077	0.103252	0.0158872	-0.0699411	-0.1408	-0.187117	-0.205467	-0.204577	-0.187268	-0.151752	-0.104876	-0.0754054	-0.105715	-0.172832	-0.29003	-0.461501	-0.644735	-0.838239	-1.02147	-1.17745	-1.30149	
0.552369	0.479044	0.384705	0.288511	0.193091	0.101285	0.014365	-0.0627984	-0.138892	-0.200553	-0.239048	-0.255906	-0.250175	-0.225137	-0.188428	-0.182937	-0.234489	-0.31804	-0.440467	-0.604927	-0.779382	-0.951373	-1.11128	-1.25105	-1.36685	
0.592866	0.497446	0.383071	0.265416	0.157068	0.0682412	-0.0127621	-0.0864751	-0.160578	-0.225095	-0.272651	-0.297352	-0.29805	-0.280259	-0.258954	-0.267976	-0.32755	-0.424524	-0.547977	-0.698533	-0.86321	-1.00963	-1.14565	-1.27447	-1.37869	
0.563382	0.459791	0.329442	0.199329	0.0869659	-0.000341524	-0.0712687	-0.13442	-0.201204	-0.26417	-0.308712	-0.324213	-0.321013	-0.30843	-0.305291	-0.331018	-0.393304	-0.494498	-0.615704	-0.748248	-0.885784	-1.0115	-1.13155	-1.25088	-1.35162	
0.483711	0.377561	0.243209	0.112046	-0.000698225	-0.084827	-0.143339	-0.19153	-0.243117	-0.293532	-0.327935	-0.339854	-0.341944	-0.337088	-0.33931	-0.371335	-0.435531	-0.538527	-0.657136	-0.773312	-0.884871	-0.985887	-1.08273	-1.18282	-1.27914	
0.36491	0.262271	0.135232	0.0106727	-0.0876714	-0.158396	-0.208407	-0.24535	-0.274335	-0.30429	-0.32987	-0.343848	-0.348291	-0.349037	-0.363108	-0.397297	-0.464355	-0.569826	-0.685937	-0.78497	-0.870602	-0.942628	-1.01373	-1.09533	-1.18567	
0.222994	0.132347	0.0210769	-0.0834649	-0.163287	-0.220181	-0.254173	-0.277396	-0.287386	-0.299566	-0.322779	-0.339981	-0.343095	-0.350618	-0.376823	-0.422123	-0.503347	-0.606013	-0.711062	-0.789854	-0.843082	-0.88742	-0.936361	-1.00078	-1.09123	
0.0708626	0.00431934	-0.0752975	-0.153315	-0.216872	-0.264799	-0.284158	-0.288082	-0.280567	-0.282183	-0.301526	-0.322598	-0.335845	-0.360167	-0.395649	-0.456841	-0.5474	-0.645113	-0.736744	-0.796383	-0.817418	-0.831614	-0.858253	-0.899284	-0.984619	
-0.0742851	-0.109371	-0.157287	-0.206081	-0.246633	-0.27428	-0.283941	-0.275272	-0.256799	-0.252655	-0.272325	-0.299384	-0.323036	-0.359723	-0.416159	-0.497536	-0.592218	-0.68653	-0.761621	-0.796032	-0.790517	-0.774325	-0.771723	-0.794985	-0.860742	
-0.203851	-0.201979	-0.216875	-0.234328	-0.249407	-0.255764	-0.250308	-0.229267	-0.213492	-0.213771	-0.234625	-0.263069	-0.300652	-0.356531	-0.436233	-0.530228	-0.63139	-0.724549	-0.772235	-0.774032	-0.748316	-0.704425	-0.667405	-0.672051	-0.715535	
-0.311415	-0.265849	-0.244348	-0.230621	-0.216671	-0.204249	-0.182292	-0.157946	-0.146362	-0.146549	-0.164145	-0.201675	-0.26104	-0.339957	-0.441379	-0.547017	-0.647206	-0.729598	-0.756088	-0.731736	-0.682303	-0.612872	-0.54596	-0.521178	-0.545453	
-0.37614	-0.301042	-0.24341	-0.190704	-0.145455	-0.106261	-0.0767942	-0.0607859	-0.0488788	-0.0529289	-0.0710132	-0.116569	-0.198703	-0.300124	-0.414151	-0.535068	-0.636096	-0.698934	-0.706832	-0.655515	-0.576586	-0.482739	-0.394837	-0.346455	-0.357953	
-0.400363	-0.293781	-0.197625	-0.106843	-0.0316469	0.0282943	0.0594113	0.0751325	0.0873518	0.0786095	0.0544599	-0.00132921	-0.102791	-0.230451	-0.361531	-0.488148	-0.582239	-0.630925	-0.618229	-0.547447	-0.445059	-0.32799	-0.221491	-0.160931	-0.159137	
-0.383024	-0.24346	-0.107274	0.0150748	0.117403	0.193013	0.232926	0.248958	0.255394	0.248129	0.212491	0.130884	0.0135521	-0.127313	-0.276917	-0.409199	-0.495684	-0.529815	-0.501922	-0.417253	-0.293017	-0.159823	-0.0455365	0.0223662	0.0401799	
-0.316661	-0.162763	0.00655967	0.163651	0.28829	0.372869	0.421907	0.442583	0.445267	0.430681	0.376002	0.276114	0.145168	-0.00972525	-0.171126	-0.308959	-0.392832	-0.410693	-0.368525	-0.269777	-0.129219	0.011642	0.121449	0.194116	0.222302	
-0.219222	-0.0502208	0.140377	0.323402	0.46373	0.55525	0.615242	0.641235	0.636595	0.608581	0.539567	0.425916	0.279812	0.111866	-0.0627976	-0.206516	-0.285892	-0.290089	-0.233288	-0.127178	0.0154049	0.155027	0.26302	0.337492	0.370249	
-0.108658	0.0724151	0.278535	0.469492	0.621879	0.727023	0.791231	0.820557	0.810234	0.762685	0.681238	0.552868	0.390202	0.216216	0.0390026	-0.1098	-0.189579	-0.184084	-0.116576	-0.00564256	0.132011	0.264453	0.369246	0.442344	0.468706	
0.00673111	0.184554	0.392249	0.57955	0.736954	0.858156	0.929364	0.961453	0.94534	0.885039	0.783461	0.644314	0.47419	0.287765	0.110194	-0.0311422	-0.107794	-0.095792	-0.0222256	0.0831257	0.211084	0.333829	0.434597	0.506	0.520405	
0.107289	0.272136	0.464724	0.64932	0.808938	0.938948	1.02266	1.0475	1.0156	0.950162	0.841038	0.694451	0.522536	0.33066	0.152092	0.019069	-0.0537921	-0.037706	0.0386776	0.1393	0.258022	0.367776	0.459638	0.520609	0.526479	
0.180328	0.329789	0.499457	0.676305	0.839733	0.967408	1.04659	1.06929	1.03411	0.960479	0.849484	0.701483	0.526704	0.337954	0.166113	0.0423296	-0.0201917	-0.00751987	0.0625896	0.161683	0.269569	0.367114	0.444092	0.49347	0.500545	
0.215963	0.35123	0.496767	0.650856	0.80432	0.930232	1.00862	1.03523	1.00318	0.921887	0.80483	0.661674	0.493384	0.315831	0.156491	0.0479408	0.00149272	0.00887401	0.0680596	0.159691	0.253368	0.335764	0.399601	0.442357	0.456367	
0.219179	0.330937	0.455614	0.59029	0.7273	0.843649	0.916836	0.940201	0.912974	0.831223	0.720364	0.588661	0.435012	0.275927	0.136629	0.041646	0.0015949	0.00762674	0.0600775	0.145157	0.225836	0.291472	0.341827	0.374238	0.387078	
0.199498	0.285622	0.392476	0.510598	0.624146	0.718633	0.781672	0.800553	0.777611	0.705548	0.605275	0.493309	0.362991	0.224828	0.106458	0.0240272	-0.010369	-0.00321599	0.0449783	0.117031	0.181614	0.234387	0.274964	0.299806	0.306936	
0.15618	0.22417	0.308665	0.400754	0.4817	0.551851	0.612074	0.633219	0.613439	0.55285	0.467207	0.375645	0.273622	0.167761	0.0776103	0.0132044	-0.0135358	-0.0056606	0.0356304	0.0876661	0.129505	0.171156	0.208539	0.225842	0.228361	
0.105305	0.152632	0.210116	0.272646	0.327986	0.373279	0.415302	0.434952	0.424369	0.378589	0.320329	0.253315	0.179295	0.109643	0.0514384	0.00662339	-0.0125928	-0.00584851	0.0251598	0.0593531	0.0800581	0.110997	0.142472	0.149566	0.147897	
0.0530345	0.0769355	0.109698	0.141746	0.17032	0.193687	0.213453	0.220761	0.211881	0.188044	0.159813	0.130022	0.0937346	0.0578352	0.024147	-0.0037734	-0.0136012	-0.0082881	0.0110796	0.0293984	0.039169	0.0554969	0.0716053	0.0731857	0.0698917	
