-0.000104054	0	0	0	0	0	0	0	0	0	0	0	0	0	0	0	0	0	0	0	0	0	0	0	0	
-0.000355301	-0.0210636	-0.0386833	-0.0570361	-0.077902	-0.0969931	-0.114877	-0.132584	-0.145876	-0.154227	-0.15711	-0.155468	-0.159415	-0.162703	-0.157671	-0.150391	-0.13819	-0.125721	-0.116538	-0.102861	-0.087308	-0.0715711	-0.0539566	-0.0356113	-0.0167458	
0.0169432	-0.0206912	-0.05294	-0.0882648	-0.127177	-0.16572	-0.201437	-0.235504	-0.264225	-0.280201	-0.286053	-0.286822	-0.295398	-0.304877	-0.300076	-0.285819	-0.263442	-0.243081	-0.225707	-0.198516	-0.168537	-0.139579	-0.10794	-0.0707767	-0.0308076	
0.0596622	0.0106956	-0.0318842	-0.076888	-0.130382	-0.182782	-0.233491	-0.285356	-0.327103	-0.354943	-0.368645	-0.37208	-0.390997	-0.408884	-0.404009	-0.390886	-0.364483	-0.336849	-0.315673	-0.281502	-0.241568	-0.200123	-0.152359	-0.100459	-0.0467142	
0.127854	0.07596	0.0317508	-0.0184729	-0.0790962	-0.143013	-0.206789	-0.271263	-0.327585	-0.364242	-0.383526	-0.395616	-0.424854	-0.45534	-0.460122	-0.448755	-0.423131	-0.398644	-0.376413	-0.336246	-0.289826	-0.243014	-0.189325	-0.124733	-0.0551072	
0.206262	0.159761	0.119691	0.0749161	0.0144084	-0.0525492	-0.120963	-0.195028	-0.260087	-0.304808	-0.331551	-0.350432	-0.392066	-0.435127	-0.448707	-0.446584	-0.427109	-0.405893	-0.388732	-0.353132	-0.308876	-0.26107	-0.202145	-0.13233	-0.0595543	
0.279841	0.244439	0.2186	0.184794	0.131841	0.0699893	0.00190568	-0.0738788	-0.142006	-0.189255	-0.216833	-0.239858	-0.289238	-0.342511	-0.366614	-0.372479	-0.363422	-0.35393	-0.344471	-0.315527	-0.278332	-0.238193	-0.187649	-0.123402	-0.0542743	
0.332861	0.314535	0.304728	0.287432	0.249327	0.197542	0.139392	0.0705684	0.00596073	-0.0345648	-0.0561329	-0.0788536	-0.128672	-0.185912	-0.218982	-0.232011	-0.230008	-0.229348	-0.230986	-0.21702	-0.196257	-0.173428	-0.138272	-0.086601	-0.0336402	
0.359091	0.356436	0.366618	0.368542	0.347484	0.314769	0.271403	0.21388	0.162265	0.132722	0.122301	0.110633	0.0689381	0.0163729	-0.015027	-0.0299822	-0.0366522	-0.0464173	-0.0591149	-0.0620625	-0.0610001	-0.0591208	-0.0488688	-0.0279906	-0.00744383	
0.360395	0.37522	0.402791	0.421437	0.420597	0.405213	0.378694	0.340075	0.304088	0.294224	0.305061	0.30743	0.282576	0.242542	0.212536	0.200321	0.194638	0.180147	0.157686	0.136957	0.113818	0.0844794	0.0612464	0.0515897	0.0366212	
0.340125	0.368396	0.410782	0.447082	0.466306	0.472491	0.465651	0.44535	0.429291	0.438084	0.466915	0.48891	0.485147	0.462608	0.445048	0.439952	0.433293	0.414468	0.382776	0.343609	0.29747	0.242456	0.187915	0.136218	0.0746374	
0.305883	0.346733	0.402888	0.45455	0.493583	0.518569	0.527665	0.527264	0.530942	0.55918	0.608885	0.64887	0.665312	0.659248	0.648418	0.647582	0.642434	0.621653	0.58327	0.529473	0.462	0.379369	0.293878	0.210184	0.113134	
0.259657	0.31086	0.377158	0.444253	0.505669	0.549425	0.575814	0.596123	0.617135	0.659671	0.722753	0.77419	0.804871	0.811794	0.806838	0.806032	0.797323	0.770956	0.722364	0.65442	0.571491	0.471526	0.366623	0.259059	0.135765	
0.213418	0.269894	0.345432	0.428657	0.507685	0.568711	0.609891	0.645795	0.683196	0.736058	0.804769	0.862813	0.900224	0.909941	0.903113	0.894668	0.874912	0.839381	0.78268	0.704524	0.610118	0.502464	0.39132	0.271555	0.137159	
0.17862	0.237605	0.318201	0.410463	0.506356	0.579239	0.629123	0.679635	0.725848	0.779983	0.848509	0.902324	0.935314	0.943148	0.928162	0.903561	0.870825	0.826435	0.759686	0.675083	0.579976	0.473082	0.363488	0.250351	0.127337	
0.178415	0.231867	0.310105	0.407681	0.508513	0.585829	0.639437	0.691563	0.738799	0.78615	0.83956	0.880455	0.902434	0.899929	0.875123	0.837061	0.790533	0.73625	0.665762	0.582035	0.490508	0.397859	0.308028	0.206409	0.0977161	
0.223728	0.268825	0.34044	0.431573	0.529259	0.599414	0.641034	0.683115	0.717559	0.744546	0.77523	0.795453	0.799201	0.784458	0.748375	0.695498	0.640753	0.587333	0.521067	0.446724	0.373583	0.3022	0.228434	0.146689	0.0678468	
0.320142	0.351335	0.407309	0.484837	0.567013	0.619572	0.640823	0.659981	0.670745	0.667104	0.663259	0.653124	0.631734	0.602843	0.560203	0.502994	0.449549	0.401819	0.347054	0.289802	0.23665	0.192482	0.148942	0.0913282	0.0364017	
0.449414	0.464008	0.501116	0.559199	0.618981	0.644181	0.635873	0.62224	0.598758	0.559875	0.519073	0.477892	0.435154	0.392042	0.341968	0.2854	0.236737	0.197893	0.159958	0.125433	0.102275	0.0891542	0.0663324	0.0283118	0.00256773	
0.593202	0.583826	0.596237	0.627353	0.656434	0.65206	0.613064	0.566938	0.513526	0.442304	0.369543	0.300705	0.234655	0.180471	0.130197	0.0775176	0.0354897	0.00792746	-0.014744	-0.0331603	-0.0349466	-0.0210243	-0.0162967	-0.0268482	-0.0253149	
0.72626	0.687943	0.66794	0.667452	0.663146	0.626339	0.561675	0.489149	0.40951	0.319187	0.228981	0.141832	0.0651783	0.00603223	-0.0451552	-0.0894039	-0.125768	-0.153396	-0.169009	-0.171349	-0.151416	-0.117794	-0.0962393	-0.084502	-0.0553805	
0.83765	0.760784	0.703665	0.664417	0.622568	0.55904	0.475203	0.385547	0.294878	0.20039	0.106208	0.0131218	-0.0653974	-0.12317	-0.168801	-0.203274	-0.236341	-0.262096	-0.272304	-0.271063	-0.242403	-0.193683	-0.155534	-0.125464	-0.0770828	
0.915834	0.801005	0.700331	0.620003	0.543938	0.456852	0.362229	0.265849	0.174206	0.0885035	0.00391473	-0.0850567	-0.159299	-0.20955	-0.243659	-0.265802	-0.292563	-0.315246	-0.322366	-0.314889	-0.277643	-0.226415	-0.183924	-0.140746	-0.0818209	
0.957549	0.80352	0.66269	0.544756	0.440851	0.340387	0.241342	0.14802	0.0633447	-0.00911159	-0.0792277	-0.161152	-0.224846	-0.262167	-0.284058	-0.287242	-0.29832	-0.314976	-0.315807	-0.299771	-0.258783	-0.208186	-0.164977	-0.123915	-0.0732949	
0.962311	0.780691	0.606829	0.459557	0.336776	0.226706	0.128691	0.0411216	-0.0324752	-0.0872706	-0.143206	-0.212457	-0.263334	-0.288619	-0.292064	-0.277238	-0.272653	-0.270198	-0.258331	-0.238158	-0.196107	-0.149637	-0.114566	-0.083965	-0.0498578	
0.941011	0.74324	0.549184	0.381403	0.246033	0.133508	0.0362882	-0.0423642	-0.102843	-0.145919	-0.185543	-0.239318	-0.279154	-0.288369	-0.272423	-0.238012	-0.212068	-0.19712	-0.178667	-0.150437	-0.113046	-0.0807578	-0.0549909	-0.0356985	-0.0224472	
0.903044	0.70959	0.510452	0.332284	0.191116	0.0744533	-0.0242702	-0.0974523	-0.148877	-0.179899	-0.204895	-0.240941	-0.263205	-0.257332	-0.227329	-0.179085	-0.13706	-0.110306	-0.0905804	-0.0687753	-0.0409707	-0.0172494	-0.00372933	-0.0010417	-0.003602	
0.854401	0.684606	0.497139	0.319867	0.177639	0.0590146	-0.0425885	-0.113898	-0.155702	-0.176477	-0.189497	-0.208227	-0.219215	-0.204834	-0.164678	-0.11181	-0.0668456	-0.036688	-0.0160842	-0.00226641	0.00768167	0.0187233	0.0269636	0.0221386	0.00922402	
0.781744	0.652481	0.493343	0.333191	0.201331	0.0889798	-0.0106378	-0.0756114	-0.105808	-0.121716	-0.128091	-0.137016	-0.147646	-0.13622	-0.102178	-0.0572269	-0.0133601	0.014302	0.0262382	0.0297656	0.0314208	0.0372392	0.0393289	0.0300237	0.015324	
0.671695	0.593266	0.479484	0.353912	0.248327	0.152663	0.0664426	0.0165035	-0.00240125	-0.0116264	-0.0177817	-0.0319442	-0.0482409	-0.0517224	-0.0427228	-0.017916	0.0111784	0.030773	0.0410779	0.035181	0.026818	0.0340632	0.0391703	0.0293353	0.0144868	
0.5289	0.502963	0.44011	0.362812	0.293172	0.226604	0.170101	0.142134	0.140377	0.137754	0.125583	0.102344	0.0681463	0.0360802	0.0166783	0.0149683	0.0214718	0.031437	0.035887	0.0191121	0.00571181	0.0147731	0.0225308	0.014558	0.00309425	
0.369184	0.39014	0.382754	0.359666	0.332389	0.303062	0.279433	0.276726	0.287424	0.286615	0.270059	0.233767	0.18524	0.132006	0.0806963	0.0529898	0.040996	0.0349662	0.0250343	-0.00342505	-0.0217509	-0.0158806	-0.00765122	-0.00570236	-0.00564489	
0.220402	0.28529	0.32793	0.354165	0.366967	0.36794	0.37275	0.389367	0.406115	0.410714	0.393375	0.347907	0.291091	0.222393	0.149772	0.100182	0.066442	0.046695	0.0253217	-0.0143001	-0.0362279	-0.0315643	-0.025682	-0.0277946	-0.0256903	
0.0980233	0.198926	0.281045	0.348184	0.389678	0.412818	0.439168	0.467086	0.489464	0.501824	0.487056	0.439012	0.376593	0.296616	0.210946	0.147656	0.100683	0.0689338	0.0391558	0.000121369	-0.0230882	-0.0265052	-0.0235315	-0.0259242	-0.0263885	
0.00385931	0.131785	0.243754	0.334456	0.393001	0.431217	0.465748	0.502611	0.534876	0.554849	0.550479	0.507662	0.441898	0.36132	0.27172	0.19493	0.138038	0.0988518	0.0628613	0.0300202	0.0175376	0.0140328	0.00539459	-0.00823336	-0.0152119	
-0.0628977	0.0840845	0.208995	0.304332	0.369462	0.409408	0.444648	0.489484	0.533017	0.571513	0.587139	0.556359	0.497719	0.422296	0.332759	0.251252	0.186844	0.137705	0.102133	0.0806652	0.0712765	0.0612082	0.0409811	0.0121608	-0.00644504	
-0.113091	0.0402711	0.163325	0.253498	0.317207	0.356332	0.387875	0.433487	0.490751	0.545986	0.581772	0.576265	0.535757	0.47822	0.407079	0.332836	0.264645	0.203679	0.158724	0.132024	0.113102	0.0938993	0.0654025	0.0272832	0.00175089	
-0.156503	-0.00620841	0.111049	0.193609	0.253359	0.286551	0.302996	0.339378	0.401574	0.471462	0.534704	0.564384	0.560519	0.538562	0.494472	0.433822	0.360304	0.282826	0.224007	0.183843	0.152435	0.118419	0.0705014	0.0289612	0.0108546	
-0.191928	-0.0544707	0.0508362	0.122053	0.176811	0.200143	0.199384	0.224238	0.28704	0.370491	0.460459	0.528229	0.566006	0.580483	0.569941	0.532394	0.458803	0.369616	0.295757	0.23596	0.187807	0.142737	0.0875218	0.0367241	0.00909559	
-0.217849	-0.0987243	-0.012958	0.0505819	0.0980975	0.107863	0.0966253	0.108836	0.165242	0.258982	0.367021	0.464193	0.54418	0.59596	0.615099	0.601711	0.540211	0.451574	0.368569	0.295321	0.232829	0.174733	0.118202	0.0673405	0.0259238	
-0.224342	-0.132108	-0.0672282	-0.0134307	0.0198725	0.0220048	0.00761563	0.0117631	0.0617647	0.153369	0.266343	0.379161	0.481475	0.561521	0.615093	0.630477	0.590002	0.519703	0.442661	0.363714	0.295521	0.231642	0.167014	0.10431	0.045595	
-0.22789	-0.159132	-0.110956	-0.0674637	-0.0421753	-0.0420225	-0.0525145	-0.0477475	-0.0117729	0.0616812	0.164499	0.273948	0.382081	0.479131	0.557544	0.606908	0.610671	0.575433	0.510877	0.436185	0.369746	0.301292	0.227825	0.149554	0.0686992	
-0.241259	-0.184816	-0.143112	-0.104641	-0.0808983	-0.0766866	-0.0821178	-0.077623	-0.0592324	-0.013922	0.0664907	0.157984	0.258405	0.367226	0.464447	0.54239	0.594807	0.603677	0.564215	0.500802	0.432555	0.366461	0.299712	0.20761	0.0967535	
-0.264387	-0.199982	-0.151295	-0.112315	-0.0860909	-0.0848201	-0.0952967	-0.0989796	-0.105556	-0.0859603	-0.0234085	0.0501383	0.139817	0.248347	0.355212	0.457941	0.543983	0.587681	0.582171	0.541932	0.488554	0.431676	0.354906	0.247708	0.125608	
-0.282887	-0.196527	-0.131855	-0.0886972	-0.0644787	-0.0719318	-0.0963082	-0.120178	-0.146627	-0.148536	-0.109357	-0.0459315	0.0330584	0.125577	0.236333	0.360343	0.473221	0.550032	0.572387	0.548397	0.511036	0.467075	0.388446	0.273187	0.14243	
-0.301859	-0.184534	-0.0990156	-0.0471074	-0.0205446	-0.0326817	-0.074748	-0.125412	-0.171361	-0.197057	-0.185352	-0.137903	-0.0714869	0.0128206	0.12296	0.252089	0.382888	0.483406	0.526255	0.525267	0.506518	0.46787	0.392194	0.280286	0.146748	
-0.321479	-0.181731	-0.0788098	-0.0125653	0.0201346	0.0153626	-0.0329528	-0.102353	-0.165522	-0.214236	-0.227816	-0.207556	-0.165889	-0.0942335	0.0101047	0.137305	0.268728	0.37545	0.441112	0.471947	0.471513	0.440043	0.377545	0.275227	0.141298	
-0.349979	-0.202489	-0.084628	-0.00247955	0.0461745	0.0552826	0.0132417	-0.0536597	-0.129185	-0.196787	-0.233476	-0.24419	-0.227766	-0.181988	-0.0996154	0.0174457	0.136147	0.233912	0.312282	0.375653	0.40701	0.391656	0.340696	0.253427	0.131693	
-0.388705	-0.240514	-0.111806	-0.0102467	0.0565311	0.0764492	0.0519854	0.000105798	-0.0729487	-0.14421	-0.203699	-0.247947	-0.263408	-0.247695	-0.192373	-0.106784	-0.00811466	0.0896489	0.172061	0.248127	0.301008	0.301913	0.265116	0.201445	0.108737	
-0.443695	-0.296085	-0.153078	-0.0284708	0.0579435	0.0917357	0.0892182	0.0586705	-0.00379295	-0.0773155	-0.151727	-0.226583	-0.286495	-0.301727	-0.266617	-0.209936	-0.13643	-0.0508703	0.0313547	0.107369	0.15697	0.166739	0.144977	0.106834	0.0609114	
