-0.00093082	0	0	0	0	0	0	0	0	0	0	0	0	0	0	0	0	0	0	0	0	0	0	0	0	
-0.0939808	-0.0719449	-0.0449368	-0.033281	-0.0184984	-0.0029427	-0.00208824	-0.000279401	0.0101858	0.000885636	-0.0108541	0.00119201	0.00862828	0.00143688	-3.13087e-05	0.00558838	0.00133587	-0.00371654	0.00603312	0.00801162	-0.0021225	-0.00091174	0.00629069	0.00737735	0.00300445	
-0.180798	-0.135196	-0.0858227	-0.0518445	-0.0308659	-0.0121467	-0.00797837	-0.00896124	0.00186235	0.0014782	0.00450821	0.0120374	0.00248538	-0.00248793	0.00212155	0.00820307	0.00641693	-0.000940148	0.00721582	0.0109037	-0.00063798	0.000921286	0.0112379	0.0129336	0.0054145	
-0.268548	-0.200802	-0.137547	-0.0824295	-0.0446678	-0.0262041	-0.00667815	-0.00103356	0.000826677	0.00370577	0.00594969	0.00716323	0.0005411	0.00278474	0.0104494	0.011204	0.00409973	-0.000662433	0.0109593	0.0147751	0.0024937	0.00368092	0.0142589	0.0156303	0.00790782	
-0.349795	-0.2639	-0.18355	-0.113557	-0.0635543	-0.0344745	-0.0105039	-0.000149205	0.00316262	0.00725957	0.00405347	0.00165376	0.00786227	0.0138954	0.008471	0.00261041	0.00794891	0.0130573	0.0117955	0.00826744	0.0077252	0.0128575	0.0158967	0.0137118	0.0109127	
-0.42774	-0.325612	-0.223703	-0.137367	-0.0795436	-0.0379676	-0.0161228	-0.00540199	-0.000410343	0.00695074	0.00807541	0.00460934	0.0126144	0.0152164	0.0059146	0.00415458	0.0156818	0.0185653	0.0069392	0.00734086	0.0184818	0.0190421	0.0135692	0.0126022	0.0170003	
-0.495837	-0.382625	-0.264735	-0.167992	-0.094772	-0.0509627	-0.0243323	-0.00421495	-0.00330369	0.00725965	0.013474	0.0112541	0.0141569	0.00753017	0.0074684	0.0155627	0.0192567	0.0149513	0.0058414	0.014502	0.0272397	0.0194985	0.0112425	0.0152499	0.0255942	
-0.556931	-0.434805	-0.308677	-0.203214	-0.117923	-0.0645523	-0.0300541	-0.00316056	0.00478474	0.00927536	0.011598	0.0119423	0.0101101	0.0102036	0.0186254	0.0169376	0.0148311	0.0178957	0.0129879	0.0189407	0.0282568	0.0200053	0.0140434	0.021033	0.0337614	
-0.619276	-0.487291	-0.349511	-0.229165	-0.136267	-0.0694323	-0.031623	-0.00967523	0.00604712	0.00795023	0.00955013	0.0105164	0.0104851	0.0201375	0.0252933	0.016605	0.0123495	0.0174664	0.0223883	0.0266479	0.0248794	0.01873	0.0216173	0.0310274	0.0392545	
-0.663709	-0.531151	-0.385938	-0.253515	-0.15334	-0.0807541	-0.0401196	-0.0156521	-0.00249337	0.00130062	0.0156538	0.0212568	0.0213662	0.0222694	0.0160941	0.014125	0.0167549	0.0261444	0.0336597	0.024114	0.0171252	0.0256987	0.0351857	0.0384532	0.0378832	
-0.69761	-0.568143	-0.423143	-0.288422	-0.181286	-0.102624	-0.0529169	-0.0170739	0.00600078	0.0125744	0.0185074	0.0206995	0.0189122	0.0146473	0.0170017	0.0250763	0.0255527	0.0322886	0.0322205	0.0159042	0.0214443	0.0415435	0.0442217	0.038233	0.0331498	
-0.736804	-0.613687	-0.461087	-0.317561	-0.201002	-0.110435	-0.0523309	-0.0205123	0.00383104	0.0147094	0.0162452	0.016867	0.0166061	0.0191789	0.0276549	0.0335581	0.029683	0.0271351	0.0246274	0.0241268	0.0381572	0.0479289	0.0430622	0.0371615	0.0326102	
-0.7636	-0.645347	-0.494684	-0.343173	-0.218216	-0.123251	-0.0570594	-0.0226825	-0.000739642	0.00644974	0.0111523	0.0216654	0.0258333	0.0297953	0.0331244	0.0317244	0.0255822	0.0229154	0.0323912	0.042224	0.0445889	0.0442769	0.0428399	0.0385899	0.0384315	
-0.781027	-0.667813	-0.518765	-0.368714	-0.238562	-0.142046	-0.0744794	-0.033509	-0.0040714	0.0125342	0.0195362	0.0274346	0.0320819	0.0314455	0.0273684	0.029248	0.0300053	0.0307558	0.0445028	0.0500074	0.0427164	0.043022	0.0441983	0.0431733	0.0551181	
-0.795792	-0.696128	-0.552007	-0.397824	-0.263857	-0.158086	-0.0801684	-0.0354607	-0.00478261	0.0157582	0.0246124	0.0305477	0.0315256	0.0299716	0.0283273	0.0320381	0.0369882	0.0416888	0.0520008	0.0513471	0.0416629	0.0416084	0.0471169	0.0601058	0.0798391	
-0.809079	-0.718921	-0.581239	-0.426816	-0.284816	-0.174433	-0.0874857	-0.0337593	-0.00101418	0.0202037	0.0245678	0.0280671	0.0298525	0.0282878	0.0314684	0.0424205	0.0509735	0.0497911	0.0498671	0.0475446	0.0409269	0.0459799	0.0644371	0.0856132	0.0933509	
-0.821269	-0.740284	-0.602755	-0.446544	-0.298124	-0.179808	-0.0924729	-0.0364967	-0.00449981	0.0147431	0.0204527	0.0244775	0.0311072	0.0394878	0.0459013	0.0516481	0.0554666	0.0480862	0.0431714	0.0461912	0.0502256	0.0657915	0.0886113	0.0981387	0.0888997	
-0.820898	-0.748507	-0.617979	-0.462261	-0.31329	-0.194095	-0.103188	-0.0470751	-0.0150508	0.00973808	0.0222252	0.0331974	0.044314	0.0516363	0.0542372	0.0528281	0.049396	0.0409146	0.0435149	0.0605605	0.0746556	0.0878689	0.0972337	0.0927426	0.0814525	
-0.814902	-0.755968	-0.635056	-0.48642	-0.337086	-0.216536	-0.122111	-0.0537649	-0.0141145	0.0166145	0.0353255	0.0463371	0.0545923	0.0548694	0.0475057	0.0420351	0.0462193	0.0510885	0.0626774	0.08311	0.0933207	0.0940925	0.0917557	0.0855806	0.0804622	
-0.821795	-0.774949	-0.660329	-0.511967	-0.358522	-0.226764	-0.124592	-0.0509953	-0.00405145	0.0293397	0.0443417	0.0473521	0.0470784	0.0448669	0.0438624	0.0475499	0.060583	0.0720172	0.0827501	0.0970404	0.0984892	0.0899005	0.0846121	0.0831541	0.0874934	
-0.823866	-0.785574	-0.674954	-0.52458	-0.365782	-0.229227	-0.120186	-0.0420169	-0.00114705	0.0246093	0.0369422	0.0397273	0.0431739	0.0477081	0.054453	0.0642453	0.0804211	0.0909072	0.0941205	0.0992718	0.0948425	0.0835018	0.0809569	0.0902268	0.114714	
-0.816958	-0.782544	-0.674477	-0.527164	-0.368478	-0.231491	-0.128914	-0.0532078	-0.00895482	0.0187433	0.0333288	0.0398789	0.0498856	0.0619162	0.0734489	0.0833887	0.0958783	0.100615	0.0955924	0.0935635	0.0871283	0.0799739	0.0906891	0.122698	0.173309	
-0.801237	-0.779624	-0.68076	-0.537761	-0.383515	-0.245738	-0.138117	-0.060389	-0.0164402	0.0145165	0.037917	0.0525244	0.0668473	0.081077	0.0923225	0.097249	0.102093	0.0997418	0.0873771	0.0828235	0.0852985	0.0966264	0.131054	0.186333	0.252	
-0.794169	-0.779324	-0.688376	-0.551857	-0.398076	-0.260703	-0.15325	-0.0678192	-0.0125787	0.0260337	0.0536081	0.0710833	0.0871719	0.0982901	0.102701	0.0996217	0.0952709	0.0871942	0.077516	0.086385	0.111177	0.146334	0.199838	0.265822	0.332796	
-0.79276	-0.790033	-0.704356	-0.568463	-0.413924	-0.267484	-0.150389	-0.0591556	0.00063056	0.0431748	0.0753464	0.0915335	0.0996806	0.102344	0.0975608	0.0854691	0.0803433	0.0837984	0.0924284	0.122305	0.168581	0.219652	0.280427	0.346649	0.408351	
-0.796333	-0.794282	-0.71079	-0.57322	-0.412663	-0.261973	-0.138811	-0.0403038	0.0239679	0.0643838	0.0876198	0.0940168	0.093171	0.0870471	0.0811366	0.0784862	0.0879412	0.109698	0.138653	0.186302	0.245053	0.301978	0.362526	0.422645	0.47001	
-0.789692	-0.789344	-0.701856	-0.560079	-0.396154	-0.239961	-0.117589	-0.0243845	0.031551	0.0617863	0.0785069	0.0792101	0.0768005	0.0786903	0.0850875	0.0964962	0.124431	0.166076	0.209434	0.265387	0.329176	0.386136	0.438357	0.479855	0.498061	
-0.764276	-0.762442	-0.678524	-0.540097	-0.381207	-0.232948	-0.116726	-0.0309992	0.0196693	0.0472736	0.0630257	0.0698136	0.0782228	0.0921962	0.115802	0.146644	0.188907	0.240813	0.292669	0.353202	0.414578	0.45905	0.487663	0.496724	0.478387	
-0.738903	-0.745203	-0.66761	-0.537126	-0.385298	-0.242442	-0.132261	-0.0470617	0.00546719	0.0373139	0.0637473	0.0828623	0.105886	0.137318	0.174899	0.216495	0.27014	0.331289	0.384448	0.436254	0.479388	0.496562	0.491417	0.465221	0.414482	
-0.732669	-0.745337	-0.675377	-0.549845	-0.401686	-0.258476	-0.143454	-0.0546449	0.00658459	0.0513157	0.0902215	0.123875	0.160799	0.204445	0.255905	0.309081	0.36576	0.421003	0.459949	0.488902	0.502113	0.485802	0.447722	0.391723	0.314013	
-0.741929	-0.75742	-0.688024	-0.56168	-0.40949	-0.262357	-0.14145	-0.039354	0.0345441	0.0908299	0.144113	0.192212	0.243544	0.298959	0.353971	0.402701	0.448374	0.484649	0.496884	0.494597	0.475914	0.429696	0.363938	0.281027	0.17645	
-0.755002	-0.767912	-0.693899	-0.561157	-0.401863	-0.242329	-0.107662	0.00378096	0.090866	0.163725	0.23088	0.288931	0.343412	0.395356	0.441382	0.473286	0.494644	0.502314	0.484693	0.453556	0.407275	0.333629	0.24007	0.130095	0.00223374	
-0.757838	-0.760793	-0.676954	-0.532827	-0.359773	-0.190241	-0.043823	0.0852579	0.185259	0.264172	0.332574	0.386976	0.433042	0.469173	0.492326	0.49866	0.493336	0.473306	0.428569	0.370372	0.2955	0.193426	0.0745251	-0.0549902	-0.193079	
-0.73486	-0.724697	-0.624696	-0.465479	-0.280078	-0.0957234	0.0611468	0.190144	0.287284	0.362282	0.421962	0.461039	0.48565	0.498943	0.498371	0.478381	0.446652	0.399885	0.3265	0.239436	0.137763	0.0135087	-0.119878	-0.253561	-0.384816	
-0.669601	-0.641585	-0.529247	-0.360868	-0.168626	0.0123657	0.163178	0.288395	0.376262	0.435491	0.474237	0.491581	0.495345	0.484185	0.456944	0.411396	0.352141	0.275017	0.174142	0.0647051	-0.0545425	-0.187571	-0.318444	-0.440663	-0.55483	
-0.572981	-0.538637	-0.420245	-0.250531	-0.0639079	0.111637	0.252683	0.358994	0.425383	0.464512	0.483937	0.479179	0.456632	0.419774	0.365579	0.289532	0.202548	0.10278	-0.0162623	-0.13668	-0.257411	-0.382628	-0.499322	-0.603928	-0.69837	
-0.474113	-0.4346	-0.318288	-0.156234	0.0208101	0.177746	0.298225	0.386842	0.434325	0.452338	0.444866	0.411922	0.363255	0.297375	0.214656	0.117541	0.0139155	-0.0995967	-0.222228	-0.335962	-0.446032	-0.557051	-0.655633	-0.740088	-0.812416	
-0.392846	-0.358165	-0.24828	-0.0956802	0.0651002	0.205059	0.306728	0.370305	0.389279	0.378036	0.343522	0.284883	0.209759	0.122941	0.0247584	-0.08534	-0.193907	-0.302828	-0.415674	-0.517417	-0.612996	-0.705632	-0.783145	-0.843783	-0.887159	
-0.346128	-0.314704	-0.213488	-0.0771065	0.0645322	0.178159	0.251187	0.286338	0.27818	0.24412	0.185656	0.10531	0.0162204	-0.0810942	-0.185189	-0.290554	-0.389483	-0.490331	-0.590749	-0.674644	-0.751667	-0.822938	-0.873271	-0.900885	-0.906384	
-0.34602	-0.324966	-0.239483	-0.121683	-0.00397556	0.083846	0.132056	0.143039	0.113383	0.0594194	-0.0138879	-0.100868	-0.19284	-0.287287	-0.383403	-0.480836	-0.570066	-0.656033	-0.737219	-0.800939	-0.854702	-0.894807	-0.908038	-0.896086	-0.861471	
-0.4139	-0.403932	-0.331507	-0.231927	-0.134963	-0.0692561	-0.039228	-0.0453464	-0.0887185	-0.147155	-0.221131	-0.306497	-0.392684	-0.480138	-0.568302	-0.651167	-0.721957	-0.790313	-0.848694	-0.882374	-0.901871	-0.903692	-0.876838	-0.826526	-0.758822	
-0.550838	-0.545793	-0.482784	-0.394899	-0.31016	-0.256082	-0.236863	-0.250261	-0.29293	-0.349789	-0.422572	-0.501468	-0.578317	-0.653193	-0.724681	-0.788764	-0.838566	-0.879466	-0.902295	-0.898993	-0.881807	-0.845103	-0.782858	-0.705381	-0.620303	
-0.733286	-0.727827	-0.666008	-0.580417	-0.501354	-0.454585	-0.435294	-0.448059	-0.491183	-0.544173	-0.608261	-0.673955	-0.735278	-0.792964	-0.843279	-0.878606	-0.895058	-0.901165	-0.886466	-0.846397	-0.795615	-0.729628	-0.646885	-0.559138	-0.473248	
-0.940212	-0.925308	-0.856447	-0.769465	-0.69155	-0.642509	-0.624022	-0.638876	-0.672911	-0.712636	-0.762898	-0.810925	-0.850645	-0.880218	-0.897646	-0.89827	-0.880341	-0.851383	-0.801627	-0.733853	-0.663526	-0.584178	-0.497092	-0.414303	-0.340507	
-1.14518	-1.11672	-1.04133	-0.949708	-0.868612	-0.820805	-0.796328	-0.797579	-0.816478	-0.840718	-0.870531	-0.889724	-0.89659	-0.894187	-0.878732	-0.843945	-0.794865	-0.740058	-0.66879	-0.588942	-0.514235	-0.436088	-0.358203	-0.290844	-0.235326	
-1.34327	-1.3002	-1.21066	-1.10761	-1.02102	-0.959116	-0.918802	-0.909057	-0.907504	-0.905304	-0.903357	-0.889318	-0.867143	-0.833641	-0.787074	-0.72851	-0.663042	-0.594772	-0.516338	-0.440086	-0.373854	-0.307144	-0.245886	-0.197487	-0.160375	
-1.51311	-1.44435	-1.33525	-1.219	-1.11616	-1.03921	-0.98484	-0.949386	-0.916047	-0.885554	-0.85666	-0.81685	-0.768013	-0.712532	-0.651665	-0.581208	-0.51048	-0.444444	-0.373441	-0.310216	-0.258593	-0.20772	-0.164589	-0.133796	-0.111902	
-1.62584	-1.53007	-1.3993	-1.25981	-1.13931	-1.04139	-0.960023	-0.901418	-0.846858	-0.798059	-0.748054	-0.686736	-0.626029	-0.564125	-0.497176	-0.429395	-0.370436	-0.313841	-0.254506	-0.209757	-0.174733	-0.138518	-0.111175	-0.0945095	-0.0832067	
-1.66073	-1.53254	-1.37205	-1.21258	-1.075	-0.956974	-0.865223	-0.793365	-0.722297	-0.659793	-0.596614	-0.53313	-0.474295	-0.41406	-0.35652	-0.301656	-0.253762	-0.209727	-0.168814	-0.141646	-0.118275	-0.0941972	-0.0797328	-0.072478	-0.0672353	
-1.60243	-1.44388	-1.26518	-1.09368	-0.944621	-0.820198	-0.721865	-0.639424	-0.563802	-0.503144	-0.445548	-0.388676	-0.336479	-0.288105	-0.241828	-0.199451	-0.169524	-0.140366	-0.112077	-0.0973965	-0.0837627	-0.0689498	-0.0627231	-0.0610565	-0.0590194	
