-0.000247974	0	0	0	0	0	0	0	0	0	0	0	0	0	0	0	0	0	0	0	0	0	0	0	0	
-0.0253581	-0.0335397	-0.0380474	-0.0383679	-0.0351941	-0.0219698	-0.000373699	0.0254027	0.0486296	0.0702713	0.0791418	0.0753623	0.0635214	0.0472757	0.0274427	0.0112408	-0.00583358	-0.0246896	-0.0358113	-0.0390119	-0.0336176	-0.0208051	-0.00678258	0.00288041	0.00606124	
-0.0512329	-0.067479	-0.0781989	-0.0814404	-0.0692099	-0.0450691	-0.00310895	0.0474765	0.0984054	0.137492	0.154395	0.146662	0.126263	0.0932998	0.0542492	0.0221754	-0.0122363	-0.0492313	-0.0728064	-0.0786496	-0.0675552	-0.0408728	-0.0112659	0.00529539	0.0129058	
-0.076721	-0.101348	-0.115215	-0.116687	-0.104276	-0.065063	-0.0016389	0.0732598	0.143948	0.205776	0.232819	0.223004	0.190813	0.142931	0.0859286	0.0359711	-0.0165567	-0.0724478	-0.106279	-0.116073	-0.10017	-0.061518	-0.0200289	0.00591069	0.0143187	
-0.103244	-0.132724	-0.153144	-0.15851	-0.138709	-0.0899344	-0.00894617	0.0916218	0.189841	0.269233	0.304087	0.294697	0.253868	0.190782	0.11411	0.0483961	-0.0230452	-0.0941111	-0.140108	-0.152266	-0.132019	-0.0834688	-0.029129	0.00533573	0.0213637	
-0.125905	-0.165148	-0.190425	-0.196373	-0.173233	-0.11087	-0.00986474	0.110734	0.232126	0.331819	0.379766	0.367976	0.318144	0.238717	0.148234	0.064273	-0.0229427	-0.110956	-0.169433	-0.188223	-0.164706	-0.105615	-0.0411407	0.00350489	0.0245262	
-0.154947	-0.195913	-0.224981	-0.231886	-0.206183	-0.134567	-0.0185968	0.128036	0.271663	0.389199	0.445666	0.439696	0.381187	0.289879	0.18185	0.08167	-0.0235906	-0.124602	-0.196518	-0.223016	-0.197044	-0.128332	-0.0528307	0.000398565	0.0265826	
-0.176061	-0.224369	-0.260651	-0.271338	-0.238833	-0.155874	-0.02363	0.138384	0.305301	0.439753	0.511256	0.507435	0.445318	0.341371	0.220597	0.0998745	-0.0231103	-0.137493	-0.220413	-0.253108	-0.227196	-0.15242	-0.0679641	-0.0065641	0.0271142	
-0.201373	-0.25342	-0.292211	-0.302647	-0.269191	-0.179745	-0.0337872	0.149929	0.338116	0.488796	0.573135	0.575005	0.508722	0.394765	0.262519	0.123021	-0.0162765	-0.145274	-0.239318	-0.278494	-0.253606	-0.177072	-0.0872961	-0.0158416	0.0246393	
-0.224022	-0.278685	-0.323847	-0.338313	-0.300531	-0.202869	-0.0451726	0.155538	0.362371	0.530158	0.628419	0.638575	0.568724	0.447207	0.302107	0.146486	-0.0067856	-0.148831	-0.256623	-0.303876	-0.279425	-0.20369	-0.108375	-0.0282379	0.021575	
-0.243833	-0.304597	-0.354234	-0.368754	-0.327878	-0.224271	-0.0544152	0.157947	0.382667	0.565347	0.681376	0.697747	0.630698	0.503365	0.348659	0.173962	0.00792625	-0.145705	-0.26714	-0.322689	-0.302624	-0.227844	-0.131066	-0.0428612	0.0145028	
-0.265561	-0.329559	-0.381551	-0.39748	-0.354847	-0.247577	-0.0702908	0.159613	0.399171	0.595756	0.723451	0.752664	0.688787	0.560516	0.395855	0.20459	0.0252686	-0.141371	-0.272085	-0.338423	-0.322682	-0.253863	-0.155207	-0.0611998	0.00428837	
-0.28107	-0.349323	-0.407331	-0.425608	-0.383419	-0.270032	-0.0823961	0.155384	0.405581	0.61901	0.763531	0.802928	0.74339	0.616065	0.443686	0.240845	0.046138	-0.132088	-0.274089	-0.346996	-0.341345	-0.278518	-0.181229	-0.0819701	-0.00915156	
-0.299178	-0.37334	-0.432111	-0.448838	-0.405717	-0.290078	-0.100641	0.146476	0.410098	0.638403	0.79365	0.84675	0.797886	0.673868	0.493508	0.281434	0.0741027	-0.117674	-0.268581	-0.349207	-0.353384	-0.300286	-0.205924	-0.1047	-0.0263356	
-0.314187	-0.391775	-0.453199	-0.472748	-0.430529	-0.313048	-0.115744	0.138891	0.40807	0.646729	0.817146	0.884847	0.847617	0.727503	0.543182	0.323495	0.104236	-0.100792	-0.260401	-0.348384	-0.364113	-0.321534	-0.233537	-0.132885	-0.0490194	
-0.331394	-0.412565	-0.474727	-0.495519	-0.454817	-0.332103	-0.134504	0.12225	0.397785	0.651957	0.832584	0.914875	0.889043	0.780153	0.593238	0.371311	0.138267	-0.0751142	-0.244928	-0.339842	-0.368583	-0.336947	-0.258552	-0.160952	-0.0741076	
-0.346068	-0.430562	-0.494431	-0.516043	-0.47464	-0.352376	-0.154967	0.105568	0.389244	0.646323	0.837218	0.935919	0.929625	0.82686	0.645411	0.419029	0.177561	-0.04689	-0.22421	-0.33011	-0.37097	-0.350689	-0.284284	-0.192309	-0.103734	
-0.366892	-0.45259	-0.514595	-0.538775	-0.497731	-0.376832	-0.176273	0.0826098	0.367807	0.630944	0.834645	0.948076	0.956772	0.866611	0.694953	0.467946	0.215815	-0.0155252	-0.200958	-0.317691	-0.369651	-0.360923	-0.30724	-0.224995	-0.136027	
-0.387208	-0.472216	-0.539543	-0.565006	-0.524647	-0.401276	-0.205179	0.0530635	0.340468	0.609827	0.819734	0.947995	0.974679	0.898762	0.740363	0.513581	0.256805	0.018654	-0.172777	-0.300983	-0.362608	-0.365118	-0.32844	-0.255801	-0.17267	
-0.413378	-0.499043	-0.568745	-0.595154	-0.551438	-0.430907	-0.237057	0.0201067	0.307475	0.575479	0.79302	0.936968	0.979728	0.919313	0.775809	0.554947	0.295479	0.0531944	-0.145815	-0.284954	-0.355295	-0.373004	-0.351469	-0.294141	-0.215225	
-0.451249	-0.538829	-0.606053	-0.630724	-0.593066	-0.475924	-0.279319	-0.0249976	0.255538	0.525123	0.750369	0.904601	0.962622	0.922773	0.797847	0.584651	0.329478	0.0842448	-0.121169	-0.269629	-0.348122	-0.37949	-0.374324	-0.330154	-0.259518	
-0.494335	-0.581932	-0.654006	-0.680055	-0.640435	-0.523723	-0.33395	-0.0832908	0.19458	0.46424	0.689574	0.854836	0.929526	0.91291	0.803049	0.604253	0.356393	0.110914	-0.102907	-0.257647	-0.345504	-0.391231	-0.40174	-0.372702	-0.313062	
-0.552477	-0.647733	-0.722558	-0.743858	-0.704155	-0.590341	-0.405075	-0.156988	0.112726	0.379855	0.607606	0.783167	0.870211	0.876352	0.78385	0.604411	0.36694	0.122956	-0.0955448	-0.255024	-0.351916	-0.411644	-0.435275	-0.421625	-0.375381	
-0.634811	-0.72949	-0.79629	-0.823462	-0.788245	-0.675707	-0.490424	-0.252494	0.015454	0.278352	0.506646	0.682483	0.787433	0.814499	0.741075	0.582457	0.359131	0.121954	-0.100295	-0.260798	-0.370477	-0.439888	-0.476821	-0.479111	-0.446502	
-0.724959	-0.819961	-0.888649	-0.919468	-0.886137	-0.770496	-0.587642	-0.356804	-0.0969727	0.158199	0.386411	0.565905	0.685735	0.725297	0.676067	0.53941	0.336167	0.10296	-0.114157	-0.279628	-0.399879	-0.478936	-0.529633	-0.545712	-0.532671	
-0.825278	-0.924889	-0.996434	-1.02112	-0.983609	-0.874114	-0.701549	-0.473528	-0.219063	0.0308871	0.252028	0.433353	0.560776	0.61578	0.589437	0.476385	0.290223	0.0686414	-0.139958	-0.31135	-0.440304	-0.528918	-0.590177	-0.622531	-0.62723	
-0.922852	-1.0187	-1.08692	-1.11549	-1.08493	-0.976912	-0.803905	-0.580204	-0.335701	-0.0937121	0.118876	0.301855	0.433964	0.501838	0.494956	0.405489	0.238188	0.0346724	-0.165442	-0.342133	-0.477752	-0.576131	-0.649744	-0.700176	-0.723615	
-0.995954	-1.08611	-1.16053	-1.19211	-1.15729	-1.04972	-0.882742	-0.665619	-0.429624	-0.198642	0.00734389	0.189665	0.320376	0.39517	0.407611	0.340399	0.192122	0.00924161	-0.183286	-0.361186	-0.503894	-0.612845	-0.702132	-0.770511	-0.81198	
-1.02107	-1.11472	-1.19238	-1.21858	-1.18267	-1.08277	-0.919983	-0.711217	-0.48186	-0.258657	-0.0597728	0.111124	0.238585	0.321948	0.351579	0.297935	0.172271	0.010194	-0.171357	-0.350491	-0.497582	-0.620769	-0.726233	-0.812865	-0.873611	
-0.983404	-1.0836	-1.15655	-1.18306	-1.15467	-1.06003	-0.898442	-0.69443	-0.472619	-0.261261	-0.0757442	0.0878923	0.213572	0.30155	0.334957	0.297713	0.196038	0.0556021	-0.118145	-0.290926	-0.442457	-0.579396	-0.702504	-0.806782	-0.888013	
-0.874492	-0.976891	-1.04888	-1.08257	-1.06011	-0.962238	-0.803723	-0.60975	-0.400213	-0.197698	-0.0182017	0.135504	0.253393	0.338008	0.376736	0.356186	0.275507	0.150859	-0.00891299	-0.169316	-0.325654	-0.475611	-0.616664	-0.737047	-0.842556	
-0.701627	-0.804577	-0.883163	-0.919943	-0.898458	-0.803167	-0.658183	-0.471622	-0.267606	-0.0685894	0.0967762	0.235809	0.347372	0.430802	0.471469	0.462748	0.399213	0.292606	0.155569	0.00875101	-0.148502	-0.307079	-0.460238	-0.597298	-0.725714	
-0.474399	-0.580835	-0.666419	-0.711243	-0.694127	-0.609221	-0.470418	-0.288331	-0.0887424	0.0959774	0.248213	0.379681	0.488917	0.561821	0.602702	0.604759	0.559089	0.471835	0.361618	0.229334	0.079869	-0.0805513	-0.240832	-0.395459	-0.542103	
-0.219887	-0.336653	-0.430657	-0.482399	-0.472011	-0.399837	-0.266877	-0.0884983	0.0981324	0.270194	0.417074	0.545247	0.639001	0.702821	0.747312	0.76034	0.724397	0.660705	0.577566	0.465974	0.332023	0.178629	0.0151719	-0.151876	-0.311534	
0.0310501	-0.0938829	-0.198724	-0.25891	-0.260875	-0.197411	-0.0684129	0.0958301	0.269007	0.437576	0.580646	0.692281	0.772547	0.835565	0.881848	0.893061	0.866932	0.830531	0.772047	0.685282	0.573505	0.436939	0.274702	0.10399	-0.0639224	
0.251533	0.118185	0.00724708	-0.0592486	-0.0748448	-0.0176551	0.096812	0.248297	0.416353	0.580166	0.706641	0.807064	0.882181	0.941042	0.976645	0.986009	0.975527	0.960212	0.922322	0.864231	0.784668	0.669725	0.516573	0.349713	0.178656	
0.433613	0.301428	0.188945	0.110848	0.0881048	0.135615	0.235707	0.379483	0.544465	0.691769	0.807313	0.900132	0.966765	1.01112	1.0379	1.04688	1.04514	1.03871	1.01969	0.993839	0.946371	0.854072	0.716831	0.558506	0.389806	
0.561231	0.434614	0.320976	0.239052	0.213906	0.252789	0.346483	0.488407	0.637752	0.771018	0.881242	0.965998	1.01705	1.04887	1.06557	1.06952	1.0669	1.06382	1.06425	1.06647	1.04853	0.981895	0.869181	0.726002	0.563254	
0.615842	0.501874	0.395617	0.322374	0.302195	0.338016	0.430025	0.561299	0.701608	0.833972	0.939842	1.00983	1.04816	1.06742	1.072	1.06819	1.05716	1.05469	1.06807	1.09271	1.09842	1.06225	0.978448	0.853643	0.699679	
0.590109	0.495427	0.408087	0.35137	0.334254	0.375635	0.470097	0.602132	0.746214	0.880092	0.97562	1.03713	1.06535	1.0724	1.06697	1.04904	1.02292	1.01655	1.03833	1.07313	1.0994	1.09511	1.04133	0.938222	0.794094	
0.476891	0.406183	0.341248	0.298073	0.297176	0.355057	0.460847	0.603491	0.759113	0.891307	0.98497	1.04618	1.06937	1.06881	1.04932	1.00973	0.96878	0.960239	0.975502	1.01019	1.0552	1.08141	1.05603	0.974939	0.848672	
0.289997	0.238462	0.19264	0.172056	0.195273	0.274805	0.398323	0.558772	0.723926	0.865769	0.97513	1.04514	1.06704	1.05781	1.02318	0.968724	0.922771	0.898233	0.89398	0.926653	0.989556	1.03657	1.03277	0.97841	0.874344	
0.0677778	0.0342413	0.00909444	0.00951862	0.0546956	0.15024	0.291813	0.47194	0.661335	0.83064	0.96082	1.03956	1.06456	1.05575	1.01717	0.960411	0.898439	0.845818	0.822851	0.855392	0.919994	0.970411	0.985835	0.956776	0.876722	
-0.140204	-0.165594	-0.183595	-0.172451	-0.119423	-0.00931994	0.15532	0.362061	0.578538	0.772748	0.923746	1.02135	1.06551	1.0695	1.03946	0.976253	0.894759	0.823419	0.792408	0.81223	0.859698	0.910851	0.94316	0.937239	0.876059	
-0.311943	-0.342484	-0.361561	-0.351344	-0.291905	-0.169668	0.00834169	0.229793	0.467454	0.686542	0.865963	0.995769	1.06804	1.09454	1.07484	1.01164	0.928199	0.856772	0.813061	0.806896	0.839514	0.892284	0.936008	0.94224	0.897904	
-0.4405	-0.478217	-0.5046	-0.498638	-0.44335	-0.325491	-0.148332	0.0805033	0.333587	0.575024	0.786661	0.948391	1.04996	1.10012	1.10119	1.05682	0.99123	0.921472	0.86065	0.83966	0.866544	0.918896	0.962452	0.979041	0.949316	
-0.529369	-0.576805	-0.613512	-0.621378	-0.579824	-0.475257	-0.306703	-0.0793058	0.181188	0.439303	0.672146	0.856364	0.983544	1.0641	1.09699	1.08298	1.038	0.971487	0.911319	0.89191	0.918345	0.964045	1.01055	1.03757	1.02267	
-0.590315	-0.65045	-0.70282	-0.726721	-0.702653	-0.615776	-0.459312	-0.23933	0.0179456	0.277438	0.519338	0.719303	0.870879	0.980357	1.04332	1.0576	1.03401	0.986604	0.943324	0.935382	0.961679	1.01036	1.06501	1.10383	1.10834	
-0.62296	-0.700602	-0.770302	-0.812077	-0.805874	-0.735545	-0.595801	-0.393173	-0.1484	0.106856	0.352026	0.560339	0.727028	0.854773	0.939279	0.975414	0.978439	0.956326	0.936295	0.940666	0.977454	1.03668	1.10317	1.15879	1.1902	
-0.62815	-0.724543	-0.811984	-0.872761	-0.886653	-0.84006	-0.723005	-0.538863	-0.307344	-0.0604369	0.181391	0.391754	0.564107	0.700414	0.79452	0.84822	0.873205	0.875024	0.873919	0.89522	0.94666	1.02072	1.10658	1.18905	1.25162	
