0.483886	0.583287	0.693804	0.810018	0.919169	0.991793	1.03482	1.05833	1.0653	1.04283	0.973451	0.871648	0.769628	0.700562	0.67276	0.699785	0.789641	0.929141	1.086	1.23503	1.3701	1.47061	1.51246	1.49715	1.43324	
0.431262	0.508329	0.603293	0.710519	0.818563	0.892727	0.936099	0.957855	0.968681	0.953185	0.886333	0.783849	0.688438	0.626372	0.60529	0.630484	0.710995	0.838537	0.985934	1.1238	1.24687	1.33848	1.37945	1.35901	1.2842	
0.313681	0.383228	0.468134	0.568181	0.667908	0.738985	0.783038	0.8029	0.817251	0.79774	0.726686	0.628532	0.546389	0.50194	0.49028	0.522768	0.601643	0.715379	0.847855	0.965814	1.07276	1.15648	1.19462	1.17607	1.10115	
0.148879	0.218476	0.297353	0.387058	0.474305	0.543288	0.590044	0.617077	0.627351	0.598473	0.520179	0.431445	0.36697	0.342343	0.350415	0.398432	0.478214	0.579917	0.68761	0.785636	0.875037	0.954965	0.993196	0.974509	0.901206	
-0.0327814	0.0335182	0.105973	0.183067	0.261813	0.33096	0.383403	0.418231	0.420715	0.381918	0.303369	0.227199	0.183589	0.180907	0.21065	0.27045	0.348826	0.442619	0.534011	0.619921	0.69403	0.761713	0.794316	0.774544	0.704021	
-0.201356	-0.142744	-0.0773249	-0.00598566	0.0673655	0.13564	0.189072	0.224566	0.22192	0.174946	0.110082	0.0522306	0.031744	0.0441928	0.0828176	0.152782	0.240624	0.335997	0.420298	0.491285	0.556127	0.60682	0.631436	0.601093	0.523813	
-0.348624	-0.29827	-0.23757	-0.16882	-0.0981084	-0.0346387	0.0190652	0.0544713	0.05327	0.0126176	-0.0303812	-0.0673017	-0.0765354	-0.0577914	-0.0143186	0.0673552	0.170061	0.268717	0.349826	0.409794	0.465018	0.503814	0.510019	0.466551	0.382841	
-0.460878	-0.422437	-0.369837	-0.311361	-0.245035	-0.185994	-0.126795	-0.083428	-0.0732357	-0.0925515	-0.114719	-0.13349	-0.13461	-0.110236	-0.0563286	0.0306599	0.140787	0.23645	0.311711	0.367307	0.409356	0.431523	0.416532	0.366059	0.283501	
-0.5205	-0.500281	-0.466652	-0.425638	-0.370167	-0.307857	-0.240072	-0.18037	-0.152762	-0.148495	-0.153504	-0.152634	-0.140598	-0.106051	-0.0485742	0.040999	0.150141	0.242761	0.308672	0.358909	0.388443	0.39262	0.357198	0.293905	0.210529	
-0.528382	-0.531689	-0.524283	-0.506209	-0.465782	-0.398837	-0.322741	-0.245773	-0.19533	-0.165715	-0.1491	-0.131035	-0.105675	-0.0638657	-0.00223839	0.085379	0.183955	0.272807	0.338473	0.384542	0.403178	0.388968	0.336539	0.256688	0.164167	
-0.499033	-0.52529	-0.547461	-0.559348	-0.539854	-0.480466	-0.397052	-0.303516	-0.220707	-0.160247	-0.121204	-0.0846897	-0.0467864	0.0028727	0.0699411	0.149851	0.239802	0.319376	0.38375	0.427019	0.439471	0.410716	0.345054	0.256444	0.158918	
-0.429153	-0.478476	-0.532491	-0.580969	-0.593583	-0.551528	-0.469075	-0.361563	-0.246411	-0.158573	-0.0925384	-0.0342301	0.0257263	0.0932621	0.16783	0.246932	0.325022	0.395023	0.446568	0.478595	0.484478	0.455333	0.388233	0.287647	0.164773	
-0.331823	-0.40357	-0.49192	-0.575186	-0.617864	-0.595015	-0.522304	-0.4083	-0.276385	-0.161276	-0.0643685	0.0241107	0.109951	0.200642	0.288513	0.369114	0.427423	0.479069	0.516827	0.542985	0.546272	0.516382	0.445389	0.32781	0.175687	
-0.226723	-0.319777	-0.435482	-0.539521	-0.59988	-0.599763	-0.544507	-0.442942	-0.306078	-0.169614	-0.0399588	0.0833058	0.197116	0.310968	0.407729	0.485569	0.534008	0.566812	0.589694	0.605519	0.607542	0.576572	0.493043	0.361154	0.195958	
-0.130052	-0.240814	-0.368262	-0.479667	-0.55097	-0.573246	-0.544884	-0.462387	-0.331977	-0.179504	-0.0204587	0.130262	0.269073	0.397144	0.502658	0.57791	0.618955	0.637113	0.647839	0.654874	0.646555	0.610738	0.52832	0.393604	0.222537	
-0.047451	-0.164634	-0.294283	-0.407787	-0.489336	-0.531456	-0.527509	-0.463329	-0.347039	-0.18796	-0.0120158	0.158376	0.315135	0.452715	0.564535	0.638717	0.671767	0.680406	0.68357	0.687839	0.673415	0.633375	0.553254	0.422223	0.255762	
0.0271248	-0.088582	-0.216988	-0.333352	-0.426419	-0.483163	-0.496054	-0.447223	-0.345793	-0.19126	-0.00900471	0.177506	0.353449	0.498957	0.609303	0.676558	0.708581	0.717117	0.717314	0.71443	0.694876	0.651801	0.576531	0.457317	0.302074	
0.0824	-0.0288021	-0.15197	-0.27191	-0.374684	-0.439775	-0.457957	-0.417858	-0.323569	-0.176286	0.010298	0.210615	0.398928	0.545318	0.651064	0.711441	0.742759	0.74858	0.745726	0.735399	0.70722	0.660108	0.593466	0.486007	0.339742	
0.11403	0.0135553	-0.0999157	-0.222716	-0.334157	-0.402304	-0.41885	-0.37589	-0.280016	-0.135151	0.0536167	0.263302	0.45793	0.604115	0.704203	0.761833	0.785602	0.785027	0.76748	0.742701	0.704723	0.652875	0.587205	0.488649	0.347924	
0.118088	0.0372947	-0.0638949	-0.186438	-0.30109	-0.369416	-0.377303	-0.32651	-0.223261	-0.0778566	0.107293	0.322126	0.518296	0.666743	0.764045	0.819547	0.836972	0.823749	0.783725	0.739367	0.692148	0.63057	0.551952	0.454517	0.32366	
0.0891579	0.0265414	-0.0607597	-0.176414	-0.286086	-0.345329	-0.340562	-0.280664	-0.166847	-0.0204138	0.164219	0.375051	0.564929	0.71358	0.813579	0.869671	0.878047	0.845819	0.792036	0.73555	0.674962	0.59822	0.504614	0.399679	0.268047	
0.0291264	-0.0164658	-0.0904463	-0.192784	-0.286375	-0.331989	-0.315511	-0.245642	-0.12619	0.0260645	0.208865	0.411215	0.596753	0.745556	0.852375	0.910328	0.913927	0.873747	0.811819	0.746659	0.673924	0.576461	0.461901	0.34373	0.211542	
-0.0603698	-0.0942717	-0.157335	-0.238446	-0.307619	-0.334328	-0.303949	-0.224852	-0.100656	0.0595126	0.242954	0.438541	0.620321	0.770542	0.882178	0.942727	0.949109	0.912825	0.852196	0.782668	0.696295	0.580255	0.445484	0.308542	0.168421	
-0.179951	-0.210457	-0.260763	-0.31532	-0.354729	-0.356814	-0.310426	-0.220059	-0.0905679	0.0783392	0.268773	0.458942	0.637732	0.786223	0.902415	0.966607	0.981161	0.953934	0.907665	0.839176	0.737882	0.605727	0.460077	0.305427	0.145766	
-0.322608	-0.350446	-0.388026	-0.416303	-0.426168	-0.405581	-0.339973	-0.237261	-0.100989	0.0756284	0.271588	0.462821	0.643605	0.793327	0.910934	0.978928	1.00849	0.999062	0.965038	0.894931	0.787962	0.6484	0.492513	0.317445	0.141054	
-0.481451	-0.509356	-0.537998	-0.546469	-0.531223	-0.485019	-0.399678	-0.281841	-0.141021	0.0411857	0.241702	0.437952	0.620345	0.772958	0.890448	0.968207	1.00782	1.01817	0.997208	0.936128	0.829745	0.688485	0.521514	0.333176	0.13776	
-0.627925	-0.662556	-0.689652	-0.686689	-0.65036	-0.583957	-0.482151	-0.359469	-0.213861	-0.031601	0.172546	0.373675	0.558074	0.71597	0.841409	0.931375	0.987082	1.01406	1.01023	0.959772	0.857317	0.716599	0.544063	0.34549	0.135034	
-0.753391	-0.797549	-0.825838	-0.81464	-0.765064	-0.686616	-0.578628	-0.457171	-0.308227	-0.131507	0.066729	0.263879	0.447248	0.615904	0.755971	0.865348	0.940426	0.984333	0.997365	0.959254	0.870413	0.732558	0.551826	0.347614	0.133802	
-0.852765	-0.901247	-0.929334	-0.917449	-0.864815	-0.780999	-0.673581	-0.552336	-0.408927	-0.244087	-0.0653504	0.115994	0.295018	0.473656	0.633934	0.765758	0.852512	0.914485	0.946023	0.93189	0.862592	0.730323	0.547196	0.341468	0.125264	
-0.911202	-0.957755	-0.987299	-0.980187	-0.930746	-0.845726	-0.741557	-0.629959	-0.502408	-0.364213	-0.215548	-0.056869	0.114838	0.30003	0.475381	0.621723	0.730022	0.81473	0.86966	0.87742	0.821848	0.700578	0.527051	0.324418	0.114244	
-0.933503	-0.975004	-1.00391	-0.997822	-0.948806	-0.867988	-0.773646	-0.679321	-0.579918	-0.475637	-0.363886	-0.235872	-0.0819427	0.0971793	0.279425	0.440057	0.576653	0.685551	0.76325	0.790116	0.754467	0.64905	0.486756	0.298988	0.108975	
-0.934293	-0.966671	-0.983254	-0.968693	-0.921519	-0.849467	-0.769313	-0.690845	-0.624587	-0.559438	-0.490433	-0.399691	-0.273808	-0.111784	0.0664991	0.240323	0.399822	0.534203	0.630489	0.676154	0.662113	0.581647	0.444395	0.272502	0.0940397	
-0.915545	-0.927499	-0.921	-0.89582	-0.851132	-0.786971	-0.718825	-0.657089	-0.626853	-0.608913	-0.583425	-0.527191	-0.429473	-0.290013	-0.129519	0.0485505	0.229951	0.389421	0.498888	0.557415	0.556251	0.499085	0.383038	0.230613	0.0674577	
-0.867402	-0.85257	-0.824809	-0.787009	-0.730664	-0.669335	-0.608142	-0.570497	-0.575454	-0.599767	-0.607437	-0.581856	-0.51764	-0.413631	-0.273276	-0.100828	0.0956118	0.268598	0.388693	0.451992	0.456901	0.409148	0.306257	0.173336	0.0270056	
-0.792337	-0.756284	-0.705609	-0.637211	-0.559378	-0.49126	-0.443981	-0.430192	-0.46147	-0.517258	-0.551778	-0.560556	-0.535279	-0.467283	-0.352714	-0.186453	0.0103828	0.186218	0.308159	0.364077	0.367244	0.322364	0.230427	0.103794	-0.0389711	
-0.683226	-0.627425	-0.544837	-0.439673	-0.340063	-0.263964	-0.230773	-0.2361	-0.282261	-0.357644	-0.420795	-0.465562	-0.470501	-0.431526	-0.343569	-0.195689	-0.0170661	0.151827	0.266231	0.311755	0.303707	0.247466	0.154791	0.0255889	-0.114605	
-0.538734	-0.45434	-0.336854	-0.20369	-0.0807283	0.00688363	0.0320158	0.00909451	-0.0510381	-0.136684	-0.228936	-0.303021	-0.335871	-0.323692	-0.254186	-0.135158	0.0155316	0.169586	0.276828	0.31667	0.285379	0.207223	0.101612	-0.0327239	-0.168423	
-0.365276	-0.249618	-0.106556	0.0512831	0.199213	0.298727	0.315438	0.276824	0.207315	0.113991	-0.000367961	-0.0968908	-0.156023	-0.163622	-0.114477	-0.0172969	0.110203	0.245076	0.339281	0.365518	0.31813	0.230058	0.105926	-0.0388875	-0.18011	
-0.183055	-0.0435889	0.11912	0.301606	0.468328	0.568532	0.582063	0.533452	0.464998	0.366086	0.237492	0.119505	0.045897	0.0316024	0.0676936	0.142729	0.249635	0.362751	0.447043	0.463659	0.410885	0.307142	0.169628	0.014845	-0.133982	
-0.0353748	0.124123	0.313436	0.512946	0.683649	0.78158	0.797531	0.750894	0.678039	0.575503	0.440473	0.313669	0.238905	0.224601	0.256527	0.319141	0.410485	0.510661	0.587967	0.603194	0.549049	0.433541	0.282546	0.118084	-0.0312163	
0.0312379	0.213688	0.428778	0.635792	0.803766	0.902552	0.927333	0.889714	0.814077	0.707969	0.578151	0.464244	0.395139	0.374753	0.403224	0.470901	0.561314	0.65588	0.72333	0.737833	0.691065	0.581117	0.42507	0.253841	0.10159	
0.00277883	0.208357	0.439232	0.650182	0.814648	0.914006	0.94704	0.919604	0.849729	0.747738	0.632137	0.539486	0.477611	0.459923	0.496182	0.5698	0.66687	0.7595	0.823759	0.841285	0.803885	0.703278	0.555233	0.387471	0.241309	
-0.103467	0.112938	0.353644	0.564526	0.722242	0.821127	0.860627	0.845607	0.782943	0.692502	0.602357	0.529362	0.478855	0.472289	0.520546	0.603281	0.70634	0.802819	0.869559	0.895006	0.87078	0.785587	0.650516	0.495914	0.361477	
-0.261242	-0.04973	0.192788	0.400656	0.551382	0.646583	0.69346	0.688944	0.635617	0.558314	0.494135	0.443722	0.41017	0.407906	0.461742	0.561959	0.678396	0.776626	0.849473	0.889909	0.880549	0.811373	0.700658	0.573067	0.455537	
-0.417941	-0.223415	0.00522989	0.205317	0.347172	0.433846	0.481104	0.483386	0.441346	0.385547	0.339693	0.311501	0.295148	0.302527	0.360773	0.470784	0.595929	0.698232	0.779604	0.829717	0.831842	0.787602	0.708586	0.612846	0.521868	
-0.529996	-0.360315	-0.158245	0.0258645	0.152541	0.229745	0.273984	0.276281	0.243032	0.207769	0.185062	0.168248	0.160482	0.181939	0.249432	0.361356	0.479115	0.587556	0.677389	0.735722	0.751816	0.727133	0.673414	0.614124	0.55092	
-0.573127	-0.431248	-0.26599	-0.107523	0.00107971	0.0685479	0.104904	0.104902	0.079437	0.058744	0.0530585	0.0438093	0.0427457	0.0728803	0.140674	0.245272	0.357452	0.464806	0.553706	0.618697	0.645708	0.631388	0.601411	0.578072	0.543242	
-0.526007	-0.416939	-0.296161	-0.173965	-0.0824606	-0.02934	-0.00954542	-0.00873601	-0.0208227	-0.0299927	-0.033336	-0.0363975	-0.0249348	0.00775204	0.0606218	0.146892	0.249496	0.344675	0.420431	0.481209	0.509547	0.506556	0.49743	0.497364	0.481689	
-0.399002	-0.324821	-0.247101	-0.166302	-0.0976739	-0.0623782	-0.0547217	-0.0543666	-0.0582209	-0.0634082	-0.0635819	-0.0629883	-0.0506167	-0.0244903	0.0167874	0.0825224	0.155205	0.224757	0.286142	0.334802	0.355015	0.356095	0.355523	0.364751	0.361426	
-0.217875	-0.178341	-0.140567	-0.100902	-0.0647197	-0.0466136	-0.0419508	-0.0411899	-0.045687	-0.047634	-0.0446204	-0.0403574	-0.0394753	-0.0262694	0.000657081	0.0358958	0.0703836	0.107732	0.147324	0.171744	0.179306	0.186831	0.189751	0.192374	0.195598	
