0.00237382	-0.215878	-0.409057	-0.585666	-0.72979	-0.840772	-0.919074	-0.963762	-0.95628	-0.89561	-0.789217	-0.675969	-0.564839	-0.457039	-0.375785	-0.344447	-0.369994	-0.46453	-0.59936	-0.751458	-0.902407	-1.02196	-1.08828	-1.11824	-1.12002	
0.122348	-0.0960822	-0.286233	-0.453205	-0.588073	-0.692317	-0.757919	-0.792549	-0.782455	-0.721253	-0.624499	-0.526042	-0.434906	-0.355526	-0.299588	-0.280531	-0.325996	-0.436979	-0.582357	-0.743116	-0.894025	-1.00538	-1.07569	-1.10892	-1.10971	
0.237247	0.0280929	-0.152666	-0.30268	-0.427519	-0.51167	-0.558806	-0.576621	-0.556266	-0.499176	-0.416446	-0.331937	-0.263185	-0.212194	-0.182967	-0.191808	-0.259384	-0.382616	-0.539037	-0.703503	-0.849089	-0.964039	-1.04821	-1.08709	-1.09841	
0.320239	0.130015	-0.0288556	-0.15928	-0.260519	-0.317582	-0.341691	-0.337424	-0.30894	-0.259893	-0.188921	-0.119138	-0.0653789	-0.0334262	-0.0324413	-0.0703291	-0.156147	-0.29156	-0.454226	-0.624341	-0.776852	-0.909987	-1.0056	-1.05682	-1.0789	
0.350628	0.184827	0.0528837	-0.0532684	-0.118777	-0.142947	-0.135454	-0.106712	-0.0714502	-0.0283474	0.0299549	0.084631	0.129224	0.148136	0.130245	0.0760359	-0.0186569	-0.154032	-0.321323	-0.504255	-0.678565	-0.83432	-0.948431	-1.0163	-1.05273	
0.317092	0.180436	0.0727396	-0.00276995	-0.0317128	-0.0228103	0.018393	0.0684923	0.111519	0.157215	0.206314	0.252872	0.292505	0.303823	0.278937	0.220882	0.129026	0.00228411	-0.161747	-0.353515	-0.550068	-0.731707	-0.872083	-0.966355	-1.02004	
0.23649	0.131136	0.0520823	0.00946032	0.00706017	0.0444164	0.107162	0.169289	0.224108	0.275535	0.324103	0.372652	0.407542	0.420228	0.402328	0.352799	0.270828	0.156805	-0.00288614	-0.200353	-0.414357	-0.614002	-0.781032	-0.901743	-0.973186	
0.123784	0.0529668	0.00949977	-0.00121335	0.0207378	0.0778781	0.149277	0.21985	0.279748	0.333235	0.386659	0.432799	0.46817	0.494567	0.498296	0.47274	0.409549	0.302087	0.145805	-0.0543876	-0.274993	-0.488098	-0.676912	-0.815584	-0.900521	
0.00258777	-0.0348271	-0.0389104	-0.0196784	0.0238826	0.090198	0.165626	0.238949	0.299165	0.354681	0.407463	0.451346	0.49265	0.534433	0.568253	0.577528	0.534177	0.438657	0.290849	0.0938874	-0.127055	-0.351023	-0.550532	-0.69644	-0.790156	
-0.103067	-0.106195	-0.077153	-0.0329082	0.0220712	0.0860958	0.158597	0.232187	0.29252	0.35023	0.403905	0.452232	0.501844	0.559388	0.620372	0.656251	0.63354	0.554488	0.417201	0.235481	0.0245859	-0.198044	-0.399092	-0.551037	-0.657352	
-0.179328	-0.157542	-0.103364	-0.0405895	0.0163055	0.072761	0.139303	0.20732	0.266949	0.324294	0.379301	0.439456	0.504792	0.578237	0.657062	0.711328	0.708638	0.644701	0.522623	0.357989	0.160273	-0.0501386	-0.23995	-0.391699	-0.502827	
-0.228927	-0.192749	-0.124315	-0.0519498	0.00424013	0.0533432	0.10725	0.167581	0.221038	0.272083	0.331122	0.408174	0.492617	0.584438	0.67528	0.74404	0.76057	0.715414	0.606208	0.453559	0.272727	0.0889333	-0.0835095	-0.230147	-0.345706	
-0.235786	-0.199424	-0.132984	-0.0630642	-0.0129552	0.0229595	0.0632726	0.109819	0.153628	0.201638	0.268256	0.360905	0.467736	0.571043	0.665669	0.741279	0.775812	0.751389	0.662654	0.52741	0.369408	0.204589	0.0409167	-0.103431	-0.217769	
-0.207306	-0.181621	-0.129989	-0.0740578	-0.0352399	-0.0121337	0.00939206	0.038817	0.0731747	0.119783	0.191796	0.298195	0.415402	0.522398	0.617187	0.69647	0.745614	0.747575	0.684516	0.571087	0.430441	0.277051	0.121388	-0.0196002	-0.127057	
-0.154021	-0.142178	-0.112751	-0.0729513	-0.0441814	-0.0341646	-0.0289249	-0.0184358	0.00351099	0.0454003	0.118048	0.223854	0.342417	0.452451	0.550011	0.631219	0.691437	0.711739	0.673226	0.585295	0.461426	0.317727	0.168213	0.0335906	-0.0611497	
-0.0915438	-0.0933776	-0.0820453	-0.0584582	-0.0409344	-0.039522	-0.0488168	-0.0551176	-0.0416987	-0.00481693	0.0616997	0.159067	0.269192	0.374775	0.471078	0.550536	0.613011	0.645015	0.634266	0.572435	0.461293	0.321439	0.179213	0.0545565	-0.0294585	
-0.0407407	-0.0511604	-0.057793	-0.0513186	-0.0436211	-0.0483684	-0.0620251	-0.0686978	-0.0552932	-0.0213053	0.035075	0.112133	0.200941	0.295301	0.38649	0.46415	0.527545	0.569428	0.576534	0.53098	0.427393	0.292243	0.156262	0.0418448	-0.0326644	
-0.00800011	-0.0274316	-0.045898	-0.0522871	-0.0534506	-0.0580979	-0.0629783	-0.0614386	-0.0406785	-0.0101653	0.0312643	0.0855339	0.156283	0.237532	0.323478	0.398997	0.462973	0.503141	0.512685	0.471074	0.373015	0.242077	0.114471	0.00910193	-0.0631968	
0.0148581	-0.00485798	-0.0290113	-0.0476319	-0.0586283	-0.0635492	-0.0614722	-0.0441343	-0.0132645	0.0169045	0.0487722	0.0906721	0.147193	0.218756	0.296809	0.370364	0.432195	0.466162	0.465861	0.418247	0.323726	0.202401	0.0792281	-0.0356005	-0.12139	
0.0328841	0.0126981	-0.0163721	-0.0439792	-0.0630278	-0.0689897	-0.054473	-0.0224818	0.0187339	0.0496399	0.0755055	0.107191	0.157519	0.223292	0.297037	0.371838	0.436975	0.465732	0.451812	0.394901	0.302851	0.18546	0.0529248	-0.079085	-0.18103	
0.0291871	0.00834999	-0.0209933	-0.0528586	-0.0747537	-0.0754526	-0.0541156	-0.0123793	0.0350839	0.0669273	0.0891033	0.116852	0.163455	0.226958	0.301014	0.38254	0.455412	0.486173	0.469032	0.406151	0.310922	0.189484	0.0485469	-0.0982076	-0.219462	
0.0105506	-0.00688455	-0.0362405	-0.0675156	-0.0859285	-0.0847866	-0.0626162	-0.0208827	0.0251672	0.0608709	0.0866977	0.11521	0.16162	0.227725	0.303774	0.388345	0.461992	0.499618	0.48967	0.432773	0.340132	0.216058	0.0630098	-0.101685	-0.245764	
-0.0228932	-0.0380294	-0.0623003	-0.0865126	-0.0978035	-0.0932065	-0.0772409	-0.0493442	-0.0109701	0.0278552	0.0622282	0.0968708	0.148424	0.21752	0.294573	0.374492	0.444049	0.488289	0.496902	0.459329	0.372355	0.240041	0.0762383	-0.0982796	-0.264773	
-0.060465	-0.0701803	-0.0887905	-0.104218	-0.104591	-0.0955368	-0.0895811	-0.0760389	-0.050975	-0.0111225	0.0296353	0.0695668	0.121375	0.192192	0.269966	0.34893	0.415862	0.470458	0.499376	0.477069	0.391291	0.252499	0.0843635	-0.094511	-0.27311	
-0.0882097	-0.0884823	-0.0957182	-0.0979293	-0.0880351	-0.0783565	-0.080716	-0.0867605	-0.078063	-0.0436494	0.000788169	0.0458752	0.100556	0.171004	0.246807	0.320496	0.385016	0.4483	0.489918	0.482636	0.405667	0.265535	0.0881074	-0.0971494	-0.285411	
-0.121141	-0.10204	-0.0873284	-0.0719381	-0.0533789	-0.0429344	-0.0551937	-0.0774551	-0.0863923	-0.062838	-0.0194736	0.0312395	0.0892802	0.155684	0.224985	0.292854	0.35773	0.424195	0.472713	0.476501	0.412039	0.279895	0.100883	-0.0958138	-0.300699	
-0.177038	-0.137565	-0.09998	-0.0651969	-0.0349906	-0.0210287	-0.0300243	-0.0549209	-0.0753243	-0.0654994	-0.033137	0.0143778	0.0690018	0.128419	0.192212	0.25905	0.325817	0.393871	0.437391	0.440442	0.389529	0.275774	0.103597	-0.102511	-0.319163	
-0.245818	-0.192555	-0.134227	-0.0839459	-0.0468798	-0.0275921	-0.0257346	-0.0415102	-0.0597282	-0.0591074	-0.0361574	0.0028138	0.0492588	0.0973949	0.152093	0.213874	0.282295	0.346358	0.380239	0.381093	0.338064	0.236109	0.0724675	-0.131285	-0.353323	
-0.306213	-0.244951	-0.173999	-0.114313	-0.0744889	-0.0504973	-0.037773	-0.0383015	-0.0481096	-0.0497678	-0.0342916	-0.00387099	0.0335037	0.0734097	0.123616	0.18197	0.24398	0.293052	0.315701	0.307142	0.264088	0.171535	0.0219978	-0.174073	-0.393328	
-0.347465	-0.289499	-0.216214	-0.152636	-0.111633	-0.0837714	-0.0589466	-0.0474343	-0.046244	-0.0487243	-0.0407081	-0.0197622	0.00662835	0.0439188	0.097694	0.154221	0.206094	0.23863	0.246241	0.229069	0.182889	0.0947821	-0.0435011	-0.224894	-0.425916	
-0.360382	-0.313529	-0.249664	-0.191615	-0.152756	-0.121221	-0.0867451	-0.0633765	-0.0510759	-0.0493754	-0.0461417	-0.0389551	-0.0270047	0.000855366	0.0520421	0.106314	0.153227	0.175687	0.180238	0.164668	0.112335	0.0200104	-0.109089	-0.27099	-0.445718	
-0.356621	-0.327637	-0.279726	-0.231002	-0.189838	-0.150598	-0.10763	-0.0743474	-0.0552243	-0.0498417	-0.0525269	-0.057909	-0.0612762	-0.0484059	-0.00803323	0.0396183	0.078448	0.100219	0.112204	0.10319	0.0598777	-0.0249859	-0.140431	-0.283784	-0.431164	
-0.343802	-0.339969	-0.311695	-0.274099	-0.229541	-0.178789	-0.12868	-0.085444	-0.0603991	-0.0567893	-0.0632962	-0.0788152	-0.0956059	-0.0959177	-0.0773036	-0.0464645	-0.0168617	0.00711989	0.0262556	0.0300215	0.00911242	-0.0483385	-0.137272	-0.247899	-0.362837	
-0.316612	-0.339524	-0.338921	-0.317364	-0.278562	-0.223309	-0.167478	-0.115622	-0.082657	-0.0768633	-0.0836656	-0.10208	-0.123896	-0.141037	-0.153193	-0.149059	-0.13124	-0.107552	-0.0746739	-0.0537995	-0.0482315	-0.0613586	-0.104555	-0.173985	-0.256992	
-0.280132	-0.329547	-0.357835	-0.356229	-0.328806	-0.279906	-0.222622	-0.167284	-0.126997	-0.115215	-0.121914	-0.134907	-0.157992	-0.189963	-0.229028	-0.253763	-0.25045	-0.220041	-0.172512	-0.126479	-0.0855356	-0.0511627	-0.0455352	-0.0776217	-0.134794	
-0.234966	-0.308269	-0.360488	-0.379737	-0.364388	-0.330094	-0.279727	-0.223974	-0.185033	-0.169811	-0.177906	-0.192263	-0.212879	-0.249451	-0.303815	-0.341951	-0.345797	-0.307516	-0.248682	-0.172367	-0.0961606	-0.0225278	0.0268296	0.0364853	0.000182922	
-0.1685	-0.261897	-0.331174	-0.370395	-0.375418	-0.363515	-0.33308	-0.289431	-0.256882	-0.24167	-0.249238	-0.264974	-0.279896	-0.317055	-0.369844	-0.404436	-0.406653	-0.364266	-0.289701	-0.189397	-0.0766991	0.0324935	0.120605	0.163204	0.13945	
-0.0900719	-0.199608	-0.28339	-0.340514	-0.373757	-0.388013	-0.389394	-0.37044	-0.347107	-0.335443	-0.338099	-0.348776	-0.365861	-0.396931	-0.432672	-0.452905	-0.44127	-0.387895	-0.296575	-0.169917	-0.0186742	0.1208	0.231624	0.289373	0.27239	
-0.0176021	-0.136546	-0.236164	-0.306891	-0.365203	-0.408849	-0.441057	-0.454589	-0.450919	-0.44368	-0.444607	-0.454604	-0.47223	-0.491848	-0.500128	-0.489845	-0.450817	-0.375664	-0.263459	-0.11199	0.0606126	0.219377	0.337548	0.403884	0.39128	
0.0573009	-0.0692652	-0.178722	-0.265079	-0.341965	-0.41361	-0.473458	-0.524028	-0.547879	-0.552671	-0.55854	-0.570563	-0.581065	-0.583042	-0.554712	-0.502549	-0.427511	-0.32576	-0.192175	-0.0341104	0.137294	0.301498	0.424102	0.491088	0.484303	
0.1395	0.00668074	-0.11018	-0.218184	-0.313538	-0.409073	-0.501065	-0.584048	-0.63917	-0.664409	-0.672169	-0.679199	-0.676975	-0.645443	-0.581271	-0.493181	-0.381463	-0.256706	-0.110165	0.0510507	0.212043	0.364507	0.48855	0.552287	0.55397	
0.233378	0.0986404	-0.0330313	-0.164381	-0.287732	-0.409373	-0.530526	-0.641817	-0.722934	-0.763949	-0.772078	-0.765577	-0.739655	-0.672582	-0.573422	-0.458365	-0.320728	-0.175166	-0.0183554	0.146263	0.297955	0.428884	0.542156	0.604411	0.603948	
0.322429	0.188952	0.0445944	-0.107455	-0.259898	-0.403859	-0.545621	-0.679231	-0.779532	-0.836494	-0.85437	-0.83464	-0.78035	-0.681021	-0.543055	-0.398277	-0.246462	-0.0831376	0.0800773	0.234895	0.376499	0.491301	0.581194	0.631187	0.618905	
0.379542	0.259192	0.112164	-0.0533358	-0.225074	-0.387958	-0.54742	-0.690728	-0.808754	-0.880478	-0.905921	-0.878847	-0.801345	-0.671389	-0.512044	-0.340083	-0.175866	-0.00478751	0.160944	0.30665	0.433231	0.534253	0.595725	0.618586	0.591092	
0.411603	0.311171	0.166192	-0.00530024	-0.189528	-0.369915	-0.536088	-0.680046	-0.800189	-0.876326	-0.898963	-0.86737	-0.775447	-0.634496	-0.473476	-0.29378	-0.119243	0.0487643	0.210865	0.35315	0.469734	0.555963	0.59541	0.589697	0.53158	
0.420033	0.333804	0.198013	0.025979	-0.16198	-0.347234	-0.508215	-0.644267	-0.748128	-0.820128	-0.834983	-0.795849	-0.700186	-0.570391	-0.416872	-0.248887	-0.0778143	0.0818394	0.230931	0.363229	0.473954	0.552902	0.578753	0.552441	0.464607	
0.39978	0.330729	0.212111	0.049966	-0.13119	-0.309873	-0.462755	-0.579933	-0.664858	-0.718667	-0.720933	-0.671702	-0.583086	-0.476038	-0.350384	-0.203851	-0.0490525	0.101353	0.235704	0.351523	0.442788	0.5087	0.522849	0.486359	0.397532	
0.339904	0.29174	0.195469	0.0621818	-0.0956526	-0.252753	-0.383914	-0.478709	-0.546594	-0.58	-0.575945	-0.524913	-0.451342	-0.370779	-0.27909	-0.160873	-0.0275374	0.103358	0.214742	0.307946	0.373724	0.411426	0.419663	0.383754	0.308946	
0.239912	0.209226	0.14408	0.051556	-0.0624791	-0.176978	-0.271083	-0.340498	-0.387412	-0.410634	-0.40754	-0.367424	-0.315616	-0.264605	-0.199483	-0.118517	-0.0152658	0.0838893	0.164418	0.228012	0.271511	0.282372	0.284871	0.255911	0.200573	
0.125	0.110595	0.0803276	0.0306577	-0.0290367	-0.0895442	-0.140772	-0.17665	-0.19847	-0.210516	-0.206407	-0.184573	-0.159496	-0.139267	-0.105997	-0.0668945	-0.00859282	0.0494515	0.0966523	0.128205	0.147441	0.145586	0.140142	0.122624	0.0962119	
