5.3645e-06	4.67836e-05	0.000215502	0.000873679	0.00316716	0.0102124	0.0291032	0.0728378	0.159208	0.302887	0.502004	0.730964	0.952649	1.14233	1.29624	1.41749	1.50409	1.55149	1.55836	1.52875	1.47042	1.39184	1.3007	1.2043	1.1102	
0	1.30926e-05	6.42873e-05	0.000277812	0.00107914	0.00375048	0.0115966	0.0317219	0.0763712	0.161201	0.297952	0.483855	0.697349	0.908038	1.0936	1.24664	1.36806	1.45913	1.51955	1.54943	1.5513	1.52995	1.4911	1.44037	1.38363	
0	3.34153e-06	1.73589e-05	7.96995e-05	0.000330451	0.00123224	0.00411202	0.0122187	0.0321808	0.0748407	0.153384	0.277288	0.44454	0.638914	0.836726	1.01801	1.17247	1.29776	1.39502	1.46599	1.51272	1.53808	1.54578	1.53977	1.52388	
0	7.77013e-07	4.25295e-06	2.06795e-05	9.11793e-05	0.000363211	0.0013014	0.00417573	0.011949	0.0303882	0.0685309	0.137028	0.243628	0.387775	0.558651	0.739036	0.912196	1.06671	1.19725	1.30274	1.38441	1.44468	1.48669	1.5139	1.52957	
0	1.64865e-07	9.47998e-07	4.867e-06	2.27404e-05	9.63744e-05	0.000369004	0.00127144	0.00392778	0.0108443	0.0266996	0.058581	0.114719	0.201401	0.319419	0.462549	0.619372	0.777173	0.925386	1.05714	1.16912	1.26068	1.33298	1.3883	1.42939	
0	3.19953e-08	1.92814e-07	1.04226e-06	5.14376e-06	2.31056e-05	9.41283e-05	0.000346532	0.00114901	0.00342135	0.00912901	0.0218068	0.0466701	0.0897551	0.155976	0.246906	0.359617	0.487333	0.621406	0.753467	0.876853	0.987129	1.08199	1.16089	1.22452	
0	5.69484e-09	3.58905e-08	2.03738e-07	1.0589e-06	5.02439e-06	2.1693e-05	8.49468e-05	0.00030076	0.000960194	0.00275838	0.00712231	0.0165337	0.0345765	0.0654083	0.112622	0.177933	0.260361	0.356333	0.460565	0.567234	0.670976	0.767492	0.853774	0.928069	
0	9.32233e-10	6.13231e-09	3.64702e-08	1.99078e-07	9.94729e-07	4.53577e-06	1.88167e-05	7.08159e-05	0.000241155	0.000741574	0.00205667	0.00514367	0.0116161	0.02376	0.0442325	0.0754365	0.118784	0.174175	0.239905	0.312998	0.389781	0.466459	0.539571	0.606266	
0	1.40739e-10	9.64584e-10	5.99695e-09	3.42962e-08	1.7996e-07	8.63906e-07	3.7834e-06	1.50744e-05	5.451e-05	0.00017853	0.000528889	0.00141662	0.00343337	0.00754641	0.0150995	0.0276496	0.0466415	0.073017	0.106909	0.147527	0.193263	0.241931	0.291077	0.338256	
0	1.96478e-11	1.40072e-10	9.08556e-10	5.43161e-09	2.9855e-08	1.50464e-07	6.93429e-07	2.91472e-06	1.11477e-05	3.87168e-05	0.00012193	0.000347966	0.000900179	0.00211436	0.00452238	0.0088463	0.0159129	0.0264914	0.0410973	0.0598286	0.0822861	0.107594	0.134502	0.161537	
0	2.54295e-12	1.88291e-11	1.27189e-10	7.93242e-10	4.55693e-09	2.40502e-08	1.16312e-07	5.14158e-07	2.07269e-06	7.60446e-06	2.53531e-05	7.67446e-05	0.000210919	0.000526857	0.00119881	0.00249342	0.0047623	0.00839836	0.0137582	0.0210699	0.0303531	0.0413761	0.0536593	0.066521	
0	3.05884e-13	2.34905e-12	1.64971e-11	1.07138e-10	6.41948e-10	3.53994e-09	1.79203e-08	8.30799e-08	3.51931e-07	1.35943e-06	4.78074e-06	1.52902e-05	4.44606e-05	0.00011761	0.000283487	0.00062436	0.00126123	0.00234772	0.00404851	0.00650427	0.00979128	0.0138872	0.0186531	0.0238368	
0	3.42753e-14	2.72645e-13	1.98769e-12	1.34193e-11	8.37094e-11	4.81321e-10	2.54482e-09	1.23428e-08	5.4793e-08	2.22184e-07	8.21567e-07	2.76685e-06	8.48186e-06	2.36729e-05	6.02227e-05	0.000139939	0.000297941	0.00058352	0.00105614	0.0017755	0.00278678	0.00410481	0.0057015	0.00750072	
0	3.58566e-15	2.95085e-14	2.2301e-13	1.56274e-12	1.01319e-11	6.06339e-11	3.34145e-10	1.69176e-09	7.85162e-09	3.33353e-08	1.29244e-07	4.56965e-07	1.47222e-06	4.32138e-06	1.15647e-05	2.82615e-05	6.32243e-05	0.000129909	0.000246144	0.000431987	0.000705534	0.00107739	0.00154527	0.00209034	
0	3.50938e-16	2.98462e-15	2.33526e-14	1.69616e-13	1.14121e-12	7.09627e-12	4.06872e-11	2.14611e-10	1.03908e-09	4.60834e-09	1.86873e-08	6.91842e-08	2.33605e-07	7.19101e-07	2.01865e-06	5.17341e-06	1.21277e-05	2.60764e-05	5.16017e-05	9.43457e-05	0.000160045	0.000252982	0.000374182	0.000519912	
0	3.21975e-17	2.82693e-16	2.28726e-15	1.71973e-14	1.19907e-13	7.73555e-13	4.60693e-12	2.52709e-11	1.27396e-10	5.88989e-10	2.49257e-09	9.64008e-09	3.40315e-08	1.09586e-07	3.21873e-07	8.62907e-07	2.11458e-06	4.74699e-06	9.79018e-06	1.86126e-05	3.27407e-05	5.34952e-05	8.15009e-05	0.000116205	
0	2.77431e-18	2.51228e-17	2.09966e-16	1.63227e-15	1.1779e-14	7.8729e-14	4.86293e-13	2.76963e-12	1.45126e-11	6.98139e-11	3.07725e-10	1.24069e-09	4.56926e-09	1.53574e-08	4.70894e-08	1.31764e-07	3.36804e-07	7.87786e-07	1.69012e-06	3.33549e-06	6.07512e-06	1.02473e-05	1.6064e-05	2.34833e-05	
0	2.24901e-19	2.09866e-18	1.80994e-17	1.45323e-16	1.0841e-15	7.49769e-15	4.7967e-14	2.83234e-13	1.54018e-12	7.69641e-12	3.52711e-11	1.4797e-10	5.67408e-10	1.98653e-09	6.34604e-09	1.84971e-08	4.92223e-08	1.19739e-07	2.66774e-07	5.45692e-07	1.02772e-06	1.78757e-06	2.88062e-06	4.31418e-06	
0	1.71814e-20	1.65077e-19	1.46772e-18	1.21591e-17	9.36678e-17	6.69536e-16	4.43098e-15	2.70895e-14	1.52655e-13	7.91205e-13	3.76384e-12	1.64025e-11	6.53748e-11	2.37991e-10	7.90649e-10	2.39625e-09	6.62692e-09	1.6738e-08	3.86678e-08	8.18677e-08	1.59237e-07	2.85305e-07	4.72214e-07	7.24026e-07	
0	1.2389e-21	1.22464e-20	1.12157e-19	9.57786e-19	7.61157e-18	5.61721e-17	3.84113e-16	2.42845e-15	1.41632e-14	7.60323e-14	3.74904e-13	1.69458e-12	7.00898e-12	2.64882e-11	9.13653e-11	2.87456e-10	8.24878e-10	2.15999e-09	5.16686e-09	1.13084e-08	2.26911e-08	4.18397e-08	7.10691e-08	1.11487e-07	
0	8.44449e-23	8.58174e-22	8.08915e-21	7.11468e-20	5.82745e-19	4.43567e-18	3.1308e-17	2.04459e-16	1.23265e-15	6.84531e-15	3.49398e-14	1.63578e-13	7.01108e-13	2.74659e-12	9.82166e-12	3.20317e-11	9.52388e-11	2.58199e-10	6.38717e-10	1.44344e-09	2.98491e-09	5.65918e-09	9.85814e-09	1.5813e-08	
0	5.44853e-24	5.68881e-23	5.51482e-22	4.99167e-21	4.21032e-20	3.30243e-19	2.40362e-18	1.61976e-17	1.00836e-16	5.78602e-16	3.05341e-15	1.47878e-14	6.55943e-14	2.66014e-13	9.84858e-13	3.32501e-12	1.023e-11	2.86785e-11	7.32799e-11	1.70816e-10	3.63696e-10	7.08441e-10	1.26475e-09	2.07334e-09	
0	3.33222e-25	3.57225e-24	3.55903e-23	3.3127e-22	2.8751e-21	2.3219e-20	1.74109e-19	1.20956e-18	7.76753e-18	4.60047e-17	2.50728e-16	1.25468e-15	5.7528e-15	2.41223e-14	9.23487e-14	3.22362e-13	1.02508e-12	2.96812e-12	7.82572e-12	1.87976e-11	4.11733e-11	8.23383e-11	1.50556e-10	2.52114e-10	
0	1.93412e-26	2.12767e-25	2.17714e-24	2.08244e-23	1.85834e-22	1.54399e-21	1.19181e-20	8.5281e-20	5.64413e-19	3.44704e-18	1.93821e-17	1.0011e-16	4.73952e-16	2.05253e-15	8.11624e-15	2.926e-14	9.60611e-14	2.86984e-13	7.79988e-13	1.92891e-12	4.34293e-12	8.91035e-12	1.66779e-11	2.85151e-11	
0	1.06672e-27	1.20349e-26	1.26402e-25	1.24163e-24	1.13848e-23	9.7243e-23	7.72093e-22	5.6859e-21	3.8749e-20	2.43807e-19	1.41301e-18	7.52571e-18	3.67515e-17	1.64209e-16	6.69988e-16	2.49199e-15	8.43799e-15	2.59848e-14	7.27348e-14	1.85035e-13	4.2792e-13	9.00167e-13	1.72381e-12	3.00798e-12	
0	5.59668e-29	6.47238e-28	6.97357e-27	7.03043e-26	6.61934e-25	5.80854e-24	4.74041e-23	3.59005e-22	2.51728e-21	1.63039e-20	9.73097e-20	5.33939e-19	2.68711e-18	1.23756e-17	5.20502e-17	1.99548e-16	6.96236e-16	2.2081e-15	6.36022e-15	1.66316e-14	3.94808e-14	8.51018e-14	1.66652e-13	2.96673e-13	
0	2.79633e-30	3.31324e-29	3.66007e-28	3.78492e-27	3.65704e-26	3.29476e-25	2.76196e-24	2.14957e-23	1.54964e-22	1.03236e-21	6.34027e-21	3.58106e-20	1.85566e-19	8.80145e-19	3.81255e-18	1.50524e-17	5.407e-17	1.76457e-16	5.2262e-16	1.40375e-15	3.41826e-15	7.54589e-15	1.51038e-14	2.74206e-14	
0	1.3319e-31	1.6161e-30	1.82949e-29	1.93957e-28	1.92208e-27	1.77684e-26	1.52903e-25	1.22212e-24	9.05189e-24	6.19818e-23	3.91409e-22	2.27388e-21	1.21227e-20	5.91667e-20	2.63747e-19	1.07149e-18	3.95943e-18	1.32863e-17	4.04323e-17	1.11477e-16	2.78294e-16	6.28835e-16	1.28597e-15	2.38009e-15	
0	6.05348e-33	7.51872e-32	8.71813e-31	9.47085e-30	9.62098e-29	9.1209e-28	8.05237e-27	6.60565e-26	5.02355e-25	3.5332e-24	2.29255e-23	1.3689e-22	7.50292e-22	3.76532e-21	1.72595e-20	7.20958e-20	2.73859e-19	9.44226e-19	2.95042e-18	8.3449e-18	2.13452e-17	4.93459e-17	1.03059e-16	1.94392e-16	
0	2.6278e-34	3.3396e-33	3.96458e-32	4.41111e-31	4.59119e-30	4.46126e-29	4.03854e-28	3.39829e-27	2.65193e-26	1.91461e-25	1.27565e-24	7.82367e-24	4.40546e-23	2.2717e-22	1.07001e-21	4.59243e-21	1.79197e-20	6.34404e-20	2.03415e-19	5.89859e-19	1.54512e-18	3.65283e-18	7.78827e-18	1.49668e-17	
0	1.09048e-35	1.41748e-34	1.7221e-33	1.96155e-32	2.09084e-31	2.08139e-30	1.93097e-29	1.6658e-28	1.33317e-27	9.87432e-27	6.75143e-26	4.25036e-25	2.45725e-24	1.30111e-23	6.29318e-23	2.7734e-22	1.11094e-21	4.0359e-21	1.32712e-20	3.94334e-20	1.0573e-19	2.55503e-19	5.55938e-19	1.08814e-18	
0	4.32961e-37	5.75417e-36	7.1514e-35	8.33567e-34	9.09528e-33	9.27143e-32	8.81077e-31	7.78846e-30	6.38917e-29	4.85212e-28	3.40259e-27	2.19753e-26	1.30358e-25	7.08333e-25	3.51599e-24	1.59005e-23	6.53452e-23	2.43458e-22	8.20546e-22	2.49703e-21	6.84973e-21	1.69133e-20	3.75429e-20	7.48237e-20	
0	1.64602e-38	2.23591e-37	2.84162e-36	3.38806e-35	3.78268e-34	3.94675e-33	3.8402e-32	3.47675e-31	2.92201e-30	2.2741e-29	1.63472e-28	1.08249e-27	6.58511e-27	3.66984e-26	1.86835e-25	8.66539e-25	3.6515e-24	1.39445e-23	4.81466e-23	1.49983e-22	4.20744e-22	1.06111e-21	2.4021e-21	4.87349e-21	
0	5.99669e-40	8.3229e-39	1.08127e-37	1.31823e-36	1.50536e-35	1.60699e-34	1.60025e-33	1.48318e-32	1.27648e-31	1.01759e-30	7.49447e-30	5.08572e-29	3.171e-28	1.81147e-27	9.4538e-27	4.49438e-26	1.94089e-25	7.59327e-25	2.68449e-24	8.55648e-24	2.45368e-23	6.31816e-23	1.4582e-22	3.0109e-22	
0	2.09506e-41	2.97008e-40	3.943e-39	4.91368e-38	5.73716e-37	6.26368e-36	6.38099e-35	6.05201e-34	5.33138e-33	4.35138e-32	3.28192e-31	2.28118e-30	1.4571e-29	8.52818e-29	4.56008e-28	2.22099e-27	9.82442e-27	3.93569e-26	1.42404e-25	4.64221e-25	1.36027e-24	3.57501e-24	8.40953e-24	1.76677e-23	
0	7.02422e-43	1.01683e-41	1.37902e-40	1.756e-39	2.09557e-38	2.33904e-37	2.43677e-36	2.36405e-35	2.13077e-34	1.77978e-33	1.37406e-32	9.77813e-32	6.39543e-31	3.83319e-30	2.09898e-29	1.04685e-28	4.741e-28	1.94388e-27	7.19532e-27	2.39797e-26	7.17726e-26	1.92465e-25	4.61311e-25	9.85904e-25	
0	2.26155e-44	3.34206e-43	4.62878e-42	6.02085e-41	7.34143e-40	8.37469e-39	8.91877e-38	8.84735e-37	8.15572e-36	6.96883e-35	5.50496e-34	4.009e-33	2.68374e-32	1.64649e-31	9.22878e-31	4.71116e-30	2.18344e-29	9.15882e-29	3.46672e-28	1.18069e-27	3.60839e-27	9.86982e-27	2.40983e-26	5.23801e-26	
0	6.99682e-46	1.05524e-44	1.49214e-43	1.98202e-42	2.46853e-41	2.87698e-40	3.13101e-39	3.17472e-38	2.992e-37	2.61432e-36	2.11221e-35	1.57352e-34	1.07768e-33	6.76473e-33	3.87958e-32	2.02623e-31	9.60617e-31	4.12068e-30	1.59433e-29	5.54703e-29	1.73043e-28	4.82641e-28	1.20013e-27	2.65251e-27	
0	2.08137e-47	3.20283e-46	4.62254e-45	6.26848e-44	7.97208e-43	9.48953e-42	1.05503e-40	1.09307e-39	1.05284e-38	9.40376e-38	7.76781e-37	5.91728e-36	4.14454e-35	2.66078e-34	1.56069e-33	8.33619e-33	4.04113e-32	1.77204e-31	7.00567e-31	2.48913e-30	7.92356e-30	2.25291e-29	5.70386e-29	1.28163e-28	
0	5.95676e-49	9.35027e-48	1.37704e-46	1.90587e-45	2.47434e-44	3.00733e-43	3.41457e-42	3.61367e-41	3.5561e-40	3.24568e-39	2.74012e-38	2.13365e-37	1.52775e-36	1.00275e-35	6.01325e-35	3.28351e-34	1.62699e-33	7.29033e-33	2.94402e-32	1.06785e-31	3.46761e-31	1.00482e-30	2.58963e-30	5.9145e-30	
0	1.64107e-50	2.62708e-49	3.94699e-48	5.57401e-47	7.38539e-46	9.16263e-45	1.06215e-43	1.14787e-42	1.15371e-41	1.07567e-40	9.27822e-40	7.38237e-39	5.40195e-38	3.62359e-37	2.2208e-36	1.23926e-35	6.27427e-35	2.87189e-34	1.18422e-33	4.38364e-33	1.45171e-32	4.28614e-32	1.12419e-31	2.60933e-31	
0	4.3545e-52	7.10756e-51	1.08914e-49	1.56904e-48	2.12114e-47	2.68552e-46	3.17751e-45	3.50561e-44	3.5976e-43	3.42543e-42	3.01774e-41	2.45274e-40	1.83352e-39	1.25654e-38	7.86772e-38	4.48514e-37	2.31946e-36	1.08415e-35	4.56339e-35	1.72344e-34	5.81897e-34	1.75006e-33	4.6705e-33	1.10151e-32	
0	1.11344e-53	1.85267e-52	2.89491e-51	4.2534e-50	5.8654e-49	7.5763e-48	9.14732e-47	1.02997e-45	1.07894e-44	1.04879e-43	9.4343e-43	7.83036e-42	5.97802e-41	4.18418e-40	2.67576e-39	1.55779e-38	8.22601e-38	3.92513e-37	1.68599e-36	6.49452e-36	2.23506e-35	6.84564e-35	1.85855e-34	4.45311e-34	
0	2.74495e-55	4.65511e-54	7.41564e-53	1.11097e-51	1.5624e-50	2.0585e-49	2.53546e-48	2.91291e-47	3.11393e-46	3.0894e-45	2.83675e-44	2.40364e-43	1.87351e-42	1.33888e-41	8.7419e-41	5.19598e-40	2.80082e-39	1.3639e-38	5.97673e-38	2.34759e-37	8.23279e-37	2.56741e-36	7.08965e-36	1.72548e-35	
0	6.5275e-57	1.12804e-55	1.83165e-54	2.79744e-53	4.01126e-52	5.38938e-51	6.7704e-50	7.9345e-49	8.65363e-48	8.76034e-47	8.20878e-46	7.09875e-45	5.6475e-44	4.11952e-43	2.74545e-42	1.66552e-41	9.16178e-41	4.55186e-40	2.03437e-39	8.14595e-39	2.91037e-38	9.23905e-38	2.59445e-37	6.41301e-37	
0	1.49798e-58	2.63749e-57	4.36437e-56	6.7939e-55	9.93075e-54	1.36034e-52	1.74259e-51	2.08273e-50	2.31689e-49	2.39264e-48	2.28735e-47	2.01826e-46	1.63841e-45	1.21955e-44	8.29371e-44	5.13378e-43	2.88112e-42	1.46004e-41	6.65354e-41	2.71527e-40	9.88103e-40	3.19245e-39	9.11497e-39	2.28793e-38	
0	3.31895e-60	5.95282e-59	1.00367e-57	1.59215e-56	2.37195e-55	3.312e-54	4.32529e-53	5.27099e-52	5.97941e-51	6.29762e-50	6.14081e-49	5.52715e-48	4.57727e-47	3.47581e-46	2.41142e-45	1.52265e-44	8.71573e-44	4.50391e-43	2.09228e-42	8.70015e-42	3.22408e-41	1.05995e-40	3.07651e-40	7.84072e-40	
0	7.10264e-62	1.2975e-60	2.22864e-59	3.60209e-58	5.46831e-57	7.78166e-56	1.03583e-54	1.2868e-53	1.48826e-52	1.59825e-51	1.58923e-50	1.45878e-49	1.23211e-48	9.54255e-48	6.75214e-47	4.34809e-46	2.53789e-45	1.33702e-44	6.33005e-44	2.68141e-43	1.01168e-42	3.38378e-42	9.98261e-42	2.58283e-41	
0	1.46872e-63	2.73231e-62	4.7803e-61	7.87077e-60	1.21735e-58	1.76519e-57	2.3945e-56	3.03179e-55	3.57417e-54	3.91289e-53	3.96677e-52	3.71254e-51	3.1973e-50	2.525e-49	1.82178e-48	1.19613e-47	7.11742e-47	3.82175e-46	1.84364e-45	7.95407e-45	3.0548e-44	1.03931e-43	3.11595e-43	8.18358e-43	
0	2.93477e-65	5.55904e-64	9.90479e-63	1.66104e-61	2.61698e-60	3.86586e-59	5.34311e-58	6.89364e-57	8.28213e-56	9.24113e-55	9.54909e-54	9.11012e-53	7.99808e-52	6.43904e-51	4.7359e-50	3.1696e-49	1.92225e-48	1.05177e-47	5.16857e-47	2.27062e-46	8.87481e-46	3.0707e-45	9.35437e-45	2.49347e-44	
