-0.0018343	0	0	0	0	0	0	0	0	0	0	0	0	0	0	0	0	0	0	0	0	0	0	0	0	
-0.185702	-0.237452	-0.2749	-0.286855	-0.272021	-0.232764	-0.176863	-0.115632	-0.0562449	0.000387654	0.0575336	0.116983	0.168111	0.204911	0.228356	0.23867	0.232519	0.202515	0.149618	0.0850711	0.0225323	-0.0286158	-0.0690849	-0.100609	-0.118444	
-0.37499	-0.45972	-0.518223	-0.53266	-0.502413	-0.432656	-0.33547	-0.226199	-0.115819	-0.00872806	0.0984922	0.205353	0.300534	0.378583	0.433293	0.454515	0.437213	0.380188	0.290486	0.183366	0.0705369	-0.0332604	-0.118414	-0.179187	-0.208015	
-0.547045	-0.64442	-0.710003	-0.722684	-0.679586	-0.588592	-0.466402	-0.326975	-0.177264	-0.0261017	0.119569	0.264505	0.398742	0.516592	0.602774	0.634057	0.60546	0.525578	0.413489	0.28024	0.130852	-0.0147034	-0.136774	-0.221233	-0.26134	
-0.678751	-0.778152	-0.842871	-0.854143	-0.810545	-0.716423	-0.5802	-0.412813	-0.228855	-0.0444171	0.135601	0.311671	0.474942	0.618694	0.721239	0.756645	0.723225	0.633117	0.503989	0.351124	0.180146	0.0140222	-0.126532	-0.228995	-0.283612	
-0.772054	-0.869496	-0.92951	-0.938997	-0.897796	-0.804156	-0.661425	-0.478361	-0.27066	-0.0575934	0.149486	0.355158	0.537487	0.684392	0.782561	0.816251	0.785439	0.692458	0.55477	0.389413	0.208991	0.0400531	-0.104711	-0.217771	-0.286495	
-0.831172	-0.923165	-0.972361	-0.973205	-0.93096	-0.840925	-0.695749	-0.502916	-0.284184	-0.0585837	0.167399	0.384216	0.565932	0.703942	0.791896	0.820006	0.788952	0.699338	0.564098	0.403648	0.226802	0.0573793	-0.090205	-0.205229	-0.273542	
-0.856188	-0.939533	-0.978733	-0.966876	-0.91054	-0.809241	-0.664215	-0.480039	-0.267805	-0.0430868	0.175467	0.380413	0.54313	0.663738	0.742763	0.768432	0.74032	0.660549	0.546845	0.40801	0.242671	0.0754406	-0.0728879	-0.185597	-0.249324	
-0.853193	-0.917163	-0.939274	-0.910669	-0.837787	-0.728197	-0.58419	-0.410834	-0.218449	-0.0218383	0.164272	0.328338	0.456241	0.556661	0.627338	0.6527	0.636242	0.585232	0.508461	0.407082	0.269721	0.116831	-0.0282539	-0.142835	-0.211767	
-0.833575	-0.867141	-0.861549	-0.807771	-0.714538	-0.594204	-0.457119	-0.306316	-0.149586	-0.000294959	0.128824	0.244793	0.335493	0.410431	0.468186	0.497263	0.504092	0.489631	0.455711	0.394462	0.292795	0.166424	0.0341121	-0.0831976	-0.165038	
-0.796859	-0.794281	-0.749556	-0.662759	-0.548983	-0.424667	-0.293581	-0.164288	-0.0519213	0.0344381	0.101719	0.16375	0.216175	0.264654	0.307488	0.337233	0.360183	0.373335	0.3714	0.347791	0.284194	0.188463	0.0739125	-0.0367221	-0.125153	
-0.740669	-0.710304	-0.631392	-0.512643	-0.376603	-0.240013	-0.112555	-0.0049958	0.0668264	0.100124	0.109996	0.120998	0.126528	0.137787	0.158264	0.179911	0.205047	0.230307	0.252663	0.260013	0.229442	0.160629	0.0687004	-0.0274411	-0.112819	
-0.680188	-0.627236	-0.524551	-0.382791	-0.224889	-0.0738581	0.0573624	0.15015	0.190297	0.183118	0.148804	0.106572	0.0617402	0.0320383	0.0240675	0.0285324	0.0444203	0.0722727	0.109454	0.140201	0.134799	0.0930229	0.0247559	-0.0526724	-0.124908	
-0.628068	-0.555809	-0.433066	-0.270345	-0.0893058	0.0823728	0.216068	0.292226	0.305287	0.264779	0.19046	0.104695	0.0161804	-0.0501776	-0.0867389	-0.104635	-0.103169	-0.0786658	-0.0376441	0.00121718	0.0146689	-0.00526378	-0.0486024	-0.100157	-0.148097	
-0.572836	-0.483595	-0.345961	-0.16614	0.0358925	0.223673	0.363388	0.433413	0.426791	0.354607	0.240159	0.110697	-0.0116628	-0.107017	-0.171149	-0.210344	-0.223746	-0.208991	-0.172566	-0.132006	-0.111889	-0.115914	-0.137112	-0.161459	-0.182095	
-0.509939	-0.412174	-0.260993	-0.0684572	0.144765	0.342881	0.490834	0.564999	0.551754	0.454135	0.302107	0.135634	-0.0178989	-0.139858	-0.226834	-0.285054	-0.313828	-0.309475	-0.280531	-0.243673	-0.218263	-0.214029	-0.218402	-0.2215	-0.229584	
-0.441585	-0.341838	-0.183972	0.0167647	0.233233	0.431095	0.582018	0.662145	0.646339	0.535222	0.360943	0.167531	-0.0100055	-0.153708	-0.256902	-0.325403	-0.364388	-0.37292	-0.354321	-0.323432	-0.29968	-0.286326	-0.277306	-0.273377	-0.280404	
-0.362762	-0.262078	-0.0954536	0.107324	0.317142	0.502975	0.642189	0.710146	0.686255	0.572299	0.39801	0.198526	0.00677301	-0.153725	-0.27091	-0.349305	-0.396468	-0.412199	-0.402288	-0.378924	-0.355786	-0.339801	-0.328032	-0.323201	-0.329858	
-0.262169	-0.159463	0.00252349	0.19633	0.390949	0.55909	0.676822	0.723462	0.68665	0.575449	0.409546	0.212315	0.0133677	-0.160415	-0.28886	-0.374536	-0.421137	-0.43357	-0.421284	-0.399671	-0.381625	-0.37221	-0.367202	-0.364714	-0.369788	
-0.162583	-0.0587669	0.095569	0.274228	0.455881	0.610594	0.711018	0.73471	0.681746	0.564692	0.399012	0.200827	0.000219813	-0.175913	-0.311716	-0.399806	-0.439329	-0.43862	-0.413263	-0.384194	-0.371318	-0.37468	-0.381244	-0.386434	-0.397368	
-0.0836238	0.0232856	0.168531	0.339126	0.512292	0.658624	0.745806	0.754973	0.689218	0.560008	0.382723	0.180412	-0.017674	-0.18996	-0.320593	-0.406718	-0.438667	-0.427113	-0.391508	-0.358365	-0.346632	-0.356288	-0.371259	-0.385212	-0.408817	
-0.0155651	0.094625	0.237938	0.402332	0.56573	0.697165	0.771826	0.772276	0.698909	0.560461	0.377581	0.176351	-0.0136869	-0.174714	-0.302812	-0.386966	-0.420449	-0.416014	-0.386577	-0.355492	-0.345448	-0.349883	-0.360883	-0.381933	-0.407612	
0.0490375	0.162145	0.301385	0.459385	0.607249	0.721633	0.78411	0.778119	0.699578	0.557068	0.376469	0.185835	0.00674558	-0.147895	-0.268639	-0.356606	-0.401345	-0.413412	-0.403483	-0.387179	-0.375638	-0.370004	-0.370943	-0.37663	-0.387978	
0.100032	0.205672	0.341228	0.493631	0.630975	0.733866	0.789015	0.777013	0.69211	0.550456	0.380459	0.202548	0.030789	-0.118776	-0.24424	-0.339496	-0.396065	-0.424449	-0.427555	-0.416491	-0.406636	-0.394538	-0.381941	-0.374409	-0.365628	
0.117815	0.218868	0.35004	0.49673	0.62617	0.722158	0.772434	0.756294	0.671346	0.538382	0.382299	0.216298	0.050313	-0.101384	-0.229639	-0.335382	-0.401174	-0.431213	-0.433024	-0.418842	-0.403977	-0.389764	-0.377408	-0.363324	-0.349852	
0.119811	0.208966	0.331284	0.468878	0.589335	0.678375	0.723158	0.704652	0.624492	0.502444	0.355527	0.19871	0.0411677	-0.0993889	-0.221842	-0.324674	-0.38893	-0.418784	-0.418285	-0.398937	-0.38044	-0.362475	-0.345049	-0.333645	-0.320347	
0.108801	0.181564	0.287987	0.416448	0.533794	0.61672	0.653636	0.633	0.557311	0.440116	0.297732	0.148781	0.00613741	-0.115205	-0.216164	-0.302451	-0.357614	-0.386106	-0.390208	-0.373585	-0.352514	-0.325387	-0.301744	-0.288973	-0.275546	
0.0903472	0.133831	0.221252	0.344213	0.46162	0.542927	0.576118	0.555368	0.484871	0.371602	0.230871	0.0910105	-0.0375261	-0.140413	-0.218855	-0.280998	-0.319021	-0.342347	-0.34808	-0.334852	-0.313471	-0.282384	-0.256252	-0.245083	-0.232615	
0.0563844	0.0686769	0.137061	0.258304	0.384796	0.473024	0.510814	0.496173	0.426128	0.308494	0.16915	0.0354755	-0.0839168	-0.171568	-0.227649	-0.263373	-0.280944	-0.293732	-0.299431	-0.291953	-0.276362	-0.249431	-0.225921	-0.21373	-0.197497	
0.0315808	0.0148678	0.0667109	0.187093	0.324871	0.427605	0.477513	0.464933	0.387666	0.262027	0.118449	-0.0139814	-0.126607	-0.206158	-0.247112	-0.261812	-0.263351	-0.265494	-0.267065	-0.263818	-0.256371	-0.238638	-0.221543	-0.207034	-0.186596	
0.0350122	0.00882044	0.0564456	0.173207	0.30828	0.412967	0.465028	0.450225	0.365168	0.233333	0.0887858	-0.0453941	-0.161013	-0.238171	-0.272032	-0.277728	-0.270324	-0.264669	-0.264703	-0.266388	-0.264509	-0.25783	-0.24848	-0.235351	-0.215451	
0.0921819	0.0824723	0.132898	0.234817	0.350228	0.436315	0.471782	0.441005	0.347353	0.213159	0.065341	-0.0755857	-0.195367	-0.277341	-0.31542	-0.319838	-0.310966	-0.30457	-0.303825	-0.305274	-0.309088	-0.30784	-0.304228	-0.299513	-0.284579	
0.190582	0.207299	0.267837	0.353627	0.440013	0.499678	0.50883	0.455909	0.347072	0.19914	0.0367429	-0.117519	-0.249015	-0.338518	-0.381125	-0.39201	-0.384761	-0.378236	-0.378332	-0.381351	-0.3848	-0.389962	-0.394778	-0.395392	-0.384753	
0.309179	0.352632	0.421211	0.498165	0.570609	0.601691	0.577043	0.495709	0.362	0.191897	0.00938915	-0.164812	-0.310034	-0.41511	-0.476273	-0.495119	-0.491677	-0.483318	-0.474635	-0.47	-0.47524	-0.487967	-0.50433	-0.518253	-0.510008	
0.422729	0.495034	0.578566	0.657151	0.714893	0.721585	0.669357	0.559065	0.395977	0.196351	-0.0144877	-0.211685	-0.374885	-0.500826	-0.576886	-0.607632	-0.61034	-0.596696	-0.578562	-0.568321	-0.569529	-0.590365	-0.621936	-0.640357	-0.632687	
0.521071	0.617403	0.722244	0.816873	0.871735	0.860407	0.784236	0.647006	0.455436	0.222899	-0.0189074	-0.241431	-0.429152	-0.570385	-0.658413	-0.697384	-0.706035	-0.699404	-0.68402	-0.673465	-0.677011	-0.699194	-0.728502	-0.744448	-0.727793	
0.57592	0.707734	0.846864	0.962672	1.01909	1.0021	0.912429	0.755194	0.540893	0.280399	0.0130701	-0.232219	-0.441326	-0.596119	-0.692302	-0.746161	-0.768785	-0.775823	-0.769498	-0.758599	-0.759979	-0.777358	-0.803539	-0.816296	-0.793949	
0.578965	0.748231	0.929701	1.07651	1.1491	1.13687	1.04537	0.882052	0.654298	0.379725	0.0912955	-0.178931	-0.409562	-0.577386	-0.682598	-0.747766	-0.782144	-0.801998	-0.802261	-0.791212	-0.789387	-0.803602	-0.826931	-0.839569	-0.819782	
0.539525	0.749327	0.968343	1.14567	1.24778	1.25544	1.17503	1.01338	0.779263	0.499099	0.203728	-0.0820043	-0.325373	-0.508889	-0.631469	-0.711873	-0.760222	-0.780141	-0.774035	-0.754646	-0.745607	-0.761785	-0.794011	-0.817214	-0.807929	
0.478667	0.715606	0.960453	1.16843	1.29648	1.32804	1.2624	1.1054	0.879444	0.612184	0.321805	0.0387739	-0.207977	-0.402825	-0.541092	-0.63406	-0.687388	-0.705004	-0.689768	-0.66154	-0.650762	-0.667296	-0.704884	-0.738107	-0.738737	
0.388119	0.642878	0.907433	1.14052	1.29219	1.34458	1.29079	1.14073	0.931119	0.683771	0.418902	0.162604	-0.0744204	-0.261487	-0.402365	-0.504029	-0.557227	-0.575677	-0.561486	-0.530868	-0.519282	-0.531985	-0.565057	-0.601386	-0.605874	
0.257157	0.526902	0.800329	1.0505	1.22362	1.29777	1.26505	1.13779	0.95335	0.734322	0.493942	0.266593	0.0587685	-0.108816	-0.231716	-0.322361	-0.371683	-0.394852	-0.385999	-0.358603	-0.347995	-0.350079	-0.372298	-0.406112	-0.41807	
0.0976852	0.370662	0.65434	0.913904	1.10662	1.20857	1.21124	1.1221	0.967968	0.773592	0.559337	0.359262	0.18322	0.0448638	-0.0491156	-0.119699	-0.161119	-0.176585	-0.168617	-0.145567	-0.128728	-0.12795	-0.14889	-0.178413	-0.207068	
-0.0489241	0.226769	0.508111	0.768666	0.982084	1.11041	1.14856	1.10353	0.979864	0.804323	0.617721	0.445436	0.301345	0.194746	0.12463	0.0762871	0.0474631	0.0449447	0.0610397	0.0867753	0.100405	0.0976187	0.0760886	0.0430118	0.00376317	
-0.169553	0.109703	0.391336	0.654782	0.874098	1.02251	1.09329	1.07943	0.980081	0.830456	0.674683	0.535851	0.422318	0.347462	0.295413	0.261948	0.249245	0.256746	0.278718	0.302479	0.305212	0.293995	0.272925	0.238994	0.200437	
-0.252614	0.0286066	0.308891	0.57941	0.803363	0.958364	1.04633	1.05264	0.976639	0.860656	0.737188	0.631044	0.545175	0.48829	0.450214	0.427549	0.425788	0.440917	0.467316	0.484114	0.47857	0.460361	0.439037	0.408437	0.369332	
-0.290376	-0.00587109	0.27748	0.543139	0.763307	0.924403	1.02242	1.04075	0.994155	0.907893	0.805919	0.719434	0.652856	0.601219	0.574219	0.558583	0.559359	0.581649	0.609855	0.62116	0.615557	0.594329	0.56884	0.541474	0.497189	
-0.260482	0.0179244	0.299054	0.554091	0.767363	0.921995	1.01716	1.05148	1.02938	0.959447	0.871211	0.789926	0.728209	0.685288	0.664724	0.653114	0.656926	0.67726	0.698169	0.706508	0.695903	0.676106	0.653393	0.629709	0.588553	
-0.166231	0.100635	0.365431	0.595393	0.793342	0.936897	1.02359	1.06209	1.04966	0.986425	0.906278	0.833617	0.779554	0.749741	0.730964	0.721512	0.724598	0.736526	0.747428	0.750028	0.733021	0.71326	0.697187	0.67575	0.64539	
-0.0256116	0.217397	0.449809	0.652385	0.818836	0.941393	1.01271	1.04752	1.03905	0.987982	0.91736	0.854873	0.812378	0.786653	0.770904	0.766393	0.769209	0.773232	0.777053	0.770658	0.748157	0.727443	0.713407	0.693973	0.671816	
