-0.317044	-0.258663	-0.191182	-0.127005	-0.0560267	0.0336373	0.12396	0.184406	0.228653	0.241025	0.232103	0.222717	0.221122	0.233709	0.242149	0.234789	0.220006	0.196911	0.165711	0.133616	0.0874745	0.0330329	-0.0478338	-0.166807	-0.313043	
-0.258692	-0.222444	-0.179209	-0.128144	-0.0604089	0.0270034	0.118053	0.188452	0.242739	0.274425	0.281801	0.288225	0.297785	0.322587	0.343639	0.343844	0.339013	0.325192	0.295442	0.262441	0.228735	0.175627	0.093452	-0.0258977	-0.183716	
-0.191584	-0.179491	-0.152251	-0.108814	-0.0452831	0.031579	0.110385	0.185833	0.247278	0.288319	0.313129	0.328514	0.351663	0.38541	0.412146	0.425286	0.432581	0.419637	0.397834	0.377472	0.3519	0.31049	0.235183	0.110685	-0.0530624	
-0.127496	-0.128505	-0.109084	-0.069387	-0.0145598	0.0450469	0.107786	0.171497	0.229763	0.275664	0.309455	0.330491	0.368032	0.408052	0.437654	0.462261	0.480165	0.478769	0.480783	0.486705	0.48005	0.450646	0.378657	0.253847	0.0875539	
-0.0565933	-0.0607486	-0.0455189	-0.0144987	0.0204526	0.0579517	0.100149	0.148777	0.203186	0.245252	0.277461	0.309598	0.348746	0.382481	0.417207	0.453753	0.480426	0.51251	0.548159	0.582044	0.602843	0.584809	0.520718	0.409469	0.247088	
0.0325903	0.0262236	0.0307011	0.0442652	0.057038	0.0702678	0.09285	0.129675	0.171759	0.21269	0.246494	0.282693	0.318122	0.345468	0.37496	0.415808	0.45626	0.517729	0.590232	0.65272	0.698391	0.69642	0.64728	0.553527	0.403429	
0.121284	0.115793	0.108352	0.106108	0.098465	0.0916578	0.0954637	0.116286	0.147259	0.185696	0.224791	0.260057	0.288927	0.309158	0.333593	0.375559	0.429965	0.50558	0.597747	0.678424	0.739557	0.760098	0.739445	0.669233	0.544207	
0.18108	0.18569	0.183729	0.169621	0.147117	0.128054	0.115664	0.119129	0.139942	0.171852	0.205395	0.235094	0.257974	0.277244	0.299289	0.334555	0.391669	0.466386	0.561586	0.655264	0.729624	0.774582	0.781568	0.738113	0.648541	
0.225719	0.240316	0.245243	0.227534	0.200939	0.16952	0.146266	0.140052	0.152784	0.17317	0.197694	0.216001	0.228906	0.24333	0.255149	0.275347	0.321716	0.394099	0.488931	0.595718	0.686482	0.749529	0.775383	0.759792	0.707668	
0.239109	0.273051	0.286671	0.273286	0.242654	0.210279	0.1846	0.172214	0.174098	0.185478	0.196462	0.20094	0.213441	0.221381	0.2152	0.214593	0.247949	0.313656	0.408429	0.520555	0.620417	0.69247	0.730999	0.742255	0.730385	
0.230087	0.280699	0.312125	0.30807	0.276214	0.245291	0.22441	0.205401	0.198008	0.196418	0.195375	0.194727	0.207069	0.213116	0.193022	0.177576	0.197381	0.254241	0.338468	0.441239	0.538538	0.610327	0.664605	0.702655	0.731647	
0.220943	0.287297	0.327782	0.329458	0.308961	0.282145	0.25959	0.234437	0.215493	0.200907	0.194976	0.19773	0.212858	0.211521	0.182873	0.159572	0.167756	0.214226	0.284924	0.370267	0.457616	0.526913	0.590125	0.652379	0.710395	
0.220897	0.297747	0.351058	0.366793	0.347609	0.317814	0.288836	0.257757	0.228478	0.213824	0.207635	0.21256	0.220624	0.211433	0.182082	0.154388	0.154483	0.189832	0.245328	0.308739	0.3875	0.448617	0.509186	0.587448	0.662635	
0.235061	0.323455	0.385129	0.407003	0.381051	0.345135	0.309555	0.277903	0.243868	0.221931	0.213485	0.210857	0.210267	0.200398	0.180079	0.160406	0.157827	0.180131	0.22088	0.26813	0.325252	0.379705	0.440339	0.519267	0.60801	
0.244082	0.344892	0.412414	0.438163	0.417591	0.375911	0.335043	0.300546	0.256414	0.216263	0.193839	0.183108	0.181458	0.17986	0.175733	0.169236	0.166266	0.18007	0.20855	0.241382	0.280002	0.32643	0.386434	0.463486	0.55517	
0.236966	0.345382	0.426098	0.463799	0.45543	0.41766	0.377725	0.336266	0.276931	0.215973	0.178962	0.161185	0.154638	0.159415	0.167854	0.170842	0.172577	0.186101	0.204043	0.220094	0.246184	0.283928	0.339137	0.412632	0.502592	
0.221689	0.339806	0.432549	0.480723	0.48167	0.457798	0.432359	0.394143	0.323892	0.248966	0.19747	0.167836	0.153944	0.156024	0.163865	0.171134	0.177378	0.187018	0.195721	0.20077	0.214448	0.243996	0.29088	0.355427	0.445323	
0.19761	0.325138	0.419275	0.479009	0.51386	0.519682	0.508188	0.468913	0.396417	0.314648	0.253853	0.212569	0.187819	0.178011	0.178441	0.18484	0.186324	0.186778	0.17698	0.16541	0.163606	0.183687	0.22638	0.293519	0.390625	
0.164455	0.294159	0.397398	0.481815	0.550545	0.593335	0.600709	0.563865	0.490455	0.409037	0.338856	0.283737	0.243032	0.218789	0.207345	0.202849	0.194757	0.176751	0.145743	0.111921	0.0946846	0.106078	0.150978	0.229627	0.338457	
0.131191	0.260506	0.376799	0.487996	0.584474	0.655884	0.680911	0.656743	0.596525	0.52101	0.442263	0.370202	0.306971	0.266268	0.239656	0.217484	0.198109	0.164225	0.112066	0.0596553	0.0323697	0.0389608	0.0862108	0.173514	0.288921	
0.0850095	0.226871	0.350798	0.480633	0.60461	0.70128	0.742448	0.731803	0.687702	0.621295	0.539775	0.457558	0.385132	0.322854	0.278043	0.243392	0.211149	0.161159	0.0931726	0.0313601	-0.0059959	0.001159	0.0487864	0.13244	0.246072	
0.030763	0.174079	0.309811	0.451586	0.586868	0.699271	0.763279	0.777716	0.751577	0.694084	0.611926	0.527562	0.447281	0.377366	0.323786	0.281264	0.241221	0.181208	0.103378	0.0368909	0.000801985	0.00420099	0.0453074	0.125487	0.241789	
-0.05013	0.0915741	0.234348	0.379358	0.522686	0.649701	0.741698	0.784267	0.777706	0.733135	0.666308	0.590688	0.508813	0.438971	0.383399	0.335983	0.288291	0.224335	0.148133	0.083523	0.0478722	0.0453006	0.080366	0.157681	0.27435	
-0.169092	-0.0280678	0.109587	0.254067	0.41076	0.555411	0.67123	0.740479	0.76215	0.744579	0.704277	0.652115	0.586601	0.517955	0.460458	0.409363	0.352727	0.291305	0.226722	0.170418	0.130438	0.12449	0.156631	0.228248	0.335089	
-0.314375	-0.185204	-0.0535339	0.0879545	0.248137	0.404995	0.546287	0.651235	0.710755	0.732886	0.733075	0.709645	0.66131	0.606333	0.552483	0.499799	0.442896	0.388309	0.335722	0.285458	0.242556	0.239312	0.272302	0.33433	0.429893	
-0.476914	-0.36539	-0.237847	-0.0937762	0.0660794	0.231011	0.391859	0.530795	0.632038	0.697896	0.744158	0.76297	0.74172	0.703089	0.658279	0.607342	0.554443	0.50558	0.460998	0.415805	0.380151	0.379695	0.409117	0.459456	0.540005	
-0.627064	-0.527527	-0.413252	-0.275763	-0.113932	0.0548608	0.222437	0.38476	0.528991	0.642869	0.735565	0.798743	0.814513	0.794554	0.762366	0.719651	0.673214	0.630405	0.592718	0.560519	0.53683	0.535242	0.550202	0.586398	0.650571	
-0.730362	-0.64638	-0.543125	-0.416754	-0.277901	-0.120705	0.0508274	0.233163	0.409419	0.567344	0.702168	0.803018	0.854783	0.858763	0.842442	0.814663	0.77835	0.740385	0.715998	0.700175	0.683665	0.676582	0.678664	0.698845	0.745902	
-0.777527	-0.714421	-0.624016	-0.518863	-0.404427	-0.265197	-0.106911	0.0743551	0.269425	0.461094	0.62923	0.765326	0.850675	0.885586	0.888432	0.869433	0.842914	0.820714	0.810707	0.804294	0.798092	0.779929	0.766967	0.777705	0.799497	
-0.76185	-0.714952	-0.653477	-0.585939	-0.494741	-0.382111	-0.243907	-0.0796158	0.11893	0.329147	0.519794	0.677014	0.791664	0.85225	0.870409	0.864983	0.850606	0.846386	0.851023	0.851762	0.847458	0.826184	0.808503	0.805231	0.798577	
-0.702161	-0.678906	-0.645495	-0.607345	-0.549858	-0.466492	-0.355941	-0.214957	-0.0260101	0.183218	0.379655	0.545701	0.680018	0.76083	0.790452	0.79808	0.799982	0.808903	0.82118	0.829427	0.825861	0.809488	0.790169	0.767144	0.744755	
-0.614412	-0.616549	-0.609113	-0.595427	-0.563766	-0.507469	-0.432072	-0.3245	-0.162711	0.0349681	0.232004	0.397528	0.533038	0.623547	0.66153	0.677084	0.695849	0.713087	0.726426	0.740152	0.743937	0.732329	0.706295	0.67259	0.640186	
-0.495931	-0.52038	-0.538755	-0.547432	-0.535832	-0.512767	-0.47388	-0.39685	-0.265907	-0.0957536	0.0830786	0.23975	0.36446	0.447923	0.492769	0.521045	0.546986	0.564539	0.580703	0.601224	0.610301	0.601434	0.574611	0.538128	0.495875	
-0.370109	-0.408848	-0.440136	-0.464364	-0.47592	-0.479906	-0.472804	-0.427327	-0.331668	-0.197603	-0.0516492	0.0794606	0.182463	0.258618	0.313069	0.350607	0.376961	0.391597	0.408534	0.429415	0.437984	0.429785	0.406371	0.372338	0.325723	
-0.233028	-0.284228	-0.331957	-0.364114	-0.395463	-0.423962	-0.441271	-0.428993	-0.376578	-0.281475	-0.174229	-0.0776041	0.00111429	0.0658464	0.12309	0.168738	0.195201	0.211398	0.233794	0.249309	0.255293	0.244915	0.227239	0.19479	0.137831	
-0.10546	-0.162285	-0.222441	-0.268224	-0.316494	-0.370372	-0.416161	-0.430446	-0.412545	-0.36003	-0.299135	-0.23763	-0.178182	-0.122352	-0.0652193	-0.0127042	0.0143716	0.0400634	0.0671347	0.0802218	0.0877263	0.0773743	0.0565327	0.0174792	-0.054092	
-0.0186094	-0.0732807	-0.138196	-0.201803	-0.271598	-0.34437	-0.406187	-0.442488	-0.456935	-0.447858	-0.430867	-0.405559	-0.36604	-0.313338	-0.24733	-0.182908	-0.140365	-0.101293	-0.077801	-0.0694964	-0.0609219	-0.0675309	-0.0920127	-0.13704	-0.2209	
0.0151234	-0.0421755	-0.11735	-0.193427	-0.27384	-0.355464	-0.428254	-0.485092	-0.526529	-0.55751	-0.575819	-0.576842	-0.54505	-0.49068	-0.418652	-0.338312	-0.269617	-0.219589	-0.190612	-0.173997	-0.164517	-0.169768	-0.201161	-0.265426	-0.364249	
-0.028061	-0.0795639	-0.153565	-0.238694	-0.326659	-0.416662	-0.498571	-0.564662	-0.628366	-0.684026	-0.721697	-0.740585	-0.7165	-0.652813	-0.568984	-0.472344	-0.376241	-0.311657	-0.267632	-0.235334	-0.222369	-0.228159	-0.271272	-0.357698	-0.475212	
-0.141795	-0.181819	-0.249545	-0.333378	-0.427148	-0.518888	-0.597306	-0.66971	-0.747249	-0.819195	-0.872586	-0.894858	-0.879172	-0.806153	-0.695919	-0.580408	-0.464477	-0.372782	-0.312475	-0.272318	-0.252073	-0.263307	-0.314484	-0.409158	-0.547451	
-0.308637	-0.340841	-0.396163	-0.47084	-0.557461	-0.63773	-0.708416	-0.789063	-0.867525	-0.946935	-1.00972	-1.03287	-1.01442	-0.928983	-0.799723	-0.667696	-0.538751	-0.424744	-0.344052	-0.290572	-0.2698	-0.282114	-0.340287	-0.451016	-0.607561	
-0.509124	-0.530927	-0.564209	-0.622809	-0.698731	-0.769308	-0.830607	-0.906979	-0.98904	-1.06998	-1.12773	-1.1491	-1.12474	-1.02917	-0.893057	-0.751491	-0.607447	-0.476944	-0.374131	-0.306391	-0.28602	-0.295792	-0.358137	-0.48568	-0.660083	
-0.71632	-0.719243	-0.732821	-0.771196	-0.829522	-0.889904	-0.944843	-1.01258	-1.09424	-1.17504	-1.23025	-1.24491	-1.20612	-1.10883	-0.974674	-0.82847	-0.676227	-0.531536	-0.415049	-0.339584	-0.310512	-0.321609	-0.388846	-0.520684	-0.703281	
-0.900417	-0.886836	-0.883934	-0.902508	-0.936615	-0.984351	-1.03171	-1.08867	-1.16501	-1.24306	-1.29986	-1.31001	-1.25976	-1.16598	-1.03947	-0.889565	-0.733215	-0.587324	-0.468098	-0.388323	-0.353074	-0.363085	-0.429995	-0.555893	-0.73187	
-1.03229	-1.00792	-0.99272	-0.994336	-1.00783	-1.03916	-1.08223	-1.13268	-1.2022	-1.28046	-1.33241	-1.3249	-1.27145	-1.18653	-1.07412	-0.935088	-0.781929	-0.63961	-0.518748	-0.429819	-0.386381	-0.397527	-0.46193	-0.579645	-0.745276	
-1.08899	-1.06011	-1.03171	-1.01969	-1.02141	-1.03713	-1.07779	-1.12859	-1.18716	-1.25582	-1.29813	-1.28711	-1.23301	-1.15904	-1.06377	-0.936875	-0.796006	-0.664289	-0.548347	-0.457237	-0.411547	-0.419575	-0.47495	-0.577963	-0.722648	
-1.04869	-1.0239	-0.992778	-0.970151	-0.962952	-0.969407	-0.998389	-1.04253	-1.09673	-1.15149	-1.18582	-1.17975	-1.13086	-1.06857	-0.985082	-0.872017	-0.754142	-0.638346	-0.533383	-0.457099	-0.414007	-0.417086	-0.457808	-0.536193	-0.65725	
-0.905892	-0.88419	-0.861427	-0.837575	-0.822979	-0.822496	-0.843641	-0.881704	-0.930743	-0.970921	-0.992926	-0.984451	-0.943682	-0.89487	-0.828277	-0.744747	-0.658921	-0.559092	-0.465589	-0.403762	-0.362702	-0.363218	-0.394971	-0.454889	-0.55223	
-0.671529	-0.65292	-0.633894	-0.617411	-0.603174	-0.59923	-0.616645	-0.646393	-0.680783	-0.704618	-0.713584	-0.71212	-0.685776	-0.648843	-0.603159	-0.548096	-0.488351	-0.416112	-0.346536	-0.301171	-0.274921	-0.269889	-0.288129	-0.331334	-0.393931	
-0.360021	-0.346978	-0.334986	-0.329173	-0.320214	-0.315043	-0.323731	-0.336537	-0.354202	-0.370389	-0.375353	-0.37312	-0.363199	-0.340147	-0.314219	-0.28882	-0.257629	-0.22113	-0.185362	-0.162903	-0.151564	-0.148274	-0.154699	-0.176515	-0.206517	
