0	0	0	0	0	0	0	0	0	0	0	0	0	0	0	0	0	0	0	0	0	0	0	0	0	
0	-0.112268	-0.222659	-0.325704	-0.412654	-0.475631	-0.507569	-0.498915	-0.443222	-0.349565	-0.240587	-0.140243	-0.0583637	0.0120895	0.0795223	0.136665	0.166608	0.167334	0.151933	0.13904	0.133663	0.128943	0.113565	0.0844925	0.0491032	
0	-0.222916	-0.437789	-0.637782	-0.806307	-0.926794	-0.977183	-0.947637	-0.837299	-0.670561	-0.477418	-0.288239	-0.122985	0.0169287	0.136224	0.23016	0.284108	0.300167	0.292772	0.278515	0.264723	0.246671	0.217291	0.171341	0.114989	
0	-0.326331	-0.638292	-0.923428	-1.16062	-1.31926	-1.37256	-1.3133	-1.15849	-0.942866	-0.694451	-0.437963	-0.20068	-0.00233236	0.153073	0.266646	0.338474	0.381989	0.402346	0.403122	0.382899	0.349154	0.306357	0.254073	0.190555	
0	-0.413442	-0.806985	-1.16071	-1.43817	-1.61018	-1.65266	-1.57371	-1.39263	-1.14892	-0.866629	-0.569698	-0.290651	-0.0558088	0.124844	0.255203	0.344137	0.413469	0.466667	0.490177	0.476574	0.435656	0.387796	0.336592	0.276888	
0	-0.476303	-0.927162	-1.31886	-1.60959	-1.77304	-1.8061	-1.72201	-1.5387	-1.28685	-0.991012	-0.679609	-0.387133	-0.138818	0.0593242	0.209168	0.317096	0.409647	0.487541	0.534941	0.534456	0.501508	0.460939	0.423337	0.377838	
0	-0.508144	-0.977341	-1.37186	-1.65176	-1.80584	-1.83529	-1.76073	-1.59304	-1.35917	-1.0761	-0.771672	-0.483584	-0.235207	-0.028776	0.1376	0.265069	0.37495	0.470726	0.533523	0.550062	0.532973	0.513354	0.49987	0.479007	
0	-0.499688	-0.948177	-1.31316	-1.57349	-1.72249	-1.76151	-1.70541	-1.56981	-1.37673	-1.13237	-0.855029	-0.582434	-0.340512	-0.13008	0.0493042	0.18992	0.310495	0.41291	0.487104	0.519219	0.524944	0.529691	0.543186	0.547489	
0	-0.444425	-0.838667	-1.15947	-1.39367	-1.54049	-1.59514	-1.57116	-1.48096	-1.34405	-1.15604	-0.925247	-0.683307	-0.454651	-0.242306	-0.0547098	0.0932244	0.214973	0.318811	0.397869	0.447108	0.478075	0.512178	0.55028	0.576419	
0	-0.351208	-0.672766	-0.944935	-1.15107	-1.28963	-1.36223	-1.37918	-1.34529	-1.27081	-1.14667	-0.973159	-0.772916	-0.564982	-0.357272	-0.165452	-0.0130126	0.112169	0.21442	0.293762	0.350846	0.404862	0.466408	0.528213	0.569507	
0	-0.242351	-0.479891	-0.696862	-0.869029	-0.993928	-1.07928	-1.13519	-1.15799	-1.14757	-1.08696	-0.970486	-0.814842	-0.638099	-0.447239	-0.261238	-0.105481	0.0236225	0.126187	0.20032	0.25661	0.318818	0.398141	0.477182	0.535011	
0	-0.141696	-0.29026	-0.439923	-0.571593	-0.681969	-0.77443	-0.857801	-0.927552	-0.974706	-0.971236	-0.90489	-0.794971	-0.657233	-0.495617	-0.325432	-0.176824	-0.0489791	0.0543112	0.12894	0.180457	0.237453	0.314983	0.404668	0.48152	
0	-0.0590218	-0.123802	-0.201406	-0.291487	-0.38868	-0.485857	-0.585157	-0.686034	-0.775176	-0.816458	-0.79585	-0.731897	-0.63819	-0.512154	-0.370341	-0.241694	-0.123045	-0.0153639	0.0675761	0.120552	0.167763	0.236716	0.328479	0.423965	
0	0.0123704	0.0174836	-0.00180165	-0.0557361	-0.139816	-0.237312	-0.343503	-0.458026	-0.568193	-0.640876	-0.659397	-0.639525	-0.589417	-0.506863	-0.404202	-0.302199	-0.19336	-0.0812235	0.0114904	0.0703172	0.116534	0.176806	0.264068	0.363904	
0	0.0807107	0.138077	0.154757	0.125695	0.0587444	-0.0307531	-0.133315	-0.246359	-0.361597	-0.451414	-0.499339	-0.515041	-0.508398	-0.474466	-0.414009	-0.335598	-0.23442	-0.122023	-0.0240907	0.0432595	0.0919765	0.144476	0.216424	0.308216	
0	0.138498	0.232936	0.269243	0.25693	0.209525	0.136543	0.046739	-0.0585397	-0.170119	-0.266256	-0.330285	-0.374433	-0.406958	-0.415302	-0.387751	-0.325785	-0.232226	-0.120751	-0.0193586	0.0528695	0.10142	0.144901	0.202756	0.278388	
0	0.168988	0.287777	0.342217	0.347325	0.319272	0.265967	0.189048	0.0905001	-0.0171968	-0.110461	-0.181839	-0.24611	-0.305426	-0.337736	-0.326893	-0.274895	-0.184605	-0.0724508	0.0287528	0.0981754	0.145529	0.190567	0.240944	0.293167	
0	0.169927	0.304229	0.386464	0.417879	0.413559	0.3778	0.311465	0.213784	0.10925	0.0196757	-0.053081	-0.126793	-0.196339	-0.236917	-0.234231	-0.185731	-0.0977434	0.00930558	0.0984289	0.16167	0.215351	0.270833	0.314396	0.334862	
0	0.154491	0.296769	0.406861	0.47134	0.491996	0.474171	0.414476	0.318331	0.212585	0.12374	0.051863	-0.0177708	-0.0833832	-0.124285	-0.122984	-0.0739253	0.00896019	0.100607	0.178014	0.244145	0.30949	0.367605	0.397619	0.387508	
0	0.1412	0.281788	0.406822	0.494058	0.538696	0.536415	0.488487	0.397903	0.293309	0.19987	0.128567	0.0667521	0.0102585	-0.0259131	-0.0212674	0.0276673	0.0988013	0.178973	0.259226	0.339938	0.408604	0.459332	0.475252	0.445404	
0	0.135456	0.267376	0.385897	0.479827	0.537742	0.552639	0.520668	0.447972	0.352045	0.258336	0.182103	0.121094	0.0699146	0.0420523	0.0514992	0.0975247	0.162463	0.245807	0.341059	0.429925	0.495626	0.537054	0.544154	0.496779	
0	0.130086	0.248313	0.351224	0.438279	0.504545	0.535728	0.527015	0.48001	0.407437	0.321943	0.240138	0.168851	0.116345	0.0910347	0.100334	0.144825	0.215638	0.310723	0.409997	0.496609	0.55622	0.592659	0.586181	0.523314	
0	0.113729	0.217379	0.306798	0.389091	0.463079	0.515488	0.531306	0.513747	0.468494	0.400664	0.31703	0.237355	0.176646	0.14414	0.144602	0.190209	0.270773	0.368265	0.460674	0.538929	0.593904	0.618182	0.598052	0.530747	
0	0.0835732	0.169618	0.25244	0.335847	0.42366	0.500518	0.543489	0.550448	0.528629	0.477954	0.405175	0.32814	0.263592	0.216511	0.203426	0.241714	0.315183	0.399111	0.477782	0.547802	0.589324	0.599434	0.573975	0.512775	
0	0.0477533	0.11251	0.187885	0.274845	0.376779	0.478371	0.54678	0.575653	0.56874	0.534418	0.480908	0.423047	0.363222	0.308406	0.279415	0.294696	0.336549	0.389985	0.449077	0.502111	0.528553	0.533903	0.514018	0.460088	
0	0.0213765	0.0650255	0.128446	0.213905	0.323928	0.440552	0.529893	0.579886	0.590796	0.574065	0.545495	0.511475	0.466122	0.411622	0.367724	0.346779	0.341085	0.35	0.373009	0.398256	0.414024	0.427271	0.421423	0.382228	
0	0.0134219	0.0436555	0.0929316	0.170975	0.277407	0.39442	0.493774	0.567823	0.607916	0.620049	0.617239	0.604729	0.573364	0.521008	0.458749	0.397536	0.340543	0.294098	0.263215	0.249858	0.252993	0.274782	0.290461	0.286566	
0	0.0189769	0.0446017	0.082239	0.146357	0.237502	0.338091	0.434892	0.530727	0.611496	0.664475	0.690813	0.696275	0.674254	0.618306	0.53434	0.436865	0.335519	0.233941	0.146697	0.0904331	0.0724638	0.0929396	0.13343	0.17294	
0	0.0275655	0.0558525	0.0862949	0.134342	0.201617	0.277489	0.362125	0.472845	0.593458	0.690198	0.748426	0.769833	0.752175	0.686688	0.581505	0.455002	0.317472	0.172726	0.0417549	-0.0513177	-0.0972207	-0.0875864	-0.0305716	0.0409918	
0	0.0345339	0.0695994	0.100492	0.134558	0.180182	0.233816	0.307169	0.424567	0.570557	0.700123	0.783574	0.817585	0.799164	0.725366	0.606055	0.457232	0.291388	0.118259	-0.0379947	-0.15911	-0.23275	-0.236991	-0.177596	-0.0909997	
0	0.0363585	0.077134	0.110608	0.137146	0.168649	0.211349	0.281042	0.399018	0.551148	0.690672	0.7863	0.825561	0.807916	0.736138	0.61646	0.456601	0.272476	0.0861969	-0.084257	-0.228989	-0.32429	-0.343572	-0.292218	-0.211657	
0	0.0368217	0.079886	0.117819	0.145538	0.176924	0.221364	0.295304	0.409327	0.546999	0.671787	0.759521	0.796541	0.782693	0.723251	0.615288	0.456129	0.269249	0.0828532	-0.0947934	-0.252883	-0.361619	-0.391867	-0.362073	-0.300595	
0	0.0384113	0.0816199	0.124034	0.162687	0.206045	0.260804	0.340305	0.443851	0.55299	0.644389	0.709515	0.739295	0.731361	0.687869	0.59376	0.445717	0.269973	0.0950378	-0.0771554	-0.235964	-0.34818	-0.398731	-0.399581	-0.369324	
0	0.0431848	0.0868677	0.134736	0.187961	0.248009	0.311947	0.38996	0.474717	0.549535	0.601773	0.638932	0.657482	0.653355	0.618173	0.535167	0.404086	0.252	0.102617	-0.048864	-0.192656	-0.310378	-0.386065	-0.424642	-0.429075	
0	0.052856	0.10198	0.155263	0.219165	0.288084	0.352842	0.417443	0.477429	0.519209	0.538771	0.548357	0.552238	0.541455	0.505225	0.429345	0.322064	0.204168	0.0916474	-0.0259416	-0.150984	-0.273307	-0.373116	-0.441847	-0.477605	
0	0.0699851	0.131835	0.191775	0.255685	0.321564	0.376181	0.421284	0.452871	0.467443	0.461417	0.447784	0.430652	0.404551	0.360186	0.292489	0.211268	0.128983	0.054558	-0.0305745	-0.138689	-0.262671	-0.372799	-0.454744	-0.505024	
0	0.0892824	0.167664	0.231031	0.286649	0.337006	0.377847	0.400249	0.404029	0.389964	0.362253	0.327763	0.291383	0.25096	0.204759	0.149349	0.0912542	0.0359856	-0.00793318	-0.0667577	-0.157629	-0.272341	-0.373255	-0.448251	-0.493417	
0	0.10215	0.191923	0.257859	0.302563	0.338195	0.364505	0.366881	0.339994	0.292829	0.240691	0.189646	0.143704	0.10199	0.0660956	0.0261944	-0.0182339	-0.058355	-0.0834652	-0.118836	-0.186428	-0.274072	-0.349209	-0.403331	-0.43618	
0	0.10193	0.19574	0.265304	0.310348	0.339399	0.355905	0.338795	0.281591	0.200388	0.12379	0.0631607	0.0180808	-0.0124419	-0.0325045	-0.059952	-0.0982041	-0.13421	-0.149716	-0.167664	-0.204331	-0.254946	-0.296004	-0.326336	-0.346082	
0	0.0902318	0.180409	0.256966	0.312622	0.344313	0.352012	0.31584	0.235145	0.128816	0.0366141	-0.0289689	-0.0686819	-0.0880285	-0.0972947	-0.114485	-0.146314	-0.175082	-0.18771	-0.191408	-0.199222	-0.213928	-0.222507	-0.228915	-0.235059	
0	0.0759162	0.158397	0.238697	0.302798	0.337135	0.333927	0.285059	0.193431	0.0820423	-0.0167483	-0.0845988	-0.125218	-0.143914	-0.152674	-0.163202	-0.178167	-0.193327	-0.19983	-0.194826	-0.182665	-0.171307	-0.154172	-0.134798	-0.129089	
0	0.0669642	0.14011	0.209901	0.266497	0.290503	0.27873	0.224103	0.140993	0.0378546	-0.0576947	-0.131395	-0.178045	-0.205823	-0.22272	-0.226859	-0.219763	-0.210401	-0.203435	-0.187751	-0.163094	-0.13777	-0.102357	-0.0655116	-0.0480001	
0	0.0641166	0.12489	0.17163	0.198932	0.204297	0.183306	0.13491	0.0670469	-0.0179878	-0.107729	-0.184509	-0.236771	-0.275118	-0.30058	-0.302531	-0.275152	-0.240032	-0.211436	-0.180208	-0.14837	-0.117036	-0.0773492	-0.0335	-0.00504017	
0	0.0597356	0.10771	0.127468	0.122644	0.106888	0.0809751	0.0387696	-0.0155237	-0.0849172	-0.165614	-0.238261	-0.292551	-0.335528	-0.368855	-0.369489	-0.33292	-0.277103	-0.226	-0.179336	-0.141012	-0.110561	-0.0724624	-0.0303314	0.0116742	
0	0.0414827	0.0701881	0.0669988	0.0373993	0.00602173	-0.0267918	-0.0687598	-0.120143	-0.17893	-0.247148	-0.306783	-0.356145	-0.397337	-0.429295	-0.42586	-0.384369	-0.316136	-0.248963	-0.19218	-0.150512	-0.11994	-0.0868539	-0.0461763	0.00715339	
0	0.0087323	0.0096329	-0.0152752	-0.0612578	-0.104869	-0.146695	-0.195835	-0.251253	-0.30581	-0.359095	-0.401469	-0.439599	-0.473806	-0.493807	-0.479763	-0.430041	-0.354571	-0.277579	-0.216387	-0.171342	-0.137595	-0.106728	-0.0626594	-9.54075e-05	
0	-0.027062	-0.0601616	-0.110975	-0.172958	-0.227336	-0.276665	-0.331048	-0.389405	-0.442395	-0.480766	-0.50452	-0.525033	-0.548623	-0.551046	-0.524295	-0.462993	-0.382601	-0.299575	-0.236296	-0.189083	-0.152957	-0.120904	-0.0711282	-0.00248723	
0	-0.0585265	-0.128219	-0.21102	-0.292297	-0.357627	-0.409117	-0.460534	-0.513216	-0.561662	-0.586025	-0.589747	-0.589962	-0.597694	-0.587133	-0.547668	-0.479804	-0.393973	-0.30824	-0.241487	-0.193233	-0.157559	-0.120001	-0.0672556	-0.00034076	
0	-0.0925362	-0.202567	-0.319591	-0.422715	-0.498158	-0.552046	-0.592486	-0.632417	-0.665458	-0.67622	-0.658272	-0.638863	-0.626842	-0.60528	-0.556252	-0.485716	-0.398505	-0.309056	-0.234921	-0.181175	-0.14119	-0.0955349	-0.0414644	0.0110548	
0	-0.138772	-0.288942	-0.438635	-0.556169	-0.644935	-0.698501	-0.732161	-0.749173	-0.760698	-0.750145	-0.71433	-0.675256	-0.642682	-0.606783	-0.549303	-0.479483	-0.395115	-0.300307	-0.213311	-0.146232	-0.0936176	-0.0377931	0.015201	0.0477997	
