0	0	0	0	0	0	0	0	0	0	0	0	0	0	0	0	0	0	0	0	0	0	0	0	0	
0	0.0428565	0.0890084	0.13688	0.182837	0.217484	0.23037	0.211985	0.164715	0.0977047	0.0219201	-0.0522984	-0.116094	-0.166267	-0.202574	-0.226479	-0.23644	-0.234758	-0.221211	-0.20068	-0.18142	-0.169382	-0.166374	-0.169917	-0.17739	
0	0.0889828	0.18009	0.272169	0.353983	0.416591	0.436677	0.404236	0.318866	0.199031	0.0604499	-0.0797049	-0.203594	-0.304539	-0.377684	-0.42546	-0.444615	-0.442375	-0.41925	-0.385102	-0.351097	-0.327065	-0.313521	-0.30854	-0.312634	
0	0.136816	0.272105	0.39676	0.504015	0.578807	0.603934	0.561271	0.456673	0.306726	0.128387	-0.0596169	-0.234413	-0.380855	-0.490094	-0.560809	-0.590643	-0.591444	-0.567249	-0.52817	-0.487145	-0.450247	-0.41844	-0.392698	-0.379921	
0	0.18269	0.353788	0.503857	0.62012	0.701988	0.72708	0.687554	0.582219	0.430244	0.240225	0.0283517	-0.177859	-0.359512	-0.499815	-0.596496	-0.644231	-0.659436	-0.644523	-0.610447	-0.565258	-0.515477	-0.460606	-0.406931	-0.371994	
0	0.217259	0.416235	0.578453	0.701757	0.784005	0.818334	0.790005	0.704817	0.572637	0.397566	0.189668	-0.0245189	-0.222401	-0.387423	-0.512482	-0.590044	-0.631272	-0.636311	-0.609605	-0.561332	-0.49658	-0.419493	-0.3412	-0.283183	
0	0.230016	0.436107	0.603307	0.726537	0.818039	0.865526	0.863331	0.809094	0.715345	0.576365	0.397791	0.201851	0.00653383	-0.172857	-0.328793	-0.443418	-0.520702	-0.549071	-0.532099	-0.477797	-0.399017	-0.302611	-0.203191	-0.126894	
0	0.211493	0.403388	0.56027	0.686577	0.789213	0.862826	0.891793	0.880119	0.833601	0.746567	0.615654	0.457073	0.28133	0.0973832	-0.0829007	-0.234005	-0.344711	-0.398441	-0.39143	-0.337022	-0.24943	-0.140522	-0.0274703	0.0626145	
0	0.163973	0.317581	0.455096	0.580569	0.70335	0.807918	0.879451	0.915606	0.926043	0.897455	0.82282	0.708559	0.559063	0.379075	0.182079	0.0044257	-0.136751	-0.215832	-0.229722	-0.186761	-0.103328	0.00885668	0.129857	0.227989	
0	0.0967135	0.197232	0.304456	0.427766	0.570246	0.713237	0.832043	0.925191	0.994546	1.02583	1.0024	0.92844	0.804379	0.633328	0.432301	0.238211	0.0751108	-0.0337248	-0.0781944	-0.0628438	0.00172186	0.104787	0.223555	0.323126	
0	0.0205985	0.0580791	0.125367	0.236892	0.394332	0.573476	0.744268	0.89594	1.02515	1.10768	1.12634	1.08295	0.982051	0.826827	0.632345	0.435513	0.256687	0.121075	0.0409881	0.0205995	0.0550633	0.135854	0.240099	0.33384	
0	-0.0537732	-0.0824178	-0.0630716	0.0245223	0.185909	0.39444	0.613017	0.821068	1.00157	1.12622	1.17524	1.15677	1.07938	0.945118	0.767306	0.574869	0.389675	0.233035	0.121567	0.0644997	0.061396	0.108354	0.186166	0.264073	
0	-0.117708	-0.206501	-0.238053	-0.181824	-0.0282532	0.198679	0.454722	0.707166	0.92793	1.08308	1.15693	1.16141	1.10834	0.997996	0.837799	0.654168	0.467532	0.297898	0.161913	0.0699124	0.0270784	0.0340927	0.0768743	0.131454	
0	-0.167805	-0.307349	-0.384308	-0.363194	-0.22578	0.00386969	0.279636	0.558441	0.804672	0.982925	1.08014	1.1088	1.08094	0.991968	0.848915	0.674085	0.490467	0.313755	0.158384	0.0364529	-0.0421645	-0.0721217	-0.0637505	-0.0400832	
0	-0.204197	-0.380582	-0.493579	-0.503411	-0.390522	-0.175029	0.0963086	0.379164	0.63427	0.828242	0.946258	0.998685	0.992239	0.922983	0.796713	0.635434	0.461613	0.286125	0.122209	-0.0168878	-0.116632	-0.170611	-0.192714	-0.202901	
0	-0.228191	-0.428587	-0.564601	-0.600457	-0.51599	-0.331289	-0.0842065	0.182109	0.433271	0.633864	0.768477	0.838465	0.849109	0.796668	0.689041	0.545464	0.386749	0.220883	0.0610829	-0.0792111	-0.182829	-0.249747	-0.295439	-0.33749	
0	-0.238483	-0.44836	-0.595241	-0.649111	-0.594462	-0.446757	-0.236064	0.00378684	0.238537	0.436469	0.575538	0.654413	0.674095	0.635487	0.545684	0.421047	0.280552	0.133185	-0.0107869	-0.137966	-0.238291	-0.312849	-0.379933	-0.447832	
0	-0.237014	-0.4466	-0.596753	-0.6653	-0.636821	-0.525269	-0.347959	-0.138479	0.0745496	0.256876	0.389806	0.467301	0.490195	0.461563	0.387102	0.280838	0.162597	0.0403392	-0.0771429	-0.188493	-0.283563	-0.367421	-0.451249	-0.535518	
0	-0.22359	-0.423765	-0.572957	-0.650893	-0.642412	-0.554223	-0.402246	-0.218198	-0.0349797	0.120517	0.232513	0.297023	0.313117	0.285963	0.221418	0.133784	0.0407495	-0.0471828	-0.135234	-0.224849	-0.313469	-0.397918	-0.488157	-0.58138	
0	-0.202928	-0.389386	-0.533664	-0.616709	-0.615631	-0.537217	-0.395223	-0.232025	-0.079372	0.0404513	0.121104	0.160966	0.157553	0.121761	0.0613006	-0.0104033	-0.0767159	-0.13513	-0.192463	-0.261836	-0.333033	-0.406235	-0.491037	-0.588162	
0	-0.183435	-0.355041	-0.492229	-0.571084	-0.566952	-0.482464	-0.340299	-0.188575	-0.0636227	0.0203849	0.0643292	0.0692446	0.0358287	-0.0171507	-0.0789371	-0.137684	-0.188312	-0.224961	-0.261999	-0.306268	-0.353187	-0.404318	-0.478868	-0.58068	
0	-0.171239	-0.330665	-0.455029	-0.521111	-0.502043	-0.403526	-0.252535	-0.104792	0.00136066	0.0553638	0.0618941	0.0272012	-0.0420679	-0.116311	-0.18229	-0.237919	-0.283355	-0.313582	-0.333258	-0.353259	-0.370949	-0.400034	-0.464716	-0.570863	
0	-0.167997	-0.316806	-0.42298	-0.466145	-0.42513	-0.307366	-0.143861	0.00722355	0.104348	0.136192	0.109142	0.0349194	-0.0710458	-0.169071	-0.247968	-0.3114	-0.366559	-0.397565	-0.406243	-0.404327	-0.400117	-0.412215	-0.467219	-0.570932	
0	-0.171419	-0.311529	-0.397042	-0.412463	-0.346993	-0.208276	-0.0312084	0.127796	0.222704	0.240046	0.186752	0.0778549	-0.0622109	-0.190426	-0.292916	-0.377552	-0.44948	-0.486862	-0.490194	-0.478225	-0.464413	-0.466997	-0.509759	-0.60217	
0	-0.178501	-0.314988	-0.383663	-0.377161	-0.289012	-0.132317	0.0583931	0.225352	0.321756	0.333247	0.264197	0.132306	-0.0384273	-0.200204	-0.334305	-0.444694	-0.532974	-0.579492	-0.586721	-0.579433	-0.570115	-0.570286	-0.602065	-0.679451	
0	-0.180663	-0.312538	-0.371674	-0.348185	-0.243027	-0.0678616	0.134378	0.308023	0.407764	0.4185	0.344511	0.194767	-0.00466186	-0.205225	-0.375098	-0.511193	-0.616753	-0.676482	-0.698022	-0.704692	-0.705769	-0.707729	-0.730883	-0.790275	
0	-0.172437	-0.297865	-0.350087	-0.317993	-0.197954	-0.00718207	0.205956	0.3861	0.490539	0.507829	0.432676	0.269748	0.0421759	-0.195366	-0.397644	-0.560121	-0.68545	-0.767784	-0.81086	-0.835822	-0.85114	-0.860317	-0.880222	-0.923023	
0	-0.157296	-0.272969	-0.321727	-0.285174	-0.156145	0.0460352	0.268635	0.45529	0.570274	0.595391	0.52175	0.345384	0.0954867	-0.169477	-0.39928	-0.587721	-0.740864	-0.851461	-0.918362	-0.961825	-0.992166	-1.01291	-1.03464	-1.06113	
0	-0.140976	-0.246397	-0.291662	-0.254075	-0.122962	0.0834988	0.310119	0.505565	0.630871	0.664691	0.588242	0.40184	0.140036	-0.139216	-0.387663	-0.602957	-0.784342	-0.921387	-1.00807	-1.06453	-1.10833	-1.13879	-1.16271	-1.17754	
0	-0.126692	-0.221313	-0.259372	-0.220868	-0.0907229	0.111387	0.339074	0.539089	0.67362	0.708985	0.627267	0.433279	0.168527	-0.116429	-0.381415	-0.622872	-0.829863	-0.988023	-1.08792	-1.15293	-1.20031	-1.23202	-1.25134	-1.25091	
0	-0.115399	-0.198269	-0.225697	-0.181896	-0.0539671	0.141209	0.36301	0.562093	0.695867	0.727577	0.637895	0.440769	0.175642	-0.11371	-0.395888	-0.65956	-0.886252	-1.05775	-1.16687	-1.23166	-1.27159	-1.28976	-1.29334	-1.26779	
0	-0.106628	-0.178612	-0.193964	-0.141056	-0.0124717	0.174934	0.384442	0.570791	0.693623	0.715938	0.621522	0.422662	0.157181	-0.13958	-0.43548	-0.713601	-0.949389	-1.12762	-1.23825	-1.29582	-1.31514	-1.30809	-1.28108	-1.21788	
0	-0.0992284	-0.163811	-0.167191	-0.10487	0.0301954	0.20879	0.400878	0.562512	0.665298	0.677322	0.579527	0.381821	0.1115	-0.190324	-0.494617	-0.775212	-1.01088	-1.18574	-1.291	-1.33241	-1.32473	-1.28127	-1.21198	-1.10337	
0	-0.0923311	-0.149372	-0.145856	-0.0700863	0.0698048	0.243326	0.410599	0.542669	0.61973	0.619639	0.51976	0.320465	0.0478053	-0.255527	-0.556881	-0.830222	-1.05533	-1.21689	-1.30679	-1.32861	-1.28931	-1.2056	-1.09046	-0.940037	
0	-0.083983	-0.135993	-0.123766	-0.0404364	0.106453	0.269433	0.414694	0.515972	0.567975	0.553599	0.447556	0.248133	-0.0230051	-0.318015	-0.607705	-0.86537	-1.07201	-1.21153	-1.2805	-1.28	-1.2106	-1.08778	-0.931795	-0.752285	
0	-0.0731702	-0.114581	-0.0952434	-0.00330333	0.141157	0.294614	0.418378	0.496377	0.523385	0.488605	0.371318	0.170834	-0.0915346	-0.371642	-0.644047	-0.880754	-1.0631	-1.17452	-1.21781	-1.19314	-1.09497	-0.940064	-0.756312	-0.556714	
0	-0.0607042	-0.0905889	-0.0626184	0.0295553	0.164967	0.303342	0.411496	0.472035	0.475152	0.415489	0.283601	0.0860651	-0.160349	-0.419568	-0.668798	-0.881405	-1.0351	-1.11657	-1.13111	-1.08144	-0.959563	-0.784454	-0.583867	-0.371649	
0	-0.0477059	-0.0649363	-0.0313456	0.054817	0.173012	0.29435	0.390157	0.436578	0.417268	0.330934	0.186841	-0.00495324	-0.231188	-0.46667	-0.68898	-0.873551	-0.998956	-1.04978	-1.03435	-0.958898	-0.82052	-0.634565	-0.424575	-0.203491	
0	-0.0350427	-0.0422501	-0.00725114	0.0663439	0.164595	0.268587	0.352986	0.387019	0.347759	0.243395	0.0933816	-0.0868604	-0.292485	-0.502367	-0.694524	-0.84994	-0.94763	-0.971796	-0.92819	-0.831523	-0.684156	-0.493222	-0.279199	-0.0577337	
0	-0.0222082	-0.0208699	0.0108801	0.071953	0.151884	0.241968	0.314165	0.335501	0.2843	0.17259	0.0285838	-0.139304	-0.324396	-0.511118	-0.673198	-0.800879	-0.874499	-0.876878	-0.811028	-0.700256	-0.547206	-0.354339	-0.141667	0.0667685	
0	-0.00825952	-0.00129585	0.0294559	0.0783922	0.149833	0.226795	0.288185	0.297093	0.242924	0.137756	0.00553211	-0.147775	-0.318296	-0.485586	-0.624123	-0.728152	-0.783093	-0.769541	-0.690673	-0.568156	-0.410557	-0.21499	-0.0120156	0.170552	
0	0.00392339	0.0186462	0.0475871	0.0943969	0.159335	0.23	0.277516	0.278633	0.227696	0.136999	0.0194454	-0.122239	-0.282546	-0.437956	-0.561391	-0.648568	-0.688197	-0.665836	-0.577171	-0.445872	-0.279499	-0.0851284	0.0995302	0.250874	
0	0.0131692	0.0330716	0.0666817	0.112079	0.177941	0.240511	0.280368	0.274865	0.23203	0.155206	0.0509489	-0.0821977	-0.235959	-0.385294	-0.501415	-0.576525	-0.60539	-0.574899	-0.479015	-0.336048	-0.162419	0.0238248	0.186519	0.304838	
0	0.0234406	0.0548931	0.0977471	0.150268	0.216969	0.278251	0.313554	0.307848	0.267845	0.198025	0.0965184	-0.0333734	-0.187002	-0.335122	-0.45139	-0.519394	-0.540032	-0.500682	-0.395559	-0.240913	-0.0658797	0.107494	0.245863	0.336145	
0	0.0383011	0.0862349	0.144257	0.206049	0.27667	0.339503	0.376805	0.37273	0.331184	0.25689	0.14871	0.014695	-0.140902	-0.289965	-0.408076	-0.474727	-0.488723	-0.44214	-0.327842	-0.171957	-0.00362158	0.149166	0.267389	0.334087	
0	0.0612535	0.131695	0.20656	0.279399	0.354507	0.421862	0.461486	0.455425	0.40468	0.313828	0.189369	0.0433089	-0.115115	-0.262281	-0.380395	-0.443934	-0.45337	-0.395928	-0.279417	-0.128503	0.0242307	0.158479	0.25967	0.307515	
0	0.0963598	0.194685	0.288437	0.371678	0.452989	0.523602	0.560497	0.545091	0.474357	0.359317	0.208103	0.0453642	-0.116064	-0.256313	-0.366302	-0.424662	-0.423797	-0.357719	-0.241151	-0.101338	0.0376245	0.159995	0.249956	0.286226	
0	0.146035	0.281237	0.39603	0.494372	0.582877	0.654352	0.680793	0.646473	0.550976	0.404308	0.222452	0.0369291	-0.128781	-0.259982	-0.358718	-0.40786	-0.398744	-0.328919	-0.218075	-0.0906299	0.0418138	0.159889	0.245353	0.281029	
0	0.209244	0.387159	0.528182	0.643687	0.741272	0.807638	0.816133	0.756876	0.634382	0.456273	0.244532	0.0354428	-0.133437	-0.256624	-0.339035	-0.376553	-0.360557	-0.292203	-0.192722	-0.0743092	0.0528907	0.168908	0.251343	0.289673	
0	0.28362	0.507058	0.678598	0.812401	0.917068	0.971035	0.956587	0.870599	0.721831	0.516404	0.276663	0.0490541	-0.126986	-0.241878	-0.307973	-0.329958	-0.306889	-0.243057	-0.151969	-0.0400469	0.0812025	0.192602	0.268786	0.309129	
