0.00105636	0	0	0	0	0	0	0	0	0	0	0	0	0	0	0	0	0	0	0	0	0	0	0	0	
0.103849	0.12249	0.134407	0.131904	0.114854	0.0861747	0.0482297	0.00347422	-0.0443543	-0.0941573	-0.144728	-0.192851	-0.236813	-0.275333	-0.305093	-0.322692	-0.328059	-0.319212	-0.30011	-0.274744	-0.243061	-0.206887	-0.164702	-0.115464	-0.0595361	
0.198591	0.219876	0.227367	0.215787	0.182395	0.128001	0.0580104	-0.0221128	-0.1056	-0.193976	-0.281707	-0.364745	-0.440476	-0.502335	-0.549966	-0.578753	-0.592426	-0.591412	-0.574281	-0.542355	-0.491574	-0.421332	-0.333749	-0.231679	-0.117583	
0.276727	0.286127	0.275897	0.23899	0.178871	0.100844	0.00839367	-0.0937145	-0.197659	-0.30399	-0.411138	-0.510898	-0.597238	-0.667514	-0.719966	-0.755503	-0.782299	-0.793344	-0.787324	-0.760076	-0.699405	-0.606564	-0.48325	-0.335662	-0.171097	
0.329394	0.315707	0.274057	0.206876	0.117747	0.0129658	-0.0978195	-0.211424	-0.321998	-0.434718	-0.540583	-0.633094	-0.711401	-0.772223	-0.823987	-0.863653	-0.897189	-0.918777	-0.917911	-0.891829	-0.829659	-0.727342	-0.587883	-0.415095	-0.212773	
0.347863	0.309053	0.237958	0.132467	0.00741805	-0.120922	-0.245345	-0.364122	-0.47156	-0.570617	-0.657491	-0.727096	-0.781191	-0.825978	-0.866044	-0.900363	-0.937053	-0.961171	-0.966651	-0.949983	-0.893931	-0.795204	-0.651242	-0.464046	-0.240119	
0.332928	0.262465	0.161219	0.0346153	-0.110062	-0.258854	-0.394128	-0.511655	-0.604384	-0.68136	-0.740765	-0.784625	-0.818489	-0.84174	-0.864746	-0.884519	-0.911675	-0.940275	-0.956423	-0.95384	-0.911435	-0.815842	-0.66965	-0.477835	-0.245325	
0.272199	0.183649	0.0702456	-0.0679956	-0.220884	-0.371382	-0.504334	-0.610773	-0.68333	-0.73501	-0.77157	-0.797985	-0.816211	-0.8271	-0.834594	-0.838444	-0.858242	-0.883735	-0.903517	-0.909346	-0.873564	-0.785471	-0.646295	-0.460939	-0.236887	
0.158975	0.0634287	-0.048665	-0.174037	-0.312087	-0.448146	-0.560946	-0.646367	-0.699993	-0.735881	-0.757604	-0.767215	-0.767541	-0.759081	-0.754461	-0.754703	-0.772801	-0.798874	-0.816252	-0.820593	-0.79161	-0.714526	-0.593252	-0.428889	-0.220777	
0.00276578	-0.0761017	-0.174425	-0.288747	-0.407444	-0.512146	-0.591457	-0.647641	-0.68048	-0.701419	-0.704277	-0.688519	-0.659209	-0.628322	-0.611296	-0.605654	-0.62654	-0.658568	-0.684446	-0.701741	-0.687345	-0.629262	-0.52981	-0.386573	-0.200229	
-0.167827	-0.228638	-0.309041	-0.401208	-0.494202	-0.56905	-0.615816	-0.64133	-0.644466	-0.632509	-0.603533	-0.558978	-0.505849	-0.452771	-0.414449	-0.396642	-0.41463	-0.457776	-0.507309	-0.553372	-0.569872	-0.536393	-0.457476	-0.336027	-0.172722	
-0.35326	-0.385123	-0.43627	-0.49932	-0.562879	-0.612011	-0.632929	-0.623001	-0.580618	-0.522576	-0.453736	-0.380185	-0.304895	-0.235104	-0.185086	-0.156875	-0.174179	-0.231747	-0.30807	-0.389823	-0.441927	-0.441437	-0.391849	-0.294036	-0.15296	
-0.531546	-0.540154	-0.554349	-0.577599	-0.607741	-0.625496	-0.613321	-0.564251	-0.479349	-0.376822	-0.268653	-0.163339	-0.0658953	0.0168806	0.0728741	0.0906395	0.0534237	-0.0287946	-0.134548	-0.24564	-0.332238	-0.368145	-0.349709	-0.275386	-0.147339	
-0.674532	-0.651563	-0.633278	-0.624415	-0.618486	-0.598767	-0.544797	-0.453946	-0.333535	-0.202242	-0.0686344	0.0621719	0.182314	0.273399	0.315145	0.304777	0.23418	0.116856	-0.0200774	-0.159113	-0.269774	-0.326608	-0.325568	-0.262514	-0.143143	
-0.74041	-0.689694	-0.646436	-0.614844	-0.580858	-0.521196	-0.42834	-0.307252	-0.168862	-0.0234627	0.124532	0.26499	0.383831	0.463183	0.488473	0.45146	0.349403	0.199232	0.0288053	-0.13371	-0.258322	-0.321162	-0.317709	-0.252655	-0.137255	
-0.729125	-0.650571	-0.587331	-0.535496	-0.477148	-0.398981	-0.293224	-0.163353	-0.0177022	0.134039	0.277017	0.402562	0.502113	0.560762	0.565192	0.507501	0.386439	0.214935	0.0238741	-0.153245	-0.284328	-0.345721	-0.335599	-0.262419	-0.142126	
-0.644749	-0.54964	-0.468457	-0.401381	-0.336583	-0.259976	-0.162423	-0.0401872	0.0953228	0.231043	0.353027	0.452373	0.524998	0.56281	0.553889	0.48516	0.355495	0.177638	-0.0199837	-0.201818	-0.336595	-0.402141	-0.389258	-0.304435	-0.167187	
-0.509554	-0.408289	-0.319645	-0.251689	-0.195439	-0.134078	-0.0536937	0.0488187	0.158068	0.264443	0.353946	0.426106	0.478289	0.499254	0.477537	0.397686	0.265181	0.0901807	-0.103535	-0.279339	-0.410042	-0.471539	-0.450405	-0.351708	-0.193398	
-0.334272	-0.238986	-0.161343	-0.113442	-0.0792885	-0.0394044	0.0176212	0.0913897	0.166528	0.240001	0.304554	0.358414	0.395492	0.40443	0.371721	0.283401	0.145149	-0.0312879	-0.221152	-0.38911	-0.504738	-0.549394	-0.50911	-0.388369	-0.212564	
-0.125038	-0.0473213	0.0025122	0.0155132	0.0144081	0.0217288	0.0434938	0.0848718	0.132821	0.187101	0.240008	0.2858	0.313553	0.311575	0.267949	0.164858	0.0147611	-0.168568	-0.360133	-0.517257	-0.613701	-0.632203	-0.563259	-0.419845	-0.225401	
0.105214	0.155805	0.169978	0.143529	0.103934	0.0684002	0.050521	0.0608178	0.0892809	0.133778	0.179081	0.218992	0.241054	0.231337	0.176217	0.0620087	-0.0992107	-0.290344	-0.483459	-0.63745	-0.719556	-0.719607	-0.629907	-0.461812	-0.247216	
0.328058	0.345169	0.325687	0.266807	0.19193	0.121395	0.0716991	0.0610702	0.0725601	0.100293	0.138236	0.173144	0.186739	0.169273	0.108307	-0.0121069	-0.179277	-0.37575	-0.572458	-0.725086	-0.805883	-0.801134	-0.700684	-0.517357	-0.276479	
0.520639	0.504586	0.457091	0.372236	0.275875	0.188552	0.127801	0.102448	0.0986222	0.115433	0.139084	0.161047	0.167955	0.147631	0.0831281	-0.0428214	-0.217391	-0.419271	-0.621312	-0.781699	-0.866028	-0.86318	-0.759106	-0.56185	-0.302221	
0.676222	0.636448	0.563875	0.461296	0.358057	0.270482	0.209468	0.184176	0.177223	0.183545	0.199776	0.215099	0.214103	0.185426	0.110212	-0.025104	-0.21025	-0.424813	-0.638631	-0.808717	-0.900857	-0.898446	-0.787474	-0.581403	-0.310326	
0.787017	0.739165	0.658237	0.550782	0.446295	0.362531	0.30901	0.29013	0.293055	0.309555	0.327849	0.340218	0.332169	0.288921	0.192366	0.0334832	-0.171703	-0.399995	-0.625143	-0.803286	-0.896387	-0.89089	-0.776248	-0.569905	-0.303768	
0.849251	0.809244	0.732238	0.631871	0.537496	0.463491	0.42256	0.420001	0.438718	0.465841	0.494565	0.513114	0.497412	0.431761	0.309577	0.130365	-0.0962434	-0.343762	-0.577408	-0.753861	-0.841472	-0.834784	-0.728256	-0.536698	-0.286382	
0.855709	0.830134	0.770972	0.691472	0.614058	0.558941	0.538648	0.553435	0.591267	0.637663	0.679689	0.695758	0.665591	0.586815	0.451244	0.251848	0.0040754	-0.255147	-0.490415	-0.666062	-0.756575	-0.756333	-0.662226	-0.489127	-0.260125	
0.821502	0.812442	0.778132	0.727156	0.678336	0.648555	0.645614	0.672904	0.724513	0.782755	0.827425	0.843652	0.816472	0.734695	0.589495	0.378107	0.122	-0.140375	-0.383463	-0.574233	-0.680348	-0.693114	-0.611496	-0.451375	-0.238627	
0.778709	0.786266	0.772873	0.747944	0.723278	0.711186	0.722194	0.760036	0.817191	0.873315	0.917389	0.938885	0.919793	0.841723	0.69285	0.480706	0.224952	-0.0459584	-0.302742	-0.509645	-0.63202	-0.65755	-0.589651	-0.441262	-0.234201	
0.731381	0.751511	0.75248	0.739755	0.727576	0.732903	0.757058	0.800551	0.854725	0.905463	0.947503	0.972375	0.954852	0.87383	0.730894	0.526077	0.268155	-0.0132821	-0.280456	-0.490911	-0.61682	-0.648302	-0.587866	-0.445538	-0.23846	
0.660225	0.683156	0.684835	0.677941	0.676702	0.687706	0.717733	0.766763	0.823582	0.880083	0.926251	0.945712	0.919506	0.835828	0.694981	0.491008	0.228795	-0.0540028	-0.313372	-0.519427	-0.643834	-0.670398	-0.603338	-0.452258	-0.240183	
0.555287	0.571609	0.572014	0.563893	0.559613	0.572837	0.605817	0.659377	0.724948	0.794528	0.848084	0.865477	0.833506	0.742018	0.587866	0.366223	0.102595	-0.164428	-0.404728	-0.592147	-0.699589	-0.705692	-0.619734	-0.457684	-0.239803	
0.43334	0.434981	0.422207	0.404865	0.39799	0.409081	0.442788	0.504178	0.582717	0.664704	0.719292	0.733981	0.70022	0.595308	0.418535	0.185843	-0.0724252	-0.326538	-0.546905	-0.704476	-0.773517	-0.749021	-0.644594	-0.470599	-0.248394	
0.290367	0.282252	0.262508	0.233825	0.213894	0.217356	0.252943	0.325327	0.4129	0.499084	0.556215	0.570959	0.528103	0.409151	0.225417	-0.00415628	-0.254175	-0.502327	-0.707331	-0.833046	-0.871848	-0.822587	-0.693837	-0.50066	-0.263105	
0.125641	0.113218	0.0891416	0.0541851	0.0324005	0.0369923	0.0709182	0.140638	0.225915	0.310518	0.370239	0.386876	0.340144	0.222097	0.045459	-0.177276	-0.420943	-0.657354	-0.845236	-0.955454	-0.979768	-0.914523	-0.761359	-0.53991	-0.28208	
-0.0561877	-0.0706647	-0.0929117	-0.124147	-0.137649	-0.126574	-0.0886949	-0.0170485	0.0614451	0.137777	0.192664	0.204971	0.156708	0.0476737	-0.112759	-0.325382	-0.559578	-0.776541	-0.948561	-1.05126	-1.06558	-0.987696	-0.821222	-0.583739	-0.305035	
-0.247302	-0.249051	-0.259302	-0.276153	-0.276636	-0.256047	-0.21072	-0.138915	-0.0630985	0.00784992	0.0554286	0.0576056	0.00486852	-0.094742	-0.248628	-0.452302	-0.666358	-0.865346	-1.02599	-1.11767	-1.11793	-1.02742	-0.854698	-0.612085	-0.321067	
-0.417977	-0.396314	-0.380798	-0.376429	-0.364512	-0.337639	-0.293196	-0.223655	-0.146819	-0.0749806	-0.0317872	-0.0358938	-0.0905516	-0.197391	-0.357301	-0.55104	-0.74943	-0.934228	-1.08172	-1.15582	-1.1408	-1.04564	-0.864815	-0.613837	-0.322411	
-0.560155	-0.508289	-0.466651	-0.439849	-0.414469	-0.384074	-0.334852	-0.259443	-0.177207	-0.10559	-0.062998	-0.0686425	-0.133196	-0.253949	-0.427888	-0.627599	-0.823763	-1.00043	-1.12663	-1.17375	-1.14075	-1.03145	-0.839996	-0.589301	-0.305996	
-0.678713	-0.602641	-0.536419	-0.490247	-0.447555	-0.395327	-0.330998	-0.246601	-0.158102	-0.0925985	-0.0587523	-0.0729526	-0.152784	-0.287595	-0.462997	-0.664238	-0.866776	-1.03515	-1.14602	-1.1791	-1.12641	-1.00072	-0.805758	-0.561289	-0.289286	
-0.770806	-0.67954	-0.59667	-0.522904	-0.452939	-0.381003	-0.29819	-0.203054	-0.113343	-0.0536072	-0.0339637	-0.0658824	-0.160152	-0.304824	-0.481394	-0.679108	-0.877076	-1.03328	-1.1306	-1.15884	-1.10247	-0.969008	-0.775958	-0.541243	-0.276523	
-0.831727	-0.73108	-0.633092	-0.539363	-0.449235	-0.353246	-0.247586	-0.143991	-0.0566203	-0.00309785	0.0038647	-0.046423	-0.154951	-0.308442	-0.492079	-0.686411	-0.867845	-1.00958	-1.09735	-1.12056	-1.06889	-0.943367	-0.75844	-0.531972	-0.272803	
-0.856345	-0.754338	-0.655968	-0.55442	-0.448491	-0.335836	-0.21706	-0.0995023	-0.00205968	0.0535505	0.0551415	-0.0104329	-0.131903	-0.291552	-0.481633	-0.675653	-0.848733	-0.986464	-1.07335	-1.09314	-1.04146	-0.926625	-0.753373	-0.529187	-0.271182	
-0.864465	-0.767494	-0.664567	-0.562101	-0.455385	-0.336517	-0.208326	-0.0752833	0.0343989	0.0961218	0.0979789	0.0325381	-0.0923884	-0.259883	-0.451565	-0.650874	-0.830949	-0.97231	-1.06376	-1.08476	-1.03101	-0.913965	-0.741198	-0.518159	-0.262343	
-0.860765	-0.774284	-0.678813	-0.578742	-0.465447	-0.337027	-0.2004	-0.064622	0.0506879	0.117709	0.119983	0.0619321	-0.0595312	-0.232841	-0.427903	-0.629872	-0.820002	-0.969641	-1.05715	-1.07732	-1.02309	-0.892334	-0.710706	-0.494962	-0.251571	
-0.835949	-0.769683	-0.683088	-0.583117	-0.470994	-0.340236	-0.199102	-0.0627851	0.0491279	0.113147	0.109468	0.0490152	-0.0659404	-0.234334	-0.424676	-0.618252	-0.805797	-0.953368	-1.03255	-1.0485	-0.994957	-0.865508	-0.685944	-0.477081	-0.245173	
-0.786647	-0.732734	-0.655352	-0.565019	-0.45832	-0.338068	-0.205544	-0.0778629	0.0189333	0.0735482	0.0663098	0.00134002	-0.114193	-0.271325	-0.452016	-0.630089	-0.790507	-0.919992	-0.987115	-0.993635	-0.938653	-0.821498	-0.660641	-0.458681	-0.231319	
-0.711002	-0.671446	-0.603013	-0.528176	-0.434067	-0.325397	-0.213821	-0.101082	-0.0182102	0.0167616	0.00196127	-0.0731588	-0.1982	-0.343371	-0.503156	-0.657695	-0.787387	-0.883407	-0.932126	-0.931712	-0.870951	-0.761541	-0.61503	-0.42636	-0.216119	
-0.612674	-0.592055	-0.542924	-0.487223	-0.409498	-0.314076	-0.213286	-0.114337	-0.0495487	-0.0344451	-0.071462	-0.160972	-0.284989	-0.422605	-0.564051	-0.696015	-0.801698	-0.868646	-0.899622	-0.885301	-0.816789	-0.702605	-0.55247	-0.383142	-0.197341	
-0.495992	-0.501026	-0.478633	-0.43979	-0.375426	-0.290144	-0.195426	-0.116605	-0.0737634	-0.0821114	-0.141987	-0.241992	-0.368446	-0.499488	-0.628114	-0.740731	-0.828471	-0.885454	-0.900121	-0.86084	-0.77868	-0.661532	-0.508219	-0.34377	-0.173578	
