0.0211568	0.086105	0.161105	0.232778	0.30537	0.373973	0.438273	0.498589	0.552952	0.597308	0.636137	0.665561	0.682292	0.693227	0.691513	0.683257	0.670717	0.650661	0.62875	0.599907	0.569525	0.536944	0.503918	0.466693	0.429986	
0	0.093816	0.182503	0.267786	0.353868	0.434207	0.514125	0.587437	0.653749	0.714045	0.764086	0.807001	0.840389	0.865895	0.880699	0.888732	0.890077	0.877214	0.86262	0.837755	0.80653	0.769121	0.725885	0.682134	0.6385	
0	0.0905027	0.181569	0.265724	0.353051	0.436074	0.514629	0.592879	0.66505	0.731874	0.795745	0.85332	0.903831	0.946927	0.980833	1.00659	1.02205	1.027	1.02431	1.00711	0.979844	0.94711	0.907989	0.86534	0.819514	
0	0.0764148	0.152427	0.22764	0.304772	0.377448	0.453358	0.529062	0.600373	0.673672	0.743204	0.808994	0.871403	0.92891	0.977554	1.02087	1.05537	1.07572	1.08896	1.08724	1.07912	1.06143	1.03269	0.99921	0.960069	
0	0.0567887	0.116712	0.173593	0.233083	0.294313	0.356366	0.421595	0.485267	0.552314	0.619001	0.685849	0.75381	0.814588	0.874631	0.928894	0.975054	1.01395	1.04786	1.07057	1.08298	1.08755	1.08048	1.06734	1.04033	
0	0.0377962	0.0780731	0.115528	0.157922	0.201516	0.24599	0.295725	0.343816	0.397671	0.454095	0.509133	0.566991	0.623835	0.680554	0.73883	0.793325	0.848447	0.898736	0.940901	0.979319	1.01083	1.028	1.03499	1.02672	
0	0.0173924	0.0353155	0.0550994	0.0768642	0.10103	0.126267	0.155234	0.184552	0.220962	0.25571	0.294805	0.340501	0.384573	0.437488	0.492742	0.550078	0.610331	0.671228	0.730892	0.787811	0.835756	0.87235	0.902312	0.916267	
0	-0.00330859	-0.00473602	-0.00762939	-0.00821076	-0.00641764	-0.00581169	0.0029839	0.0122654	0.0259821	0.0465042	0.0701674	0.102129	0.13677	0.181694	0.23234	0.285234	0.349023	0.410989	0.473889	0.533551	0.592365	0.645328	0.695823	0.737535	
0	-0.0277127	-0.0564218	-0.0809506	-0.104093	-0.124406	-0.13899	-0.148445	-0.155898	-0.152267	-0.145195	-0.1303	-0.106948	-0.077825	-0.03913	0.0041737	0.0509636	0.105263	0.156335	0.212883	0.275373	0.338781	0.40517	0.476181	0.544878	
0	-0.0461561	-0.0936587	-0.134665	-0.177072	-0.211372	-0.241331	-0.265842	-0.280994	-0.288193	-0.288582	-0.280651	-0.264519	-0.244445	-0.215382	-0.184661	-0.149025	-0.105997	-0.0602197	-0.00316347	0.0586441	0.126063	0.203019	0.283698	0.363026	
0	-0.0507142	-0.101508	-0.148384	-0.193405	-0.233781	-0.268477	-0.299216	-0.322409	-0.341154	-0.355399	-0.361931	-0.364162	-0.358977	-0.347257	-0.328787	-0.303044	-0.26413	-0.222562	-0.169167	-0.108368	-0.0397395	0.0355769	0.112654	0.189922	
0	-0.0361638	-0.0759133	-0.109399	-0.148058	-0.183371	-0.217521	-0.254615	-0.286557	-0.319412	-0.349803	-0.37198	-0.392891	-0.403999	-0.40766	-0.403792	-0.386072	-0.361174	-0.328041	-0.281663	-0.227176	-0.171771	-0.107033	-0.0444405	0.0219899	
0	-0.019355	-0.0411054	-0.0619923	-0.088094	-0.114989	-0.144373	-0.179112	-0.210639	-0.247776	-0.281381	-0.312431	-0.343712	-0.36615	-0.38372	-0.393411	-0.39264	-0.386289	-0.367593	-0.34092	-0.310462	-0.273192	-0.226634	-0.178389	-0.122264	
0	-0.01131	-0.0218916	-0.0359982	-0.0497741	-0.0673603	-0.0864767	-0.109057	-0.132618	-0.15984	-0.187576	-0.214843	-0.245732	-0.270137	-0.295757	-0.318686	-0.335052	-0.348942	-0.356256	-0.358038	-0.350962	-0.334841	-0.308607	-0.277407	-0.234844	
0	-0.00466782	-0.0100619	-0.0154784	-0.0223577	-0.030303	-0.0393852	-0.0511613	-0.0632605	-0.0797578	-0.0964161	-0.117177	-0.141393	-0.165173	-0.195965	-0.226856	-0.255202	-0.291509	-0.317457	-0.341481	-0.357893	-0.368054	-0.366105	-0.355662	-0.326903	
0	0.00165265	0.006587	0.00524847	0.00866376	0.00703553	0.00536497	0.0021999	-0.0046177	-0.0130175	-0.0256282	-0.0421829	-0.0622872	-0.0884794	-0.118833	-0.153217	-0.192326	-0.235342	-0.272723	-0.314605	-0.353291	-0.380529	-0.400295	-0.40403	-0.3937	
0	0.00634424	0.0168151	0.0197305	0.0281371	0.0318509	0.0327598	0.035253	0.0303755	0.0242173	0.014461	-0.00177267	-0.0217058	-0.0467609	-0.0772946	-0.113054	-0.152166	-0.193466	-0.238631	-0.284936	-0.326343	-0.360217	-0.390534	-0.409667	-0.417421	
0	0.00484349	0.00923146	0.0136442	0.018607	0.0211626	0.0241372	0.0255043	0.0226079	0.0191783	0.0116478	-0.00232534	-0.0168725	-0.037921	-0.0651583	-0.0924481	-0.124857	-0.161319	-0.19625	-0.230873	-0.263942	-0.295938	-0.328783	-0.354033	-0.377316	
0	-0.00364103	-0.00602465	-0.0096945	-0.011469	-0.0136877	-0.0153347	-0.0163685	-0.0192146	-0.0203917	-0.0257905	-0.032195	-0.0389096	-0.052982	-0.0652433	-0.0788867	-0.0988168	-0.113782	-0.13215	-0.151286	-0.175811	-0.199842	-0.230854	-0.262564	-0.306579	
0	-0.0109061	-0.0227793	-0.0316167	-0.0426977	-0.0490295	-0.0578265	-0.0624323	-0.0668384	-0.0711449	-0.0708908	-0.0724013	-0.0699386	-0.0664517	-0.0624342	-0.0560335	-0.0555802	-0.0507046	-0.057075	-0.0663154	-0.0824191	-0.106247	-0.140929	-0.187407	-0.242009	
0	-0.011018	-0.0282653	-0.0366341	-0.0532602	-0.0660103	-0.0771541	-0.0900222	-0.0977804	-0.101822	-0.10294	-0.0977507	-0.0871655	-0.0739086	-0.0580872	-0.0396687	-0.0265496	-0.0137202	-0.00951009	-0.0144658	-0.026804	-0.0563787	-0.0961405	-0.146966	-0.206692	
0	-0.012259	-0.026516	-0.0369563	-0.0518417	-0.0620076	-0.0725815	-0.0828007	-0.0876037	-0.0910968	-0.0933812	-0.0875038	-0.0820826	-0.0745312	-0.0586301	-0.0484817	-0.035458	-0.024535	-0.0234667	-0.0291612	-0.043336	-0.0730085	-0.108787	-0.158452	-0.218749	
0	-0.00931743	-0.0168626	-0.0252072	-0.0320847	-0.036338	-0.0425915	-0.0457825	-0.0480917	-0.0535624	-0.0542476	-0.056542	-0.0605006	-0.0601439	-0.0614807	-0.0675927	-0.0686975	-0.0768588	-0.0881037	-0.0991581	-0.115872	-0.142457	-0.172311	-0.215911	-0.264518	
0	0.000489662	0.00208862	0.00105207	0.00388977	0.00164325	0.00328548	0.00208767	-0.000354182	-0.00233414	-0.00841369	-0.0162111	-0.0289827	-0.0434362	-0.0646628	-0.0888001	-0.109531	-0.139373	-0.161816	-0.186277	-0.214335	-0.243362	-0.271151	-0.302605	-0.337719	
0	0.00506538	0.0137293	0.0164637	0.0247735	0.0279832	0.0325632	0.0343059	0.0329818	0.0293018	0.0190123	0.00554934	-0.0136729	-0.038814	-0.0663605	-0.0998494	-0.133661	-0.17593	-0.21425	-0.256398	-0.299417	-0.330427	-0.359572	-0.384013	-0.402808	
0	0.00555281	0.0152739	0.0172292	0.024604	0.0268241	0.0264962	0.026211	0.0207636	0.0112563	0.00199481	-0.0155429	-0.0343279	-0.0577345	-0.0888753	-0.122273	-0.165015	-0.208463	-0.254796	-0.299428	-0.341437	-0.370807	-0.401595	-0.415769	-0.414689	
0	0.00059014	-0.000691362	-0.00106998	-0.00285393	-0.00715184	-0.011108	-0.0171094	-0.0265121	-0.0359579	-0.0494696	-0.0679093	-0.0893081	-0.114448	-0.149495	-0.179696	-0.220259	-0.254979	-0.2928	-0.32678	-0.356713	-0.380088	-0.395266	-0.389582	-0.371419	
0	-0.00619225	-0.0197931	-0.0224578	-0.037244	-0.0459553	-0.0577729	-0.0739102	-0.0895302	-0.10787	-0.131533	-0.154385	-0.179979	-0.207817	-0.235444	-0.259843	-0.288471	-0.312296	-0.332373	-0.351855	-0.359143	-0.360477	-0.346235	-0.323824	-0.290695	
0	-0.0122995	-0.0281101	-0.0408951	-0.0627424	-0.0813099	-0.107293	-0.135702	-0.164076	-0.196871	-0.228821	-0.258413	-0.286866	-0.314903	-0.332586	-0.352735	-0.365299	-0.369032	-0.366624	-0.359577	-0.336045	-0.311775	-0.27859	-0.240317	-0.192458	
0	-0.0275692	-0.0509884	-0.0827723	-0.109787	-0.141214	-0.175703	-0.207882	-0.243819	-0.279124	-0.311942	-0.343299	-0.370959	-0.392576	-0.402688	-0.411677	-0.401106	-0.382266	-0.360007	-0.32152	-0.279519	-0.237465	-0.185952	-0.127686	-0.0669238	
0	-0.0451788	-0.0869379	-0.132063	-0.17029	-0.209961	-0.246222	-0.277986	-0.309724	-0.336834	-0.358622	-0.379292	-0.391651	-0.395734	-0.395087	-0.383516	-0.358402	-0.331154	-0.291968	-0.237561	-0.186395	-0.122941	-0.0494354	0.0200455	0.0912229	
0	-0.0510449	-0.102466	-0.149594	-0.19361	-0.235061	-0.267107	-0.296965	-0.317553	-0.331434	-0.338417	-0.338993	-0.331308	-0.3182	-0.302643	-0.274779	-0.24658	-0.211997	-0.161275	-0.108469	-0.0479477	0.0286654	0.104861	0.179554	0.260804	
0	-0.0402325	-0.0799926	-0.11742	-0.151173	-0.183303	-0.20594	-0.227142	-0.237909	-0.240761	-0.239631	-0.224917	-0.207629	-0.182422	-0.15075	-0.113451	-0.0749872	-0.026715	0.0253767	0.0772471	0.140854	0.210765	0.277084	0.356653	0.437929	
0	-0.0180887	-0.0351755	-0.0510701	-0.0660726	-0.0762232	-0.085921	-0.0895517	-0.0893048	-0.0838292	-0.0727925	-0.0528057	-0.0292639	0.00482517	0.0457794	0.0912114	0.14389	0.201394	0.257155	0.316802	0.379356	0.43874	0.499049	0.56664	0.626298	
0	0.00544263	0.0105944	0.0190616	0.0253149	0.039127	0.0486437	0.0665375	0.0841387	0.10411	0.132532	0.159506	0.196479	0.237471	0.283904	0.33681	0.394959	0.455762	0.51853	0.582321	0.644109	0.696491	0.748273	0.787865	0.815696	
0	0.0271507	0.0544074	0.0828598	0.112676	0.143839	0.177302	0.213766	0.25179	0.293503	0.339036	0.383908	0.436288	0.486099	0.540587	0.596522	0.65342	0.712072	0.770445	0.827063	0.8782	0.918594	0.952809	0.967285	0.970712	
0	0.0457596	0.0927965	0.139017	0.190084	0.238337	0.294311	0.348043	0.406208	0.467374	0.526053	0.589639	0.650178	0.709974	0.769942	0.825408	0.879359	0.928367	0.971387	1.00941	1.03511	1.05574	1.06486	1.0601	1.04708	
0	0.0648914	0.1304	0.196192	0.263335	0.330646	0.400155	0.468218	0.538775	0.608016	0.675686	0.745593	0.808672	0.872944	0.930143	0.981217	1.02508	1.05761	1.08155	1.09418	1.09584	1.09393	1.07698	1.05455	1.02454	
0	0.0840912	0.167439	0.250418	0.330249	0.410955	0.48649	0.562587	0.635618	0.705175	0.774534	0.837937	0.897202	0.951337	0.994957	1.03135	1.05599	1.07039	1.07535	1.0677	1.0544	1.02956	0.994139	0.957132	0.912119	
0	0.0913405	0.182067	0.271491	0.358747	0.444107	0.524618	0.603106	0.674395	0.740762	0.800967	0.850731	0.895605	0.929131	0.95505	0.972943	0.981039	0.981634	0.971456	0.951814	0.924225	0.883733	0.842531	0.798476	0.750884	
0	0.0861252	0.171691	0.256115	0.339252	0.418289	0.494534	0.564049	0.626517	0.681788	0.726464	0.762775	0.790457	0.807819	0.819214	0.821534	0.816606	0.804194	0.783215	0.757027	0.722966	0.685929	0.649473	0.60728	0.566488	
0	0.0728459	0.144232	0.213527	0.279231	0.340224	0.39713	0.446857	0.491903	0.529652	0.559681	0.583676	0.597332	0.603278	0.600278	0.58798	0.569609	0.545772	0.519804	0.493243	0.465635	0.440296	0.410535	0.377526	0.346316	
0	0.0480179	0.0947833	0.139003	0.179505	0.216289	0.247938	0.275005	0.297469	0.314027	0.326112	0.332343	0.331887	0.326761	0.314623	0.298	0.277884	0.25498	0.231589	0.207466	0.184722	0.162589	0.139867	0.121756	0.104966	
0	0.0158129	0.0313351	0.0454359	0.058016	0.0682452	0.0747675	0.0783344	0.0770058	0.0718911	0.0636419	0.0518669	0.0395589	0.0266603	0.0136653	0.00169185	-0.011202	-0.025681	-0.0424281	-0.0615296	-0.0808579	-0.0994843	-0.112645	-0.119971	-0.125841	
0	-0.0142516	-0.0285508	-0.0430107	-0.0575838	-0.0727934	-0.088478	-0.104925	-0.122614	-0.140634	-0.159668	-0.178986	-0.197477	-0.216013	-0.232814	-0.248167	-0.262359	-0.274669	-0.285653	-0.295265	-0.304012	-0.311854	-0.318389	-0.32589	-0.332308	
0	-0.034952	-0.0699358	-0.104425	-0.138465	-0.171519	-0.202835	-0.232588	-0.259848	-0.28502	-0.308676	-0.330735	-0.352579	-0.374358	-0.395456	-0.415847	-0.433645	-0.447322	-0.456463	-0.46115	-0.463121	-0.464423	-0.467977	-0.474061	-0.479649	
0	-0.0429094	-0.0856063	-0.127754	-0.169239	-0.209572	-0.248554	-0.285874	-0.320849	-0.353581	-0.383335	-0.409937	-0.433705	-0.454026	-0.471678	-0.486963	-0.49984	-0.511019	-0.520496	-0.527963	-0.5332	-0.536096	-0.536839	-0.535275	-0.533396	
0	-0.0419483	-0.08341	-0.124167	-0.163804	-0.202195	-0.239353	-0.274936	-0.308964	-0.341012	-0.370353	-0.396634	-0.418998	-0.437026	-0.451208	-0.461849	-0.47027	-0.478006	-0.48563	-0.493267	-0.500136	-0.504749	-0.505675	-0.503315	-0.500069	
0	-0.0335597	-0.0666916	-0.0990562	-0.130199	-0.159882	-0.187809	-0.213768	-0.237837	-0.259854	-0.280049	-0.298543	-0.315211	-0.330283	-0.343474	-0.354548	-0.363571	-0.370385	-0.375216	-0.378715	-0.38146	-0.383962	-0.386546	-0.389261	-0.391221	
0	-0.0177782	-0.0354787	-0.0529096	-0.0699214	-0.0862585	-0.101567	-0.115666	-0.128311	-0.139443	-0.149364	-0.158271	-0.166659	-0.175004	-0.183174	-0.191081	-0.19811	-0.203274	-0.206264	-0.207237	-0.20692	-0.206827	-0.208371	-0.211538	-0.214935	
