0.000856888	0	0	0	0	0	0	0	0	0	0	0	0	0	0	0	0	0	0	0	0	0	0	0	0	
0.0867114	0.0858428	0.0783905	0.064761	0.0434796	0.020578	-0.00355515	-0.0239372	-0.0399623	-0.0482919	-0.0451661	-0.0316045	-0.00991688	0.00232234	0.00516573	0.00520271	0.000770342	-0.0059545	-0.00826332	-0.00662502	-0.00200966	-0.000852613	-0.00826375	-0.00782832	-0.00159218	
0.17355	0.17061	0.15481	0.129554	0.0862655	0.0450189	-0.00403203	-0.0459238	-0.0760596	-0.0950439	-0.0893467	-0.0625215	-0.0245424	0.000810656	0.00878135	0.00716408	0.00352731	-0.00787127	-0.0154713	-0.00945239	-0.00300028	-0.00673017	-0.019139	-0.0167309	-0.00476723	
0.261638	0.258816	0.233546	0.191358	0.130601	0.0666248	-0.00655345	-0.0690201	-0.116942	-0.141111	-0.131618	-0.0933465	-0.0348154	0.00138768	0.0131929	0.0143186	0.00391342	-0.0147378	-0.0242535	-0.0189018	-0.0071296	-0.00710505	-0.0238398	-0.0216659	-0.00561943	
0.34466	0.343484	0.310703	0.254103	0.1759	0.0915133	-0.00234731	-0.087494	-0.150395	-0.182637	-0.173198	-0.122446	-0.0528999	-0.00522897	0.0140366	0.0159556	0.00705134	-0.0153471	-0.0291045	-0.0225983	-0.0108535	-0.0141217	-0.0338533	-0.0297088	-0.00734424	
0.425081	0.427863	0.388949	0.317982	0.220154	0.116694	0.000758997	-0.103472	-0.182756	-0.22364	-0.211178	-0.15157	-0.0693493	-0.011739	0.0141741	0.0193638	0.00828783	-0.017112	-0.0362609	-0.0303798	-0.0164699	-0.0213394	-0.0374049	-0.0312757	-0.00913052	
0.501048	0.510456	0.468551	0.380943	0.269084	0.141862	0.00927823	-0.114869	-0.21216	-0.260044	-0.249039	-0.180033	-0.0889927	-0.0220591	0.0111868	0.0213067	0.0107529	-0.0180129	-0.0388628	-0.0371069	-0.0265135	-0.0285907	-0.042259	-0.0357394	-0.0080802	
0.57068	0.588452	0.541893	0.444189	0.316827	0.171504	0.0228629	-0.121295	-0.232875	-0.291205	-0.2815	-0.206459	-0.112144	-0.037568	0.004247	0.0183918	0.0108404	-0.0154114	-0.0406869	-0.0423738	-0.034791	-0.0397832	-0.0468384	-0.0364583	-0.00848707	
0.637889	0.665336	0.615592	0.509554	0.368851	0.206441	0.0386193	-0.124884	-0.252044	-0.320772	-0.310882	-0.235198	-0.137267	-0.0539874	-0.00417135	0.0173757	0.0117977	-0.0137554	-0.0418309	-0.0498788	-0.0479069	-0.0511036	-0.0483885	-0.0349082	-0.00741855	
0.695725	0.732735	0.684318	0.571084	0.423642	0.243724	0.0598401	-0.121845	-0.264026	-0.33859	-0.33431	-0.261352	-0.165459	-0.0764804	-0.0169152	0.0107321	0.0100296	-0.0131404	-0.040418	-0.0540009	-0.0610831	-0.0601513	-0.0505423	-0.0363932	-0.0058595	
0.745275	0.796666	0.74884	0.637394	0.479124	0.287607	0.0856708	-0.114772	-0.266912	-0.352035	-0.35178	-0.289152	-0.197769	-0.102127	-0.0326424	0.00341492	0.00540597	-0.0115743	-0.0390554	-0.0598965	-0.0703758	-0.0704855	-0.0544173	-0.0330472	-0.00718594	
0.789307	0.853092	0.813425	0.702546	0.53777	0.334442	0.114022	-0.100547	-0.266052	-0.357127	-0.366348	-0.31722	-0.230911	-0.129788	-0.0482851	-0.00576627	0.00040524	-0.0140728	-0.0401811	-0.0642999	-0.0818612	-0.0778701	-0.0545281	-0.03259	-0.00910553	
0.822352	0.897838	0.870867	0.763006	0.595209	0.382958	0.1471	-0.0775109	-0.253653	-0.350689	-0.372137	-0.341359	-0.263999	-0.160123	-0.0705131	-0.0215441	-0.0118121	-0.0216016	-0.0408011	-0.0658598	-0.0852555	-0.0797823	-0.0566544	-0.0346837	-0.0166192	
0.846087	0.938905	0.925296	0.826726	0.65804	0.43572	0.188391	-0.0494893	-0.234496	-0.339738	-0.378727	-0.365521	-0.297809	-0.19248	-0.0926428	-0.0374699	-0.026211	-0.0291133	-0.0438715	-0.0696076	-0.0844392	-0.0808198	-0.0607007	-0.0370506	-0.0270276	
0.860607	0.966858	0.972543	0.883896	0.717056	0.489067	0.229482	-0.0141477	-0.207301	-0.320079	-0.376302	-0.381815	-0.325888	-0.222297	-0.118214	-0.0615468	-0.0454532	-0.0448369	-0.0532052	-0.0680884	-0.0800765	-0.0782565	-0.0589419	-0.0443344	-0.0437158	
0.862239	0.986082	1.01238	0.93794	0.777129	0.544082	0.278834	0.0279612	-0.16909	-0.292895	-0.368303	-0.39123	-0.350874	-0.252574	-0.150317	-0.0914324	-0.0718829	-0.0655713	-0.0615194	-0.0652402	-0.0673306	-0.0672065	-0.0609641	-0.0583703	-0.066728	
0.855006	0.999719	1.04683	0.988089	0.836843	0.600896	0.332244	0.076932	-0.12647	-0.262412	-0.356401	-0.397051	-0.369415	-0.281887	-0.183614	-0.121865	-0.0998217	-0.0865065	-0.0724231	-0.0632788	-0.0561646	-0.0600039	-0.0645289	-0.0748754	-0.0897948	
0.840654	1.00343	1.06755	1.029	0.884775	0.655132	0.386961	0.129059	-0.0748066	-0.225299	-0.333131	-0.385924	-0.377258	-0.304962	-0.218058	-0.163562	-0.136881	-0.11717	-0.0911588	-0.0585729	-0.0387296	-0.0450984	-0.0634622	-0.0942514	-0.122543	
0.81898	0.997239	1.08144	1.06126	0.932003	0.714407	0.448978	0.193438	-0.0181608	-0.184262	-0.303036	-0.372724	-0.380797	-0.327957	-0.259138	-0.204502	-0.173862	-0.147597	-0.102004	-0.0544767	-0.0270783	-0.0331703	-0.0706618	-0.120333	-0.155812	
0.795076	0.983319	1.08501	1.08105	0.970104	0.768793	0.509803	0.258932	0.0376086	-0.13876	-0.26449	-0.346257	-0.370036	-0.343498	-0.294237	-0.247208	-0.217342	-0.180572	-0.119657	-0.0564726	-0.0167435	-0.0252125	-0.0783993	-0.143117	-0.192458	
0.763312	0.961277	1.075	1.08876	1.0024	0.818317	0.575793	0.32726	0.0965524	-0.0840753	-0.218482	-0.308183	-0.350697	-0.35544	-0.326172	-0.291866	-0.263684	-0.213773	-0.138465	-0.0625537	-0.0125845	-0.0227445	-0.0873692	-0.16506	-0.231776	
0.728634	0.93021	1.05347	1.08769	1.0246	0.865687	0.641493	0.394811	0.161668	-0.0251211	-0.162724	-0.260022	-0.328014	-0.359128	-0.354669	-0.337959	-0.306236	-0.245628	-0.157334	-0.0686283	-0.0174031	-0.0325565	-0.102191	-0.192907	-0.275745	
0.693733	0.894924	1.0245	1.07818	1.03749	0.905925	0.699185	0.458631	0.224794	0.0380517	-0.0994931	-0.206998	-0.294386	-0.351317	-0.372318	-0.372773	-0.34498	-0.277894	-0.180668	-0.0888478	-0.0397493	-0.0523336	-0.118934	-0.217506	-0.309826	
0.655051	0.848811	0.986441	1.05468	1.03904	0.935105	0.748975	0.52099	0.29398	0.112745	-0.0260288	-0.145172	-0.254622	-0.334909	-0.384061	-0.404136	-0.380366	-0.310866	-0.20457	-0.113936	-0.0707217	-0.0793005	-0.145766	-0.247676	-0.342825	
0.613904	0.801497	0.943402	1.02506	1.0323	0.952598	0.789865	0.57769	0.36534	0.191806	0.0497554	-0.0825372	-0.208538	-0.30951	-0.382074	-0.418793	-0.407456	-0.337632	-0.233504	-0.154314	-0.113941	-0.122461	-0.182861	-0.274991	-0.370561	
0.570924	0.752908	0.896268	0.988687	1.01367	0.957009	0.817789	0.629308	0.43983	0.273876	0.129168	-0.0170818	-0.156526	-0.273782	-0.366153	-0.420649	-0.423371	-0.361631	-0.270372	-0.20193	-0.169075	-0.178886	-0.227359	-0.307734	-0.393272	
0.529216	0.704947	0.845965	0.944893	0.98143	0.945186	0.829907	0.675331	0.510933	0.357728	0.208604	0.0518824	-0.0949651	-0.22742	-0.332464	-0.406409	-0.427729	-0.38545	-0.316525	-0.2601	-0.236522	-0.242813	-0.277763	-0.343385	-0.407839	
0.487346	0.656591	0.794937	0.895125	0.941075	0.920809	0.835055	0.716915	0.581132	0.43974	0.285811	0.124611	-0.0316675	-0.171763	-0.287697	-0.378188	-0.419248	-0.408148	-0.363182	-0.32482	-0.309771	-0.311946	-0.340942	-0.383111	-0.416923	
0.453817	0.615297	0.747239	0.843373	0.892222	0.884829	0.828938	0.746834	0.638994	0.509679	0.358287	0.197659	0.0383806	-0.104527	-0.227315	-0.330573	-0.399428	-0.425592	-0.413643	-0.397175	-0.388145	-0.391167	-0.40793	-0.422384	-0.422451	
0.423859	0.576818	0.69772	0.786486	0.833509	0.838679	0.81242	0.762487	0.682671	0.567821	0.429432	0.275443	0.117579	-0.0249704	-0.153454	-0.270864	-0.373021	-0.441141	-0.466691	-0.472526	-0.469809	-0.471046	-0.472891	-0.458942	-0.418098	
0.396291	0.538333	0.64787	0.726761	0.771501	0.790846	0.788309	0.767454	0.709547	0.616663	0.498243	0.354542	0.203295	0.0593813	-0.0735266	-0.208046	-0.343716	-0.451948	-0.513574	-0.539525	-0.546969	-0.545519	-0.532244	-0.49352	-0.412626	
0.375213	0.507244	0.604097	0.672626	0.715074	0.743319	0.756633	0.751035	0.713108	0.646983	0.554036	0.430732	0.29008	0.150484	0.0143232	-0.13915	-0.306051	-0.451462	-0.547715	-0.600634	-0.62059	-0.616749	-0.589557	-0.518707	-0.399464	
0.354886	0.474073	0.558795	0.616158	0.657192	0.690096	0.708193	0.713023	0.696266	0.664373	0.605704	0.508838	0.384585	0.249989	0.104065	-0.0726027	-0.269028	-0.446962	-0.573482	-0.650472	-0.684099	-0.6764	-0.627038	-0.528077	-0.38003	
0.328693	0.43996	0.514641	0.567392	0.607708	0.638139	0.653305	0.661013	0.667687	0.670018	0.646873	0.580809	0.475041	0.344667	0.185571	-0.0140419	-0.234383	-0.433282	-0.581605	-0.680589	-0.724651	-0.712235	-0.645433	-0.52378	-0.35536	
0.303382	0.407857	0.47817	0.527714	0.564059	0.584049	0.586073	0.597093	0.623765	0.658326	0.671822	0.637372	0.554748	0.429165	0.256981	0.0400442	-0.194056	-0.405153	-0.567822	-0.683382	-0.741322	-0.728435	-0.648039	-0.511704	-0.327762	
0.273623	0.376185	0.443755	0.491588	0.517707	0.518778	0.508169	0.520563	0.566045	0.630121	0.678081	0.68006	0.622699	0.502871	0.323037	0.0935113	-0.151227	-0.368957	-0.541762	-0.669596	-0.731643	-0.715382	-0.625967	-0.476022	-0.283488	
0.233277	0.335897	0.406463	0.450188	0.462672	0.447422	0.427592	0.445824	0.505353	0.592079	0.670786	0.702536	0.665191	0.551946	0.368457	0.13455	-0.110238	-0.32758	-0.497838	-0.620307	-0.680291	-0.663749	-0.574157	-0.428102	-0.239246	
0.185742	0.295385	0.368022	0.405263	0.402733	0.373525	0.350281	0.368454	0.433253	0.533927	0.633022	0.688341	0.669784	0.569868	0.399123	0.175879	-0.0621941	-0.271332	-0.431496	-0.54347	-0.594581	-0.580108	-0.502279	-0.367172	-0.185226	
0.127864	0.241957	0.314098	0.340059	0.325519	0.292448	0.267653	0.284692	0.349558	0.45654	0.569146	0.63872	0.636389	0.559691	0.413264	0.210567	-0.0113258	-0.207574	-0.349522	-0.438792	-0.477706	-0.467077	-0.405008	-0.290345	-0.122367	
0.0506678	0.169475	0.235864	0.253514	0.237485	0.206771	0.183067	0.194091	0.252806	0.358898	0.471405	0.546009	0.561656	0.515454	0.406581	0.23682	0.0373846	-0.135979	-0.251495	-0.315591	-0.336216	-0.325967	-0.282011	-0.190366	-0.0440517	
-0.0459514	0.0703412	0.131028	0.147687	0.138937	0.116258	0.0908914	0.0937055	0.142755	0.236806	0.338017	0.410809	0.442857	0.434422	0.370547	0.241629	0.0805612	-0.0572862	-0.138041	-0.169593	-0.172792	-0.164599	-0.138396	-0.0766381	0.03753	
-0.161187	-0.0494325	0.00890189	0.033529	0.0377887	0.0190965	-0.0111818	-0.0205137	0.0100647	0.0820829	0.162643	0.230255	0.283882	0.316855	0.30437	0.23006	0.119515	0.0290848	-0.0120423	-0.0177289	-0.00689201	0.00180043	0.0144794	0.0511956	0.130822	
-0.286345	-0.18171	-0.118957	-0.0816145	-0.0686376	-0.0875835	-0.126005	-0.151621	-0.144753	-0.10209	-0.0443713	0.021597	0.0952747	0.168286	0.208455	0.192748	0.145625	0.111889	0.111452	0.132406	0.155781	0.166488	0.171744	0.185023	0.225749	
-0.408376	-0.304552	-0.231868	-0.184747	-0.168856	-0.193511	-0.243869	-0.290871	-0.31586	-0.305485	-0.267713	-0.204245	-0.112517	-0.00496513	0.0843054	0.133877	0.155629	0.181812	0.223628	0.267277	0.302319	0.318592	0.321323	0.317468	0.32038	
-0.498277	-0.389132	-0.30772	-0.257797	-0.246543	-0.28127	-0.348415	-0.425277	-0.485572	-0.50514	-0.486304	-0.425911	-0.325191	-0.193138	-0.0583697	0.0523121	0.142524	0.229581	0.313542	0.384566	0.435107	0.457727	0.456774	0.431862	0.394989	
-0.521845	-0.405966	-0.323151	-0.279914	-0.27973	-0.331229	-0.425922	-0.539522	-0.635502	-0.683173	-0.680471	-0.62888	-0.525607	-0.372668	-0.198882	-0.0315728	0.120009	0.259962	0.383865	0.481161	0.545034	0.568457	0.556637	0.509639	0.437645	
-0.467579	-0.352124	-0.277833	-0.24741	-0.263314	-0.339997	-0.467081	-0.615638	-0.740121	-0.806571	-0.819601	-0.777722	-0.673622	-0.506857	-0.303305	-0.0973916	0.0943939	0.271815	0.426701	0.548455	0.625122	0.647518	0.621511	0.549533	0.448844	
-0.350006	-0.240723	-0.17668	-0.15836	-0.193546	-0.296521	-0.451997	-0.625257	-0.765266	-0.847582	-0.875078	-0.843989	-0.743463	-0.56939	-0.354302	-0.133743	0.0762257	0.274089	0.451953	0.596347	0.686126	0.704198	0.657938	0.55965	0.431259	
-0.190257	-0.0862732	-0.0284014	-0.021964	-0.07593	-0.200831	-0.373259	-0.556059	-0.705752	-0.800087	-0.841196	-0.819862	-0.720898	-0.548689	-0.337758	-0.120678	0.0894894	0.294547	0.486641	0.646659	0.740676	0.747367	0.675101	0.542182	0.384057	
-0.0154893	0.0865024	0.137805	0.131883	0.0611972	-0.0747304	-0.247687	-0.430385	-0.580501	-0.681221	-0.726669	-0.702191	-0.60086	-0.432882	-0.234989	-0.0347276	0.162606	0.360837	0.549587	0.705971	0.791036	0.777463	0.673744	0.51103	0.330353	
