0.267423	0.343614	0.389288	0.407285	0.393432	0.331254	0.231011	0.116023	0.0249918	-0.0358814	-0.0667385	-0.0821928	-0.087589	-0.0883749	-0.101641	-0.123093	-0.148784	-0.184479	-0.23715	-0.31247	-0.386061	-0.450738	-0.483369	-0.471226	-0.423189	
0.246106	0.316801	0.361685	0.38663	0.379307	0.314497	0.209353	0.0925894	0.00594895	-0.0371196	-0.0538042	-0.0564377	-0.0533062	-0.0419361	-0.043711	-0.0619129	-0.0830209	-0.116881	-0.168129	-0.238605	-0.311704	-0.366924	-0.391771	-0.366362	-0.296767	
0.238599	0.298283	0.337052	0.361626	0.353196	0.295704	0.202626	0.104239	0.0307228	0.00303313	0.00184692	0.0161617	0.0364969	0.0648302	0.0734309	0.0621867	0.0439028	0.0201511	-0.0287479	-0.102855	-0.180222	-0.231914	-0.247417	-0.21218	-0.123207	
0.270888	0.315599	0.343105	0.357108	0.339742	0.291259	0.218138	0.143369	0.0914624	0.0805171	0.104177	0.138915	0.182463	0.224262	0.246336	0.248611	0.238869	0.219883	0.164653	0.084977	0.00824491	-0.049471	-0.0658392	-0.0318072	0.0644536	
0.343808	0.381382	0.40108	0.401487	0.372538	0.324578	0.269601	0.218917	0.198644	0.208165	0.250148	0.303918	0.364442	0.420294	0.45432	0.47128	0.477844	0.463529	0.407272	0.316443	0.229676	0.165255	0.141091	0.167694	0.25519	
0.451702	0.489599	0.507273	0.493123	0.450165	0.400274	0.358165	0.332766	0.33885	0.365587	0.419344	0.485123	0.552329	0.615833	0.66644	0.707842	0.731003	0.720109	0.652568	0.550712	0.454726	0.386685	0.350954	0.36649	0.44228	
0.573168	0.613579	0.627269	0.602484	0.552305	0.505325	0.46994	0.461859	0.480626	0.517958	0.570834	0.636619	0.702494	0.772339	0.841689	0.90896	0.949704	0.940732	0.86226	0.758664	0.664097	0.592383	0.540288	0.535329	0.591265	
0.677543	0.716562	0.725568	0.699927	0.653867	0.61095	0.578535	0.573755	0.596352	0.631136	0.673644	0.727493	0.787071	0.857135	0.938964	1.02254	1.08258	1.08429	1.02365	0.93384	0.84345	0.758568	0.690287	0.66662	0.697468	
0.737227	0.771674	0.780278	0.759691	0.720107	0.681257	0.650858	0.64642	0.664159	0.692179	0.721985	0.758738	0.801212	0.856636	0.937756	1.02945	1.10858	1.13701	1.11012	1.04529	0.963823	0.879736	0.806161	0.766296	0.77361	
0.735114	0.76535	0.774792	0.758985	0.723944	0.688135	0.66177	0.657313	0.669929	0.689705	0.703733	0.717724	0.741559	0.776774	0.843629	0.932431	1.02539	1.08665	1.09456	1.06645	1.01103	0.942503	0.877804	0.835483	0.822351	
0.666514	0.692365	0.699289	0.688485	0.656411	0.624618	0.605037	0.599081	0.605296	0.613816	0.612434	0.608977	0.613232	0.629011	0.672857	0.748525	0.843375	0.929317	0.980776	0.993473	0.974468	0.935399	0.899144	0.867711	0.843727	
0.546988	0.563151	0.568714	0.561967	0.534556	0.507242	0.491546	0.480118	0.476332	0.473047	0.463308	0.44736	0.431123	0.426435	0.448742	0.514208	0.604121	0.704548	0.78792	0.840461	0.865877	0.871351	0.86932	0.860175	0.839048	
0.379651	0.38706	0.392119	0.389711	0.372214	0.35016	0.335206	0.319332	0.308629	0.29987	0.276383	0.240648	0.203266	0.183765	0.19375	0.244685	0.329187	0.438462	0.542358	0.633696	0.709375	0.766556	0.800627	0.819536	0.818652	
0.192986	0.196227	0.197018	0.197491	0.187391	0.172804	0.160892	0.144796	0.131109	0.113203	0.0750665	0.0187971	-0.0424573	-0.0733535	-0.0688905	-0.0238896	0.0490336	0.154734	0.280353	0.411895	0.533877	0.635031	0.711891	0.769211	0.793584	
0.0115232	0.0115794	0.00912894	0.0079779	0.00381058	-0.000162997	-0.00908709	-0.0184691	-0.0359002	-0.0634499	-0.116515	-0.194121	-0.271633	-0.314975	-0.315781	-0.27953	-0.213145	-0.105962	0.0331544	0.194467	0.361343	0.512359	0.629947	0.719124	0.770732	
-0.165121	-0.160724	-0.16304	-0.163943	-0.160012	-0.154617	-0.154709	-0.157793	-0.175473	-0.21276	-0.281765	-0.377667	-0.467	-0.52153	-0.530502	-0.509521	-0.445751	-0.333589	-0.179581	0.00739306	0.209	0.401611	0.557464	0.677364	0.757775	
-0.325471	-0.313399	-0.310242	-0.305625	-0.294792	-0.278404	-0.265825	-0.259879	-0.278489	-0.327864	-0.404483	-0.505604	-0.601577	-0.675	-0.702347	-0.689799	-0.62823	-0.516159	-0.356332	-0.153201	0.0725767	0.294914	0.488481	0.641638	0.747643	
-0.472061	-0.452219	-0.436897	-0.419185	-0.395102	-0.364126	-0.339023	-0.32482	-0.346227	-0.401475	-0.485143	-0.58871	-0.691468	-0.78175	-0.831214	-0.831086	-0.77187	-0.655953	-0.493635	-0.289325	-0.0513906	0.196268	0.42014	0.599256	0.729269	
-0.596078	-0.572624	-0.545175	-0.510801	-0.468018	-0.42215	-0.382347	-0.364279	-0.384964	-0.443499	-0.53108	-0.636666	-0.748305	-0.85553	-0.924713	-0.934489	-0.878944	-0.766863	-0.605341	-0.398442	-0.153133	0.107914	0.350093	0.550487	0.70034	
-0.685782	-0.665431	-0.634649	-0.586715	-0.525339	-0.465081	-0.411613	-0.390808	-0.409557	-0.467178	-0.555481	-0.659564	-0.779725	-0.900201	-0.982677	-0.998849	-0.951369	-0.847994	-0.685167	-0.473451	-0.227929	0.0356616	0.291126	0.505425	0.662912	
-0.742063	-0.734967	-0.708443	-0.653211	-0.57675	-0.501627	-0.442298	-0.417404	-0.430182	-0.478883	-0.564087	-0.669729	-0.79353	-0.914343	-1.00408	-1.02824	-0.99266	-0.893403	-0.729273	-0.51737	-0.271387	-0.00867064	0.242402	0.454314	0.614162	
-0.7605	-0.766164	-0.747961	-0.694723	-0.613471	-0.534573	-0.472184	-0.441511	-0.444263	-0.4814	-0.558624	-0.660181	-0.779785	-0.896161	-0.981636	-1.01142	-0.986002	-0.898713	-0.741414	-0.53314	-0.294663	-0.0426111	0.198556	0.401809	0.558374	
-0.743478	-0.753742	-0.74227	-0.698579	-0.62594	-0.552166	-0.487409	-0.450578	-0.443213	-0.476655	-0.546931	-0.642486	-0.751621	-0.855718	-0.929972	-0.961759	-0.945584	-0.874993	-0.729456	-0.528241	-0.301646	-0.0679661	0.156255	0.347631	0.499032	
-0.690085	-0.70173	-0.693079	-0.663249	-0.605626	-0.537312	-0.477683	-0.435122	-0.429691	-0.465731	-0.534299	-0.62667	-0.721156	-0.809233	-0.873109	-0.905459	-0.894415	-0.827787	-0.696127	-0.511911	-0.296798	-0.0768081	0.126576	0.299982	0.443647	
-0.59056	-0.60313	-0.597929	-0.579043	-0.537784	-0.483755	-0.432453	-0.396101	-0.398613	-0.442284	-0.509111	-0.594468	-0.681719	-0.75977	-0.80883	-0.83119	-0.815332	-0.755946	-0.635889	-0.466048	-0.270062	-0.0712671	0.120356	0.287139	0.424827	
-0.453811	-0.468316	-0.461941	-0.448603	-0.42185	-0.385363	-0.347525	-0.32179	-0.332111	-0.383012	-0.454578	-0.542423	-0.627833	-0.693226	-0.725705	-0.732787	-0.70737	-0.646313	-0.535364	-0.380244	-0.202321	-0.0170182	0.163188	0.322165	0.446417	
-0.277713	-0.295804	-0.291383	-0.283752	-0.267675	-0.243317	-0.217675	-0.202185	-0.220284	-0.273787	-0.350009	-0.440846	-0.524335	-0.57641	-0.595225	-0.589769	-0.558854	-0.494297	-0.389557	-0.252241	-0.0911991	0.0821263	0.251744	0.399747	0.510188	
-0.0805909	-0.105099	-0.109475	-0.10315	-0.0893947	-0.0701352	-0.0532567	-0.0503983	-0.0711675	-0.12081	-0.192948	-0.279438	-0.361707	-0.405353	-0.41707	-0.400952	-0.369273	-0.309536	-0.213057	-0.0929226	0.0431413	0.193561	0.3532	0.498032	0.60427	
0.111358	0.0835076	0.0752739	0.0850562	0.102969	0.11581	0.123021	0.116955	0.100666	0.0635594	-0.00351981	-0.0860769	-0.161274	-0.195268	-0.198984	-0.179332	-0.14844	-0.0941032	-0.0162373	0.0809912	0.18822	0.315713	0.460414	0.601644	0.708165	
0.273573	0.251307	0.247106	0.259255	0.27411	0.281934	0.285591	0.280368	0.271719	0.241761	0.18508	0.113845	0.0557942	0.0339608	0.038204	0.0620446	0.0909606	0.130792	0.187154	0.257197	0.340925	0.444463	0.569335	0.700482	0.81399	
0.379539	0.371112	0.37175	0.382557	0.391223	0.399059	0.405946	0.407409	0.403185	0.380012	0.337648	0.290471	0.260655	0.255739	0.270073	0.298281	0.325038	0.353947	0.393952	0.44136	0.495597	0.565373	0.672356	0.797839	0.916697	
0.41657	0.420324	0.428858	0.4379	0.442865	0.451103	0.462122	0.471658	0.474102	0.462657	0.439039	0.424544	0.428799	0.444733	0.476967	0.515158	0.552218	0.577009	0.593258	0.617706	0.647278	0.692564	0.774897	0.885404	1.00722	
0.363049	0.376441	0.396486	0.404586	0.404069	0.413894	0.43048	0.454879	0.469355	0.469968	0.471628	0.493552	0.533441	0.579309	0.636098	0.692983	0.739815	0.761078	0.761959	0.762821	0.773578	0.806018	0.866879	0.957975	1.07219	
0.219253	0.238745	0.258947	0.26316	0.259768	0.272623	0.301293	0.340128	0.370328	0.389954	0.420684	0.481409	0.56122	0.64541	0.728108	0.798208	0.852247	0.873589	0.868763	0.855586	0.852141	0.868002	0.913355	0.990893	1.09784	
0.0251865	0.0328485	0.0409442	0.0384364	0.0337452	0.0510639	0.0843098	0.128345	0.170451	0.219031	0.287207	0.387406	0.507265	0.629617	0.738835	0.829881	0.895774	0.923008	0.905339	0.878878	0.866661	0.877244	0.90619	0.967496	1.07345	
-0.191453	-0.210387	-0.223376	-0.235761	-0.24316	-0.229711	-0.202215	-0.161313	-0.102249	-0.0207723	0.0857847	0.221142	0.378963	0.539643	0.679984	0.791786	0.86351	0.894003	0.873501	0.836185	0.814376	0.823067	0.844718	0.901249	1.00685	
-0.391655	-0.439071	-0.48247	-0.512179	-0.529523	-0.531864	-0.51839	-0.485687	-0.411035	-0.303278	-0.163965	0.00379501	0.199561	0.398814	0.569682	0.692471	0.770187	0.800949	0.784238	0.740831	0.71408	0.712729	0.730397	0.784766	0.893925	
-0.52118	-0.597991	-0.676744	-0.733583	-0.774026	-0.800515	-0.811788	-0.790984	-0.722233	-0.596391	-0.423256	-0.224011	0.00198252	0.231629	0.427804	0.565965	0.646758	0.680619	0.661033	0.61478	0.581612	0.566889	0.582184	0.638754	0.751685	
-0.571979	-0.675458	-0.786936	-0.87505	-0.944823	-1.00511	-1.04459	-1.0452	-0.990145	-0.856253	-0.665649	-0.444587	-0.195825	0.0558473	0.266668	0.410769	0.496498	0.53426	0.518074	0.471535	0.426591	0.407166	0.425568	0.487892	0.606102	
-0.543418	-0.665173	-0.80206	-0.924472	-1.02782	-1.126	-1.19833	-1.22778	-1.1906	-1.06269	-0.874671	-0.6389	-0.373935	-0.110361	0.105475	0.251812	0.339616	0.37347	0.367842	0.327279	0.276162	0.256897	0.276996	0.346347	0.465298	
-0.450365	-0.582874	-0.736221	-0.888354	-1.02777	-1.16206	-1.26565	-1.32442	-1.31178	-1.2097	-1.02592	-0.780661	-0.510885	-0.252754	-0.0406639	0.108341	0.193184	0.228482	0.230481	0.193854	0.151081	0.130692	0.15237	0.233151	0.356055	
-0.330333	-0.466017	-0.622597	-0.792564	-0.962404	-1.12631	-1.25587	-1.33942	-1.35336	-1.28236	-1.11022	-0.867652	-0.601798	-0.356081	-0.156486	-0.0168656	0.0703927	0.114007	0.120047	0.0861173	0.0546712	0.0404817	0.0713071	0.154661	0.284341	
-0.21054	-0.339185	-0.490207	-0.671129	-0.857373	-1.03503	-1.18404	-1.28885	-1.32622	-1.26992	-1.11657	-0.890376	-0.637272	-0.407248	-0.225059	-0.0969652	-0.0137953	0.0238103	0.0272626	0.0124703	-0.00844069	-0.0169289	0.0189839	0.10154	0.230859	
-0.104007	-0.217005	-0.36057	-0.536691	-0.723089	-0.902474	-1.06184	-1.18147	-1.23064	-1.18837	-1.05502	-0.84801	-0.614611	-0.4083	-0.249242	-0.132247	-0.0571187	-0.0298572	-0.0293881	-0.0344844	-0.0481636	-0.0500897	-0.0158809	0.0643164	0.193012	
-0.0190181	-0.116361	-0.24644	-0.399098	-0.572381	-0.7473	-0.907896	-1.02388	-1.07586	-1.05152	-0.937884	-0.749266	-0.545096	-0.371418	-0.235872	-0.133404	-0.0751324	-0.0604016	-0.0603163	-0.0647678	-0.0725805	-0.0686418	-0.0369965	0.0411075	0.163482	
0.0454705	-0.0368227	-0.143537	-0.271755	-0.422364	-0.579929	-0.728746	-0.83816	-0.891204	-0.873972	-0.772901	-0.618092	-0.453354	-0.310125	-0.193046	-0.113152	-0.080745	-0.0762253	-0.0817692	-0.083618	-0.0837011	-0.080698	-0.0528851	0.0233851	0.13321	
0.0941919	0.0315124	-0.0499897	-0.155652	-0.278752	-0.4093	-0.537961	-0.641215	-0.693457	-0.677761	-0.592414	-0.472143	-0.349671	-0.236058	-0.142681	-0.0839365	-0.066869	-0.0732093	-0.0849802	-0.0855523	-0.0851965	-0.0839427	-0.0542821	0.0169272	0.107864	
0.115293	0.0709884	0.0121142	-0.0650034	-0.157656	-0.26048	-0.366577	-0.448858	-0.490037	-0.481726	-0.422096	-0.328739	-0.242113	-0.164992	-0.100951	-0.0561099	-0.0501759	-0.0679597	-0.0787623	-0.0740254	-0.0774607	-0.0750871	-0.0430173	0.0174738	0.0875011	
0.105602	0.0775403	0.0405896	-0.0097229	-0.073731	-0.142671	-0.219921	-0.278852	-0.306182	-0.304251	-0.264548	-0.205583	-0.149852	-0.103142	-0.0607295	-0.0321481	-0.0365694	-0.0509417	-0.0568743	-0.0544484	-0.0609652	-0.0543745	-0.0271605	0.0125909	0.0662085	
0.0641589	0.0529038	0.0351732	0.00756585	-0.0277882	-0.057606	-0.096891	-0.130936	-0.14907	-0.145977	-0.12155	-0.0942832	-0.0715961	-0.0502255	-0.0268178	-0.0118233	-0.0165371	-0.0265364	-0.0298595	-0.0293147	-0.0331101	-0.026814	-0.0112311	0.00761934	0.0367344	
