-0.0870639	-0.0877524	-0.0827978	-0.0827033	-0.0939299	-0.118833	-0.139477	-0.136495	-0.120559	-0.115514	-0.133764	-0.184845	-0.275296	-0.388799	-0.492118	-0.56366	-0.598402	-0.591217	-0.53736	-0.449809	-0.359044	-0.288395	-0.234897	-0.177018	-0.0978404	
-0.0895615	-0.0864507	-0.0822242	-0.0858396	-0.102067	-0.127906	-0.14184	-0.132034	-0.117198	-0.119639	-0.148574	-0.212454	-0.312334	-0.424694	-0.516366	-0.570699	-0.58399	-0.54993	-0.466974	-0.355273	-0.250011	-0.175004	-0.128032	-0.0910058	-0.0490703	
-0.0904281	-0.0847233	-0.0828599	-0.0911017	-0.111684	-0.135749	-0.141357	-0.126618	-0.115946	-0.127897	-0.168885	-0.245664	-0.352439	-0.459733	-0.536891	-0.572349	-0.562605	-0.500626	-0.389416	-0.255942	-0.138092	-0.0589259	-0.0177025	-0.00136446	0.00205081	
-0.0895831	-0.0832284	-0.0853712	-0.0986516	-0.121973	-0.141242	-0.13804	-0.121422	-0.118078	-0.141296	-0.195352	-0.284198	-0.394256	-0.492258	-0.552294	-0.567304	-0.53297	-0.442584	-0.304952	-0.152853	-0.0246196	0.0583638	0.094395	0.0901896	0.0543868	
-0.0872992	-0.0830103	-0.0903626	-0.10821	-0.131702	-0.143445	-0.132532	-0.118012	-0.124913	-0.160776	-0.228349	-0.327226	-0.435973	-0.520463	-0.561142	-0.55417	-0.493831	-0.375339	-0.214172	-0.0472204	0.0890021	0.175217	0.206194	0.18149	0.106497	
-0.0848151	-0.0851529	-0.0979896	-0.118951	-0.139421	-0.141929	-0.126191	-0.118207	-0.137707	-0.187108	-0.267787	-0.373276	-0.475397	-0.542497	-0.561978	-0.531496	-0.444077	-0.2988	-0.118	0.0596256	0.201342	0.289816	0.315262	0.269957	0.156678	
-0.0835548	-0.0903309	-0.107926	-0.129574	-0.143751	-0.137076	-0.121059	-0.123887	-0.157538	-0.220757	-0.31293	-0.420192	-0.510084	-0.556555	-0.55333	-0.497835	-0.382879	-0.213346	-0.0176721	0.166305	0.310963	0.40016	0.418829	0.35269	0.203045	
-0.0851013	-0.0988625	-0.119236	-0.138364	-0.143799	-0.130326	-0.119676	-0.136751	-0.185181	-0.261687	-0.362226	-0.465209	-0.537527	-0.560943	-0.533711	-0.451844	-0.309866	-0.119894	0.0853205	0.27145	0.41641	0.504057	0.513866	0.426616	0.243656	
-0.0909862	-0.110108	-0.130234	-0.143627	-0.13972	-0.124211	-0.12471	-0.158091	-0.220987	-0.309141	-0.413201	-0.505134	-0.555354	-0.5541	-0.501636	-0.39246	-0.225294	-0.0199019	0.189335	0.373743	0.516171	0.599114	0.597207	0.4887	0.27667	
-0.101245	-0.122314	-0.13901	-0.144331	-0.133045	-0.122063	-0.138519	-0.188618	-0.264715	-0.361405	-0.462508	-0.536644	-0.561489	-0.53457	-0.455695	-0.319117	-0.130172	0.084706	0.292689	0.471907	0.608592	0.682761	0.665737	0.536209	0.300532	
-0.114239	-0.133409	-0.143953	-0.140563	-0.126766	-0.127515	-0.162728	-0.228329	-0.315316	-0.415641	-0.506149	-0.556627	-0.554218	-0.500961	-0.394719	-0.231994	-0.026307	0.19169	0.393752	0.564636	0.691798	0.752318	0.716627	0.566985	0.314148	
-0.12761	-0.141434	-0.144054	-0.134057	-0.125145	-0.14376	-0.197874	-0.276407	-0.370695	-0.467893	-0.539891	-0.562497	-0.532158	-0.451954	-0.318036	-0.132236	0.083777	0.298698	0.490987	0.650473	0.763622	0.805131	0.747618	0.579727	0.317045	
-0.138713	-0.144653	-0.139687	-0.128608	-0.132912	-0.172707	-0.243269	-0.331127	-0.427508	-0.513332	-0.559798	-0.552358	-0.494138	-0.386425	-0.225813	-0.0220561	0.197059	0.403464	0.582898	0.72765	0.821608	0.838795	0.757314	0.574202	0.309467	
-0.14467	-0.142553	-0.133619	-0.129588	-0.153935	-0.214429	-0.297088	-0.389698	-0.481116	-0.5468	-0.562741	-0.524968	-0.439097	-0.303728	-0.119389	0.0953386	0.310345	0.503935	0.667878	0.793959	0.863123	0.851442	0.745445	0.551364	0.292391	
-0.144144	-0.137268	-0.13086	-0.14248	-0.190046	-0.267147	-0.356491	-0.448052	-0.525856	-0.563567	-0.546703	-0.479526	-0.366128	-0.204137	-0.00146584	0.216048	0.420607	0.598259	0.743993	0.846703	0.885607	0.842077	0.713046	0.513346	0.267459	
-0.139336	-0.13324	-0.137389	-0.171349	-0.240456	-0.327516	-0.417613	-0.500789	-0.555721	-0.560075	-0.510739	-0.415412	-0.274782	-0.0893222	0.123953	0.335957	0.525231	0.684601	0.808768	0.882831	0.886957	0.810894	0.662503	0.463297	0.236811	
-0.134721	-0.13603	-0.158981	-0.21754	-0.301643	-0.391047	-0.475501	-0.541488	-0.565355	-0.534393	-0.45462	-0.332123	-0.165624	0.0373483	0.25198	0.451267	0.622039	0.760831	0.859111	0.899268	0.865994	0.759497	0.597429	0.405073	0.202856	
-0.135661	-0.152044	-0.199534	-0.278439	-0.367953	-0.452614	-0.524096	-0.563469	-0.551037	-0.486154	-0.378371	-0.229586	-0.0408828	0.170886	0.377538	0.558876	0.709036	0.824211	0.891458	0.89346	0.822919	0.690962	0.522367	0.342844	0.168006	
-0.148565	-0.186984	-0.258475	-0.347555	-0.433069	-0.506632	-0.556368	-0.560988	-0.511321	-0.416	-0.28205	-0.10888	0.0951232	0.305276	0.496126	0.656406	0.783954	0.87125	0.902247	0.864023	0.759633	0.609665	0.442341	0.280645	0.134423	
-0.179329	-0.242656	-0.329637	-0.41669	-0.491171	-0.54659	-0.565057	-0.530636	-0.446923	-0.324792	-0.166111	0.0268813	0.236142	0.434489	0.604337	0.741815	0.843786	0.897921	0.88865	0.811353	0.679796	0.520889	0.362323	0.22197	0.103816	
-0.231441	-0.314672	-0.403075	-0.478592	-0.536499	-0.564734	-0.544437	-0.472239	-0.359716	-0.213192	-0.0324066	0.172014	0.37491	0.553541	0.69981	0.812707	0.884609	0.900323	0.849446	0.738	0.588575	0.430246	0.286713	0.169461	0.0773265	
-0.303407	-0.392187	-0.468982	-0.527728	-0.561858	-0.553354	-0.492462	-0.388315	-0.25138	-0.0822482	0.114571	0.318667	0.504624	0.659075	0.780561	0.865704	0.901956	0.8757	0.785758	0.64865	0.492062	0.343026	0.218913	0.124755	0.0555001	
-0.384428	-0.462173	-0.521074	-0.558136	-0.558406	-0.507912	-0.411501	-0.282032	-0.122947	0.0649691	0.267177	0.458358	0.620307	0.749035	0.843962	0.896328	0.891817	0.82355	0.70139	0.549636	0.396491	0.26359	0.161084	0.0884798	0.0383542	
-0.458071	-0.516729	-0.554814	-0.560815	-0.518996	-0.429727	-0.306239	-0.155265	0.0237328	0.22173	0.415717	0.584091	0.719201	0.821479	0.886009	0.899741	0.852029	0.746412	0.60256	0.448066	0.307404	0.194953	0.114108	0.0604014	0.0255013	
-0.514607	-0.552613	-0.561719	-0.526271	-0.443211	-0.3247	-0.180073	-0.00915501	0.183287	0.377763	0.551069	0.691773	0.799744	0.873201	0.901543	0.872274	0.783585	0.649978	0.497038	0.350761	0.228983	0.138612	0.0777373	0.0396574	0.0163028	
-0.551851	-0.561955	-0.53033	-0.452094	-0.33777	-0.198114	-0.0340431	0.15241	0.345486	0.521975	0.667307	0.779766	0.859647	0.899207	0.885689	0.813235	0.691257	0.542364	0.392871	0.263266	0.163666	0.0946409	0.0508883	0.0250253	0.0100154	
-0.561955	-0.531627	-0.456497	-0.34559	-0.209901	-0.0513942	0.129317	0.319686	0.497578	0.646317	0.762231	0.846634	0.89447	0.893799	0.83608	0.726161	0.583164	0.432706	0.297074	0.189204	0.112127	0.0619986	0.0319864	0.0151691	0.00590993	
-0.53033	-0.456497	-0.348195	-0.21573	-0.0616222	0.114006	0.300928	0.47859	0.629311	0.747627	0.835068	0.888738	0.898085	0.853077	0.754819	0.618845	0.469321	0.329493	0.214617	0.130069	0.0735697	0.0389405	0.0192939	0.0088283	0.00334857	
-0.452094	-0.34559	-0.21573	-0.0650002	0.106386	0.289558	0.465594	0.616762	0.736327	0.825563	0.883081	0.899851	0.865275	0.777631	0.649109	0.501957	0.359641	0.239157	0.14799	0.085466	0.0462005	0.0234374	0.0111633	0.00493156	0.00182136	
-0.33777	-0.209901	-0.0616222	0.106386	0.28575	0.458994	0.60906	0.72862	0.818522	0.878263	0.900166	0.873683	0.795154	0.673901	0.530066	0.386744	0.262076	0.165319	0.0973393	0.0536496	0.0277567	0.0135128	0.00619381	0.00264357	0.000950906	
-0.198114	-0.0513942	0.114006	0.289558	0.458994	0.606463	0.724712	0.814203	0.874795	0.899839	0.879179	0.807994	0.693336	0.553293	0.410164	0.28268	0.181467	0.108776	0.0610471	0.0321637	0.0159499	0.00746143	0.00329491	0.00135974	0.00047651	
-0.0340431	0.129317	0.300928	0.465594	0.60906	0.724712	0.812748	0.872989	0.899427	0.88245	0.816711	0.707624	0.57144	0.429407	0.300366	0.195877	0.119349	0.0681122	0.0365012	0.0184141	0.00876569	0.0039456	0.00168048	0.000671094	0.000229207	
0.15241	0.319686	0.47859	0.616762	0.72862	0.814203	0.872989	0.899254	0.883968	0.82175	0.716991	0.584417	0.444114	0.314633	0.20805	0.128648	0.0745551	0.0405899	0.0208088	0.0100683	0.00460767	0.00199825	0.000821794	0.000317847	0.000105845	
0.345486	0.497578	0.629311	0.736327	0.818522	0.874795	0.899427	0.883968	0.823397	0.721622	0.5922	0.45404	0.325096	0.217563	0.136303	0.0800986	0.0442468	0.0230264	0.0113134	0.0052587	0.00231703	0.00096941	0.000385395	0.000144492	4.6935e-05	
0.521975	0.646317	0.747627	0.825563	0.878263	0.899839	0.88245	0.82175	0.721622	0.594794	0.459038	0.331481	0.224091	0.142004	0.0844953	0.0472991	0.0249592	0.0124404	0.00586829	0.00262463	0.00111499	0.000450619	0.00017337	6.3063e-05	1.99909e-05	
0.667307	0.762231	0.835068	0.883081	0.900166	0.879179	0.816711	0.716991	0.5922	0.459038	0.333627	0.227411	0.145521	0.0875449	0.049597	0.0265081	0.0133905	0.00640459	0.00290551	0.00125233	0.000513658	0.000200776	7.48369e-05	2.64334e-05	8.18144e-06	
0.779766	0.846634	0.888738	0.899851	0.873683	0.807994	0.707624	0.584417	0.45404	0.331481	0.227411	0.14671	0.0891062	0.0510246	0.0275905	0.0141111	0.00683756	0.00314399	0.00137399	0.00057156	0.000226644	8.57827e-05	3.10099e-05	1.0645e-05	3.21854e-06	
0.859647	0.89447	0.898085	0.865275	0.795154	0.693336	0.57144	0.444114	0.325096	0.224091	0.145521	0.0891062	0.0515088	0.0281472	0.0145612	0.00714177	0.00332587	0.00147274	0.000620978	0.000249661	9.58325e-05	3.51627e-05	1.23402e-05	4.12039e-06	1.21761e-06	
0.899207	0.893799	0.853077	0.777631	0.673901	0.553293	0.429407	0.314633	0.217563	0.142004	0.0875449	0.0510246	0.0281472	0.0147142	0.00729872	0.00343987	0.00154239	0.000658821	0.000268419	0.000104439	3.88535e-05	1.38353e-05	4.71835e-06	1.53367e-06	4.43176e-07	
0.885689	0.83608	0.754819	0.649109	0.530066	0.410164	0.300366	0.20805	0.136303	0.0844953	0.049597	0.0275905	0.0145612	0.00729872	0.00347871	0.00157841	0.000682604	0.000281688	0.000111049	4.18687e-05	1.51133e-05	5.22831e-06	1.73433e-06	5.49215e-07	1.55267e-07	
0.813235	0.726161	0.618845	0.501957	0.386744	0.28268	0.195877	0.128648	0.0800986	0.0472991	0.0265081	0.0141111	0.00714177	0.00343987	0.00157841	0.000690718	0.000288563	0.000115211	4.40061e-05	1.60965e-05	5.6439e-06	1.89869e-06	6.13172e-07	1.89318e-07	5.23886e-08	
0.691257	0.583164	0.469321	0.359641	0.262076	0.181467	0.119349	0.0745551	0.0442468	0.0249592	0.0133905	0.00683756	0.00332587	0.00154239	0.000682604	0.000288563	0.000116633	4.5115e-05	1.67166e-05	5.93883e-06	2.02475e-06	6.63018e-07	2.08633e-07	6.28507e-08	1.70324e-08	
0.542364	0.432706	0.329493	0.239157	0.165319	0.108776	0.0681122	0.0405899	0.0230264	0.0124404	0.00640459	0.00314399	0.00147274	0.000658821	0.000281688	0.000115211	4.5115e-05	1.69285e-05	6.09197e-06	2.10429e-06	6.98265e-07	2.22763e-07	6.83572e-08	2.01064e-08	5.33857e-09	
0.392871	0.297074	0.214617	0.14799	0.0973393	0.0610471	0.0365012	0.0208088	0.0113134	0.00586829	0.00290551	0.00137399	0.000620978	0.000268419	0.000111049	4.40061e-05	1.67166e-05	6.09197e-06	2.13149e-06	7.1657e-07	2.31642e-07	7.2057e-08	2.15792e-08	6.20156e-09	1.61406e-09	
0.263266	0.189204	0.130069	0.085466	0.0536496	0.0321637	0.0184141	0.0100683	0.0052587	0.00262463	0.00125233	0.00057156	0.000249661	0.000104439	4.18687e-05	1.60965e-05	5.93883e-06	2.10429e-06	7.1657e-07	2.34677e-07	7.39691e-08	2.24539e-08	6.56731e-09	1.84523e-09	4.70969e-10	
0.163666	0.112127	0.0735697	0.0462005	0.0277567	0.0159499	0.00876569	0.00460767	0.00231703	0.00111499	0.000513658	0.000226644	9.58325e-05	3.88535e-05	1.51133e-05	5.6439e-06	2.02475e-06	6.98265e-07	2.31642e-07	7.39691e-08	2.27512e-08	6.74462e-09	1.92794e-09	5.29935e-10	1.32702e-10	
0.0946409	0.0619986	0.0389405	0.0234374	0.0135128	0.00746143	0.0039456	0.00199825	0.00096941	0.000450619	0.000200776	8.57827e-05	3.51627e-05	1.38353e-05	5.22831e-06	1.89869e-06	6.63018e-07	2.22763e-07	7.2057e-08	2.24539e-08	6.74462e-09	1.95404e-09	5.46262e-10	1.46978e-10	3.61247e-11	
0.0508883	0.0319864	0.0192939	0.0111633	0.00619381	0.00329491	0.00168048	0.000821794	0.000385395	0.00017337	7.48369e-05	3.10099e-05	1.23402e-05	4.71835e-06	1.73433e-06	6.13172e-07	2.08633e-07	6.83572e-08	2.15792e-08	6.56731e-09	1.92794e-09	5.46262e-10	1.49445e-10	3.93829e-11	9.50474e-12	
0.0250253	0.0151691	0.0088283	0.00493156	0.00264357	0.00135974	0.000671094	0.000317847	0.000144492	6.3063e-05	2.64334e-05	1.0645e-05	4.12039e-06	1.53367e-06	5.49215e-07	1.89318e-07	6.28507e-08	2.01064e-08	6.20156e-09	1.84523e-09	5.29935e-10	1.46978e-10	3.93829e-11	1.01727e-11	2.41213e-12	
0.0100154	0.00590993	0.00334857	0.00182136	0.000950906	0.00047651	0.000229207	0.000105845	4.6935e-05	1.99909e-05	8.18144e-06	3.21854e-06	1.21761e-06	4.43176e-07	1.55267e-07	5.23886e-08	1.70324e-08	5.33857e-09	1.61406e-09	4.70969e-10	1.32702e-10	3.61247e-11	9.50474e-12	2.41213e-12	5.6306e-13	
