-0.000841768	0	0	0	0	0	0	0	0	0	0	0	0	0	0	0	0	0	0	0	0	0	0	0	0	
-0.0831129	-0.134151	-0.175868	-0.202677	-0.213121	-0.206711	-0.188336	-0.162613	-0.132843	-0.0997843	-0.0595952	-0.0166872	0.0280572	0.0698113	0.101147	0.110851	0.0950593	0.0576011	0.0104423	-0.0364416	-0.077894	-0.114829	-0.146041	-0.174774	-0.201957	
-0.144403	-0.246	-0.326513	-0.377301	-0.401498	-0.399225	-0.375502	-0.334387	-0.278004	-0.206848	-0.12234	-0.0336716	0.0499034	0.124762	0.180424	0.200332	0.177474	0.119656	0.0399365	-0.0414292	-0.121038	-0.196285	-0.261609	-0.317672	-0.366468	
-0.17277	-0.324117	-0.440043	-0.516476	-0.56012	-0.572162	-0.555337	-0.507573	-0.428146	-0.321875	-0.192157	-0.0649797	0.0501405	0.147746	0.221256	0.252618	0.235622	0.173617	0.0869588	-0.0115635	-0.114208	-0.220229	-0.316489	-0.397988	-0.461679	
-0.17623	-0.37125	-0.525759	-0.632725	-0.7018	-0.731908	-0.721624	-0.669221	-0.573463	-0.440289	-0.282439	-0.125776	0.00985883	0.126782	0.217473	0.263413	0.256325	0.203785	0.120751	0.0261549	-0.0820663	-0.200745	-0.313537	-0.408012	-0.479998	
-0.166988	-0.404342	-0.599787	-0.744627	-0.840982	-0.884377	-0.875406	-0.814721	-0.705923	-0.56057	-0.386579	-0.219048	-0.0704912	0.0596974	0.166756	0.228662	0.23787	0.19734	0.132199	0.0507448	-0.0449193	-0.1589	-0.270103	-0.362965	-0.430695	
-0.167509	-0.439597	-0.673699	-0.851166	-0.969484	-1.02336	-1.01344	-0.947927	-0.833763	-0.682328	-0.507247	-0.335982	-0.186283	-0.0475809	0.0752798	0.158333	0.189209	0.173112	0.127816	0.069072	-0.00872401	-0.107196	-0.203547	-0.279948	-0.333808	
-0.200058	-0.499839	-0.760077	-0.958886	-1.09208	-1.15297	-1.14635	-1.07968	-0.962235	-0.81006	-0.633556	-0.467782	-0.321602	-0.181693	-0.0462903	0.059644	0.121095	0.136276	0.126289	0.0967893	0.0475569	-0.028111	-0.104403	-0.162839	-0.20272	
-0.278284	-0.590978	-0.862951	-1.07199	-1.21264	-1.28092	-1.27791	-1.21274	-1.09515	-0.940556	-0.765533	-0.601012	-0.457501	-0.315058	-0.167307	-0.040452	0.0480878	0.0982239	0.124383	0.135662	0.123283	0.080088	0.0305102	-0.00952652	-0.03862	
-0.38382	-0.693815	-0.965741	-1.17639	-1.3218	-1.39231	-1.39206	-1.3273	-1.20971	-1.05524	-0.878342	-0.712174	-0.563801	-0.413202	-0.252291	-0.106653	0.00441926	0.0820553	0.144529	0.196223	0.227811	0.224913	0.207046	0.188514	0.168025	
-0.490626	-0.780912	-1.03643	-1.23846	-1.37751	-1.4466	-1.44622	-1.38452	-1.27101	-1.11927	-0.942929	-0.772793	-0.615507	-0.452446	-0.273963	-0.109702	0.0216386	0.121595	0.211054	0.299399	0.372132	0.412179	0.431416	0.434885	0.422216	
-0.589044	-0.845292	-1.0691	-1.24235	-1.36217	-1.41922	-1.41699	-1.35836	-1.25208	-1.10597	-0.934	-0.762121	-0.59732	-0.420657	-0.226353	-0.0445023	0.101225	0.217349	0.327329	0.44343	0.551663	0.628961	0.677986	0.701269	0.692853	
-0.664693	-0.882922	-1.06092	-1.19226	-1.27656	-1.31231	-1.30023	-1.24304	-1.14282	-1.00533	-0.838393	-0.666571	-0.495044	-0.310238	-0.108756	0.075299	0.223024	0.342943	0.465489	0.603111	0.73636	0.838899	0.907753	0.942229	0.940928	
-0.69526	-0.870721	-0.999039	-1.0776	-1.11564	-1.11689	-1.08698	-1.02709	-0.937221	-0.811562	-0.657006	-0.489501	-0.320368	-0.139666	0.0515395	0.225047	0.362669	0.482059	0.611023	0.759061	0.902515	1.01286	1.08719	1.13069	1.14172	
-0.652696	-0.782352	-0.858163	-0.882184	-0.868381	-0.82954	-0.776931	-0.714844	-0.63542	-0.529464	-0.395712	-0.250394	-0.103931	0.0509117	0.215547	0.368585	0.496528	0.613441	0.745047	0.894573	1.03556	1.14453	1.21974	1.26902	1.29049	
-0.527396	-0.604352	-0.627204	-0.599153	-0.537703	-0.463441	-0.39053	-0.323171	-0.254465	-0.170374	-0.0742763	0.0252717	0.12283	0.231883	0.358957	0.489373	0.605436	0.717996	0.844194	0.986217	1.11861	1.22125	1.29364	1.34135	1.36429	
-0.317705	-0.337685	-0.311598	-0.242726	-0.152294	-0.0577798	0.0279531	0.0993511	0.160504	0.217994	0.269122	0.311716	0.350945	0.408616	0.492214	0.591168	0.686132	0.782216	0.894222	1.02272	1.14091	1.23385	1.29498	1.33331	1.3502	
-0.0510963	-0.01534	0.0540971	0.14848	0.253978	0.356733	0.447389	0.516937	0.561057	0.585146	0.587831	0.576156	0.563014	0.571234	0.608996	0.669304	0.735389	0.809894	0.902505	1.01145	1.10837	1.18049	1.22413	1.24758	1.26272	
0.232286	0.315264	0.413054	0.523472	0.63454	0.738234	0.822869	0.875167	0.890827	0.876477	0.834676	0.77769	0.718884	0.683136	0.676313	0.699146	0.737006	0.787927	0.858045	0.942664	1.01478	1.06974	1.09885	1.11654	1.13507	
0.501609	0.609988	0.722944	0.838923	0.950027	1.04467	1.10927	1.13353	1.11525	1.06355	0.980709	0.880407	0.780724	0.707706	0.667995	0.662407	0.676575	0.703812	0.747316	0.806725	0.859255	0.901861	0.92778	0.944096	0.968647	
0.722162	0.838427	0.95167	1.06304	1.16026	1.23145	1.26873	1.26379	1.21664	1.13109	1.00934	0.870351	0.738249	0.641942	0.580219	0.552209	0.543732	0.545796	0.566664	0.606462	0.644962	0.682939	0.706591	0.726451	0.761343	
0.8583	0.967323	1.07054	1.16468	1.23656	1.28196	1.29669	1.27341	1.20496	1.09243	0.941373	0.775856	0.624043	0.509627	0.424956	0.370161	0.337263	0.323064	0.332012	0.362867	0.395349	0.427011	0.452563	0.479494	0.527374	
0.899367	0.986578	1.06556	1.13358	1.18254	1.21129	1.21576	1.18181	1.10172	0.976676	0.818132	0.645984	0.484008	0.349642	0.23449	0.14661	0.0916091	0.0665061	0.0719886	0.100251	0.129166	0.162879	0.19677	0.236442	0.298259	
0.871585	0.91695	0.957934	0.998123	1.03112	1.05133	1.04606	1.00447	0.921867	0.804875	0.661533	0.501112	0.34031	0.191598	0.0515562	-0.0638509	-0.139902	-0.176519	-0.178766	-0.156789	-0.126396	-0.0846238	-0.033679	0.0215255	0.0885367	
0.801636	0.786868	0.783008	0.797636	0.817201	0.826437	0.810554	0.765115	0.692018	0.595851	0.478726	0.341513	0.194098	0.0480447	-0.0991875	-0.229978	-0.321707	-0.37262	-0.388527	-0.375579	-0.346953	-0.296961	-0.233087	-0.170256	-0.106804	
0.711034	0.631044	0.58236	0.566889	0.565787	0.558375	0.534477	0.493733	0.436725	0.364916	0.27955	0.174189	0.0563667	-0.0693686	-0.206478	-0.339605	-0.442497	-0.510564	-0.544534	-0.549736	-0.528802	-0.478083	-0.407836	-0.341154	-0.280956	
0.630934	0.492851	0.394829	0.339301	0.306837	0.284646	0.261148	0.234009	0.199023	0.158675	0.109795	0.0449069	-0.0386666	-0.137669	-0.257502	-0.385763	-0.49718	-0.580518	-0.637196	-0.663606	-0.656958	-0.614038	-0.545601	-0.479607	-0.423605	
0.582122	0.394793	0.247597	0.14321	0.0790378	0.042968	0.0232779	0.0121908	0.00594471	0.00269541	-0.00259935	-0.0273767	-0.0756617	-0.147089	-0.246431	-0.36703	-0.484573	-0.586749	-0.66679	-0.717578	-0.731065	-0.701936	-0.642677	-0.583348	-0.52813	
0.566563	0.339357	0.143036	-0.0035223	-0.0982259	-0.147352	-0.163879	-0.153506	-0.125512	-0.0857828	-0.0507545	-0.0376278	-0.0556442	-0.103536	-0.185227	-0.297749	-0.422393	-0.538997	-0.639312	-0.711387	-0.744038	-0.734633	-0.69411	-0.646639	-0.597647	
0.564978	0.306336	0.0782963	-0.0989606	-0.216307	-0.277335	-0.287766	-0.254891	-0.194888	-0.121014	-0.0536796	-0.0116218	-0.00661493	-0.0355759	-0.100372	-0.202279	-0.32663	-0.452795	-0.567664	-0.655718	-0.710501	-0.725077	-0.707967	-0.678355	-0.634417	
0.557662	0.283998	0.0420315	-0.148506	-0.278109	-0.341359	-0.340284	-0.288675	-0.207678	-0.112534	-0.0269978	0.0302868	0.0475126	0.0320599	-0.0160416	-0.102098	-0.219129	-0.345604	-0.464501	-0.563954	-0.638549	-0.677431	-0.686086	-0.669186	-0.629742	
0.534928	0.261709	0.0232475	-0.164584	-0.288303	-0.340637	-0.326419	-0.26292	-0.173374	-0.0709873	0.015982	0.0741589	0.0944023	0.0876723	0.0535175	-0.0142967	-0.114778	-0.228947	-0.34311	-0.449313	-0.542604	-0.605464	-0.632043	-0.625512	-0.588806	
0.495096	0.23565	0.0132203	-0.153671	-0.255463	-0.289425	-0.263251	-0.197091	-0.108279	-0.0128669	0.0656724	0.118961	0.136893	0.132556	0.107013	0.0603548	-0.0140793	-0.109168	-0.217327	-0.329276	-0.439635	-0.516448	-0.556262	-0.55734	-0.528164	
0.4394	0.20158	0.00746673	-0.125608	-0.195958	-0.209116	-0.17444	-0.108758	-0.0289401	0.0561831	0.129037	0.175245	0.18548	0.172808	0.152293	0.12709	0.0778197	-0.00259571	-0.103594	-0.216864	-0.32839	-0.411457	-0.461584	-0.47931	-0.465913	
0.36861	0.161923	0.00452695	-0.085919	-0.122625	-0.114735	-0.0728978	-0.0139597	0.0556632	0.135892	0.204712	0.243763	0.239365	0.221494	0.207517	0.197271	0.161762	0.0907191	-0.00562886	-0.109028	-0.217262	-0.30293	-0.365684	-0.400683	-0.403806	
0.283808	0.113207	-0.000921214	-0.0512996	-0.0560618	-0.0301161	0.013171	0.0637862	0.127857	0.204491	0.272309	0.30074	0.294561	0.28112	0.273071	0.267663	0.23938	0.172213	0.0850289	-0.0125717	-0.114879	-0.20167	-0.272671	-0.320321	-0.336269	
0.178374	0.0480803	-0.0258555	-0.0378082	-0.0134863	0.0273758	0.0709333	0.116302	0.173316	0.242876	0.300006	0.328479	0.331974	0.330551	0.331718	0.335893	0.318364	0.259321	0.171717	0.0773164	-0.0201833	-0.108929	-0.18576	-0.247401	-0.278548	
0.0599403	-0.0359491	-0.0742273	-0.0553256	-0.00778652	0.0453946	0.0916324	0.134164	0.183199	0.238179	0.293626	0.331608	0.352328	0.36986	0.390674	0.412878	0.405133	0.342788	0.253988	0.165827	0.0762368	-0.01061	-0.0972962	-0.175428	-0.220384	
-0.0663752	-0.135454	-0.145834	-0.10251	-0.0355695	0.0311683	0.0856872	0.130329	0.171174	0.221041	0.281031	0.330751	0.370371	0.414541	0.465874	0.502087	0.49255	0.430755	0.349452	0.272962	0.193233	0.102642	0.00673309	-0.082626	-0.140083	
-0.203967	-0.255275	-0.244897	-0.183621	-0.0995937	-0.016073	0.0526074	0.105856	0.151969	0.208439	0.274456	0.333093	0.391961	0.466356	0.536676	0.571829	0.562603	0.514009	0.450759	0.390001	0.320401	0.234551	0.139015	0.0422667	-0.0309591	
-0.337191	-0.383275	-0.364931	-0.295476	-0.200632	-0.101295	-0.0143987	0.0598537	0.127356	0.198595	0.269506	0.33765	0.414571	0.503237	0.572798	0.60586	0.60683	0.581172	0.538485	0.499622	0.451791	0.383234	0.293193	0.191037	0.0954028	
-0.441428	-0.49542	-0.482657	-0.419851	-0.324258	-0.217378	-0.113694	-0.0134639	0.0789221	0.163202	0.241133	0.320031	0.406977	0.494147	0.564245	0.607456	0.627949	0.624482	0.611512	0.603524	0.583642	0.533325	0.452984	0.346998	0.238785	
-0.510975	-0.579715	-0.585111	-0.536441	-0.449789	-0.342767	-0.226317	-0.107174	-0.000710331	0.092301	0.174175	0.261588	0.345633	0.433832	0.517105	0.583144	0.625591	0.657283	0.683517	0.709654	0.710671	0.679995	0.612714	0.514183	0.401296	
-0.545923	-0.637297	-0.665676	-0.637046	-0.564487	-0.461358	-0.340153	-0.214851	-0.101295	-0.00370238	0.087518	0.17512	0.258348	0.354295	0.455294	0.541603	0.613656	0.684778	0.751831	0.804136	0.829276	0.826929	0.780991	0.694872	0.577166	
-0.551485	-0.663671	-0.71621	-0.70922	-0.653036	-0.561492	-0.446969	-0.327178	-0.214983	-0.107242	-0.00957574	0.0818681	0.171567	0.279164	0.395444	0.503383	0.606094	0.711299	0.804411	0.880425	0.933753	0.955779	0.931817	0.859809	0.744478	
-0.531172	-0.657807	-0.7307	-0.74313	-0.709036	-0.637324	-0.541596	-0.438497	-0.326944	-0.215273	-0.11148	-0.0151092	0.0823737	0.199949	0.326312	0.456267	0.587046	0.713376	0.830577	0.934753	1.00796	1.04689	1.03747	0.979218	0.867832	
-0.480576	-0.615197	-0.702198	-0.734746	-0.725055	-0.677687	-0.605887	-0.516164	-0.410685	-0.301313	-0.198775	-0.104527	-0.00521252	0.108871	0.240558	0.388522	0.537895	0.683811	0.829372	0.957633	1.04766	1.09498	1.09789	1.04678	0.935525	
-0.410089	-0.546878	-0.643638	-0.694874	-0.708377	-0.686291	-0.632401	-0.555868	-0.460499	-0.363619	-0.269739	-0.182187	-0.0932022	0.0115498	0.144178	0.298128	0.457433	0.616448	0.783673	0.93401	1.03868	1.09819	1.1113	1.06483	0.95549	
-0.343296	-0.481112	-0.584747	-0.647725	-0.679025	-0.669902	-0.626752	-0.557985	-0.479009	-0.399132	-0.318122	-0.245013	-0.172726	-0.0793683	0.0460423	0.194716	0.349905	0.516131	0.696088	0.860788	0.979472	1.04628	1.0642	1.02431	0.919168	
-0.283736	-0.42561	-0.529849	-0.598779	-0.63525	-0.630806	-0.590823	-0.530008	-0.466806	-0.403214	-0.334963	-0.277243	-0.218832	-0.13819	-0.0282329	0.098034	0.240417	0.401594	0.576821	0.743826	0.866598	0.93344	0.953577	0.918134	0.827214	
