-0.264634	-0.357888	-0.457045	-0.550654	-0.620247	-0.643342	-0.600868	-0.513034	-0.40281	-0.305155	-0.231053	-0.18629	-0.157055	-0.146039	-0.140918	-0.117057	-0.0640621	0.0132265	0.100826	0.200769	0.300067	0.378721	0.423003	0.438943	0.416131	
-0.23339	-0.314173	-0.410247	-0.500279	-0.570221	-0.58933	-0.546184	-0.456607	-0.345407	-0.248981	-0.182141	-0.155084	-0.15345	-0.172018	-0.187444	-0.185181	-0.149496	-0.0917992	-0.0143426	0.0778952	0.183294	0.270747	0.327459	0.347988	0.331655	
-0.198084	-0.274295	-0.368677	-0.462997	-0.529472	-0.543508	-0.501115	-0.407508	-0.292566	-0.192183	-0.127432	-0.112125	-0.13149	-0.165817	-0.19798	-0.21534	-0.207188	-0.174134	-0.111861	-0.0230361	0.0805648	0.1692	0.23098	0.248856	0.22562	
-0.161496	-0.233384	-0.3347	-0.432827	-0.492437	-0.502526	-0.456056	-0.357527	-0.240977	-0.136895	-0.0788026	-0.0746817	-0.104128	-0.145633	-0.187309	-0.219491	-0.235229	-0.224822	-0.176896	-0.0967385	-0.00363502	0.0817135	0.141314	0.154292	0.119488	
-0.121713	-0.193027	-0.30036	-0.398047	-0.453853	-0.459835	-0.407962	-0.31099	-0.193912	-0.0949279	-0.0440259	-0.0438507	-0.0739739	-0.11774	-0.168785	-0.216927	-0.252011	-0.260349	-0.224715	-0.153462	-0.0653893	0.0163118	0.0685932	0.0719076	0.0253643	
-0.0876759	-0.160747	-0.268497	-0.366513	-0.421491	-0.424149	-0.368832	-0.274139	-0.162064	-0.0716716	-0.0244212	-0.0245394	-0.0510302	-0.102194	-0.167016	-0.230411	-0.280094	-0.30106	-0.277738	-0.217245	-0.129272	-0.0534243	-0.01089	-0.00866925	-0.05893	
-0.0664613	-0.140262	-0.242439	-0.339082	-0.393928	-0.393326	-0.336629	-0.247848	-0.146057	-0.0659281	-0.0214956	-0.0172985	-0.0453236	-0.105735	-0.183545	-0.262147	-0.32338	-0.356469	-0.355811	-0.307292	-0.223469	-0.15622	-0.111834	-0.10167	-0.149193	
-0.0506714	-0.11958	-0.213522	-0.305368	-0.360743	-0.358515	-0.307529	-0.226364	-0.139609	-0.0676295	-0.0227152	-0.0181211	-0.0523	-0.120877	-0.212659	-0.304231	-0.377911	-0.430875	-0.454863	-0.424619	-0.35886	-0.293223	-0.242476	-0.224691	-0.26192	
-0.0288871	-0.0890345	-0.171995	-0.255696	-0.307947	-0.309083	-0.266774	-0.196205	-0.123085	-0.0561595	-0.0140387	-0.0166198	-0.0599045	-0.13879	-0.239495	-0.343686	-0.43514	-0.510408	-0.558045	-0.560443	-0.514897	-0.452037	-0.39704	-0.373843	-0.394499	
-0.00219578	-0.0542273	-0.124321	-0.196421	-0.241097	-0.249582	-0.214647	-0.155147	-0.0895523	-0.026171	0.00647239	-0.00879401	-0.0639993	-0.152543	-0.259839	-0.378209	-0.492058	-0.588445	-0.663521	-0.698922	-0.675683	-0.618552	-0.560963	-0.53043	-0.530199	
0.0182936	-0.0250391	-0.0825821	-0.13811	-0.175842	-0.18836	-0.16107	-0.111276	-0.046394	0.00929626	0.0277851	0.00172742	-0.0658456	-0.160288	-0.271961	-0.408166	-0.545031	-0.666094	-0.771168	-0.835069	-0.83322	-0.783667	-0.721856	-0.675617	-0.646429	
0.0275551	-0.00855035	-0.0555137	-0.0964924	-0.127702	-0.139356	-0.120926	-0.0738269	-0.0124752	0.0306505	0.0372496	0.000163652	-0.0762157	-0.170724	-0.292208	-0.440903	-0.597325	-0.746432	-0.877113	-0.961885	-0.984569	-0.947272	-0.88056	-0.810191	-0.741507	
0.0327548	0.0016171	-0.0403227	-0.0749553	-0.102158	-0.111992	-0.0985252	-0.0537565	-0.00266892	0.0285948	0.0233872	-0.0224187	-0.100401	-0.201661	-0.330297	-0.482975	-0.655049	-0.822778	-0.96831	-1.07211	-1.11658	-1.09413	-1.02394	-0.922706	-0.811622	
0.0465512	0.0224055	-0.0159959	-0.0522319	-0.0761613	-0.0870154	-0.0770178	-0.0448681	-0.0135485	0.000762957	-0.0160345	-0.0653847	-0.144927	-0.252137	-0.380549	-0.534915	-0.71063	-0.885222	-1.04139	-1.1566	-1.21371	-1.20476	-1.12567	-0.999871	-0.856284	
0.0676793	0.0569591	0.0245335	-0.00904575	-0.0318618	-0.0416277	-0.0377071	-0.0305801	-0.0286998	-0.0375116	-0.0694929	-0.122648	-0.20757	-0.317092	-0.442655	-0.589814	-0.755588	-0.923942	-1.08059	-1.19883	-1.26561	-1.2575	-1.17203	-1.03328	-0.8658	
0.0823616	0.0849086	0.0627835	0.0334887	0.0141333	0.00946825	0.00491952	-0.0120729	-0.0383779	-0.0749739	-0.122084	-0.188192	-0.285758	-0.397746	-0.519212	-0.653235	-0.794668	-0.942306	-1.0852	-1.20082	-1.26555	-1.25191	-1.16799	-1.02724	-0.843495	
0.080334	0.0958681	0.0867176	0.0682755	0.0545002	0.0505859	0.0346362	-0.00271307	-0.0568557	-0.114798	-0.178347	-0.25939	-0.36378	-0.474668	-0.590776	-0.70476	-0.821948	-0.9435	-1.06597	-1.17173	-1.22863	-1.20965	-1.13138	-0.995223	-0.802923	
0.0709159	0.0966301	0.105818	0.101598	0.0921148	0.0804683	0.0478733	-0.0104828	-0.0843868	-0.16228	-0.241956	-0.330996	-0.432555	-0.534995	-0.631095	-0.722837	-0.816151	-0.912803	-1.01814	-1.11636	-1.17075	-1.15742	-1.08815	-0.957645	-0.761958	
0.0537095	0.0853568	0.1097	0.119879	0.11368	0.0873806	0.0363161	-0.0368699	-0.126074	-0.220781	-0.31481	-0.408112	-0.499648	-0.581615	-0.650189	-0.711456	-0.774548	-0.847783	-0.932948	-1.02143	-1.08619	-1.09707	-1.04503	-0.925226	-0.731457	
0.0380048	0.0739273	0.11191	0.136279	0.127678	0.0848699	0.0136155	-0.0752746	-0.175441	-0.284018	-0.388701	-0.478294	-0.552414	-0.608243	-0.644399	-0.669648	-0.703985	-0.753962	-0.817695	-0.899602	-0.983329	-1.02403	-0.996388	-0.889864	-0.707524	
0.020222	0.0639135	0.11629	0.150293	0.142117	0.0856391	-0.00534209	-0.110245	-0.223738	-0.345705	-0.45163	-0.531903	-0.581646	-0.605372	-0.60787	-0.602683	-0.612172	-0.648064	-0.700547	-0.781553	-0.877375	-0.941563	-0.933417	-0.841605	-0.680577	
-0.00165917	0.0505809	0.108995	0.14944	0.141736	0.080661	-0.0185722	-0.135761	-0.260138	-0.382686	-0.484282	-0.549182	-0.576047	-0.57527	-0.554211	-0.525498	-0.516322	-0.537745	-0.584362	-0.665252	-0.767775	-0.84693	-0.8563	-0.784418	-0.643342	
-0.0312234	0.0276437	0.0906923	0.130289	0.12711	0.0728077	-0.0244122	-0.147912	-0.276006	-0.394546	-0.482226	-0.530317	-0.538799	-0.522178	-0.485766	-0.44655	-0.424334	-0.435901	-0.484739	-0.569797	-0.670387	-0.752318	-0.775468	-0.72479	-0.601158	
-0.0769513	-0.00503792	0.0629285	0.105374	0.111756	0.0701353	-0.0192217	-0.142856	-0.275452	-0.383712	-0.453102	-0.48335	-0.473718	-0.445955	-0.407713	-0.368423	-0.345821	-0.358851	-0.412456	-0.499476	-0.589749	-0.665743	-0.696536	-0.666047	-0.565988	
-0.133775	-0.0543465	0.0193782	0.0686954	0.0863376	0.0652	-0.0063529	-0.119799	-0.242214	-0.339178	-0.394448	-0.412707	-0.399135	-0.372968	-0.342696	-0.31055	-0.292037	-0.305066	-0.357797	-0.440208	-0.523789	-0.595782	-0.634136	-0.619337	-0.543333	
-0.196754	-0.107874	-0.0226444	0.0412629	0.0789462	0.0787473	0.02893	-0.0649606	-0.17208	-0.261065	-0.31138	-0.328916	-0.32091	-0.303035	-0.284439	-0.265497	-0.253325	-0.269287	-0.317386	-0.388091	-0.466946	-0.540867	-0.584657	-0.578699	-0.523359	
-0.25639	-0.149872	-0.044273	0.0489606	0.111723	0.129368	0.0989127	0.0236098	-0.0709334	-0.154321	-0.215499	-0.240519	-0.243415	-0.238195	-0.231231	-0.225474	-0.226773	-0.246534	-0.290531	-0.347243	-0.420689	-0.496566	-0.536347	-0.531879	-0.490822	
-0.326065	-0.200431	-0.0616316	0.0682928	0.165077	0.204614	0.190382	0.134108	0.0501312	-0.0388485	-0.118518	-0.168326	-0.190611	-0.201707	-0.206804	-0.213523	-0.226816	-0.248758	-0.285396	-0.328164	-0.38718	-0.45241	-0.483065	-0.474369	-0.439605	
-0.402785	-0.247694	-0.0702164	0.105271	0.239185	0.304301	0.304492	0.261731	0.179968	0.0799407	-0.0229276	-0.106375	-0.156826	-0.187842	-0.21191	-0.233804	-0.257284	-0.280575	-0.305705	-0.33312	-0.368068	-0.40843	-0.426441	-0.411907	-0.379174	
-0.462612	-0.27227	-0.0523327	0.168282	0.336016	0.427668	0.441335	0.396588	0.309375	0.191082	0.0636783	-0.0483277	-0.132654	-0.184737	-0.229564	-0.271806	-0.307218	-0.332406	-0.351803	-0.361758	-0.368006	-0.365114	-0.357958	-0.337796	-0.306523	
-0.489842	-0.257775	0.00300274	0.255959	0.452293	0.56164	0.583438	0.527027	0.421153	0.283187	0.135524	0.000476899	-0.112723	-0.192091	-0.259036	-0.324251	-0.371453	-0.39413	-0.402477	-0.389152	-0.357298	-0.308357	-0.27367	-0.247989	-0.222172	
-0.4837	-0.205985	0.0893573	0.365315	0.578948	0.699225	0.722882	0.651859	0.517563	0.356692	0.186197	0.0275486	-0.113055	-0.226016	-0.317114	-0.395753	-0.44412	-0.453108	-0.43472	-0.392075	-0.322666	-0.243871	-0.186798	-0.154962	-0.132633	
-0.455685	-0.136496	0.19082	0.482183	0.704308	0.832898	0.851778	0.766829	0.604588	0.410077	0.213708	0.0254547	-0.144578	-0.288815	-0.404302	-0.486227	-0.523722	-0.512721	-0.457078	-0.374892	-0.272658	-0.169172	-0.0980456	-0.0601944	-0.0400248	
-0.40012	-0.0466093	0.298513	0.595393	0.815658	0.943454	0.955333	0.860087	0.679056	0.453848	0.226176	0.00604282	-0.195679	-0.368091	-0.502131	-0.584835	-0.605765	-0.569388	-0.477107	-0.349209	-0.212502	-0.090964	-0.00878845	0.0368539	0.0479449	
-0.310835	0.0613706	0.410356	0.701628	0.912776	1.02968	1.03359	0.927959	0.736556	0.486607	0.223389	-0.0300216	-0.260117	-0.450947	-0.589097	-0.663316	-0.66679	-0.603408	-0.479843	-0.316523	-0.148942	-0.0138051	0.0808675	0.129414	0.128673	
-0.204784	0.177339	0.522639	0.801273	1.00014	1.09824	1.08743	0.96859	0.765331	0.494997	0.200518	-0.0870135	-0.33566	-0.533341	-0.660636	-0.714095	-0.699483	-0.611449	-0.456131	-0.271419	-0.0823302	0.0683487	0.164128	0.204101	0.1882	
-0.105555	0.28359	0.619529	0.886255	1.07033	1.14856	1.11788	0.983172	0.762214	0.474798	0.155472	-0.157323	-0.419805	-0.613018	-0.720726	-0.748308	-0.708479	-0.598543	-0.417456	-0.214086	-0.0175169	0.140308	0.235165	0.257373	0.219365	
-0.0184336	0.36608	0.694931	0.948772	1.11594	1.17521	1.12296	0.971585	0.731349	0.432263	0.100041	-0.221229	-0.491729	-0.677544	-0.76958	-0.770885	-0.70372	-0.568315	-0.371076	-0.151909	0.0417549	0.194442	0.28526	0.290023	0.235188	
0.0599942	0.430091	0.75078	0.989557	1.13315	1.17006	1.09646	0.92882	0.676971	0.374706	0.0462023	-0.266197	-0.531555	-0.714808	-0.79574	-0.779022	-0.686419	-0.523982	-0.318084	-0.0978932	0.0937016	0.232383	0.308439	0.307466	0.249287	
0.127239	0.478831	0.784609	1.00877	1.12592	1.13738	1.04679	0.865518	0.611335	0.31066	-0.0040789	-0.299211	-0.546518	-0.720116	-0.79086	-0.762301	-0.643277	-0.464948	-0.259697	-0.0534583	0.125715	0.248808	0.314415	0.314215	0.264381	
0.181409	0.507717	0.791614	0.9955	1.08833	1.07552	0.97387	0.788462	0.539546	0.249218	-0.0510044	-0.327741	-0.552013	-0.705933	-0.766438	-0.723948	-0.589012	-0.401853	-0.207744	-0.0210145	0.134219	0.246209	0.304335	0.31021	0.27052	
0.228775	0.520731	0.77346	0.946887	1.01565	0.986515	0.878309	0.699723	0.466329	0.195058	-0.0865198	-0.342008	-0.543596	-0.671408	-0.717119	-0.668101	-0.535599	-0.354157	-0.177846	-0.00599116	0.138136	0.242432	0.295466	0.309333	0.269831	
0.269315	0.517377	0.724628	0.861325	0.909066	0.876917	0.774804	0.614069	0.403838	0.157277	-0.101464	-0.337512	-0.519217	-0.622223	-0.652237	-0.600652	-0.479081	-0.322128	-0.158662	0.00151968	0.141387	0.240315	0.292832	0.305743	0.268182	
0.298126	0.498569	0.652124	0.749036	0.781277	0.754569	0.671503	0.534859	0.350734	0.134489	-0.098296	-0.313425	-0.476946	-0.567702	-0.586305	-0.532643	-0.424404	-0.290119	-0.138226	0.00784625	0.137881	0.232046	0.27937	0.288113	0.254766	
0.313595	0.467971	0.573911	0.629567	0.649467	0.628487	0.563834	0.451741	0.297753	0.112111	-0.0827686	-0.269391	-0.414397	-0.499739	-0.514354	-0.467881	-0.369615	-0.252194	-0.118799	0.00974049	0.126264	0.213825	0.26111	0.268876	0.23331	
0.303888	0.415215	0.479283	0.503603	0.510943	0.495374	0.44741	0.363178	0.243318	0.0939593	-0.0623554	-0.218785	-0.349081	-0.431701	-0.449901	-0.409597	-0.318158	-0.209729	-0.0924847	0.0127638	0.10658	0.184514	0.237973	0.246642	0.211496	
0.26864	0.347375	0.379727	0.389802	0.386233	0.372309	0.338257	0.280843	0.196983	0.0918857	-0.0332503	-0.160934	-0.27935	-0.362082	-0.384832	-0.349471	-0.272127	-0.164552	-0.0579286	0.0268935	0.0946161	0.154548	0.198835	0.204166	0.167849	
0.213048	0.266268	0.285109	0.287573	0.282392	0.266513	0.241097	0.206334	0.157916	0.0889325	-0.00274306	-0.109052	-0.212075	-0.284976	-0.305315	-0.277285	-0.215638	-0.121583	-0.0297394	0.0395294	0.0839797	0.119266	0.145381	0.144837	0.113239	
0.145626	0.17678	0.187297	0.186297	0.180421	0.164435	0.145219	0.127951	0.10695	0.0683999	0.00901847	-0.0705512	-0.148609	-0.199105	-0.211567	-0.189765	-0.14923	-0.084213	-0.0167875	0.0347539	0.0625194	0.0803666	0.0922087	0.0901516	0.0763858	
0.0780137	0.0941275	0.0956876	0.0965982	0.0872538	0.0753276	0.062504	0.0544811	0.0480613	0.0374935	0.00705672	-0.0296741	-0.0711297	-0.0969279	-0.103205	-0.0923356	-0.0798917	-0.0464397	-0.010916	0.0192699	0.036996	0.0461692	0.0468844	0.0447496	0.0417849	
