0.00219193	0	0	0	0	0	0	0	0	0	0	0	0	0	0	0	0	0	0	0	0	0	0	0	0	
0.216779	0.175997	0.121591	0.0570734	-0.00249496	-0.0431559	-0.059694	-0.0589606	-0.052826	-0.045642	-0.0337005	-0.0186989	0.00153027	0.0251032	0.0509056	0.0712364	0.0851218	0.0919376	0.0924013	0.084248	0.062621	0.0269509	-0.0133445	-0.0491258	-0.0714911	
0.397056	0.318277	0.219689	0.108919	0.00615222	-0.0670532	-0.103941	-0.112675	-0.109322	-0.0964825	-0.0711764	-0.0383666	-0.00354525	0.0355499	0.0781162	0.116178	0.148249	0.169019	0.174553	0.160702	0.117135	0.0485261	-0.0272844	-0.0954317	-0.138471	
0.527014	0.415895	0.290563	0.153571	0.0265211	-0.0715158	-0.130073	-0.155215	-0.159275	-0.142974	-0.100739	-0.0517537	-0.00205246	0.0473234	0.104848	0.16037	0.210053	0.240704	0.245049	0.215915	0.149737	0.0530193	-0.0503696	-0.143491	-0.210741	
0.601723	0.47161	0.334855	0.189867	0.0512403	-0.0610537	-0.135372	-0.173542	-0.185323	-0.164678	-0.109172	-0.0384642	0.0289751	0.0992892	0.177051	0.248984	0.305642	0.32779	0.308906	0.252715	0.159164	0.0419496	-0.0774561	-0.191297	-0.280336	
0.624082	0.48303	0.347023	0.205065	0.0714252	-0.0392677	-0.114602	-0.157381	-0.172174	-0.148431	-0.0740302	0.0211612	0.119115	0.215304	0.31339	0.391932	0.438446	0.434657	0.383697	0.29393	0.176451	0.0410789	-0.0935028	-0.222252	-0.333682	
0.601272	0.455368	0.323925	0.194653	0.0760587	-0.021103	-0.088606	-0.129315	-0.142899	-0.106687	-0.00767599	0.126678	0.26048	0.387071	0.498862	0.570786	0.593626	0.555213	0.466525	0.346378	0.202856	0.0471862	-0.101434	-0.243955	-0.363886	
0.548307	0.400765	0.27965	0.164418	0.060841	-0.0230609	-0.0791042	-0.108731	-0.107151	-0.0494236	0.0842028	0.256034	0.427899	0.58033	0.700986	0.760779	0.752995	0.675845	0.550843	0.398837	0.232357	0.0575079	-0.105969	-0.254827	-0.381983	
0.470523	0.33181	0.225582	0.123416	0.0295313	-0.0438069	-0.0820982	-0.0884447	-0.0608738	0.0255454	0.186836	0.390548	0.589698	0.762853	0.888731	0.932678	0.893728	0.77915	0.619596	0.443826	0.26146	0.077017	-0.0916856	-0.247786	-0.379449	
0.388003	0.260813	0.167524	0.0763996	-0.00635573	-0.0594911	-0.069785	-0.0436057	0.0140462	0.124121	0.306666	0.527302	0.740863	0.91973	1.03866	1.06414	0.997723	0.857508	0.679083	0.491501	0.304888	0.119589	-0.0515537	-0.210783	-0.352589	
0.329619	0.210499	0.123261	0.0411183	-0.0231337	-0.0504958	-0.0299097	0.0244893	0.105581	0.235014	0.430262	0.657991	0.869098	1.03673	1.14071	1.15041	1.07287	0.925128	0.741283	0.54994	0.361198	0.177246	0.00801157	-0.15282	-0.295481	
0.306718	0.197126	0.114703	0.0441346	-0.00464549	-0.0111544	0.0283058	0.100603	0.198742	0.341742	0.541269	0.760013	0.949774	1.09364	1.18058	1.18849	1.11886	0.982701	0.8061	0.616896	0.429559	0.250754	0.0886765	-0.0627596	-0.199944	
0.312585	0.224631	0.157211	0.0967022	0.0555638	0.0522049	0.0950277	0.172405	0.278487	0.426056	0.617114	0.811123	0.967859	1.08135	1.15417	1.16752	1.11755	1.00554	0.851354	0.680637	0.510306	0.349646	0.204336	0.0702132	-0.0498204	
0.343003	0.289224	0.24199	0.19226	0.149856	0.13931	0.170975	0.238257	0.336179	0.473794	0.644595	0.809715	0.932208	1.0176	1.07478	1.09065	1.05914	0.978889	0.863523	0.732818	0.599055	0.469592	0.352265	0.245763	0.150387	
0.398768	0.377955	0.350913	0.310042	0.26699	0.245738	0.258419	0.301376	0.374691	0.487061	0.632167	0.770566	0.869281	0.933775	0.975196	0.987362	0.966391	0.915602	0.845392	0.766151	0.681942	0.597469	0.517275	0.446464	0.381219	
0.455208	0.464296	0.455483	0.425895	0.384434	0.354982	0.349062	0.364321	0.404114	0.481817	0.592858	0.706032	0.789737	0.844493	0.877876	0.885375	0.86848	0.837265	0.80265	0.769224	0.735765	0.700761	0.668276	0.637132	0.601729	
0.496909	0.534886	0.545596	0.52716	0.486984	0.45136	0.431626	0.42493	0.435406	0.47744	0.554641	0.643462	0.71778	0.771619	0.801276	0.804856	0.783789	0.757041	0.739071	0.735532	0.742602	0.757549	0.772355	0.783246	0.778738	
0.515446	0.583803	0.618246	0.614199	0.578808	0.538274	0.505889	0.48108	0.466479	0.480536	0.530389	0.600429	0.669576	0.7218	0.748103	0.743306	0.71174	0.676731	0.658408	0.666379	0.700459	0.752766	0.809861	0.857383	0.88614	
0.525248	0.617778	0.674892	0.690903	0.664298	0.620215	0.573966	0.529792	0.49692	0.4938	0.530908	0.593657	0.659969	0.708561	0.722284	0.700766	0.64831	0.592798	0.561085	0.569515	0.618824	0.700174	0.788898	0.870175	0.931401	
0.542792	0.646543	0.720226	0.754737	0.741599	0.698143	0.638418	0.577729	0.529162	0.518812	0.55394	0.61527	0.680358	0.719482	0.716479	0.672703	0.595227	0.514098	0.462397	0.462305	0.51656	0.611823	0.721458	0.826266	0.915221	
0.589459	0.688631	0.760779	0.803047	0.80176	0.761554	0.695348	0.622685	0.56948	0.561123	0.600895	0.662561	0.721246	0.749079	0.729781	0.667467	0.569531	0.464081	0.389413	0.370532	0.411856	0.502512	0.615579	0.733745	0.838649	
0.661254	0.739395	0.794041	0.831177	0.834203	0.798658	0.730742	0.662376	0.619167	0.625113	0.672555	0.730399	0.779822	0.796054	0.764781	0.690971	0.579802	0.456332	0.357226	0.308672	0.317338	0.378024	0.473261	0.585443	0.693452	
0.735314	0.784329	0.813981	0.834713	0.831217	0.792818	0.733717	0.683107	0.665424	0.692761	0.752279	0.81246	0.859335	0.869934	0.829361	0.743426	0.621554	0.482709	0.359455	0.272886	0.233238	0.245801	0.303544	0.391946	0.487017	
0.790395	0.811042	0.812176	0.805128	0.780882	0.738799	0.691594	0.666957	0.676407	0.728775	0.810213	0.888549	0.948034	0.961452	0.912946	0.814136	0.679085	0.523626	0.371741	0.242274	0.148923	0.106184	0.117748	0.168607	0.237913	
0.815715	0.809171	0.775565	0.72964	0.680454	0.631208	0.595448	0.592817	0.631012	0.714496	0.828168	0.936956	1.01911	1.04385	0.994729	0.885175	0.734511	0.554136	0.365905	0.190838	0.0476704	-0.0426084	-0.0770077	-0.0708546	-0.0378059	
0.81347	0.775047	0.702072	0.617306	0.539962	0.477532	0.447221	0.46967	0.543884	0.665042	0.814811	0.956325	1.06689	1.1123	1.07202	0.954957	0.782827	0.569094	0.33957	0.121445	-0.0624225	-0.194956	-0.272542	-0.307193	-0.304658	
0.774962	0.701625	0.596181	0.480735	0.375785	0.300745	0.282819	0.339524	0.453528	0.610578	0.791547	0.964335	1.10142	1.16806	1.13668	1.01331	0.822666	0.581081	0.31815	0.0673227	-0.15228	-0.324236	-0.442846	-0.511173	-0.524703	
0.702625	0.596454	0.466887	0.3254	0.202354	0.128117	0.133022	0.220459	0.36607	0.554827	0.768426	0.970299	1.12942	1.20975	1.18659	1.06341	0.863867	0.604679	0.320171	0.0442561	-0.20371	-0.408753	-0.557499	-0.642205	-0.660544	
0.618733	0.481474	0.326028	0.168405	0.0448634	-0.0125387	0.0111524	0.115958	0.285385	0.505755	0.749773	0.976499	1.14828	1.24067	1.23045	1.11629	0.91525	0.647282	0.350832	0.0625209	-0.202432	-0.428132	-0.595334	-0.693096	-0.71841	
0.542644	0.377493	0.203569	0.0453268	-0.0625691	-0.106337	-0.0749983	0.0405634	0.230293	0.474633	0.740955	0.985345	1.17147	1.27831	1.28276	1.17816	0.977927	0.710859	0.416932	0.127233	-0.143592	-0.378191	-0.555257	-0.659476	-0.693066	
0.482464	0.304502	0.130742	-0.0107811	-0.105084	-0.139972	-0.0963608	0.0346649	0.239847	0.497623	0.78005	1.04122	1.23611	1.34483	1.34732	1.24094	1.04485	0.790821	0.510015	0.230195	-0.0334476	-0.261956	-0.432107	-0.533553	-0.575106	
0.454329	0.288603	0.137458	0.0145477	-0.0720212	-0.0943881	-0.0326142	0.111624	0.321209	0.588643	0.886512	1.15768	1.34871	1.44091	1.4251	1.31244	1.12206	0.881306	0.615195	0.351161	0.107795	-0.0943371	-0.241125	-0.332043	-0.380318	
0.478353	0.346568	0.226186	0.120914	0.0454916	0.0391401	0.11418	0.258632	0.468192	0.739054	1.03822	1.30328	1.47915	1.54855	1.51289	1.39274	1.20382	0.971852	0.722479	0.483587	0.273066	0.106777	-0.0141219	-0.0952717	-0.151	
0.552446	0.460677	0.372531	0.291491	0.236323	0.245752	0.325857	0.470976	0.674614	0.928857	1.20424	1.44615	1.60065	1.64421	1.58786	1.4568	1.26661	1.04603	0.821359	0.614071	0.441897	0.311238	0.213793	0.139932	0.081737	
0.673551	0.618239	0.562442	0.51346	0.482174	0.504866	0.594967	0.744183	0.931608	1.14961	1.38495	1.59169	1.71071	1.72241	1.6417	1.49948	1.31021	1.10277	0.899772	0.723199	0.586895	0.490237	0.416188	0.35879	0.308179	
0.822868	0.799826	0.777633	0.759547	0.750345	0.788685	0.894422	1.04541	1.20933	1.38734	1.57722	1.72786	1.79703	1.76923	1.66649	1.51471	1.32666	1.12656	0.941785	0.794499	0.693551	0.624659	0.575853	0.541255	0.506776	
0.96285	0.971832	0.979487	0.986907	0.995571	1.05087	1.16667	1.31185	1.45259	1.59507	1.72871	1.81468	1.82854	1.76673	1.64366	1.48173	1.29038	1.09288	0.925307	0.80718	0.729662	0.683614	0.663463	0.656024	0.651511	
1.07085	1.10659	1.13654	1.15761	1.18125	1.24597	1.35817	1.48858	1.60828	1.71543	1.79919	1.82927	1.80353	1.71347	1.57177	1.39599	1.19371	0.995459	0.841072	0.737921	0.678495	0.660805	0.673994	0.702925	0.728906	
1.11411	1.17119	1.21465	1.24785	1.28628	1.35329	1.44956	1.55775	1.65238	1.72829	1.77276	1.7687	1.71466	1.60528	1.45136	1.26047	1.05052	0.850991	0.697935	0.600729	0.558714	0.567909	0.61483	0.671531	0.721645	
1.07288	1.13856	1.18967	1.2355	1.28895	1.35394	1.43214	1.52076	1.59565	1.64824	1.67106	1.64651	1.57349	1.45206	1.28402	1.08265	0.868758	0.667339	0.512337	0.420573	0.39321	0.422831	0.489043	0.567328	0.631444	
0.955133	1.0144	1.06525	1.11954	1.18236	1.24545	1.31746	1.39857	1.46274	1.50431	1.51779	1.48319	1.39689	1.26105	1.0831	0.877203	0.667775	0.470431	0.316347	0.227494	0.201633	0.232962	0.30871	0.391884	0.463543	
0.781758	0.822107	0.863637	0.916494	0.980587	1.04815	1.12579	1.20787	1.27052	1.31268	1.32752	1.28991	1.19337	1.05043	0.869182	0.6681	0.469649	0.282628	0.133451	0.0398857	0.00459384	0.0322195	0.10102	0.175942	0.253386	
0.567004	0.579298	0.60333	0.647513	0.712683	0.793175	0.883949	0.974505	1.04822	1.10349	1.12601	1.09164	0.994677	0.850473	0.667274	0.470344	0.282282	0.109492	-0.0363431	-0.132353	-0.168132	-0.148639	-0.0993809	-0.0376254	0.0374959	
0.337627	0.316684	0.319357	0.351278	0.418609	0.511703	0.616707	0.723653	0.821968	0.899097	0.940224	0.923765	0.839843	0.69625	0.510317	0.31442	0.131782	-0.0374764	-0.17992	-0.27036	-0.304907	-0.300219	-0.270099	-0.216207	-0.147953	
0.119704	0.0664868	0.0442876	0.063376	0.128669	0.230772	0.351006	0.482948	0.612924	0.721088	0.791865	0.805021	0.735849	0.597986	0.417454	0.225002	0.037849	-0.134131	-0.271599	-0.357861	-0.403155	-0.419206	-0.402993	-0.356387	-0.291894	
-0.0645665	-0.153025	-0.203268	-0.201393	-0.142378	-0.0330335	0.107502	0.272404	0.440465	0.584029	0.689622	0.726218	0.675274	0.55511	0.389434	0.198933	0.00265077	-0.170127	-0.307094	-0.404345	-0.470524	-0.501599	-0.497813	-0.459522	-0.395953	
-0.197438	-0.325205	-0.408637	-0.427134	-0.376575	-0.260617	-0.093812	0.106715	0.310053	0.48742	0.620625	0.680055	0.657586	0.564726	0.419943	0.231186	0.0309055	-0.150438	-0.30243	-0.420466	-0.501833	-0.551501	-0.558296	-0.525792	-0.455636	
-0.275515	-0.444057	-0.557227	-0.593799	-0.553106	-0.430311	-0.240473	-0.0142142	0.212608	0.413509	0.571882	0.659985	0.671196	0.612662	0.487095	0.307227	0.0997317	-0.100882	-0.271437	-0.403284	-0.497469	-0.557948	-0.575344	-0.543736	-0.47608	
-0.310384	-0.511948	-0.641256	-0.690789	-0.65668	-0.531274	-0.331521	-0.0958889	0.138296	0.356179	0.537616	0.65278	0.700341	0.669764	0.565863	0.390443	0.174513	-0.0390867	-0.2169	-0.356176	-0.459046	-0.525474	-0.543322	-0.516349	-0.462166	
-0.30852	-0.525408	-0.659242	-0.715514	-0.689941	-0.572745	-0.37983	-0.151495	0.0806567	0.306179	0.503463	0.647797	0.725816	0.719853	0.630454	0.462418	0.252373	0.0368198	-0.147304	-0.290624	-0.394957	-0.454903	-0.474797	-0.461236	-0.411806	
