-0.00167676	0	0	0	0	0	0	0	0	0	0	0	0	0	0	0	0	0	0	0	0	0	0	0	0	
-0.172323	-0.201613	-0.218687	-0.224724	-0.224542	-0.217711	-0.202478	-0.18002	-0.156853	-0.133534	-0.110966	-0.086497	-0.0564316	-0.0194233	0.020948	0.0627424	0.106008	0.146047	0.18163	0.207547	0.222876	0.222871	0.207626	0.182896	0.151016	
-0.33821	-0.39097	-0.421184	-0.433385	-0.433758	-0.422266	-0.395547	-0.353585	-0.305056	-0.254503	-0.203286	-0.148445	-0.0827441	-0.00663845	0.0713072	0.14858	0.222152	0.289291	0.345391	0.385953	0.409255	0.405997	0.380394	0.336722	0.282759	
-0.481937	-0.547576	-0.58927	-0.60772	-0.612879	-0.600105	-0.565087	-0.506333	-0.433934	-0.35221	-0.26768	-0.176989	-0.0751392	0.036741	0.14555	0.244273	0.33404	0.407746	0.468532	0.509604	0.532002	0.526326	0.493148	0.442851	0.378685	
-0.585763	-0.666609	-0.713447	-0.736745	-0.748524	-0.739277	-0.699268	-0.623025	-0.522645	-0.413202	-0.301209	-0.180798	-0.0492905	0.0859213	0.208483	0.31517	0.403828	0.472979	0.524998	0.559948	0.579158	0.570026	0.538787	0.488627	0.428569	
-0.639366	-0.7271	-0.784656	-0.81584	-0.83376	-0.822987	-0.775369	-0.687006	-0.57078	-0.441462	-0.309494	-0.175279	-0.0375786	0.101906	0.226391	0.327333	0.40814	0.466868	0.512434	0.542764	0.55986	0.552816	0.523255	0.47976	0.427889	
-0.654686	-0.744495	-0.79852	-0.830486	-0.849923	-0.839743	-0.790994	-0.695664	-0.569124	-0.435215	-0.308004	-0.180965	-0.0509333	0.0790039	0.190098	0.278793	0.349715	0.402084	0.441783	0.470313	0.489184	0.484152	0.45978	0.42081	0.378714	
-0.631279	-0.703865	-0.749468	-0.771604	-0.783917	-0.774124	-0.729123	-0.640344	-0.526657	-0.413147	-0.305661	-0.201294	-0.0952489	0.0139756	0.109765	0.186681	0.24814	0.294533	0.330909	0.359047	0.379479	0.377436	0.355549	0.321915	0.28728	
-0.575589	-0.617395	-0.631872	-0.632772	-0.635311	-0.627085	-0.594633	-0.529716	-0.449506	-0.369544	-0.300526	-0.23427	-0.160294	-0.0744413	0.0040662	0.0654892	0.117121	0.156846	0.187733	0.212263	0.231532	0.231351	0.212313	0.183476	0.155321	
-0.478692	-0.4816	-0.464075	-0.439233	-0.428496	-0.42561	-0.413314	-0.38134	-0.339498	-0.306798	-0.285072	-0.262697	-0.225551	-0.172061	-0.120444	-0.0760672	-0.0391046	-0.00902487	0.0125188	0.0310544	0.0485555	0.0474601	0.0304371	0.00641055	-0.0148505	
-0.344577	-0.313926	-0.266512	-0.2265	-0.213	-0.217763	-0.226266	-0.225239	-0.221324	-0.227892	-0.251486	-0.275063	-0.281999	-0.269572	-0.249415	-0.233506	-0.217126	-0.201811	-0.189274	-0.175927	-0.163345	-0.164341	-0.181311	-0.201057	-0.215766	
-0.175397	-0.128098	-0.0743621	-0.0340845	-0.0231109	-0.0409898	-0.0692264	-0.0902209	-0.110529	-0.150327	-0.208558	-0.268756	-0.318419	-0.351911	-0.374111	-0.390875	-0.403117	-0.407715	-0.409257	-0.405441	-0.397159	-0.400054	-0.413654	-0.42638	-0.429857	
0.00721581	0.0562165	0.105266	0.134391	0.129682	0.0944427	0.0506093	0.0115357	-0.0290613	-0.087059	-0.167224	-0.260297	-0.347715	-0.419402	-0.477168	-0.531494	-0.576825	-0.608931	-0.63124	-0.641219	-0.642631	-0.643448	-0.649149	-0.647397	-0.631303	
0.183552	0.219821	0.251181	0.262084	0.241666	0.192402	0.132668	0.0773218	0.0217889	-0.0504154	-0.148134	-0.260064	-0.366306	-0.462411	-0.550197	-0.635063	-0.711446	-0.776676	-0.827972	-0.860137	-0.874329	-0.874539	-0.867229	-0.844371	-0.802494	
0.324376	0.344009	0.357211	0.3495	0.314064	0.248812	0.174679	0.102768	0.0330427	-0.0519392	-0.157141	-0.274471	-0.387493	-0.494746	-0.598488	-0.699948	-0.798237	-0.890458	-0.964839	-1.01515	-1.04173	-1.04109	-1.02263	-0.98238	-0.919862	
0.422146	0.419979	0.412344	0.386683	0.333584	0.254752	0.166066	0.081137	-0.00116321	-0.0879687	-0.189127	-0.303683	-0.412972	-0.520716	-0.625167	-0.729752	-0.832628	-0.933137	-1.01321	-1.0676	-1.1002	-1.09981	-1.0787	-1.03596	-0.970192	
0.476015	0.454664	0.425265	0.378708	0.312261	0.219394	0.121004	0.0277241	-0.0550354	-0.137894	-0.231422	-0.334853	-0.435245	-0.534357	-0.633491	-0.725978	-0.814672	-0.902517	-0.965902	-1.00913	-1.03711	-1.03755	-1.02289	-0.992389	-0.943242	
0.488144	0.444825	0.398455	0.340569	0.260158	0.163042	0.0666021	-0.0214732	-0.100776	-0.173439	-0.251708	-0.343884	-0.431142	-0.517152	-0.598178	-0.669145	-0.732276	-0.793327	-0.832878	-0.858286	-0.880689	-0.88424	-0.881143	-0.874098	-0.854648	
0.459296	0.399636	0.337539	0.26802	0.192026	0.107529	0.0260908	-0.0486378	-0.113114	-0.172283	-0.238217	-0.312298	-0.380446	-0.444236	-0.503564	-0.54637	-0.578033	-0.614979	-0.635612	-0.650506	-0.671024	-0.682271	-0.696086	-0.715037	-0.730081	
0.394119	0.318649	0.251439	0.189993	0.124834	0.0585403	2.02494e-05	-0.0526486	-0.102457	-0.146809	-0.190867	-0.24228	-0.287043	-0.324969	-0.356789	-0.372491	-0.381736	-0.40155	-0.411155	-0.42094	-0.445186	-0.469968	-0.501674	-0.546574	-0.595233	
0.297814	0.225931	0.166246	0.113316	0.0642241	0.0198262	-0.0189307	-0.0554678	-0.0885297	-0.113844	-0.134664	-0.157093	-0.17106	-0.181608	-0.192856	-0.191798	-0.186842	-0.195823	-0.201441	-0.211878	-0.243587	-0.281851	-0.330365	-0.397334	-0.471849	
0.173538	0.115417	0.0749302	0.0447532	0.0155176	-0.0132415	-0.0382013	-0.0606813	-0.0805706	-0.088124	-0.0840176	-0.0765287	-0.0659989	-0.0562303	-0.0519438	-0.0419399	-0.0323468	-0.0394194	-0.0464227	-0.0618743	-0.0996382	-0.147214	-0.207489	-0.285705	-0.374521	
0.00900762	-0.0228867	-0.0360013	-0.0450207	-0.058408	-0.0700468	-0.0775115	-0.0834768	-0.0865029	-0.080933	-0.0596557	-0.0319046	-0.000407267	0.025969	0.0404406	0.0556334	0.0652216	0.0594773	0.0451665	0.0214269	-0.02246	-0.0785592	-0.144671	-0.225841	-0.317661	
-0.180376	-0.192803	-0.189435	-0.184575	-0.178658	-0.167836	-0.153213	-0.137497	-0.124527	-0.105058	-0.0724734	-0.0322564	0.00770535	0.0405726	0.0633994	0.0811876	0.0926501	0.0874893	0.0690716	0.0409324	-0.00730549	-0.0678627	-0.138346	-0.217286	-0.306146	
-0.384256	-0.383622	-0.370494	-0.355421	-0.338475	-0.313666	-0.277464	-0.238074	-0.203456	-0.175043	-0.137573	-0.0926048	-0.0483851	-0.0133231	0.00881124	0.0254569	0.0368454	0.0378269	0.0244983	-0.000444229	-0.0458656	-0.108705	-0.182886	-0.260151	-0.345549	
-0.586194	-0.575797	-0.555629	-0.53752	-0.512889	-0.473998	-0.423596	-0.371465	-0.329072	-0.293568	-0.251403	-0.203002	-0.158605	-0.128535	-0.110923	-0.100986	-0.092685	-0.0869273	-0.0932205	-0.109771	-0.148835	-0.210034	-0.284279	-0.356598	-0.427289	
-0.780423	-0.760105	-0.73248	-0.704961	-0.670406	-0.629575	-0.576771	-0.520974	-0.47358	-0.439746	-0.402573	-0.357427	-0.31396	-0.286141	-0.271541	-0.267185	-0.263177	-0.259758	-0.266132	-0.282094	-0.319756	-0.373881	-0.438344	-0.49009	-0.531461	
-0.94417	-0.917473	-0.882253	-0.848867	-0.813419	-0.769693	-0.713318	-0.656999	-0.61528	-0.590552	-0.566932	-0.532946	-0.49377	-0.464447	-0.447378	-0.442248	-0.442589	-0.44876	-0.464248	-0.489983	-0.528102	-0.573032	-0.6148	-0.632724	-0.633995	
-1.05997	-1.02828	-0.993952	-0.962777	-0.924571	-0.880157	-0.823647	-0.769175	-0.732326	-0.719039	-0.710035	-0.688402	-0.653501	-0.625205	-0.607219	-0.603523	-0.611667	-0.629963	-0.656226	-0.686302	-0.723947	-0.755163	-0.772244	-0.758569	-0.714824	
-1.11789	-1.08513	-1.05218	-1.01894	-0.984542	-0.945991	-0.894215	-0.844613	-0.812173	-0.800635	-0.79845	-0.785322	-0.755683	-0.730716	-0.722135	-0.731209	-0.750457	-0.77861	-0.802802	-0.828294	-0.857533	-0.874328	-0.871808	-0.83245	-0.75567	
-1.12636	-1.08722	-1.05068	-1.01933	-0.99098	-0.958837	-0.913814	-0.867961	-0.834637	-0.820216	-0.815243	-0.802124	-0.777231	-0.763863	-0.771735	-0.792334	-0.822276	-0.857032	-0.879183	-0.895174	-0.911684	-0.913488	-0.891053	-0.834088	-0.7313	
-1.07945	-1.03602	-0.998177	-0.965794	-0.939936	-0.914108	-0.874206	-0.828368	-0.788309	-0.762574	-0.753591	-0.749332	-0.736416	-0.730478	-0.745067	-0.773184	-0.811284	-0.852187	-0.875312	-0.885577	-0.891446	-0.873275	-0.826565	-0.750664	-0.63047	
-0.981534	-0.936781	-0.897938	-0.868182	-0.850052	-0.826137	-0.781817	-0.725926	-0.675824	-0.646764	-0.642493	-0.646598	-0.640945	-0.640412	-0.65863	-0.688043	-0.727554	-0.774244	-0.801836	-0.80935	-0.804181	-0.76612	-0.696606	-0.600172	-0.469662	
-0.831722	-0.793764	-0.763295	-0.742595	-0.725425	-0.696068	-0.646984	-0.587259	-0.536139	-0.507381	-0.504488	-0.514903	-0.519796	-0.523157	-0.541132	-0.569466	-0.612554	-0.65997	-0.685802	-0.685041	-0.663666	-0.609416	-0.523197	-0.417644	-0.288213	
-0.640464	-0.619395	-0.599501	-0.58414	-0.567818	-0.540833	-0.495372	-0.440982	-0.394694	-0.370451	-0.370392	-0.387395	-0.398613	-0.408862	-0.430978	-0.465529	-0.508216	-0.546817	-0.562681	-0.54396	-0.50465	-0.432389	-0.338176	-0.232992	-0.117948	
-0.424156	-0.418784	-0.40942	-0.403032	-0.395882	-0.379868	-0.351475	-0.312247	-0.277143	-0.259444	-0.262989	-0.283287	-0.306375	-0.331382	-0.362492	-0.398446	-0.433322	-0.4591	-0.456471	-0.418148	-0.355785	-0.271441	-0.178208	-0.0789318	0.012687	
-0.210134	-0.216315	-0.214664	-0.222275	-0.232013	-0.24153	-0.237536	-0.218103	-0.197503	-0.188829	-0.197137	-0.227293	-0.267591	-0.306861	-0.341755	-0.374813	-0.400493	-0.406817	-0.383789	-0.325412	-0.246159	-0.154633	-0.0646605	0.0208251	0.0899098	
-0.00673554	-0.0213556	-0.0368778	-0.0655205	-0.100441	-0.137343	-0.159606	-0.16556	-0.165677	-0.17615	-0.202869	-0.249126	-0.299408	-0.346387	-0.382547	-0.407359	-0.412957	-0.395047	-0.348631	-0.272366	-0.181062	-0.0867809	-0.00471127	0.069349	0.117601	
0.172521	0.143247	0.107299	0.05478	-0.00626284	-0.0686433	-0.116589	-0.148528	-0.179528	-0.219419	-0.27083	-0.332283	-0.395858	-0.452627	-0.48425	-0.49029	-0.470671	-0.430652	-0.362383	-0.272138	-0.174034	-0.0806281	-0.00448224	0.0603462	0.0984501	
0.316272	0.276939	0.219404	0.145189	0.0629597	-0.0233689	-0.0969916	-0.162269	-0.226392	-0.295915	-0.373883	-0.458958	-0.538332	-0.598351	-0.627549	-0.617511	-0.576439	-0.512587	-0.424391	-0.326375	-0.227535	-0.136875	-0.0612772	-0.00297583	0.0310285	
0.407867	0.360562	0.297521	0.218304	0.118975	0.00914927	-0.0956033	-0.195521	-0.293433	-0.393713	-0.498141	-0.60101	-0.684567	-0.750348	-0.781648	-0.763084	-0.705844	-0.627228	-0.528057	-0.42082	-0.325342	-0.239926	-0.17088	-0.120621	-0.0836194	
0.45822	0.415964	0.357888	0.277884	0.168915	0.0427667	-0.0870814	-0.217959	-0.351941	-0.485032	-0.613402	-0.726604	-0.815185	-0.881915	-0.915496	-0.896831	-0.837009	-0.757131	-0.652135	-0.544822	-0.455735	-0.377347	-0.3156	-0.270443	-0.229376	
0.489177	0.448449	0.398978	0.324033	0.213891	0.0813196	-0.0621179	-0.216059	-0.377186	-0.533539	-0.679024	-0.806526	-0.900716	-0.966979	-1.00413	-0.990225	-0.934712	-0.859775	-0.769046	-0.678708	-0.606288	-0.535666	-0.472092	-0.423312	-0.373349	
0.48666	0.455408	0.417089	0.347647	0.240679	0.105862	-0.0465178	-0.20771	-0.371759	-0.535118	-0.689078	-0.82276	-0.9176	-0.982806	-1.01913	-1.00846	-0.960285	-0.903888	-0.841035	-0.778079	-0.72791	-0.669176	-0.610758	-0.556466	-0.501369	
0.449627	0.422068	0.396019	0.337403	0.235451	0.0997323	-0.0517042	-0.2039	-0.36407	-0.523405	-0.66787	-0.788576	-0.87084	-0.921069	-0.946677	-0.945829	-0.917845	-0.884626	-0.844778	-0.803923	-0.770326	-0.727613	-0.686157	-0.643022	-0.59646	
0.382209	0.355746	0.335237	0.280227	0.18766	0.0608588	-0.0790874	-0.224465	-0.374831	-0.520521	-0.645557	-0.737774	-0.78699	-0.803213	-0.815705	-0.823465	-0.813414	-0.795945	-0.767993	-0.73908	-0.712982	-0.689667	-0.674751	-0.653783	-0.626324	
0.292039	0.257686	0.227209	0.175919	0.0931291	-0.0214099	-0.149725	-0.277893	-0.406822	-0.529613	-0.620834	-0.672804	-0.680451	-0.665915	-0.654841	-0.650938	-0.644025	-0.632281	-0.614093	-0.595055	-0.580348	-0.577931	-0.585496	-0.587543	-0.579022	
0.180701	0.132226	0.08999	0.0380574	-0.0388533	-0.145548	-0.261289	-0.369988	-0.470482	-0.550326	-0.596687	-0.605987	-0.578343	-0.529544	-0.483419	-0.453656	-0.431056	-0.412815	-0.394633	-0.384948	-0.385307	-0.399	-0.424215	-0.44838	-0.463168	
0.0465351	-0.0220093	-0.0762926	-0.125034	-0.198674	-0.299791	-0.405172	-0.493047	-0.552184	-0.580677	-0.580328	-0.548531	-0.47927	-0.38983	-0.306871	-0.242878	-0.198789	-0.169008	-0.143349	-0.130608	-0.13757	-0.168941	-0.218706	-0.271921	-0.310092	
-0.10031	-0.188263	-0.254718	-0.311933	-0.388345	-0.478367	-0.560202	-0.609349	-0.620582	-0.603197	-0.562848	-0.488045	-0.373069	-0.243073	-0.124963	-0.0319846	0.0306478	0.0719218	0.109751	0.131194	0.117623	0.0714218	0.000354785	-0.0804449	-0.13931	
