-0.00224914	0	0	0	0	0	0	0	0	0	0	0	0	0	0	0	0	0	0	0	0	0	0	0	0	
-0.223051	-0.193147	-0.159565	-0.12331	-0.0850755	-0.0457624	-0.00887525	0.0234676	0.0514747	0.0781274	0.102457	0.121615	0.130094	0.127587	0.117059	0.0974904	0.0733182	0.0493039	0.0239306	0.00314665	-0.00654826	-0.00711236	0.00349071	0.0220026	0.0418494	
-0.415609	-0.370034	-0.315436	-0.250763	-0.178234	-0.101147	-0.0296739	0.0335639	0.0896791	0.140632	0.183177	0.214988	0.226218	0.220555	0.200798	0.168601	0.129894	0.0946278	0.0584044	0.0266564	0.014931	0.0142807	0.032586	0.0624524	0.0919589	
-0.566165	-0.516114	-0.455411	-0.378119	-0.281954	-0.17392	-0.0715695	0.0185081	0.0957715	0.163143	0.219548	0.260111	0.272794	0.264109	0.245275	0.213209	0.177483	0.149242	0.118154	0.0914166	0.0823125	0.0843175	0.102933	0.131457	0.158375	
-0.672473	-0.632252	-0.571682	-0.486994	-0.380193	-0.255077	-0.135976	-0.0293259	0.062639	0.139595	0.202482	0.25261	0.274101	0.276299	0.268695	0.252359	0.234175	0.225577	0.211932	0.194375	0.193597	0.195289	0.210479	0.229757	0.239728	
-0.730219	-0.696161	-0.643333	-0.566827	-0.459193	-0.329205	-0.207382	-0.102511	-0.0129496	0.0660472	0.140826	0.20645	0.244334	0.267788	0.289379	0.300774	0.307998	0.323856	0.328891	0.324092	0.326212	0.326881	0.333395	0.336749	0.325804	
-0.734593	-0.710752	-0.666925	-0.600167	-0.506892	-0.389779	-0.282211	-0.188045	-0.104184	-0.024541	0.0564352	0.137675	0.201163	0.254764	0.304771	0.344519	0.379282	0.418728	0.440835	0.443796	0.449136	0.445839	0.44299	0.430087	0.394189	
-0.680266	-0.668608	-0.646805	-0.605863	-0.533545	-0.439583	-0.351065	-0.272339	-0.198452	-0.121804	-0.0320246	0.0667117	0.149698	0.224844	0.298835	0.364593	0.422614	0.481705	0.519946	0.53384	0.541249	0.533964	0.52019	0.490401	0.433247	
-0.583018	-0.591388	-0.595555	-0.583183	-0.545263	-0.479367	-0.411334	-0.348057	-0.284526	-0.20668	-0.110367	-0.00613454	0.08838	0.177141	0.266739	0.347324	0.421648	0.497675	0.55073	0.575694	0.586132	0.57716	0.555921	0.51268	0.437624	
-0.453721	-0.481301	-0.514367	-0.53566	-0.526738	-0.488475	-0.442096	-0.396295	-0.342198	-0.271315	-0.181403	-0.0756857	0.0234023	0.117061	0.209607	0.298732	0.383234	0.466018	0.527074	0.558128	0.572191	0.563687	0.540043	0.492805	0.410712	
-0.30872	-0.348283	-0.398027	-0.441044	-0.458029	-0.442708	-0.416799	-0.390974	-0.357492	-0.304124	-0.225697	-0.130905	-0.0366872	0.0538104	0.147982	0.235831	0.315969	0.394246	0.450978	0.481547	0.49196	0.484858	0.465474	0.42156	0.343778	
-0.148252	-0.190536	-0.249197	-0.303333	-0.330183	-0.331339	-0.326185	-0.323051	-0.313804	-0.285953	-0.231022	-0.152663	-0.0723475	0.00654815	0.0865707	0.16049	0.22733	0.287504	0.330211	0.348872	0.352447	0.344952	0.329618	0.295253	0.228093	
0.0232283	-0.0147539	-0.0693354	-0.12454	-0.16129	-0.178732	-0.18887	-0.205172	-0.22127	-0.218463	-0.187538	-0.139397	-0.0865594	-0.0321553	0.0228329	0.0699107	0.111659	0.149892	0.174947	0.18309	0.177189	0.166343	0.15204	0.120926	0.0648909	
0.209611	0.17603	0.121932	0.0660066	0.023665	-0.00183071	-0.0232983	-0.0543345	-0.0874965	-0.106962	-0.106941	-0.0948603	-0.077109	-0.062321	-0.0509935	-0.0416238	-0.0280241	-0.0158119	-0.00802523	-0.0105316	-0.0239875	-0.0386233	-0.0557163	-0.084214	-0.13097	
0.396379	0.364504	0.314962	0.258437	0.213617	0.182512	0.15589	0.118319	0.0717168	0.0292239	-0.00421261	-0.031652	-0.0598642	-0.0935066	-0.128647	-0.158341	-0.177513	-0.194558	-0.205147	-0.219067	-0.240782	-0.259395	-0.277798	-0.303647	-0.338909	
0.563191	0.529849	0.479463	0.428522	0.386645	0.358101	0.333491	0.293256	0.234853	0.169123	0.105313	0.0348867	-0.037155	-0.112914	-0.187918	-0.255252	-0.310431	-0.35856	-0.394195	-0.426642	-0.460546	-0.484172	-0.50232	-0.522331	-0.543548	
0.6904	0.65424	0.606878	0.559464	0.524384	0.500127	0.474719	0.429921	0.359777	0.276046	0.182049	0.0818144	-0.0192515	-0.122803	-0.227973	-0.326522	-0.408637	-0.485738	-0.545775	-0.598449	-0.64507	-0.67443	-0.69461	-0.709707	-0.718794	
0.763993	0.727722	0.683993	0.645307	0.608533	0.575988	0.542412	0.487789	0.406646	0.308168	0.204184	0.0908118	-0.0232986	-0.13888	-0.258257	-0.371683	-0.472382	-0.5656	-0.641987	-0.707724	-0.761566	-0.797277	-0.820758	-0.836483	-0.839907	
0.774667	0.744134	0.706196	0.664068	0.619879	0.576358	0.523747	0.453708	0.36457	0.265681	0.159806	0.0494261	-0.0591308	-0.169654	-0.286588	-0.401149	-0.500812	-0.596493	-0.677541	-0.745943	-0.800733	-0.838528	-0.866571	-0.885612	-0.888127	
0.7091	0.679851	0.642694	0.601298	0.547928	0.486141	0.418993	0.343723	0.256139	0.160914	0.0668411	-0.0293454	-0.124036	-0.215817	-0.31195	-0.406781	-0.493225	-0.578087	-0.651759	-0.715761	-0.767607	-0.807451	-0.839961	-0.864402	-0.872092	
0.56337	0.528524	0.484898	0.432232	0.370202	0.307038	0.241336	0.172855	0.0996254	0.0233819	-0.053212	-0.130409	-0.200468	-0.262755	-0.328885	-0.395536	-0.455932	-0.517028	-0.57691	-0.634213	-0.683241	-0.725453	-0.764915	-0.801123	-0.82083	
0.355078	0.302778	0.243565	0.184813	0.124554	0.0656983	0.00877393	-0.0405452	-0.0885052	-0.138235	-0.187354	-0.236914	-0.281248	-0.317369	-0.351763	-0.387229	-0.418863	-0.453628	-0.494047	-0.537744	-0.580412	-0.624295	-0.676676	-0.729382	-0.764273	
0.0968798	0.0320479	-0.0320749	-0.0926919	-0.149893	-0.200992	-0.243419	-0.273303	-0.293268	-0.311754	-0.33017	-0.350139	-0.367799	-0.377341	-0.388558	-0.401615	-0.412057	-0.424346	-0.447038	-0.479847	-0.516116	-0.562987	-0.624784	-0.688223	-0.732573	
-0.18458	-0.252373	-0.314584	-0.365847	-0.407637	-0.442831	-0.474425	-0.490366	-0.49085	-0.483745	-0.474213	-0.470541	-0.466987	-0.459937	-0.451557	-0.448418	-0.447374	-0.451766	-0.472326	-0.502515	-0.538938	-0.583623	-0.641823	-0.699072	-0.733265	
-0.468099	-0.531859	-0.580085	-0.613144	-0.634177	-0.655393	-0.672019	-0.673905	-0.658795	-0.637515	-0.617611	-0.601464	-0.584183	-0.561177	-0.539663	-0.527634	-0.524352	-0.535548	-0.56577	-0.607226	-0.649674	-0.687588	-0.729215	-0.762793	-0.77258	
-0.718023	-0.771678	-0.808175	-0.8242	-0.825802	-0.823891	-0.823126	-0.816528	-0.797312	-0.769872	-0.741491	-0.721282	-0.700261	-0.676473	-0.653849	-0.642693	-0.646726	-0.670609	-0.713782	-0.764662	-0.809671	-0.837586	-0.85781	-0.863629	-0.842604	
-0.915884	-0.957086	-0.979133	-0.979126	-0.960201	-0.946016	-0.937992	-0.926974	-0.901667	-0.86667	-0.834979	-0.814487	-0.797829	-0.785316	-0.779226	-0.784825	-0.802812	-0.838791	-0.886799	-0.936238	-0.976846	-0.990774	-0.991119	-0.975933	-0.929677	
-1.05751	-1.08211	-1.08939	-1.07247	-1.04432	-1.02267	-1.00825	-0.996522	-0.972016	-0.932615	-0.894903	-0.876476	-0.871426	-0.879341	-0.898282	-0.926255	-0.959483	-1.00654	-1.05284	-1.095	-1.1242	-1.12109	-1.10245	-1.0674	-1.005	
-1.14764	-1.15677	-1.15082	-1.12552	-1.08815	-1.05851	-1.04116	-1.02972	-1.00501	-0.965168	-0.930713	-0.92105	-0.931016	-0.958554	-0.999169	-1.04185	-1.08634	-1.14064	-1.18748	-1.22218	-1.23717	-1.2144	-1.16855	-1.11267	-1.03214	
-1.18644	-1.18984	-1.18232	-1.15146	-1.10994	-1.07524	-1.05002	-1.0344	-1.0136	-0.981739	-0.958298	-0.963824	-0.988501	-1.02736	-1.07644	-1.12656	-1.17323	-1.2283	-1.27054	-1.29511	-1.29557	-1.24789	-1.17327	-1.09148	-0.996464	
-1.18769	-1.19681	-1.19388	-1.16717	-1.12539	-1.08022	-1.04603	-1.03034	-1.01895	-1.00214	-0.991664	-1.00382	-1.03452	-1.07907	-1.13424	-1.18301	-1.22382	-1.26932	-1.29693	-1.30132	-1.27515	-1.20386	-1.10562	-1.00624	-0.903242	
-1.15227	-1.17554	-1.1849	-1.16291	-1.11859	-1.07104	-1.04113	-1.0343	-1.03622	-1.03087	-1.02523	-1.04039	-1.07432	-1.11866	-1.17085	-1.21551	-1.24515	-1.26529	-1.26134	-1.22989	-1.1713	-1.07664	-0.964	-0.860083	-0.758693	
-1.07681	-1.11698	-1.13452	-1.12024	-1.08696	-1.05109	-1.03133	-1.03412	-1.04605	-1.05159	-1.05154	-1.06505	-1.09529	-1.13804	-1.18646	-1.21948	-1.22361	-1.20668	-1.16462	-1.09427	-1.00332	-0.88944	-0.77043	-0.664952	-0.569747	
-0.953375	-1.00288	-1.03243	-1.03658	-1.02211	-1.00156	-0.997531	-1.01143	-1.03299	-1.0469	-1.05136	-1.06545	-1.09706	-1.13451	-1.16603	-1.17505	-1.14877	-1.09463	-1.01455	-0.911832	-0.7945	-0.669182	-0.550821	-0.447962	-0.362146	
-0.774334	-0.836514	-0.881838	-0.908334	-0.915076	-0.916379	-0.926537	-0.949516	-0.98145	-1.01088	-1.02914	-1.04938	-1.07473	-1.09624	-1.10473	-1.08702	-1.03004	-0.937721	-0.827752	-0.701779	-0.570721	-0.442563	-0.328969	-0.235943	-0.162025	
-0.539304	-0.616068	-0.684476	-0.736507	-0.765402	-0.782733	-0.806063	-0.844858	-0.896473	-0.948341	-0.985947	-1.01256	-1.03084	-1.03841	-1.02199	-0.974933	-0.885085	-0.766524	-0.635317	-0.497191	-0.363056	-0.239407	-0.140766	-0.0567477	0.00470069	
-0.265141	-0.356632	-0.443431	-0.514976	-0.562179	-0.599993	-0.644284	-0.703402	-0.777528	-0.852288	-0.910914	-0.950359	-0.971293	-0.968642	-0.932668	-0.86215	-0.753753	-0.620016	-0.478283	-0.341129	-0.21232	-0.0992642	-0.0108968	0.0592491	0.107631	
0.0180738	-0.076139	-0.172999	-0.25826	-0.324272	-0.387992	-0.456775	-0.542715	-0.640223	-0.736273	-0.816805	-0.872094	-0.893559	-0.884372	-0.842633	-0.766301	-0.652607	-0.517945	-0.379472	-0.250958	-0.136588	-0.0372055	0.0363659	0.0896983	0.124061	
0.283833	0.191908	0.0943925	0.00473007	-0.079597	-0.166047	-0.260423	-0.37187	-0.494021	-0.612354	-0.711196	-0.77702	-0.801536	-0.796126	-0.757693	-0.685381	-0.58314	-0.468909	-0.34826	-0.236732	-0.140134	-0.0577662	-0.000996662	0.0341563	0.0575294	
0.524027	0.438472	0.338157	0.239277	0.142337	0.0406052	-0.0719381	-0.203984	-0.345886	-0.478286	-0.592547	-0.673712	-0.710401	-0.707621	-0.676281	-0.618626	-0.539193	-0.454135	-0.362897	-0.283701	-0.214049	-0.148044	-0.0989176	-0.0752827	-0.0608182	
0.706918	0.622532	0.520793	0.419777	0.311752	0.196624	0.072662	-0.0662569	-0.207907	-0.341298	-0.460006	-0.55239	-0.597669	-0.60404	-0.586674	-0.544968	-0.492021	-0.442894	-0.396598	-0.354965	-0.315273	-0.26947	-0.229599	-0.214251	-0.201961	
0.799852	0.722528	0.623877	0.516158	0.397836	0.276834	0.149319	0.0169263	-0.114049	-0.234329	-0.340711	-0.424398	-0.46917	-0.47952	-0.469258	-0.450077	-0.428914	-0.417818	-0.406218	-0.393345	-0.380781	-0.357519	-0.341059	-0.342301	-0.338992	
0.801362	0.722107	0.622624	0.512962	0.394712	0.275276	0.152332	0.0298199	-0.0871484	-0.185623	-0.262134	-0.318557	-0.345759	-0.343838	-0.337613	-0.338596	-0.343652	-0.353331	-0.361732	-0.369257	-0.374944	-0.377321	-0.387445	-0.410504	-0.422996	
0.7202	0.638341	0.535763	0.419778	0.305402	0.194191	0.080875	-0.0270858	-0.118511	-0.183561	-0.220998	-0.240136	-0.240487	-0.225562	-0.212945	-0.213371	-0.220786	-0.236317	-0.258667	-0.280874	-0.30424	-0.329143	-0.362025	-0.397267	-0.420104	
0.573382	0.486034	0.377187	0.261382	0.151543	0.0449447	-0.0576225	-0.139589	-0.194009	-0.214574	-0.202273	-0.18119	-0.159628	-0.130901	-0.0971071	-0.0773939	-0.0696735	-0.0764733	-0.100686	-0.137648	-0.178056	-0.219974	-0.265871	-0.306609	-0.341416	
0.36648	0.27894	0.173834	0.0580531	-0.0500183	-0.150777	-0.235362	-0.28779	-0.299971	-0.267494	-0.209284	-0.149401	-0.0972714	-0.0402859	0.0194765	0.0633944	0.0949945	0.106852	0.0927871	0.052155	0.00294925	-0.0542006	-0.114115	-0.165226	-0.21488	
0.132608	0.0456652	-0.0633122	-0.176869	-0.277585	-0.360818	-0.41352	-0.427771	-0.395609	-0.325106	-0.227418	-0.123447	-0.0292502	0.0565484	0.137527	0.207836	0.258353	0.286076	0.284605	0.25076	0.201416	0.133823	0.0637218	0.000534584	-0.0595494	
-0.0941333	-0.19121	-0.30926	-0.422313	-0.511209	-0.559813	-0.568972	-0.541391	-0.474978	-0.365239	-0.225174	-0.0802677	0.0485232	0.156299	0.257948	0.346683	0.414359	0.456208	0.462671	0.429979	0.374883	0.308865	0.244434	0.177817	0.109862	
-0.304969	-0.419515	-0.544271	-0.647753	-0.712295	-0.725535	-0.696242	-0.632262	-0.522783	-0.365529	-0.186253	-0.0100062	0.14173	0.266519	0.377721	0.479437	0.559887	0.604059	0.606182	0.567101	0.509629	0.449842	0.395779	0.336989	0.271295	
-0.487731	-0.613787	-0.729012	-0.811998	-0.852019	-0.833393	-0.769019	-0.662881	-0.511345	-0.322376	-0.12029	0.0751334	0.244576	0.380565	0.494915	0.594213	0.667224	0.702112	0.696936	0.657949	0.604449	0.554322	0.512313	0.462208	0.402996	
