-0.000162633	0	0	0	0	0	0	0	0	0	0	0	0	0	0	0	0	0	0	0	0	0	0	0	0	
-0.0175186	-0.0308135	-0.0418063	-0.0472579	-0.0452842	-0.0406271	-0.0378226	-0.0369038	-0.0336923	-0.0357534	-0.0403043	-0.0432853	-0.0492039	-0.0597051	-0.069859	-0.0727759	-0.0718501	-0.0616862	-0.0475228	-0.0324455	-0.0170982	-0.00336003	0.0121996	0.027918	0.0457378	
-0.0323729	-0.055657	-0.0739211	-0.0817381	-0.0752541	-0.0627919	-0.0569345	-0.052925	-0.0470252	-0.0496871	-0.0597973	-0.0657564	-0.0787566	-0.101163	-0.120322	-0.129087	-0.126251	-0.106932	-0.078422	-0.0474169	-0.0176055	0.0118913	0.0422668	0.0739209	0.108995	
-0.043038	-0.0698192	-0.0855762	-0.0924964	-0.0789689	-0.0547773	-0.0383519	-0.0298165	-0.0181818	-0.022501	-0.0341392	-0.0434916	-0.06462	-0.0975337	-0.128303	-0.141825	-0.141613	-0.113052	-0.0727851	-0.029618	0.0147528	0.0556251	0.100698	0.145781	0.195679	
-0.0430685	-0.0684421	-0.0801327	-0.0745204	-0.0425742	0.00246885	0.0329658	0.05473	0.0749413	0.0746218	0.0617919	0.0499164	0.0199038	-0.0264115	-0.0683481	-0.0941538	-0.0969244	-0.0650689	-0.0168635	0.0361952	0.0890024	0.140954	0.194379	0.249334	0.309079	
-0.0452335	-0.0618147	-0.0565075	-0.0316032	0.0271381	0.0999703	0.156206	0.198475	0.236179	0.245334	0.237968	0.225949	0.189177	0.132182	0.075642	0.0372821	0.0248692	0.0555168	0.103707	0.157915	0.213585	0.265334	0.321046	0.37669	0.437908	
-0.051706	-0.054717	-0.0324358	0.0202285	0.112693	0.222826	0.313714	0.387724	0.451394	0.478689	0.483053	0.475389	0.436149	0.369686	0.298682	0.244117	0.220454	0.242042	0.284518	0.334168	0.384109	0.430666	0.478064	0.527054	0.580568	
-0.0642106	-0.0611964	-0.019559	0.0602488	0.187027	0.336095	0.468857	0.582334	0.677143	0.732239	0.755685	0.759358	0.724669	0.653132	0.571635	0.502963	0.467229	0.477495	0.509615	0.551096	0.590454	0.624019	0.658093	0.691547	0.72907	
-0.081563	-0.0772469	-0.0289939	0.069594	0.224968	0.41117	0.585715	0.737136	0.869051	0.956585	1.00666	1.02743	1.00309	0.93532	0.847488	0.770952	0.725461	0.724127	0.748483	0.780215	0.808532	0.828708	0.845487	0.861661	0.878814	
-0.09373	-0.104726	-0.0604516	0.0459858	0.217604	0.429094	0.636158	0.825189	0.989166	1.11085	1.18872	1.23078	1.22408	1.16449	1.08101	1.00131	0.952551	0.945968	0.965813	0.993919	1.0139	1.02368	1.02621	1.02373	1.01917	
-0.102415	-0.137842	-0.111194	-0.0122041	0.161077	0.383183	0.613407	0.827883	1.01776	1.16827	1.27545	1.34187	1.35493	1.31425	1.24148	1.16914	1.12467	1.11948	1.14278	1.16947	1.18668	1.18904	1.17828	1.15885	1.13229	
-0.113604	-0.179996	-0.181082	-0.0977444	0.0659273	0.285679	0.524316	0.754596	0.960761	1.13443	1.26636	1.3541	1.38959	1.37108	1.31732	1.25861	1.22749	1.23267	1.26513	1.29864	1.31823	1.31814	1.29703	1.26027	1.21097	
-0.134609	-0.235012	-0.264633	-0.205094	-0.0617308	0.145406	0.383241	0.620142	0.832975	1.02139	1.17147	1.27847	1.33717	1.34438	1.31451	1.27856	1.26868	1.29151	1.33904	1.38327	1.40935	1.40628	1.37477	1.31878	1.24367	
-0.168242	-0.300688	-0.362884	-0.328063	-0.204817	-0.0142409	0.217975	0.453064	0.668207	0.863066	1.02417	1.14719	1.22341	1.25356	1.24723	1.23711	1.25197	1.29389	1.36102	1.4204	1.45487	1.45291	1.41209	1.33748	1.23791	
-0.206031	-0.371059	-0.461779	-0.450352	-0.34878	-0.173727	0.0480001	0.281305	0.494938	0.692394	0.860715	0.992149	1.08104	1.12572	1.14097	1.15483	1.18778	1.24857	1.33268	1.40598	1.44966	1.44723	1.40107	1.31073	1.18874	
-0.242784	-0.434642	-0.551326	-0.56292	-0.479819	-0.320488	-0.104331	0.127138	0.343733	0.54387	0.714407	0.851799	0.943818	0.996996	1.02427	1.04863	1.08994	1.15801	1.25161	1.33246	1.37976	1.38108	1.33304	1.23382	1.10245	
-0.269054	-0.485433	-0.626522	-0.657852	-0.591249	-0.442128	-0.231715	0.00319183	0.226717	0.430628	0.605259	0.745313	0.838867	0.890543	0.916168	0.937636	0.970412	1.03308	1.1205	1.19619	1.24469	1.2486	1.20488	1.10933	0.979921	
-0.28779	-0.518418	-0.676229	-0.726285	-0.67445	-0.535096	-0.327938	-0.0905299	0.141343	0.351516	0.531594	0.675265	0.765808	0.807404	0.821721	0.827289	0.839389	0.880386	0.945073	1.00723	1.05008	1.05772	1.02409	0.941543	0.831314	
-0.292096	-0.530309	-0.699088	-0.760687	-0.718356	-0.587894	-0.387469	-0.148377	0.0911578	0.307489	0.489668	0.632263	0.71324	0.737907	0.732531	0.711335	0.691178	0.696285	0.729024	0.770247	0.804922	0.818626	0.800916	0.745611	0.667104	
-0.282857	-0.5137	-0.681923	-0.749242	-0.714237	-0.589147	-0.393953	-0.157431	0.0840936	0.296775	0.473561	0.603297	0.666262	0.666736	0.632473	0.578177	0.51879	0.485884	0.484098	0.501952	0.528193	0.548166	0.550842	0.527584	0.48728	
-0.258573	-0.479152	-0.639906	-0.70346	-0.663607	-0.53821	-0.346699	-0.112381	0.124038	0.328666	0.488296	0.594434	0.628569	0.593588	0.523531	0.427828	0.33104	0.260725	0.224104	0.219728	0.235656	0.262958	0.284961	0.292261	0.292014	
-0.234162	-0.436145	-0.582711	-0.635111	-0.588208	-0.456642	-0.262543	-0.0305934	0.199792	0.390861	0.528775	0.602302	0.597552	0.523084	0.410589	0.276273	0.147398	0.0438688	-0.0203598	-0.0462104	-0.038753	-0.00800538	0.0234004	0.0543117	0.084249	
-0.205808	-0.393122	-0.526562	-0.570365	-0.513621	-0.375822	-0.178983	0.0518267	0.274739	0.455105	0.571885	0.61207	0.570728	0.458766	0.308738	0.14234	-0.0123286	-0.139477	-0.226478	-0.268862	-0.26983	-0.24383	-0.207855	-0.165187	-0.116266	
-0.17279	-0.347631	-0.47329	-0.510527	-0.45476	-0.319874	-0.126833	0.0974927	0.310427	0.481814	0.583905	0.600286	0.534068	0.39773	0.223053	0.0345998	-0.133961	-0.277918	-0.380597	-0.436153	-0.449038	-0.427242	-0.391942	-0.342776	-0.28104	
-0.122867	-0.28987	-0.410764	-0.453697	-0.410545	-0.292323	-0.114503	0.0918061	0.287348	0.45029	0.544274	0.551333	0.475551	0.33487	0.150222	-0.0437116	-0.217697	-0.371671	-0.484826	-0.555264	-0.576072	-0.55961	-0.521475	-0.464551	-0.394276	
-0.0498515	-0.215486	-0.344043	-0.400337	-0.381265	-0.292763	-0.144941	0.0317901	0.204564	0.356696	0.451402	0.461028	0.396525	0.268411	0.0941663	-0.0903788	-0.261981	-0.417906	-0.542097	-0.624081	-0.656147	-0.644974	-0.60199	-0.538824	-0.456463	
0.0393674	-0.1366	-0.277031	-0.354966	-0.371593	-0.324237	-0.213625	-0.0700524	0.0765599	0.220221	0.319759	0.34564	0.30322	0.20036	0.0502945	-0.114482	-0.272593	-0.423676	-0.5497	-0.640215	-0.683379	-0.677881	-0.634072	-0.566304	-0.479103	
0.140865	-0.0487088	-0.215016	-0.330402	-0.391057	-0.388895	-0.320088	-0.211503	-0.0853768	0.0535364	0.165329	0.214405	0.200353	0.128676	0.0104626	-0.122906	-0.257412	-0.388826	-0.50418	-0.595111	-0.646013	-0.650102	-0.613652	-0.55449	-0.477735	
0.244345	0.0273059	-0.172503	-0.327171	-0.43457	-0.483703	-0.457546	-0.377162	-0.263451	-0.125456	0.00277195	0.078614	0.0957883	0.0546771	-0.0269466	-0.123626	-0.226128	-0.324462	-0.417371	-0.496385	-0.549909	-0.565557	-0.545895	-0.510296	-0.458124	
0.317122	0.0799134	-0.150575	-0.346482	-0.500587	-0.591991	-0.603926	-0.547199	-0.445168	-0.305458	-0.161475	-0.0566182	-0.00804103	-0.0180731	-0.0592988	-0.119246	-0.181872	-0.242621	-0.303398	-0.362847	-0.416069	-0.441882	-0.447753	-0.441007	-0.420052	
0.352438	0.0917757	-0.167444	-0.394654	-0.57543	-0.69959	-0.743379	-0.708727	-0.615715	-0.478409	-0.323241	-0.190747	-0.111438	-0.0841144	-0.0848454	-0.102267	-0.12416	-0.146458	-0.175073	-0.219265	-0.269746	-0.30957	-0.339183	-0.358224	-0.367717	
0.338304	0.0555614	-0.224416	-0.466641	-0.662394	-0.80293	-0.865294	-0.844178	-0.760527	-0.629876	-0.467726	-0.314839	-0.203998	-0.139856	-0.0973313	-0.0742132	-0.0577257	-0.0484289	-0.0567529	-0.0904868	-0.142723	-0.192243	-0.237915	-0.273466	-0.301373	
0.293629	-0.00839513	-0.302595	-0.55448	-0.752504	-0.892825	-0.961638	-0.948106	-0.872761	-0.74604	-0.582018	-0.414098	-0.277624	-0.178247	-0.100305	-0.0436473	0.00396319	0.0337817	0.0396641	0.0106028	-0.0405851	-0.0972061	-0.153821	-0.198487	-0.238542	
0.227781	-0.0894217	-0.395427	-0.649574	-0.840939	-0.97739	-1.04552	-1.03335	-0.956613	-0.824678	-0.65232	-0.468132	-0.308198	-0.180709	-0.0828704	-0.00803896	0.0551825	0.0945056	0.106916	0.0817468	0.0310761	-0.0328691	-0.0988701	-0.152543	-0.19528	
0.143885	-0.179035	-0.48306	-0.732227	-0.922749	-1.05528	-1.11806	-1.10383	-1.02	-0.874262	-0.681736	-0.480277	-0.298133	-0.152634	-0.0502626	0.0288005	0.0924562	0.134465	0.149975	0.129369	0.0806784	0.00937035	-0.0656659	-0.128152	-0.171287	
0.0576474	-0.25893	-0.556293	-0.802699	-0.990739	-1.11719	-1.17765	-1.16131	-1.07116	-0.905634	-0.694439	-0.476546	-0.274246	-0.117299	-0.010999	0.064838	0.125187	0.164134	0.177532	0.160778	0.110249	0.0357731	-0.0438801	-0.113159	-0.152772	
-0.0165439	-0.32479	-0.609922	-0.846447	-1.02799	-1.15022	-1.20261	-1.18264	-1.08854	-0.916052	-0.698811	-0.473332	-0.262053	-0.0954716	0.0161391	0.0941682	0.150638	0.182226	0.190495	0.170196	0.117791	0.0464455	-0.0290229	-0.093863	-0.125961	
-0.0765786	-0.370363	-0.638509	-0.860942	-1.03123	-1.13877	-1.17647	-1.15199	-1.06116	-0.896477	-0.689041	-0.472363	-0.264658	-0.0965926	0.0246664	0.108074	0.162833	0.188982	0.190793	0.166093	0.112221	0.0493648	-0.0149734	-0.0690641	-0.0933609	
-0.127463	-0.402446	-0.650261	-0.85109	-0.999797	-1.08682	-1.11109	-1.08151	-0.998167	-0.853568	-0.668881	-0.46956	-0.275604	-0.112288	0.0162098	0.106698	0.164218	0.192249	0.197103	0.17216	0.121625	0.0643742	0.00461576	-0.0469077	-0.075489	
-0.164816	-0.421931	-0.645974	-0.81852	-0.938156	-1.00583	-1.01785	-0.9857	-0.916844	-0.799273	-0.642328	-0.461606	-0.28815	-0.137154	-0.00731418	0.0858763	0.150277	0.190126	0.210385	0.199483	0.159969	0.107538	0.0438977	-0.0197033	-0.0643664	
-0.16786	-0.405062	-0.606601	-0.74921	-0.842464	-0.892728	-0.899759	-0.875834	-0.82449	-0.739614	-0.612421	-0.457637	-0.311344	-0.175655	-0.0536506	0.0441185	0.121419	0.183492	0.232771	0.245373	0.22739	0.180842	0.107339	0.025442	-0.046768	
-0.124978	-0.34238	-0.523213	-0.642552	-0.717328	-0.759374	-0.772545	-0.755164	-0.720323	-0.664291	-0.569392	-0.448645	-0.329705	-0.215649	-0.103161	0.001378	0.0953416	0.183579	0.254934	0.289995	0.291964	0.250804	0.176844	0.0814587	-0.0113165	
-0.0430573	-0.233649	-0.393121	-0.500859	-0.571072	-0.615297	-0.634828	-0.62674	-0.607873	-0.574152	-0.511048	-0.426447	-0.336237	-0.242968	-0.138358	-0.0259614	0.0873834	0.194728	0.278643	0.329222	0.342191	0.311133	0.244461	0.146544	0.0469436	
0.0673638	-0.0975826	-0.240376	-0.343668	-0.41315	-0.462573	-0.495207	-0.504442	-0.502902	-0.484907	-0.452031	-0.397623	-0.325303	-0.243031	-0.141841	-0.0248579	0.102839	0.218716	0.309489	0.36898	0.387706	0.368315	0.310325	0.218793	0.11881	
0.186347	0.0436717	-0.0852297	-0.183807	-0.25486	-0.311072	-0.353251	-0.383377	-0.401946	-0.405885	-0.399484	-0.361344	-0.29651	-0.214794	-0.118498	-0.00077715	0.129602	0.24525	0.34428	0.409874	0.437531	0.430041	0.382068	0.30133	0.203861	
0.312415	0.180114	0.0540776	-0.04778	-0.120941	-0.173418	-0.218323	-0.266718	-0.306309	-0.329733	-0.337647	-0.310432	-0.250671	-0.172989	-0.0809659	0.0341709	0.156262	0.27293	0.377762	0.449618	0.487821	0.49178	0.461953	0.39565	0.305276	
0.423681	0.29254	0.16135	0.0547063	-0.0201309	-0.0723738	-0.120751	-0.176856	-0.21972	-0.248545	-0.261524	-0.243344	-0.197359	-0.133886	-0.0478309	0.0605273	0.178446	0.301138	0.41313	0.49242	0.538012	0.557261	0.548472	0.499103	0.418782	
0.488819	0.360646	0.227394	0.117827	0.0307509	-0.0304612	-0.082948	-0.126392	-0.158089	-0.179296	-0.184915	-0.168889	-0.142306	-0.102602	-0.02951	0.0684408	0.185476	0.317166	0.441874	0.531563	0.590157	0.6249	0.633021	0.601614	0.529265	
0.493068	0.36917	0.239248	0.121548	0.0233359	-0.0458509	-0.0929862	-0.120224	-0.13738	-0.142202	-0.133926	-0.114103	-0.106117	-0.0865695	-0.0331808	0.0479857	0.159254	0.29974	0.444057	0.558302	0.642666	0.692591	0.712136	0.689835	0.626329	
0.440355	0.314473	0.178995	0.0543161	-0.043784	-0.111522	-0.150754	-0.162586	-0.159946	-0.15142	-0.135149	-0.114266	-0.109165	-0.0984399	-0.066211	-0.00365676	0.0977049	0.244429	0.407893	0.554886	0.670702	0.738677	0.766468	0.752106	0.703185	
