0.00745279	0.0297891	0.0729303	0.149129	0.2696	0.435043	0.625121	0.803818	0.922576	0.951877	0.88208	0.735306	0.54962	0.356497	0.186178	0.0504575	-0.0362324	-0.0762894	-0.0717976	-0.0405342	0.015465	0.0842556	0.160777	0.231237	0.285365	
0	0.00393233	0.02656	0.0852571	0.193255	0.350298	0.540055	0.719478	0.845629	0.877433	0.806945	0.6511	0.447756	0.235275	0.0415139	-0.113438	-0.220956	-0.277927	-0.290873	-0.271059	-0.221155	-0.148554	-0.0586345	0.0320017	0.106966	
0	-0.0192133	-0.0192681	0.0220835	0.113159	0.261783	0.443399	0.623475	0.752019	0.787408	0.717969	0.553119	0.336135	0.100967	-0.115715	-0.294034	-0.423553	-0.498774	-0.530072	-0.522589	-0.482292	-0.408907	-0.307989	-0.200487	-0.101407	
0	-0.0367148	-0.053531	-0.0266393	0.05185	0.189737	0.363788	0.540739	0.67077	0.710283	0.642273	0.473674	0.244122	-0.0103456	-0.250338	-0.453287	-0.605687	-0.701386	-0.751806	-0.75967	-0.733803	-0.66427	-0.561058	-0.436774	-0.318172	
0	-0.0498874	-0.077969	-0.0626337	0.0065965	0.13519	0.302665	0.478787	0.612457	0.66185	0.602489	0.439287	0.206181	-0.0602333	-0.319888	-0.54633	-0.723141	-0.842849	-0.913625	-0.942671	-0.932205	-0.875393	-0.771657	-0.637126	-0.499631	
0	-0.0540889	-0.0852249	-0.0741432	-0.00763439	0.11534	0.281167	0.457258	0.598642	0.661194	0.616869	0.467725	0.240485	-0.0293692	-0.300421	-0.546589	-0.744344	-0.8859	-0.976982	-1.02485	-1.03323	-0.99268	-0.898414	-0.762585	-0.617226	
0	-0.0452625	-0.068679	-0.0493221	0.0210311	0.147232	0.313313	0.492164	0.642369	0.718217	0.694068	0.563629	0.350235	0.08742	-0.188703	-0.444529	-0.65933	-0.817171	-0.924983	-0.98854	-1.01547	-0.994541	-0.917769	-0.794341	-0.651928	
0	-0.0307429	-0.0387664	-0.00762303	0.0740349	0.205834	0.375974	0.560826	0.719928	0.814904	0.814001	0.710841	0.521728	0.273807	0.00520974	-0.255825	-0.481163	-0.653409	-0.775221	-0.852002	-0.893202	-0.890094	-0.832795	-0.725504	-0.595396	
0	-0.0148316	-0.00798701	0.0381341	0.130563	0.270004	0.445096	0.634189	0.804454	0.917205	0.9445	0.874325	0.716151	0.496039	0.243126	-0.0111914	-0.239234	-0.419176	-0.549377	-0.632434	-0.683176	-0.693022	-0.655176	-0.570152	-0.460958	
0	0.00344198	0.0297248	0.0899588	0.195763	0.34	0.516345	0.706153	0.87951	1.00813	1.05933	1.02298	0.902248	0.718068	0.495184	0.261524	0.0445132	-0.132373	-0.261221	-0.347001	-0.400979	-0.424375	-0.409233	-0.354192	-0.276401	
0	0.0215448	0.0638379	0.139836	0.254715	0.403031	0.577942	0.763032	0.937696	1.07489	1.14682	1.14181	1.05905	0.915178	0.729155	0.524118	0.327543	0.162117	0.0397293	-0.039569	-0.0924815	-0.122111	-0.125853	-0.101512	-0.0607377	
0	0.0376811	0.0964123	0.184378	0.308421	0.457603	0.627589	0.804658	0.973231	1.11287	1.19853	1.2196	1.17141	1.06738	0.918641	0.748744	0.576946	0.428116	0.318484	0.247067	0.200909	0.169637	0.150866	0.146825	0.152211	
0	0.0525525	0.124641	0.223677	0.352988	0.500411	0.661467	0.825579	0.982421	1.11917	1.21272	1.25602	1.24024	1.17459	1.07	0.938768	0.800058	0.673692	0.577595	0.51394	0.470309	0.431472	0.39384	0.358384	0.323409	
0	0.0672533	0.152084	0.261159	0.393548	0.536677	0.685244	0.830607	0.971115	1.09558	1.1912	1.24837	1.25885	1.23176	1.16921	1.08207	0.980476	0.880363	0.799974	0.740923	0.692158	0.640061	0.576462	0.504479	0.431192	
0	0.0784396	0.173725	0.288206	0.421728	0.556932	0.689771	0.814668	0.932227	1.04186	1.13103	1.19572	1.22656	1.22947	1.20509	1.15765	1.09263	1.02057	0.956099	0.899159	0.845268	0.775349	0.68485	0.579207	0.466361	
0	0.0869042	0.186774	0.305459	0.433156	0.558096	0.670819	0.769538	0.86185	0.94814	1.02717	1.09211	1.13756	1.16578	1.17642	1.16833	1.14354	1.10182	1.05361	0.999576	0.932618	0.839909	0.718252	0.575033	0.427965	
0	0.0917791	0.195645	0.311663	0.43289	0.541685	0.631621	0.702046	0.764535	0.826718	0.891459	0.954851	1.01205	1.0642	1.10719	1.13998	1.15306	1.14151	1.10961	1.05264	0.969568	0.849204	0.692371	0.516674	0.341214	
0	0.0992032	0.206175	0.323646	0.436184	0.532201	0.599129	0.6424	0.675182	0.711098	0.758396	0.8144	0.877659	0.943996	1.01389	1.07715	1.12385	1.14039	1.12281	1.0662	0.968239	0.821617	0.636187	0.431343	0.233039	
0	0.112662	0.230235	0.352182	0.462457	0.547599	0.596387	0.614225	0.620246	0.629529	0.659159	0.705434	0.769753	0.846617	0.933262	1.02005	1.0913	1.12772	1.12022	1.05994	0.945062	0.776845	0.564777	0.337446	0.125086	
0	0.131251	0.2641	0.395082	0.507198	0.586816	0.622072	0.622071	0.605393	0.595366	0.609465	0.648761	0.714048	0.797052	0.894868	0.995929	1.08034	1.12831	1.12227	1.0537	0.92392	0.734234	0.501398	0.257683	0.0317248	
0	0.155257	0.307247	0.45249	0.569259	0.647928	0.674349	0.660517	0.62762	0.600911	0.604117	0.63764	0.704491	0.791379	0.896376	1.00237	1.09244	1.1411	1.12954	1.05128	0.905238	0.70028	0.454147	0.196558	-0.0374247	
0	0.178703	0.351663	0.508472	0.632961	0.709828	0.731657	0.708093	0.663657	0.626709	0.622302	0.654716	0.722963	0.814541	0.919727	1.02596	1.11055	1.15302	1.13287	1.04474	0.891021	0.68261	0.432486	0.172537	-0.0700689	
0	0.202083	0.393458	0.56307	0.691663	0.768708	0.78465	0.754273	0.699504	0.65455	0.643472	0.674273	0.744093	0.836066	0.940105	1.03925	1.11433	1.14737	1.11786	1.02615	0.875264	0.673948	0.436427	0.180751	-0.0647654	
0	0.222173	0.430313	0.607715	0.739965	0.812926	0.824753	0.786667	0.725246	0.673757	0.658362	0.68911	0.759313	0.851406	0.949462	1.03609	1.09601	1.11281	1.07385	0.982301	0.841679	0.663606	0.45116	0.215108	-0.0209215	
0	0.239912	0.461736	0.645294	0.77815	0.84697	0.853518	0.809982	0.742528	0.686465	0.66601	0.695051	0.761678	0.849481	0.934342	1.00384	1.04073	1.03958	0.990788	0.90249	0.781173	0.633708	0.457892	0.254879	0.0391963	
0	0.256912	0.491224	0.680548	0.812808	0.877732	0.878964	0.831141	0.758289	0.697364	0.669981	0.692292	0.750673	0.825091	0.892571	0.935221	0.946861	0.9229	0.864645	0.782231	0.683444	0.571923	0.442175	0.280378	0.100569	
0	0.271148	0.515947	0.708537	0.840121	0.899706	0.898373	0.846435	0.772373	0.706706	0.672836	0.686091	0.730325	0.788213	0.830493	0.844517	0.826998	0.779924	0.713784	0.638711	0.56351	0.49155	0.407231	0.296115	0.158833	
0	0.284714	0.5383	0.735345	0.86425	0.921563	0.916281	0.864339	0.789187	0.720971	0.680687	0.682362	0.711582	0.74965	0.767183	0.754165	0.709257	0.642831	0.56927	0.498984	0.443921	0.401376	0.359645	0.298041	0.211642	
0	0.299691	0.56478	0.767938	0.898873	0.956074	0.952226	0.902669	0.829961	0.759886	0.711462	0.697095	0.70536	0.715973	0.706139	0.661521	0.592222	0.506356	0.427386	0.362158	0.323117	0.307081	0.303632	0.291928	0.26065	
0	0.316626	0.594551	0.808319	0.944062	1.00659	1.00847	0.964541	0.898427	0.825294	0.768044	0.731876	0.711426	0.690095	0.64506	0.571352	0.475911	0.375546	0.291837	0.231956	0.205569	0.211657	0.239848	0.275643	0.29635	
0	0.33047	0.620137	0.842591	0.983862	1.05278	1.0599	1.02508	0.963495	0.890478	0.822853	0.764418	0.716829	0.662987	0.590126	0.492903	0.379957	0.270773	0.183123	0.123806	0.102628	0.116725	0.167225	0.23818	0.30658	
0	0.337659	0.633403	0.860217	1.00536	1.07771	1.09119	1.06244	1.00637	0.931592	0.852437	0.771698	0.69579	0.612301	0.517323	0.403804	0.284324	0.173376	0.0863619	0.0300406	0.009568	0.0289043	0.0920863	0.190024	0.29468	
0	0.337951	0.633345	0.861578	1.00727	1.08366	1.10185	1.07924	1.02778	0.949117	0.857622	0.752256	0.646045	0.535249	0.417901	0.297234	0.175511	0.0719307	-0.00839539	-0.0556244	-0.0694567	-0.0400371	0.0366761	0.1569	0.290094	
0	0.337735	0.635653	0.864292	1.01522	1.0952	1.11811	1.10097	1.04728	0.964009	0.852819	0.721695	0.584592	0.445895	0.314145	0.189702	0.0759426	-0.015167	-0.0830318	-0.118349	-0.121504	-0.0824522	0.0068274	0.140895	0.293157	
0	0.338801	0.639061	0.87251	1.03028	1.11664	1.14676	1.13174	1.07678	0.983521	0.851932	0.694396	0.525635	0.362686	0.218449	0.0936992	-0.00816085	-0.085758	-0.140314	-0.162401	-0.156512	-0.107552	-0.0115729	0.127531	0.286217	
0	0.334949	0.634418	0.87101	1.0359	1.13114	1.16911	1.15884	1.10306	1.00114	0.852498	0.670941	0.474367	0.290777	0.132591	0.00927433	-0.0856119	-0.152741	-0.195674	-0.2088	-0.191249	-0.133512	-0.0328872	0.105312	0.262712	
0	0.328379	0.626414	0.864099	1.0377	1.1408	1.18606	1.17977	1.11909	1.01024	0.843706	0.643496	0.425745	0.225182	0.0610461	-0.0619103	-0.146668	-0.205651	-0.237229	-0.243687	-0.215166	-0.152964	-0.0539186	0.0754942	0.219272	
0	0.319632	0.610284	0.851409	1.02835	1.1406	1.19072	1.18343	1.11875	0.99676	0.817175	0.600184	0.36772	0.157684	-0.0083357	-0.125549	-0.196627	-0.241786	-0.258106	-0.249711	-0.211096	-0.143124	-0.0530028	0.0552342	0.173307	
0	0.304845	0.58507	0.823402	1.00271	1.12021	1.17322	1.16285	1.09242	0.957527	0.769387	0.540618	0.302314	0.0899581	-0.0751549	-0.181411	-0.240802	-0.267827	-0.266363	-0.241181	-0.188906	-0.11716	-0.0367072	0.046909	0.136884	
0	0.285984	0.554173	0.784479	0.966466	1.08504	1.14057	1.12645	1.04857	0.906066	0.711528	0.480302	0.244048	0.0334277	-0.125743	-0.225196	-0.274551	-0.286512	-0.269312	-0.229292	-0.162911	-0.0908773	-0.0175624	0.046671	0.108813	
0	0.268158	0.521709	0.747529	0.927988	1.05058	1.10607	1.08819	1.00344	0.852506	0.654846	0.423568	0.191987	-0.0149821	-0.169722	-0.265499	-0.305958	-0.304075	-0.269874	-0.211477	-0.134633	-0.0600769	0.00344403	0.0483528	0.0861334	
0	0.24943	0.488561	0.707182	0.885037	1.00995	1.06294	1.04286	0.950361	0.795383	0.598391	0.373299	0.151996	-0.0459235	-0.196073	-0.286496	-0.321719	-0.306801	-0.258311	-0.184633	-0.103713	-0.0285294	0.0210061	0.0495596	0.0691911	
0	0.227041	0.448321	0.654664	0.827171	0.949813	1.00058	0.978773	0.881808	0.729871	0.538286	0.328726	0.123023	-0.0613679	-0.203959	-0.29082	-0.32287	-0.297325	-0.239956	-0.15478	-0.0740465	-0.00377662	0.034028	0.0491858	0.0517107	
0	0.202394	0.402131	0.592724	0.755549	0.871373	0.919664	0.89379	0.797125	0.649699	0.468521	0.278521	0.0912729	-0.0761322	-0.208075	-0.292152	-0.317202	-0.285836	-0.218812	-0.128681	-0.0509589	0.00800081	0.0356695	0.0356331	0.0257239	
0	0.172987	0.348781	0.515123	0.665323	0.767747	0.812211	0.783475	0.690703	0.553985	0.390093	0.225352	0.0627775	-0.081935	-0.199852	-0.27711	-0.295045	-0.262895	-0.187182	-0.103186	-0.0290741	0.0158643	0.0340044	0.0258733	0.00977571	
0	0.14424	0.292963	0.436097	0.567275	0.657798	0.695301	0.667781	0.582259	0.459883	0.317934	0.177767	0.0416801	-0.0808676	-0.185122	-0.25212	-0.267388	-0.232084	-0.154073	-0.0755082	-0.00518487	0.0300898	0.0417747	0.0330308	0.0107398	
0	0.120848	0.242326	0.367602	0.475135	0.555941	0.585097	0.559457	0.485235	0.376561	0.258867	0.140361	0.0296979	-0.0726451	-0.16125	-0.218566	-0.23052	-0.194678	-0.122484	-0.0488996	0.0102244	0.0398118	0.0467931	0.0382809	0.0159024	
0	0.0930621	0.187073	0.28506	0.370044	0.433293	0.457042	0.434751	0.376535	0.289583	0.198886	0.107786	0.0239663	-0.0558014	-0.124659	-0.172977	-0.181031	-0.152324	-0.0931739	-0.0317046	0.0114253	0.0355801	0.0388442	0.0316081	0.0146461	
0	0.0591254	0.122099	0.184197	0.243459	0.284354	0.300845	0.286299	0.245224	0.188558	0.127381	0.0682123	0.0141345	-0.0393822	-0.086246	-0.118603	-0.127643	-0.103926	-0.0669826	-0.022654	0.00380333	0.0173728	0.0183782	0.0118469	-0.000867368	
0	0.0274154	0.0575619	0.086835	0.115355	0.135733	0.14187	0.136063	0.113405	0.0868937	0.0570402	0.0288629	0.00497116	-0.0202359	-0.043194	-0.055616	-0.0646899	-0.0474336	-0.0348822	-0.011923	-0.00200786	-4.46032e-05	5.6782e-05	-0.00497285	-0.0115502	
