0.683634	0.599651	0.497505	0.379775	0.254068	0.131099	0.00839706	-0.109588	-0.225922	-0.346449	-0.469409	-0.570143	-0.605297	-0.542592	-0.385958	-0.157373	0.118989	0.397409	0.646146	0.83159	0.919669	0.906039	0.788917	0.585226	0.328166	
0.599752	0.507868	0.408375	0.302792	0.19404	0.0931603	-0.00918064	-0.11046	-0.2165	-0.335888	-0.466848	-0.576524	-0.620281	-0.567348	-0.413864	-0.181555	0.100125	0.388607	0.645276	0.82791	0.912536	0.900033	0.785979	0.58225	0.316943	
0.497599	0.408376	0.320677	0.228054	0.139739	0.0576079	-0.0279422	-0.114179	-0.212617	-0.332087	-0.465694	-0.579067	-0.627733	-0.575124	-0.424121	-0.192556	0.0945771	0.384934	0.638445	0.816694	0.899719	0.887075	0.77063	0.563538	0.29502	
0.379594	0.30253	0.227789	0.152651	0.0838756	0.0200423	-0.0461156	-0.116378	-0.204825	-0.318678	-0.451923	-0.567686	-0.617075	-0.571064	-0.428502	-0.197403	0.0873877	0.376501	0.629553	0.799623	0.873839	0.854381	0.736533	0.533145	0.262892	
0.253039	0.192952	0.138658	0.0830834	0.0359405	-0.00744688	-0.05486	-0.110429	-0.189197	-0.300357	-0.434565	-0.549232	-0.602064	-0.561913	-0.424179	-0.200006	0.0791075	0.363661	0.604471	0.759827	0.825867	0.804526	0.690258	0.490148	0.224555	
0.12958	0.0916174	0.0561106	0.0189061	-0.00773712	-0.034301	-0.0646395	-0.106109	-0.176325	-0.283466	-0.412941	-0.526637	-0.580894	-0.547283	-0.424141	-0.21168	0.0557709	0.327665	0.556847	0.702106	0.76326	0.740408	0.631232	0.447004	0.202099	
0.00767164	-0.00988896	-0.0285618	-0.0462967	-0.0541523	-0.0636729	-0.076226	-0.105674	-0.16889	-0.271655	-0.400357	-0.513441	-0.570427	-0.549926	-0.439864	-0.240439	0.0119974	0.273895	0.491256	0.62753	0.687923	0.672615	0.58582	0.428591	0.207392	
-0.109013	-0.109833	-0.113445	-0.115173	-0.108375	-0.10394	-0.104589	-0.127467	-0.186035	-0.288657	-0.414446	-0.523713	-0.58418	-0.572023	-0.473861	-0.289604	-0.04931	0.203765	0.414593	0.553873	0.626034	0.629487	0.565263	0.430398	0.235571	
-0.224934	-0.215426	-0.211435	-0.203166	-0.186781	-0.174006	-0.16782	-0.186076	-0.243893	-0.344332	-0.462991	-0.567072	-0.624461	-0.615863	-0.52487	-0.347292	-0.111821	0.139806	0.351589	0.499429	0.583772	0.599543	0.554223	0.444349	0.274013	
-0.346032	-0.335347	-0.331421	-0.317511	-0.298519	-0.281917	-0.27146	-0.289506	-0.345047	-0.437987	-0.544566	-0.63225	-0.676842	-0.662926	-0.568367	-0.39223	-0.160197	0.0873268	0.297578	0.451512	0.542897	0.572161	0.546922	0.454353	0.303402	
-0.46972	-0.466993	-0.46568	-0.451365	-0.433415	-0.412252	-0.401068	-0.416059	-0.464322	-0.545147	-0.629407	-0.693215	-0.721289	-0.696297	-0.597455	-0.427299	-0.203649	0.0349172	0.23973	0.395874	0.494353	0.5345	0.518607	0.439918	0.312965	
-0.571122	-0.5773	-0.57965	-0.567695	-0.548764	-0.526828	-0.515066	-0.52609	-0.569046	-0.633485	-0.693912	-0.73644	-0.748095	-0.713901	-0.617929	-0.45883	-0.248917	-0.0295382	0.163615	0.319583	0.418998	0.462971	0.456607	0.394656	0.288412	
-0.607315	-0.622065	-0.62929	-0.618048	-0.602719	-0.582416	-0.573388	-0.587718	-0.627476	-0.679135	-0.723063	-0.749133	-0.750184	-0.715903	-0.629045	-0.487492	-0.305738	-0.115331	0.0619785	0.207016	0.300683	0.348786	0.34644	0.290779	0.198641	
-0.545917	-0.570414	-0.577917	-0.573265	-0.563958	-0.550357	-0.554346	-0.576751	-0.619885	-0.666166	-0.698926	-0.715629	-0.716482	-0.688766	-0.620208	-0.513268	-0.372667	-0.221629	-0.0768401	0.0456911	0.128894	0.168501	0.156786	0.105207	0.0319847	
-0.389986	-0.417613	-0.427533	-0.431314	-0.426995	-0.428076	-0.44494	-0.478892	-0.528963	-0.571561	-0.599871	-0.619221	-0.629059	-0.619648	-0.589117	-0.529653	-0.445691	-0.355791	-0.257568	-0.170102	-0.114659	-0.0953038	-0.115469	-0.157618	-0.209431	
-0.160876	-0.18477	-0.195373	-0.199648	-0.202438	-0.215287	-0.244924	-0.293693	-0.350263	-0.394235	-0.428401	-0.458666	-0.48605	-0.511403	-0.528483	-0.530765	-0.528086	-0.512119	-0.475876	-0.443305	-0.422046	-0.422272	-0.450135	-0.484112	-0.513302	
0.116884	0.0983024	0.0931898	0.0864738	0.0777711	0.0532187	0.00883318	-0.0518002	-0.113132	-0.160578	-0.203098	-0.247085	-0.302789	-0.369591	-0.443549	-0.527189	-0.61173	-0.675912	-0.715934	-0.738817	-0.752579	-0.780659	-0.820178	-0.845444	-0.846266	
0.396749	0.388211	0.38498	0.37685	0.363323	0.326108	0.272005	0.202757	0.139947	0.088312	0.0368305	-0.0263937	-0.111303	-0.217801	-0.353104	-0.510694	-0.675328	-0.822828	-0.935788	-1.01574	-1.07655	-1.13643	-1.18413	-1.19929	-1.17839	
0.6466	0.645973	0.639561	0.630752	0.604744	0.555993	0.490395	0.414791	0.352881	0.299658	0.242774	0.167848	0.0668659	-0.0724233	-0.254392	-0.473873	-0.71464	-0.93503	-1.11684	-1.25645	-1.36117	-1.44711	-1.50289	-1.51781	-1.48614	
0.833099	0.829643	0.818793	0.801556	0.760667	0.702033	0.627821	0.555372	0.501966	0.454833	0.400233	0.325081	0.21293	0.0508997	-0.166173	-0.440425	-0.736542	-1.01401	-1.25554	-1.44234	-1.58611	-1.69722	-1.76291	-1.77692	-1.72556	
0.922516	0.915588	0.903039	0.876723	0.827583	0.764378	0.68977	0.629165	0.587855	0.547772	0.500308	0.425953	0.307735	0.134975	-0.109916	-0.418297	-0.749452	-1.07412	-1.35976	-1.58571	-1.76268	-1.88474	-1.94354	-1.93683	-1.85907	
0.91036	0.904536	0.891684	0.858276	0.807276	0.742933	0.676154	0.634265	0.605131	0.578511	0.541876	0.471064	0.356545	0.174971	-0.090276	-0.418273	-0.777426	-1.13416	-1.4461	-1.69734	-1.88528	-1.99444	-2.02689	-1.98894	-1.88157	
0.794254	0.791457	0.775987	0.740926	0.693637	0.634777	0.590542	0.571059	0.560643	0.554035	0.526585	0.464892	0.353899	0.162646	-0.111145	-0.446907	-0.817906	-1.18309	-1.5033	-1.76446	-1.94539	-2.0281	-2.02594	-1.94393	-1.788	
0.590563	0.587661	0.568554	0.537031	0.49328	0.450682	0.433482	0.436126	0.450532	0.461158	0.447355	0.401935	0.29678	0.109403	-0.154965	-0.482574	-0.845003	-1.20025	-1.52024	-1.78031	-1.94025	-1.99147	-1.94514	-1.80322	-1.59949	
0.332392	0.321134	0.298538	0.265258	0.226561	0.204989	0.211431	0.240209	0.279012	0.308977	0.318912	0.293759	0.202385	0.0338871	-0.208949	-0.513873	-0.847982	-1.18152	-1.49058	-1.73061	-1.86373	-1.88503	-1.78996	-1.6002	-1.36916	
0.0518641	0.0314653	0.00375427	-0.0324171	-0.0590198	-0.0601282	-0.0277934	0.0257615	0.0853669	0.136794	0.169443	0.161583	0.0878888	-0.0559793	-0.270455	-0.536151	-0.828438	-1.13185	-1.41211	-1.62326	-1.735	-1.72587	-1.59228	-1.37659	-1.12213	
-0.211698	-0.23591	-0.268135	-0.29758	-0.308234	-0.284794	-0.227566	-0.15544	-0.0783109	-0.0113265	0.0361436	0.0379329	-0.0211659	-0.144594	-0.327734	-0.549374	-0.802455	-1.0688	-1.31332	-1.4988	-1.58535	-1.54544	-1.3877	-1.15277	-0.877454	
-0.420541	-0.44532	-0.473246	-0.487993	-0.476783	-0.424622	-0.348657	-0.260038	-0.172823	-0.097435	-0.0464909	-0.0460301	-0.100676	-0.213874	-0.370459	-0.561246	-0.782928	-1.01413	-1.23016	-1.38784	-1.44519	-1.3818	-1.20725	-0.957669	-0.673496	
-0.54479	-0.56703	-0.582752	-0.579832	-0.54022	-0.465561	-0.374417	-0.275646	-0.186396	-0.109591	-0.0691929	-0.0791355	-0.142115	-0.253628	-0.396952	-0.573232	-0.772221	-0.981631	-1.17342	-1.30245	-1.33808	-1.25919	-1.0771	-0.823575	-0.537571	
-0.573727	-0.588427	-0.589732	-0.563973	-0.498077	-0.408809	-0.307266	-0.210235	-0.124481	-0.0608831	-0.043206	-0.0743675	-0.156732	-0.273404	-0.41706	-0.585819	-0.771601	-0.965462	-1.13206	-1.24113	-1.26342	-1.18063	-1.00627	-0.75832	-0.477114	
-0.515866	-0.517817	-0.500475	-0.448026	-0.36425	-0.266107	-0.167185	-0.0815545	-0.0112722	0.0219336	0.00793916	-0.0556357	-0.159965	-0.286948	-0.435602	-0.599805	-0.779011	-0.955614	-1.10184	-1.19573	-1.20738	-1.13222	-0.973657	-0.744283	-0.482919	
-0.402252	-0.39016	-0.350505	-0.275832	-0.181143	-0.0818002	0.00564277	0.077095	0.121078	0.119813	0.0699769	-0.0273685	-0.152269	-0.295546	-0.452969	-0.621294	-0.796191	-0.954671	-1.08026	-1.15049	-1.15201	-1.08755	-0.952299	-0.762043	-0.534695	
-0.278302	-0.252727	-0.191695	-0.101067	0.000805845	0.0962108	0.174513	0.230778	0.24685	0.213373	0.127433	0.00216649	-0.143944	-0.304856	-0.472958	-0.646528	-0.810566	-0.947517	-1.04495	-1.08979	-1.0875	-1.03722	-0.937495	-0.794734	-0.605302	
-0.153591	-0.116514	-0.0413635	0.0560343	0.155234	0.240497	0.306372	0.340371	0.327575	0.261864	0.147915	0.0060802	-0.152037	-0.318214	-0.488105	-0.654785	-0.800055	-0.912847	-0.982732	-1.01228	-1.01106	-0.978278	-0.916368	-0.816621	-0.671811	
-0.0143762	0.0260866	0.10097	0.189034	0.270762	0.336819	0.379881	0.384882	0.341526	0.248174	0.119815	-0.0268077	-0.183358	-0.343674	-0.504988	-0.653126	-0.773033	-0.854793	-0.895463	-0.908312	-0.903642	-0.888972	-0.864258	-0.81409	-0.728398	
0.136943	0.172288	0.234268	0.300807	0.357861	0.399003	0.41245	0.384508	0.308525	0.19197	0.0530518	-0.0965615	-0.249488	-0.402478	-0.546743	-0.665151	-0.745606	-0.781789	-0.783699	-0.771033	-0.760632	-0.765262	-0.779254	-0.784741	-0.760376	
0.302664	0.327068	0.36737	0.406055	0.4348	0.445038	0.422461	0.355882	0.2458	0.107584	-0.0427806	-0.195701	-0.345806	-0.487584	-0.605939	-0.685587	-0.717483	-0.704939	-0.667987	-0.630112	-0.613435	-0.628973	-0.669315	-0.716084	-0.741811	
0.485824	0.491399	0.50103	0.505599	0.499536	0.471253	0.406815	0.300533	0.161878	0.00814421	-0.148323	-0.300753	-0.445013	-0.570342	-0.660087	-0.701464	-0.690452	-0.639477	-0.571727	-0.51247	-0.484219	-0.496299	-0.544928	-0.614426	-0.679149	
0.670701	0.652564	0.627914	0.595687	0.550414	0.479398	0.372501	0.232369	0.0737818	-0.0888248	-0.247445	-0.39831	-0.534625	-0.641281	-0.702295	-0.707797	-0.661085	-0.580102	-0.489057	-0.413814	-0.374465	-0.380233	-0.430329	-0.511778	-0.60195	
0.839162	0.799866	0.744267	0.675935	0.589121	0.47381	0.327723	0.16132	-0.010497	-0.178216	-0.338037	-0.485977	-0.610383	-0.69426	-0.723646	-0.69461	-0.618162	-0.515478	-0.411538	-0.329988	-0.286884	-0.290262	-0.339446	-0.423677	-0.524074	
0.982004	0.927438	0.844982	0.739476	0.607545	0.447361	0.267152	0.081933	-0.0968433	-0.265064	-0.421252	-0.558488	-0.661987	-0.71596	-0.711544	-0.652923	-0.556623	-0.444987	-0.341022	-0.26295	-0.222177	-0.224367	-0.268605	-0.347579	-0.447894	
1.09946	1.03772	0.932395	0.788069	0.608271	0.403912	0.193243	-0.00753798	-0.191303	-0.357407	-0.50342	-0.619268	-0.690475	-0.706246	-0.666296	-0.582879	-0.475856	-0.36661	-0.273055	-0.206631	-0.173575	-0.17627	-0.21396	-0.283398	-0.377318	
1.18504	1.12664	1.00594	0.827696	0.605616	0.363529	0.12628	-0.0907279	-0.282792	-0.448528	-0.581739	-0.670542	-0.703918	-0.679122	-0.605409	-0.501323	-0.388288	-0.28503	-0.203801	-0.15043	-0.126698	-0.132317	-0.16683	-0.229614	-0.317488	
1.21308	1.16743	1.04379	0.84836	0.603829	0.341569	0.0878925	-0.143053	-0.345382	-0.512898	-0.634785	-0.699261	-0.700752	-0.644826	-0.54769	-0.430776	-0.314672	-0.21471	-0.139475	-0.0923548	-0.0736413	-0.0825757	-0.118675	-0.181066	-0.26685	
1.17224	1.1411	1.02584	0.834473	0.592667	0.33106	0.0733124	-0.165939	-0.375304	-0.541387	-0.649908	-0.691741	-0.668308	-0.592513	-0.484599	-0.366006	-0.254437	-0.161405	-0.0926912	-0.050168	-0.0336095	-0.042269	-0.0753946	-0.131868	-0.209651	
1.07561	1.05063	0.94777	0.775743	0.555401	0.309632	0.0581106	-0.180931	-0.387555	-0.541361	-0.627401	-0.642172	-0.595403	-0.506556	-0.398281	-0.290373	-0.196235	-0.122379	-0.0701126	-0.0378416	-0.0233225	-0.0252936	-0.0441214	-0.0818006	-0.141045	
0.927365	0.899783	0.812073	0.671231	0.487341	0.271862	0.0405202	-0.183861	-0.373754	-0.504749	-0.564097	-0.554746	-0.493051	-0.402017	-0.303882	-0.214956	-0.143767	-0.0920646	-0.0572598	-0.0351751	-0.0224552	-0.0181014	-0.0241027	-0.0451062	-0.0868047	
0.731597	0.702203	0.635763	0.535502	0.399568	0.228566	0.0343116	-0.158432	-0.319377	-0.424324	-0.463771	-0.444411	-0.38417	-0.304497	-0.223777	-0.153841	-0.0996855	-0.0612204	-0.0356698	-0.019757	-0.011186	-0.00934874	-0.0154766	-0.0322592	-0.0630003	
0.508477	0.483744	0.441312	0.38088	0.293698	0.174468	0.0313732	-0.113768	-0.234501	-0.31099	-0.33677	-0.318561	-0.271078	-0.210604	-0.150283	-0.0981966	-0.0577685	-0.0292669	-0.0114074	-0.00248533	-0.000907703	-0.00537657	-0.0149943	-0.0294473	-0.0493279	
0.265195	0.250925	0.23038	0.202254	0.159187	0.0964844	0.0186025	-0.0613301	-0.1276	-0.168808	-0.181572	-0.169999	-0.142478	-0.108052	-0.0739561	-0.0447341	-0.0225073	-0.00770881	0.000211361	0.00234669	0.00010707	-0.00498201	-0.0115632	-0.0188691	-0.0271785	
