-9.58787e-05	0	0	0	0	0	0	0	0	0	0	0	0	0	0	0	0	0	0	0	0	0	0	0	0	
-0.0106557	-0.00919372	-0.00836359	-0.00780175	-0.0080012	-0.00740539	-0.00810787	-0.00736231	-0.0082169	-0.00686468	-0.00701372	-0.00438112	-0.00207023	0.00253262	0.00890506	0.016646	0.0257195	0.0368295	0.0443819	0.0519402	0.0533837	0.0467363	0.0333424	0.0146214	-0.00500873	
0.0156559	0.0185623	0.0200351	0.0196512	0.0199535	0.0198743	0.0199965	0.0209035	0.021196	0.02308	0.0243075	0.0270406	0.030076	0.0340981	0.0388215	0.0451261	0.050377	0.0573191	0.0618045	0.0637752	0.0623053	0.0561597	0.0450018	0.0308224	0.0219194	
0.0528659	0.0598277	0.0618413	0.062016	0.0623531	0.0618322	0.0629072	0.0629439	0.0649882	0.0653238	0.068003	0.0681707	0.0699987	0.0698872	0.0689458	0.0673508	0.0644631	0.0591988	0.0565554	0.0514532	0.0493585	0.0499013	0.0563394	0.0641698	0.0801082	
0.0658302	0.0784255	0.0817379	0.0847029	0.0838727	0.0848382	0.0850134	0.0851022	0.0869305	0.0863709	0.0885382	0.0876973	0.088025	0.0860533	0.0836475	0.0775834	0.072914	0.0632039	0.0565833	0.0509391	0.0519249	0.0597256	0.0815616	0.118312	0.16273	
0.0466874	0.0658034	0.0749216	0.0792938	0.0803736	0.0815603	0.0810334	0.0811185	0.0800847	0.0798138	0.0777989	0.0775834	0.0751132	0.0741229	0.0731362	0.0718627	0.0724318	0.0752188	0.0784487	0.0880118	0.101602	0.126429	0.157201	0.208182	0.267998	
0.0224301	0.0485408	0.0645325	0.0683086	0.0736241	0.0725632	0.0734651	0.0726423	0.0701756	0.0704685	0.0662852	0.0670642	0.0645141	0.066475	0.0684859	0.0768158	0.0861164	0.106505	0.129002	0.16331	0.199747	0.245862	0.293598	0.342592	0.395024	
0.0238064	0.0552014	0.0710838	0.0767569	0.0803515	0.0806672	0.0818653	0.0829811	0.0841423	0.0868911	0.0902669	0.0948572	0.102407	0.111633	0.124448	0.142478	0.164041	0.193123	0.228405	0.269981	0.320577	0.369631	0.424207	0.470212	0.510272	
0.0616868	0.0991945	0.114175	0.123178	0.123187	0.126684	0.127587	0.131635	0.13797	0.144289	0.157049	0.168069	0.186902	0.205373	0.230478	0.256968	0.289333	0.322136	0.361782	0.397783	0.441457	0.482657	0.52036	0.553414	0.576347	
0.13846	0.184768	0.206122	0.21589	0.218389	0.221327	0.223862	0.2292	0.237112	0.247356	0.261804	0.278587	0.299921	0.32442	0.352409	0.384209	0.418004	0.452374	0.488856	0.520472	0.546026	0.569142	0.580231	0.578458	0.570239	
0.241717	0.300866	0.33018	0.343847	0.348958	0.35261	0.356271	0.36238	0.371186	0.38217	0.396994	0.413774	0.432965	0.456285	0.478566	0.504799	0.531375	0.553861	0.577671	0.595307	0.601245	0.597592	0.580447	0.536762	0.476642	
0.338115	0.414986	0.453692	0.474451	0.482968	0.486999	0.493053	0.496578	0.507095	0.515255	0.528259	0.542656	0.55525	0.571443	0.584755	0.593112	0.604436	0.604172	0.59823	0.59028	0.565519	0.530199	0.489077	0.429073	0.333041	
0.381411	0.476018	0.53275	0.560737	0.576548	0.581046	0.587004	0.589338	0.592987	0.599581	0.601114	0.609397	0.611275	0.61252	0.614941	0.605755	0.594982	0.579692	0.544513	0.508358	0.46101	0.390484	0.314141	0.239924	0.140322	
0.348921	0.462718	0.539982	0.579515	0.600239	0.611006	0.611607	0.616011	0.609832	0.611126	0.603085	0.59604	0.587998	0.569621	0.554148	0.530316	0.495174	0.462969	0.414022	0.351566	0.289109	0.209094	0.101791	-0.00117095	-0.110856	
0.232189	0.367559	0.463049	0.513142	0.540862	0.554989	0.554244	0.557044	0.546425	0.540379	0.526401	0.508407	0.48831	0.460679	0.423233	0.389005	0.332031	0.277794	0.213655	0.134078	0.0456257	-0.039545	-0.1503	-0.271479	-0.385624	
0.0264915	0.188564	0.297291	0.361022	0.397141	0.411568	0.415205	0.41017	0.400918	0.383088	0.365264	0.337248	0.304726	0.270993	0.218391	0.171819	0.108218	0.0335762	-0.0414662	-0.130007	-0.230762	-0.328954	-0.427916	-0.541838	-0.646364	
-0.249916	-0.0634076	0.056301	0.136556	0.178908	0.194856	0.203591	0.19006	0.183133	0.154978	0.13203	0.0960829	0.0538459	0.00849512	-0.0466586	-0.110826	-0.172237	-0.250938	-0.329059	-0.411733	-0.502626	-0.597903	-0.687524	-0.78053	-0.860777	
-0.570869	-0.37697	-0.240807	-0.151981	-0.103485	-0.082143	-0.0756819	-0.0846868	-0.0986776	-0.122638	-0.152194	-0.188185	-0.230645	-0.280767	-0.333739	-0.396884	-0.460992	-0.531809	-0.602721	-0.676427	-0.748436	-0.819558	-0.885618	-0.961854	-1.02499	
-0.906925	-0.704142	-0.558411	-0.460715	-0.407024	-0.381171	-0.373426	-0.381008	-0.39318	-0.417584	-0.443063	-0.477745	-0.515904	-0.558387	-0.60536	-0.658271	-0.707489	-0.768988	-0.825535	-0.882333	-0.942978	-1.00112	-1.03996	-1.08169	-1.12153	
-1.20435	-0.99768	-0.843978	-0.74034	-0.680344	-0.652545	-0.640818	-0.646905	-0.656876	-0.676315	-0.700724	-0.727768	-0.761239	-0.798549	-0.833039	-0.880011	-0.916569	-0.958914	-1.00163	-1.03779	-1.06863	-1.10708	-1.12907	-1.14143	-1.14786	
-1.45317	-1.24727	-1.08776	-0.977898	-0.915516	-0.880953	-0.870101	-0.868936	-0.878528	-0.89089	-0.909357	-0.930899	-0.952087	-0.982185	-1.004	-1.03597	-1.06142	-1.08649	-1.10973	-1.12769	-1.13527	-1.13783	-1.12906	-1.10591	-1.08075	
-1.64294	-1.43972	-1.27454	-1.16185	-1.0948	-1.05629	-1.04389	-1.03714	-1.04464	-1.04945	-1.06253	-1.07359	-1.08615	-1.10013	-1.11039	-1.12033	-1.12809	-1.12806	-1.12786	-1.11749	-1.09899	-1.07559	-1.03662	-0.983562	-0.92933	
-1.74105	-1.53953	-1.37475	-1.25883	-1.18806	-1.14772	-1.12986	-1.12108	-1.12037	-1.12031	-1.12247	-1.12397	-1.1232	-1.12339	-1.11595	-1.10953	-1.09477	-1.07333	-1.0479	-1.01382	-0.967358	-0.921668	-0.868445	-0.796017	-0.729559	
-1.72914	-1.53703	-1.37068	-1.25438	-1.18156	-1.13689	-1.11801	-1.10115	-1.09788	-1.08611	-1.08076	-1.06921	-1.05407	-1.03967	-1.01649	-0.989582	-0.963587	-0.922551	-0.883224	-0.837426	-0.780961	-0.718567	-0.659839	-0.591022	-0.52796	
-1.61827	-1.4272	-1.26162	-1.14313	-1.06719	-1.02052	-0.997515	-0.978809	-0.968338	-0.954366	-0.93938	-0.92192	-0.899772	-0.872947	-0.844557	-0.806553	-0.768573	-0.722928	-0.675173	-0.624631	-0.571956	-0.520715	-0.46919	-0.407293	-0.356626	
-1.43749	-1.24966	-1.08184	-0.961702	-0.881981	-0.834338	-0.807858	-0.787388	-0.774821	-0.755911	-0.740041	-0.717195	-0.691887	-0.665077	-0.6324	-0.59702	-0.564146	-0.520153	-0.480447	-0.439841	-0.391376	-0.344828	-0.311534	-0.270208	-0.236224	
-1.24966	-1.05873	-0.887669	-0.762612	-0.680724	-0.629079	-0.603063	-0.581088	-0.568564	-0.552186	-0.534906	-0.51655	-0.493277	-0.467391	-0.442907	-0.408688	-0.381231	-0.347883	-0.315737	-0.28627	-0.259119	-0.229393	-0.207192	-0.177934	-0.156764	
-1.08184	-0.887669	-0.711476	-0.583586	-0.496641	-0.445638	-0.416809	-0.397298	-0.385835	-0.371128	-0.359565	-0.343023	-0.327188	-0.308324	-0.290355	-0.267777	-0.251252	-0.227226	-0.207343	-0.189221	-0.167553	-0.148621	-0.140415	-0.125281	-0.114469	
-0.961702	-0.762612	-0.583586	-0.450299	-0.362208	-0.308225	-0.280403	-0.261432	-0.251642	-0.241517	-0.231599	-0.222383	-0.210304	-0.198034	-0.187492	-0.171331	-0.161912	-0.1481	-0.136691	-0.127949	-0.119376	-0.107134	-0.106618	-0.0970162	-0.0909311	
-0.881981	-0.680724	-0.496641	-0.362208	-0.271052	-0.217052	-0.18947	-0.171295	-0.164839	-0.156083	-0.151786	-0.144954	-0.139412	-0.131155	-0.127491	-0.115977	-0.113885	-0.104879	-0.0983833	-0.0951165	-0.0914916	-0.0859388	-0.0872483	-0.0829661	-0.0808894	
-0.834338	-0.629079	-0.445638	-0.308225	-0.217052	-0.163015	-0.134484	-0.118817	-0.111574	-0.106404	-0.102877	-0.099729	-0.0964613	-0.0931327	-0.0912011	-0.0867663	-0.0869676	-0.0827438	-0.0818249	-0.0812287	-0.0777019	-0.0727993	-0.0809696	-0.0783464	-0.0767272	
-0.807858	-0.603063	-0.416809	-0.280403	-0.18947	-0.134484	-0.109042	-0.0915633	-0.0882031	-0.0828162	-0.0817008	-0.0804812	-0.0789421	-0.0759782	-0.0782948	-0.0709935	-0.0743938	-0.0712507	-0.0692648	-0.0712573	-0.0750295	-0.073378	-0.0768052	-0.0742408	-0.0741322	
-0.787387	-0.581088	-0.397298	-0.261432	-0.171295	-0.118817	-0.0915633	-0.0770074	-0.072149	-0.0677716	-0.0679211	-0.0661978	-0.0663452	-0.066485	-0.0669955	-0.0665304	-0.0705466	-0.0682727	-0.0708398	-0.0727418	-0.0691363	-0.0659778	-0.075768	-0.0750156	-0.0754294	
-0.77482	-0.568564	-0.385835	-0.251642	-0.164839	-0.111574	-0.0882031	-0.072149	-0.0694125	-0.0660397	-0.0652458	-0.0662185	-0.0656837	-0.0645734	-0.0679862	-0.0629952	-0.0666951	-0.0650636	-0.0648243	-0.066877	-0.0715649	-0.0720313	-0.0772452	-0.0735931	-0.0736498	
-0.75591	-0.552186	-0.371128	-0.241517	-0.156083	-0.106404	-0.0828162	-0.0677716	-0.0660397	-0.060415	-0.0625196	-0.0611388	-0.0611093	-0.0628624	-0.0632423	-0.0626125	-0.0683128	-0.0658866	-0.0686971	-0.0723357	-0.0696761	-0.0670992	-0.0748885	-0.0732444	-0.0763927	
-0.740039	-0.534905	-0.359565	-0.231599	-0.151786	-0.102877	-0.0817008	-0.0679211	-0.0652458	-0.0625196	-0.0624184	-0.0629677	-0.0631706	-0.0635193	-0.0651724	-0.0639871	-0.0668837	-0.0647893	-0.0671314	-0.0682819	-0.0693129	-0.0710919	-0.078684	-0.0748358	-0.0759784	
-0.717189	-0.516548	-0.343023	-0.222383	-0.144954	-0.099729	-0.0804812	-0.0661978	-0.0662185	-0.0611388	-0.0629677	-0.0631326	-0.0620447	-0.064422	-0.0646589	-0.0633788	-0.0676851	-0.0661613	-0.0678542	-0.0708506	-0.0708269	-0.0721552	-0.0767522	-0.0720317	-0.0775561	
-0.691876	-0.493273	-0.327187	-0.210304	-0.139412	-0.0964613	-0.0789421	-0.0663452	-0.0656837	-0.0611093	-0.0631706	-0.0620447	-0.0616692	-0.0646522	-0.062468	-0.0649074	-0.0682808	-0.0653503	-0.0699368	-0.0729426	-0.0704343	-0.0709534	-0.0774738	-0.0750847	-0.0803932	
-0.665056	-0.467385	-0.308322	-0.198033	-0.131155	-0.0931326	-0.0759782	-0.066485	-0.0645734	-0.0628624	-0.0635193	-0.064422	-0.0646522	-0.066827	-0.0662671	-0.0686936	-0.0678739	-0.0680458	-0.0702092	-0.0691433	-0.0679941	-0.076547	-0.0799244	-0.0743195	-0.0804645	
-0.632362	-0.442894	-0.290351	-0.18749	-0.127491	-0.0912011	-0.0782948	-0.0669955	-0.0679862	-0.0632423	-0.0651724	-0.0646589	-0.062468	-0.0662671	-0.0627257	-0.0648656	-0.0673677	-0.066689	-0.0701077	-0.0743854	-0.0758144	-0.076796	-0.0757754	-0.0743817	-0.0836619	
-0.596957	-0.408666	-0.26777	-0.171329	-0.115977	-0.0867662	-0.0709935	-0.0665304	-0.0629952	-0.0626125	-0.0639871	-0.0633788	-0.0649074	-0.0686936	-0.0648656	-0.0735251	-0.069888	-0.0711763	-0.0747301	-0.0732845	-0.0675131	-0.0761012	-0.0786041	-0.079157	-0.0868466	
-0.564047	-0.381196	-0.251241	-0.161908	-0.113884	-0.0869673	-0.0743937	-0.0705465	-0.0666951	-0.0683128	-0.0668837	-0.0676851	-0.0682808	-0.0678739	-0.0673677	-0.069888	-0.0659634	-0.0699075	-0.0713566	-0.0704505	-0.0762615	-0.0847347	-0.078476	-0.0794816	-0.0850368	
-0.520007	-0.347829	-0.227208	-0.148094	-0.104877	-0.0827433	-0.0712506	-0.0682727	-0.0650636	-0.0658866	-0.0647893	-0.0661613	-0.0653503	-0.0680458	-0.066689	-0.0711763	-0.0699075	-0.0748824	-0.0751995	-0.0769523	-0.0785148	-0.079008	-0.0745615	-0.0820413	-0.0900131	
-0.480243	-0.31566	-0.207317	-0.136683	-0.0983809	-0.0818242	-0.0692646	-0.0708397	-0.0648243	-0.0686971	-0.0671314	-0.0678542	-0.0699368	-0.0702092	-0.0701077	-0.0747301	-0.0713566	-0.0751995	-0.0750494	-0.0751214	-0.0762572	-0.0803621	-0.0804462	-0.090013	-0.0898591	
-0.43957	-0.286166	-0.189184	-0.127937	-0.0951129	-0.0812277	-0.0712571	-0.0727417	-0.0668769	-0.0723357	-0.0682819	-0.0708506	-0.0729426	-0.0691433	-0.0743854	-0.0732845	-0.0704505	-0.0769523	-0.0751214	-0.0749986	-0.0814054	-0.0856724	-0.0827805	-0.0887766	-0.0869247	
-0.391036	-0.258986	-0.167505	-0.11936	-0.0914868	-0.0777005	-0.0750291	-0.0691362	-0.0715649	-0.0696761	-0.0693129	-0.0708269	-0.0704343	-0.0679941	-0.0758144	-0.0675131	-0.0762615	-0.0785148	-0.0762572	-0.0814054	-0.0897078	-0.0817501	-0.0808622	-0.0920127	-0.0901148	
-0.34442	-0.22923	-0.148561	-0.107114	-0.0859327	-0.0727976	-0.0733776	-0.0659777	-0.0720313	-0.0670992	-0.0710919	-0.0721552	-0.0709534	-0.076547	-0.076796	-0.0761012	-0.0847347	-0.079008	-0.0803621	-0.0856724	-0.0817501	-0.075168	-0.091754	-0.0969587	-0.0913068	
-0.311065	-0.207002	-0.140345	-0.106594	-0.0872409	-0.0809675	-0.0768046	-0.0757679	-0.0772452	-0.0748885	-0.078684	-0.0767522	-0.0774738	-0.0799244	-0.0757754	-0.0786041	-0.078476	-0.0745615	-0.0804462	-0.0827805	-0.0808622	-0.091754	-0.102106	-0.0927134	-0.0899638	
-0.269691	-0.177722	-0.125202	-0.0969893	-0.0829577	-0.0783439	-0.0742401	-0.0750155	-0.073593	-0.0732444	-0.0748358	-0.0720317	-0.0750847	-0.0743195	-0.0743817	-0.079157	-0.0794816	-0.0820413	-0.090013	-0.0887766	-0.0920127	-0.0969587	-0.0927134	-0.0855283	-0.0975322	
-0.235677	-0.156538	-0.114384	-0.0909021	-0.0808802	-0.0767245	-0.0741315	-0.0754292	-0.0736498	-0.0763927	-0.0759784	-0.0775561	-0.0803932	-0.0804645	-0.0836619	-0.0868466	-0.0850368	-0.0900131	-0.0898591	-0.0869247	-0.0901148	-0.0913068	-0.0899638	-0.0975322	-0.114889	
