0.00042861	0	0	0	0	0	0	0	0	0	0	0	0	0	0	0	0	0	0	0	0	0	0	0	0	
0.0382514	0.0537408	0.0699788	0.0858967	0.0993389	0.109883	0.119963	0.131478	0.137384	0.13751	0.13175	0.12158	0.102408	0.0766269	0.0457335	0.0135428	-0.0176833	-0.0419962	-0.0637958	-0.0789244	-0.0892359	-0.101293	-0.117319	-0.136989	-0.161097	
0.0838002	0.107118	0.133439	0.159316	0.182038	0.198376	0.21761	0.238049	0.249599	0.251278	0.242849	0.223045	0.192135	0.142875	0.0840026	0.0235535	-0.0359592	-0.0866562	-0.126033	-0.157638	-0.179441	-0.202783	-0.232933	-0.268681	-0.307626	
0.14728	0.170536	0.19712	0.224064	0.24616	0.263928	0.283379	0.311812	0.328181	0.331749	0.322445	0.299831	0.25573	0.190535	0.10873	0.0246999	-0.0610979	-0.129283	-0.187448	-0.232436	-0.261692	-0.289206	-0.331386	-0.379545	-0.429814	
0.234272	0.249027	0.268841	0.289017	0.305718	0.315819	0.332735	0.360485	0.375793	0.378137	0.366735	0.336617	0.287695	0.206651	0.105741	0.00245115	-0.101693	-0.188366	-0.252996	-0.303198	-0.3341	-0.362962	-0.404731	-0.455043	-0.505304	
0.336287	0.340603	0.348397	0.35798	0.361708	0.360447	0.366701	0.387661	0.397761	0.392741	0.37193	0.334622	0.270146	0.174782	0.0576166	-0.0622848	-0.17937	-0.269568	-0.339153	-0.382065	-0.401167	-0.416258	-0.446558	-0.485495	-0.527602	
0.42605	0.420017	0.414758	0.411061	0.401735	0.385357	0.37768	0.386539	0.383856	0.365554	0.330077	0.276607	0.195986	0.0815525	-0.0536278	-0.188804	-0.313208	-0.404831	-0.462852	-0.488742	-0.48479	-0.473365	-0.474428	-0.489961	-0.508723	
0.478111	0.460236	0.441418	0.424697	0.40052	0.367586	0.345753	0.337558	0.320508	0.286169	0.232832	0.161185	0.0627285	-0.0704083	-0.22235	-0.371192	-0.502729	-0.589744	-0.635047	-0.634496	-0.594593	-0.54292	-0.507148	-0.485488	-0.472252	
0.475552	0.447359	0.414608	0.382134	0.34233	0.295743	0.25615	0.235987	0.206468	0.159606	0.0926071	0.00700225	-0.109377	-0.259265	-0.425837	-0.585142	-0.720574	-0.801111	-0.826468	-0.800045	-0.726775	-0.633805	-0.549881	-0.485003	-0.434384	
0.413431	0.373321	0.326828	0.281993	0.230828	0.171389	0.12415	0.091557	0.0540894	0.000127251	-0.0733278	-0.168642	-0.289834	-0.447309	-0.621865	-0.787378	-0.92247	-0.999323	-1.01069	-0.955416	-0.845695	-0.714723	-0.593067	-0.486458	-0.395306	
0.290144	0.243157	0.187611	0.13274	0.0726961	0.00980876	-0.0438905	-0.0784787	-0.113759	-0.165289	-0.235953	-0.327264	-0.450644	-0.608221	-0.783466	-0.949497	-1.0802	-1.14728	-1.14232	-1.06797	-0.934134	-0.769802	-0.608604	-0.467215	-0.345344	
0.108641	0.0566786	-0.00441214	-0.0617471	-0.120091	-0.178147	-0.223363	-0.251448	-0.276973	-0.318626	-0.377503	-0.462275	-0.577078	-0.725506	-0.89533	-1.05984	-1.18474	-1.24753	-1.23	-1.13502	-0.976776	-0.786755	-0.599561	-0.430498	-0.280898	
-0.107677	-0.159272	-0.219014	-0.273707	-0.325826	-0.372425	-0.403565	-0.418479	-0.424453	-0.445677	-0.485313	-0.552998	-0.657655	-0.798247	-0.960984	-1.12084	-1.24197	-1.29837	-1.27003	-1.16143	-0.987539	-0.777048	-0.564926	-0.372305	-0.203196	
-0.313559	-0.362641	-0.41884	-0.468762	-0.510705	-0.539467	-0.552381	-0.548137	-0.533227	-0.533208	-0.551093	-0.601094	-0.691132	-0.820631	-0.975244	-1.13177	-1.24978	-1.30833	-1.27537	-1.15774	-0.97031	-0.743666	-0.511914	-0.301499	-0.119393	
-0.463719	-0.504216	-0.553783	-0.597293	-0.628728	-0.645798	-0.64087	-0.621266	-0.589687	-0.567833	-0.564549	-0.598164	-0.673969	-0.791429	-0.941677	-1.09511	-1.21192	-1.26815	-1.23383	-1.10958	-0.912681	-0.674978	-0.430699	-0.206678	-0.0132327	
-0.531361	-0.560016	-0.596613	-0.63275	-0.656368	-0.658975	-0.642957	-0.612703	-0.568981	-0.535494	-0.518487	-0.541436	-0.608238	-0.718909	-0.86061	-1.00992	-1.12364	-1.18026	-1.14019	-1.01035	-0.806826	-0.561772	-0.306141	-0.0720931	0.120647	
-0.516499	-0.528159	-0.552445	-0.578367	-0.590825	-0.583821	-0.556593	-0.517239	-0.471463	-0.431394	-0.407451	-0.42673	-0.492552	-0.598134	-0.738287	-0.883422	-0.99543	-1.04619	-1.00393	-0.868205	-0.652788	-0.396805	-0.136168	0.0998109	0.292772	
-0.42189	-0.421015	-0.430722	-0.446861	-0.452342	-0.434053	-0.397836	-0.353141	-0.302595	-0.260148	-0.232935	-0.250861	-0.316832	-0.426739	-0.569303	-0.715821	-0.828539	-0.878926	-0.830576	-0.685779	-0.465007	-0.20613	0.0593167	0.30068	0.483886	
-0.253079	-0.244486	-0.248586	-0.260299	-0.260755	-0.235657	-0.190173	-0.136755	-0.0826397	-0.0357569	-0.00628886	-0.0235912	-0.0924254	-0.204874	-0.348976	-0.497013	-0.61577	-0.669741	-0.627806	-0.489812	-0.267628	-0.0055705	0.256124	0.488316	0.662119	
-0.0296842	-0.018382	-0.0210731	-0.0312363	-0.0337162	-0.00746299	0.041005	0.0978087	0.153279	0.205256	0.241393	0.232178	0.167535	0.0570184	-0.0902055	-0.242193	-0.368438	-0.431764	-0.403771	-0.276984	-0.0712579	0.170765	0.415612	0.638179	0.799486	
0.223646	0.232618	0.22763	0.213056	0.20496	0.226366	0.277249	0.335395	0.393562	0.448119	0.48863	0.485225	0.428777	0.321585	0.180062	0.0298154	-0.102175	-0.179648	-0.174142	-0.0772507	0.0968643	0.311303	0.528063	0.724916	0.86592	
0.459865	0.468741	0.461232	0.44505	0.432311	0.448904	0.49539	0.554609	0.611069	0.66672	0.710976	0.717337	0.66721	0.56794	0.430902	0.278157	0.138402	0.04595	0.024816	0.0874696	0.223953	0.396028	0.573748	0.738259	0.860145	
0.65939	0.663716	0.654234	0.636693	0.62029	0.632018	0.679515	0.738488	0.798618	0.856645	0.90442	0.916219	0.873014	0.776561	0.63925	0.482341	0.332174	0.218243	0.163472	0.188526	0.278687	0.409019	0.551418	0.690957	0.79632	
0.794658	0.796434	0.785636	0.767185	0.750902	0.761784	0.809369	0.873323	0.939454	1.00081	1.05372	1.07189	1.034	0.937627	0.798041	0.62642	0.456234	0.310501	0.220438	0.200346	0.249063	0.344679	0.46232	0.581356	0.680328	
0.864673	0.862396	0.850807	0.834969	0.820189	0.832414	0.883403	0.952545	1.02816	1.0976	1.15582	1.18176	1.14537	1.0468	0.894978	0.702494	0.504184	0.323485	0.189403	0.127036	0.136266	0.200877	0.301664	0.418273	0.527926	
0.883228	0.877474	0.865642	0.851787	0.842099	0.858981	0.915179	0.99392	1.08102	1.15853	1.22405	1.25094	1.2143	1.10783	0.937759	0.718537	0.488256	0.264826	0.0907809	-0.011053	-0.038579	0.00498787	0.100485	0.220129	0.340489	
0.877822	0.868337	0.85582	0.844959	0.841621	0.865031	0.928586	1.01586	1.11559	1.20286	1.27061	1.29741	1.25402	1.13185	0.939499	0.68955	0.42206	0.161574	-0.0471614	-0.184548	-0.235817	-0.206884	-0.115876	0.0085283	0.146312	
0.865819	0.855297	0.842644	0.835486	0.838868	0.870071	0.938094	1.0342	1.14202	1.23577	1.30461	1.32425	1.2667	1.12904	0.907704	0.62737	0.32895	0.0384541	-0.19802	-0.353688	-0.422675	-0.405478	-0.315524	-0.181802	-0.0304345	
0.851979	0.844629	0.835101	0.833292	0.846242	0.886354	0.960325	1.06059	1.171	1.26545	1.32531	1.32773	1.25168	1.08947	0.842377	0.5402	0.217193	-0.0917543	-0.340535	-0.509247	-0.58925	-0.575701	-0.48674	-0.346045	-0.18134	
0.84162	0.841041	0.83844	0.846428	0.872126	0.923584	1.00416	1.10432	1.21056	1.29624	1.33867	1.3157	1.21207	1.02356	0.754469	0.433517	0.0981183	-0.215345	-0.467153	-0.637801	-0.718434	-0.712202	-0.626679	-0.477863	-0.295943	
0.85864	0.864737	0.869613	0.886552	0.923614	0.987976	1.07253	1.17116	1.26722	1.33867	1.35823	1.30626	1.17056	0.956681	0.667282	0.336886	-0.00345199	-0.31303	-0.562804	-0.728923	-0.811282	-0.806339	-0.718919	-0.558355	-0.360973	
0.914533	0.928302	0.937748	0.960343	1.00428	1.07248	1.15917	1.24856	1.32787	1.38054	1.37736	1.29534	1.13684	0.902094	0.604268	0.270754	-0.0668778	-0.372955	-0.617713	-0.780426	-0.858375	-0.850386	-0.757522	-0.583592	-0.368414	
0.993311	1.01538	1.03381	1.06021	1.10431	1.17124	1.24888	1.31689	1.37212	1.3973	1.3689	1.26935	1.09495	0.852408	0.560897	0.233331	-0.0958491	-0.392716	-0.632414	-0.791665	-0.863003	-0.850445	-0.747182	-0.560703	-0.329122	
1.08066	1.11549	1.1423	1.1709	1.21079	1.2675	1.32811	1.3722	1.39435	1.38833	1.33889	1.22238	1.03994	0.802867	0.522966	0.210705	-0.0982468	-0.382656	-0.613355	-0.761741	-0.825503	-0.806608	-0.699067	-0.509657	-0.272845	
1.15815	1.20246	1.23594	1.26513	1.2962	1.33891	1.38055	1.3971	1.38797	1.35425	1.28425	1.16125	0.979572	0.748605	0.483923	0.191759	-0.098051	-0.364202	-0.57339	-0.705665	-0.755486	-0.727713	-0.619312	-0.441134	-0.21404	
1.2239	1.27048	1.30508	1.32535	1.33885	1.35879	1.37745	1.36911	1.33872	1.28439	1.209	1.08993	0.915498	0.697253	0.447366	0.170395	-0.0974718	-0.340766	-0.525555	-0.633023	-0.662515	-0.625327	-0.52434	-0.365871	-0.157077	
1.25038	1.29682	1.32426	1.32778	1.31599	1.3075	1.29594	1.27017	1.22284	1.16146	1.09014	0.985741	0.826657	0.627537	0.390863	0.13701	-0.107139	-0.324104	-0.480927	-0.567328	-0.587147	-0.547079	-0.45448	-0.313049	-0.12275	
1.21463	1.25424	1.26672	1.25174	1.21193	1.17118	1.13706	1.09547	1.04042	0.979636	0.915833	0.826696	0.691926	0.516427	0.303216	0.0806529	-0.13472	-0.322412	-0.457145	-0.529653	-0.545553	-0.508464	-0.431945	-0.308753	-0.138564	
1.10761	1.13203	1.12905	1.08981	1.02391	0.95757	0.902595	0.853097	0.803601	0.748594	0.697796	0.628032	0.516791	0.363222	0.178155	-0.0132724	-0.196003	-0.350527	-0.460026	-0.524938	-0.546461	-0.524064	-0.466115	-0.362674	-0.214459	
0.937478	0.939261	0.907044	0.842083	0.754318	0.667662	0.604872	0.561821	0.524134	0.484271	0.448114	0.391333	0.303314	0.177938	0.0247679	-0.133565	-0.282759	-0.411894	-0.511251	-0.574636	-0.599076	-0.588003	-0.547529	-0.463649	-0.344645	
0.718442	0.689514	0.62695	0.539986	0.433407	0.336821	0.270876	0.233684	0.211183	0.191387	0.170564	0.137112	0.0802021	-0.0137363	-0.133922	-0.265025	-0.394894	-0.512422	-0.603717	-0.665467	-0.694772	-0.697816	-0.669046	-0.607963	-0.518764	
0.487844	0.42138	0.327981	0.216346	0.0972576	-0.00432297	-0.0673145	-0.096124	-0.0985151	-0.0990394	-0.0983588	-0.108055	-0.13627	-0.197138	-0.283698	-0.395182	-0.511406	-0.622303	-0.716677	-0.783864	-0.820378	-0.83465	-0.823736	-0.78434	-0.711762	
0.263952	0.160373	0.0371763	-0.09298	-0.216714	-0.314626	-0.374303	-0.393835	-0.384131	-0.366093	-0.34272	-0.326066	-0.325164	-0.352818	-0.414114	-0.514257	-0.623705	-0.738988	-0.83612	-0.907863	-0.952328	-0.983864	-0.987629	-0.962414	-0.900902	
0.0888786	-0.0496663	-0.200431	-0.342691	-0.469668	-0.564939	-0.61966	-0.634023	-0.615398	-0.575815	-0.528485	-0.484208	-0.460944	-0.463587	-0.51447	-0.606719	-0.7189	-0.837507	-0.940111	-1.01611	-1.07152	-1.11331	-1.13009	-1.11833	-1.06022	
-0.0141109	-0.187926	-0.357334	-0.512335	-0.641642	-0.732282	-0.783644	-0.794628	-0.764754	-0.708989	-0.636411	-0.571356	-0.53371	-0.529053	-0.578388	-0.669253	-0.786687	-0.909891	-1.01667	-1.10116	-1.17003	-1.21609	-1.24053	-1.22744	-1.16802	
-0.0427432	-0.240001	-0.427333	-0.59335	-0.723129	-0.815461	-0.862161	-0.867046	-0.828987	-0.759578	-0.666731	-0.591919	-0.549911	-0.550679	-0.602871	-0.698059	-0.82282	-0.954054	-1.07241	-1.16999	-1.2378	-1.27502	-1.29609	-1.27767	-1.22477	
0.000376966	-0.211306	-0.410149	-0.580068	-0.716714	-0.810804	-0.854405	-0.854961	-0.810403	-0.73192	-0.629804	-0.551783	-0.512904	-0.528196	-0.5921	-0.70095	-0.836877	-0.984852	-1.11338	-1.21498	-1.27423	-1.305	-1.31436	-1.29316	-1.25153	
0.0957522	-0.120749	-0.320227	-0.491214	-0.630674	-0.722521	-0.760834	-0.750791	-0.701963	-0.622624	-0.528434	-0.458398	-0.435715	-0.469619	-0.551036	-0.671356	-0.82521	-0.988161	-1.12984	-1.23892	-1.29419	-1.3131	-1.30988	-1.29327	-1.25724	
0.216324	0.00433734	-0.185963	-0.349904	-0.481209	-0.561312	-0.586498	-0.563511	-0.51173	-0.44329	-0.368587	-0.315322	-0.310955	-0.364834	-0.465874	-0.609089	-0.78447	-0.961465	-1.11632	-1.22437	-1.27443	-1.29061	-1.29173	-1.28064	-1.25621	
0.338083	0.143367	-0.0335544	-0.184034	-0.298143	-0.362674	-0.37047	-0.33105	-0.274255	-0.215834	-0.159412	-0.124419	-0.140069	-0.215915	-0.345679	-0.518613	-0.710525	-0.898804	-1.05703	-1.1639	-1.22015	-1.24767	-1.25448	-1.25539	-1.2439	
