-9.75383e-05	0	0	0	0	0	0	0	0	0	0	0	0	0	0	0	0	0	0	0	0	0	0	0	0	
-0.00877149	-0.00262955	0.0014714	0.00274377	0.00413742	0.00397511	0.00373473	0.00284393	0.00141335	-0.000294669	-0.00211532	-0.00444679	-0.00564793	-0.00686408	-0.00653828	-0.00347932	0.000355425	0.00852554	0.0190531	0.0292243	0.0419746	0.0501053	0.0514212	0.0441359	0.0285258	
-0.00159017	0.00859342	0.0127729	0.0147428	0.0155674	0.0155676	0.0160529	0.0154575	0.0162035	0.0153766	0.0166262	0.0162735	0.0180453	0.0194935	0.022286	0.026237	0.032067	0.0379186	0.0470331	0.0543093	0.0612253	0.0640367	0.0631813	0.0536115	0.0390945	
0.0207121	0.0348518	0.0391684	0.0419849	0.041378	0.0424097	0.0428359	0.0439557	0.0463546	0.0482812	0.0519201	0.0552743	0.0591066	0.0629386	0.0666937	0.0679847	0.0704369	0.068287	0.0654328	0.061712	0.0558576	0.0506491	0.048557	0.051999	0.0565253	
0.029679	0.0506661	0.0607192	0.0639647	0.0652669	0.0660544	0.0664436	0.0682888	0.0691884	0.0727463	0.0740465	0.0787593	0.0806746	0.0843946	0.0864863	0.0874383	0.0857691	0.0835192	0.0751076	0.0676376	0.0572723	0.0523612	0.049423	0.0633197	0.0899195	
0.021631	0.0548784	0.0739552	0.0794411	0.0849024	0.084411	0.0856555	0.0856873	0.0845333	0.0855931	0.0832284	0.0836613	0.081335	0.0803459	0.0774487	0.0769746	0.0728759	0.0737303	0.0721869	0.0745451	0.0777689	0.0872871	0.102889	0.125573	0.167093	
-7.96482e-05	0.0479624	0.0726789	0.0851867	0.0903924	0.0924535	0.0927417	0.0920788	0.090937	0.0883029	0.0867315	0.081903	0.0795061	0.0743204	0.070686	0.0678481	0.0672641	0.069589	0.0798349	0.0944639	0.122081	0.152891	0.198304	0.244884	0.298861	
-0.0409387	0.0192165	0.0486299	0.0672789	0.0714547	0.0768117	0.0764369	0.0770207	0.0779859	0.0761358	0.0788198	0.0772119	0.0807809	0.0823016	0.0884229	0.0946429	0.107907	0.121765	0.146592	0.173538	0.21359	0.260456	0.312855	0.37133	0.427596	
-0.0595486	0.0100971	0.0483511	0.0678282	0.0763896	0.0805701	0.0827863	0.0846555	0.0875963	0.0913278	0.0967004	0.104886	0.114527	0.128944	0.145872	0.167909	0.194468	0.225053	0.260815	0.30086	0.339996	0.387588	0.43298	0.47742	0.52038	
-0.0244939	0.0565103	0.103431	0.12628	0.138357	0.142986	0.147391	0.151296	0.156805	0.164874	0.174147	0.188184	0.203006	0.224459	0.247224	0.276186	0.309288	0.345507	0.384995	0.428877	0.467821	0.504521	0.538208	0.558812	0.567385	
0.0463533	0.141249	0.196798	0.226405	0.24131	0.247972	0.254917	0.259943	0.269558	0.279976	0.293641	0.311457	0.329964	0.353298	0.379468	0.405284	0.437504	0.468836	0.49854	0.532972	0.560905	0.581209	0.59547	0.596273	0.563852	
0.129547	0.236993	0.307383	0.343055	0.364042	0.372675	0.380562	0.388347	0.396252	0.411057	0.422955	0.443217	0.462789	0.48362	0.50964	0.531585	0.552203	0.576446	0.58616	0.595467	0.599156	0.585145	0.561249	0.53597	0.487008	
0.201033	0.32634	0.414208	0.461916	0.48778	0.503106	0.508008	0.518876	0.522094	0.534023	0.542982	0.553195	0.568346	0.577607	0.589841	0.602441	0.603321	0.608632	0.60371	0.582229	0.560506	0.523611	0.45939	0.391542	0.322349	
0.219411	0.369806	0.474462	0.536725	0.570681	0.589572	0.596452	0.603194	0.606198	0.608393	0.613278	0.612179	0.613466	0.612309	0.60138	0.596885	0.576807	0.55315	0.528212	0.486123	0.432392	0.380751	0.305428	0.206058	0.109471	
0.149805	0.32602	0.445894	0.52411	0.568557	0.588447	0.601058	0.599986	0.603896	0.595874	0.594325	0.584716	0.572069	0.56121	0.536092	0.511788	0.480788	0.432105	0.385196	0.325544	0.249362	0.166837	0.084191	-0.0277877	-0.144141	
0.00466646	0.202145	0.337853	0.434672	0.487388	0.512307	0.527861	0.521906	0.5237	0.507447	0.497039	0.477476	0.45345	0.425243	0.393814	0.345774	0.306123	0.243099	0.176582	0.102301	0.0148917	-0.0884216	-0.188449	-0.299098	-0.417147	
-0.206521	-0.000808462	0.157945	0.266288	0.328902	0.361677	0.373628	0.373052	0.362857	0.348835	0.324707	0.298872	0.265089	0.221471	0.178555	0.118479	0.0574368	-0.0114972	-0.0909624	-0.174602	-0.262694	-0.361586	-0.462165	-0.568261	-0.674732	
-0.499207	-0.282187	-0.107312	0.0136643	0.0858289	0.125443	0.137404	0.138011	0.124114	0.105478	0.0780556	0.0445097	0.00554526	-0.0419381	-0.0939611	-0.15509	-0.220446	-0.295136	-0.373847	-0.455976	-0.541882	-0.629553	-0.708687	-0.787407	-0.877103	
-0.83143	-0.606507	-0.420123	-0.288129	-0.205936	-0.16261	-0.146036	-0.146715	-0.160497	-0.180511	-0.211461	-0.244688	-0.28676	-0.334836	-0.383457	-0.443814	-0.502534	-0.563857	-0.634736	-0.701109	-0.76766	-0.843329	-0.913434	-0.966938	-1.0255	
-1.15161	-0.928099	-0.733244	-0.593086	-0.504816	-0.453492	-0.437059	-0.430959	-0.446456	-0.461517	-0.490138	-0.521432	-0.556118	-0.600888	-0.643885	-0.692664	-0.748063	-0.797201	-0.852729	-0.90781	-0.955425	-1.00049	-1.05027	-1.08351	-1.11702	
-1.44144	-1.21936	-1.01976	-0.873549	-0.778043	-0.722022	-0.701229	-0.692406	-0.703675	-0.71596	-0.73911	-0.763993	-0.793767	-0.825435	-0.862929	-0.895777	-0.938751	-0.97336	-1.01336	-1.04866	-1.08156	-1.10586	-1.12652	-1.12934	-1.12582	
-1.67749	-1.45769	-1.25632	-1.10509	-1.00223	-0.943543	-0.915975	-0.906293	-0.911118	-0.921131	-0.937501	-0.956593	-0.978539	-1.00097	-1.02679	-1.04789	-1.07311	-1.09096	-1.10731	-1.12024	-1.12316	-1.11982	-1.11297	-1.08361	-1.04599	
-1.8435	-1.63157	-1.43072	-1.2756	-1.16883	-1.10503	-1.07355	-1.05888	-1.05879	-1.06171	-1.07045	-1.07964	-1.08968	-1.09937	-1.10986	-1.11311	-1.12155	-1.11683	-1.11061	-1.09757	-1.07465	-1.03658	-1.00249	-0.950859	-0.886205	
-1.91954	-1.71583	-1.51702	-1.36085	-1.24957	-1.18226	-1.14597	-1.12684	-1.11979	-1.11671	-1.11459	-1.11337	-1.11091	-1.10182	-1.09822	-1.0788	-1.0643	-1.04082	-1.00906	-0.974523	-0.934223	-0.880325	-0.822752	-0.75712	-0.684902	
-1.87896	-1.68278	-1.48925	-1.33141	-1.21683	-1.14814	-1.1043	-1.08382	-1.06757	-1.05844	-1.04746	-1.03466	-1.02123	-1.0012	-0.980369	-0.952205	-0.921008	-0.881898	-0.837856	-0.788661	-0.733549	-0.672821	-0.619683	-0.558415	-0.48949	
-1.74546	-1.55859	-1.36636	-1.20795	-1.09179	-1.01769	-0.973423	-0.945656	-0.927334	-0.91136	-0.893202	-0.874601	-0.851209	-0.821988	-0.795215	-0.754775	-0.719239	-0.678147	-0.630128	-0.584542	-0.538682	-0.48045	-0.428293	-0.380212	-0.328372	
-1.55859	-1.3722	-1.18171	-1.02052	-0.90038	-0.826156	-0.775808	-0.75021	-0.726418	-0.710838	-0.691165	-0.669284	-0.6479	-0.617422	-0.590049	-0.555445	-0.519028	-0.481169	-0.440265	-0.398582	-0.359369	-0.319598	-0.285773	-0.253936	-0.215836	
-1.36636	-1.18171	-0.988984	-0.824893	-0.702727	-0.624702	-0.575023	-0.54661	-0.524836	-0.509121	-0.490129	-0.472401	-0.450817	-0.426309	-0.4034	-0.374073	-0.34731	-0.321214	-0.290193	-0.263866	-0.239522	-0.208076	-0.185183	-0.167332	-0.144969	
-1.20795	-1.02052	-0.824893	-0.657372	-0.532174	-0.453052	-0.402014	-0.375373	-0.354652	-0.341849	-0.327634	-0.312583	-0.299299	-0.279277	-0.264718	-0.243838	-0.225287	-0.20694	-0.187333	-0.16948	-0.156313	-0.1394	-0.126715	-0.120975	-0.10631	
-1.09179	-0.90038	-0.702727	-0.532174	-0.404857	-0.325255	-0.273493	-0.248988	-0.229243	-0.221019	-0.20913	-0.200872	-0.191427	-0.179457	-0.170642	-0.158925	-0.146774	-0.139105	-0.126449	-0.116844	-0.110251	-0.100816	-0.0962886	-0.0942079	-0.0859088	
-1.01769	-0.826156	-0.624702	-0.453052	-0.325255	-0.244	-0.194683	-0.168898	-0.153511	-0.145141	-0.138206	-0.131844	-0.126942	-0.118595	-0.115344	-0.106322	-0.102467	-0.0977697	-0.0918101	-0.0892282	-0.0893576	-0.0812979	-0.0779053	-0.0828002	-0.0775429	
-0.973423	-0.775807	-0.575023	-0.402014	-0.273493	-0.194683	-0.143249	-0.122277	-0.10491	-0.10203	-0.0956168	-0.0933126	-0.0923482	-0.0873512	-0.0873177	-0.0846708	-0.0802011	-0.0805339	-0.0764421	-0.0729487	-0.0730971	-0.0729197	-0.0752139	-0.0781927	-0.0731436	
-0.945656	-0.75021	-0.54661	-0.375373	-0.248988	-0.168898	-0.122277	-0.0977815	-0.0856075	-0.0800085	-0.0761202	-0.0746491	-0.0729463	-0.0698599	-0.0716635	-0.0667458	-0.0687874	-0.0694793	-0.0676481	-0.0706985	-0.0752647	-0.0691183	-0.0683106	-0.0744882	-0.0718077	
-0.927332	-0.726418	-0.524835	-0.354652	-0.229243	-0.153511	-0.10491	-0.0856075	-0.0709216	-0.068983	-0.065847	-0.0647244	-0.067046	-0.0643556	-0.0672288	-0.066823	-0.0663355	-0.0674004	-0.06643	-0.0651338	-0.0659617	-0.06674	-0.0716664	-0.0765761	-0.0720097	
-0.911356	-0.710837	-0.509121	-0.341849	-0.221019	-0.145141	-0.10203	-0.0800085	-0.068983	-0.0658003	-0.0620288	-0.0629498	-0.0622791	-0.0601457	-0.06419	-0.0598453	-0.0627231	-0.0648224	-0.0636586	-0.0668953	-0.0726483	-0.0684811	-0.0697956	-0.0733711	-0.0703395	
-0.893195	-0.691163	-0.490128	-0.327634	-0.20913	-0.138206	-0.0956168	-0.0761202	-0.065847	-0.0620288	-0.061244	-0.0599107	-0.0619666	-0.06042	-0.0638506	-0.0618986	-0.0654809	-0.0651093	-0.0650572	-0.0666918	-0.0676842	-0.0654565	-0.0708852	-0.0759031	-0.0730261	
-0.874586	-0.669279	-0.472399	-0.312582	-0.200872	-0.131844	-0.0933126	-0.0746491	-0.0647244	-0.0629498	-0.0599107	-0.0609889	-0.0617591	-0.059905	-0.0642917	-0.0614316	-0.0640764	-0.0647768	-0.0651902	-0.0666356	-0.0697616	-0.0680761	-0.0741596	-0.0748679	-0.070913	
-0.851178	-0.64789	-0.450814	-0.299298	-0.191427	-0.126942	-0.0923482	-0.0729463	-0.067046	-0.0622791	-0.0619666	-0.0617591	-0.0619486	-0.0607626	-0.0648469	-0.0596504	-0.0656275	-0.0646664	-0.0643692	-0.0678771	-0.0715258	-0.0685563	-0.0725918	-0.0736874	-0.0734885	
-0.821932	-0.617403	-0.426302	-0.279275	-0.179456	-0.118595	-0.0873512	-0.0698599	-0.0643556	-0.0601457	-0.06042	-0.059905	-0.0607626	-0.0616479	-0.0635092	-0.0631219	-0.068116	-0.0654201	-0.0684534	-0.0707629	-0.0686098	-0.0657849	-0.0763109	-0.0758695	-0.0748171	
-0.795121	-0.590015	-0.403389	-0.264715	-0.17064	-0.115344	-0.0873176	-0.0716635	-0.0672288	-0.06419	-0.0638506	-0.0642917	-0.0648469	-0.0635092	-0.0669044	-0.0627832	-0.0659626	-0.0646898	-0.0657083	-0.0666711	-0.0702188	-0.0739144	-0.0783504	-0.0733141	-0.0747904	
-0.754624	-0.555389	-0.374053	-0.243832	-0.158923	-0.106322	-0.0846707	-0.0667458	-0.066823	-0.0598453	-0.0618986	-0.0614316	-0.0596504	-0.0631219	-0.0627832	-0.0621719	-0.069553	-0.0663628	-0.070235	-0.0747902	-0.0735539	-0.0689361	-0.0754122	-0.0732846	-0.0793868	
-0.719012	-0.518941	-0.347279	-0.225276	-0.146771	-0.102466	-0.0802008	-0.0687873	-0.0663355	-0.0627231	-0.0654809	-0.0640764	-0.0656275	-0.068116	-0.0659626	-0.069553	-0.069428	-0.0665744	-0.0703854	-0.0697745	-0.0661144	-0.0741941	-0.0814072	-0.0766561	-0.0818042	
-0.677826	-0.481041	-0.321168	-0.206924	-0.1391	-0.0977683	-0.0805335	-0.0694792	-0.0674004	-0.0648224	-0.0651093	-0.0647768	-0.0646664	-0.0654201	-0.0646898	-0.0663628	-0.0665744	-0.0674884	-0.071742	-0.0721487	-0.0752173	-0.0802654	-0.0781523	-0.0736204	-0.081777	
-0.629696	-0.440089	-0.290128	-0.18731	-0.126442	-0.091808	-0.0764416	-0.0676479	-0.06643	-0.0636586	-0.0650572	-0.0651902	-0.0643692	-0.0684534	-0.0657083	-0.070235	-0.0703854	-0.071742	-0.0738051	-0.0745901	-0.0741103	-0.0765328	-0.0756792	-0.0784451	-0.0893794	
-0.583991	-0.398351	-0.263778	-0.16945	-0.116834	-0.0892252	-0.0729478	-0.0706983	-0.0651338	-0.0668952	-0.0666918	-0.0666356	-0.0678771	-0.0707629	-0.0666711	-0.0747902	-0.0697745	-0.0721487	-0.0745901	-0.0739703	-0.0730821	-0.0800513	-0.0808546	-0.0842025	-0.0883687	
-0.538009	-0.35908	-0.23941	-0.156273	-0.110237	-0.0893536	-0.073096	-0.0752644	-0.0659616	-0.0726482	-0.0676842	-0.0697616	-0.0715258	-0.0686098	-0.0702188	-0.0735539	-0.0661144	-0.0752173	-0.0741103	-0.0730821	-0.0789487	-0.0875873	-0.0795821	-0.0836219	-0.0882393	
-0.479661	-0.319253	-0.207939	-0.139351	-0.1008	-0.0812928	-0.0729182	-0.069118	-0.0667399	-0.0684811	-0.0654565	-0.0680761	-0.0685563	-0.0657849	-0.0739144	-0.0689361	-0.0741941	-0.0802654	-0.0765328	-0.0800513	-0.0875873	-0.0805149	-0.0749919	-0.090456	-0.0912951	
-0.427403	-0.285378	-0.185024	-0.126657	-0.0962691	-0.0778992	-0.0752121	-0.0683101	-0.0716663	-0.0697956	-0.0708852	-0.0741596	-0.0725918	-0.0763109	-0.0783504	-0.0754122	-0.0814072	-0.0781523	-0.0756792	-0.0808546	-0.0795821	-0.0749919	-0.089036	-0.0986543	-0.0905252	
-0.379244	-0.253502	-0.167156	-0.12091	-0.0941859	-0.0827933	-0.0781907	-0.0744877	-0.076576	-0.0733711	-0.0759031	-0.0748679	-0.0736874	-0.0758695	-0.0733141	-0.0732846	-0.0766561	-0.0736204	-0.0784451	-0.0842025	-0.0836219	-0.090456	-0.0986543	-0.0922937	-0.0849317	
-0.327355	-0.215377	-0.144782	-0.106241	-0.0858851	-0.0775354	-0.0731414	-0.0718071	-0.0720096	-0.0703395	-0.0730261	-0.0709129	-0.0734885	-0.0748171	-0.0747904	-0.0793868	-0.0818042	-0.081777	-0.0893794	-0.0883687	-0.0882393	-0.0912951	-0.0905252	-0.0849317	-0.0942501	
