0	0	0	0	0	0	0	0	0	0	0	0	0	0	0	0	0	0	0	0	0	0	0	0	0	
0	-0.00251065	-0.00598361	-0.00517529	0.0024541	0.0131445	0.0198893	0.0169239	-0.00104725	-0.0294626	-0.055026	-0.0687958	-0.0736245	-0.0778366	-0.088213	-0.105533	-0.122745	-0.132239	-0.133277	-0.129628	-0.122769	-0.111985	-0.0949666	-0.068281	-0.0320998	
0	-0.00593165	-0.0134217	-0.0152674	-0.00530094	0.00549155	0.00978849	-0.00173193	-0.0335745	-0.0804944	-0.122826	-0.149955	-0.168139	-0.186456	-0.20935	-0.236393	-0.257777	-0.268626	-0.26912	-0.26484	-0.250741	-0.223559	-0.181246	-0.123508	-0.0526799	
0	-0.00505932	-0.0151946	-0.0203443	-0.0178831	-0.0178431	-0.0285401	-0.0501449	-0.0888007	-0.140867	-0.191544	-0.234517	-0.276968	-0.320308	-0.359306	-0.389369	-0.405995	-0.409811	-0.407527	-0.400459	-0.375818	-0.325429	-0.250936	-0.157675	-0.0530136	
0	0.00251653	-0.00535271	-0.0180678	-0.0290967	-0.0514008	-0.0795445	-0.109538	-0.145489	-0.196057	-0.253761	-0.316423	-0.387718	-0.458712	-0.51417	-0.549559	-0.561509	-0.557935	-0.545023	-0.525652	-0.480561	-0.402331	-0.294681	-0.167609	-0.0286858	
0	0.0129932	0.00499317	-0.0186377	-0.0521314	-0.0971373	-0.142536	-0.174433	-0.206811	-0.257434	-0.325713	-0.40686	-0.499879	-0.589172	-0.657464	-0.698072	-0.708734	-0.692499	-0.658641	-0.610659	-0.533611	-0.422964	-0.286376	-0.133276	0.0297112	
0	0.0194294	0.00871973	-0.0300937	-0.081151	-0.143418	-0.195861	-0.229974	-0.263403	-0.322174	-0.401839	-0.494381	-0.597202	-0.696439	-0.772892	-0.818639	-0.823255	-0.78916	-0.724268	-0.639859	-0.523347	-0.377884	-0.214206	-0.0446138	0.131168	
0	0.0163085	-0.00308121	-0.0520101	-0.111454	-0.175616	-0.230257	-0.268806	-0.313814	-0.385224	-0.473196	-0.566968	-0.670754	-0.773229	-0.854108	-0.895828	-0.885355	-0.822377	-0.722977	-0.600952	-0.449447	-0.273491	-0.0903616	0.0891431	0.26753	
0	-0.00165715	-0.0348275	-0.090401	-0.146963	-0.207388	-0.263002	-0.313083	-0.373597	-0.458499	-0.550165	-0.641101	-0.740122	-0.839991	-0.914252	-0.940732	-0.901823	-0.802577	-0.664038	-0.509077	-0.331837	-0.140797	0.0514083	0.234378	0.415537	
0	-0.0299582	-0.0814546	-0.141901	-0.196692	-0.257031	-0.320688	-0.383342	-0.457274	-0.551315	-0.648172	-0.737701	-0.829713	-0.914406	-0.966561	-0.961729	-0.885125	-0.742657	-0.564942	-0.380427	-0.191041	0.00144864	0.188847	0.371082	0.551616	
0	-0.0555888	-0.123786	-0.192422	-0.25405	-0.32487	-0.399849	-0.470759	-0.548205	-0.647356	-0.750624	-0.843426	-0.924769	-0.983864	-0.998563	-0.951532	-0.832308	-0.651332	-0.443336	-0.243013	-0.0508145	0.133258	0.311093	0.483187	0.654204	
0	-0.0695554	-0.151211	-0.235656	-0.316911	-0.406282	-0.492701	-0.564806	-0.63922	-0.736743	-0.843105	-0.933846	-0.999003	-1.02364	-0.991177	-0.893644	-0.731761	-0.523201	-0.305209	-0.105005	0.0791913	0.253826	0.414892	0.565765	0.711226	
0	-0.0745604	-0.16962	-0.278299	-0.388345	-0.499508	-0.595818	-0.668907	-0.73838	-0.828704	-0.924333	-0.998977	-1.03652	-1.02	-0.936	-0.785454	-0.584996	-0.361023	-0.147273	0.0399648	0.212042	0.370944	0.510606	0.630466	0.74229	
0	-0.0787045	-0.187738	-0.321251	-0.458801	-0.5883	-0.694672	-0.771047	-0.837863	-0.912915	-0.983009	-1.02344	-1.0201	-0.95756	-0.824629	-0.631597	-0.403848	-0.173399	0.0310466	0.202857	0.354293	0.490388	0.602351	0.693148	0.773207	
0	-0.0888113	-0.210064	-0.359381	-0.513203	-0.65552	-0.770186	-0.851069	-0.911318	-0.96427	-0.997191	-0.990938	-0.93655	-0.825345	-0.654978	-0.43721	-0.198215	0.0334255	0.22964	0.383139	0.507283	0.611765	0.695096	0.758764	0.807156	
0	-0.10591	-0.236659	-0.388815	-0.547859	-0.695442	-0.815424	-0.89239	-0.937465	-0.959117	-0.950049	-0.893684	-0.786811	-0.633395	-0.438378	-0.213569	0.0253254	0.251287	0.434932	0.565197	0.657362	0.727604	0.778311	0.80735	0.816806	
0	-0.122969	-0.2578	-0.405214	-0.559692	-0.706238	-0.820433	-0.882495	-0.899226	-0.883117	-0.831526	-0.732704	-0.587537	-0.406902	-0.200639	0.0243346	0.255766	0.468444	0.631183	0.736796	0.798726	0.833913	0.841111	0.822567	0.786704	
0	-0.132385	-0.268545	-0.4091	-0.556423	-0.690589	-0.787252	-0.820649	-0.801226	-0.741863	-0.651782	-0.525412	-0.364992	-0.177849	0.0297492	0.249209	0.467393	0.656029	0.794187	0.874459	0.907868	0.898579	0.851491	0.779207	0.704026	
0	-0.133108	-0.26861	-0.406539	-0.543568	-0.657224	-0.723233	-0.722409	-0.664075	-0.565512	-0.445128	-0.308776	-0.152637	0.0251312	0.224549	0.431564	0.628961	0.792933	0.907255	0.966105	0.963552	0.904618	0.8002	0.681982	0.577183	
0	-0.129236	-0.263989	-0.399375	-0.524445	-0.609789	-0.639653	-0.601416	-0.510252	-0.382184	-0.245959	-0.109726	0.0334383	0.195641	0.376701	0.560316	0.733006	0.871523	0.96429	0.991936	0.949646	0.841162	0.693289	0.54066	0.413133	
0	-0.122189	-0.249751	-0.37497	-0.480101	-0.533986	-0.524597	-0.451456	-0.334512	-0.194088	-0.054706	0.0737554	0.204992	0.346485	0.500167	0.651702	0.794091	0.903985	0.96066	0.948366	0.863808	0.722855	0.549273	0.376482	0.234512	
0	-0.111663	-0.223112	-0.325703	-0.403528	-0.425249	-0.38102	-0.277141	-0.144739	-0.00249572	0.128835	0.248258	0.364024	0.482773	0.604744	0.721972	0.829436	0.894887	0.901902	0.839763	0.72278	0.564001	0.384306	0.209969	0.0691654	
0	-0.0948628	-0.18137	-0.2523	-0.297511	-0.290589	-0.219157	-0.0953743	0.0466425	0.184758	0.30712	0.410335	0.505036	0.596224	0.689501	0.773909	0.837929	0.849235	0.799045	0.693111	0.550103	0.38511	0.215827	0.0616121	-0.0598495	
0	-0.0685523	-0.124315	-0.160082	-0.171748	-0.138721	-0.0504108	0.0839261	0.230052	0.367941	0.480458	0.562777	0.626719	0.68897	0.755127	0.804954	0.821484	0.77915	0.682937	0.542374	0.3788	0.212162	0.0632855	-0.0581464	-0.152855	
0	-0.0326024	-0.0539081	-0.0560076	-0.0335216	0.0236194	0.125045	0.262522	0.412056	0.549763	0.65307	0.710066	0.740628	0.771363	0.805932	0.816727	0.78786	0.706275	0.580099	0.416272	0.237659	0.0720626	-0.0571199	-0.151289	-0.222081	
0	0.0100051	0.024653	0.0562087	0.111803	0.196198	0.311303	0.452737	0.600874	0.731968	0.820277	0.852224	0.851299	0.846554	0.841682	0.811962	0.748646	0.645378	0.50486	0.332091	0.15124	-0.00753444	-0.124419	-0.203803	-0.256988	
0	0.0504772	0.100211	0.162852	0.251527	0.363878	0.498645	0.645706	0.7857	0.897384	0.963266	0.974681	0.947467	0.907848	0.863577	0.802332	0.720369	0.608896	0.467329	0.301209	0.132909	-0.0137929	-0.124894	-0.198898	-0.241093	
0	0.0876123	0.171509	0.267703	0.389241	0.533036	0.691335	0.84585	0.971123	1.0524	1.0917	1.08434	1.03655	0.967795	0.894669	0.816309	0.726039	0.614681	0.48125	0.333098	0.186394	0.0534468	-0.0508401	-0.12391	-0.16082	
0	0.124335	0.245017	0.377683	0.53469	0.710169	0.89088	1.05112	1.15901	1.2111	1.22361	1.19965	1.13636	1.05152	0.96663	0.881813	0.788826	0.681553	0.560714	0.432841	0.302781	0.183808	0.0839445	0.0106058	-0.0264758	
0	0.166264	0.327753	0.499976	0.692287	0.894474	1.08832	1.24667	1.3408	1.37182	1.36376	1.32384	1.25102	1.16359	1.07753	0.990826	0.896237	0.796038	0.689787	0.573843	0.455072	0.342723	0.247912	0.172516	0.136055	
0	0.212697	0.415891	0.624177	0.843276	1.05827	1.24696	1.39269	1.47446	1.49512	1.47413	1.42353	1.35	1.26826	1.1869	1.1005	1.01055	0.924803	0.833006	0.728404	0.613385	0.506644	0.412514	0.338192	0.303434	
0	0.261939	0.505802	0.743282	0.976009	1.1871	1.35465	1.47802	1.54606	1.56145	1.53508	1.48377	1.41595	1.34186	1.26347	1.18042	1.10177	1.03072	0.952858	0.854125	0.743084	0.635848	0.543312	0.4723	0.442235	
0	0.308174	0.588957	0.846157	1.0801	1.27415	1.41478	1.51032	1.56081	1.56813	1.54368	1.50084	1.44463	1.37618	1.30184	1.22818	1.16392	1.10398	1.02966	0.931413	0.816523	0.705309	0.61053	0.543285	0.520111	
0	0.342422	0.648694	0.915969	1.13853	1.31254	1.42591	1.49516	1.51923	1.51339	1.49074	1.46201	1.41915	1.35875	1.29567	1.2392	1.19214	1.13714	1.05894	0.951187	0.826627	0.70671	0.607728	0.542966	0.528133	
0	0.356086	0.672861	0.93588	1.14325	1.29501	1.38925	1.43064	1.42494	1.39669	1.37079	1.3507	1.32008	1.27331	1.23013	1.19639	1.16701	1.11605	1.03188	0.911565	0.775703	0.648417	0.547142	0.486985	0.483361	
0	0.3473	0.654113	0.903359	1.08964	1.22425	1.30019	1.31812	1.2819	1.22923	1.1908	1.16893	1.14801	1.12038	1.10137	1.09115	1.07965	1.03848	0.953291	0.825631	0.682235	0.55089	0.448704	0.393515	0.398016	
0	0.318331	0.599622	0.823639	0.988782	1.10381	1.16341	1.16085	1.10387	1.0316	0.976009	0.945497	0.932539	0.925845	0.929365	0.937299	0.946516	0.921779	0.846872	0.720689	0.576063	0.44204	0.336734	0.281139	0.287412	
0	0.279689	0.52656	0.72162	0.863364	0.956704	0.998624	0.981598	0.916896	0.833209	0.76296	0.721592	0.714195	0.724609	0.741997	0.76416	0.791345	0.790377	0.734814	0.622347	0.484413	0.34938	0.24008	0.179883	0.183661	
0	0.236317	0.444206	0.607123	0.72026	0.78793	0.809582	0.785904	0.721681	0.637798	0.560025	0.513816	0.510543	0.531241	0.559414	0.591683	0.63488	0.654255	0.622094	0.531234	0.406282	0.275882	0.166289	0.1059	0.111839	
0	0.192103	0.360769	0.488496	0.570385	0.607611	0.611502	0.582073	0.522932	0.442828	0.36872	0.32516	0.324536	0.352175	0.389463	0.433001	0.484202	0.516762	0.505367	0.440377	0.338424	0.224377	0.130662	0.0852289	0.104926	
0	0.150505	0.281324	0.376066	0.426781	0.438421	0.426239	0.392671	0.334164	0.261359	0.199155	0.16632	0.169695	0.202705	0.25049	0.300899	0.349714	0.382582	0.383505	0.344302	0.272037	0.190896	0.131917	0.121258	0.16647	
0	0.112334	0.207941	0.273849	0.30053	0.295498	0.272017	0.232818	0.171894	0.107178	0.0624786	0.0456336	0.0552301	0.0933353	0.146917	0.195587	0.230737	0.252527	0.256539	0.237077	0.198607	0.160466	0.151657	0.188032	0.266531	
0	0.07464	0.135254	0.173623	0.184197	0.168927	0.137702	0.0917915	0.0301382	-0.0250506	-0.0513981	-0.0513942	-0.0330462	0.0075379	0.059805	0.0984653	0.11833	0.128983	0.133605	0.130978	0.125475	0.135193	0.180479	0.267016	0.381645	
0	0.0404664	0.0669788	0.0817034	0.0804075	0.0612202	0.0242177	-0.0213586	-0.0754157	-0.1168	-0.130278	-0.120289	-0.0996714	-0.0654874	-0.0275888	-0.00360202	0.00475579	0.0113785	0.0191608	0.0311023	0.0563801	0.111686	0.209745	0.345247	0.498114	
0	0.0112498	0.00757956	0.000582999	-0.0103209	-0.0319594	-0.0686488	-0.100673	-0.131491	-0.152735	-0.159098	-0.15121	-0.139694	-0.12715	-0.112904	-0.108007	-0.104609	-0.0984201	-0.0860193	-0.0642223	-0.0155814	0.0771306	0.220545	0.399432	0.592464	
0	-0.0133933	-0.0418184	-0.0698066	-0.0897614	-0.115432	-0.141835	-0.14812	-0.140465	-0.137944	-0.141382	-0.146534	-0.158268	-0.176777	-0.193236	-0.205133	-0.207514	-0.200398	-0.184961	-0.155538	-0.0902318	0.0317818	0.209913	0.425339	0.654384	
0	-0.0355476	-0.0860317	-0.13067	-0.163501	-0.188152	-0.20016	-0.169339	-0.121953	-0.0920267	-0.0943987	-0.117371	-0.159635	-0.214884	-0.260869	-0.29339	-0.305762	-0.305167	-0.28807	-0.252909	-0.172958	-0.0290315	0.176014	0.420931	0.683549	
0	-0.058716	-0.125949	-0.186787	-0.227092	-0.251431	-0.240233	-0.178898	-0.0944683	-0.0422073	-0.0372696	-0.0761228	-0.147313	-0.236372	-0.311526	-0.368479	-0.402122	-0.415276	-0.401505	-0.360434	-0.268005	-0.106668	0.118273	0.387682	0.68309	
0	-0.0832569	-0.166754	-0.238678	-0.286771	-0.305277	-0.275851	-0.190455	-0.0833523	-0.00788962	0.0102604	-0.0320087	-0.122334	-0.234542	-0.334679	-0.418095	-0.478497	-0.511284	-0.506723	-0.463595	-0.362644	-0.189172	0.0483624	0.337696	0.660176	
0	-0.103372	-0.196207	-0.275104	-0.325845	-0.338057	-0.293011	-0.194528	-0.07204	0.023903	0.0615738	0.0259093	-0.0706071	-0.194982	-0.315943	-0.425059	-0.514296	-0.572707	-0.586406	-0.551562	-0.446148	-0.267778	-0.0206972	0.279717	0.621797	
