0.571124	0.475312	0.375451	0.277294	0.192676	0.118834	0.0525063	-0.0155608	-0.106252	-0.232946	-0.383718	-0.516883	-0.591593	-0.581258	-0.472628	-0.265567	0.00405887	0.288965	0.533767	0.692633	0.766501	0.75685	0.660301	0.478093	0.221362	
0.475259	0.385346	0.297921	0.215057	0.150453	0.0925395	0.0408346	-0.0170091	-0.103603	-0.22947	-0.37643	-0.506288	-0.580002	-0.568657	-0.464001	-0.262809	0.00325493	0.280848	0.513671	0.665225	0.736654	0.725079	0.627292	0.445601	0.193729	
0.375126	0.297651	0.222844	0.158725	0.1103	0.0677959	0.0314105	-0.0167495	-0.0965071	-0.215252	-0.355393	-0.478916	-0.547495	-0.542244	-0.446394	-0.253148	-0.000946682	0.265239	0.488842	0.6311	0.693529	0.673932	0.576344	0.401575	0.156568	
0.27617	0.213996	0.15795	0.112576	0.082356	0.0572946	0.0349991	-0.00373735	-0.0767098	-0.191572	-0.325675	-0.441648	-0.510678	-0.510126	-0.420763	-0.242685	-0.00551013	0.245493	0.448299	0.575111	0.628605	0.606971	0.514331	0.346406	0.116841	
0.191131	0.14899	0.10917	0.0820405	0.0674647	0.0555441	0.0443583	0.0128078	-0.0561744	-0.16531	-0.289205	-0.398875	-0.465005	-0.470207	-0.396654	-0.237738	-0.0234232	0.202416	0.385871	0.503098	0.552084	0.52981	0.44404	0.2958	0.0963294	
0.118156	0.0919666	0.06761	0.0579567	0.0564969	0.0582984	0.0576335	0.0313882	-0.0335596	-0.136597	-0.254817	-0.35852	-0.426301	-0.443978	-0.384587	-0.247917	-0.0585486	0.146082	0.311686	0.420607	0.468101	0.454734	0.391764	0.271815	0.104853	
0.0531794	0.0416281	0.0326189	0.0370301	0.0465619	0.0587808	0.0622647	0.0370027	-0.0272141	-0.1285	-0.238866	-0.336275	-0.406031	-0.429175	-0.38375	-0.269393	-0.101428	0.0811846	0.23412	0.345088	0.40345	0.409679	0.367008	0.270538	0.137308	
-0.0144706	-0.0157866	-0.0150991	-0.00133088	0.0152082	0.0325803	0.0370182	0.0118284	-0.0533396	-0.147697	-0.24694	-0.336019	-0.400338	-0.425538	-0.389259	-0.288568	-0.136627	0.0316137	0.180401	0.29725	0.36487	0.382044	0.354796	0.282741	0.178214	
-0.105753	-0.102953	-0.0954025	-0.0749107	-0.0545503	-0.0332506	-0.0280318	-0.0540867	-0.114602	-0.196114	-0.278413	-0.347672	-0.397945	-0.414471	-0.376164	-0.283725	-0.14587	0.00578686	0.14648	0.262683	0.333262	0.36218	0.349631	0.29358	0.21254	
-0.23318	-0.229528	-0.214814	-0.190498	-0.164568	-0.137227	-0.130134	-0.149115	-0.196741	-0.256734	-0.309525	-0.351533	-0.380954	-0.381756	-0.341529	-0.260022	-0.141182	-0.0103726	0.118188	0.229248	0.303377	0.338823	0.329608	0.28696	0.230458	
-0.384608	-0.377117	-0.35555	-0.325284	-0.289326	-0.25636	-0.241279	-0.249006	-0.279685	-0.310209	-0.331573	-0.345967	-0.351552	-0.338113	-0.299442	-0.230111	-0.133895	-0.0294385	0.0824381	0.184841	0.255147	0.289286	0.285116	0.257297	0.21905	
-0.518789	-0.507965	-0.480041	-0.442349	-0.400287	-0.361383	-0.339847	-0.339116	-0.349984	-0.353286	-0.347007	-0.334448	-0.319306	-0.296331	-0.259985	-0.206527	-0.14172	-0.0666383	0.0248167	0.109369	0.171901	0.20547	0.201599	0.17826	0.150975	
-0.594767	-0.582915	-0.549836	-0.512732	-0.467941	-0.430636	-0.410829	-0.404474	-0.401238	-0.383619	-0.353363	-0.31997	-0.290581	-0.260499	-0.232322	-0.205227	-0.175731	-0.13467	-0.0759936	-0.0147469	0.0367465	0.0582239	0.0463372	0.028199	0.0166948	
-0.585066	-0.572166	-0.545166	-0.512902	-0.473988	-0.449007	-0.434338	-0.429802	-0.417783	-0.384298	-0.339593	-0.296525	-0.260019	-0.234888	-0.229272	-0.235238	-0.250748	-0.257156	-0.238245	-0.2077	-0.180427	-0.175223	-0.186691	-0.191436	-0.182786	
-0.475836	-0.466873	-0.448693	-0.423089	-0.400082	-0.389057	-0.388013	-0.392427	-0.378313	-0.342802	-0.299508	-0.258735	-0.230522	-0.228079	-0.253104	-0.306921	-0.382932	-0.44213	-0.474126	-0.4858	-0.482425	-0.485423	-0.489471	-0.477215	-0.441176	
-0.267333	-0.264214	-0.254046	-0.243834	-0.240082	-0.251081	-0.272062	-0.290051	-0.284224	-0.259624	-0.228477	-0.203702	-0.202123	-0.232982	-0.305947	-0.4259	-0.564187	-0.684863	-0.776236	-0.825132	-0.844383	-0.856539	-0.850285	-0.813108	-0.737857	
0.00373326	0.00330404	-0.000515031	-0.00559073	-0.0247573	-0.0604573	-0.102604	-0.136614	-0.144963	-0.139395	-0.130902	-0.137737	-0.171788	-0.247883	-0.381392	-0.563576	-0.765528	-0.953074	-1.09918	-1.19112	-1.24391	-1.26445	-1.24197	-1.17473	-1.06306	
0.289729	0.281983	0.266583	0.246071	0.201764	0.14516	0.0812119	0.0328025	0.00779749	-0.00745965	-0.0253401	-0.0617516	-0.1301	-0.253799	-0.440035	-0.68357	-0.952336	-1.2033	-1.41014	-1.55518	-1.64164	-1.66878	-1.63442	-1.54663	-1.40449	
0.535569	0.515818	0.490987	0.449466	0.385945	0.311857	0.235437	0.18284	0.149713	0.122389	0.0878043	0.0307593	-0.0706132	-0.234148	-0.471184	-0.773975	-1.09746	-1.40921	-1.67609	-1.87166	-1.99598	-2.03929	-2.00448	-1.89844	-1.72097	
0.695764	0.668639	0.634264	0.577151	0.504289	0.422276	0.348036	0.301242	0.267448	0.235033	0.191697	0.116511	-0.00844729	-0.202769	-0.481966	-0.821965	-1.18861	-1.55364	-1.87116	-2.12001	-2.28469	-2.34388	-2.30407	-2.17262	-1.96751	
0.771073	0.7414	0.697752	0.631639	0.554591	0.471421	0.408066	0.370385	0.339502	0.31061	0.263224	0.179858	0.0435211	-0.175147	-0.478266	-0.841001	-1.24143	-1.64038	-1.99589	-2.28512	-2.4717	-2.53447	-2.48355	-2.3335	-2.11088	
0.762359	0.730598	0.678655	0.610545	0.53323	0.459211	0.415346	0.388413	0.369195	0.346716	0.297672	0.213252	0.0644787	-0.170582	-0.481955	-0.854007	-1.26308	-1.66884	-2.04057	-2.3456	-2.53566	-2.59486	-2.53245	-2.36172	-2.11634	
0.665691	0.632475	0.580509	0.517518	0.447479	0.396398	0.372637	0.360932	0.356345	0.337026	0.29261	0.20802	0.0509756	-0.183696	-0.487653	-0.849525	-1.24254	-1.6365	-2.00765	-2.30742	-2.48614	-2.53373	-2.4472	-2.24735	-1.98959	
0.482232	0.449285	0.404126	0.348301	0.298351	0.275599	0.27509	0.287672	0.29906	0.292948	0.262945	0.182468	0.03053	-0.190642	-0.477518	-0.814507	-1.1775	-1.55078	-1.90338	-2.17736	-2.33713	-2.36385	-2.24815	-2.03539	-1.77944	
0.223534	0.195201	0.156952	0.117023	0.0975297	0.107227	0.140248	0.181499	0.216384	0.234598	0.222477	0.152741	0.0166639	-0.18413	-0.443472	-0.741217	-1.06773	-1.41027	-1.7271	-1.97297	-2.11489	-2.11869	-1.99058	-1.77965	-1.51972	
-0.0624498	-0.085314	-0.114036	-0.128752	-0.116061	-0.0691082	-0.0035319	0.0659454	0.127771	0.170441	0.176157	0.122357	0.00816458	-0.165943	-0.385219	-0.638742	-0.926789	-1.22755	-1.50703	-1.72821	-1.84727	-1.83645	-1.71159	-1.50345	-1.24605	
-0.315005	-0.333264	-0.345136	-0.334158	-0.287791	-0.208766	-0.118735	-0.0253074	0.0556923	0.116092	0.132329	0.0918681	-0.00369507	-0.148849	-0.32702	-0.541609	-0.78607	-1.04203	-1.28411	-1.47019	-1.56325	-1.54681	-1.42999	-1.23413	-0.999208	
-0.489378	-0.498386	-0.490342	-0.453307	-0.375696	-0.27721	-0.169579	-0.0657065	0.0233629	0.0866327	0.0992858	0.0614196	-0.0262407	-0.148128	-0.298132	-0.479415	-0.681754	-0.895875	-1.09044	-1.23289	-1.29943	-1.27622	-1.17049	-0.997226	-0.791248	
-0.568001	-0.563209	-0.535518	-0.470308	-0.372086	-0.261464	-0.146984	-0.0453192	0.0403731	0.0869815	0.0832988	0.0319969	-0.0592721	-0.172329	-0.309397	-0.464726	-0.635163	-0.805689	-0.948423	-1.04804	-1.08393	-1.05264	-0.957501	-0.805215	-0.624474	
-0.550052	-0.530761	-0.481611	-0.393929	-0.286465	-0.172097	-0.0661106	0.0245041	0.0888468	0.104937	0.074042	-0.00149524	-0.101943	-0.21834	-0.349397	-0.489498	-0.635662	-0.765225	-0.865903	-0.92444	-0.930798	-0.891605	-0.80089	-0.668362	-0.509367	
-0.446691	-0.414151	-0.346468	-0.250047	-0.143823	-0.0408975	0.0463408	0.114835	0.143795	0.125222	0.0607054	-0.0378314	-0.150742	-0.276136	-0.407129	-0.542144	-0.666939	-0.763852	-0.826498	-0.8444	-0.82769	-0.780322	-0.69948	-0.593693	-0.45598	
-0.296639	-0.249374	-0.168695	-0.0712916	0.026458	0.11048	0.176464	0.212527	0.202086	0.144193	0.0436692	-0.0778943	-0.210217	-0.347685	-0.484061	-0.612531	-0.712678	-0.776282	-0.797146	-0.782529	-0.751017	-0.704094	-0.646706	-0.569456	-0.456419	
-0.13806	-0.0727425	0.0181187	0.114433	0.199881	0.265626	0.306043	0.304102	0.252367	0.152197	0.0199525	-0.124897	-0.275398	-0.422509	-0.561389	-0.675843	-0.750571	-0.78072	-0.767586	-0.732734	-0.691126	-0.651341	-0.615672	-0.563938	-0.484739	
0.00674849	0.0849781	0.178528	0.266924	0.337214	0.384399	0.396464	0.360136	0.272679	0.143089	-0.0070609	-0.165937	-0.325175	-0.47844	-0.615509	-0.716404	-0.770466	-0.77296	-0.736476	-0.684391	-0.633599	-0.600556	-0.581972	-0.562048	-0.524954	
0.126412	0.205438	0.290316	0.363564	0.417568	0.444726	0.430506	0.366337	0.254438	0.111842	-0.0447744	-0.207181	-0.368193	-0.521109	-0.647702	-0.730066	-0.758408	-0.734229	-0.678416	-0.614084	-0.564632	-0.544958	-0.549768	-0.565398	-0.565773	
0.239285	0.307264	0.373338	0.425699	0.458108	0.458481	0.413936	0.320909	0.190132	0.0403483	-0.117124	-0.275094	-0.428156	-0.563903	-0.662586	-0.710823	-0.703624	-0.653544	-0.584355	-0.520124	-0.483525	-0.482306	-0.511392	-0.555171	-0.587148	
0.365199	0.409726	0.447441	0.471228	0.4722	0.436451	0.355307	0.233326	0.0877212	-0.0659793	-0.219426	-0.367489	-0.502765	-0.608559	-0.668847	-0.675022	-0.631293	-0.557372	-0.476783	-0.413511	-0.384835	-0.395659	-0.442682	-0.511134	-0.578873	
0.49847	0.509817	0.513104	0.502419	0.465631	0.390216	0.274239	0.130206	-0.0244697	-0.178924	-0.327736	-0.465997	-0.581269	-0.656094	-0.677917	-0.643985	-0.567025	-0.46912	-0.374263	-0.304995	-0.275029	-0.290285	-0.348705	-0.437938	-0.537917	
0.635715	0.610575	0.576766	0.527002	0.448241	0.332934	0.187351	0.027585	-0.132963	-0.287859	-0.433307	-0.560716	-0.653665	-0.696237	-0.680285	-0.611141	-0.507174	-0.39148	-0.287652	-0.214163	-0.181833	-0.196028	-0.254873	-0.349331	-0.463357	
0.7745	0.714151	0.641003	0.547032	0.42293	0.269671	0.100133	-0.0709336	-0.23543	-0.3901	-0.529541	-0.640441	-0.705686	-0.713205	-0.662266	-0.566102	-0.445996	-0.324782	-0.22226	-0.15111	-0.11853	-0.127481	-0.176617	-0.261272	-0.371941	
0.899905	0.808135	0.694261	0.553462	0.385512	0.200951	0.0151008	-0.161959	-0.327077	-0.477722	-0.604765	-0.692342	-0.725835	-0.699614	-0.621313	-0.509216	-0.385127	-0.269107	-0.175111	-0.110605	-0.0791574	-0.081597	-0.117809	-0.18704	-0.285518	
1.00079	0.880799	0.725159	0.537788	0.331032	0.122967	-0.0725071	-0.250633	-0.411049	-0.54944	-0.65381	-0.709594	-0.708102	-0.652163	-0.556187	-0.44026	-0.323923	-0.221729	-0.141425	-0.0860686	-0.0563416	-0.0525945	-0.0766038	-0.130594	-0.214738	
1.07528	0.931731	0.737785	0.50959	0.271278	0.0446897	-0.159127	-0.338252	-0.491299	-0.610719	-0.684175	-0.702064	-0.664275	-0.582155	-0.474504	-0.361012	-0.257228	-0.171896	-0.107844	-0.0646739	-0.0410845	-0.037135	-0.0548869	-0.0971712	-0.165892	
1.1194	0.964125	0.746493	0.492873	0.233752	-0.00891754	-0.225336	-0.411454	-0.560716	-0.661954	-0.704689	-0.686288	-0.615494	-0.510329	-0.39205	-0.27929	-0.184398	-0.112738	-0.0645087	-0.0369606	-0.0266204	-0.0310788	-0.0495692	-0.0831563	-0.134451	
1.11301	0.960728	0.741313	0.484197	0.218919	-0.0342388	-0.263028	-0.456462	-0.601022	-0.683657	-0.698359	-0.650608	-0.556709	-0.438634	-0.317727	-0.210162	-0.125074	-0.0652866	-0.0291726	-0.0125908	-0.0108013	-0.0198231	-0.0374962	-0.0644666	-0.104215	
1.02982	0.892252	0.692905	0.455437	0.202484	-0.0472668	-0.275941	-0.463976	-0.592788	-0.651155	-0.640236	-0.573682	-0.472906	-0.360323	-0.253911	-0.164586	-0.0964348	-0.0487003	-0.0180851	-0.000805317	0.00601717	0.00371519	-0.00821873	-0.0319563	-0.0705351	
0.876315	0.763703	0.602351	0.40361	0.180348	-0.0497777	-0.262715	-0.432097	-0.537539	-0.571904	-0.543161	-0.470325	-0.376189	-0.280569	-0.196436	-0.129311	-0.07905	-0.0425147	-0.0160382	0.00285237	0.0147528	0.0184963	0.0117873	-0.00782332	-0.0421033	
0.686115	0.604651	0.489252	0.338316	0.155925	-0.0413567	-0.226051	-0.369181	-0.451354	-0.469001	-0.433361	-0.364185	-0.282148	-0.203336	-0.137022	-0.0862562	-0.0499436	-0.0250868	-0.00852945	0.00208661	0.00802845	0.00951437	0.00591067	-0.00412117	-0.0226441	
0.475062	0.423057	0.350359	0.248313	0.116128	-0.0323023	-0.172079	-0.277983	-0.334681	-0.341006	-0.307602	-0.250853	-0.186777	-0.127214	-0.078738	-0.0434773	-0.020655	-0.00800843	-0.00274088	-0.00202273	-0.0033141	-0.00471643	-0.00543238	-0.00630171	-0.0101359	
0.243499	0.217505	0.182004	0.129797	0.0593519	-0.0211138	-0.0966415	-0.152543	-0.180464	-0.180464	-0.15919	-0.126158	-0.0903263	-0.0581117	-0.0329495	-0.0158097	-0.00603108	-0.0020645	-0.00197463	-0.00376615	-0.00566401	-0.00640721	-0.00557801	-0.00389191	-0.00327569	
