0.000145472	0	0	0	0	0	0	0	0	0	0	0	0	0	0	0	0	0	0	0	0	0	0	0	0	
0.0152465	-1.15394e-05	-0.0169204	-0.0425193	-0.0539248	-0.0578282	-0.0557389	-0.0368584	-0.00439633	0.0349133	0.0698845	0.0962058	0.107642	0.112984	0.107309	0.0848361	0.0444374	-0.0120202	-0.066782	-0.114618	-0.142702	-0.135849	-0.0991502	-0.0446274	0.0125801	
0.0225756	-0.000978515	-0.042839	-0.0863692	-0.108591	-0.116721	-0.106001	-0.0676175	-0.00387892	0.0726562	0.142533	0.186889	0.210357	0.227073	0.210722	0.168206	0.0939329	-0.0244415	-0.140268	-0.231199	-0.279837	-0.265062	-0.197565	-0.0948995	0.0216601	
0.0307664	-0.00466772	-0.0625399	-0.126308	-0.159022	-0.170772	-0.155859	-0.0978661	-0.00423136	0.110074	0.212145	0.280995	0.319134	0.335977	0.313385	0.248343	0.130423	-0.0374272	-0.20575	-0.344143	-0.416418	-0.396715	-0.295986	-0.138795	0.0328392	
0.0324257	-0.013871	-0.0894644	-0.165813	-0.210827	-0.223029	-0.197819	-0.12283	0.00398333	0.151425	0.280866	0.37494	0.425577	0.442506	0.413747	0.322863	0.159958	-0.057001	-0.273405	-0.45086	-0.54488	-0.521025	-0.390389	-0.189045	0.0351116	
0.0218961	-0.0296396	-0.122489	-0.206845	-0.258226	-0.269723	-0.231271	-0.132515	0.0203983	0.197043	0.354035	0.461762	0.524305	0.543482	0.503572	0.388754	0.191394	-0.0696961	-0.343933	-0.563092	-0.666945	-0.636367	-0.483016	-0.238427	0.0367288	
0.0113582	-0.0487891	-0.14987	-0.239869	-0.299466	-0.308059	-0.258253	-0.140844	0.037404	0.241256	0.420965	0.553027	0.630245	0.643668	0.592203	0.44547	0.20264	-0.0989618	-0.411526	-0.656628	-0.776675	-0.749035	-0.572542	-0.288489	0.0296116	
-0.00895694	-0.0801052	-0.18623	-0.277472	-0.341471	-0.34092	-0.271597	-0.133831	0.0709902	0.295854	0.491211	0.641663	0.723982	0.731163	0.666447	0.490451	0.213134	-0.126039	-0.476159	-0.747362	-0.88357	-0.852806	-0.653142	-0.3387	0.015332	
-0.0380086	-0.115231	-0.217031	-0.311954	-0.371562	-0.359299	-0.276913	-0.112849	0.108929	0.345876	0.564411	0.725235	0.811476	0.81774	0.72962	0.521917	0.215186	-0.155981	-0.539909	-0.836918	-0.9785	-0.939725	-0.729304	-0.392459	-0.00508127	
-0.0734558	-0.150404	-0.247058	-0.340809	-0.390702	-0.369887	-0.267014	-0.0840613	0.149214	0.401104	0.632975	0.805976	0.899594	0.896607	0.782051	0.544341	0.203911	-0.202476	-0.604116	-0.905303	-1.05601	-1.02297	-0.800634	-0.44435	-0.035033	
-0.114825	-0.189508	-0.282722	-0.367966	-0.406426	-0.371449	-0.243271	-0.042058	0.201948	0.467163	0.706799	0.883158	0.977346	0.955454	0.811281	0.552373	0.185655	-0.242022	-0.652481	-0.971124	-1.13454	-1.09521	-0.862465	-0.494796	-0.0653587	
-0.159548	-0.228999	-0.31049	-0.381449	-0.406382	-0.351055	-0.204379	0.006815	0.25949	0.526681	0.771801	0.955413	1.04416	1.00551	0.837677	0.550907	0.155481	-0.286096	-0.70435	-1.03544	-1.19556	-1.14579	-0.914007	-0.547402	-0.107208	
-0.204437	-0.26822	-0.333146	-0.390043	-0.394426	-0.319485	-0.155648	0.0645828	0.322028	0.591495	0.838152	1.02388	1.10024	1.03988	0.847251	0.531498	0.117516	-0.329567	-0.75402	-1.08303	-1.23559	-1.19392	-0.969676	-0.595422	-0.144357	
-0.249416	-0.301487	-0.351935	-0.386519	-0.370156	-0.27372	-0.0973402	0.129644	0.390104	0.656247	0.90674	1.0825	1.1412	1.06141	0.835777	0.49911	0.0792725	-0.372994	-0.795885	-1.1193	-1.273	-1.23543	-1.00998	-0.634757	-0.186013	
-0.294733	-0.333608	-0.362129	-0.370307	-0.327465	-0.210333	-0.0262143	0.204179	0.46011	0.721846	0.965372	1.12712	1.16833	1.06276	0.814399	0.462742	0.0351196	-0.415737	-0.832297	-1.14879	-1.30233	-1.26582	-1.03698	-0.668813	-0.23554	
-0.329699	-0.356519	-0.35852	-0.338545	-0.269761	-0.136367	0.0510884	0.281075	0.529693	0.787157	1.01582	1.16066	1.18093	1.04801	0.781775	0.418729	-0.0114854	-0.458324	-0.864748	-1.17007	-1.31988	-1.28045	-1.05878	-0.709779	-0.283414	
-0.359226	-0.36656	-0.342192	-0.293133	-0.197146	-0.0564102	0.133742	0.357764	0.600475	0.847388	1.05946	1.18545	1.1749	1.02199	0.737299	0.36139	-0.0598165	-0.495089	-0.88724	-1.18282	-1.33	-1.28899	-1.07874	-0.741962	-0.320278	
-0.382551	-0.370113	-0.315956	-0.233471	-0.1161	0.0350324	0.224895	0.44139	0.67646	0.904406	1.09093	1.18738	1.14946	0.9765	0.680488	0.310002	-0.104078	-0.528452	-0.903158	-1.18997	-1.33144	-1.2946	-1.09574	-0.762366	-0.353667	
-0.391324	-0.350947	-0.267269	-0.152808	-0.0204356	0.133396	0.316436	0.522791	0.741965	0.94702	1.10641	1.17103	1.11051	0.923018	0.622222	0.257213	-0.144943	-0.552532	-0.918339	-1.19749	-1.33033	-1.29407	-1.09648	-0.774664	-0.392183	
-0.382565	-0.31742	-0.200939	-0.0646897	0.0775708	0.232329	0.404992	0.600496	0.801304	0.97857	1.10506	1.14303	1.06116	0.862524	0.565752	0.203531	-0.189501	-0.581066	-0.930512	-1.19105	-1.31788	-1.2847	-1.09516	-0.794405	-0.427891	
-0.361736	-0.267068	-0.12497	0.0292753	0.178121	0.328463	0.495356	0.678174	0.855157	1.00315	1.0931	1.09791	0.995631	0.790349	0.495972	0.147918	-0.220508	-0.59447	-0.930552	-1.18155	-1.30804	-1.27787	-1.09849	-0.807475	-0.446546	
-0.323092	-0.197077	-0.0298346	0.136329	0.287943	0.433259	0.586967	0.747901	0.893247	0.999867	1.05231	1.03263	0.919748	0.720265	0.440691	0.108476	-0.247208	-0.608455	-0.930735	-1.17626	-1.30077	-1.26835	-1.09159	-0.806543	-0.461759	
-0.257579	-0.105838	0.0738906	0.244818	0.390652	0.525406	0.664699	0.799219	0.910937	0.982711	1.00204	0.963101	0.847178	0.652734	0.386291	0.0698601	-0.271856	-0.620362	-0.934353	-1.16997	-1.28344	-1.25053	-1.08022	-0.806987	-0.482384	
-0.178801	-0.00776075	0.180352	0.349971	0.490366	0.61572	0.733436	0.839435	0.914526	0.947284	0.940402	0.888005	0.771037	0.587595	0.335369	0.0310518	-0.296293	-0.628228	-0.92741	-1.15299	-1.26528	-1.23673	-1.07469	-0.814283	-0.497756	
-0.0844779	0.0984848	0.287988	0.454993	0.588072	0.698476	0.792906	0.863289	0.898977	0.898127	0.865303	0.803735	0.692213	0.522137	0.289386	0.00482221	-0.305234	-0.626627	-0.921025	-1.14259	-1.25479	-1.22929	-1.0693	-0.810309	-0.499342	
0.0252783	0.213327	0.400355	0.560211	0.681403	0.770283	0.82966	0.860865	0.857365	0.826915	0.782125	0.721975	0.624182	0.472939	0.256689	-0.0144608	-0.315971	-0.630287	-0.917159	-1.13533	-1.24488	-1.21565	-1.05777	-0.805443	-0.502697	
0.141653	0.326656	0.505217	0.65524	0.759199	0.819462	0.843817	0.835371	0.800735	0.752173	0.700662	0.648234	0.564135	0.428545	0.228627	-0.0316385	-0.324515	-0.631686	-0.914616	-1.12725	-1.23225	-1.20378	-1.04773	-0.799196	-0.506793	
0.258588	0.435324	0.604276	0.740106	0.820871	0.84882	0.833114	0.790505	0.731445	0.672216	0.624355	0.582375	0.513902	0.392677	0.203698	-0.0466566	-0.332671	-0.633495	-0.909225	-1.1171	-1.21969	-1.1915	-1.04107	-0.80042	-0.512503	
0.369365	0.537334	0.693784	0.811854	0.864993	0.855761	0.804139	0.73148	0.656263	0.593904	0.551916	0.522629	0.467288	0.360407	0.184286	-0.0578746	-0.335115	-0.628811	-0.901579	-1.10787	-1.21244	-1.18859	-1.03992	-0.799809	-0.513304	
0.481507	0.637201	0.7778	0.869912	0.886906	0.839061	0.751428	0.656355	0.572563	0.514262	0.484447	0.470206	0.432033	0.338128	0.172817	-0.0587995	-0.33209	-0.625599	-0.898423	-1.10676	-1.21251	-1.18795	-1.03892	-0.796658	-0.506699	
0.587592	0.728241	0.843278	0.900742	0.878141	0.791152	0.676898	0.569238	0.487657	0.441939	0.430263	0.434578	0.410684	0.329464	0.170885	-0.0613819	-0.334787	-0.628277	-0.902652	-1.11059	-1.21364	-1.18444	-1.02974	-0.786155	-0.502341	
0.679676	0.795839	0.879069	0.897548	0.835794	0.721325	0.592647	0.486149	0.41731	0.38968	0.394732	0.412411	0.398058	0.318756	0.161068	-0.0679488	-0.341291	-0.634738	-0.905202	-1.10753	-1.20558	-1.17567	-1.02588	-0.788978	-0.510054	
0.752654	0.843772	0.89147	0.872192	0.780496	0.646333	0.513313	0.413942	0.357894	0.344533	0.363807	0.390918	0.381231	0.308039	0.153605	-0.0747193	-0.342924	-0.629803	-0.89751	-1.10191	-1.20568	-1.18136	-1.03462	-0.79829	-0.515955	
0.81767	0.873057	0.881331	0.825484	0.706438	0.562033	0.431344	0.342537	0.302234	0.304962	0.335938	0.373143	0.372272	0.30305	0.154048	-0.0665735	-0.333543	-0.625439	-0.899727	-1.10994	-1.21725	-1.1943	-1.04488	-0.80082	-0.510171	
0.854688	0.870833	0.838907	0.750778	0.616288	0.469619	0.348522	0.27704	0.254727	0.274204	0.322458	0.371413	0.376635	0.313113	0.163416	-0.0639524	-0.336494	-0.632064	-0.909684	-1.12335	-1.23113	-1.20256	-1.04524	-0.796145	-0.503528	
0.854928	0.828742	0.763169	0.65609	0.516976	0.381549	0.280833	0.230623	0.229321	0.266557	0.324015	0.377655	0.38378	0.314669	0.16056	-0.0668696	-0.341327	-0.641033	-0.92132	-1.13343	-1.23666	-1.2053	-1.04615	-0.795014	-0.503179	
0.819731	0.761856	0.676864	0.562908	0.432596	0.313964	0.232226	0.201539	0.214588	0.260245	0.325625	0.381657	0.385494	0.316213	0.159563	-0.0723478	-0.348711	-0.647128	-0.924741	-1.13737	-1.24298	-1.21113	-1.05115	-0.801632	-0.509947	
0.763276	0.681402	0.585976	0.475469	0.356958	0.256011	0.194793	0.179738	0.204825	0.260369	0.328541	0.384426	0.387457	0.314047	0.155821	-0.0724446	-0.346078	-0.645647	-0.927885	-1.14452	-1.25176	-1.22301	-1.06502	-0.813401	-0.519345	
0.684987	0.591365	0.498128	0.39649	0.293807	0.211247	0.164834	0.162783	0.197162	0.256751	0.330431	0.389267	0.392065	0.320786	0.163195	-0.0666215	-0.343417	-0.646801	-0.931864	-1.15433	-1.26936	-1.24357	-1.08444	-0.830549	-0.528833	
0.593808	0.498907	0.412732	0.324006	0.237101	0.169554	0.13958	0.150115	0.193535	0.262843	0.341694	0.402009	0.405408	0.331194	0.170636	-0.0600362	-0.339535	-0.64886	-0.944556	-1.17733	-1.296	-1.26974	-1.10466	-0.83717	-0.521384	
0.493021	0.406087	0.33505	0.261944	0.19088	0.14088	0.125025	0.147215	0.201261	0.276322	0.360254	0.422441	0.423144	0.345417	0.179028	-0.0587738	-0.347839	-0.667663	-0.968872	-1.20292	-1.31975	-1.2849	-1.10711	-0.830392	-0.508512	
0.39527	0.325493	0.272415	0.215312	0.161729	0.126175	0.124829	0.159255	0.220228	0.301084	0.386174	0.442886	0.435179	0.346386	0.170464	-0.0732451	-0.365993	-0.684802	-0.98445	-1.2168	-1.32705	-1.28536	-1.10327	-0.822828	-0.50139	
0.318413	0.269797	0.235288	0.194088	0.152417	0.128843	0.136997	0.175483	0.239054	0.318244	0.398541	0.447687	0.431841	0.337246	0.158227	-0.083329	-0.372277	-0.689212	-0.986579	-1.21589	-1.32548	-1.28495	-1.1051	-0.830734	-0.515632	
0.268325	0.237898	0.216902	0.181828	0.147071	0.128385	0.139573	0.181039	0.244684	0.323455	0.402967	0.449283	0.430708	0.334217	0.158098	-0.0788471	-0.366576	-0.681185	-0.979018	-1.21486	-1.33179	-1.29866	-1.12551	-0.85276	-0.534842	
0.229312	0.212512	0.196184	0.164803	0.132386	0.116959	0.134417	0.179846	0.248228	0.332471	0.415607	0.461643	0.44289	0.34702	0.170116	-0.0668914	-0.35517	-0.674997	-0.982954	-1.22818	-1.35181	-1.32292	-1.15054	-0.876939	-0.556025	
0.191124	0.182494	0.171625	0.142289	0.114924	0.108872	0.135006	0.189714	0.267099	0.357608	0.442835	0.487832	0.465257	0.361717	0.181245	-0.0587473	-0.356335	-0.684386	-0.998182	-1.24879	-1.37641	-1.35044	-1.17826	-0.899113	-0.567201	
0.160736	0.163885	0.15651	0.131991	0.112899	0.114975	0.151541	0.214879	0.297914	0.391975	0.477465	0.515047	0.482353	0.370931	0.182104	-0.0670707	-0.369854	-0.700609	-1.02005	-1.27559	-1.40415	-1.37485	-1.19518	-0.905494	-0.559489	
0.151015	0.15979	0.154984	0.13487	0.120835	0.132991	0.178476	0.24736	0.334666	0.4297	0.507354	0.5336	0.490378	0.364731	0.167947	-0.0836196	-0.391795	-0.727612	-1.04872	-1.29965	-1.41926	-1.38093	-1.19006	-0.88396	-0.519199	
0.155489	0.169716	0.165864	0.147027	0.139415	0.157949	0.207814	0.27982	0.3673	0.457049	0.526984	0.541628	0.482599	0.346616	0.144606	-0.114891	-0.4253	-0.754134	-1.06479	-1.30258	-1.40847	-1.35457	-1.14699	-0.828142	-0.455271	
0.173203	0.18737	0.178333	0.160673	0.154742	0.177722	0.231904	0.304982	0.390082	0.47621	0.534275	0.5316	0.460767	0.314405	0.10812	-0.145303	-0.443533	-0.758128	-1.05373	-1.27227	-1.35729	-1.28921	-1.07667	-0.756628	-0.385788	
