0.00520484	0	0	0	0	0	0	0	0	0	0	0	0	0	0	0	0	0	0	0	0	0	0	0	0	
0.505949	0.487426	0.471889	0.460517	0.454083	0.452994	0.457316	0.46678	0.480765	0.498257	0.517805	0.53747	0.554795	0.566837	0.570306	0.561865	0.538647	0.499027	0.443435	0.374908	0.299029	0.223044	0.154246	0.0981193	0.057036	
0.901448	0.871573	0.846441	0.827985	0.817513	0.815734	0.822764	0.838137	0.860787	0.889034	0.92055	0.952355	0.980826	1.00175	1.01051	1.0023	0.972655	0.918109	0.837344	0.732315	0.608984	0.477126	0.348818	0.23573	0.146029	
1.12733	1.09083	1.06011	1.0375	1.02465	1.02247	1.03109	1.04992	1.07763	1.11215	1.15072	1.18994	1.22593	1.25445	1.27106	1.27144	1.25153	1.20751	1.13622	1.03599	0.907999	0.757622	0.595198	0.43513	0.292721	
1.15949	1.11333	1.07513	1.04733	1.03165	1.029	1.03953	1.06263	1.09692	1.14024	1.18972	1.2418	1.29234	1.3369	1.37088	1.38988	1.39034	1.36941	1.32449	1.2529	1.15216	1.02119	0.862509	0.684731	0.503544	
0.997617	0.938446	0.890907	0.857054	0.838203	0.835061	0.847764	0.875783	0.918069	0.97286	1.03774	1.10962	1.18458	1.25801	1.3249	1.37952	1.41626	1.43091	1.42071	1.38395	1.31923	1.22467	1.0981	0.938954	0.752895	
0.692895	0.623347	0.568883	0.530768	0.509751	0.506303	0.520428	0.551889	0.599967	0.66367	0.741308	0.830724	0.929128	1.03251	1.13644	1.23564	1.32284	1.39034	1.43147	1.44151	1.41823	1.36153	1.2722	1.14972	0.991577	
0.317726	0.241816	0.183505	0.143097	0.120977	0.117346	0.132013	0.165228	0.216427	0.285427	0.371312	0.472575	0.587453	0.713141	0.845107	0.979679	1.11161	1.23309	1.33514	1.40839	1.44472	1.43892	1.39032	1.30337	1.18197	
-0.0857633	-0.162588	-0.22057	-0.260202	-0.28162	-0.285301	-0.271172	-0.239029	-0.188389	-0.119118	-0.0306115	0.0767546	0.2016	0.34331	0.497692	0.659317	0.824137	0.986069	1.13763	1.27004	1.37312	1.43641	1.44989	1.40912	1.322	
-0.468748	-0.53651	-0.586745	-0.619997	-0.637746	-0.641052	-0.629028	-0.602626	-0.559181	-0.498619	-0.418798	-0.317923	-0.196003	-0.0530213	0.112099	0.293697	0.486249	0.683049	0.875455	1.05475	1.21189	1.33791	1.42367	1.45421	1.41904	
-0.773273	-0.824355	-0.860269	-0.883035	-0.895071	-0.897053	-0.889005	-0.870796	-0.840671	-0.795972	-0.734641	-0.653633	-0.548619	-0.421253	-0.267992	-0.0884127	0.113404	0.332462	0.559737	0.78343	0.991401	1.17042	1.31258	1.414	1.45523	
-0.976471	-1.00485	-1.02129	-1.03113	-1.03564	-1.03559	-1.03352	-1.02482	-1.01228	-0.989268	-0.95358	-0.901247	-0.826249	-0.723762	-0.594513	-0.434248	-0.244772	-0.0281029	0.210506	0.461802	0.712796	0.949277	1.14813	1.30187	1.41238	
-1.05726	-1.05641	-1.0514	-1.04589	-1.04202	-1.04115	-1.04408	-1.04875	-1.05389	-1.05705	-1.05392	-1.03711	-1.00475	-0.94462	-0.853824	-0.726084	-0.561432	-0.360167	-0.12818	0.129329	0.398502	0.670344	0.930877	1.14452	1.30684	
-1.0126	-0.985124	-0.961184	-0.942079	-0.932502	-0.931109	-0.936962	-0.954415	-0.974689	-1.0011	-1.02794	-1.05015	-1.05944	-1.04985	-1.01197	-0.936894	-0.818146	-0.65277	-0.441522	-0.192538	0.0879321	0.372812	0.662721	0.938578	1.15932	
-0.874872	-0.828705	-0.792086	-0.767322	-0.753558	-0.750666	-0.760329	-0.780725	-0.813708	-0.856111	-0.903777	-0.959651	-1.00994	-1.04911	-1.06248	-1.04584	-0.981976	-0.872722	-0.703684	-0.487983	-0.22058	0.0814364	0.383645	0.691516	0.971523	
-0.686476	-0.633846	-0.598195	-0.574483	-0.558395	-0.557971	-0.566928	-0.584872	-0.618781	-0.663834	-0.722561	-0.791219	-0.870289	-0.952378	-1.0195	-1.06286	-1.06199	-1.01022	-0.899181	-0.720693	-0.495901	-0.208163	0.108432	0.431726	0.752038	
-0.50921	-0.472052	-0.443745	-0.426788	-0.417596	-0.417614	-0.42232	-0.436621	-0.458566	-0.492004	-0.543363	-0.607262	-0.692319	-0.787936	-0.894583	-0.985034	-1.05353	-1.06514	-1.02502	-0.903392	-0.713813	-0.464369	-0.157711	0.172854	0.516711	
-0.396862	-0.379277	-0.365256	-0.358538	-0.358439	-0.354722	-0.35739	-0.364232	-0.371211	-0.389257	-0.415667	-0.456873	-0.523399	-0.614252	-0.731261	-0.853994	-0.967744	-1.04498	-1.06496	-1.01837	-0.886117	-0.677844	-0.3964	-0.0726006	0.278832	
-0.363633	-0.356353	-0.357148	-0.353809	-0.353865	-0.354221	-0.353568	-0.356075	-0.356461	-0.360689	-0.368187	-0.385434	-0.410529	-0.469277	-0.562681	-0.694409	-0.835855	-0.965811	-1.04924	-1.0646	-0.994942	-0.843924	-0.602726	-0.295334	0.0517123	
-0.366842	-0.364317	-0.360047	-0.356897	-0.355361	-0.354851	-0.356302	-0.358763	-0.363161	-0.364969	-0.368352	-0.372915	-0.37739	-0.393907	-0.445098	-0.545542	-0.686809	-0.843071	-0.975618	-1.05941	-1.05432	-0.958108	-0.767454	-0.489973	-0.156433	
-0.357817	-0.344017	-0.337486	-0.327781	-0.324264	-0.324923	-0.324511	-0.332202	-0.342066	-0.351771	-0.363933	-0.380741	-0.383503	-0.379073	-0.384549	-0.44169	-0.553199	-0.713691	-0.876019	-1.00462	-1.0634	-1.0286	-0.891624	-0.652043	-0.340164	
-0.31725	-0.307232	-0.292334	-0.289364	-0.284446	-0.285406	-0.289307	-0.289224	-0.30234	-0.313717	-0.323134	-0.350251	-0.382456	-0.3929	-0.381095	-0.389528	-0.456511	-0.590014	-0.762013	-0.928763	-1.03818	-1.05802	-0.976559	-0.781081	-0.497356	
-0.291907	-0.283245	-0.272259	-0.277632	-0.273674	-0.270376	-0.277116	-0.27282	-0.277708	-0.290133	-0.291667	-0.304076	-0.340343	-0.381578	-0.385656	-0.378579	-0.401277	-0.500013	-0.657618	-0.836131	-0.986914	-1.05746	-1.02901	-0.87853	-0.626406	
-0.292639	-0.284251	-0.275314	-0.284771	-0.276477	-0.272613	-0.28523	-0.277	-0.279649	-0.290059	-0.294275	-0.281043	-0.297467	-0.347931	-0.380964	-0.378606	-0.378527	-0.434638	-0.570057	-0.749759	-0.927148	-1.0349	-1.05313	-0.948774	-0.728338	
-0.287614	-0.265969	-0.2735	-0.263318	-0.259875	-0.2617	-0.259437	-0.271801	-0.269198	-0.273296	-0.306495	-0.297297	-0.288972	-0.31213	-0.358705	-0.371912	-0.369495	-0.39686	-0.506566	-0.670266	-0.862031	-1.00314	-1.05871	-0.996922	-0.807507	
-0.260155	-0.250813	-0.262162	-0.243897	-0.245617	-0.253532	-0.239356	-0.256724	-0.25745	-0.251084	-0.27948	-0.290789	-0.293378	-0.300967	-0.345947	-0.364337	-0.366322	-0.373298	-0.457113	-0.60891	-0.802926	-0.967036	-1.05138	-1.02543	-0.867447	
-0.250813	-0.251105	-0.258671	-0.241967	-0.247917	-0.254611	-0.239148	-0.254255	-0.254404	-0.249709	-0.258311	-0.27812	-0.28431	-0.293003	-0.33106	-0.358545	-0.360857	-0.362166	-0.426401	-0.562104	-0.751182	-0.930535	-1.04088	-1.0426	-0.909023	
-0.262162	-0.258671	-0.252683	-0.246588	-0.245682	-0.246135	-0.245754	-0.251122	-0.256132	-0.259936	-0.269735	-0.275513	-0.27322	-0.27914	-0.320785	-0.353665	-0.36121	-0.355111	-0.40431	-0.527454	-0.714535	-0.900968	-1.02576	-1.05103	-0.938689	
-0.243897	-0.241967	-0.246588	-0.232376	-0.235703	-0.241948	-0.228647	-0.241734	-0.24533	-0.240818	-0.253794	-0.277874	-0.283036	-0.278851	-0.312889	-0.346971	-0.358739	-0.350537	-0.390366	-0.506883	-0.687913	-0.878992	-1.01494	-1.05439	-0.956707	
-0.245617	-0.247917	-0.245682	-0.235703	-0.238116	-0.242037	-0.234504	-0.24363	-0.246599	-0.246781	-0.252153	-0.271526	-0.276278	-0.275649	-0.30765	-0.345589	-0.35778	-0.35197	-0.385552	-0.493158	-0.672745	-0.86789	-1.00875	-1.05486	-0.965478	
-0.253532	-0.254611	-0.246135	-0.241948	-0.242037	-0.241498	-0.241059	-0.243694	-0.251227	-0.254712	-0.256446	-0.269454	-0.27175	-0.27527	-0.308768	-0.345186	-0.358184	-0.349096	-0.383672	-0.492234	-0.671197	-0.864909	-1.00688	-1.05572	-0.967363	
-0.239356	-0.239148	-0.245754	-0.228647	-0.234504	-0.241059	-0.226854	-0.240678	-0.243239	-0.23721	-0.249393	-0.276648	-0.28362	-0.278368	-0.310919	-0.344803	-0.358928	-0.350468	-0.386744	-0.501713	-0.680155	-0.873411	-1.01271	-1.054	-0.96039	
-0.256724	-0.254255	-0.251122	-0.241734	-0.24363	-0.243694	-0.240678	-0.248873	-0.251833	-0.255622	-0.265185	-0.276502	-0.274637	-0.277981	-0.31518	-0.351073	-0.360519	-0.354079	-0.399939	-0.515927	-0.70111	-0.892176	-1.02124	-1.05208	-0.946889	
-0.25745	-0.254404	-0.256132	-0.24533	-0.246599	-0.251227	-0.243239	-0.251833	-0.256075	-0.255409	-0.263715	-0.276204	-0.279033	-0.287176	-0.327944	-0.357126	-0.361367	-0.357459	-0.414425	-0.547249	-0.736336	-0.91838	-1.03473	-1.04589	-0.92187	
-0.251084	-0.249709	-0.259936	-0.240818	-0.246781	-0.254712	-0.23721	-0.255622	-0.255409	-0.246608	-0.264307	-0.284338	-0.291817	-0.298474	-0.339675	-0.361854	-0.363218	-0.369199	-0.442556	-0.588544	-0.781815	-0.951911	-1.04693	-1.03293	-0.88607	
-0.27948	-0.258311	-0.269735	-0.253794	-0.252153	-0.256446	-0.249393	-0.265185	-0.263715	-0.264307	-0.302387	-0.299229	-0.290986	-0.30462	-0.352901	-0.367515	-0.368155	-0.384598	-0.486366	-0.645291	-0.83634	-0.988008	-1.05665	-1.01052	-0.834131	
-0.290789	-0.27812	-0.275513	-0.277874	-0.271526	-0.269454	-0.276648	-0.276502	-0.276204	-0.284338	-0.299229	-0.284758	-0.290017	-0.331659	-0.37302	-0.377788	-0.37445	-0.418738	-0.540884	-0.714648	-0.901435	-1.02295	-1.05776	-0.971331	-0.762206	
-0.293378	-0.28431	-0.27322	-0.283036	-0.276278	-0.27175	-0.28362	-0.274637	-0.279033	-0.291817	-0.290986	-0.290017	-0.320408	-0.37042	-0.38623	-0.378063	-0.388746	-0.469511	-0.620927	-0.801258	-0.962976	-1.0506	-1.04244	-0.909376	-0.669569	
-0.300967	-0.293003	-0.27914	-0.278851	-0.275649	-0.27527	-0.278368	-0.277981	-0.287176	-0.298474	-0.30462	-0.331659	-0.37042	-0.392456	-0.383498	-0.382303	-0.429414	-0.55098	-0.71664	-0.89159	-1.02117	-1.06125	-1.00109	-0.823772	-0.552253	
-0.345947	-0.33106	-0.320785	-0.312889	-0.30765	-0.308768	-0.310919	-0.31518	-0.327944	-0.339675	-0.352901	-0.37302	-0.38623	-0.383498	-0.378265	-0.413371	-0.508953	-0.66108	-0.832471	-0.977693	-1.05622	-1.04476	-0.930681	-0.707521	-0.405782	
-0.364337	-0.358545	-0.353665	-0.346971	-0.345589	-0.345186	-0.344803	-0.351073	-0.357126	-0.361854	-0.367515	-0.377788	-0.378063	-0.382303	-0.413371	-0.499073	-0.63033	-0.792724	-0.937092	-1.04089	-1.0645	-0.991617	-0.821517	-0.558731	-0.232852	
-0.366322	-0.360857	-0.36121	-0.358739	-0.35778	-0.358184	-0.358928	-0.360519	-0.361367	-0.363218	-0.368155	-0.37445	-0.388746	-0.429414	-0.508953	-0.63033	-0.776146	-0.919387	-1.02598	-1.07009	-1.0237	-0.894793	-0.674466	-0.377001	-0.0336555	
-0.373298	-0.362166	-0.355111	-0.350537	-0.35197	-0.349096	-0.350468	-0.354079	-0.357459	-0.369199	-0.384598	-0.418738	-0.469511	-0.55098	-0.66108	-0.792724	-0.919387	-1.02074	-1.06506	-1.04247	-0.937358	-0.751247	-0.48316	-0.164355	0.186292	
-0.457113	-0.426401	-0.40431	-0.390366	-0.385552	-0.383672	-0.386744	-0.399939	-0.414425	-0.442556	-0.486366	-0.540884	-0.620927	-0.71664	-0.832471	-0.937092	-1.02598	-1.06506	-1.04929	-0.959679	-0.789281	-0.554009	-0.257271	0.0720881	0.421388	
-0.60891	-0.562104	-0.527454	-0.506883	-0.493158	-0.492234	-0.501713	-0.515927	-0.547249	-0.588544	-0.645291	-0.714648	-0.801258	-0.89159	-0.977693	-1.04089	-1.07009	-1.04247	-0.959679	-0.79956	-0.588415	-0.316761	-0.000760559	0.328095	0.659475	
-0.802926	-0.751182	-0.714535	-0.687913	-0.672745	-0.671197	-0.680155	-0.70111	-0.736336	-0.781815	-0.83634	-0.901435	-0.962976	-1.02117	-1.05622	-1.0645	-1.0237	-0.937358	-0.789281	-0.588415	-0.338005	-0.0359181	0.273771	0.588234	0.886599	
-0.967036	-0.930535	-0.900968	-0.878992	-0.86789	-0.864909	-0.873411	-0.892176	-0.91838	-0.951911	-0.988008	-1.02295	-1.0506	-1.06125	-1.04476	-0.991617	-0.894793	-0.751247	-0.554009	-0.316761	-0.0359181	0.256495	0.550139	0.84314	1.08933	
-1.05138	-1.04088	-1.02576	-1.01494	-1.00875	-1.00688	-1.01271	-1.02124	-1.03473	-1.04693	-1.05665	-1.05776	-1.04244	-1.00109	-0.930681	-0.821517	-0.674466	-0.48316	-0.257271	-0.000760559	0.273771	0.550139	0.827712	1.0693	1.25265	
-1.02543	-1.0426	-1.05103	-1.05439	-1.05486	-1.05572	-1.054	-1.05208	-1.04589	-1.03293	-1.01052	-0.971331	-0.909376	-0.823772	-0.707521	-0.558731	-0.377001	-0.164355	0.0720881	0.328095	0.588234	0.84314	1.0693	1.24439	1.37544	
-0.867447	-0.909023	-0.938689	-0.956707	-0.965478	-0.967363	-0.96039	-0.946889	-0.92187	-0.88607	-0.834131	-0.762206	-0.669569	-0.552253	-0.405782	-0.232852	-0.0336555	0.186292	0.421388	0.659475	0.886599	1.08933	1.25265	1.37544	1.44707	
