0.0647596	0.225373	0.357014	0.418119	0.366656	0.199633	-0.035301	-0.298588	-0.559206	-0.798389	-0.997621	-1.14537	-1.24336	-1.26465	-1.20074	-1.04741	-0.83813	-0.619916	-0.428918	-0.292331	-0.203443	-0.155927	-0.129018	-0.120518	-0.113915	
0	0.15426	0.255905	0.289812	0.225999	0.0601857	-0.173776	-0.450176	-0.725294	-0.950574	-1.11416	-1.21002	-1.25831	-1.24496	-1.14591	-0.975659	-0.758113	-0.551472	-0.377892	-0.259751	-0.183783	-0.144923	-0.122056	-0.113615	-0.108787	
0	0.0743458	0.121762	0.112771	0.0295113	-0.128054	-0.340416	-0.596402	-0.868213	-1.08216	-1.2175	-1.28244	-1.27686	-1.21001	-1.06532	-0.870123	-0.658854	-0.472957	-0.333499	-0.238833	-0.183597	-0.151536	-0.135899	-0.124894	-0.120228	
0	-0.0171507	-0.0415467	-0.106595	-0.21126	-0.354126	-0.5474	-0.768505	-0.991305	-1.17424	-1.28354	-1.32858	-1.29252	-1.17348	-0.988246	-0.767421	-0.56013	-0.390859	-0.278355	-0.208215	-0.171624	-0.151314	-0.143866	-0.137556	-0.135538	
0	-0.112415	-0.217077	-0.343765	-0.483799	-0.619092	-0.781764	-0.964305	-1.12112	-1.24292	-1.31675	-1.33074	-1.26941	-1.11753	-0.907249	-0.680794	-0.483934	-0.335628	-0.238711	-0.184289	-0.156625	-0.143341	-0.138239	-0.136481	-0.135435	
0	-0.201865	-0.395431	-0.580372	-0.756385	-0.911832	-1.04934	-1.17278	-1.2586	-1.3075	-1.3291	-1.29912	-1.19943	-1.02752	-0.813243	-0.602515	-0.427892	-0.305091	-0.225475	-0.179572	-0.155249	-0.143429	-0.136392	-0.134606	-0.132409	
0	-0.279044	-0.562288	-0.809901	-1.01177	-1.1871	-1.3198	-1.39143	-1.40948	-1.38849	-1.33891	-1.24507	-1.0933	-0.900258	-0.697459	-0.519869	-0.383365	-0.290718	-0.233164	-0.197464	-0.175079	-0.161824	-0.151771	-0.145386	-0.14067	
0	-0.350366	-0.695677	-0.99973	-1.2405	-1.42707	-1.54904	-1.58793	-1.56053	-1.48706	-1.36734	-1.19782	-0.987088	-0.766893	-0.572028	-0.424209	-0.326502	-0.26703	-0.233941	-0.215492	-0.202726	-0.193132	-0.185217	-0.177321	-0.1713	
0	-0.413752	-0.790796	-1.12526	-1.40863	-1.61412	-1.72356	-1.74096	-1.68652	-1.57348	-1.39813	-1.1675	-0.912262	-0.673642	-0.483417	-0.351658	-0.273237	-0.232574	-0.213789	-0.207088	-0.205116	-0.203538	-0.202456	-0.20015	-0.197642	
0	-0.443043	-0.844791	-1.19915	-1.49826	-1.71011	-1.81776	-1.83356	-1.76956	-1.62709	-1.41088	-1.14507	-0.872319	-0.633882	-0.453467	-0.332459	-0.25952	-0.220751	-0.202145	-0.194411	-0.192838	-0.193349	-0.194651	-0.196165	-0.197027	
0	-0.431351	-0.846795	-1.21705	-1.50946	-1.70671	-1.81247	-1.83602	-1.77414	-1.62108	-1.39232	-1.12652	-0.868217	-0.649731	-0.484659	-0.370659	-0.296105	-0.249397	-0.221327	-0.204466	-0.194848	-0.189934	-0.187479	-0.186879	-0.187022	
0	-0.405342	-0.800795	-1.1523	-1.42499	-1.61082	-1.71656	-1.74115	-1.67682	-1.52696	-1.31795	-1.09048	-0.880083	-0.705229	-0.56879	-0.465986	-0.389263	-0.331514	-0.28829	-0.256182	-0.232421	-0.215442	-0.203479	-0.195275	-0.189903	
0	-0.371782	-0.714788	-1.00847	-1.24457	-1.42028	-1.52625	-1.54799	-1.48277	-1.34999	-1.18391	-1.01812	-0.873716	-0.756657	-0.66264	-0.584758	-0.518061	-0.459595	-0.408241	-0.36403	-0.32668	-0.295861	-0.271102	-0.25153	-0.236464	
0	-0.306199	-0.580632	-0.81226	-1.00363	-1.15016	-1.2358	-1.24843	-1.19548	-1.10304	-1.00101	-0.909534	-0.835495	-0.776657	-0.727045	-0.680952	-0.635327	-0.58957	-0.544279	-0.500788	-0.46041	-0.423977	-0.392078	-0.364856	-0.342217	
0	-0.205966	-0.401637	-0.57782	-0.723086	-0.823113	-0.868844	-0.865721	-0.833198	-0.794735	-0.76669	-0.753478	-0.750342	-0.74955	-0.744979	-0.733391	-0.714113	-0.688341	-0.65802	-0.625186	-0.591787	-0.559362	-0.529071	-0.50175	-0.47789	
0	-0.103332	-0.211261	-0.315972	-0.398981	-0.445283	-0.455815	-0.447442	-0.442102	-0.455081	-0.490041	-0.541017	-0.597586	-0.649803	-0.691104	-0.71875	-0.73276	-0.73482	-0.727404	-0.713077	-0.694231	-0.672958	-0.650947	-0.629547	-0.609772	
0	-0.0187911	-0.0364532	-0.0479157	-0.0474309	-0.0360336	-0.0244073	-0.0277641	-0.0574334	-0.115743	-0.19667	-0.289977	-0.385287	-0.474357	-0.551825	-0.615072	-0.663561	-0.6981	-0.720328	-0.73229	-0.736128	-0.73393	-0.727599	-0.718788	-0.70889	
0	0.0604624	0.12979	0.208959	0.28807	0.349966	0.377945	0.362744	0.305203	0.214306	0.102807	-0.016964	-0.135514	-0.246649	-0.346815	-0.434289	-0.508557	-0.56988	-0.619043	-0.657197	-0.685723	-0.706116	-0.719894	-0.728512	-0.733305	
0	0.148412	0.298414	0.443987	0.570245	0.659209	0.697807	0.682722	0.620158	0.522185	0.402453	0.273105	0.143329	0.0192128	-0.0956617	-0.199451	-0.29143	-0.371576	-0.4403	-0.498299	-0.546459	-0.585782	-0.617329	-0.642169	-0.661328	
0	0.231013	0.447056	0.63361	0.778135	0.872369	0.913974	0.906454	0.857479	0.776629	0.673569	0.556997	0.434206	0.310977	0.191632	0.0791947	-0.024397	-0.118073	-0.201425	-0.274518	-0.337748	-0.39172	-0.437159	-0.474841	-0.505538	
0	0.278177	0.531009	0.739025	0.892018	0.98899	1.03547	1.04003	1.01145	0.957296	0.883639	0.795423	0.696962	0.592232	0.484912	0.378287	0.275118	0.177563	0.0871648	0.00490293	-0.0687224	-0.133585	-0.189831	-0.237786	-0.277874	
0	0.273613	0.524277	0.734377	0.894733	1.00455	1.06897	1.0959	1.09334	1.06801	1.02494	0.967825	0.899542	0.822615	0.73949	0.652612	0.564372	0.477	0.39246	0.312373	0.237997	0.170232	0.109659	0.0566004	0.0111798	
0	0.226846	0.441016	0.631835	0.792022	0.918131	1.01014	1.07048	1.103	1.11199	1.10161	1.07551	1.03678	0.988021	0.931476	0.86918	0.803043	0.734886	0.666426	0.599245	0.534746	0.474133	0.418389	0.36829	0.324415	
0	0.162167	0.321864	0.476029	0.620811	0.751914	0.865322	0.958038	1.02856	1.07698	1.1047	1.11402	1.10766	1.08842	1.05891	1.02152	0.97835	0.931258	0.881911	0.831801	0.782264	0.734493	0.689528	0.648267	0.61146	
0	0.101711	0.206802	0.317251	0.432756	0.550653	0.666571	0.775469	0.872694	0.954739	1.01961	1.06681	1.09708	1.11204	1.11378	1.10461	1.08679	1.06244	1.03348	1.00161	0.968316	0.934893	0.90246	0.871978	0.84426	
0	0.0567359	0.118385	0.188771	0.269816	0.361206	0.460546	0.56394	0.666756	0.764413	0.853003	0.929676	0.992781	1.0418	1.07717	1.1	1.11185	1.11448	1.10972	1.09933	1.08495	1.06805	1.04992	1.03167	1.01425	
0	0.0284553	0.0609824	0.101123	0.151424	0.213106	0.285917	0.368211	0.457225	0.549497	0.641345	0.729304	0.810468	0.882696	0.944679	0.995903	1.03653	1.06723	1.08905	1.10324	1.11114	1.11408	1.11334	1.11008	1.10532	
0	0.012946	0.0285019	0.0491315	0.0769816	0.113685	0.160165	0.2165	0.281872	0.354658	0.432608	0.51312	0.593514	0.671303	0.74438	0.81115	0.870564	0.922108	0.965729	1.00175	1.03076	1.05354	1.07096	1.08389	1.09319	
0	0.00538228	0.0121715	0.0217918	0.0356665	0.0551452	0.0813803	0.115179	0.156871	0.206227	0.262451	0.324248	0.389959	0.457725	0.525661	0.592011	0.655263	0.714225	0.76805	0.816231	0.858563	0.895092	0.926054	0.951813	0.972809	
0	0.0020575	0.00477757	0.00887427	0.0151433	0.0244555	0.0377079	0.0557384	0.0792226	0.108572	0.143861	0.184788	0.230693	0.280611	0.33336	0.387641	0.442145	0.495638	0.547032	0.595428	0.640133	0.680657	0.716697	0.748104	0.774853	
0	0.000727016	0.0017326	0.00333478	0.00592173	0.00996596	0.0160163	0.0246662	0.0365008	0.0520316	0.0716299	0.0954709	0.123498	0.155414	0.190699	0.228647	0.268425	0.309131	0.349851	0.389717	0.427936	0.463825	0.496817	0.526463	0.552423	
0	0.000238536	0.00058313	0.00116153	0.00214241	0.00374933	0.00626628	0.0100321	0.0154221	0.0228185	0.0325718	0.0449606	0.060154	0.0781841	0.0989323	0.12213	0.147373	0.174149	0.201869	0.229904	0.257619	0.284398	0.309674	0.332937	0.35375	
0	7.29617e-05	0.000182858	0.000376474	0.000720014	0.00130771	0.00226824	0.00376722	0.00600423	0.00920311	0.0135959	0.0194015	0.0268023	0.0359211	0.0468027	0.0594018	0.073579	0.0891053	0.105673	0.122914	0.140417	0.157752	0.174485	0.190203	0.204519	
0	2.08777e-05	5.36114e-05	0.00011395	0.000225604	0.000424471	0.000762666	0.00131164	0.00216344	0.00342918	0.00523408	0.00770897	0.0109789	0.01515	0.0202967	0.0264497	0.0335886	0.0416371	0.0504642	0.0598886	0.0696873	0.0796071	0.0893762	0.098718	0.107362	
0	5.60615e-06	1.47416e-05	3.23101e-05	6.61215e-05	0.000128664	0.000239066	0.000425027	0.000724314	0.00118536	0.00186641	0.00283301	0.00415355	0.0058934	0.00810793	0.0108355	0.0140909	0.0178608	0.022101	0.026736	0.0316614	0.0367485	0.0418501	0.0468083	0.0514621	
0	1.4166e-06	3.81227e-06	8.60686e-06	1.8181e-05	3.65333e-05	7.00908e-05	0.000128623	0.000226134	0.000381536	0.000618867	0.000966808	0.00145736	0.0021236	0.00299672	0.0041025	0.00545773	0.00706693	0.00891987	0.0109902	0.0132352	0.0155973	0.0180061	0.0203826	0.0226426	
0	3.37691e-07	9.29545e-07	2.1595e-06	4.70258e-06	9.74471e-06	1.92774e-05	3.64643e-05	6.60491e-05	0.000114741	0.000191485	0.000307508	0.000476028	0.000711577	0.0010289	0.00144149	0.00195994	0.00259024	0.00333223	0.00417848	0.00511373	0.00611497	0.00715219	0.00818985	0.00918882	
0	7.61135e-08	2.14188e-07	5.11546e-07	1.147e-06	2.448e-06	4.98711e-06	9.71156e-06	1.81013e-05	3.23391e-05	5.54631e-05	9.14586e-05	0.000145244	0.000222503	0.000329346	0.000471783	0.000655062	0.000882916	0.00115682	0.00147536	0.00183377	0.00222382	0.00263391	0.00304961	0.00345446	
0	1.62545e-08	4.67375e-08	1.14648e-07	2.64405e-07	5.80542e-07	1.21655e-06	2.43609e-06	4.66716e-06	8.56584e-06	1.50818e-05	2.55118e-05	4.15238e-05	6.5132e-05	9.86068e-05	0.000144311	0.000204466	0.000280863	0.000374552	0.000485547	0.000612591	0.00075302	0.000902759	0.00105646	0.00120779	
0	3.29514e-09	9.67632e-09	2.43589e-08	5.77223e-08	1.30247e-07	2.80452e-07	5.76897e-07	1.13489e-06	2.13768e-06	3.86029e-06	6.69238e-06	1.11543e-05	1.78996e-05	2.7696e-05	4.13807e-05	5.97869e-05	8.36453e-05	0.000113469	0.000149434	0.00019128	0.000238229	0.00028897	0.000341681	0.000394125	
0	6.35214e-10	1.90412e-09	4.91522e-09	1.19566e-08	2.76991e-08	6.1226e-08	1.29251e-07	2.60845e-07	5.03788e-07	9.32271e-07	1.65506e-06	2.82255e-06	4.6304e-06	7.31723e-06	1.1154e-05	1.64232e-05	2.33888e-05	3.22575e-05	4.31371e-05	5.59961e-05	7.06322e-05	8.66562e-05	0.000103495	0.000120418	
0	1.16629e-10	3.56715e-10	9.43514e-10	2.35404e-09	5.59398e-09	1.26818e-08	2.74509e-08	5.67837e-08	1.12359e-07	2.12897e-07	3.86743e-07	6.74371e-07	1.1302e-06	1.82288e-06	2.83322e-06	4.24899e-06	6.15638e-06	8.62842e-06	1.17114e-05	1.5411e-05	1.96806e-05	2.44139e-05	2.94434e-05	3.45472e-05	
0	2.04259e-11	6.37159e-11	1.72563e-10	4.41231e-10	1.07464e-09	2.49661e-09	5.53672e-09	1.17299e-08	2.37609e-08	4.60656e-08	8.55663e-08	1.52453e-07	2.60855e-07	4.29162e-07	6.79742e-07	1.03778e-06	1.52907e-06	2.17685e-06	2.99771e-06	3.99735e-06	5.16661e-06	6.47861e-06	7.88778e-06	9.33126e-06	
0	3.417e-12	1.08663e-11	3.01141e-11	7.88524e-11	1.96682e-10	4.679e-10	1.06231e-09	2.30332e-09	4.77305e-09	9.46159e-09	1.7959e-08	3.26743e-08	5.70455e-08	9.56812e-08	1.54358e-07	2.39795e-07	3.59138e-07	5.19137e-07	7.25056e-07	9.79432e-07	1.28087e-06	1.62311e-06	1.99455e-06	2.37852e-06	
0	5.46707e-13	1.77171e-12	5.0211e-12	1.34545e-11	3.43447e-11	8.36063e-11	1.94193e-10	4.30623e-10	9.12282e-10	1.84789e-09	3.58198e-09	6.65104e-09	1.1842e-08	2.02391e-08	3.32408e-08	5.25225e-08	7.99265e-08	1.17267e-07	1.66054e-07	2.27166e-07	3.00509e-07	3.84736e-07	4.77086e-07	5.73404e-07	
0	8.37598e-14	2.76508e-13	8.00902e-13	2.19476e-12	5.72973e-12	1.42632e-11	3.38707e-11	7.6767e-11	1.66162e-10	3.43716e-10	6.80037e-10	1.28798e-09	2.33747e-09	4.06889e-09	6.80055e-09	1.09246e-08	1.68856e-08	2.51373e-08	3.60784e-08	4.99704e-08	6.68505e-08	8.64533e-08	1.08161e-07	1.30999e-07	
0	1.23021e-14	4.13549e-14	1.22356e-13	3.42693e-13	9.14403e-13	2.32624e-12	5.64433e-12	1.30675e-11	2.88818e-11	6.09786e-11	1.23074e-10	2.37652e-10	4.39417e-10	7.78712e-10	1.32391e-09	2.16147e-09	3.39215e-09	5.12227e-09	7.44942e-09	1.04437e-08	1.41262e-08	1.84497e-08	2.32842e-08	2.84137e-08	
0	1.73397e-15	5.93358e-15	1.79232e-14	5.12765e-14	1.3976e-13	3.63148e-13	8.99795e-13	2.12674e-12	4.79719e-12	1.03324e-11	2.12635e-11	4.1841e-11	7.87858e-11	1.42083e-10	2.45625e-10	4.07417e-10	6.49e-10	9.93782e-10	1.4641e-09	2.07713e-09	2.84007e-09	3.74543e-09	4.76748e-09	5.86094e-09	
0	2.34728e-16	8.17366e-16	2.51937e-15	7.35827e-15	2.0475e-14	5.4308e-14	1.37336e-13	3.31213e-13	7.62064e-13	1.67357e-12	3.51001e-12	7.03503e-12	1.34843e-11	2.47365e-11	4.3466e-11	7.32212e-11	1.18353e-10	1.83718e-10	2.74115e-10	3.93443e-10	5.43679e-10	7.23834e-10	9.29112e-10	1.15053e-09	
0	3.01047e-17	1.06589e-16	3.34896e-16	9.9744e-16	2.83022e-15	7.65404e-15	1.97316e-14	4.84979e-14	1.13686e-13	2.54266e-13	5.4285e-13	1.10696e-12	2.1574e-12	4.02146e-12	7.17501e-12	1.2263e-11	2.00936e-11	3.15915e-11	4.76964e-11	6.92071e-11	9.65823e-11	1.29729e-10	1.67825e-10	2.09228e-10	
