-7.48985e-05	0	0	0	0	0	0	0	0	0	0	0	0	0	0	0	0	0	0	0	0	0	0	0	0	
-0.00791875	0.00408633	0.00938116	0.00530544	-0.00261579	-0.00616428	-0.0154332	-0.0327868	-0.0456997	-0.0461669	-0.0343042	-0.0148773	0.00749585	0.0275758	0.0480476	0.070187	0.0822474	0.0870271	0.0902015	0.0768273	0.049324	0.0267479	0.00941848	-0.00341772	-0.00532886	
-0.0135007	0.00597236	0.0124528	0.00759366	-0.000513276	-0.0086703	-0.0334977	-0.0674426	-0.0899207	-0.0918521	-0.0688734	-0.0282913	0.0164772	0.0554176	0.0961096	0.140076	0.164306	0.174097	0.179357	0.152204	0.0980163	0.0529183	0.0182658	-0.00681337	-0.0104849	
-0.0222734	0.00989421	0.0247033	0.0147622	-0.00611522	-0.0198804	-0.0501387	-0.0988664	-0.133978	-0.134859	-0.100315	-0.0421437	0.0248325	0.0851915	0.145892	0.209411	0.246005	0.260967	0.265785	0.224699	0.145955	0.0781235	0.025781	-0.0102927	-0.0152291	
-0.0280447	0.0109098	0.0267379	0.0141683	-0.00563627	-0.0245016	-0.0697822	-0.132325	-0.17613	-0.178174	-0.130941	-0.050612	0.0367841	0.114766	0.195589	0.278701	0.327569	0.347187	0.348707	0.293292	0.192166	0.101634	0.0317314	-0.0137393	-0.0195252	
-0.0339678	0.011892	0.0331279	0.019804	-0.00867509	-0.0384358	-0.0927987	-0.165121	-0.214783	-0.213566	-0.15709	-0.0613605	0.048112	0.14936	0.24886	0.346004	0.407332	0.432851	0.427417	0.356639	0.23594	0.123203	0.0358989	-0.0172929	-0.0233911	
-0.0401043	0.011878	0.0368288	0.0193137	-0.0140211	-0.0518577	-0.114666	-0.194875	-0.252455	-0.250917	-0.180321	-0.0634277	0.0644443	0.18331	0.301364	0.413804	0.487546	0.516291	0.499942	0.414265	0.276867	0.142295	0.0381351	-0.0209402	-0.0268172	
-0.0428988	0.0107938	0.0354573	0.0187684	-0.0168646	-0.0674739	-0.142892	-0.2285	-0.284873	-0.277144	-0.197342	-0.0668794	0.0802779	0.222903	0.358804	0.479882	0.563956	0.59683	0.567677	0.465804	0.313088	0.158378	0.039042	-0.0246152	-0.0301037	
-0.0449586	0.00826156	0.0336866	0.0182847	-0.0246661	-0.0894324	-0.170661	-0.257157	-0.313996	-0.301344	-0.210056	-0.0638878	0.101513	0.264698	0.415666	0.545163	0.639717	0.673614	0.628158	0.510243	0.344499	0.171731	0.0387407	-0.0285921	-0.0333662	
-0.0454688	0.00419586	0.0284169	0.012416	-0.0346196	-0.11083	-0.200495	-0.286558	-0.338242	-0.318615	-0.216238	-0.0558553	0.125217	0.308348	0.475208	0.611375	0.711553	0.743399	0.682401	0.548786	0.369801	0.181481	0.0377247	-0.032573	-0.0366653	
-0.0419702	-0.000319865	0.0164746	0.00464342	-0.0453932	-0.134784	-0.231945	-0.316336	-0.358177	-0.325465	-0.214064	-0.0460968	0.150961	0.35706	0.537463	0.675843	0.778262	0.806711	0.730543	0.580203	0.388062	0.188223	0.0366548	-0.0367391	-0.0402605	
-0.0390645	-0.00919254	0.00513943	-0.00604164	-0.0627481	-0.162065	-0.263138	-0.339815	-0.369813	-0.329725	-0.209431	-0.0271352	0.185485	0.405915	0.597071	0.740817	0.842071	0.861276	0.770397	0.604826	0.400203	0.192033	0.0351843	-0.0410135	-0.0437615	
-0.0335091	-0.0181225	-0.012136	-0.0236252	-0.0828625	-0.187611	-0.292182	-0.363596	-0.379204	-0.322956	-0.192048	-0.00408977	0.218905	0.45642	0.661138	0.80604	0.897384	0.905227	0.803824	0.623584	0.405722	0.192501	0.0335192	-0.0449265	-0.0469485	
-0.0300554	-0.0285361	-0.031645	-0.0476934	-0.108111	-0.212871	-0.318781	-0.381459	-0.379251	-0.310195	-0.17284	0.0248244	0.262127	0.510365	0.721388	0.866677	0.947417	0.941594	0.828587	0.634253	0.405959	0.191017	0.0314158	-0.0486514	-0.0496007	
-0.027788	-0.0443393	-0.054044	-0.0727458	-0.134388	-0.240668	-0.344569	-0.392267	-0.37252	-0.291724	-0.144452	0.0629808	0.307802	0.561962	0.78107	0.926435	0.990496	0.966829	0.843442	0.638825	0.403047	0.187073	0.0278528	-0.051655	-0.0508911	
-0.0282604	-0.0550241	-0.0772588	-0.109834	-0.171163	-0.26595	-0.357672	-0.394356	-0.362302	-0.266634	-0.108889	0.105215	0.357739	0.617579	0.839099	0.978101	1.02468	0.984291	0.849587	0.63638	0.397014	0.18124	0.0232992	-0.0536716	-0.0509507	
-0.0359187	-0.0750836	-0.107062	-0.145253	-0.201582	-0.288174	-0.370813	-0.392009	-0.34213	-0.233725	-0.0683181	0.154356	0.413375	0.672843	0.89115	1.02205	1.05267	0.994024	0.844904	0.626895	0.389736	0.174515	0.0176415	-0.0549281	-0.0498499	
-0.0438387	-0.0897054	-0.1355	-0.183901	-0.23877	-0.314763	-0.374895	-0.37391	-0.313479	-0.197271	-0.0219115	0.208619	0.470845	0.728792	0.939537	1.05675	1.07148	0.995147	0.831287	0.612385	0.381247	0.166595	0.0113839	-0.0551662	-0.047759	
-0.0592375	-0.11461	-0.168711	-0.221294	-0.276732	-0.334958	-0.364704	-0.348973	-0.282537	-0.153878	0.0315716	0.266353	0.531395	0.785406	0.980385	1.07966	1.08142	0.989193	0.810764	0.593067	0.370316	0.158296	0.00625928	-0.0546547	-0.0458224	
-0.0796683	-0.141404	-0.202921	-0.258293	-0.307055	-0.345241	-0.35459	-0.321609	-0.237802	-0.100533	0.0877635	0.327258	0.593194	0.837604	1.01357	1.0941	1.08167	0.974129	0.785105	0.570687	0.356679	0.150253	0.00315522	-0.0538799	-0.0446846	
-0.105463	-0.172947	-0.234914	-0.287317	-0.334479	-0.358295	-0.337453	-0.27729	-0.183488	-0.0443958	0.148142	0.389125	0.652349	0.887358	1.04115	1.09737	1.06904	0.951326	0.758059	0.546324	0.339463	0.14261	0.00259525	-0.0528939	-0.0444006	
-0.134713	-0.211725	-0.272126	-0.317901	-0.353875	-0.353145	-0.306851	-0.230718	-0.127482	0.017181	0.212712	0.454641	0.712195	0.927803	1.056	1.09245	1.04814	0.92088	0.728921	0.520823	0.319938	0.135694	0.00418448	-0.0517922	-0.0447735	
-0.178204	-0.254609	-0.302354	-0.337477	-0.357922	-0.337716	-0.2782	-0.184829	-0.0615819	0.0913778	0.28413	0.51753	0.760091	0.95688	1.06744	1.08216	1.01429	0.881923	0.700242	0.496065	0.299307	0.129099	0.00666335	-0.0504206	-0.0449123	
-0.220441	-0.292793	-0.336102	-0.356519	-0.349473	-0.31434	-0.242609	-0.124186	0.0135644	0.163628	0.351653	0.578208	0.805057	0.979899	1.06735	1.05816	0.973279	0.842225	0.669889	0.469831	0.280524	0.123454	0.00792397	-0.0487405	-0.043437	
-0.265445	-0.336615	-0.369914	-0.361765	-0.328452	-0.278469	-0.191363	-0.0624689	0.0806367	0.239445	0.428023	0.638368	0.839579	0.987323	1.05314	1.02863	0.93278	0.798831	0.633057	0.44504	0.267513	0.117392	0.00605447	-0.0462533	-0.0397215	
-0.311033	-0.379865	-0.395186	-0.358115	-0.298104	-0.229539	-0.132629	0.000105506	0.152007	0.320651	0.502891	0.68965	0.861376	0.983541	1.03109	0.993042	0.888185	0.752408	0.595002	0.423399	0.257617	0.11005	0.00273923	-0.0429073	-0.0353642	
-0.355735	-0.415765	-0.409572	-0.345977	-0.26071	-0.170465	-0.0645577	0.0671709	0.226918	0.402232	0.56898	0.728439	0.876565	0.97457	0.995974	0.945138	0.843679	0.710749	0.557028	0.40073	0.248834	0.104039	-0.000198093	-0.0402632	-0.0321361	
-0.39311	-0.440911	-0.415876	-0.327411	-0.215604	-0.102743	0.0119844	0.144128	0.304247	0.470969	0.622717	0.766048	0.886754	0.948031	0.945821	0.896502	0.803415	0.669161	0.518805	0.379334	0.240629	0.0991028	-0.00211118	-0.0389383	-0.0309348	
-0.419437	-0.458055	-0.409594	-0.296057	-0.162775	-0.0297915	0.0935586	0.226509	0.379555	0.532231	0.671684	0.792205	0.87638	0.910408	0.898836	0.847584	0.75477	0.627559	0.490388	0.36035	0.227373	0.0945372	-0.000635111	-0.0390436	-0.033094	
-0.43719	-0.45686	-0.384677	-0.254987	-0.104408	0.0426976	0.178236	0.316291	0.45262	0.585374	0.708227	0.798823	0.853766	0.873152	0.850104	0.789757	0.70284	0.595015	0.470136	0.338419	0.210178	0.0925529	0.00257388	-0.0415164	-0.0371758	
-0.435078	-0.435024	-0.347527	-0.203511	-0.0417314	0.113944	0.263798	0.404478	0.525814	0.636086	0.724731	0.783976	0.824779	0.832089	0.796129	0.73335	0.656095	0.564635	0.44963	0.318431	0.196368	0.0895581	0.0015154	-0.0447293	-0.0387859	
-0.419365	-0.39748	-0.297583	-0.142681	0.0248397	0.189254	0.350616	0.489767	0.594264	0.669969	0.720669	0.761302	0.789328	0.781257	0.742187	0.684155	0.612592	0.532694	0.429424	0.304509	0.186359	0.0814208	-0.00488549	-0.0465618	-0.0373522	
-0.389189	-0.346422	-0.231396	-0.0670405	0.102976	0.268785	0.42552	0.558525	0.650258	0.694283	0.71209	0.728843	0.73678	0.723523	0.692892	0.641947	0.575749	0.50131	0.406333	0.294379	0.18046	0.0693317	-0.0154546	-0.0478774	-0.0351004	
-0.348192	-0.274445	-0.146473	0.0148646	0.181649	0.342913	0.492031	0.618421	0.693399	0.708859	0.693865	0.678682	0.673581	0.6687	0.648271	0.605935	0.545286	0.469228	0.382128	0.287835	0.175367	0.0544503	-0.0272523	-0.0501214	-0.0348389	
-0.297578	-0.198537	-0.063011	0.100498	0.269147	0.422826	0.556453	0.662601	0.713679	0.704046	0.659785	0.622721	0.616299	0.61757	0.602916	0.570645	0.517203	0.444938	0.365712	0.276097	0.161839	0.0429231	-0.0339662	-0.0566817	-0.0410734	
-0.254287	-0.122533	0.0316931	0.200899	0.363439	0.502128	0.611582	0.683226	0.704827	0.678489	0.621652	0.575137	0.562741	0.562324	0.555264	0.53595	0.496929	0.435923	0.351227	0.249589	0.14359	0.041138	-0.0381955	-0.0706112	-0.052109	
-0.203758	-0.0447743	0.127814	0.302304	0.456004	0.573582	0.649619	0.685278	0.6808	0.639615	0.577063	0.526389	0.50692	0.508852	0.515582	0.509492	0.482429	0.426335	0.331464	0.224403	0.130919	0.0361287	-0.0504145	-0.0850044	-0.058506	
-0.160421	0.0224226	0.216513	0.397187	0.539928	0.634717	0.680348	0.680176	0.641046	0.580379	0.517248	0.472152	0.459485	0.472654	0.488103	0.484417	0.459926	0.40854	0.319592	0.215558	0.115203	0.0128067	-0.0678665	-0.0910658	-0.0596582	
-0.121656	0.076612	0.288155	0.480303	0.619231	0.688891	0.696319	0.657319	0.584929	0.505693	0.447023	0.422557	0.42839	0.447267	0.46139	0.457887	0.436094	0.3926	0.315445	0.209578	0.090781	-0.0179458	-0.0831781	-0.0947143	-0.0629634	
-0.0902349	0.120373	0.348722	0.550533	0.677971	0.717088	0.689716	0.618513	0.52144	0.432283	0.37985	0.37286	0.396545	0.424686	0.441389	0.439333	0.419624	0.378581	0.302422	0.193889	0.0705619	-0.0398522	-0.101858	-0.106835	-0.0682669	
-0.055942	0.156357	0.384726	0.583509	0.701572	0.719702	0.663459	0.569607	0.461031	0.364348	0.31106	0.317899	0.363147	0.407822	0.431582	0.43031	0.408757	0.361091	0.277043	0.171929	0.0587549	-0.0540799	-0.126226	-0.127464	-0.0752915	
-0.0334629	0.17238	0.391997	0.581886	0.688389	0.690107	0.617314	0.51075	0.395904	0.30017	0.251513	0.265728	0.326671	0.393468	0.429943	0.425963	0.397235	0.342598	0.251584	0.146809	0.0414127	-0.0683168	-0.145807	-0.150309	-0.0907963	
-0.0208572	0.172797	0.371277	0.537242	0.628971	0.624408	0.546414	0.437606	0.328194	0.241528	0.200623	0.222464	0.294774	0.376939	0.424581	0.421122	0.387079	0.32734	0.230924	0.119736	0.0128656	-0.0893497	-0.160847	-0.169195	-0.108741	
-0.0250058	0.147634	0.316967	0.45437	0.526597	0.515411	0.444345	0.347816	0.251934	0.184359	0.163756	0.194829	0.266828	0.353063	0.410642	0.412692	0.377267	0.314827	0.215204	0.0953403	-0.0222992	-0.12446	-0.183342	-0.178901	-0.112052	
-0.0426337	0.0995493	0.232392	0.330428	0.375338	0.360934	0.306745	0.236902	0.170833	0.130209	0.130685	0.174223	0.246305	0.326132	0.383472	0.395108	0.369264	0.306516	0.198723	0.0683471	-0.0599537	-0.165871	-0.212538	-0.185565	-0.106192	
-0.0730508	0.0223974	0.107136	0.165694	0.187408	0.170275	0.137823	0.105672	0.0771614	0.0674225	0.0931425	0.151769	0.225052	0.299588	0.355303	0.372797	0.354304	0.290377	0.173554	0.0358508	-0.0937267	-0.197347	-0.239622	-0.204568	-0.114941	
-0.114347	-0.0788658	-0.0446635	-0.0233708	-0.0234863	-0.0418851	-0.0550242	-0.052832	-0.0403482	-0.0146358	0.0364999	0.115635	0.205395	0.285184	0.332266	0.338407	0.316815	0.255874	0.141913	0.00594903	-0.120467	-0.221304	-0.267343	-0.237817	-0.139967	
-0.148466	-0.177372	-0.201041	-0.219497	-0.23854	-0.261973	-0.267747	-0.24274	-0.193804	-0.125583	-0.0343968	0.0742384	0.180148	0.263898	0.302187	0.292121	0.260566	0.205325	0.106568	-0.0207425	-0.149403	-0.254256	-0.301559	-0.26938	-0.16012	
-0.148551	-0.248163	-0.335484	-0.400246	-0.448023	-0.483925	-0.488713	-0.44869	-0.36663	-0.254014	-0.123119	0.0105264	0.129061	0.21853	0.256691	0.241564	0.203712	0.147908	0.0566711	-0.0645276	-0.19361	-0.297207	-0.335607	-0.289677	-0.167984	
-0.106021	-0.272327	-0.426849	-0.547905	-0.629053	-0.676571	-0.682232	-0.638007	-0.543365	-0.406826	-0.245256	-0.0862092	0.0466049	0.145811	0.196165	0.19113	0.149995	0.0802557	-0.0198959	-0.138512	-0.255928	-0.342124	-0.363459	-0.304419	-0.173538	
