1.08616e-05	0	0	0	0	0	0	0	0	0	0	0	0	0	0	0	0	0	0	0	0	0	0	0	0	
0.00147414	-0.000283247	-0.00151977	-0.00295757	-0.00277374	-0.000417294	0.00203767	-0.000626822	-0.00416727	-0.00146096	0.00293803	0.000227099	-0.00213105	3.96631e-05	0.00211121	0.000383044	0.00186105	0.00500286	0.00542977	0.0096905	0.0178236	0.0227315	0.0259748	0.0324074	0.035598	
0.00129474	0.00180691	-0.000696236	-0.00378172	-0.00640925	0.00121862	0.0039944	-0.00053577	-0.00799618	-0.0045562	0.00437973	-0.00178994	-0.00446161	-0.00167139	0.00262335	0.000844464	0.00493175	0.0113302	0.0121175	0.0214692	0.0354828	0.0457734	0.051239	0.0621147	0.070528	
-0.00173885	0.000637089	-0.00135399	-0.010071	-0.0114029	-0.00150585	0.00499685	-0.00182933	-0.0112318	-0.00579354	0.00514607	0.000315173	-0.00392804	-0.000967017	0.00309818	0.00156667	0.00733886	0.014756	0.0162644	0.0292841	0.0523424	0.0674397	0.0779206	0.0964631	0.105399	
-0.00327559	0.000596462	-0.00296292	-0.0119869	-0.0148906	-0.00121308	0.00525505	-0.00230557	-0.0142302	-0.00976107	0.00286482	-0.00171668	-0.00560134	-0.00435265	0.00120581	0.00157733	0.0113962	0.0204819	0.0227533	0.0417606	0.0690388	0.0896219	0.103877	0.125075	0.137997	
-0.00845641	-0.00602693	-0.00884761	-0.0187036	-0.0210742	-0.00672314	0.00176806	-0.00521026	-0.0178751	-0.0135042	0.00118641	-0.00157535	-0.0056325	-0.0048343	-0.000429207	0.00298888	0.013628	0.0227512	0.0275997	0.0491223	0.0837699	0.110147	0.129578	0.157418	0.17109	
-0.0173942	-0.014035	-0.0167622	-0.0264021	-0.0276562	-0.0137858	-0.00265782	-0.00953051	-0.0234603	-0.0177669	-0.00433981	-0.00445135	-0.00944092	-0.00903497	-0.00267168	0.00120977	0.0149651	0.0255634	0.032563	0.0595888	0.0984801	0.130245	0.155953	0.186157	0.200912	
-0.0320389	-0.0277098	-0.0312404	-0.0390081	-0.040055	-0.0246192	-0.0133032	-0.019257	-0.0310017	-0.0263211	-0.0113909	-0.0117899	-0.01538	-0.0125588	-0.0074239	-3.60298e-06	0.0142644	0.0262956	0.0383041	0.0673315	0.110481	0.148636	0.178954	0.212897	0.230748	
-0.0568684	-0.0514012	-0.0534053	-0.0605926	-0.0578531	-0.0444619	-0.0313071	-0.0343646	-0.0432653	-0.0367769	-0.0249234	-0.0215829	-0.0234531	-0.0195153	-0.0136744	-0.00584051	0.00950089	0.0238989	0.0399755	0.0728649	0.120788	0.164357	0.202269	0.240568	0.258401	
-0.0933379	-0.0845903	-0.0851291	-0.0888156	-0.0849955	-0.0722471	-0.057678	-0.0569779	-0.0615875	-0.057611	-0.0465959	-0.039915	-0.038962	-0.0334812	-0.0270483	-0.0155433	0.00143364	0.0192284	0.0413477	0.0781844	0.127959	0.176661	0.221101	0.261781	0.282345	
-0.144294	-0.134316	-0.132343	-0.133098	-0.127369	-0.114362	-0.0974536	-0.0925089	-0.09177	-0.0889293	-0.075836	-0.0644807	-0.0610457	-0.0534892	-0.0464614	-0.0305969	-0.0141154	0.0061992	0.0358237	0.0754598	0.128398	0.18375	0.236871	0.283398	0.304881	
-0.211581	-0.200395	-0.194645	-0.191288	-0.181461	-0.168523	-0.151123	-0.141776	-0.137399	-0.131326	-0.118219	-0.103691	-0.0967354	-0.0887973	-0.0752621	-0.0567211	-0.0396189	-0.012334	0.0233372	0.068422	0.123335	0.183529	0.247073	0.297618	0.318594	
-0.294812	-0.282732	-0.273641	-0.264002	-0.252565	-0.239694	-0.222368	-0.210774	-0.196781	-0.189521	-0.174114	-0.157837	-0.148846	-0.133714	-0.117485	-0.0954187	-0.0763427	-0.0447588	0.000699503	0.0493133	0.106032	0.175666	0.248771	0.303819	0.326665	
-0.387973	-0.375334	-0.362638	-0.350173	-0.337343	-0.324911	-0.309565	-0.292798	-0.273994	-0.261872	-0.246538	-0.230539	-0.214379	-0.196067	-0.173134	-0.149489	-0.12933	-0.0884767	-0.0378809	0.015441	0.0775313	0.15417	0.238381	0.299889	0.323093	
-0.480182	-0.468784	-0.45517	-0.441176	-0.42797	-0.415292	-0.401872	-0.384245	-0.362063	-0.346556	-0.332138	-0.316002	-0.29756	-0.273878	-0.246605	-0.222778	-0.196979	-0.150381	-0.0922481	-0.032185	0.0346194	0.121041	0.213087	0.279259	0.305902	
-0.556476	-0.548491	-0.537189	-0.524711	-0.512001	-0.501849	-0.492544	-0.479301	-0.456226	-0.437434	-0.423392	-0.409079	-0.389984	-0.361108	-0.330592	-0.306546	-0.27779	-0.226845	-0.16391	-0.098951	-0.0254998	0.0677176	0.167967	0.242175	0.274193	
-0.600868	-0.598712	-0.590879	-0.581612	-0.572339	-0.564605	-0.564734	-0.556276	-0.537582	-0.516861	-0.505596	-0.499206	-0.481548	-0.452542	-0.421283	-0.399484	-0.369721	-0.315163	-0.248037	-0.177865	-0.0980166	0.00127473	0.10577	0.186966	0.224893	
-0.593643	-0.598412	-0.597655	-0.595847	-0.590948	-0.59199	-0.600027	-0.602817	-0.591008	-0.571562	-0.568852	-0.567838	-0.558398	-0.530251	-0.5021	-0.486775	-0.455629	-0.403274	-0.336354	-0.264008	-0.181428	-0.0794279	0.0289173	0.11566	0.159399	
-0.526238	-0.540432	-0.548583	-0.555065	-0.55678	-0.565552	-0.584016	-0.599105	-0.596832	-0.585706	-0.589563	-0.599528	-0.599684	-0.578321	-0.561197	-0.549717	-0.52393	-0.477471	-0.414158	-0.346292	-0.261883	-0.160387	-0.0542763	0.0351662	0.0834508	
-0.403092	-0.425036	-0.443746	-0.456038	-0.464351	-0.480285	-0.508568	-0.535316	-0.544795	-0.543314	-0.556526	-0.577057	-0.589616	-0.582832	-0.577015	-0.573927	-0.556439	-0.520912	-0.469191	-0.405894	-0.324795	-0.228104	-0.126385	-0.0409195	0.00827153	
-0.234786	-0.265639	-0.290159	-0.308902	-0.320349	-0.343922	-0.379271	-0.41539	-0.43642	-0.446038	-0.469223	-0.497885	-0.52342	-0.531094	-0.538168	-0.541528	-0.535531	-0.515961	-0.476683	-0.424682	-0.351631	-0.266193	-0.176941	-0.0992095	-0.0550582	
-0.0551273	-0.0888631	-0.11974	-0.137718	-0.151534	-0.176786	-0.213265	-0.25388	-0.279854	-0.301607	-0.329186	-0.363164	-0.397331	-0.420312	-0.440245	-0.451591	-0.460642	-0.457216	-0.433407	-0.39136	-0.331068	-0.258612	-0.180124	-0.117299	-0.0807271	
0.11572	0.0802391	0.0499231	0.0344044	0.0221872	-0.000113147	-0.0360074	-0.0731386	-0.104666	-0.133319	-0.163443	-0.197559	-0.233808	-0.270085	-0.296842	-0.313284	-0.332676	-0.340641	-0.327413	-0.297025	-0.25165	-0.19363	-0.131645	-0.0840973	-0.0632027	
0.250841	0.216879	0.189665	0.178115	0.170002	0.152232	0.122701	0.0930278	0.0628954	0.0341012	0.00568024	-0.0202472	-0.0544879	-0.0965023	-0.124389	-0.144408	-0.168296	-0.183418	-0.177945	-0.155955	-0.124642	-0.0778662	-0.0251855	0.00682221	0.0116115	
0.340801	0.312446	0.290153	0.282253	0.279364	0.266963	0.247462	0.227261	0.204337	0.178582	0.154694	0.138213	0.109328	0.0700377	0.0449188	0.0264889	0.00409275	-0.010456	-0.00377192	0.0144002	0.0383185	0.0807771	0.127497	0.148173	0.138464	
0.389399	0.368187	0.349282	0.344906	0.343781	0.339433	0.327488	0.318617	0.304049	0.283823	0.26495	0.256693	0.23757	0.208199	0.19115	0.176757	0.162167	0.155239	0.169673	0.189448	0.211707	0.256098	0.301139	0.318037	0.29943	
0.400759	0.385289	0.371148	0.365113	0.368155	0.368091	0.364371	0.36452	0.359686	0.348066	0.333524	0.333062	0.324997	0.311117	0.30157	0.292624	0.286049	0.291193	0.316285	0.339451	0.369391	0.418688	0.470781	0.494516	0.473366	
0.379724	0.373653	0.361653	0.356566	0.361721	0.365771	0.367804	0.373503	0.379356	0.375519	0.364409	0.367114	0.368714	0.369518	0.367419	0.362794	0.367357	0.387486	0.423494	0.457556	0.497161	0.556433	0.6194	0.650493	0.636296	
0.340732	0.340125	0.328562	0.323025	0.327001	0.332495	0.335396	0.344527	0.361019	0.364662	0.359348	0.362808	0.374554	0.390992	0.395162	0.399279	0.413645	0.44537	0.491683	0.532787	0.584311	0.653714	0.724989	0.770199	0.767515	
0.291006	0.289806	0.278462	0.27066	0.271994	0.276582	0.276509	0.290524	0.312907	0.32634	0.325458	0.328176	0.350046	0.374092	0.387376	0.399695	0.42107	0.463429	0.515064	0.567608	0.633706	0.712108	0.794887	0.852497	0.862501	
0.25324	0.246223	0.231355	0.218106	0.214528	0.210417	0.205853	0.218039	0.241705	0.261741	0.262178	0.267226	0.293256	0.321402	0.345144	0.366245	0.396658	0.445075	0.502483	0.570079	0.647785	0.735926	0.827987	0.892381	0.917828	
0.24911	0.230097	0.207317	0.187802	0.173509	0.155576	0.141916	0.145334	0.164101	0.18447	0.184181	0.192994	0.215915	0.243962	0.276021	0.305382	0.344351	0.392297	0.457013	0.537649	0.623359	0.723179	0.821182	0.89418	0.937626	
0.290306	0.256216	0.224977	0.198279	0.168953	0.135371	0.108923	0.0973165	0.10717	0.117767	0.117797	0.124978	0.137597	0.159968	0.19018	0.227837	0.266769	0.311001	0.384	0.470992	0.566586	0.676841	0.781514	0.865999	0.923252	
0.373842	0.328506	0.291053	0.257303	0.214075	0.167273	0.123331	0.0960091	0.0870939	0.0840618	0.0788749	0.0777373	0.0784417	0.08532	0.112453	0.15114	0.184695	0.227435	0.30062	0.389221	0.488504	0.601302	0.712517	0.805297	0.871226	
0.477683	0.426627	0.386427	0.348385	0.298044	0.241664	0.18277	0.139143	0.110863	0.0932943	0.078973	0.0696794	0.0557586	0.0488128	0.0664946	0.096191	0.121788	0.15757	0.225006	0.306962	0.401301	0.513298	0.629621	0.727122	0.79828	
0.57017	0.523307	0.488241	0.450849	0.40504	0.344932	0.276954	0.219466	0.173486	0.142143	0.11514	0.0957681	0.0701042	0.0522942	0.0562894	0.071821	0.0883359	0.119599	0.177543	0.247381	0.33246	0.43766	0.5542	0.65099	0.720363	
0.628486	0.597937	0.570628	0.543145	0.510325	0.454654	0.385273	0.316787	0.261188	0.215408	0.176759	0.145478	0.1133	0.0899926	0.077271	0.076954	0.0859521	0.114635	0.162456	0.220188	0.293373	0.39159	0.504631	0.596388	0.661537	
0.640111	0.631648	0.617426	0.609305	0.596183	0.554582	0.489712	0.420719	0.358508	0.303331	0.250804	0.206575	0.173622	0.144147	0.118904	0.102649	0.107162	0.135265	0.174494	0.222577	0.285789	0.377545	0.483223	0.573067	0.631916	
0.592905	0.608637	0.613977	0.631635	0.641796	0.62343	0.575825	0.516697	0.457908	0.398966	0.334333	0.282024	0.244647	0.211159	0.173215	0.142374	0.142102	0.162983	0.197631	0.239644	0.298251	0.387801	0.49015	0.58083	0.637394	
0.491219	0.52971	0.561572	0.602613	0.63959	0.651697	0.632279	0.594566	0.546723	0.49068	0.420498	0.362012	0.318463	0.27916	0.232548	0.19524	0.184542	0.197176	0.22923	0.267797	0.327763	0.413902	0.514366	0.60646	0.666124	
0.352222	0.410095	0.462838	0.521514	0.581237	0.624213	0.640645	0.630942	0.605745	0.561499	0.499366	0.442332	0.392575	0.348992	0.301709	0.261714	0.236793	0.237151	0.263113	0.302892	0.363277	0.448109	0.551321	0.643858	0.715733	
0.198785	0.270766	0.337924	0.404936	0.479628	0.549647	0.59951	0.624463	0.626846	0.605714	0.564161	0.513881	0.461358	0.414604	0.373591	0.333228	0.294116	0.281548	0.301988	0.343547	0.405119	0.49252	0.597185	0.695057	0.782151	
0.0566341	0.14044	0.211195	0.279621	0.360191	0.445617	0.522053	0.577478	0.610738	0.621039	0.607079	0.571714	0.520132	0.476948	0.444717	0.403128	0.355931	0.332375	0.346989	0.389645	0.45322	0.545419	0.655729	0.762562	0.864139	
-0.065724	0.0214962	0.0925089	0.159617	0.239258	0.328502	0.417437	0.496528	0.559421	0.604565	0.622922	0.608168	0.569943	0.54041	0.51618	0.478341	0.431498	0.403681	0.41302	0.44908	0.512411	0.606724	0.719757	0.837766	0.950644	
-0.188637	-0.101307	-0.029564	0.0393947	0.116369	0.199529	0.291982	0.385459	0.476572	0.556442	0.607707	0.623089	0.613928	0.606664	0.592567	0.56246	0.525327	0.502495	0.503216	0.529331	0.589129	0.680934	0.79939	0.926709	1.04354	
-0.311274	-0.228604	-0.1527	-0.0784353	-0.00543691	0.0692905	0.155399	0.253855	0.362937	0.466892	0.546812	0.596627	0.626766	0.64923	0.652426	0.642726	0.632046	0.627908	0.631522	0.652716	0.706754	0.794506	0.909658	1.03342	1.13813	
-0.418995	-0.346072	-0.268733	-0.194291	-0.126942	-0.0630588	0.0124724	0.104384	0.216144	0.331745	0.434446	0.52037	0.592391	0.649659	0.684496	0.71025	0.738017	0.766765	0.786845	0.812416	0.863448	0.943202	1.04855	1.15589	1.23238	
-0.499348	-0.436616	-0.365433	-0.299611	-0.239769	-0.180806	-0.116322	-0.038742	0.0624978	0.17801	0.297002	0.409947	0.511407	0.602196	0.676346	0.743874	0.814235	0.882131	0.935683	0.981721	1.03788	1.11498	1.20593	1.28585	1.32648	
-0.534158	-0.481474	-0.428804	-0.380495	-0.325346	-0.269854	-0.216479	-0.158171	-0.0760634	0.0325043	0.159329	0.282931	0.399102	0.517693	0.632113	0.741114	0.848184	0.957924	1.05462	1.13284	1.20621	1.28147	1.35294	1.39942	1.39997	
-0.524556	-0.489709	-0.461949	-0.427684	-0.380609	-0.333509	-0.293093	-0.253985	-0.19153	-0.0923235	0.034059	0.157797	0.281027	0.423977	0.574745	0.716247	0.854201	0.998873	1.13404	1.24814	1.33961	1.41006	1.4558	1.46487	1.43163	
