0.00196319	0	0	0	0	0	0	0	0	0	0	0	0	0	0	0	0	0	0	0	0	0	0	0	0	
0.195504	0.231074	0.251108	0.256844	0.24924	0.228914	0.190422	0.132686	0.0678273	0.00788258	-0.0422284	-0.0838636	-0.122161	-0.155769	-0.183001	-0.204121	-0.219462	-0.228873	-0.229722	-0.218267	-0.19914	-0.176713	-0.15288	-0.126013	-0.0934592	
0.387773	0.454972	0.493466	0.502124	0.480994	0.434663	0.360459	0.258036	0.142126	0.031892	-0.0677803	-0.156884	-0.238891	-0.308217	-0.364146	-0.408114	-0.436734	-0.452461	-0.453306	-0.434809	-0.403742	-0.361646	-0.313475	-0.260038	-0.202161	
0.552351	0.643864	0.701849	0.717764	0.684108	0.608209	0.495233	0.352975	0.201202	0.0496454	-0.0972952	-0.231687	-0.351406	-0.449601	-0.528238	-0.58903	-0.629351	-0.651355	-0.655188	-0.634622	-0.595578	-0.538398	-0.469327	-0.395885	-0.317643	
0.690103	0.791997	0.8619	0.882391	0.837347	0.735298	0.5896	0.412039	0.221591	0.0362468	-0.143644	-0.310678	-0.458805	-0.574272	-0.660583	-0.72475	-0.766064	-0.79517	-0.808384	-0.791545	-0.749007	-0.680243	-0.598934	-0.511461	-0.416578	
0.831988	0.927105	0.987047	0.993092	0.929349	0.805559	0.633698	0.426713	0.212697	0.00449077	-0.196031	-0.380735	-0.543347	-0.667809	-0.755098	-0.813034	-0.851135	-0.88177	-0.896875	-0.877189	-0.830952	-0.763032	-0.686357	-0.602694	-0.499866	
0.985464	1.05705	1.08177	1.05157	0.96022	0.819885	0.636315	0.4129	0.175229	-0.0474536	-0.256281	-0.448144	-0.618283	-0.744213	-0.825735	-0.874017	-0.897129	-0.913829	-0.916927	-0.890112	-0.845783	-0.78616	-0.720576	-0.643319	-0.547453	
1.11741	1.15693	1.14193	1.07312	0.954164	0.79715	0.600973	0.364007	0.117261	-0.117455	-0.335055	-0.527121	-0.687883	-0.801369	-0.871976	-0.9075	-0.915735	-0.912176	-0.894038	-0.854207	-0.810251	-0.757719	-0.701825	-0.640835	-0.565929	
1.21014	1.21306	1.15868	1.05705	0.912531	0.73793	0.532446	0.291712	0.0399597	-0.194503	-0.4095	-0.593742	-0.742323	-0.83938	-0.893243	-0.914763	-0.905478	-0.884384	-0.853409	-0.806445	-0.756276	-0.70131	-0.651611	-0.606524	-0.560787	
1.25297	1.217	1.1277	0.994577	0.825137	0.634335	0.426555	0.197298	-0.0311541	-0.246361	-0.446579	-0.62085	-0.75947	-0.846449	-0.888861	-0.894995	-0.875118	-0.850176	-0.815701	-0.758566	-0.696056	-0.633016	-0.590146	-0.568534	-0.549399	
1.23193	1.15671	1.03319	0.876727	0.692288	0.499405	0.305678	0.105022	-0.0882515	-0.263976	-0.43398	-0.593537	-0.732431	-0.82219	-0.860152	-0.859118	-0.83421	-0.808761	-0.773602	-0.7114	-0.637962	-0.572983	-0.537286	-0.526172	-0.524536	
1.13038	1.02544	0.884368	0.717175	0.535307	0.359557	0.195655	0.0342545	-0.11191	-0.243702	-0.378491	-0.521188	-0.65587	-0.749506	-0.79549	-0.801468	-0.784003	-0.76225	-0.725058	-0.65941	-0.591459	-0.534524	-0.504355	-0.498427	-0.504456	
0.969479	0.840743	0.69125	0.534002	0.375422	0.233082	0.10958	-0.00672138	-0.108327	-0.197162	-0.297983	-0.417157	-0.540074	-0.635278	-0.694065	-0.72044	-0.720836	-0.707622	-0.675496	-0.623	-0.569021	-0.525304	-0.499618	-0.492468	-0.500076	
0.775953	0.630497	0.483826	0.342396	0.214605	0.11282	0.0331931	-0.0371433	-0.0948716	-0.147168	-0.216093	-0.310295	-0.413831	-0.503806	-0.575352	-0.624646	-0.649613	-0.656917	-0.644457	-0.608567	-0.567817	-0.531096	-0.509944	-0.505553	-0.508198	
0.577165	0.412629	0.267977	0.150228	0.0571457	-0.00881322	-0.0499291	-0.0790688	-0.0988851	-0.116331	-0.152898	-0.216995	-0.297758	-0.379402	-0.454766	-0.517854	-0.566776	-0.604463	-0.620987	-0.60725	-0.573646	-0.539798	-0.520156	-0.51394	-0.508354	
0.386799	0.208519	0.0659562	-0.036054	-0.101721	-0.134601	-0.14357	-0.139873	-0.127292	-0.110487	-0.110379	-0.142431	-0.199058	-0.266282	-0.334775	-0.402928	-0.472918	-0.542039	-0.590727	-0.597293	-0.572386	-0.540733	-0.517903	-0.502634	-0.487071	
0.214407	0.0194359	-0.126598	-0.216828	-0.259627	-0.267514	-0.248621	-0.215774	-0.172394	-0.121045	-0.0839227	-0.0819244	-0.112345	-0.161268	-0.21917	-0.289367	-0.376984	-0.469629	-0.538558	-0.564259	-0.554651	-0.530183	-0.502692	-0.477878	-0.455497	
0.0656981	-0.136491	-0.290959	-0.383626	-0.418306	-0.406775	-0.364156	-0.301666	-0.224468	-0.137309	-0.0673305	-0.0373761	-0.0432858	-0.0738926	-0.122625	-0.19793	-0.296596	-0.39842	-0.476873	-0.516335	-0.521263	-0.506109	-0.48001	-0.451034	-0.423806	
-0.0530428	-0.259066	-0.42061	-0.520566	-0.554382	-0.533356	-0.470596	-0.379131	-0.269483	-0.156827	-0.0662271	-0.0140568	0.00182362	-0.0105724	-0.052619	-0.129427	-0.232085	-0.336077	-0.418978	-0.468514	-0.485453	-0.479718	-0.461029	-0.437477	-0.407622	
-0.127186	-0.328156	-0.494219	-0.599465	-0.636548	-0.611309	-0.536421	-0.423695	-0.29381	-0.167682	-0.0688224	-0.00668526	0.0238971	0.0212159	-0.0145806	-0.0864594	-0.18398	-0.289221	-0.37779	-0.436103	-0.46274	-0.467528	-0.461118	-0.445518	-0.418099	
-0.147032	-0.340498	-0.502657	-0.611062	-0.652322	-0.629085	-0.553221	-0.435681	-0.29983	-0.174105	-0.0753059	-0.00652092	0.0269847	0.0282483	-0.000872693	-0.0616416	-0.151918	-0.256093	-0.350752	-0.417594	-0.455053	-0.474301	-0.481924	-0.479864	-0.462677	
-0.10182	-0.284667	-0.442649	-0.552733	-0.604048	-0.595145	-0.533778	-0.430006	-0.309659	-0.193926	-0.098618	-0.0316723	0.00569484	0.0115426	-0.00677627	-0.0536348	-0.135039	-0.241556	-0.340183	-0.416076	-0.471875	-0.507325	-0.529742	-0.540989	-0.534966	
0.0105327	-0.165196	-0.322269	-0.440977	-0.506073	-0.515915	-0.484247	-0.417433	-0.328854	-0.237406	-0.157957	-0.0916459	-0.0505649	-0.0306683	-0.0304941	-0.0651246	-0.142955	-0.247254	-0.352328	-0.443368	-0.516897	-0.57256	-0.609321	-0.629079	-0.626894	
0.169326	-0.00406961	-0.163091	-0.291422	-0.37642	-0.415826	-0.420741	-0.395229	-0.34556	-0.28297	-0.223345	-0.170365	-0.125499	-0.0940501	-0.0837286	-0.110349	-0.178441	-0.278101	-0.382888	-0.48094	-0.575342	-0.65018	-0.705444	-0.741589	-0.747746	
0.340138	0.172537	0.00782166	-0.136666	-0.245901	-0.316369	-0.358055	-0.367591	-0.344096	-0.306256	-0.274064	-0.236819	-0.20144	-0.171957	-0.159149	-0.179229	-0.232748	-0.314163	-0.411258	-0.513764	-0.618419	-0.714331	-0.79433	-0.85183	-0.872367	
0.482841	0.320674	0.155678	-0.00105256	-0.134498	-0.233002	-0.299274	-0.330358	-0.32633	-0.309755	-0.298786	-0.281342	-0.257744	-0.236218	-0.227355	-0.237209	-0.269427	-0.336081	-0.427999	-0.531268	-0.648905	-0.7596	-0.855313	-0.928027	-0.956146	
0.588081	0.429586	0.263067	0.100556	-0.0455231	-0.162426	-0.246748	-0.293746	-0.304541	-0.300458	-0.296656	-0.28085	-0.263859	-0.252518	-0.249196	-0.256547	-0.280912	-0.340071	-0.427982	-0.532464	-0.653655	-0.771936	-0.875901	-0.951526	-0.979095	
0.651162	0.493258	0.330595	0.166724	0.0128809	-0.111124	-0.202491	-0.260369	-0.280315	-0.27734	-0.265315	-0.241708	-0.223083	-0.216088	-0.218656	-0.22808	-0.253624	-0.31214	-0.395577	-0.494351	-0.611553	-0.727119	-0.828491	-0.902818	-0.931291	
0.677808	0.517045	0.35257	0.190644	0.0447867	-0.0696828	-0.152342	-0.20952	-0.235778	-0.231528	-0.207461	-0.174397	-0.150258	-0.140133	-0.14348	-0.159109	-0.189654	-0.242838	-0.313143	-0.396055	-0.497515	-0.602143	-0.701973	-0.782796	-0.828365	
0.656187	0.488301	0.321788	0.16786	0.0403943	-0.0476446	-0.108237	-0.155327	-0.175937	-0.165721	-0.137755	-0.0992065	-0.0660831	-0.0474844	-0.0449718	-0.0574251	-0.0817739	-0.11963	-0.168059	-0.229887	-0.309735	-0.402253	-0.502922	-0.60104	-0.678	
0.578548	0.410908	0.251988	0.111454	0.00677377	-0.0574942	-0.09823	-0.130778	-0.141127	-0.120462	-0.0783754	-0.0286606	0.0187055	0.0545492	0.0690563	0.068676	0.0636456	0.0509863	0.0240765	-0.0164198	-0.0772453	-0.159993	-0.264008	-0.378285	-0.481314	
0.453837	0.298312	0.153393	0.0327913	-0.0526297	-0.101367	-0.124999	-0.136703	-0.12872	-0.0957647	-0.0468377	0.0154143	0.0845487	0.141308	0.182151	0.214545	0.241107	0.251598	0.242597	0.213192	0.163366	0.0896585	-0.00897239	-0.123494	-0.236293	
0.291163	0.148948	0.0246759	-0.0730822	-0.13323	-0.155749	-0.152629	-0.139814	-0.114245	-0.0722479	-0.0147767	0.0573235	0.138327	0.216492	0.288393	0.361036	0.426066	0.466341	0.473746	0.455117	0.415301	0.347209	0.25438	0.144213	0.0278535	
0.119535	-0.0100366	-0.112812	-0.179726	-0.211982	-0.207301	-0.172079	-0.126716	-0.0820423	-0.0317094	0.0328412	0.110151	0.198084	0.28641	0.381761	0.487212	0.58464	0.653266	0.691152	0.69865	0.675269	0.617989	0.526902	0.408392	0.275622	
-0.0228728	-0.141192	-0.222493	-0.265871	-0.269377	-0.23082	-0.165848	-0.0979103	-0.0370513	0.0249323	0.0959178	0.174991	0.258759	0.353159	0.465757	0.591384	0.70846	0.798951	0.859077	0.887637	0.887204	0.848429	0.769562	0.654166	0.51338	
-0.112065	-0.222836	-0.289932	-0.312056	-0.289449	-0.225129	-0.137179	-0.0526599	0.0160492	0.0856704	0.166362	0.248007	0.334146	0.433422	0.549869	0.674931	0.79147	0.88585	0.955537	1.00181	1.02265	1.00956	0.954626	0.854564	0.721594	
-0.135627	-0.242881	-0.306167	-0.316023	-0.274902	-0.196455	-0.100795	-0.00841419	0.0741058	0.164786	0.255529	0.337865	0.41717	0.506484	0.612959	0.726458	0.834998	0.927057	0.998642	1.05218	1.09171	1.10542	1.07864	1.00637	0.893129	
-0.0908715	-0.202273	-0.266556	-0.273991	-0.231596	-0.150273	-0.0508852	0.0482879	0.150651	0.258674	0.355138	0.431844	0.495018	0.562509	0.644742	0.740705	0.840835	0.92892	0.999623	1.06131	1.11462	1.14826	1.14696	1.09884	1.00836	
0.0264647	-0.0984639	-0.179593	-0.202218	-0.17175	-0.0967319	0.000625007	0.112832	0.23647	0.356698	0.451964	0.51677	0.554328	0.594268	0.652902	0.729837	0.821118	0.901315	0.967969	1.03508	1.09526	1.14362	1.16035	1.13438	1.0697	
0.191196	0.0410551	-0.0662591	-0.11587	-0.105268	-0.0456475	0.0428781	0.156764	0.291432	0.417086	0.511807	0.575321	0.600286	0.61902	0.654618	0.71375	0.788933	0.853799	0.916296	0.986268	1.04895	1.10465	1.13521	1.12617	1.08696	
0.376958	0.201835	0.0635202	-0.0168417	-0.031845	0.00223962	0.0753381	0.183705	0.310103	0.435784	0.537573	0.603614	0.628624	0.639468	0.662446	0.702613	0.754076	0.802081	0.85321	0.917864	0.980688	1.0381	1.07629	1.08846	1.07621	
0.570122	0.359593	0.189617	0.0841264	0.043321	0.0529923	0.109136	0.199293	0.310732	0.429753	0.529258	0.600971	0.635012	0.646232	0.666555	0.697517	0.726918	0.754157	0.79123	0.841926	0.895801	0.952437	0.999564	1.0276	1.03329	
0.753856	0.510299	0.3189	0.187918	0.119088	0.110177	0.143627	0.201352	0.290671	0.39672	0.493808	0.566951	0.605853	0.628871	0.650837	0.670476	0.686642	0.699134	0.718772	0.75768	0.803861	0.856306	0.903547	0.936103	0.949591	
0.912658	0.64682	0.438231	0.286383	0.190289	0.152959	0.155928	0.183691	0.249823	0.335363	0.417399	0.485481	0.527715	0.563343	0.592021	0.607447	0.616427	0.615883	0.623568	0.655413	0.695481	0.744555	0.788795	0.814663	0.825353	
1.03583	0.75673	0.530551	0.351646	0.231036	0.16671	0.137596	0.136916	0.178609	0.247688	0.309401	0.361981	0.407817	0.451259	0.483542	0.498788	0.503579	0.497592	0.501189	0.528855	0.569451	0.612906	0.64621	0.664945	0.670346	
1.12178	0.833097	0.588297	0.38616	0.239468	0.141638	0.0870555	0.0685885	0.085108	0.130007	0.174137	0.21199	0.260391	0.304852	0.334447	0.346465	0.345363	0.341059	0.348813	0.378963	0.423947	0.458473	0.479957	0.4934	0.492914	
1.16319	0.868202	0.610821	0.394755	0.22457	0.0998161	0.0179383	-0.0210278	-0.0229075	0.0014184	0.0290807	0.0522604	0.0927219	0.132082	0.155581	0.165874	0.164679	0.160424	0.169429	0.201548	0.24262	0.276123	0.297999	0.312887	0.318995	
1.1518	0.860025	0.602436	0.381792	0.191809	0.0442386	-0.0533412	-0.114318	-0.138123	-0.135326	-0.125658	-0.110962	-0.0845597	-0.0528599	-0.0358023	-0.0272157	-0.0293153	-0.0369625	-0.0287895	0.0037119	0.0444587	0.0853659	0.119677	0.141748	0.155748	
1.08297	0.816238	0.571638	0.356961	0.158361	-0.00228787	-0.117379	-0.194817	-0.237516	-0.256896	-0.271178	-0.271741	-0.263317	-0.242766	-0.220244	-0.213262	-0.221188	-0.231204	-0.229229	-0.201001	-0.15073	-0.0973284	-0.049361	-0.0113685	0.0128645	
0.9627	0.731471	0.515765	0.322701	0.139172	-0.0188105	-0.141932	-0.23214	-0.303496	-0.353242	-0.390752	-0.409524	-0.416525	-0.401483	-0.375462	-0.370993	-0.382399	-0.399516	-0.401921	-0.376082	-0.323015	-0.258787	-0.198158	-0.147638	-0.11156	
