0	0	0	0	0	0	0	0	0	0	0	0	0	0	0	0	0	0	0	0	0	0	0	0	0	
0	-0.0186488	-0.0351665	-0.0515046	-0.0651893	-0.0807212	-0.0971196	-0.113306	-0.127739	-0.134413	-0.13628	-0.133532	-0.131722	-0.133443	-0.139156	-0.150974	-0.169849	-0.195011	-0.223249	-0.248792	-0.270807	-0.292188	-0.315629	-0.340933	-0.363491	
0	-0.0351491	-0.0677723	-0.0976057	-0.124926	-0.154606	-0.18579	-0.219172	-0.245561	-0.260904	-0.263811	-0.258814	-0.256207	-0.258376	-0.270073	-0.292058	-0.327769	-0.375327	-0.429221	-0.475617	-0.517373	-0.554905	-0.597774	-0.64318	-0.683281	
0	-0.0515131	-0.0976194	-0.14239	-0.180654	-0.223464	-0.268881	-0.314251	-0.353584	-0.372015	-0.375331	-0.365951	-0.358795	-0.361317	-0.375287	-0.405797	-0.455781	-0.522367	-0.596936	-0.661173	-0.714448	-0.762798	-0.815816	-0.873336	-0.921684	
0	-0.065177	-0.124942	-0.180691	-0.229999	-0.284068	-0.339806	-0.398528	-0.444655	-0.468235	-0.468978	-0.453586	-0.442272	-0.439744	-0.454666	-0.487985	-0.54625	-0.625114	-0.713673	-0.787088	-0.847653	-0.898245	-0.956411	-1.01782	-1.0693	
0	-0.0807453	-0.154657	-0.223496	-0.284085	-0.34755	-0.413937	-0.478687	-0.530916	-0.551597	-0.545746	-0.519567	-0.495777	-0.485139	-0.492365	-0.524043	-0.5838	-0.669043	-0.764207	-0.842845	-0.901915	-0.95125	-1.00504	-1.06593	-1.1132	
0	-0.0971275	-0.185876	-0.26901	-0.339939	-0.414009	-0.486335	-0.557268	-0.609071	-0.625391	-0.608642	-0.566816	-0.528099	-0.500742	-0.496588	-0.517121	-0.571042	-0.653391	-0.746631	-0.822331	-0.875652	-0.916087	-0.964881	-1.01874	-1.06253	
0	-0.113374	-0.219304	-0.314397	-0.398689	-0.478818	-0.557359	-0.628282	-0.676627	-0.683438	-0.650904	-0.590201	-0.529121	-0.482352	-0.457583	-0.463339	-0.502772	-0.575702	-0.660535	-0.727571	-0.769674	-0.799918	-0.835987	-0.882969	-0.919135	
0	-0.127779	-0.245704	-0.353827	-0.444905	-0.531096	-0.609197	-0.676685	-0.716216	-0.709569	-0.65846	-0.575796	-0.491666	-0.420935	-0.376662	-0.362028	-0.386369	-0.445576	-0.517013	-0.57287	-0.600431	-0.614513	-0.638099	-0.67095	-0.698848	
0	-0.134528	-0.261084	-0.372292	-0.46852	-0.551884	-0.62564	-0.683669	-0.70966	-0.687481	-0.616454	-0.513203	-0.406041	-0.315154	-0.249445	-0.218756	-0.226003	-0.271255	-0.330568	-0.373663	-0.388931	-0.390557	-0.399266	-0.420832	-0.439335	
0	-0.136361	-0.263973	-0.375681	-0.469293	-0.546018	-0.608864	-0.651145	-0.658597	-0.616581	-0.52338	-0.399424	-0.27093	-0.160803	-0.0805591	-0.0358236	-0.0341984	-0.0709362	-0.122362	-0.16016	-0.166962	-0.158729	-0.155766	-0.164793	-0.172646	
0	-0.133655	-0.258954	-0.36625	-0.453877	-0.519819	-0.567093	-0.590448	-0.575932	-0.513222	-0.39942	-0.257438	-0.111617	0.0122133	0.104414	0.156795	0.164987	0.133446	0.0851772	0.0496399	0.0435272	0.0540924	0.0613724	0.058938	0.055142	
0	-0.131825	-0.256342	-0.359122	-0.442573	-0.495929	-0.528338	-0.529299	-0.491842	-0.406106	-0.270944	-0.111464	0.0510657	0.186873	0.288092	0.345102	0.354611	0.323471	0.273135	0.233166	0.222607	0.228407	0.23677	0.236287	0.234365	
0	-0.133558	-0.25846	-0.361598	-0.440044	-0.485284	-0.501035	-0.482544	-0.421052	-0.315149	-0.160794	0.0122804	0.186854	0.331585	0.438066	0.497836	0.50786	0.47646	0.42464	0.380806	0.361301	0.361766	0.363009	0.360758	0.355859	
0	-0.139298	-0.270146	-0.375552	-0.454887	-0.492399	-0.496797	-0.457755	-0.376802	-0.249556	-0.0805059	0.104572	0.288187	0.437996	0.548433	0.608018	0.615714	0.583953	0.528006	0.478886	0.451716	0.44084	0.437544	0.431568	0.421623	
0	-0.151068	-0.292022	-0.406025	-0.488186	-0.52406	-0.517294	-0.463452	-0.361989	-0.218777	-0.0357698	0.156868	0.345223	0.497849	0.608144	0.665051	0.670466	0.634927	0.576702	0.523659	0.485484	0.468105	0.456242	0.446429	0.435183	
0	-0.170044	-0.327762	-0.455949	-0.546342	-0.583752	-0.571202	-0.50293	-0.386415	-0.226084	-0.0340573	0.165204	0.354794	0.507856	0.615782	0.670483	0.670826	0.634725	0.574523	0.517931	0.474328	0.446256	0.428403	0.415422	0.400003	
0	-0.195083	-0.375204	-0.522528	-0.625238	-0.668985	-0.653498	-0.575731	-0.445456	-0.271277	-0.0708649	0.133654	0.323828	0.476757	0.58431	0.63525	0.634901	0.596342	0.536576	0.479062	0.428644	0.394194	0.370651	0.355283	0.342113	
0	-0.223469	-0.429152	-0.596963	-0.713659	-0.764155	-0.74682	-0.66069	-0.517023	-0.330594	-0.122226	0.0853813	0.273364	0.424876	0.528315	0.577193	0.574933	0.537092	0.482073	0.427059	0.377406	0.33881	0.311924	0.295664	0.28336	
0	-0.248833	-0.475467	-0.661234	-0.78714	-0.842801	-0.822458	-0.727584	-0.572865	-0.373773	-0.160237	0.0498042	0.233432	0.381164	0.479187	0.524078	0.518177	0.479395	0.427057	0.373631	0.324957	0.282947	0.253904	0.240136	0.232143	
0	-0.270955	-0.517272	-0.714309	-0.847581	-0.901927	-0.875923	-0.769765	-0.60046	-0.388839	-0.166898	0.0436307	0.222793	0.361676	0.452211	0.486105	0.474889	0.42921	0.37756	0.32462	0.276235	0.231027	0.200305	0.185776	0.183172	
0	-0.292167	-0.554799	-0.7627	-0.898205	-0.951286	-0.916285	-0.799992	-0.614748	-0.390811	-0.158888	0.053974	0.228403	0.361788	0.440957	0.468255	0.44634	0.394461	0.339056	0.282791	0.231272	0.180509	0.140981	0.126015	0.123615	
0	-0.31557	-0.597651	-0.815586	-0.956309	-1.00521	-0.965169	-0.836073	-0.638184	-0.39928	-0.15583	0.0610921	0.236651	0.362993	0.43765	0.456377	0.428354	0.370554	0.311831	0.253325	0.200265	0.141095	0.095596	0.0714639	0.0676656	
0	-0.340843	-0.643181	-0.873145	-1.01772	-1.06616	-1.01903	-0.883177	-0.671327	-0.421	-0.164644	0.0588932	0.23636	0.360817	0.431789	0.446663	0.415558	0.355402	0.295962	0.239959	0.185614	0.126058	0.0709417	0.0416742	0.0315292	
0	-0.363146	-0.683168	-0.921512	-1.06927	-1.11356	-1.06279	-0.919291	-0.699073	-0.439554	-0.172634	0.0549113	0.234456	0.355967	0.421858	0.435515	0.399992	0.341856	0.283147	0.231873	0.182865	0.123753	0.0675409	0.0315345	0.0185601	
0	-0.382427	-0.715699	-0.961051	-1.10713	-1.1474	-1.09065	-0.940364	-0.71403	-0.444333	-0.170014	0.0641756	0.245437	0.362322	0.424578	0.430761	0.39162	0.330736	0.270457	0.223573	0.178458	0.124821	0.0696718	0.032685	0.0187217	
0	-0.397859	-0.741505	-0.990146	-1.13272	-1.16695	-1.10333	-0.948032	-0.715931	-0.43993	-0.158642	0.0812883	0.262935	0.376947	0.431864	0.431409	0.386169	0.321006	0.258297	0.212791	0.170419	0.121409	0.0670461	0.0284448	0.0134787	
0	-0.41044	-0.762462	-1.01254	-1.1515	-1.17908	-1.11018	-0.950625	-0.715536	-0.434163	-0.146816	0.10074	0.284972	0.399189	0.447994	0.442126	0.38947	0.319373	0.251339	0.204088	0.162366	0.115593	0.0621039	0.0203008	0.00256702	
0	-0.421499	-0.778401	-1.03188	-1.16484	-1.18833	-1.11489	-0.952036	-0.718391	-0.431626	-0.141802	0.114292	0.302964	0.417731	0.464757	0.452027	0.395945	0.319066	0.24898	0.197373	0.157773	0.112709	0.0610558	0.016539	-0.00570333	
0	-0.427808	-0.790149	-1.04188	-1.17256	-1.19152	-1.11448	-0.954098	-0.720337	-0.436112	-0.143373	0.119083	0.311561	0.430517	0.4752	0.458309	0.399068	0.317386	0.244805	0.191792	0.151993	0.111146	0.0613346	0.0165669	-0.0122066	
0	-0.430827	-0.794281	-1.04502	-1.17315	-1.18864	-1.1122	-0.953709	-0.725187	-0.445	-0.150851	0.115201	0.315159	0.439452	0.484007	0.467013	0.403438	0.318322	0.244369	0.186271	0.148933	0.109362	0.0647549	0.0203985	-0.0093319	
0	-0.429174	-0.790352	-1.03882	-1.16348	-1.17797	-1.1013	-0.947605	-0.725011	-0.450702	-0.15851	0.110409	0.317357	0.445656	0.494298	0.473949	0.408944	0.320539	0.244282	0.184954	0.148791	0.113213	0.0746817	0.0353228	0.00288512	
0	-0.418149	-0.770756	-1.01065	-1.13172	-1.14344	-1.06908	-0.922024	-0.707726	-0.444956	-0.157447	0.108969	0.320605	0.453817	0.504668	0.484712	0.415891	0.325478	0.245619	0.183907	0.145875	0.112318	0.078474	0.0436534	0.0119555	
0	-0.403547	-0.74532	-0.975857	-1.09446	-1.10455	-1.03379	-0.893383	-0.687033	-0.435855	-0.152952	0.109703	0.326573	0.464298	0.518843	0.498549	0.424254	0.32955	0.242759	0.178263	0.135768	0.10401	0.0752869	0.0465953	0.0197902	
0	-0.386334	-0.711073	-0.936644	-1.04933	-1.06401	-0.998481	-0.865681	-0.67306	-0.430618	-0.159542	0.10081	0.319659	0.463688	0.524372	0.508112	0.431354	0.334424	0.242225	0.173185	0.126958	0.0926141	0.065067	0.0423369	0.0179703	
0	-0.364061	-0.673991	-0.888341	-1.00248	-1.02036	-0.964472	-0.842141	-0.662154	-0.431449	-0.171403	0.086026	0.306969	0.458889	0.531347	0.519824	0.44923	0.35141	0.255337	0.186028	0.133239	0.096983	0.0698701	0.0485679	0.0277292	
0	-0.33592	-0.622729	-0.825468	-0.936116	-0.959529	-0.913017	-0.80276	-0.636416	-0.419944	-0.172598	0.0774218	0.296194	0.456579	0.535922	0.53466	0.468742	0.371289	0.277502	0.204457	0.150886	0.114622	0.0864064	0.0702671	0.0561891	
0	-0.300694	-0.558715	-0.744767	-0.849205	-0.876834	-0.839147	-0.740997	-0.589286	-0.387145	-0.156269	0.0821427	0.293954	0.45476	0.541411	0.546203	0.485194	0.389001	0.295757	0.22129	0.169726	0.130573	0.104685	0.092081	0.0819741	
0	-0.263543	-0.492128	-0.659797	-0.759332	-0.790904	-0.763621	-0.678	-0.53966	-0.351711	-0.134309	0.0926663	0.297947	0.459282	0.5528	0.566487	0.511743	0.415423	0.320574	0.240949	0.186198	0.143067	0.116483	0.106714	0.106005	
0	-0.226832	-0.42827	-0.576278	-0.673254	-0.708248	-0.691576	-0.619722	-0.491305	-0.319208	-0.110564	0.102615	0.304408	0.463482	0.565744	0.588928	0.545608	0.453588	0.360596	0.280307	0.223873	0.178501	0.149199	0.137743	0.141322	
0	-0.186866	-0.352579	-0.482223	-0.567638	-0.608889	-0.599712	-0.543665	-0.427512	-0.271824	-0.0759692	0.122171	0.314726	0.473672	0.578547	0.62012	0.58604	0.50862	0.418652	0.340544	0.28332	0.236425	0.200422	0.188532	0.190457	
0	-0.145237	-0.276554	-0.381519	-0.457178	-0.496268	-0.497428	-0.44935	-0.349884	-0.203221	-0.0237181	0.161644	0.341857	0.492301	0.600227	0.649833	0.627188	0.564005	0.476078	0.40567	0.349858	0.303406	0.27069	0.255168	0.259099	
0	-0.104666	-0.200824	-0.280865	-0.34283	-0.378615	-0.385842	-0.346547	-0.261942	-0.126303	0.0362999	0.209268	0.372677	0.512756	0.619121	0.670898	0.664149	0.607912	0.530099	0.463943	0.408458	0.367716	0.333958	0.317829	0.327293	
0	-0.0689986	-0.135452	-0.191353	-0.241224	-0.272253	-0.283123	-0.253259	-0.179201	-0.0573002	0.0929189	0.252212	0.40153	0.530716	0.632965	0.687973	0.694724	0.648063	0.583224	0.518523	0.467939	0.428024	0.393242	0.378335	0.386415	
0	-0.0383911	-0.077768	-0.112636	-0.148939	-0.175378	-0.1871	-0.168013	-0.103005	0.00113609	0.140009	0.282114	0.41671	0.533935	0.626027	0.686171	0.700172	0.669244	0.616099	0.558667	0.51331	0.476369	0.442664	0.42897	0.436107	
0	-0.0142548	-0.0308592	-0.0481244	-0.0713148	-0.0910673	-0.10416	-0.0908775	-0.0402593	0.0490668	0.169789	0.293106	0.410158	0.508125	0.587744	0.644686	0.662141	0.647006	0.605376	0.559856	0.524944	0.491348	0.466253	0.452599	0.461165	
0	0.00181295	0.00264042	-0.00328764	-0.0128211	-0.0294489	-0.0405153	-0.0356918	0.000905234	0.0723641	0.17036	0.27308	0.367539	0.443302	0.507661	0.55235	0.573538	0.566147	0.537262	0.504943	0.4772	0.452418	0.434355	0.424575	0.439806	
0	0.00799417	0.013261	0.0155436	0.0108217	5.67138e-05	-0.011723	-0.0135076	0.00946638	0.0606765	0.135496	0.21462	0.283705	0.336807	0.378392	0.409319	0.424219	0.421843	0.402289	0.382995	0.364725	0.352202	0.341802	0.34308	0.364601	
0	0.00559606	0.00749114	0.0121652	0.00714575	0.00281364	-0.0111895	-0.0173931	-0.00967759	0.0190194	0.0678519	0.117054	0.158944	0.183534	0.200702	0.211921	0.217311	0.215039	0.203871	0.197861	0.190788	0.191969	0.190956	0.202292	0.233946	
0	-0.00585645	-0.0102411	-0.0118837	-0.0155996	-0.0187001	-0.0302212	-0.0402136	-0.0461939	-0.0382353	-0.0189157	0.000753275	0.0111588	0.0072561	-0.00363152	-0.0140382	-0.0239901	-0.0314022	-0.0369703	-0.0347196	-0.02608	-0.0131655	-0.00170049	0.0226022	0.0627471	
