0.044776	0.177335	0.320522	0.449039	0.548835	0.612933	0.639002	0.634836	0.61275	0.583735	0.558342	0.539192	0.533716	0.547524	0.586129	0.641082	0.69313	0.711512	0.675834	0.580622	0.442444	0.284339	0.130833	-0.0029867	-0.103113	
0	0.159199	0.303149	0.432763	0.534405	0.604957	0.637225	0.638493	0.619967	0.591	0.564074	0.541931	0.532639	0.545588	0.585848	0.651601	0.721836	0.767572	0.761464	0.69355	0.571949	0.421208	0.260846	0.115189	-0.00133645	
0	0.147668	0.288179	0.416867	0.523307	0.601029	0.641288	0.651469	0.637529	0.612207	0.585437	0.560865	0.549119	0.557609	0.597642	0.667223	0.751386	0.81841	0.841397	0.800674	0.703002	0.56445	0.407541	0.255215	0.126535	
0	0.136424	0.26952	0.396926	0.507386	0.5923	0.643778	0.66321	0.658657	0.638873	0.614718	0.590363	0.5751	0.579085	0.614506	0.684032	0.775492	0.8609	0.909178	0.898861	0.828104	0.710312	0.561983	0.410618	0.271632	
0	0.126544	0.25275	0.379307	0.492354	0.585855	0.646679	0.677101	0.680832	0.666158	0.645272	0.619521	0.601319	0.600245	0.629567	0.697744	0.794267	0.894952	0.967892	0.986692	0.94524	0.848874	0.714538	0.563297	0.418094	
0	0.11499	0.232897	0.355142	0.470074	0.569481	0.640371	0.68065	0.692504	0.684985	0.667402	0.642875	0.624183	0.61795	0.643001	0.70665	0.80444	0.916022	1.0075	1.05306	1.0392	0.968708	0.850552	0.708149	0.560211	
0	0.0993128	0.203845	0.319391	0.432272	0.537251	0.616154	0.665275	0.686815	0.685127	0.671839	0.648335	0.626379	0.615436	0.630593	0.686658	0.780453	0.89734	1.00423	1.07533	1.09163	1.05066	0.958275	0.829416	0.685062	
0	0.0820146	0.173694	0.27833	0.389214	0.494748	0.578049	0.633855	0.65881	0.660696	0.64546	0.618605	0.591496	0.570087	0.574862	0.619016	0.705659	0.823405	0.942444	1.03449	1.07976	1.06941	1.00335	0.893991	0.757601	
0	0.0583022	0.127668	0.217559	0.317531	0.419685	0.504084	0.561751	0.590627	0.591425	0.575029	0.545216	0.510944	0.480946	0.472465	0.502469	0.576768	0.689761	0.811533	0.919889	0.987929	1.00597	0.970546	0.886354	0.766809	
0	0.0259442	0.068115	0.132664	0.217903	0.309453	0.389396	0.446865	0.473202	0.473802	0.454435	0.42065	0.37957	0.33956	0.316594	0.330179	0.388067	0.488687	0.609478	0.725161	0.812757	0.858444	0.85495	0.801679	0.708795	
0	-0.00817425	0.00155743	0.0404382	0.104961	0.182994	0.255052	0.306491	0.328821	0.324614	0.298631	0.256872	0.205791	0.152665	0.11528	0.109704	0.14965	0.23765	0.351529	0.472863	0.574645	0.641907	0.666538	0.643267	0.575356	
0	-0.0411662	-0.0607928	-0.0491904	-0.00402496	0.0582889	0.120458	0.163822	0.178888	0.166043	0.129362	0.0764773	0.0115376	-0.0539697	-0.110154	-0.134506	-0.11437	-0.0447562	0.0596548	0.17886	0.287105	0.37091	0.419948	0.424259	0.388443	
0	-0.0747683	-0.125343	-0.1406	-0.115545	-0.0673641	-0.0135342	0.025914	0.0364469	0.020561	-0.0234174	-0.0843145	-0.159012	-0.240342	-0.3139	-0.362148	-0.367647	-0.321607	-0.234705	-0.124944	-0.0134126	0.0824405	0.153686	0.18983	0.186581	
0	-0.10203	-0.178362	-0.214303	-0.205214	-0.166671	-0.116111	-0.0786547	-0.0660558	-0.0840474	-0.13034	-0.196026	-0.280062	-0.371474	-0.461367	-0.530546	-0.559753	-0.539073	-0.4738	-0.377438	-0.273812	-0.17492	-0.0894156	-0.0317684	-0.00332085	
0	-0.117905	-0.207198	-0.255688	-0.252388	-0.216765	-0.164378	-0.121184	-0.104683	-0.117515	-0.16321	-0.229988	-0.317824	-0.416105	-0.517875	-0.603638	-0.655432	-0.660193	-0.616849	-0.542471	-0.451633	-0.35885	-0.272434	-0.200908	-0.150009	
0	-0.123768	-0.219634	-0.268886	-0.266018	-0.223672	-0.161406	-0.106346	-0.0760182	-0.0792833	-0.11733	-0.181592	-0.269374	-0.373178	-0.48268	-0.584907	-0.656045	-0.683525	-0.664456	-0.609003	-0.533464	-0.451594	-0.366958	-0.290174	-0.224765	
0	-0.125953	-0.2218	-0.270647	-0.261514	-0.209989	-0.13235	-0.0590732	-0.00845698	0.00680235	-0.0151885	-0.0670584	-0.147718	-0.246354	-0.359856	-0.470451	-0.558181	-0.609006	-0.612223	-0.578633	-0.520767	-0.448412	-0.369765	-0.288878	-0.209682	
0	-0.125034	-0.220538	-0.264533	-0.250119	-0.18542	-0.0919779	0.00381672	0.077807	0.117168	0.117152	0.0826334	0.0185058	-0.0709731	-0.177022	-0.288963	-0.385327	-0.449952	-0.470702	-0.45487	-0.409948	-0.350833	-0.279946	-0.199577	-0.115686	
0	-0.120198	-0.211099	-0.248957	-0.226997	-0.151112	-0.0415423	0.0727326	0.170201	0.230537	0.252509	0.236536	0.189127	0.115024	0.0209431	-0.0845224	-0.17934	-0.249723	-0.279669	-0.271757	-0.237611	-0.185361	-0.12075	-0.0440297	0.0430701	
0	-0.119621	-0.209674	-0.24588	-0.220199	-0.135863	-0.0137161	0.120204	0.239873	0.325233	0.371428	0.377364	0.350043	0.293989	0.21319	0.119301	0.0276787	-0.0427916	-0.0744912	-0.0700629	-0.0351651	0.0196188	0.0856032	0.168155	0.259791	
0	-0.121387	-0.21446	-0.251152	-0.226592	-0.137196	-0.0063575	0.143364	0.283575	0.391854	0.462426	0.489737	0.48465	0.445915	0.383814	0.302163	0.219329	0.153178	0.121282	0.1279	0.167717	0.229276	0.306509	0.398552	0.500087	
0	-0.12207	-0.215583	-0.255138	-0.230934	-0.141804	-0.0049374	0.154468	0.310641	0.437152	0.527145	0.573849	0.585319	0.564963	0.516995	0.450125	0.376455	0.316176	0.287856	0.299869	0.346676	0.4215	0.508987	0.612376	0.72174	
0	-0.123746	-0.220427	-0.263623	-0.244931	-0.157934	-0.0219928	0.144229	0.309677	0.450993	0.556084	0.6174	0.643656	0.636509	0.602213	0.54906	0.4847	0.433241	0.410126	0.427366	0.484697	0.568418	0.667885	0.779873	0.893345	
0	-0.132322	-0.237648	-0.29297	-0.284448	-0.208691	-0.0776593	0.0883067	0.260463	0.414328	0.533698	0.611156	0.652422	0.658917	0.639381	0.59688	0.542422	0.496087	0.474487	0.496021	0.558991	0.653413	0.766655	0.887661	1.00584	
0	-0.144914	-0.263822	-0.335172	-0.342817	-0.283146	-0.163325	-0.00337291	0.170347	0.331719	0.461412	0.552079	0.603335	0.622789	0.612201	0.581747	0.535505	0.496434	0.479807	0.507119	0.578124	0.684551	0.808485	0.935406	1.05115	
0	-0.156699	-0.288666	-0.376857	-0.403081	-0.362719	-0.260919	-0.112138	0.0541915	0.217283	0.351035	0.449216	0.509562	0.537352	0.539192	0.520242	0.487642	0.459208	0.451458	0.484684	0.563585	0.675423	0.806352	0.930063	1.03781	
0	-0.168043	-0.312738	-0.418472	-0.463112	-0.445518	-0.361629	-0.229174	-0.0702646	0.0918009	0.229352	0.336601	0.405415	0.44381	0.457699	0.450036	0.431524	0.412502	0.412074	0.45027	0.530937	0.646977	0.777416	0.896065	0.990004	
0	-0.174269	-0.328524	-0.445338	-0.507185	-0.506548	-0.440557	-0.321801	-0.169752	-0.00951023	0.133128	0.247491	0.32336	0.370739	0.390689	0.392734	0.382603	0.370618	0.37568	0.414338	0.494786	0.608942	0.734993	0.843841	0.921568	
0	-0.171757	-0.325181	-0.446809	-0.516842	-0.528926	-0.476871	-0.369044	-0.225106	-0.0655115	0.0803073	0.20015	0.283868	0.335316	0.362756	0.369328	0.367146	0.359093	0.367024	0.400834	0.474481	0.576944	0.688715	0.779196	0.833439	
0	-0.161593	-0.309329	-0.427528	-0.502495	-0.523149	-0.481753	-0.386544	-0.247513	-0.0913216	0.0599763	0.187475	0.280556	0.342273	0.37875	0.39512	0.401929	0.400253	0.407397	0.432994	0.48751	0.566122	0.6468	0.706578	0.724846	
0	-0.152909	-0.295332	-0.410796	-0.4908	-0.517946	-0.488238	-0.401927	-0.267805	-0.111801	0.0490193	0.187698	0.29645	0.373994	0.423218	0.45517	0.472358	0.479356	0.486686	0.500463	0.532195	0.577572	0.620077	0.639078	0.619662	
0	-0.145911	-0.28232	-0.397952	-0.480637	-0.51665	-0.497732	-0.420496	-0.293652	-0.135501	0.0329878	0.185526	0.313586	0.407457	0.47605	0.523278	0.554391	0.571872	0.579982	0.58315	0.591513	0.602418	0.604861	0.5857	0.529559	
0	-0.135471	-0.265739	-0.376571	-0.46342	-0.506723	-0.499682	-0.436375	-0.317908	-0.164906	0.00878158	0.173117	0.317823	0.432337	0.5203	0.587928	0.635539	0.667971	0.678062	0.674745	0.657665	0.633388	0.594996	0.53649	0.446704	
0	-0.126723	-0.248869	-0.358405	-0.447094	-0.499296	-0.506256	-0.456784	-0.353237	-0.206913	-0.0338133	0.1394	0.299112	0.434018	0.542199	0.632682	0.699546	0.748036	0.765622	0.755184	0.715886	0.656145	0.577521	0.480369	0.364913	
0	-0.122576	-0.240704	-0.352881	-0.445253	-0.509496	-0.530794	-0.496628	-0.409576	-0.268699	-0.098031	0.0865329	0.26367	0.41905	0.552404	0.66204	0.747715	0.807442	0.827593	0.806906	0.744914	0.651778	0.538553	0.415032	0.283497	
0	-0.118666	-0.236322	-0.348223	-0.447729	-0.521995	-0.557712	-0.541712	-0.468771	-0.339256	-0.17026	0.0233617	0.215843	0.39443	0.550922	0.680418	0.783453	0.851127	0.870657	0.839263	0.752555	0.628359	0.486027	0.338996	0.20122	
0	-0.110757	-0.220304	-0.330628	-0.429915	-0.512642	-0.560937	-0.561969	-0.507705	-0.392798	-0.232259	-0.0366219	0.165999	0.363418	0.539181	0.688093	0.806286	0.879489	0.900999	0.856009	0.749559	0.597761	0.428438	0.263056	0.122588	
0	-0.100094	-0.200437	-0.304425	-0.401378	-0.487648	-0.544406	-0.558828	-0.519829	-0.417862	-0.264963	-0.0687893	0.143931	0.354939	0.54811	0.708972	0.834108	0.906228	0.920981	0.860392	0.737463	0.563968	0.376456	0.203732	0.0608981	
0	-0.085319	-0.175238	-0.26611	-0.359864	-0.443633	-0.505666	-0.532368	-0.504087	-0.419169	-0.2725	-0.0802306	0.139134	0.362084	0.567823	0.738081	0.865124	0.931304	0.931997	0.855275	0.710773	0.518288	0.315039	0.13234	-0.0089542	
0	-0.0723168	-0.149227	-0.230852	-0.317285	-0.399608	-0.46542	-0.501574	-0.485918	-0.415781	-0.278183	-0.0909402	0.132728	0.366453	0.581481	0.76128	0.88543	0.94271	0.926103	0.82987	0.663665	0.455291	0.235862	0.045234	-0.0952528	
0	-0.0678404	-0.139973	-0.218029	-0.301582	-0.383184	-0.452473	-0.493141	-0.487767	-0.424913	-0.294573	-0.108848	0.120696	0.361907	0.586413	0.770922	0.887799	0.935753	0.899116	0.787682	0.610087	0.393222	0.170128	-0.0214213	-0.165396	
0	-0.061457	-0.128079	-0.200237	-0.280644	-0.36058	-0.432768	-0.479832	-0.485382	-0.434205	-0.315899	-0.136803	0.0913298	0.335576	0.567096	0.753246	0.868143	0.907787	0.859003	0.740393	0.560148	0.344158	0.127166	-0.0640652	-0.208025	
0	-0.052476	-0.108483	-0.174318	-0.246361	-0.324108	-0.396434	-0.448743	-0.465976	-0.427207	-0.325948	-0.157659	0.0598441	0.302008	0.532119	0.716415	0.830051	0.860041	0.809486	0.689274	0.516782	0.316078	0.110102	-0.0730632	-0.213981	
0	-0.0453287	-0.0943448	-0.15236	-0.21817	-0.289119	-0.359864	-0.411037	-0.435746	-0.404715	-0.318113	-0.162519	0.0417111	0.27334	0.495253	0.670572	0.776404	0.797239	0.743966	0.627237	0.469017	0.289043	0.101994	-0.0679303	-0.202719	
0	-0.0367661	-0.0791186	-0.126555	-0.185626	-0.247875	-0.31297	-0.363092	-0.388982	-0.367545	-0.292365	-0.153887	0.0342225	0.247528	0.45551	0.61441	0.70731	0.716819	0.655443	0.541953	0.395047	0.232545	0.0697356	-0.0850961	-0.205018	
0	-0.0291961	-0.0623291	-0.10215	-0.148861	-0.204535	-0.256603	-0.305809	-0.32584	-0.314196	-0.24832	-0.130077	0.0345145	0.22385	0.404919	0.542864	0.616741	0.613649	0.54917	0.44062	0.310582	0.171424	0.033264	-0.0982212	-0.203828	
0	-0.0215327	-0.0446139	-0.0764488	-0.110823	-0.156702	-0.197907	-0.240355	-0.257746	-0.25237	-0.199229	-0.104521	0.0310485	0.190034	0.337287	0.4546	0.508971	0.502154	0.444047	0.348557	0.24373	0.131426	0.0170699	-0.0898921	-0.183968	
0	-0.0149459	-0.0317363	-0.0542629	-0.0821647	-0.114822	-0.151616	-0.181955	-0.202049	-0.197544	-0.160121	-0.0878607	0.0191249	0.143039	0.261193	0.354865	0.396851	0.39288	0.344851	0.27109	0.190501	0.104182	0.0166109	-0.0703079	-0.145835	
0	-0.0127394	-0.0283839	-0.0445192	-0.0680294	-0.0900674	-0.118869	-0.138426	-0.155048	-0.149308	-0.125045	-0.0720792	0.00393262	0.0907895	0.178617	0.242328	0.275963	0.27352	0.238945	0.192214	0.134204	0.0776545	0.0180263	-0.04509	-0.0986405	
0	-0.00851074	-0.0195522	-0.0287763	-0.0429764	-0.0554709	-0.0702277	-0.081567	-0.0892695	-0.0859806	-0.0737058	-0.0442363	-0.00521673	0.0409833	0.0886595	0.120678	0.141458	0.139941	0.122447	0.101078	0.0689214	0.0421456	0.0097998	-0.0228901	-0.052979	
