-0.0870167	-0.344343	-0.61461	-0.835533	-0.971888	-1.02121	-1.00022	-0.940972	-0.8549	-0.75105	-0.630656	-0.505633	-0.377664	-0.255414	-0.144199	-0.0549764	0.0222781	0.0938078	0.167048	0.225959	0.251579	0.233265	0.179225	0.106654	0.012427	
0	-0.309728	-0.58799	-0.813907	-0.961012	-1.01888	-1.00802	-0.957006	-0.885118	-0.799293	-0.70211	-0.600986	-0.490604	-0.380814	-0.277579	-0.193755	-0.111974	-0.0194489	0.0822065	0.173094	0.225091	0.231208	0.192964	0.132198	0.0445252	
0	-0.298755	-0.573348	-0.804585	-0.959802	-1.03578	-1.03726	-1.00123	-0.944451	-0.879997	-0.807999	-0.725513	-0.630477	-0.528127	-0.433718	-0.352919	-0.263377	-0.152477	-0.0273756	0.0820067	0.151939	0.173401	0.145338	0.0893335	0.00609731	
0	-0.301972	-0.579323	-0.813121	-0.981501	-1.0757	-1.09931	-1.08148	-1.04653	-1.00587	-0.956936	-0.888305	-0.803868	-0.707038	-0.619181	-0.533027	-0.431255	-0.301127	-0.161936	-0.0441956	0.0348862	0.0657969	0.0441957	-0.00956687	-0.0904841	
0	-0.316272	-0.603267	-0.841716	-1.02376	-1.1372	-1.18754	-1.19326	-1.18442	-1.1675	-1.1356	-1.07629	-0.996458	-0.904838	-0.814898	-0.715996	-0.595104	-0.448953	-0.303231	-0.185504	-0.103315	-0.0672062	-0.0802357	-0.130715	-0.206274	
0	-0.3358	-0.63518	-0.882089	-1.07311	-1.20487	-1.27844	-1.31019	-1.3256	-1.32701	-1.30447	-1.24785	-1.17135	-1.08285	-0.987078	-0.87185	-0.734407	-0.580887	-0.440761	-0.329927	-0.252112	-0.209869	-0.21023	-0.250399	-0.310523	
0	-0.355298	-0.669903	-0.927133	-1.12513	-1.26948	-1.36074	-1.41535	-1.44709	-1.45676	-1.43233	-1.373	-1.29577	-1.20517	-1.09792	-0.966257	-0.816999	-0.668095	-0.53933	-0.443779	-0.372885	-0.327205	-0.313685	-0.337248	-0.378462	
0	-0.371313	-0.702477	-0.970896	-1.17559	-1.3248	-1.42797	-1.49563	-1.53263	-1.53761	-1.50186	-1.43612	-1.35192	-1.25352	-1.13089	-0.984983	-0.832878	-0.692052	-0.580115	-0.497397	-0.434971	-0.384575	-0.35759	-0.361804	-0.383785	
0	-0.382007	-0.726335	-1.00798	-1.21527	-1.36531	-1.46889	-1.53722	-1.56468	-1.55176	-1.50024	-1.42412	-1.33169	-1.22143	-1.08557	-0.935523	-0.788108	-0.663124	-0.564921	-0.493415	-0.433733	-0.377498	-0.335157	-0.317845	-0.315132	
0	-0.384323	-0.735951	-1.02755	-1.23407	-1.37909	-1.47053	-1.52549	-1.52761	-1.48963	-1.4195	-1.33378	-1.23267	-1.10959	-0.96942	-0.822352	-0.690588	-0.579095	-0.493518	-0.425712	-0.365216	-0.30112	-0.245367	-0.205602	-0.178041	
0	-0.376607	-0.729028	-1.0206	-1.22579	-1.35362	-1.4261	-1.44775	-1.41852	-1.34764	-1.26341	-1.16734	-1.06149	-0.931877	-0.797369	-0.665373	-0.55417	-0.459564	-0.383782	-0.318148	-0.254498	-0.184203	-0.117973	-0.0572448	-0.0040961	
0	-0.361309	-0.705806	-0.990226	-1.18841	-1.29421	-1.33734	-1.31816	-1.2511	-1.15212	-1.0537	-0.95435	-0.847494	-0.724671	-0.605654	-0.499223	-0.413317	-0.339016	-0.272499	-0.211419	-0.142348	-0.069895	0.00975478	0.0883931	0.168618	
0	-0.343799	-0.673126	-0.949146	-1.13361	-1.2205	-1.22798	-1.17112	-1.06785	-0.948664	-0.83917	-0.740373	-0.63752	-0.529811	-0.431311	-0.352089	-0.29064	-0.234179	-0.179278	-0.119212	-0.048054	0.0317021	0.125164	0.219749	0.327264	
0	-0.320153	-0.626885	-0.885861	-1.05198	-1.11811	-1.09267	-1.00516	-0.876622	-0.747443	-0.63447	-0.541195	-0.451801	-0.367358	-0.296502	-0.245434	-0.208986	-0.173023	-0.129374	-0.0701302	0.00721318	0.104492	0.217102	0.335835	0.465452	
0	-0.288364	-0.563825	-0.794916	-0.937635	-0.980239	-0.931176	-0.822394	-0.685257	-0.553535	-0.446415	-0.361881	-0.29532	-0.240819	-0.204232	-0.184682	-0.178267	-0.167251	-0.138361	-0.0802785	0.00872148	0.132406	0.27375	0.42056	0.569043	
0	-0.249495	-0.487615	-0.681653	-0.798677	-0.819244	-0.759447	-0.645474	-0.51312	-0.389048	-0.290519	-0.220027	-0.17756	-0.156664	-0.155545	-0.170653	-0.195497	-0.212857	-0.197417	-0.140574	-0.0313155	0.121526	0.29717	0.467989	0.63025	
0	-0.204448	-0.398418	-0.550997	-0.639582	-0.645155	-0.587903	-0.486473	-0.370067	-0.262182	-0.17397	-0.123013	-0.102386	-0.117567	-0.151663	-0.202492	-0.260268	-0.299277	-0.297119	-0.229629	-0.0976267	0.0896731	0.298233	0.488456	0.659525	
0	-0.153207	-0.295651	-0.405388	-0.462776	-0.462415	-0.418418	-0.34262	-0.252355	-0.162009	-0.0934169	-0.0596972	-0.068116	-0.11566	-0.188825	-0.276215	-0.361229	-0.418548	-0.417502	-0.335321	-0.174811	0.0462885	0.282614	0.49083	0.668638	
0	-0.0968189	-0.185198	-0.250161	-0.27998	-0.278761	-0.256236	-0.213045	-0.151872	-0.0833829	-0.0363016	-0.0242589	-0.0618401	-0.14048	-0.250993	-0.369426	-0.473759	-0.539725	-0.530868	-0.433469	-0.243687	0.000359168	0.257663	0.481124	0.662306	
0	-0.0390752	-0.0735643	-0.0959776	-0.102518	-0.103817	-0.104037	-0.0931671	-0.0604697	-0.0173604	0.00631358	-0.00972221	-0.0750468	-0.186003	-0.326148	-0.468435	-0.58264	-0.646742	-0.629926	-0.514781	-0.308072	-0.0477809	0.221434	0.45699	0.642555	
0	0.0154206	0.0284749	0.0450995	0.0533127	0.0508777	0.0298703	0.0149163	0.0206873	0.0340766	0.032489	-0.0171961	-0.106938	-0.24681	-0.403638	-0.556421	-0.669171	-0.723777	-0.699004	-0.571056	-0.358396	-0.0901496	0.181922	0.425389	0.611385	
0	0.0601035	0.11439	0.158003	0.179145	0.172873	0.14156	0.108299	0.0883846	0.0721379	0.0378227	-0.0401574	-0.155429	-0.310376	-0.472224	-0.619945	-0.722197	-0.766231	-0.733676	-0.60253	-0.389475	-0.123618	0.146727	0.388687	0.573258	
0	0.0933259	0.178785	0.24048	0.270871	0.262666	0.230866	0.187497	0.144466	0.0978972	0.0276683	-0.071807	-0.209434	-0.364036	-0.520899	-0.651439	-0.738447	-0.775124	-0.734286	-0.609749	-0.400223	-0.147411	0.113111	0.3447	0.524906	
0	0.113603	0.217016	0.290406	0.323505	0.318386	0.290492	0.245628	0.184096	0.107443	0.00951183	-0.109268	-0.252185	-0.400837	-0.539209	-0.649206	-0.722195	-0.749904	-0.709808	-0.591446	-0.398778	-0.165891	0.073658	0.289861	0.467152	
0	0.121875	0.232575	0.310354	0.342992	0.340889	0.319508	0.27662	0.203112	0.102486	-0.013973	-0.143226	-0.279319	-0.41418	-0.528228	-0.617632	-0.676378	-0.695332	-0.658383	-0.549551	-0.384052	-0.180391	0.0286867	0.228211	0.406925	
0	0.118538	0.224591	0.299428	0.325127	0.323361	0.304239	0.265234	0.187278	0.0764265	-0.0461398	-0.172099	-0.292149	-0.403204	-0.49199	-0.559287	-0.60282	-0.614393	-0.580043	-0.492318	-0.359719	-0.198458	-0.0234077	0.163388	0.347034	
0	0.107565	0.204949	0.26655	0.286289	0.274794	0.256204	0.217556	0.1442	0.0388944	-0.0792746	-0.189597	-0.291388	-0.373286	-0.438688	-0.484574	-0.512314	-0.517474	-0.488937	-0.427452	-0.332976	-0.214478	-0.0699636	0.109003	0.302113	
0	0.0925903	0.174323	0.219306	0.226262	0.201302	0.175257	0.135078	0.0746461	-0.0132135	-0.110833	-0.200605	-0.276315	-0.328579	-0.367187	-0.390331	-0.402972	-0.401451	-0.385365	-0.351142	-0.296766	-0.21606	-0.0978011	0.0726338	0.271041	
0	0.0747138	0.135253	0.161959	0.150146	0.111334	0.0703042	0.0293077	-0.0158062	-0.0758885	-0.141952	-0.205994	-0.250057	-0.273914	-0.282393	-0.284609	-0.284688	-0.281614	-0.281713	-0.275482	-0.254772	-0.207787	-0.109915	0.0446578	0.238103	
0	0.0541709	0.0915724	0.0984874	0.0678198	0.0143395	-0.0434277	-0.0874846	-0.120521	-0.148722	-0.181483	-0.209918	-0.224197	-0.214839	-0.196178	-0.176416	-0.166134	-0.165053	-0.176544	-0.193937	-0.197718	-0.177779	-0.103186	0.0283438	0.199981	
0	0.0289377	0.0405539	0.0276235	-0.0212557	-0.0879906	-0.162607	-0.213155	-0.240324	-0.241805	-0.238627	-0.226185	-0.204783	-0.161906	-0.115413	-0.0730163	-0.0510856	-0.046798	-0.0632365	-0.0927279	-0.117268	-0.118751	-0.0740803	0.0275001	0.164103	
0	0.00200043	-0.00734853	-0.0392948	-0.0963999	-0.177299	-0.26108	-0.325659	-0.351823	-0.339893	-0.302319	-0.249734	-0.189496	-0.11804	-0.0459738	0.0167803	0.0555089	0.0703885	0.0581465	0.0242301	-0.0179657	-0.0418628	-0.0273279	0.0356106	0.133432	
0	-0.0232724	-0.0517163	-0.094885	-0.158481	-0.246553	-0.339825	-0.417523	-0.451297	-0.435643	-0.371421	-0.282201	-0.184119	-0.0880749	0.00612138	0.089646	0.151378	0.184693	0.182887	0.145715	0.0862869	0.0379524	0.0223928	0.045422	0.101471	
0	-0.0446863	-0.0897411	-0.140183	-0.211559	-0.304327	-0.409884	-0.499061	-0.547818	-0.535489	-0.457439	-0.339044	-0.206495	-0.0849659	0.0356243	0.146508	0.242648	0.304403	0.319457	0.281525	0.206295	0.133615	0.0856935	0.0667396	0.075706	
0	-0.0560407	-0.109798	-0.167616	-0.244725	-0.346078	-0.460425	-0.563224	-0.625632	-0.625435	-0.547346	-0.414207	-0.256267	-0.105362	0.0448681	0.190936	0.324923	0.420778	0.455459	0.420846	0.334986	0.240394	0.160856	0.0995689	0.0641344	
0	-0.0512996	-0.105411	-0.168032	-0.253244	-0.361376	-0.484815	-0.5966	-0.673593	-0.688589	-0.626217	-0.494721	-0.322529	-0.141699	0.0419333	0.222771	0.391291	0.517503	0.573499	0.546423	0.457419	0.344187	0.235658	0.137213	0.0645427	
0	-0.033379	-0.0819245	-0.151468	-0.247727	-0.364463	-0.496609	-0.617833	-0.709625	-0.743419	-0.705312	-0.587059	-0.406666	-0.193584	0.0292132	0.246273	0.446821	0.602028	0.683461	0.671004	0.584044	0.45385	0.315181	0.182887	0.0724654	
0	-0.00672297	-0.0452626	-0.122589	-0.229524	-0.355643	-0.494765	-0.629515	-0.736694	-0.792902	-0.779862	-0.680197	-0.497294	-0.255651	0.00258225	0.253918	0.480082	0.663028	0.77006	0.780067	0.698922	0.559969	0.395999	0.237215	0.0896123	
0	0.0243338	0.00188922	-0.0782864	-0.189034	-0.321678	-0.467428	-0.619546	-0.747264	-0.825745	-0.835755	-0.753138	-0.574155	-0.317061	-0.0325102	0.244438	0.495437	0.700286	0.834371	0.868081	0.801587	0.662476	0.484913	0.302698	0.118458	
0	0.0512522	0.0465798	-0.0264694	-0.133959	-0.26836	-0.423532	-0.596918	-0.748104	-0.848213	-0.872162	-0.803271	-0.630573	-0.373673	-0.0753732	0.221806	0.494685	0.720159	0.874546	0.932944	0.886554	0.756003	0.572319	0.365902	0.143512	
0	0.0661242	0.0765772	0.0211729	-0.0772725	-0.209371	-0.378343	-0.5724	-0.747082	-0.862927	-0.894302	-0.832271	-0.669761	-0.423075	-0.124897	0.186463	0.476348	0.717441	0.884969	0.965379	0.942943	0.828207	0.641673	0.413435	0.15864	
0	0.0693875	0.0958989	0.0651594	-0.0146319	-0.144838	-0.325589	-0.537394	-0.729518	-0.856298	-0.894488	-0.837575	-0.689201	-0.458205	-0.169201	0.146386	0.447904	0.696747	0.876446	0.97415	0.980153	0.882358	0.698705	0.453049	0.179389	
0	0.0655432	0.106864	0.105859	0.0473449	-0.077814	-0.266023	-0.484748	-0.684346	-0.819485	-0.866354	-0.821384	-0.687383	-0.475457	-0.201397	0.106837	0.404517	0.656788	0.840819	0.95598	0.984097	0.906054	0.731301	0.480766	0.202639	
0	0.0560997	0.105518	0.129248	0.0863913	-0.031459	-0.219049	-0.429569	-0.625644	-0.763938	-0.823578	-0.791775	-0.672329	-0.473312	-0.216041	0.0749624	0.356267	0.599721	0.784239	0.905732	0.948392	0.888009	0.727526	0.48634	0.21298	
0	0.0480521	0.102962	0.139142	0.109087	-0.00132053	-0.172464	-0.363528	-0.545048	-0.68569	-0.760069	-0.744754	-0.640437	-0.453365	-0.213424	0.0523795	0.307609	0.530641	0.708501	0.828141	0.881038	0.839845	0.701972	0.478514	0.216691	
0	0.0444444	0.100033	0.137604	0.113608	0.0162835	-0.126903	-0.286959	-0.447906	-0.587743	-0.673194	-0.675702	-0.586172	-0.417255	-0.196467	0.0392388	0.259313	0.452937	0.608146	0.723618	0.781804	0.765969	0.65393	0.454037	0.210651	
0	0.0425138	0.0914786	0.121719	0.0970158	0.0181236	-0.0909921	-0.213974	-0.350179	-0.48148	-0.569568	-0.582603	-0.510402	-0.36367	-0.168141	0.035	0.217747	0.368125	0.493396	0.592194	0.657518	0.661942	0.573087	0.400066	0.182677	
0	0.0393464	0.0793796	0.0968347	0.0737707	0.0139179	-0.0582466	-0.14579	-0.252769	-0.366777	-0.446035	-0.463735	-0.410147	-0.294357	-0.132971	0.0322285	0.173972	0.278565	0.366355	0.445993	0.512244	0.531104	0.462604	0.31994	0.142656	
0	0.0311495	0.0591577	0.0656134	0.046725	0.00707948	-0.034112	-0.0887281	-0.163338	-0.248014	-0.30731	-0.32341	-0.287598	-0.209169	-0.0920199	0.0267861	0.123581	0.187697	0.237616	0.296778	0.351186	0.375381	0.326548	0.22284	0.0988092	
0	0.0182005	0.0320834	0.0347058	0.0228044	0.00451987	-0.0142042	-0.0397933	-0.0786444	-0.124178	-0.156245	-0.165407	-0.148626	-0.108476	-0.0473204	0.0156669	0.0660593	0.093941	0.118512	0.147361	0.18175	0.196193	0.170553	0.11586	0.0506993	
