0.0871373	0.319295	0.518063	0.623306	0.627175	0.552723	0.432754	0.29731	0.157325	0.0158817	-0.126665	-0.25539	-0.339252	-0.340933	-0.245313	-0.0661683	0.16224	0.407082	0.627815	0.797675	0.897005	0.93255	0.912693	0.834244	0.690272	
0	0.324537	0.563547	0.690549	0.704059	0.622515	0.484251	0.325124	0.165748	0.00521258	-0.154246	-0.28725	-0.358047	-0.340689	-0.238714	-0.0644084	0.155525	0.392956	0.611227	0.785375	0.897169	0.947949	0.944932	0.883012	0.751742	
0	0.324333	0.576524	0.720443	0.744041	0.664692	0.516122	0.344637	0.172064	0.00122357	-0.165211	-0.297676	-0.357404	-0.32947	-0.225356	-0.0637374	0.138052	0.357696	0.56825	0.744157	0.867848	0.934307	0.953736	0.915169	0.807009	
0	0.312493	0.563686	0.711482	0.744221	0.668779	0.525985	0.35429	0.182962	0.0120838	-0.149933	-0.278554	-0.334461	-0.302843	-0.198811	-0.0495751	0.128729	0.324824	0.519683	0.691068	0.817886	0.899416	0.938872	0.926976	0.845082	
0	0.29204	0.52985	0.672753	0.707558	0.64329	0.518016	0.364999	0.205933	0.0474451	-0.10378	-0.225629	-0.28437	-0.253295	-0.150641	-0.0132783	0.139675	0.306964	0.480037	0.636987	0.761629	0.853235	0.908708	0.920472	0.865108	
0	0.262718	0.477646	0.60765	0.64298	0.594416	0.498871	0.374535	0.239783	0.0980452	-0.0337468	-0.147858	-0.205761	-0.179172	-0.079764	0.0438193	0.170135	0.307941	0.453534	0.590454	0.70851	0.802696	0.870043	0.896228	0.870252	
0	0.222267	0.4049	0.518585	0.556071	0.529264	0.465782	0.375975	0.267554	0.150439	0.0415737	-0.0524861	-0.103827	-0.0795696	0.0084717	0.114086	0.212265	0.320477	0.433287	0.546961	0.650427	0.742501	0.811539	0.84938	0.850934	
0	0.172789	0.317883	0.416105	0.461484	0.458124	0.423036	0.363366	0.281778	0.194245	0.114028	0.0526879	0.0160365	0.0396612	0.107381	0.191187	0.263199	0.340078	0.422166	0.506765	0.597118	0.679453	0.748912	0.79375	0.815167	
0	0.118231	0.221856	0.306128	0.359098	0.37662	0.360042	0.325058	0.272354	0.218554	0.175863	0.153016	0.143184	0.164492	0.212496	0.271721	0.318401	0.364075	0.410958	0.471038	0.54343	0.619504	0.683605	0.730926	0.757894	
0	0.0669305	0.131075	0.199035	0.255676	0.285636	0.281528	0.268242	0.24823	0.231402	0.229012	0.244765	0.265619	0.285715	0.318262	0.351279	0.373357	0.383724	0.399193	0.438899	0.498164	0.569586	0.627248	0.668665	0.689519	
0	0.0242756	0.0530814	0.0982048	0.150051	0.182162	0.191006	0.199333	0.217166	0.237899	0.274494	0.325007	0.373114	0.399386	0.420331	0.433322	0.427741	0.406853	0.398291	0.423246	0.474976	0.537198	0.587514	0.613007	0.621585	
0	-0.00923493	-0.0133592	0.00424114	0.0394025	0.0704312	0.0925356	0.128124	0.182755	0.243669	0.314964	0.395853	0.464452	0.50192	0.517018	0.514944	0.485378	0.441654	0.419116	0.431021	0.473123	0.519808	0.558834	0.567668	0.56114	
0	-0.0387588	-0.0726311	-0.0862422	-0.0710696	-0.0431913	-0.00371241	0.0595142	0.149562	0.25091	0.356507	0.460681	0.542856	0.589317	0.606678	0.596436	0.556	0.504284	0.47427	0.47539	0.497818	0.531621	0.554577	0.55314	0.528059	
0	-0.0690891	-0.131586	-0.17218	-0.174752	-0.145219	-0.0862772	0.00455957	0.127956	0.270398	0.409777	0.530465	0.616866	0.669891	0.695083	0.68752	0.650653	0.602282	0.569345	0.554794	0.557655	0.577386	0.587443	0.573072	0.526159	
0	-0.100945	-0.190915	-0.248659	-0.26256	-0.222099	-0.141966	-0.0218862	0.134304	0.314224	0.484955	0.612715	0.699134	0.754809	0.789905	0.791247	0.762983	0.723174	0.685073	0.654461	0.64163	0.644434	0.641934	0.602877	0.529638	
0	-0.13412	-0.248967	-0.321046	-0.337942	-0.28389	-0.179023	-0.0280205	0.157707	0.369141	0.558064	0.692165	0.775901	0.836565	0.87773	0.887894	0.869416	0.83825	0.799066	0.760651	0.735476	0.722099	0.692756	0.622733	0.513868	
0	-0.166524	-0.306185	-0.397006	-0.415188	-0.351904	-0.218784	-0.0394069	0.175153	0.402834	0.601295	0.740331	0.829688	0.894255	0.936985	0.950423	0.942502	0.921642	0.891872	0.854505	0.821731	0.785374	0.721328	0.614113	0.469389	
0	-0.190359	-0.353186	-0.462823	-0.487061	-0.415596	-0.2585	-0.0500805	0.187226	0.420467	0.619852	0.764106	0.863138	0.924744	0.959552	0.969985	0.972061	0.966224	0.950734	0.922213	0.881412	0.82233	0.724638	0.582283	0.406087	
0	-0.206096	-0.390565	-0.516308	-0.554216	-0.476762	-0.307584	-0.0706759	0.182604	0.422047	0.618567	0.77129	0.876683	0.93103	0.952493	0.961975	0.977307	0.986527	0.985275	0.96138	0.915097	0.833586	0.708181	0.53317	0.324773	
0	-0.217925	-0.416148	-0.558377	-0.60628	-0.536188	-0.360241	-0.108104	0.164228	0.410881	0.609983	0.767745	0.874967	0.921521	0.935058	0.951536	0.981715	1.0032	1.00792	0.987334	0.93491	0.83879	0.687694	0.484154	0.243015	
0	-0.223553	-0.425281	-0.575607	-0.628331	-0.571035	-0.394396	-0.138165	0.152666	0.407997	0.61356	0.770809	0.876333	0.921289	0.936295	0.964973	1.00597	1.03392	1.04002	1.0207	0.965796	0.85941	0.688687	0.461522	0.193436	
0	-0.221423	-0.419453	-0.564644	-0.621059	-0.567956	-0.39818	-0.139468	0.157091	0.423443	0.634881	0.792815	0.900585	0.952603	0.978085	1.01379	1.05822	1.08667	1.08963	1.06677	1.00522	0.887577	0.701589	0.456281	0.170583	
0	-0.213082	-0.400771	-0.535191	-0.588802	-0.532005	-0.366316	-0.112332	0.17391	0.444916	0.6616	0.829099	0.945792	1.01574	1.05378	1.0911	1.13403	1.16018	1.15865	1.12422	1.04994	0.918167	0.718527	0.460737	0.164932	
0	-0.200057	-0.372268	-0.493009	-0.534006	-0.467423	-0.298943	-0.0635217	0.200548	0.460105	0.687483	0.866808	1.0027	1.09174	1.14402	1.17961	1.2177	1.24082	1.231	1.18117	1.09046	0.942765	0.73311	0.467111	0.173599	
0	-0.185139	-0.337375	-0.440256	-0.458568	-0.379179	-0.208218	-0.000500682	0.230836	0.472342	0.706387	0.902099	1.05641	1.1686	1.23539	1.27263	1.30314	1.31912	1.29701	1.23033	1.11859	0.954091	0.732094	0.466859	0.184794	
0	-0.167213	-0.297156	-0.369208	-0.362959	-0.266391	-0.105145	0.0763965	0.270679	0.493437	0.724403	0.932382	1.10153	1.2375	1.32002	1.36249	1.38132	1.38338	1.34461	1.25737	1.12328	0.937542	0.707722	0.450149	0.184827	
0	-0.146255	-0.248633	-0.284219	-0.251122	-0.145576	-0.00117483	0.154381	0.319175	0.517944	0.736809	0.945287	1.12979	1.28455	1.38646	1.43466	1.44339	1.42704	1.36625	1.25783	1.09941	0.896133	0.663291	0.413581	0.163832	
0	-0.119192	-0.188475	-0.190932	-0.131779	-0.0293406	0.0977172	0.227898	0.370567	0.539507	0.735732	0.939044	1.13441	1.30428	1.42071	1.47703	1.48008	1.44192	1.35635	1.22395	1.04589	0.831023	0.594741	0.349117	0.107625	
0	-0.0791362	-0.11188	-0.0836565	-0.00611366	0.0931084	0.201684	0.311769	0.428451	0.563515	0.728041	0.921171	1.11873	1.29102	1.41198	1.47288	1.47144	1.41007	1.29688	1.14396	0.951892	0.730567	0.487238	0.243182	0.00921207	
0	-0.03185	-0.0295159	0.0205211	0.108362	0.202648	0.294563	0.380606	0.466223	0.562348	0.695155	0.873885	1.06459	1.22968	1.34545	1.40796	1.40034	1.32013	1.18497	1.01527	0.813648	0.579815	0.329183	0.0838858	-0.136809	
0	0.0172853	0.0521467	0.120617	0.211995	0.301566	0.373567	0.429722	0.477159	0.531595	0.634011	0.789079	0.964491	1.1116	1.21658	1.27146	1.2565	1.16751	1.02298	0.843349	0.632419	0.386115	0.133675	-0.108623	-0.31506	
0	0.0615518	0.129602	0.216516	0.311013	0.391734	0.438938	0.46125	0.465099	0.481301	0.548598	0.673467	0.821881	0.945147	1.03472	1.07179	1.05047	0.961885	0.81955	0.636859	0.414563	0.168229	-0.0841903	-0.316203	-0.515917	
0	0.0981566	0.198655	0.307178	0.403368	0.46964	0.487693	0.474057	0.436561	0.416032	0.445468	0.533623	0.645135	0.745182	0.81467	0.836991	0.807932	0.728063	0.595841	0.415602	0.193737	-0.0473946	-0.294964	-0.521156	-0.715846	
0	0.131434	0.265294	0.395734	0.493647	0.541063	0.530635	0.482159	0.408695	0.35229	0.341614	0.386296	0.455036	0.53128	0.584977	0.599679	0.566447	0.497313	0.383846	0.218794	0.0129096	-0.221156	-0.462267	-0.686153	-0.867552	
0	0.167303	0.334627	0.482165	0.581979	0.610685	0.578396	0.499188	0.398061	0.307509	0.257549	0.252997	0.27925	0.330529	0.377864	0.390164	0.357777	0.298585	0.210582	0.0742543	-0.11154	-0.336764	-0.571813	-0.784382	-0.944942	
0	0.211602	0.409698	0.572531	0.669997	0.69032	0.639918	0.540113	0.416399	0.296037	0.206794	0.150127	0.138764	0.166186	0.213573	0.228827	0.205793	0.164671	0.108248	0.00710715	-0.159535	-0.371838	-0.593248	-0.784471	-0.927796	
0	0.25989	0.489157	0.660739	0.759915	0.775011	0.716502	0.602491	0.463999	0.320323	0.190147	0.0895216	0.0429981	0.0541971	0.0970461	0.12117	0.120265	0.106283	0.0836499	0.00763292	-0.139291	-0.332906	-0.530526	-0.698193	-0.830283	
0	0.30653	0.56594	0.747774	0.85088	0.865116	0.803655	0.682455	0.536202	0.373111	0.207307	0.0696727	-0.00399099	-0.00930585	0.0246757	0.0631349	0.096651	0.1199	0.12225	0.0638518	-0.0629979	-0.229417	-0.399068	-0.547844	-0.669149	
0	0.345239	0.631864	0.831515	0.938231	0.956715	0.891375	0.770412	0.617875	0.440373	0.247713	0.0813194	-0.0135689	-0.0393584	-0.0130907	0.0447848	0.12104	0.183555	0.205009	0.162243	0.0591118	-0.0787118	-0.221488	-0.355334	-0.463865	
0	0.370114	0.682042	0.899772	1.01631	1.03552	0.971784	0.849644	0.693979	0.506676	0.298775	0.114722	-0.00316523	-0.0478237	-0.0278067	0.0530941	0.166436	0.260637	0.300601	0.273543	0.193036	0.078235	-0.0424777	-0.158654	-0.255565	
0	0.382378	0.711697	0.946859	1.07277	1.09546	1.0329	0.910019	0.749185	0.557786	0.346363	0.15167	0.0132422	-0.0486973	-0.0274662	0.0730147	0.210767	0.330111	0.389499	0.38392	0.318292	0.222987	0.119572	0.0210137	-0.0700345	
0	0.384263	0.719817	0.965703	1.09869	1.12774	1.06682	0.94259	0.775479	0.584048	0.376419	0.178281	0.0241233	-0.048848	-0.0246035	0.087683	0.237025	0.373337	0.455026	0.468491	0.419911	0.339055	0.254181	0.164913	0.0758977	
0	0.376442	0.706991	0.950715	1.08925	1.12293	1.06772	0.940807	0.771093	0.580514	0.38072	0.18714	0.0273303	-0.0490142	-0.0256266	0.0904156	0.241772	0.387975	0.484635	0.515714	0.486089	0.422792	0.347781	0.260262	0.168551	
0	0.359822	0.673527	0.90662	1.04365	1.08297	1.0329	0.909717	0.740485	0.552932	0.362138	0.179582	0.0282791	-0.0491961	-0.0294158	0.0796771	0.228571	0.373433	0.472681	0.519248	0.512319	0.468775	0.39446	0.30176	0.207213	
0	0.331617	0.618889	0.833686	0.962339	1.00245	0.958319	0.843902	0.68184	0.499353	0.319344	0.153926	0.0204971	-0.0521705	-0.0384758	0.0595357	0.201073	0.334685	0.430191	0.487687	0.51008	0.482237	0.407508	0.305279	0.20912	
0	0.290742	0.544935	0.735773	0.850623	0.885056	0.847784	0.747336	0.599663	0.428819	0.263093	0.1192	0.00744281	-0.0538692	-0.0444395	0.0390152	0.164177	0.280828	0.366595	0.433013	0.475273	0.463963	0.386424	0.280801	0.18265	
0	0.240311	0.455634	0.620863	0.716442	0.743549	0.712472	0.63161	0.504941	0.354844	0.210183	0.0875264	-0.00162575	-0.0495879	-0.0399733	0.0219292	0.121492	0.215275	0.290465	0.355584	0.406735	0.406034	0.335494	0.231973	0.1392	
0	0.181764	0.351344	0.484717	0.557428	0.574588	0.549916	0.489041	0.389369	0.268653	0.152585	0.0536649	-0.0137932	-0.0442737	-0.0319708	0.00972144	0.0800235	0.152609	0.218032	0.273976	0.322862	0.328587	0.272739	0.180225	0.0980204	
0	0.120384	0.238313	0.332692	0.381631	0.390052	0.372743	0.332332	0.263425	0.180076	0.0981983	0.0279805	-0.0187212	-0.0335434	-0.0210546	0.00275606	0.0445544	0.0956523	0.145091	0.186766	0.221174	0.231692	0.191799	0.123885	0.0598218	
0	0.0602292	0.12111	0.17123	0.195768	0.199683	0.190761	0.171063	0.136279	0.0935844	0.0518764	0.0139308	-0.00971038	-0.016237	-0.00809783	0.000562103	0.0188547	0.0440572	0.0712542	0.0912983	0.109843	0.115379	0.0972081	0.0595661	0.0263261	
