3.11486e-31	0	0	0	0	0	0	0	0	0	0	0	0	0	0	0	0	0	0	0	0	0	0	0	0	
7.0948e-29	2.20951e-30	6.223e-32	1.59064e-33	3.70154e-35	7.86447e-37	1.52949e-38	2.72913e-40	4.47722e-42	6.76584e-44	9.4341e-46	1.21565e-47	1.44956e-49	1.60144e-51	1.64097e-53	1.56102e-55	1.37972e-57	1.13381e-59	8.66777e-62	6.16716e-64	4.08527e-66	2.52004e-68	1.44775e-70	7.7459e-73	3.8591e-75	
3.12878e-27	1.01867e-28	2.99744e-30	7.99988e-32	1.94283e-33	4.30596e-35	8.73247e-37	1.62432e-38	2.7772e-40	4.37316e-42	6.35325e-44	8.52903e-46	1.05955e-47	1.2196e-49	1.30219e-51	1.29099e-53	1.18945e-55	1.01921e-57	8.1274e-60	6.03435e-62	4.17327e-64	2.68915e-66	1.61483e-68	9.03724e-71	4.71331e-73	
1.26383e-25	4.3054e-27	1.32455e-28	3.69354e-30	9.36649e-32	2.16656e-33	4.58354e-35	8.89069e-37	1.58467e-38	2.60067e-40	3.93701e-42	5.50676e-44	7.12718e-46	8.54691e-48	9.50792e-50	9.8221e-52	9.43123e-54	8.42418e-56	7.00456e-58	5.42475e-60	3.91494e-62	2.63374e-64	1.65209e-66	9.66418e-69	5.27211e-71	
4.66543e-24	1.66448e-25	5.3582e-27	1.56223e-28	4.13933e-30	9.99799e-32	2.20752e-33	4.46687e-35	8.30246e-37	1.42042e-38	2.24107e-40	3.26634e-42	4.40459e-44	5.50289e-46	6.37762e-48	6.86424e-50	6.86782e-52	6.39314e-54	5.54119e-56	4.47468e-58	3.36838e-60	2.36463e-62	1.54855e-64	9.4624e-67	5.39556e-69	
1.56927e-22	5.86946e-24	1.97889e-25	6.03733e-27	1.67259e-28	4.22111e-30	9.73217e-32	2.05527e-33	3.98506e-35	7.10954e-37	1.16933e-38	1.77622e-40	2.4958e-42	3.24872e-44	3.92254e-46	4.39831e-48	4.58479e-50	4.44703e-52	4.01687e-54	3.38123e-56	2.65391e-58	1.94328e-60	1.32796e-62	8.47141e-65	5.04577e-67	
4.79408e-21	1.882e-22	6.65229e-24	2.12563e-25	6.16221e-27	1.62605e-28	3.91716e-30	8.6381e-32	1.74799e-33	3.25314e-35	5.57943e-37	8.83484e-39	1.29377e-40	1.75477e-42	2.2074e-44	2.57857e-46	2.8002e-48	2.82968e-50	2.66318e-52	2.33619e-54	1.91135e-56	1.45926e-58	1.04011e-60	6.92355e-63	4.30516e-65	
1.32545e-19	5.46833e-21	2.02879e-22	6.79658e-24	2.06364e-25	5.69818e-27	1.43525e-28	3.30691e-30	6.98752e-32	1.35717e-33	2.4281e-35	4.00916e-37	6.12001e-39	8.65062e-41	1.13386e-42	1.37992e-44	1.5611e-46	1.6434e-48	1.61137e-50	1.47278e-52	1.25568e-54	9.99262e-57	7.4261e-59	5.15582e-61	3.34523e-63	
3.30342e-18	1.43439e-19	5.59294e-21	1.96665e-22	6.26044e-24	1.81049e-25	4.7718e-27	1.14953e-28	2.5378e-30	5.14675e-32	9.60945e-34	1.65508e-35	2.6344e-37	3.88153e-39	5.30193e-41	6.723e-43	7.92359e-45	8.68939e-47	8.87548e-49	8.451e-51	7.50708e-53	6.22543e-55	4.82221e-57	3.49065e-59	2.36216e-61	
7.38973e-17	3.38262e-18	1.38817e-19	5.12997e-21	1.71402e-22	5.19672e-24	1.43447e-25	3.61582e-27	8.34582e-29	1.76833e-30	3.44727e-32	6.19596e-34	1.02869e-35	1.58035e-37	2.25005e-39	2.97317e-41	3.65089e-43	4.1709e-45	4.43782e-47	4.4017e-49	4.07326e-51	3.51922e-53	2.84057e-55	2.14312e-57	1.51202e-59	
1.47666e-15	7.13867e-17	3.0883e-18	1.20115e-19	4.21762e-21	1.34209e-22	3.88367e-24	1.0252e-25	2.47585e-27	5.48426e-29	1.11692e-30	2.09594e-32	3.63115e-34	5.81837e-36	8.63699e-38	1.18953e-39	1.52206e-41	1.8116e-43	2.00791e-45	2.0745e-47	1.99963e-49	1.79967e-51	1.51336e-53	1.18972e-55	8.74825e-58	
2.62198e-14	1.34141e-15	6.12851e-17	2.51258e-18	9.28459e-20	3.10466e-21	9.42846e-23	2.60898e-24	6.59782e-26	1.52902e-27	3.25525e-29	6.38116e-31	1.15413e-32	1.92962e-34	2.98739e-36	4.28943e-38	5.72022e-40	7.09403e-42	8.1912e-44	8.81525e-46	8.85042e-48	8.2966e-50	7.26715e-52	5.95163e-54	4.55988e-56	
4.11285e-13	2.23179e-14	1.07895e-15	4.67101e-17	1.81925e-18	6.40127e-20	2.04258e-21	5.93099e-23	1.57207e-24	3.81463e-26	8.49566e-28	1.74075e-29	3.28859e-31	5.73952e-33	9.27078e-35	1.38819e-36	1.92983e-38	2.49415e-40	3.00051e-42	3.36374e-44	3.51755e-46	3.43432e-48	3.13306e-50	2.67258e-52	2.13299e-54	
5.66279e-12	3.26748e-13	1.67521e-14	7.6729e-16	3.15509e-17	1.1699e-18	3.92747e-20	1.19806e-21	3.33177e-23	8.47241e-25	1.97542e-26	4.23364e-28	8.35904e-30	1.52366e-31	2.5688e-33	4.01267e-35	5.81678e-37	7.83613e-39	9.82329e-41	1.14726e-42	1.24964e-44	1.27068e-46	1.20724e-48	1.07247e-50	8.91457e-53	
6.79566e-11	4.18117e-12	2.27882e-13	1.1066e-14	4.81295e-16	1.8837e-17	6.66251e-19	2.13775e-20	6.24422e-22	1.66562e-23	4.06912e-25	9.12822e-27	1.88483e-28	3.59008e-30	6.32043e-32	1.03036e-33	1.55795e-35	2.18824e-37	2.85899e-39	3.47897e-41	3.94731e-43	4.18032e-45	4.13594e-47	3.82607e-49	3.31175e-51	
7.05365e-10	4.64182e-11	2.69648e-12	1.39142e-13	6.4136e-15	2.65408e-16	9.90506e-18	3.34736e-19	1.02814e-20	2.87977e-22	7.37799e-24	1.73377e-25	3.74638e-27	7.461e-29	1.37232e-30	2.33571e-32	3.68507e-34	5.39795e-36	7.35192e-38	9.32258e-40	1.10194e-41	1.21545e-43	1.25228e-45	1.20623e-47	1.0871e-49	
6.28064e-09	4.4352e-10	2.75383e-11	1.51365e-12	7.40974e-14	3.24799e-15	1.28104e-16	4.56598e-18	1.47651e-19	4.34717e-21	1.16908e-22	2.88014e-24	6.51737e-26	1.35791e-27	2.61076e-29	4.64129e-31	7.64337e-33	1.16798e-34	1.65867e-36	2.19212e-38	2.6996e-40	3.1015e-42	3.32761e-44	3.33727e-46	3.13123e-48	
4.75625e-08	3.61664e-09	2.40722e-10	1.41291e-11	7.36132e-13	3.42429e-14	1.42962e-15	5.38178e-17	1.83446e-18	5.68336e-20	1.60583e-21	4.15082e-23	9.84309e-25	2.14685e-26	4.31675e-28	8.01903e-30	1.37893e-31	2.19879e-33	3.25652e-35	4.48636e-37	5.75692e-39	6.88927e-41	7.6971e-43	8.03688e-45	7.84962e-47	
3.03718e-07	2.49537e-08	1.78561e-09	1.12192e-10	6.23413e-12	3.08301e-13	1.36458e-14	5.43275e-16	1.95427e-17	6.3774e-19	1.89484e-20	5.14277e-22	1.27883e-23	2.9214e-25	6.14618e-27	1.19352e-28	2.14366e-30	3.56776e-32	5.51179e-34	7.91632e-36	1.05854e-37	1.3195e-39	1.53511e-41	1.66864e-43	1.69629e-45	
1.62261e-06	1.44497e-07	1.11451e-08	7.51257e-10	4.46048e-11	2.34883e-12	1.10366e-13	4.65237e-15	1.76788e-16	6.08191e-18	1.90159e-19	5.42246e-21	1.41466e-22	3.38632e-24	7.45681e-26	1.51411e-27	2.84108e-29	4.93613e-31	7.95516e-33	1.19121e-34	1.6598e-36	2.155e-38	2.6104e-40	2.95344e-42	3.12434e-44	
7.2096e-06	6.97497e-07	5.80991e-08	4.20819e-09	2.67328e-10	1.50061e-11	7.49233e-13	3.34664e-14	1.34426e-15	4.87788e-17	1.60563e-18	4.81208e-20	1.31749e-21	3.30526e-23	7.61907e-25	1.61779e-26	3.17145e-28	5.75191e-30	9.66962e-32	1.5094e-33	2.19121e-35	2.96265e-37	3.73564e-39	4.39804e-41	4.83994e-43	
2.65744e-05	2.79539e-06	2.5163e-07	1.95944e-08	1.33232e-09	7.97463e-11	4.23166e-12	2.00314e-13	8.50555e-15	3.25545e-16	1.12807e-17	3.55294e-19	1.0207e-20	2.68323e-22	6.47332e-24	1.43698e-25	2.94217e-27	5.5684e-29	9.76127e-31	1.58777e-32	2.40048e-34	3.37833e-36	4.43201e-38	5.42683e-40	6.20929e-42	
8.14548e-05	9.30405e-06	9.04008e-07	7.55995e-08	5.49652e-09	3.50475e-10	1.97477e-11	9.898e-13	4.43906e-14	1.79061e-15	6.52663e-17	2.15851e-18	6.5015e-20	1.7895e-21	4.5147e-23	1.04691e-24	2.23697e-26	4.41452e-28	8.06277e-30	1.36551e-31	2.14818e-33	3.14421e-35	4.28792e-37	5.45581e-39	6.48449e-41	
0.000209241	2.58541e-05	2.70246e-06	2.41984e-07	1.87617e-08	1.27126e-09	7.58854e-11	4.01876e-12	1.89984e-13	8.0613e-15	3.0851e-16	1.06954e-17	3.37197e-19	9.70193e-21	2.55567e-22	6.18123e-24	1.37629e-25	2.82781e-27	5.37331e-29	9.4613e-31	1.54657e-32	2.35084e-34	3.32792e-36	4.39366e-38	5.41672e-40	
0.000455735	6.05481e-05	6.77245e-06	6.46221e-07	5.31997e-08	3.81548e-09	2.40413e-10	1.34069e-11	6.65977e-13	2.96368e-14	1.18753e-15	4.30396e-17	1.41665e-18	4.2503e-20	1.1662e-21	2.93512e-23	6.79454e-25	1.45029e-26	2.86082e-28	5.22598e-30	8.85743e-32	1.39528e-33	2.04606e-35	2.7971e-37	3.56949e-39	
0.000852544	0.000120834	1.43628e-05	1.45145e-06	1.26172e-07	9.53003e-09	6.30936e-10	3.68928e-11	1.91806e-12	8.9189e-14	3.72875e-15	1.40815e-16	4.82379e-18	1.5046e-19	4.28776e-21	1.11984e-22	2.68791e-24	5.94459e-26	1.21419e-27	2.29529e-29	4.02365e-31	6.55256e-33	9.92931e-35	1.40215e-36	1.84772e-38	
0.00138696	0.000207693	2.60119e-05	2.76294e-06	2.51892e-07	1.99149e-08	1.37766e-09	8.404e-11	4.55178e-12	2.20216e-13	9.56794e-15	3.75116e-16	1.33277e-17	4.30787e-19	1.27117e-20	3.43519e-22	8.52613e-24	1.94869e-25	4.11114e-27	8.02334e-29	1.45142e-30	2.43818e-32	3.80983e-34	5.54598e-36	7.53175e-38	
0.00198471	0.000310456	4.05475e-05	4.48436e-06	4.25072e-07	3.48962e-08	2.50367e-09	1.5823e-10	8.86998e-12	4.43751e-13	1.99206e-14	8.06344e-16	2.95588e-17	9.85158e-19	2.99583e-20	8.33909e-22	2.13097e-23	5.01247e-25	1.08792e-26	2.18365e-28	4.06153e-30	7.01345e-32	1.1263e-33	1.68475e-35	2.35075e-37	
0.0025225	0.000406967	5.47704e-05	6.23579e-06	6.07927e-07	5.12815e-08	3.77711e-09	2.44845e-10	1.40663e-11	7.20614e-13	3.3101e-14	1.37e-15	5.13162e-17	1.74647e-18	5.41994e-20	1.53875e-21	4.00838e-23	9.60646e-25	2.12336e-26	4.33838e-28	8.21055e-30	1.44205e-31	2.35454e-33	3.57967e-35	5.07488e-37	
0.00286775	0.000470753	6.44349e-05	7.45696e-06	7.38452e-07	6.32283e-08	4.72343e-09	3.10313e-10	1.80539e-11	9.35971e-13	4.34778e-14	1.81857e-15	6.87984e-17	2.36347e-18	7.39978e-20	2.11842e-21	5.56199e-23	1.34294e-24	2.98936e-26	6.14871e-28	1.17107e-29	2.06921e-31	3.39796e-33	5.19426e-35	7.40228e-37	
0.00292877	0.000482177	6.6188e-05	7.68104e-06	7.62647e-07	6.54622e-08	4.90169e-09	3.22723e-10	1.88138e-11	9.77193e-13	4.54715e-14	1.90503e-15	7.21768e-17	2.48297e-18	7.78393e-20	2.23107e-21	5.86429e-23	1.41741e-24	3.15819e-26	6.50187e-28	1.23939e-29	2.19168e-31	3.60178e-33	5.50973e-35	7.8571e-37	
0.00268894	0.000437537	5.93777e-05	6.81531e-06	6.6963e-07	5.69107e-08	4.22178e-09	2.75537e-10	1.59321e-11	8.21218e-13	3.7942e-14	1.57903e-15	5.94551e-17	2.03349e-18	6.34034e-20	1.80809e-21	4.72991e-23	1.13813e-24	2.52529e-26	5.17839e-28	9.83434e-30	1.73296e-31	2.83849e-33	4.32848e-35	6.15424e-37	
0.0022127	0.00035089	4.64393e-05	5.20225e-06	4.99289e-07	4.14869e-08	3.01166e-09	1.92521e-10	1.0913e-11	5.51923e-13	2.50408e-14	1.02417e-15	3.79267e-17	1.27668e-18	3.9204e-20	1.10176e-21	2.84203e-23	6.74711e-25	1.47779e-26	2.99287e-28	5.61601e-30	9.78252e-32	1.58454e-33	2.39041e-35	3.36346e-37	
0.00162182	0.000247362	3.15271e-05	3.4052e-06	3.15449e-07	2.53247e-08	1.77782e-09	1.09993e-10	6.03897e-12	2.96018e-13	1.30249e-14	5.16922e-16	1.85843e-17	6.07608e-19	1.81295e-20	4.95238e-22	1.24213e-23	2.86805e-25	6.11111e-27	1.20427e-28	2.19922e-30	3.72872e-32	5.87935e-34	8.63478e-36	1.18289e-37	
0.00104947	0.000152076	1.84552e-05	1.90169e-06	1.68368e-07	1.29392e-08	8.70799e-10	5.17168e-11	2.72889e-12	1.28698e-13	5.45369e-15	2.0864e-16	7.23661e-18	2.28434e-19	6.58524e-21	1.7391e-22	4.21943e-24	9.42935e-26	1.9455e-27	3.714e-29	6.57307e-31	1.08042e-32	1.65211e-34	2.35375e-36	3.12869e-38	
0.000592831	8.07526e-05	9.24284e-06	9.00971e-07	7.56598e-08	5.52797e-09	3.54433e-10	2.00918e-11	1.01361e-12	4.57726e-14	1.8598e-15	6.8304e-17	2.27688e-18	6.91451e-20	1.9194e-21	4.88513e-23	1.14312e-24	2.46549e-26	4.91259e-28	9.062e-30	1.55052e-31	2.46508e-33	3.64741e-35	5.0301e-37	6.47428e-39	
0.000288759	3.66496e-05	3.92585e-06	3.59517e-07	2.84584e-08	1.96573e-09	1.19462e-10	6.43348e-12	3.08969e-13	1.33064e-14	5.16459e-16	1.81455e-17	5.79412e-19	1.68752e-20	4.49739e-22	1.10002e-23	2.47584e-25	5.14032e-27	9.86651e-29	1.75438e-30	2.89517e-32	4.44175e-34	6.34503e-36	8.45145e-38	1.05102e-39	
0.000119703	1.40587e-05	1.40089e-06	1.19883e-07	8.90277e-09	5.78899e-10	3.3218e-11	1.69356e-12	7.71773e-14	3.16047e-15	1.16854e-16	3.91749e-18	1.19536e-19	3.33122e-21	8.50505e-23	1.99499e-24	4.31033e-26	8.59802e-28	1.58683e-29	2.71491e-31	4.31362e-33	6.37526e-35	8.7775e-37	1.12733e-38	1.35231e-40	
4.17249e-05	4.51485e-06	4.16953e-07	3.32372e-08	2.30919e-09	1.41005e-10	7.6228e-12	3.67187e-13	1.58493e-14	6.16123e-16	2.16674e-17	6.92108e-19	2.01532e-20	5.36704e-22	1.3111e-23	2.94586e-25	6.10279e-27	1.1683e-28	2.07099e-30	3.40566e-32	5.20436e-34	7.40202e-36	9.81222e-38	1.2139e-39	1.40315e-41	
1.21317e-05	1.2076e-06	1.03233e-07	7.65767e-09	4.97302e-10	2.84941e-11	1.45027e-12	6.59624e-14	2.69527e-15	9.94065e-17	3.32332e-18	1.01093e-19	2.80773e-21	7.14196e-23	1.66851e-24	3.58926e-26	7.12612e-28	1.30858e-29	2.22682e-31	3.51788e-33	5.16763e-35	7.06902e-37	9.01719e-39	1.0739e-40	1.19542e-42	
2.93458e-06	2.68948e-07	2.12985e-08	1.47113e-09	8.93529e-11	4.80637e-12	2.3041e-13	9.89856e-15	3.82983e-16	1.34043e-17	4.2608e-19	1.23446e-20	3.27041e-22	7.94597e-24	1.77528e-25	3.65608e-27	6.95594e-29	1.22508e-30	2.00098e-32	3.03616e-34	4.28625e-36	5.63785e-38	6.91815e-40	7.9289e-42	8.49657e-44	
5.91729e-07	5.00516e-08	3.67932e-09	2.37055e-10	1.34861e-11	6.81896e-13	3.08222e-14	1.25189e-15	4.59011e-17	1.52559e-18	4.61347e-20	1.27368e-21	3.22002e-23	7.47533e-25	1.59761e-26	3.15053e-28	5.74484e-30	9.70483e-32	1.52151e-33	2.21736e-35	3.00819e-37	3.8042e-39	4.48991e-41	4.95115e-43	5.10629e-45	
9.99671e-08	7.82955e-09	5.35726e-10	3.22707e-11	1.72298e-12	8.20301e-14	3.50119e-15	1.34615e-16	4.68246e-18	1.47927e-19	4.25924e-21	1.12128e-22	2.70672e-24	6.00704e-26	1.22859e-27	2.32076e-29	4.05691e-31	6.57501e-33	9.89591e-35	1.38527e-36	1.80606e-38	2.19585e-40	2.49253e-42	2.64425e-44	2.62418e-46	
1.42469e-08	1.03689e-09	6.62372e-11	3.73991e-12	1.87809e-13	8.435e-15	3.40509e-16	1.24105e-17	4.10039e-19	1.23258e-20	3.38217e-22	8.4971e-24	1.95987e-25	4.16048e-27	8.14718e-29	1.47475e-30	2.47231e-32	3.84511e-34	5.5568e-36	7.4727e-38	9.36351e-40	1.09453e-41	1.19486e-43	1.21935e-45	1.16426e-47	
1.72597e-09	1.17148e-10	7.00771e-12	3.71834e-13	1.76016e-14	7.47179e-16	2.85751e-17	9.88695e-19	3.10666e-20	8.89559e-22	2.32842e-23	5.58712e-25	1.23219e-26	2.50357e-28	4.69641e-30	8.14995e-32	1.31072e-33	1.95679e-35	2.71588e-37	3.50917e-39	4.22636e-41	4.74995e-43	4.98673e-45	4.89495e-47	4.49617e-49	
1.79145e-10	1.13781e-11	6.39214e-13	3.19531e-14	1.42887e-15	5.74353e-17	2.08432e-18	6.85585e-20	2.05127e-21	5.60095e-23	1.39978e-24	3.21064e-26	6.77518e-28	1.31834e-29	2.37027e-31	3.94503e-33	6.08876e-35	8.72796e-37	1.16365e-38	1.44484e-40	1.67272e-42	1.80755e-44	1.82492e-46	1.72289e-48	1.52218e-50	
1.60536e-11	9.57133e-13	5.06356e-14	2.39017e-15	1.01172e-16	3.85766e-18	1.33045e-19	4.1658e-21	1.18823e-22	3.09698e-24	7.39669e-26	1.62296e-27	3.2792e-29	6.11431e-31	1.05413e-32	1.6834e-34	2.49422e-36	3.43385e-38	4.39863e-40	5.24903e-42	5.84186e-44	6.06975e-46	5.89294e-48	5.35038e-50	4.54609e-52	
1.25117e-12	7.02259e-14	3.50723e-15	1.56666e-16	6.28888e-18	2.27834e-19	7.47823e-21	2.23176e-22	6.07522e-24	1.51293e-25	3.45603e-27	7.25945e-29	1.40529e-30	2.51218e-32	4.155e-34	6.3689e-36	9.06169e-38	1.19845e-39	1.47522e-41	1.6921e-43	1.81046e-45	1.80866e-47	1.68849e-49	1.47413e-51	1.20437e-53	
8.53916e-14	4.52375e-15	2.13758e-16	9.05357e-18	3.45244e-19	1.19016e-20	3.72274e-22	1.06013e-23	2.75692e-25	6.56568e-27	1.4356e-28	2.88871e-30	5.36063e-32	9.19218e-34	1.4591e-35	2.14747e-37	2.93483e-39	3.72944e-41	4.41204e-43	4.86464e-45	5.00394e-47	4.80628e-49	4.31406e-51	3.62113e-53	2.84411e-55	
5.13594e-15	2.57403e-16	1.15312e-17	4.63904e-19	1.68312e-20	5.52866e-22	1.64996e-23	4.48818e-25	1.11606e-26	2.54385e-28	5.32775e-30	1.02759e-31	1.82896e-33	3.00962e-35	4.58652e-37	6.48328e-39	8.51257e-41	1.03954e-42	1.18205e-44	1.25287e-46	1.23896e-48	1.14406e-50	9.87203e-53	7.96533e-55	6.01284e-57	
