0.901982	0.928957	0.905493	0.853776	0.776146	0.672539	0.54391	0.411104	0.280079	0.168889	0.0832987	0.0284432	-0.0102107	-0.0411232	-0.056491	-0.0530776	-0.0409461	-0.0340067	-0.0339214	-0.0425621	-0.0463927	-0.0507526	-0.0613052	-0.0762624	-0.0872331	
0.959913	0.993997	0.98775	0.956217	0.901566	0.812396	0.686821	0.547391	0.405936	0.277718	0.1727	0.096054	0.0433959	0.00101231	-0.0232558	-0.0340667	-0.0306017	-0.0184136	-0.0107069	-0.0103825	-0.0103634	-0.00477766	-0.00334861	-0.00568555	-0.00984158	
1.00034	1.04778	1.06844	1.06117	1.03216	0.958191	0.8427	0.700836	0.54843	0.408515	0.289559	0.198499	0.12479	0.0692327	0.0337481	0.014709	0.015649	0.0265877	0.0366045	0.0463484	0.0603222	0.071995	0.0760411	0.0784653	0.0727319	
1.01402	1.08176	1.13104	1.1562	1.15123	1.09259	0.986638	0.84937	0.693769	0.543318	0.420583	0.32693	0.236173	0.168983	0.129645	0.112446	0.113745	0.127081	0.131205	0.131438	0.143023	0.157114	0.169435	0.171472	0.159438	
0.997322	1.08124	1.15447	1.20811	1.22593	1.19285	1.10288	0.974346	0.82571	0.678856	0.54707	0.445034	0.3564	0.292195	0.258472	0.246208	0.249963	0.25535	0.249348	0.238088	0.237914	0.244306	0.256463	0.262033	0.244951	
0.951585	1.04549	1.13022	1.20401	1.24514	1.23784	1.17484	1.06225	0.92618	0.789551	0.66419	0.558136	0.471756	0.41535	0.395163	0.391374	0.390449	0.382485	0.367588	0.353163	0.344887	0.340688	0.342717	0.340239	0.315543	
0.874491	0.973799	1.06876	1.15648	1.21505	1.22855	1.19014	1.0979	0.983927	0.869291	0.76428	0.664846	0.581865	0.532164	0.51826	0.518577	0.511217	0.497546	0.480576	0.467275	0.457296	0.444224	0.429424	0.40491	0.368645	
0.771254	0.874807	0.977716	1.07369	1.14333	1.17804	1.16459	1.10201	1.01532	0.922118	0.836354	0.751819	0.680696	0.62951	0.613211	0.609897	0.59474	0.575981	0.56929	0.566559	0.552125	0.527978	0.49606	0.456165	0.405311	
0.64187	0.754279	0.872402	0.976715	1.0577	1.10485	1.11141	1.07978	1.0225	0.953444	0.883401	0.806198	0.737773	0.685584	0.661109	0.649405	0.628645	0.61018	0.609619	0.615456	0.603398	0.571004	0.526574	0.475017	0.41908	
0.504418	0.632315	0.76364	0.875673	0.963343	1.0182	1.04367	1.03503	0.998545	0.942296	0.880979	0.808407	0.736874	0.683274	0.648552	0.622291	0.595299	0.584115	0.594716	0.607243	0.597205	0.56024	0.511055	0.456166	0.398985	
0.381055	0.519536	0.662224	0.778766	0.867545	0.926202	0.956192	0.961887	0.938263	0.888864	0.82742	0.76043	0.684183	0.619019	0.567469	0.523902	0.487201	0.474292	0.495652	0.519215	0.518042	0.484347	0.441121	0.390607	0.333145	
0.269284	0.416911	0.565183	0.691293	0.777256	0.827853	0.851464	0.853724	0.830695	0.786737	0.731413	0.661361	0.578138	0.502455	0.428448	0.360121	0.312652	0.298976	0.322179	0.35446	0.369519	0.349153	0.318347	0.27917	0.226995	
0.175246	0.327905	0.474566	0.599718	0.683161	0.721832	0.729486	0.718414	0.691708	0.650381	0.598002	0.527317	0.437522	0.344732	0.246964	0.154472	0.0920633	0.0734775	0.0926051	0.126493	0.148812	0.145432	0.140608	0.125517	0.0948733	
0.0998789	0.249692	0.388508	0.504239	0.576318	0.600676	0.593893	0.573685	0.543258	0.503123	0.447389	0.366249	0.263831	0.155615	0.0444025	-0.0632442	-0.139398	-0.17287	-0.166634	-0.140981	-0.117019	-0.100482	-0.073139	-0.0506398	-0.0447109	
0.0489812	0.18288	0.307891	0.405757	0.459679	0.468056	0.452566	0.427761	0.397617	0.35367	0.284679	0.183557	0.072334	-0.0399289	-0.157427	-0.269471	-0.356601	-0.40812	-0.425173	-0.410627	-0.384272	-0.348831	-0.288521	-0.221113	-0.165169	
0.0283329	0.130345	0.225895	0.29884	0.340458	0.340545	0.319093	0.293171	0.258107	0.20522	0.119967	0.00455269	-0.112059	-0.222472	-0.331204	-0.443601	-0.54099	-0.609072	-0.644916	-0.644864	-0.618368	-0.558172	-0.464118	-0.35615	-0.251607	
0.0145813	0.0822356	0.145611	0.191743	0.222459	0.219517	0.19515	0.166021	0.126701	0.065907	-0.0291998	-0.148263	-0.264631	-0.366208	-0.46028	-0.558353	-0.659437	-0.742189	-0.793445	-0.800856	-0.770245	-0.695785	-0.576191	-0.433841	-0.28248	
-0.0198792	0.0236093	0.0611025	0.085906	0.103099	0.101465	0.0800425	0.0448337	0.00111645	-0.0621031	-0.151467	-0.256758	-0.357962	-0.444435	-0.52491	-0.609206	-0.696468	-0.77695	-0.83287	-0.850364	-0.821535	-0.740976	-0.611507	-0.443029	-0.258923	
-0.0861865	-0.0510851	-0.0232071	-0.0120343	-0.00781786	-0.0140167	-0.035816	-0.0629862	-0.0995757	-0.156282	-0.228377	-0.309815	-0.391732	-0.460688	-0.516513	-0.575961	-0.648729	-0.7179	-0.771917	-0.793251	-0.768967	-0.693753	-0.565947	-0.393804	-0.188176	
-0.182455	-0.15314	-0.128177	-0.115122	-0.11687	-0.124874	-0.13957	-0.156621	-0.174819	-0.210928	-0.257515	-0.311762	-0.368219	-0.410441	-0.436535	-0.464587	-0.510994	-0.5689	-0.619048	-0.641631	-0.621594	-0.559352	-0.445608	-0.282169	-0.0811122	
-0.297823	-0.27543	-0.252549	-0.231891	-0.223818	-0.222708	-0.229352	-0.238081	-0.236185	-0.243509	-0.248767	-0.263132	-0.285449	-0.299318	-0.295267	-0.289829	-0.306832	-0.349044	-0.395792	-0.419575	-0.404406	-0.354674	-0.264453	-0.129272	0.0418239	
-0.417139	-0.393593	-0.363777	-0.327295	-0.302626	-0.288291	-0.284616	-0.279586	-0.264111	-0.240924	-0.201804	-0.172144	-0.157472	-0.144738	-0.117122	-0.0879399	-0.0823963	-0.105387	-0.139764	-0.156204	-0.145074	-0.113269	-0.0527304	0.0389815	0.16504	
-0.511003	-0.469361	-0.416149	-0.360346	-0.320078	-0.296926	-0.280717	-0.263657	-0.233986	-0.188699	-0.121696	-0.0602301	-0.0133991	0.0247514	0.0675103	0.112744	0.134969	0.127232	0.110261	0.109083	0.117272	0.127336	0.154409	0.200965	0.273429	
-0.540806	-0.474612	-0.393483	-0.316513	-0.261501	-0.230588	-0.202868	-0.16998	-0.129377	-0.0733753	-0.00123571	0.069432	0.132802	0.190303	0.248349	0.302696	0.337609	0.337863	0.33062	0.336918	0.344783	0.342817	0.335311	0.332627	0.345601	
-0.487016	-0.39741	-0.28942	-0.19396	-0.124176	-0.0843088	-0.0502348	-0.0068657	0.0341051	0.0874362	0.150946	0.212778	0.275228	0.341396	0.407537	0.470345	0.505735	0.513612	0.515571	0.527753	0.527732	0.505339	0.471402	0.423107	0.377081	
-0.360695	-0.244157	-0.117012	-0.00580373	0.0793754	0.13085	0.170205	0.20655	0.235169	0.272725	0.314183	0.360133	0.411146	0.467563	0.522152	0.574919	0.616087	0.634277	0.648446	0.661462	0.650135	0.607967	0.543748	0.458303	0.361009	
-0.193265	-0.054474	0.0889163	0.212541	0.31156	0.374552	0.414025	0.439997	0.450096	0.457605	0.467718	0.485052	0.513666	0.553625	0.594714	0.634419	0.669629	0.697713	0.723663	0.737788	0.715766	0.653775	0.561961	0.444787	0.308908	
-0.0273157	0.11925	0.274419	0.413794	0.522664	0.59487	0.632761	0.64637	0.635469	0.610417	0.584957	0.570541	0.577983	0.605682	0.63768	0.668664	0.698589	0.735277	0.769191	0.779835	0.743739	0.661721	0.552309	0.412544	0.243537	
0.101374	0.252264	0.415224	0.568172	0.689416	0.765597	0.794504	0.7886	0.764365	0.717917	0.668243	0.628222	0.613501	0.62479	0.648805	0.67383	0.706762	0.751727	0.789644	0.79446	0.747788	0.652852	0.526174	0.371799	0.183083	
0.178494	0.329863	0.498091	0.664103	0.792602	0.868762	0.886784	0.865744	0.831678	0.77569	0.718319	0.665382	0.632641	0.62366	0.635153	0.654783	0.691652	0.748518	0.793901	0.795566	0.739072	0.634163	0.500616	0.341713	0.145528	
0.19209	0.341633	0.512845	0.680871	0.810522	0.88744	0.902149	0.877754	0.84088	0.784019	0.726697	0.670392	0.633759	0.622571	0.630458	0.650052	0.685673	0.747338	0.79602	0.797489	0.737946	0.628803	0.49627	0.337611	0.139977	
0.139471	0.290972	0.455427	0.614833	0.739818	0.816269	0.840699	0.827654	0.798797	0.747539	0.692906	0.646821	0.624093	0.625763	0.644366	0.666267	0.70268	0.75194	0.791885	0.794259	0.743736	0.645203	0.514108	0.356895	0.164411	
0.0289834	0.178122	0.336965	0.481797	0.596179	0.670416	0.704838	0.710295	0.694082	0.658964	0.622254	0.595888	0.594253	0.61602	0.646343	0.67546	0.705191	0.744605	0.780655	0.789277	0.748143	0.66029	0.543528	0.39671	0.217377	
-0.123672	0.0188882	0.167516	0.297858	0.399784	0.466977	0.506956	0.529296	0.53	0.524019	0.518715	0.52323	0.544192	0.57979	0.615649	0.649917	0.682669	0.71498	0.745175	0.758119	0.730472	0.659724	0.560523	0.433365	0.283131	
-0.296468	-0.169257	-0.0352319	0.0803709	0.1723	0.2287	0.267645	0.299508	0.321602	0.348921	0.379122	0.414454	0.456609	0.505902	0.555107	0.602967	0.642694	0.664606	0.683335	0.696928	0.682084	0.632341	0.55598	0.456685	0.343047	
-0.443736	-0.343264	-0.227866	-0.125102	-0.0494677	-0.00542013	0.0321943	0.0739823	0.111415	0.159555	0.215191	0.272405	0.332397	0.396165	0.459316	0.519555	0.558103	0.570209	0.577024	0.589396	0.583673	0.553548	0.508494	0.44479	0.375991	
-0.528958	-0.454406	-0.36103	-0.27686	-0.215727	-0.18112	-0.151259	-0.112325	-0.0706742	-0.0130329	0.0574734	0.125222	0.189208	0.253133	0.31611	0.375222	0.409982	0.413522	0.409521	0.41845	0.424763	0.414859	0.396289	0.374353	0.363697	
-0.532743	-0.480466	-0.416876	-0.352229	-0.305923	-0.280311	-0.258922	-0.235449	-0.199919	-0.149708	-0.0786274	-0.00997683	0.0463011	0.0920735	0.140724	0.189719	0.218613	0.214252	0.201517	0.204423	0.212831	0.218388	0.230873	0.257589	0.30677	
-0.460144	-0.431439	-0.392916	-0.34953	-0.318717	-0.300175	-0.291001	-0.281423	-0.260574	-0.227419	-0.174436	-0.130387	-0.101763	-0.0771488	-0.042702	-0.00589917	0.00552534	-0.0100144	-0.0364558	-0.0465881	-0.0376097	-0.0153535	0.0326278	0.106757	0.211661	
-0.346084	-0.325034	-0.301501	-0.275241	-0.260627	-0.254128	-0.257302	-0.260015	-0.252604	-0.247539	-0.233799	-0.22957	-0.23727	-0.241033	-0.227016	-0.210723	-0.216876	-0.251634	-0.295633	-0.318411	-0.304306	-0.260432	-0.181906	-0.0630987	0.0920704	
-0.227888	-0.200989	-0.176611	-0.1617	-0.160787	-0.165996	-0.177932	-0.192647	-0.202426	-0.227315	-0.258323	-0.298536	-0.342406	-0.373502	-0.386733	-0.400192	-0.434791	-0.48707	-0.535768	-0.558847	-0.541141	-0.484133	-0.378735	-0.224217	-0.0327665	
-0.121006	-0.0882917	-0.0621942	-0.0506662	-0.051088	-0.0595026	-0.0786288	-0.101247	-0.130974	-0.181346	-0.2449	-0.316293	-0.388983	-0.447561	-0.492288	-0.540468	-0.604662	-0.669672	-0.721339	-0.743014	-0.720581	-0.650422	-0.527116	-0.356354	-0.148611	
-0.0430309	-0.00390103	0.0285003	0.0456772	0.0579175	0.0556577	0.0330624	-2.27044e-05	-0.0438377	-0.105145	-0.188364	-0.28444	-0.378464	-0.459076	-0.530482	-0.606031	-0.687392	-0.763683	-0.819713	-0.840009	-0.812213	-0.732269	-0.602357	-0.430402	-0.235731	
0.00441586	0.0608672	0.112029	0.149282	0.17385	0.171106	0.14879	0.116633	0.0757259	0.0125573	-0.0827831	-0.198553	-0.309403	-0.405287	-0.494305	-0.587474	-0.684329	-0.768464	-0.822403	-0.833264	-0.803411	-0.725797	-0.60005	-0.444833	-0.279152	
0.0243098	0.111355	0.193471	0.25572	0.293105	0.29237	0.268874	0.241964	0.203939	0.148479	0.0583938	-0.0600975	-0.179151	-0.286912	-0.389548	-0.497136	-0.598105	-0.673154	-0.71577	-0.719322	-0.690598	-0.623586	-0.517836	-0.395769	-0.271233	
0.0375361	0.160704	0.275181	0.363383	0.412067	0.415832	0.397402	0.372058	0.341475	0.294024	0.217492	0.10951	-0.0034005	-0.115398	-0.230968	-0.34485	-0.43572	-0.49349	-0.519194	-0.510499	-0.484632	-0.439164	-0.364977	-0.280411	-0.205026	
0.0764798	0.221105	0.355843	0.465879	0.53051	0.547576	0.537198	0.51469	0.484032	0.443647	0.383861	0.294173	0.187362	0.0768849	-0.0374635	-0.147666	-0.228863	-0.269837	-0.272396	-0.250281	-0.225595	-0.202132	-0.161151	-0.120775	-0.0964437	
0.142441	0.295213	0.439184	0.561868	0.642141	0.675568	0.676508	0.661105	0.633445	0.592047	0.539026	0.466308	0.37223	0.272302	0.166661	0.0670285	-0.00127971	-0.0244588	-0.0094932	0.0215291	0.0453049	0.0500424	0.0579196	0.0555374	0.0381408	
0.228369	0.379778	0.528758	0.655384	0.741237	0.786422	0.804942	0.801763	0.776943	0.734761	0.681648	0.611187	0.525136	0.443499	0.360135	0.281491	0.228217	0.213901	0.236167	0.270309	0.289111	0.275394	0.253527	0.222472	0.176462	
0.335353	0.477032	0.622291	0.742724	0.831301	0.887502	0.916199	0.922623	0.900797	0.854106	0.79465	0.726369	0.647723	0.578434	0.518	0.465691	0.424836	0.411043	0.433855	0.461596	0.467039	0.437731	0.398248	0.351573	0.294905	
