0.386599	0.385691	0.366284	0.330276	0.276292	0.204562	0.11701	0.0137145	-0.11357	-0.255386	-0.389159	-0.506472	-0.608197	-0.680294	-0.709095	-0.690581	-0.641177	-0.584345	-0.535574	-0.50568	-0.472589	-0.427996	-0.364833	-0.281087	-0.176637	
0.4613	0.463946	0.45076	0.419118	0.369773	0.301151	0.213432	0.113528	0.000617076	-0.121603	-0.240898	-0.356257	-0.463569	-0.537858	-0.572026	-0.570224	-0.54426	-0.509706	-0.489139	-0.493788	-0.507734	-0.516622	-0.504049	-0.458008	-0.384709	
0.480159	0.495631	0.505786	0.493364	0.4544	0.390513	0.308331	0.214768	0.112792	0.0061587	-0.0930924	-0.201438	-0.312272	-0.39583	-0.437717	-0.45162	-0.449413	-0.438778	-0.442963	-0.481241	-0.537541	-0.594428	-0.626998	-0.621562	-0.580219	
0.470587	0.500177	0.535086	0.551617	0.534159	0.476479	0.395051	0.308619	0.214444	0.114614	0.0247893	-0.074562	-0.18245	-0.26925	-0.316985	-0.341386	-0.350387	-0.358918	-0.393317	-0.462071	-0.555347	-0.649996	-0.718674	-0.748809	-0.738318	
0.442366	0.484388	0.535486	0.576737	0.588839	0.553702	0.479752	0.394356	0.305438	0.210438	0.112731	0.0113864	-0.0911783	-0.174131	-0.224546	-0.253172	-0.265738	-0.287775	-0.349405	-0.443264	-0.561494	-0.677614	-0.773583	-0.827705	-0.836777	
0.38658	0.443253	0.507436	0.565941	0.603004	0.596832	0.545649	0.466121	0.379694	0.28964	0.184442	0.0718007	-0.0324474	-0.113911	-0.167424	-0.20472	-0.224786	-0.255044	-0.328892	-0.432151	-0.550351	-0.674263	-0.782807	-0.845763	-0.860395	
0.307492	0.373905	0.450514	0.524153	0.573868	0.59048	0.569017	0.510703	0.433633	0.350105	0.245405	0.12447	0.0106039	-0.0749208	-0.135829	-0.186122	-0.21828	-0.259331	-0.330612	-0.421255	-0.527812	-0.638561	-0.737608	-0.792	-0.790301	
0.205746	0.276873	0.362495	0.451248	0.516028	0.548538	0.552953	0.5233	0.468231	0.391675	0.28707	0.15922	0.0310256	-0.0714138	-0.140303	-0.197685	-0.242204	-0.28364	-0.338627	-0.407088	-0.487429	-0.574524	-0.646563	-0.671243	-0.649704	
0.0865892	0.172389	0.26925	0.369254	0.446239	0.493312	0.512912	0.509046	0.482404	0.417546	0.31465	0.179451	0.0363538	-0.0837461	-0.164738	-0.225214	-0.274779	-0.315045	-0.348414	-0.388494	-0.435231	-0.480956	-0.504784	-0.491399	-0.445623	
-0.0281718	0.0727287	0.18691	0.294072	0.380299	0.441259	0.475243	0.485781	0.478363	0.423181	0.322584	0.182839	0.0366409	-0.0936439	-0.182895	-0.247138	-0.29863	-0.333374	-0.346536	-0.353641	-0.358303	-0.352137	-0.322091	-0.274316	-0.211291	
-0.117961	-0.00160304	0.125696	0.239274	0.329346	0.401429	0.446946	0.469285	0.469194	0.416661	0.31481	0.175671	0.0290502	-0.0988968	-0.190554	-0.256379	-0.303372	-0.325648	-0.319499	-0.294074	-0.257343	-0.204294	-0.134643	-0.0620636	0.00935856	
-0.176913	-0.0522865	0.0820581	0.203997	0.301966	0.379881	0.429808	0.453963	0.445533	0.389258	0.289844	0.15951	0.0236161	-0.0947211	-0.18526	-0.251335	-0.294258	-0.305138	-0.28014	-0.225323	-0.152043	-0.0639539	0.0283301	0.113318	0.186926	
-0.207738	-0.0720859	0.0597962	0.182083	0.282574	0.356799	0.406662	0.431341	0.417236	0.359672	0.263501	0.144027	0.0172695	-0.0962832	-0.18045	-0.239741	-0.272663	-0.271104	-0.230937	-0.154019	-0.0565851	0.0498992	0.152572	0.241003	0.311677	
-0.210151	-0.0633355	0.0621385	0.176289	0.272466	0.336939	0.380477	0.403428	0.387627	0.329043	0.234829	0.121032	-0.00334103	-0.111764	-0.187563	-0.230537	-0.243558	-0.231217	-0.179149	-0.0892341	0.0174272	0.127969	0.229914	0.313633	0.369765	
-0.188595	-0.0417501	0.074254	0.174107	0.258999	0.313812	0.345488	0.358866	0.339943	0.284417	0.193646	0.0841914	-0.0314596	-0.132704	-0.199519	-0.223652	-0.225139	-0.205155	-0.148021	-0.0553135	0.0541869	0.164582	0.261902	0.336868	0.368009	
-0.143351	-0.0112418	0.0897727	0.168459	0.234087	0.275988	0.292407	0.290048	0.266732	0.217909	0.141366	0.0422151	-0.059264	-0.150383	-0.210034	-0.229984	-0.226576	-0.203137	-0.142619	-0.0508251	0.0585774	0.162868	0.253168	0.306424	0.307909	
-0.0732455	0.0308047	0.110149	0.163791	0.20694	0.224505	0.222947	0.203087	0.171005	0.134515	0.080859	0.00206381	-0.0798646	-0.158769	-0.218128	-0.24466	-0.248005	-0.221151	-0.15821	-0.0666879	0.034985	0.131483	0.202471	0.223484	0.192431	
0.00378418	0.0752896	0.123376	0.15059	0.165416	0.160451	0.135397	0.105676	0.0748283	0.0539745	0.0307391	-0.0148989	-0.077341	-0.144359	-0.206669	-0.249853	-0.268625	-0.244818	-0.182942	-0.0971872	-0.00348398	0.0806064	0.127458	0.115893	0.0526149	
0.0945723	0.133679	0.144173	0.134948	0.117922	0.0874545	0.0474629	0.0203362	0.00088479	0.00237989	0.00915772	-0.000921104	-0.0394443	-0.0969549	-0.159527	-0.218319	-0.256109	-0.244693	-0.194235	-0.119855	-0.0408793	0.0249273	0.0445291	0.00164781	-0.0892283	
0.188081	0.202783	0.176771	0.129401	0.0808438	0.0239234	-0.0220398	-0.0393893	-0.0372336	-0.0117474	0.0225872	0.0460322	0.0329448	-0.0137018	-0.073505	-0.141806	-0.194015	-0.203831	-0.172085	-0.115515	-0.0595031	-0.0197761	-0.0310433	-0.10131	-0.212803	
0.270397	0.265364	0.213197	0.137016	0.0664905	-0.00847444	-0.0581928	-0.0678359	-0.0481571	-0.00560471	0.0541572	0.109227	0.127838	0.105439	0.0527576	-0.0163234	-0.0817801	-0.120431	-0.117434	-0.0893178	-0.0621562	-0.0551501	-0.0944397	-0.179064	-0.30086	
0.315091	0.303114	0.248652	0.166616	0.0818294	-0.000178063	-0.0537879	-0.0611384	-0.0343616	0.0248017	0.105131	0.186361	0.240603	0.246763	0.20819	0.147008	0.0725738	0.0124238	-0.0191825	-0.0274359	-0.0396126	-0.0764585	-0.142291	-0.23702	-0.355991	
0.314823	0.308949	0.272528	0.20769	0.1255	0.0494714	-0.000303558	-0.00990431	0.0189408	0.0870984	0.181397	0.282465	0.369426	0.404451	0.389981	0.336785	0.260966	0.184062	0.117527	0.0639347	0.0055219	-0.0791483	-0.169889	-0.2706	-0.376189	
0.284551	0.288917	0.274156	0.232364	0.173047	0.111619	0.0778878	0.0753114	0.106952	0.181072	0.283594	0.396858	0.503847	0.568688	0.5736	0.529141	0.455873	0.365244	0.26882	0.17388	0.0643379	-0.0542982	-0.169889	-0.274989	-0.363509	
0.245611	0.263078	0.264357	0.242552	0.20443	0.171175	0.154781	0.164681	0.209825	0.28754	0.396519	0.519952	0.637308	0.722138	0.740801	0.701861	0.628742	0.530242	0.415627	0.283823	0.138156	-0.00605603	-0.143945	-0.254001	-0.333516	
0.198902	0.231103	0.245767	0.24244	0.226819	0.220609	0.225811	0.251929	0.306678	0.393124	0.502744	0.632496	0.757484	0.847968	0.874948	0.83971	0.763497	0.665488	0.537833	0.38275	0.214482	0.0496674	-0.101845	-0.220334	-0.296575	
0.133078	0.183704	0.21464	0.234151	0.245074	0.267176	0.296538	0.336908	0.402264	0.492532	0.601605	0.732885	0.859983	0.946565	0.976421	0.942381	0.867909	0.770141	0.63645	0.46669	0.284949	0.104188	-0.0538885	-0.176223	-0.247933	
0.0647679	0.135633	0.184575	0.221074	0.259691	0.306025	0.359111	0.414895	0.490816	0.579942	0.691294	0.819167	0.939885	1.02463	1.0494	1.01882	0.95256	0.850312	0.712022	0.533075	0.336896	0.146992	-0.0133814	-0.128342	-0.19002	
0.0208468	0.100599	0.159886	0.208034	0.259753	0.325069	0.397803	0.468828	0.551507	0.642811	0.754968	0.877857	0.991753	1.07337	1.0934	1.0691	1.0104	0.904954	0.75899	0.572385	0.364035	0.166479	0.0090292	-0.0910766	-0.140076	
0.0100898	0.0858731	0.143872	0.198729	0.247936	0.324031	0.410152	0.49113	0.577891	0.676022	0.785492	0.906232	1.01983	1.09449	1.11653	1.0971	1.03991	0.93428	0.779188	0.584569	0.371305	0.167002	0.0155731	-0.0695481	-0.108866	
0.0103354	0.0837224	0.140492	0.195684	0.245385	0.320945	0.410487	0.4945	0.579876	0.681063	0.789025	0.909842	1.02325	1.09724	1.11987	1.10135	1.0443	0.93955	0.780663	0.586507	0.371352	0.165705	0.0164924	-0.0663593	-0.10392	
0.013318	0.0926212	0.152426	0.204304	0.254833	0.326808	0.405488	0.480286	0.566641	0.659824	0.770948	0.893432	1.00632	1.08468	1.10529	1.08321	1.02561	0.91971	0.770156	0.57948	0.368635	0.168072	0.0128389	-0.0800875	-0.124499	
0.043087	0.119304	0.173997	0.215678	0.262128	0.316164	0.378069	0.440816	0.519407	0.608532	0.720657	0.845769	0.963328	1.04733	1.06913	1.04178	0.97891	0.875442	0.734428	0.552503	0.350875	0.157466	-0.00227076	-0.111941	-0.168903	
0.104429	0.163355	0.202039	0.22921	0.25161	0.28437	0.323218	0.369709	0.439848	0.529433	0.639804	0.770146	0.895726	0.981309	1.00961	0.976434	0.904706	0.805023	0.669915	0.495428	0.308624	0.123699	-0.0356012	-0.156149	-0.224211	
0.174383	0.21377	0.234757	0.239689	0.234336	0.239396	0.254128	0.286068	0.345016	0.433503	0.542812	0.673789	0.80052	0.889902	0.919333	0.884072	0.808229	0.710581	0.5798	0.417817	0.243589	0.0719799	-0.0830278	-0.204029	-0.278814	
0.228988	0.25165	0.258531	0.243798	0.214581	0.191435	0.183792	0.200316	0.248917	0.330467	0.44016	0.566323	0.687042	0.77597	0.798419	0.761381	0.686982	0.5887	0.467771	0.325118	0.16886	0.0157853	-0.128664	-0.241895	-0.320199	
0.268886	0.278655	0.270985	0.238284	0.18654	0.136598	0.109545	0.110842	0.148322	0.223017	0.329045	0.446601	0.558646	0.632766	0.643808	0.602155	0.528908	0.434337	0.330127	0.217942	0.092863	-0.0369633	-0.161976	-0.268052	-0.352113	
0.305152	0.302749	0.276054	0.219764	0.145966	0.0738984	0.0298072	0.0222715	0.0507328	0.121313	0.21986	0.326192	0.422207	0.470052	0.463728	0.41411	0.339575	0.257209	0.177206	0.107136	0.0272632	-0.0731147	-0.173168	-0.276497	-0.374943	
0.31971	0.309697	0.260964	0.18356	0.0964367	0.0163098	-0.0378026	-0.0464245	-0.0175143	0.045707	0.132578	0.223428	0.291267	0.308409	0.279091	0.220829	0.145361	0.0778404	0.0325689	0.00616341	-0.0239845	-0.0801186	-0.156389	-0.25389	-0.367794	
0.294365	0.283353	0.227355	0.145651	0.0689252	-0.0115403	-0.0618822	-0.0694996	-0.0472762	0.00250717	0.0712191	0.137072	0.171104	0.159654	0.111468	0.0454615	-0.0251239	-0.0730965	-0.0839507	-0.0696526	-0.0563363	-0.0658222	-0.115843	-0.204006	-0.327232	
0.223165	0.230155	0.191694	0.131259	0.0719212	0.00676514	-0.0406556	-0.0546762	-0.0437963	-0.0110326	0.0337342	0.0706701	0.0690527	0.0301551	-0.0274581	-0.097412	-0.154604	-0.175761	-0.154063	-0.108298	-0.0624789	-0.0351621	-0.0580517	-0.135335	-0.252191	
0.132034	0.160843	0.15577	0.130661	0.10089	0.0598858	0.0167587	-0.00661239	-0.0184196	-0.00748916	0.0108197	0.0141568	-0.0144104	-0.0681744	-0.130107	-0.193944	-0.23725	-0.233412	-0.189517	-0.12109	-0.0506356	0.00550937	0.0134153	-0.0422453	-0.141762	
0.0390153	0.0963526	0.130074	0.144042	0.146416	0.131492	0.0988045	0.0687177	0.0409624	0.0289994	0.018013	-0.0126956	-0.0660275	-0.128949	-0.192339	-0.242386	-0.269076	-0.248743	-0.190488	-0.108587	-0.0202127	0.0577646	0.0941873	0.0700123	-0.00468883	
-0.04344	0.0481514	0.116117	0.159673	0.191812	0.200287	0.189536	0.164175	0.13117	0.10013	0.0578982	-0.00830877	-0.0828131	-0.157084	-0.217223	-0.249979	-0.258599	-0.231365	-0.167547	-0.0781399	0.0207383	0.112634	0.173701	0.18173	0.136964	
-0.117298	0.00495067	0.0987692	0.166675	0.224077	0.25639	0.267083	0.257375	0.229784	0.185936	0.118195	0.024822	-0.0685076	-0.155233	-0.213972	-0.235535	-0.233306	-0.208395	-0.146839	-0.0547481	0.0518838	0.153319	0.237843	0.278448	0.267298	
-0.174461	-0.030358	0.0794916	0.171722	0.249528	0.30103	0.326083	0.333938	0.313816	0.260696	0.173915	0.0678362	-0.0427135	-0.140581	-0.203888	-0.224363	-0.223059	-0.201531	-0.142817	-0.0508091	0.059629	0.168049	0.263754	0.331553	0.351705	
-0.203841	-0.0559126	0.0666258	0.176234	0.268335	0.328608	0.368016	0.388494	0.371718	0.313729	0.219887	0.10732	-0.0143744	-0.120573	-0.193239	-0.227041	-0.234307	-0.218162	-0.163385	-0.0714745	0.0368775	0.147256	0.247392	0.328815	0.375099	
-0.212153	-0.071043	0.0585232	0.178317	0.277843	0.347612	0.396437	0.421006	0.406218	0.348329	0.252426	0.137476	0.01097	-0.100725	-0.181334	-0.235556	-0.260608	-0.254497	-0.209678	-0.125632	-0.0238773	0.0859077	0.18933	0.276714	0.343624	
-0.192335	-0.0647114	0.0698223	0.193242	0.293328	0.371112	0.421966	0.445825	0.433856	0.376661	0.279207	0.152724	0.0221684	-0.0937836	-0.182254	-0.247146	-0.287085	-0.293456	-0.261495	-0.196755	-0.112075	-0.014271	0.0833197	0.170252	0.243975	
-0.144766	-0.0241767	0.106566	0.223547	0.316244	0.391592	0.439226	0.463635	0.462024	0.408743	0.306739	0.169767	0.0262264	-0.0979835	-0.189639	-0.25594	-0.301086	-0.318293	-0.304537	-0.267255	-0.214865	-0.146074	-0.0658345	0.0134697	0.0863853	
