0.412969	0.455108	0.493135	0.523975	0.538825	0.540676	0.531915	0.50667	0.471141	0.430224	0.384412	0.31998	0.235025	0.147309	0.0740312	0.0188169	-0.0315638	-0.0731949	-0.0953005	-0.0841119	-0.0519625	-0.0164013	0.0314818	0.09372	0.14837	
0.679663	0.763312	0.835188	0.891007	0.921689	0.926327	0.907009	0.859408	0.793975	0.713996	0.625094	0.515588	0.395386	0.283844	0.185989	0.111857	0.0516305	0.00580029	-0.025312	-0.0292079	-0.000920743	0.0413145	0.0885435	0.142977	0.191315	
0.917925	1.0424	1.1456	1.22459	1.26463	1.27029	1.24608	1.18047	1.08634	0.969226	0.839669	0.695657	0.552439	0.426365	0.314358	0.220881	0.152142	0.106518	0.0692513	0.055129	0.0776711	0.126179	0.178472	0.22644	0.263324	
1.10091	1.2526	1.37795	1.47083	1.51297	1.51821	1.49455	1.41919	1.30696	1.16252	1.00895	0.847958	0.693489	0.564683	0.44253	0.336698	0.257359	0.207525	0.172797	0.155064	0.178559	0.231453	0.29165	0.34045	0.368612	
1.20832	1.36681	1.50451	1.60033	1.64286	1.64839	1.62364	1.5488	1.42587	1.27261	1.11177	0.947786	0.796272	0.665961	0.545765	0.43658	0.352757	0.303268	0.275695	0.272326	0.302599	0.358152	0.420423	0.471324	0.496395	
1.23436	1.37708	1.50301	1.5908	1.63149	1.63674	1.61247	1.54368	1.43057	1.29274	1.14579	0.997674	0.856062	0.731202	0.616806	0.511567	0.432332	0.38467	0.369708	0.387778	0.431703	0.488646	0.547663	0.597179	0.623365	
1.1789	1.28531	1.37891	1.44841	1.4856	1.49146	1.46708	1.41037	1.32452	1.22283	1.10948	0.989071	0.868801	0.757577	0.656195	0.566419	0.499846	0.463854	0.463428	0.495684	0.549221	0.603096	0.653517	0.700193	0.727315	
1.05449	1.11029	1.15874	1.19895	1.22787	1.23364	1.21233	1.17616	1.13011	1.07874	1.01193	0.930426	0.840985	0.752647	0.673509	0.60519	0.55889	0.541569	0.554819	0.592225	0.638182	0.683372	0.72603	0.765117	0.791676	
0.875796	0.883312	0.887274	0.894522	0.908708	0.912328	0.899695	0.889858	0.883854	0.880729	0.862133	0.825322	0.774357	0.717965	0.669473	0.629468	0.605389	0.605153	0.629196	0.659	0.684551	0.713191	0.751362	0.791757	0.817495	
0.659834	0.633183	0.601176	0.581282	0.573806	0.573308	0.576986	0.591205	0.620578	0.649779	0.672705	0.682899	0.673625	0.65728	0.644787	0.638635	0.634676	0.644894	0.670376	0.688118	0.692172	0.702326	0.738295	0.78706	0.819428	
0.429299	0.375093	0.322143	0.27564	0.248217	0.24343	0.261519	0.302197	0.353959	0.407293	0.464733	0.520446	0.560195	0.586772	0.615124	0.641538	0.653464	0.662093	0.676928	0.680681	0.670283	0.670608	0.702199	0.756345	0.801185	
0.204696	0.127304	0.0556716	-0.00837352	-0.0509572	-0.0586034	-0.0294512	0.028295	0.098739	0.171802	0.260321	0.359422	0.447706	0.521325	0.589456	0.644046	0.665302	0.6655	0.661389	0.649257	0.633995	0.632669	0.6599	0.709289	0.759913	
0.0060196	-0.0910506	-0.178235	-0.248539	-0.294483	-0.302722	-0.27051	-0.20913	-0.12614	-0.0354011	0.0772881	0.208646	0.333381	0.448457	0.551016	0.626396	0.656559	0.652107	0.636775	0.615355	0.599844	0.602671	0.624435	0.661185	0.704664	
-0.148975	-0.265044	-0.357272	-0.429045	-0.467236	-0.472899	-0.448769	-0.388591	-0.30494	-0.198055	-0.0696484	0.073943	0.21942	0.354995	0.480047	0.568113	0.605617	0.608791	0.596993	0.579474	0.569523	0.577645	0.598632	0.627049	0.662714	
-0.265097	-0.38752	-0.483396	-0.54787	-0.57957	-0.583526	-0.564062	-0.513037	-0.42938	-0.316861	-0.183696	-0.0380389	0.105407	0.24569	0.374837	0.468046	0.519042	0.538485	0.545653	0.544543	0.546384	0.561709	0.586794	0.617781	0.65292	
-0.346227	-0.467254	-0.55844	-0.621468	-0.651297	-0.655029	-0.637477	-0.58676	-0.508226	-0.396814	-0.268017	-0.13073	0.0048488	0.131433	0.25086	0.343068	0.409482	0.455507	0.488284	0.51212	0.533242	0.561556	0.593236	0.628695	0.664511	
-0.402268	-0.507466	-0.585768	-0.645599	-0.676864	-0.681148	-0.662349	-0.611864	-0.542408	-0.445875	-0.335473	-0.215017	-0.0944479	0.0140682	0.115007	0.203454	0.287923	0.364609	0.42897	0.480161	0.527049	0.573436	0.613603	0.647006	0.67259	
-0.436816	-0.513593	-0.575095	-0.624605	-0.653798	-0.658111	-0.639776	-0.596378	-0.540037	-0.468256	-0.387255	-0.293669	-0.195055	-0.105145	-0.0231654	0.0587899	0.157628	0.261735	0.357306	0.440365	0.51378	0.582605	0.633284	0.659592	0.668152	
-0.451464	-0.499258	-0.540158	-0.574173	-0.592081	-0.59492	-0.583866	-0.554841	-0.51704	-0.470344	-0.422672	-0.364877	-0.293916	-0.225199	-0.157714	-0.0796152	0.0253641	0.149526	0.27301	0.387133	0.491279	0.580928	0.642383	0.666636	0.660728	
-0.455098	-0.474111	-0.49377	-0.504751	-0.505721	-0.505082	-0.505905	-0.499458	-0.482357	-0.462203	-0.446384	-0.425777	-0.38893	-0.339842	-0.28252	-0.203042	-0.0923531	0.0401003	0.181105	0.319577	0.446904	0.554508	0.62756	0.655942	0.653096	
-0.453953	-0.444153	-0.441254	-0.429217	-0.41402	-0.410984	-0.422232	-0.437793	-0.44296	-0.449393	-0.462823	-0.474663	-0.466585	-0.43567	-0.383121	-0.297279	-0.181634	-0.046815	0.0941309	0.236972	0.369758	0.483192	0.565149	0.605524	0.622134	
-0.448648	-0.412198	-0.387436	-0.359078	-0.335859	-0.332094	-0.34769	-0.376844	-0.401221	-0.433365	-0.472274	-0.505334	-0.514665	-0.494671	-0.447456	-0.361306	-0.248073	-0.122547	0.00473464	0.130674	0.253765	0.366145	0.461229	0.528839	0.578214	
-0.439778	-0.379112	-0.33418	-0.29655	-0.272232	-0.268419	-0.284378	-0.318785	-0.358511	-0.415274	-0.474598	-0.521358	-0.537339	-0.52184	-0.482758	-0.407297	-0.308999	-0.200589	-0.0930798	0.0140427	0.119213	0.228602	0.340298	0.438895	0.534751	
-0.425484	-0.349074	-0.290753	-0.245568	-0.220669	-0.21787	-0.232547	-0.271672	-0.322927	-0.394691	-0.466823	-0.517507	-0.534648	-0.522561	-0.493102	-0.439456	-0.369381	-0.287422	-0.201162	-0.112217	-0.0188143	0.0851498	0.208286	0.341689	0.481322	
-0.400229	-0.330295	-0.269901	-0.222209	-0.195091	-0.191041	-0.208392	-0.249434	-0.303857	-0.372893	-0.436377	-0.480397	-0.496684	-0.491306	-0.477918	-0.452096	-0.418359	-0.373216	-0.315285	-0.245111	-0.163426	-0.0625308	0.0688552	0.228216	0.412375	
-0.365309	-0.318543	-0.269539	-0.224366	-0.19551	-0.190812	-0.209964	-0.250711	-0.298616	-0.34791	-0.38755	-0.416551	-0.435106	-0.445274	-0.45245	-0.454755	-0.454147	-0.444151	-0.418966	-0.371473	-0.300902	-0.200737	-0.0605701	0.120222	0.33801	
-0.318543	-0.30146	-0.273688	-0.240879	-0.218322	-0.214279	-0.229663	-0.260098	-0.291632	-0.31283	-0.325526	-0.340291	-0.366151	-0.399095	-0.431603	-0.462706	-0.489997	-0.509833	-0.512964	-0.488073	-0.424372	-0.319433	-0.167087	0.0359507	0.273594	
-0.269539	-0.273688	-0.266086	-0.256629	-0.250279	-0.248515	-0.25364	-0.261856	-0.271953	-0.271965	-0.268052	-0.279532	-0.314811	-0.365562	-0.41964	-0.47328	-0.522536	-0.563179	-0.585558	-0.574739	-0.519647	-0.414082	-0.256221	-0.0437331	0.213624	
-0.224366	-0.240879	-0.256629	-0.277594	-0.29657	-0.3001	-0.286515	-0.264013	-0.247938	-0.229659	-0.220774	-0.232735	-0.273401	-0.333632	-0.399325	-0.475058	-0.54748	-0.607475	-0.641783	-0.637087	-0.583265	-0.482301	-0.329298	-0.110325	0.157768	
-0.19551	-0.218322	-0.250279	-0.29657	-0.33706	-0.344199	-0.315724	-0.26729	-0.230268	-0.202294	-0.192029	-0.207159	-0.249251	-0.309371	-0.380397	-0.469053	-0.559067	-0.633369	-0.672888	-0.66724	-0.613591	-0.517229	-0.372684	-0.156246	0.1235	
-0.190812	-0.214279	-0.248515	-0.3001	-0.344199	-0.352363	-0.320985	-0.267537	-0.227136	-0.197489	-0.187927	-0.203804	-0.245887	-0.305634	-0.376647	-0.467539	-0.560634	-0.637237	-0.677669	-0.671116	-0.6173	-0.522326	-0.379704	-0.164602	0.117513	
-0.209964	-0.229663	-0.25364	-0.286515	-0.315724	-0.320985	-0.300195	-0.265431	-0.239311	-0.215957	-0.206285	-0.219511	-0.260924	-0.321802	-0.390398	-0.472838	-0.553987	-0.621072	-0.658009	-0.653389	-0.59908	-0.500083	-0.351029	-0.132145	0.140177	
-0.250711	-0.260098	-0.261856	-0.264013	-0.26729	-0.267537	-0.265431	-0.262298	-0.261752	-0.254681	-0.247997	-0.259431	-0.297799	-0.352785	-0.412817	-0.475275	-0.533563	-0.582219	-0.610004	-0.60237	-0.548869	-0.444611	-0.287897	-0.072797	0.19012	
-0.298616	-0.291632	-0.271953	-0.247938	-0.230268	-0.227136	-0.239311	-0.261752	-0.285422	-0.29654	-0.301158	-0.313272	-0.342654	-0.384231	-0.426231	-0.467289	-0.504015	-0.532908	-0.544926	-0.527083	-0.466343	-0.360349	-0.204306	0.00455839	0.249364	
-0.34791	-0.31283	-0.271965	-0.229659	-0.202294	-0.197489	-0.215957	-0.254681	-0.29654	-0.335449	-0.363553	-0.386203	-0.407563	-0.426085	-0.443747	-0.457206	-0.468142	-0.470928	-0.457776	-0.4201	-0.352901	-0.250823	-0.105816	0.0842958	0.311344	
-0.38755	-0.325526	-0.268052	-0.220774	-0.192029	-0.187927	-0.206285	-0.247997	-0.301158	-0.363553	-0.418861	-0.457081	-0.473818	-0.473721	-0.467843	-0.453361	-0.433465	-0.402862	-0.358229	-0.296942	-0.219883	-0.119917	0.0148763	0.182819	0.381942	
-0.416551	-0.340291	-0.279532	-0.232735	-0.207159	-0.203804	-0.219511	-0.259431	-0.313272	-0.386203	-0.457081	-0.506642	-0.523279	-0.513237	-0.489669	-0.446522	-0.390945	-0.323024	-0.246985	-0.165537	-0.0763151	0.0260703	0.152539	0.297498	0.455225	
-0.435106	-0.366151	-0.314811	-0.273401	-0.249251	-0.245887	-0.260924	-0.297799	-0.342654	-0.407563	-0.473818	-0.523279	-0.540551	-0.525925	-0.490136	-0.422286	-0.333797	-0.23447	-0.135049	-0.0347978	0.0648086	0.171996	0.289175	0.401254	0.515558	
-0.445274	-0.399095	-0.365562	-0.333632	-0.309371	-0.305634	-0.321802	-0.352785	-0.384231	-0.426085	-0.473721	-0.513237	-0.525925	-0.508527	-0.464219	-0.381292	-0.272885	-0.153272	-0.033224	0.0846716	0.200995	0.312134	0.413921	0.493636	0.560532	
-0.45245	-0.431603	-0.41964	-0.399325	-0.380397	-0.376647	-0.390398	-0.412817	-0.426231	-0.443747	-0.467843	-0.489669	-0.490136	-0.464219	-0.4133	-0.326032	-0.20995	-0.0771376	0.059694	0.197366	0.327165	0.440567	0.527198	0.576809	0.60517	
-0.454755	-0.462706	-0.47328	-0.475058	-0.469053	-0.467539	-0.472838	-0.475275	-0.467289	-0.457206	-0.453361	-0.446522	-0.422286	-0.381292	-0.326032	-0.244614	-0.131786	0.00264415	0.145495	0.28847	0.420209	0.531739	0.609013	0.640596	0.643618	
-0.454147	-0.489997	-0.522536	-0.54748	-0.559067	-0.560634	-0.553987	-0.533563	-0.504015	-0.468142	-0.433465	-0.390945	-0.333797	-0.272885	-0.20995	-0.131786	-0.0242689	0.104106	0.23674	0.361885	0.476798	0.575196	0.641077	0.666393	0.659264	
-0.444151	-0.509833	-0.563179	-0.607475	-0.633369	-0.637237	-0.621072	-0.582219	-0.532908	-0.470928	-0.402862	-0.323024	-0.23447	-0.153272	-0.0771376	0.00264415	0.104106	0.217648	0.324431	0.42053	0.506193	0.583508	0.638649	0.662971	0.664308	
-0.418966	-0.512964	-0.585558	-0.641783	-0.672888	-0.677669	-0.658009	-0.610004	-0.544926	-0.457776	-0.358229	-0.246985	-0.135049	-0.033224	0.059694	0.145495	0.23674	0.324431	0.402066	0.465694	0.522695	0.578269	0.621986	0.652906	0.671976	
-0.371473	-0.488073	-0.574739	-0.637087	-0.66724	-0.671116	-0.653389	-0.60237	-0.527083	-0.4201	-0.296942	-0.165537	-0.0347978	0.0846716	0.197366	0.28847	0.361885	0.42053	0.465694	0.500132	0.530872	0.565704	0.600371	0.636466	0.669438	
-0.300902	-0.424372	-0.519647	-0.583265	-0.613591	-0.6173	-0.59908	-0.548869	-0.466343	-0.352901	-0.219883	-0.0763151	0.0648086	0.200995	0.327165	0.420209	0.476798	0.506193	0.522695	0.530872	0.539534	0.559135	0.587321	0.620562	0.656321	
-0.200737	-0.319433	-0.414082	-0.482301	-0.517229	-0.522326	-0.500083	-0.444611	-0.360349	-0.250823	-0.119917	0.0260703	0.171996	0.312134	0.440567	0.531739	0.575196	0.583508	0.578269	0.565704	0.559135	0.570206	0.591585	0.62038	0.654978	
-0.0605701	-0.167087	-0.256221	-0.329298	-0.372684	-0.379704	-0.351029	-0.287897	-0.204306	-0.105816	0.0148763	0.152539	0.289175	0.413921	0.527198	0.609013	0.641077	0.638649	0.621986	0.600371	0.587321	0.591585	0.612696	0.644671	0.684538	
0.120222	0.0359507	-0.0437331	-0.110325	-0.156246	-0.164602	-0.132145	-0.072797	0.00455839	0.0842958	0.182819	0.297498	0.401254	0.493636	0.576809	0.640596	0.666393	0.662971	0.652906	0.636466	0.620562	0.62038	0.644671	0.689562	0.73841	
0.33801	0.273594	0.213624	0.157768	0.1235	0.117513	0.140177	0.19012	0.249364	0.311344	0.381942	0.455225	0.515558	0.560532	0.60517	0.643618	0.659264	0.664308	0.671976	0.669438	0.656321	0.654978	0.684538	0.73841	0.787609	
