0.217735	0.370762	0.522966	0.648116	0.723252	0.736364	0.685262	0.577665	0.433248	0.277904	0.132452	0.00392341	-0.108946	-0.203064	-0.276861	-0.328059	-0.353873	-0.345107	-0.311856	-0.264075	-0.210415	-0.157151	-0.103618	-0.0492698	0.00674051	
0.256053	0.458667	0.657871	0.815857	0.909413	0.924777	0.862213	0.727638	0.540231	0.336039	0.142552	-0.0290229	-0.180626	-0.308773	-0.409396	-0.472189	-0.49295	-0.460119	-0.396404	-0.324739	-0.245142	-0.167043	-0.0908538	-0.0138422	0.0614082	
0.279928	0.522791	0.76035	0.950508	1.06205	1.08218	1.00507	0.844846	0.619581	0.376208	0.142499	-0.0660286	-0.244616	-0.400433	-0.522055	-0.593577	-0.601056	-0.541382	-0.441791	-0.340807	-0.23511	-0.129672	-0.0389923	0.0491184	0.139125	
0.296451	0.567478	0.82841	1.03811	1.16614	1.18772	1.10087	0.920762	0.674939	0.403905	0.142138	-0.0981753	-0.307918	-0.482812	-0.614094	-0.673877	-0.658226	-0.5713	-0.439799	-0.304869	-0.172577	-0.0512035	0.055929	0.156055	0.257882	
0.303592	0.591607	0.862998	1.07832	1.21256	1.23787	1.14301	0.957678	0.703896	0.418769	0.135244	-0.132405	-0.364128	-0.545664	-0.666235	-0.710263	-0.666	-0.54949	-0.39195	-0.227996	-0.0666275	0.0787551	0.204422	0.318448	0.423807	
0.285875	0.57902	0.846931	1.06197	1.19625	1.22106	1.12689	0.940779	0.690664	0.404124	0.112009	-0.16462	-0.397975	-0.572141	-0.674999	-0.693709	-0.624211	-0.483004	-0.300969	-0.106555	0.0881558	0.261178	0.403743	0.530079	0.635044	
0.248837	0.529184	0.780679	0.984872	1.10957	1.13162	1.04531	0.87051	0.634082	0.362251	0.0792652	-0.183302	-0.402497	-0.562461	-0.6385	-0.625084	-0.52992	-0.361523	-0.146262	0.0780302	0.293839	0.480828	0.636628	0.770568	0.874258	
0.209415	0.462391	0.685308	0.864338	0.96769	0.98453	0.915694	0.763765	0.555646	0.31288	0.0537653	-0.188229	-0.381629	-0.511165	-0.557041	-0.510722	-0.387272	-0.192058	0.0485798	0.301418	0.531589	0.725296	0.889424	1.02103	1.11332	
0.165188	0.375257	0.565466	0.712282	0.79323	0.808151	0.752137	0.631297	0.455026	0.250704	0.0379151	-0.157798	-0.314222	-0.410308	-0.425199	-0.354065	-0.203587	0.00808855	0.263887	0.533525	0.773778	0.96492	1.12441	1.24867	1.32189	
0.131677	0.291902	0.440933	0.555072	0.623504	0.63669	0.587862	0.491745	0.354693	0.195215	0.0400425	-0.0964537	-0.208647	-0.272356	-0.263403	-0.177262	-0.017045	0.204737	0.467651	0.739096	0.982587	1.17262	1.31979	1.42575	1.47135	
0.119142	0.221745	0.327827	0.41272	0.458792	0.466238	0.436088	0.365666	0.264646	0.158932	0.0629016	-0.0214186	-0.091017	-0.126359	-0.100264	-0.00524488	0.155027	0.382103	0.648587	0.910347	1.14661	1.3324	1.46383	1.53996	1.55637	
0.115941	0.173147	0.231416	0.28337	0.312967	0.318114	0.297769	0.254736	0.195962	0.13844	0.0840669	0.0414536	0.0112505	-0.00503103	0.0291241	0.130642	0.297366	0.518691	0.779476	1.03058	1.24989	1.42494	1.5443	1.59832	1.57902	
0.102352	0.12791	0.159032	0.189317	0.207045	0.209626	0.197805	0.172475	0.139421	0.111215	0.0908291	0.0715151	0.060411	0.0674357	0.111358	0.20979	0.370314	0.581386	0.827619	1.06692	1.26813	1.43008	1.54404	1.58327	1.53799	
0.0678636	0.0877867	0.106686	0.1189	0.131748	0.133607	0.124977	0.111401	0.0963748	0.07491	0.0596712	0.0486468	0.0496374	0.0770092	0.128223	0.21838	0.362525	0.555382	0.779103	1.00179	1.19379	1.35235	1.46046	1.49189	1.436	
0.0179454	0.0387053	0.0510895	0.0570492	0.0670062	0.0698121	0.0605117	0.0531616	0.0461156	0.0263296	0.00540446	-0.0109829	-0.0149912	0.0097315	0.0614848	0.145049	0.271664	0.447311	0.656585	0.872202	1.05608	1.20978	1.31654	1.3419	1.27672	
-0.0404833	-0.0130613	-0.00250562	-0.000588337	0.0050606	0.00651679	0.00154848	-0.0022217	-0.00668148	-0.0275077	-0.0623722	-0.0928336	-0.114937	-0.110626	-0.0705273	0.00476201	0.117465	0.27986	0.485933	0.701868	0.886592	1.03533	1.13562	1.14596	1.06293	
-0.0954091	-0.0565933	-0.0369531	-0.0245452	-0.01973	-0.0212633	-0.0213695	-0.0313601	-0.0473769	-0.0766538	-0.128172	-0.184352	-0.231078	-0.252321	-0.239084	-0.178776	-0.076479	0.0773457	0.27564	0.493057	0.681836	0.826644	0.915974	0.911786	0.81465	
-0.149974	-0.0913692	-0.0482165	-0.0166283	-0.00205424	-0.000921007	-0.00885154	-0.0334956	-0.072841	-0.124329	-0.1933	-0.267512	-0.338434	-0.393468	-0.405444	-0.362098	-0.270919	-0.126759	0.0665475	0.278999	0.465156	0.603542	0.674825	0.65425	0.548581	
-0.194631	-0.110633	-0.0427499	0.00012777	0.0262038	0.0297751	0.013106	-0.0231526	-0.080427	-0.160184	-0.247822	-0.337856	-0.433506	-0.512907	-0.542638	-0.510686	-0.425426	-0.288355	-0.103564	0.0995001	0.279328	0.404604	0.454132	0.417641	0.300969	
-0.213078	-0.112167	-0.0265532	0.0220691	0.0485416	0.0521039	0.0361196	-0.00384824	-0.0738944	-0.172347	-0.274935	-0.388497	-0.50492	-0.595187	-0.641043	-0.620025	-0.533132	-0.396714	-0.221638	-0.0274863	0.139447	0.246659	0.277187	0.229278	0.111975	
-0.208404	-0.090753	0.00212419	0.0533335	0.0799657	0.08315	0.066806	0.0267456	-0.0487304	-0.160596	-0.281158	-0.410662	-0.538778	-0.637201	-0.691073	-0.66867	-0.584041	-0.455472	-0.292415	-0.112059	0.0430972	0.140907	0.15873	0.100781	-0.0116662	
-0.186611	-0.0589149	0.0376801	0.0963585	0.121278	0.125881	0.108734	0.0664957	-0.0163867	-0.133302	-0.270098	-0.41216	-0.538144	-0.627868	-0.666405	-0.644322	-0.572705	-0.459395	-0.315307	-0.157883	-0.0178249	0.0772851	0.0941716	0.0388695	-0.0687545	
-0.154009	-0.0219515	0.0791841	0.144291	0.174967	0.178634	0.160913	0.109107	0.0223993	-0.0976661	-0.241553	-0.380237	-0.49227	-0.564702	-0.587561	-0.564391	-0.503332	-0.40817	-0.293387	-0.16727	-0.0484345	0.0383561	0.0668475	0.0316675	-0.060913	
-0.0953211	0.0279243	0.124224	0.193931	0.232408	0.236717	0.214132	0.154828	0.0699331	-0.0430721	-0.177822	-0.306009	-0.4034	-0.455105	-0.468547	-0.451145	-0.40453	-0.329108	-0.242998	-0.143816	-0.0478924	0.0246149	0.0649565	0.0494385	-0.0164025	
-0.0104215	0.0969798	0.180383	0.243439	0.280054	0.286423	0.261479	0.208209	0.132919	0.0354728	-0.0830658	-0.194871	-0.276591	-0.320183	-0.331891	-0.325922	-0.299606	-0.249712	-0.180832	-0.105928	-0.0298466	0.0350911	0.0778582	0.075768	0.0442659	
0.0835336	0.164874	0.231124	0.284669	0.316125	0.323309	0.299292	0.254954	0.192493	0.118144	0.0280457	-0.0642764	-0.133648	-0.175849	-0.199855	-0.21495	-0.204771	-0.170601	-0.116765	-0.0630403	-0.00554612	0.0495536	0.0905759	0.113324	0.117304	
0.164874	0.223678	0.269206	0.300971	0.323201	0.329098	0.310794	0.282842	0.243816	0.189591	0.124918	0.0534143	-0.00374536	-0.0454944	-0.0782733	-0.106591	-0.11364	-0.101203	-0.0718845	-0.0319487	0.0171959	0.0701091	0.111331	0.155766	0.199788	
0.231124	0.269206	0.290871	0.297658	0.301382	0.301315	0.299914	0.294472	0.28055	0.247675	0.202193	0.1465	0.0953633	0.0544346	0.0152323	-0.0150582	-0.0388431	-0.0470348	-0.0439303	-0.0195302	0.0285425	0.0853838	0.13743	0.199009	0.286875	
0.284669	0.300971	0.297658	0.283894	0.264723	0.260288	0.275979	0.29344	0.3012	0.294401	0.262421	0.213478	0.164002	0.115844	0.0689521	0.0331221	0.00805276	-0.00990544	-0.0241421	-0.0145449	0.0317236	0.0938668	0.159542	0.240631	0.359024	
0.316125	0.323201	0.301382	0.264723	0.226611	0.219868	0.24741	0.288085	0.316751	0.323304	0.296859	0.252619	0.198854	0.140639	0.0961147	0.0583076	0.0365134	0.008911	-0.0161306	-0.0109068	0.0402993	0.105759	0.174003	0.265982	0.396214	
0.323309	0.329098	0.301315	0.260288	0.219868	0.21351	0.241583	0.286103	0.320627	0.329968	0.303598	0.257883	0.202538	0.144236	0.100796	0.061385	0.0403212	0.0108827	-0.0169225	-0.0107751	0.0429245	0.10845	0.175881	0.270719	0.401849	
0.299292	0.310794	0.299914	0.275979	0.24741	0.241583	0.263538	0.291858	0.308205	0.307657	0.27887	0.233651	0.182641	0.128938	0.0822598	0.0462143	0.0226201	-0.000497661	-0.019037	-0.0127006	0.0346062	0.0986338	0.166758	0.252343	0.378171	
0.254954	0.282842	0.294472	0.29344	0.288085	0.286103	0.291858	0.294967	0.289389	0.26811	0.22922	0.176133	0.125721	0.0843015	0.0412283	0.00797344	-0.0174974	-0.0296857	-0.0352456	-0.0173489	0.029489	0.0882673	0.147224	0.217384	0.319459	
0.192493	0.243816	0.28055	0.3012	0.316751	0.320627	0.308205	0.289389	0.261185	0.213985	0.1575	0.0939309	0.0400401	-0.0018014	-0.0362714	-0.0652081	-0.0805031	-0.0777072	-0.059795	-0.0247955	0.0240411	0.0784162	0.121416	0.172343	0.234619	
0.118144	0.189591	0.247675	0.294401	0.323304	0.329968	0.307657	0.26811	0.213985	0.148099	0.0697797	-0.0141129	-0.0784947	-0.121076	-0.149754	-0.171253	-0.168179	-0.141343	-0.0955065	-0.0481424	0.00409554	0.0572119	0.0971984	0.130035	0.149223	
0.0280457	0.124918	0.202193	0.262421	0.296859	0.303598	0.27887	0.22922	0.1575	0.0697797	-0.0388353	-0.143633	-0.220174	-0.261731	-0.277864	-0.280709	-0.260803	-0.21797	-0.154215	-0.0890406	-0.0208994	0.040182	0.0831018	0.0899649	0.0720568	
-0.0642764	0.0534143	0.1465	0.213478	0.252619	0.257883	0.233651	0.176133	0.0939309	-0.0141129	-0.143633	-0.264187	-0.356433	-0.403676	-0.41437	-0.399911	-0.361562	-0.297073	-0.218777	-0.129565	-0.0413344	0.0273397	0.0695914	0.0578475	0.00635214	
-0.133648	-0.00374536	0.0953633	0.164002	0.198854	0.202538	0.182641	0.125721	0.0400401	-0.0784947	-0.220174	-0.356433	-0.461925	-0.524932	-0.543763	-0.522801	-0.466529	-0.377598	-0.275903	-0.16039	-0.0520708	0.0292965	0.0635	0.0382874	-0.0460681	
-0.175849	-0.0454944	0.0544346	0.115844	0.140639	0.144236	0.128938	0.0843015	-0.0018014	-0.121076	-0.261731	-0.403676	-0.524932	-0.608972	-0.640156	-0.617137	-0.550606	-0.444705	-0.310606	-0.165869	-0.0342704	0.0593463	0.079979	0.0304468	-0.0725088	
-0.199855	-0.0782733	0.0152323	0.0689521	0.0961147	0.100796	0.0822598	0.0412283	-0.0362714	-0.149754	-0.277864	-0.41437	-0.543763	-0.640156	-0.690269	-0.667871	-0.587211	-0.464437	-0.308025	-0.135373	0.0148472	0.111659	0.126912	0.0681598	-0.0426863	
-0.21495	-0.106591	-0.0150582	0.0331221	0.0583076	0.061385	0.0462143	0.00797344	-0.0652081	-0.171253	-0.280709	-0.399911	-0.522801	-0.617137	-0.667871	-0.647323	-0.560456	-0.42595	-0.25458	-0.065786	0.096329	0.198055	0.222543	0.169856	0.0550312	
-0.204771	-0.11364	-0.0388431	0.00805276	0.0365134	0.0403212	0.0226201	-0.0174974	-0.0805031	-0.168179	-0.260803	-0.361562	-0.466529	-0.550606	-0.587211	-0.560456	-0.474836	-0.338323	-0.157483	0.042735	0.21714	0.335249	0.377279	0.336735	0.217447	
-0.170601	-0.101203	-0.0470348	-0.00990544	0.008911	0.0108827	-0.000497661	-0.0296857	-0.0777072	-0.141343	-0.21797	-0.297073	-0.377598	-0.444705	-0.464437	-0.42595	-0.338323	-0.197806	-0.00731822	0.201531	0.386333	0.520206	0.582124	0.553862	0.444035	
-0.116765	-0.0718845	-0.0439303	-0.0241421	-0.0161306	-0.0169225	-0.019037	-0.0352456	-0.059795	-0.0955065	-0.154215	-0.218777	-0.275903	-0.310606	-0.308025	-0.25458	-0.157483	-0.00731822	0.189321	0.405279	0.593838	0.736586	0.819662	0.809777	0.709125	
-0.0630403	-0.0319487	-0.0195302	-0.0145449	-0.0109068	-0.0107751	-0.0127006	-0.0173489	-0.0247955	-0.0481424	-0.0890406	-0.129565	-0.16039	-0.165869	-0.135373	-0.065786	0.042735	0.201531	0.405279	0.622896	0.808365	0.955878	1.05181	1.05669	0.966345	
-0.00554612	0.0171959	0.0285425	0.0317236	0.0402993	0.0429245	0.0346062	0.029489	0.0240411	0.00409554	-0.0208994	-0.0413344	-0.0520708	-0.0342704	0.0148472	0.096329	0.21714	0.386333	0.593838	0.808365	0.992074	1.144	1.24875	1.26795	1.19729	
0.0495536	0.0701091	0.0853838	0.0938668	0.105759	0.10845	0.0986338	0.0882673	0.0784162	0.0572119	0.040182	0.0273397	0.0292965	0.0593463	0.111659	0.198055	0.335249	0.520206	0.736586	0.955878	1.144	1.30087	1.40815	1.43843	1.37873	
0.0905759	0.111331	0.13743	0.159542	0.174003	0.175881	0.166758	0.147224	0.121416	0.0971984	0.0831018	0.0695914	0.0635	0.079979	0.126912	0.222543	0.377279	0.582124	0.819662	1.05181	1.24875	1.40815	1.51983	1.55473	1.5044	
0.113324	0.155766	0.199009	0.240631	0.265982	0.270719	0.252343	0.217384	0.172343	0.130035	0.0899649	0.0578475	0.0382874	0.0304468	0.0681598	0.169856	0.336735	0.553862	0.809777	1.05669	1.26795	1.43843	1.55473	1.60206	1.5704	
0.117304	0.199788	0.286875	0.359024	0.396214	0.401849	0.378171	0.319459	0.234619	0.149223	0.0720568	0.00635214	-0.0460681	-0.0725088	-0.0426863	0.0550312	0.217447	0.444035	0.709125	0.966345	1.19729	1.37873	1.5044	1.5704	1.57277	
