-0.316125	-0.342546	-0.354943	-0.360929	-0.362539	-0.362083	-0.36223	-0.35814	-0.348175	-0.329619	-0.286702	-0.20979	-0.0988193	0.0330439	0.17157	0.325087	0.485031	0.625121	0.726895	0.782187	0.790722	0.750929	0.670389	0.576289	0.489086	
-0.341427	-0.363936	-0.368826	-0.369204	-0.373009	-0.373396	-0.370297	-0.368654	-0.367607	-0.353103	-0.317017	-0.250566	-0.157843	-0.0425455	0.0886749	0.243289	0.406024	0.54771	0.650789	0.704391	0.702222	0.665062	0.602092	0.518799	0.437862	
-0.389671	-0.402281	-0.392424	-0.388501	-0.391449	-0.391724	-0.389941	-0.389066	-0.399864	-0.397333	-0.371498	-0.315652	-0.238131	-0.12878	0.00653546	0.170826	0.340518	0.492657	0.60031	0.650542	0.648212	0.617962	0.565088	0.492593	0.420705	
-0.444842	-0.439121	-0.409873	-0.391468	-0.385183	-0.384005	-0.38875	-0.400472	-0.427994	-0.446589	-0.43328	-0.391857	-0.324282	-0.217738	-0.0675341	0.108846	0.289361	0.451737	0.569583	0.62795	0.629627	0.597255	0.544464	0.482252	0.416157	
-0.490324	-0.468153	-0.428197	-0.390934	-0.365938	-0.360821	-0.378454	-0.412687	-0.452712	-0.485467	-0.486423	-0.461415	-0.4	-0.291921	-0.129941	0.0563344	0.249367	0.420253	0.548546	0.62064	0.633939	0.604531	0.544919	0.478659	0.412292	
-0.534793	-0.503768	-0.454429	-0.399793	-0.359476	-0.352019	-0.380553	-0.432829	-0.485212	-0.525487	-0.537992	-0.516212	-0.460079	-0.349197	-0.181963	0.0187168	0.224223	0.401269	0.536336	0.61949	0.642179	0.611663	0.546688	0.470402	0.406975	
-0.576534	-0.541973	-0.489657	-0.426557	-0.373726	-0.362408	-0.402184	-0.465204	-0.522757	-0.565498	-0.582867	-0.562801	-0.502596	-0.389204	-0.219625	-0.00496225	0.210425	0.393809	0.530945	0.61432	0.641113	0.609444	0.537071	0.451373	0.386788	
-0.608453	-0.571911	-0.520153	-0.456316	-0.395968	-0.38197	-0.429487	-0.496215	-0.552395	-0.596824	-0.617443	-0.598338	-0.530273	-0.408197	-0.229179	-0.00687196	0.206551	0.385234	0.51981	0.603475	0.625373	0.588836	0.510366	0.422422	0.367607	
-0.62596	-0.587094	-0.535888	-0.477737	-0.426695	-0.416438	-0.455056	-0.512954	-0.567472	-0.612978	-0.634545	-0.605581	-0.529542	-0.403053	-0.217699	0.00480115	0.212331	0.382298	0.51079	0.589428	0.603618	0.559778	0.48336	0.399466	0.351738	
-0.615478	-0.582189	-0.539534	-0.491861	-0.449606	-0.440173	-0.473167	-0.520933	-0.565598	-0.604754	-0.620693	-0.592201	-0.507173	-0.37123	-0.182051	0.0364483	0.233759	0.390819	0.513081	0.583984	0.590547	0.540257	0.459759	0.381361	0.328307	
-0.581129	-0.557939	-0.528938	-0.496369	-0.467569	-0.461395	-0.48397	-0.51664	-0.546463	-0.5737	-0.583751	-0.548555	-0.458573	-0.317006	-0.126168	0.0833128	0.265486	0.407784	0.520535	0.589558	0.595594	0.539066	0.452565	0.365597	0.302407	
-0.541427	-0.529867	-0.512078	-0.492224	-0.476576	-0.474109	-0.484753	-0.504133	-0.522664	-0.540141	-0.532047	-0.48411	-0.385276	-0.244512	-0.0584717	0.133818	0.301733	0.434696	0.54111	0.60584	0.613235	0.560324	0.468355	0.372934	0.297065	
-0.488902	-0.494835	-0.486068	-0.466516	-0.450733	-0.447828	-0.458407	-0.478873	-0.492913	-0.493736	-0.469981	-0.407876	-0.302646	-0.155845	0.0174156	0.187196	0.340214	0.465007	0.560218	0.620823	0.638965	0.593919	0.501556	0.396872	0.308927	
-0.42506	-0.442064	-0.431592	-0.410866	-0.396904	-0.393867	-0.40396	-0.423434	-0.440812	-0.436079	-0.398507	-0.325834	-0.211295	-0.0627641	0.100305	0.248215	0.375387	0.482597	0.565122	0.623361	0.647325	0.610442	0.525205	0.417986	0.312283	
-0.358558	-0.38324	-0.373692	-0.358147	-0.349836	-0.348442	-0.353524	-0.366727	-0.382469	-0.373201	-0.325854	-0.24469	-0.122839	0.0265508	0.176102	0.299111	0.401483	0.490782	0.559495	0.604706	0.618097	0.587022	0.515774	0.416757	0.310306	
-0.290229	-0.32582	-0.327676	-0.318288	-0.31607	-0.315891	-0.316286	-0.324003	-0.329852	-0.309071	-0.25166	-0.167901	-0.0481538	0.0920266	0.224839	0.326074	0.410245	0.477042	0.521015	0.544848	0.544141	0.513278	0.456483	0.376402	0.277715	
-0.236317	-0.279469	-0.290175	-0.291038	-0.295673	-0.296524	-0.292723	-0.290411	-0.286646	-0.258046	-0.195538	-0.110625	0.00184741	0.130194	0.245374	0.331288	0.392037	0.429761	0.447482	0.450277	0.438722	0.409352	0.364772	0.302325	0.219829	
-0.188486	-0.237461	-0.258809	-0.270142	-0.278979	-0.280234	-0.274386	-0.263904	-0.247715	-0.212036	-0.146271	-0.0602745	0.0427172	0.152384	0.241785	0.307485	0.345233	0.349508	0.337157	0.325281	0.312826	0.289119	0.252999	0.208644	0.15395	
-0.134113	-0.196186	-0.235633	-0.25157	-0.258394	-0.259358	-0.254822	-0.244606	-0.214883	-0.161932	-0.0875094	-0.0061445	0.0778731	0.162489	0.224105	0.260979	0.272729	0.251423	0.216392	0.193	0.180872	0.162483	0.134452	0.10548	0.0733057	
-0.0879053	-0.162071	-0.214364	-0.237786	-0.243228	-0.242882	-0.241268	-0.227067	-0.185922	-0.119691	-0.0399281	0.0375502	0.1023	0.1604	0.194203	0.209836	0.19984	0.159577	0.109119	0.0773955	0.0629769	0.0449009	0.0234128	0.00572236	-0.00441012	
-0.0570131	-0.140113	-0.204328	-0.237499	-0.24576	-0.245235	-0.242981	-0.221312	-0.16876	-0.0911661	-0.00879818	0.059508	0.108104	0.146612	0.163098	0.157749	0.129745	0.0799388	0.0231703	-0.0163954	-0.037543	-0.05146	-0.0561819	-0.0576856	-0.052645	
-0.0727011	-0.159662	-0.225544	-0.260814	-0.272612	-0.273156	-0.267738	-0.24336	-0.18936	-0.108935	-0.0217596	0.0400934	0.0843839	0.117386	0.13345	0.121308	0.0871005	0.0321449	-0.0328145	-0.0815076	-0.107097	-0.113168	-0.102379	-0.0816489	-0.0585725	
-0.149653	-0.23773	-0.301334	-0.336799	-0.352481	-0.354384	-0.345048	-0.318532	-0.266004	-0.186545	-0.0955742	-0.0207382	0.0342102	0.0749584	0.101616	0.100668	0.0741624	0.0199098	-0.0506147	-0.10453	-0.132975	-0.132778	-0.101517	-0.0643328	-0.029039	
-0.279087	-0.376608	-0.444398	-0.486588	-0.508954	-0.512172	-0.498394	-0.463926	-0.407064	-0.321171	-0.214486	-0.122563	-0.0439795	0.0199362	0.070713	0.0941221	0.0854608	0.0410937	-0.021221	-0.0711161	-0.093803	-0.088085	-0.055738	-0.0101194	0.0294702	
-0.451662	-0.562149	-0.638063	-0.687459	-0.718571	-0.723745	-0.702587	-0.660902	-0.596039	-0.499383	-0.376889	-0.256607	-0.145669	-0.0402753	0.0464514	0.105105	0.129284	0.111553	0.0674152	0.0277776	0.00858831	0.00838811	0.0275585	0.0628796	0.103702	
-0.650382	-0.772549	-0.860928	-0.915434	-0.946075	-0.951645	-0.930127	-0.88629	-0.812156	-0.703277	-0.562135	-0.405609	-0.247415	-0.0931464	0.0396859	0.141121	0.200714	0.216958	0.203036	0.180294	0.160931	0.150036	0.156772	0.175613	0.195413	
-0.853198	-0.991419	-1.08599	-1.14289	-1.17077	-1.1749	-1.15704	-1.11317	-1.03443	-0.913659	-0.751385	-0.553873	-0.340041	-0.123652	0.0589038	0.201362	0.295784	0.345355	0.360148	0.350595	0.336361	0.325322	0.320321	0.316773	0.309539	
-1.04252	-1.19102	-1.28991	-1.34966	-1.38043	-1.38512	-1.36496	-1.31763	-1.23587	-1.10867	-0.925802	-0.687714	-0.417042	-0.145203	0.0906952	0.274525	0.403301	0.483298	0.523633	0.530917	0.521724	0.505079	0.486166	0.460995	0.424368	
-1.17813	-1.33354	-1.44131	-1.513	-1.54953	-1.55595	-1.53163	-1.47414	-1.38144	-1.24738	-1.05132	-0.781688	-0.467239	-0.16025	0.112174	0.330915	0.492062	0.60151	0.665728	0.688706	0.679964	0.653449	0.620021	0.57483	0.514861	
-1.25336	-1.41674	-1.52934	-1.6109	-1.65747	-1.66596	-1.63465	-1.56547	-1.46596	-1.32681	-1.11945	-0.83229	-0.496491	-0.173285	0.120588	0.363088	0.549703	0.67805	0.755205	0.788166	0.784211	0.752278	0.703421	0.642356	0.567237	
-1.26669	-1.43225	-1.54568	-1.62918	-1.67795	-1.68619	-1.65356	-1.58206	-1.48184	-1.34125	-1.13001	-0.84148	-0.502945	-0.176457	0.122736	0.369716	0.559573	0.69129	0.772702	0.807486	0.803736	0.770585	0.718458	0.655369	0.576642	
-1.21515	-1.37378	-1.48399	-1.56043	-1.60076	-1.60787	-1.58113	-1.51863	-1.42243	-1.28613	-1.08551	-0.806767	-0.480563	-0.165819	0.116257	0.346926	0.520045	0.638959	0.708465	0.736001	0.729487	0.700415	0.660381	0.607412	0.540346	
-1.10447	-1.25619	-1.35786	-1.42149	-1.45445	-1.46007	-1.43783	-1.38727	-1.30224	-1.17216	-0.983077	-0.730559	-0.440721	-0.151859	0.101705	0.300552	0.441709	0.533825	0.584805	0.599483	0.589873	0.569203	0.545019	0.51168	0.465058	
-0.933233	-1.07596	-1.17206	-1.22948	-1.25778	-1.26164	-1.24372	-1.19918	-1.11966	-0.996335	-0.8244	-0.611011	-0.372761	-0.133104	0.0712457	0.230593	0.339183	0.401293	0.426123	0.422436	0.411308	0.399683	0.38816	0.376038	0.356719	
-0.730937	-0.859936	-0.951586	-1.00719	-1.03647	-1.0414	-1.02181	-0.978048	-0.901356	-0.786691	-0.638478	-0.464522	-0.285938	-0.10735	0.0440971	0.162343	0.236087	0.266073	0.264069	0.246495	0.228353	0.216527	0.220393	0.229357	0.238603	
-0.530441	-0.644503	-0.725387	-0.777311	-0.809232	-0.815223	-0.792549	-0.748963	-0.680445	-0.579805	-0.449371	-0.316393	-0.187088	-0.0637745	0.0410068	0.116453	0.155338	0.150546	0.117805	0.0844275	0.0656132	0.0607184	0.073312	0.103567	0.137807	
-0.343229	-0.446151	-0.516967	-0.562087	-0.588501	-0.592226	-0.575131	-0.537892	-0.477662	-0.38748	-0.275507	-0.172233	-0.0829465	-0.00344269	0.0596172	0.0951673	0.0992415	0.0635276	0.00684747	-0.0398277	-0.0609865	-0.0558161	-0.0268019	0.0159113	0.0577495	
-0.196104	-0.286441	-0.351077	-0.389004	-0.406408	-0.408465	-0.398339	-0.368971	-0.315709	-0.234645	-0.137621	-0.0574029	0.00643033	0.0536378	0.0887575	0.0970518	0.075474	0.0235548	-0.0449374	-0.0980157	-0.124438	-0.122229	-0.0880838	-0.0454376	-0.00869842	
-0.0962593	-0.183562	-0.24733	-0.282606	-0.296455	-0.297468	-0.290014	-0.264691	-0.212132	-0.13253	-0.0449313	0.0210648	0.0676537	0.102466	0.120495	0.111218	0.0791389	0.0238329	-0.0449996	-0.0971973	-0.124663	-0.127799	-0.108088	-0.0801484	-0.0507391	
-0.056146	-0.141207	-0.208298	-0.243122	-0.253282	-0.253009	-0.249307	-0.226339	-0.171418	-0.0913398	-0.00676625	0.0574129	0.10265	0.136314	0.151407	0.140702	0.108427	0.0557449	-0.00400079	-0.0457819	-0.0687669	-0.0799634	-0.0789361	-0.0716722	-0.0592957	
-0.0728581	-0.150637	-0.207252	-0.235045	-0.241083	-0.240233	-0.239485	-0.221668	-0.176037	-0.105535	-0.0247045	0.0490853	0.107968	0.157102	0.1816	0.188398	0.170026	0.125925	0.0725561	0.0362919	0.0192025	0.00245789	-0.0132355	-0.0256171	-0.0291973	
-0.114475	-0.182282	-0.227005	-0.245027	-0.251529	-0.252259	-0.248348	-0.236904	-0.203045	-0.144125	-0.0673666	0.0139404	0.0894611	0.162821	0.21249	0.240504	0.243679	0.213687	0.170923	0.144254	0.132482	0.114157	0.0886441	0.0638316	0.0409902	
-0.166616	-0.219578	-0.24903	-0.262588	-0.270676	-0.271957	-0.266411	-0.256087	-0.233323	-0.191405	-0.122315	-0.0391545	0.057374	0.158074	0.237363	0.290168	0.317521	0.310425	0.288746	0.271272	0.25798	0.237628	0.205419	0.168468	0.12312	
-0.217958	-0.262819	-0.27639	-0.282096	-0.289624	-0.29107	-0.285335	-0.278415	-0.27038	-0.240409	-0.17709	-0.0906921	0.0188331	0.140331	0.246086	0.325482	0.3773	0.401684	0.406937	0.40346	0.391142	0.363344	0.321733	0.26586	0.194176	
-0.266161	-0.306275	-0.311591	-0.3063	-0.306502	-0.306586	-0.305584	-0.30939	-0.312054	-0.286801	-0.226293	-0.142154	-0.0260934	0.110147	0.235864	0.331134	0.405963	0.462158	0.496252	0.511163	0.504786	0.473451	0.422628	0.350649	0.256647	
-0.330847	-0.359439	-0.354492	-0.340435	-0.334752	-0.334097	-0.336959	-0.348744	-0.360446	-0.347216	-0.295527	-0.212989	-0.0905816	0.0558143	0.19962	0.312874	0.408151	0.489058	0.547886	0.585133	0.593434	0.563661	0.497767	0.405231	0.301556	
-0.399218	-0.419015	-0.406914	-0.388222	-0.377034	-0.374633	-0.382259	-0.398818	-0.41707	-0.411646	-0.370188	-0.292997	-0.174975	-0.0251451	0.132904	0.271147	0.38688	0.487283	0.565655	0.620282	0.641005	0.606968	0.52681	0.421176	0.313479	
-0.46353	-0.475159	-0.466975	-0.446218	-0.42942	-0.426199	-0.438192	-0.459299	-0.474371	-0.471431	-0.441349	-0.375373	-0.265921	-0.11899	0.0494087	0.211117	0.355286	0.473713	0.563042	0.62283	0.645587	0.603655	0.512871	0.406295	0.310466	
-0.522309	-0.51831	-0.505291	-0.486074	-0.471431	-0.469368	-0.478645	-0.498149	-0.513299	-0.523476	-0.508931	-0.454723	-0.354413	-0.210331	-0.028651	0.154281	0.317138	0.447258	0.550582	0.613436	0.62378	0.574076	0.481128	0.382309	0.302024	
-0.566319	-0.545931	-0.521889	-0.495979	-0.473324	-0.469237	-0.485637	-0.51166	-0.536362	-0.560677	-0.564388	-0.524729	-0.430604	-0.289912	-0.0997785	0.103109	0.27951	0.417515	0.526903	0.594405	0.600957	0.545049	0.455642	0.365004	0.297425	
