-0.448107	-0.404321	-0.365896	-0.337344	-0.320177	-0.317919	-0.328825	-0.353338	-0.387674	-0.43083	-0.474757	-0.507778	-0.5155	-0.497852	-0.45131	-0.3741	-0.275564	-0.177128	-0.0793854	0.0279143	0.147452	0.261456	0.348871	0.407973	0.448465	
-0.461358	-0.44404	-0.420457	-0.404174	-0.398667	-0.398615	-0.400474	-0.412696	-0.434547	-0.455685	-0.46692	-0.464494	-0.445861	-0.412386	-0.35753	-0.273647	-0.170357	-0.0668063	0.0405971	0.152533	0.265622	0.367484	0.442245	0.475796	0.480311	
-0.460218	-0.475637	-0.477877	-0.47857	-0.48166	-0.481884	-0.4795	-0.478037	-0.47765	-0.468141	-0.442169	-0.398327	-0.346819	-0.293083	-0.229664	-0.144787	-0.0489047	0.0539278	0.164329	0.271698	0.362741	0.445852	0.501576	0.50924	0.478932	
-0.438256	-0.487446	-0.524262	-0.550878	-0.561789	-0.562615	-0.556733	-0.536966	-0.503265	-0.459462	-0.400527	-0.321479	-0.238119	-0.160943	-0.0823183	0.00545041	0.0952707	0.191036	0.292344	0.376934	0.439251	0.493681	0.521636	0.501782	0.453479	
-0.38063	-0.460333	-0.534055	-0.590551	-0.611086	-0.613114	-0.602439	-0.560829	-0.49035	-0.413186	-0.32859	-0.224667	-0.116816	-0.0155074	0.0819552	0.1794	0.268198	0.354486	0.432754	0.486124	0.513239	0.524685	0.51268	0.472531	0.422503	
-0.289335	-0.391325	-0.494889	-0.572991	-0.603946	-0.606644	-0.591104	-0.531273	-0.433308	-0.330082	-0.225091	-0.104754	0.0214407	0.141843	0.256764	0.362913	0.45446	0.526928	0.5778	0.598435	0.587952	0.55069	0.498747	0.443411	0.38607	
-0.174705	-0.290485	-0.405022	-0.489488	-0.526607	-0.52966	-0.51084	-0.44356	-0.337923	-0.220891	-0.101772	0.0318595	0.169133	0.302458	0.424359	0.533955	0.620359	0.674163	0.694376	0.688295	0.646798	0.573175	0.489154	0.413998	0.345575	
-0.0455977	-0.164348	-0.270122	-0.346465	-0.383633	-0.387606	-0.366583	-0.304639	-0.209223	-0.0941494	0.0327557	0.173882	0.315798	0.4523	0.572349	0.676181	0.746564	0.776204	0.768932	0.74579	0.685758	0.595696	0.494513	0.407305	0.334336	
0.102387	-0.00890752	-0.0929821	-0.155151	-0.187869	-0.193701	-0.171015	-0.121285	-0.0452552	0.0550831	0.179063	0.316069	0.451087	0.577596	0.687239	0.774365	0.822575	0.827472	0.803243	0.765604	0.700427	0.612095	0.519363	0.431763	0.361264	
0.270238	0.179674	0.116037	0.0697744	0.0395697	0.0346371	0.055629	0.0958222	0.151154	0.231208	0.33723	0.454874	0.565121	0.666325	0.752843	0.815438	0.840182	0.829307	0.795675	0.748954	0.689004	0.619908	0.546889	0.469397	0.4093	
0.448412	0.385943	0.339802	0.30503	0.278288	0.274536	0.292434	0.325327	0.365337	0.421305	0.497342	0.578293	0.647972	0.707001	0.758331	0.788194	0.792065	0.773323	0.738851	0.693154	0.647154	0.601417	0.548604	0.494277	0.452818	
0.601529	0.570613	0.54236	0.517324	0.497771	0.495592	0.507481	0.532521	0.558381	0.588618	0.624442	0.659062	0.677075	0.686991	0.692282	0.686182	0.669	0.649345	0.620431	0.586949	0.559908	0.537544	0.511157	0.487888	0.465123	
0.699902	0.704182	0.699362	0.688499	0.682668	0.681203	0.685503	0.694867	0.703696	0.701875	0.695025	0.677687	0.646411	0.606437	0.566625	0.522688	0.486967	0.463709	0.441686	0.423344	0.418034	0.418054	0.419954	0.426037	0.422482	
0.724806	0.76823	0.793787	0.807412	0.818311	0.819351	0.812544	0.799626	0.781153	0.743171	0.692647	0.626375	0.552696	0.472037	0.395468	0.319856	0.26692	0.23377	0.214339	0.208435	0.219625	0.235366	0.261651	0.297466	0.3165	
0.683385	0.764507	0.826146	0.870438	0.898325	0.902164	0.88409	0.845609	0.791814	0.717554	0.625996	0.519845	0.411328	0.30543	0.202735	0.109311	0.038931	-0.00431867	-0.0288456	-0.029188	-0.0157453	0.00740822	0.0509177	0.108074	0.147498	
0.599957	0.711155	0.807422	0.880267	0.921305	0.926862	0.901134	0.839942	0.751886	0.64648	0.523106	0.386877	0.253438	0.132178	0.0166153	-0.0860867	-0.167575	-0.222765	-0.254203	-0.262133	-0.255199	-0.235899	-0.188532	-0.127311	-0.0724602	
0.511147	0.641206	0.758394	0.851251	0.896004	0.903507	0.874117	0.801038	0.688963	0.565623	0.424452	0.271224	0.122946	-0.00727685	-0.126357	-0.233795	-0.320876	-0.388087	-0.42618	-0.449864	-0.455339	-0.450476	-0.416125	-0.365354	-0.307996	
0.440644	0.570769	0.693076	0.787607	0.830903	0.835841	0.811474	0.735832	0.621441	0.493702	0.355216	0.197432	0.0477121	-0.0878419	-0.205852	-0.316808	-0.409365	-0.48513	-0.534038	-0.573781	-0.598581	-0.608614	-0.599643	-0.571123	-0.528846	
0.385736	0.499749	0.607751	0.688919	0.723822	0.726765	0.709049	0.644576	0.544784	0.43208	0.310108	0.166838	0.0258332	-0.105655	-0.222927	-0.334489	-0.434072	-0.516311	-0.579639	-0.634991	-0.677509	-0.702257	-0.720608	-0.719917	-0.699364	
0.342112	0.428305	0.506543	0.564106	0.586635	0.58939	0.576793	0.533598	0.460342	0.378364	0.282506	0.171241	0.050187	-0.0655091	-0.179204	-0.286355	-0.391061	-0.479013	-0.557361	-0.627599	-0.684261	-0.724754	-0.763918	-0.789595	-0.792527	
0.300451	0.35229	0.394948	0.423118	0.435399	0.436997	0.429786	0.408237	0.370429	0.322801	0.261863	0.189385	0.10306	0.0106839	-0.0884793	-0.186047	-0.286561	-0.377581	-0.46714	-0.54834	-0.617684	-0.669539	-0.723017	-0.767282	-0.793303	
0.269162	0.288917	0.296613	0.298149	0.30241	0.303918	0.299465	0.297327	0.293099	0.278752	0.251715	0.220425	0.174539	0.113317	0.0370854	-0.041859	-0.128226	-0.216572	-0.310092	-0.398094	-0.476018	-0.540247	-0.602825	-0.662428	-0.705623	
0.249834	0.244051	0.224141	0.206201	0.20522	0.207374	0.203572	0.215674	0.236971	0.249398	0.250008	0.255329	0.247968	0.221225	0.173294	0.121513	0.0575595	-0.0185864	-0.106528	-0.192787	-0.275345	-0.349361	-0.416614	-0.488433	-0.547792	
0.23242	0.209814	0.172945	0.144306	0.140506	0.142985	0.139692	0.15908	0.196101	0.224669	0.246084	0.276392	0.301869	0.304823	0.289234	0.266497	0.232836	0.176985	0.107142	0.0333645	-0.0455583	-0.120066	-0.189063	-0.265228	-0.336871	
0.210301	0.177658	0.135587	0.103007	0.0986757	0.0997093	0.0987368	0.119164	0.162166	0.197391	0.231924	0.276019	0.323312	0.34981	0.364176	0.370088	0.36856	0.339969	0.299207	0.247863	0.186521	0.120982	0.0603208	-0.0126687	-0.0847641	
0.169994	0.133781	0.0933929	0.0638452	0.057561	0.0576658	0.0592721	0.0785533	0.118397	0.15496	0.195649	0.245563	0.302623	0.347039	0.385257	0.418209	0.444886	0.450389	0.443916	0.426909	0.393783	0.353214	0.311403	0.256314	0.194962	
0.109443	0.0730725	0.0391013	0.0162109	0.00682379	0.0061091	0.0108177	0.0281936	0.0591221	0.0939364	0.136292	0.185984	0.243709	0.298984	0.355121	0.408424	0.458651	0.496825	0.526783	0.547434	0.551945	0.546505	0.531985	0.507672	0.47127	
0.0361284	-0.000738932	-0.0248258	-0.0419061	-0.0533044	-0.0563685	-0.0469032	-0.032499	-0.0115038	0.0197495	0.0619461	0.108123	0.161039	0.221813	0.289619	0.356412	0.423712	0.488905	0.552243	0.606397	0.651839	0.681948	0.70171	0.711762	0.709393	
-0.0404287	-0.075327	-0.0922702	-0.102725	-0.117406	-0.121302	-0.108596	-0.0959256	-0.0842638	-0.0561438	-0.0151949	0.0268555	0.072956	0.135947	0.209512	0.284782	0.361007	0.447304	0.533548	0.616235	0.693301	0.756946	0.805022	0.849509	0.878661	
-0.09322	-0.127311	-0.139156	-0.145937	-0.162443	-0.166935	-0.152254	-0.140461	-0.134931	-0.108563	-0.0690514	-0.029691	0.0111549	0.0745266	0.150449	0.229168	0.309883	0.406928	0.506748	0.604955	0.702366	0.785705	0.852103	0.918466	0.96953	
-0.101782	-0.136552	-0.146728	-0.153628	-0.169895	-0.174885	-0.159561	-0.148137	-0.143509	-0.117461	-0.0782304	-0.0393113	0.000687797	0.0639199	0.140437	0.219295	0.301353	0.39927	0.502444	0.601968	0.70411	0.789389	0.860553	0.929452	0.984654	
-0.0662899	-0.10059	-0.115008	-0.123826	-0.139326	-0.143464	-0.129756	-0.11776	-0.108806	-0.08172	-0.0413962	-0.000753949	0.0430826	0.106142	0.180907	0.258254	0.336648	0.42843	0.521169	0.612203	0.69875	0.772375	0.829088	0.884733	0.924296	
0.00429294	-0.0315736	-0.0524987	-0.0669629	-0.0797286	-0.0829891	-0.072205	-0.0587042	-0.041552	-0.0115908	0.0299596	0.0746055	0.124872	0.186866	0.257217	0.328625	0.399922	0.474735	0.547974	0.615556	0.674211	0.719005	0.750448	0.775732	0.786445	
0.081594	0.0448847	0.0151196	-0.0058097	-0.0158824	-0.0174076	-0.0108787	0.00520737	0.0322625	0.0658304	0.108096	0.15671	0.213148	0.270927	0.332544	0.391983	0.450318	0.499264	0.543983	0.578263	0.599803	0.607838	0.60761	0.596419	0.572928	
0.147339	0.111222	0.0728414	0.0457958	0.0381669	0.0381944	0.0408598	0.0594128	0.0961341	0.132339	0.173958	0.224465	0.282614	0.332303	0.378066	0.420622	0.456927	0.47627	0.483877	0.483004	0.463291	0.436367	0.40418	0.361067	0.307974	
0.197001	0.162452	0.120256	0.0883873	0.0832201	0.0840202	0.0839224	0.104242	0.146666	0.183183	0.220733	0.268228	0.320523	0.355228	0.379648	0.397143	0.407222	0.391924	0.364207	0.325834	0.274195	0.216751	0.162435	0.0947761	0.0251656	
0.22466	0.197156	0.157044	0.126128	0.121968	0.123886	0.121492	0.141852	0.182344	0.214448	0.242243	0.279046	0.314797	0.327734	0.325017	0.313365	0.293073	0.246846	0.188081	0.121463	0.0482871	-0.0244568	-0.0908716	-0.167279	-0.240769	
0.242988	0.229322	0.201182	0.178152	0.175704	0.177982	0.174415	0.190345	0.21904	0.23926	0.249179	0.266042	0.272551	0.258794	0.223456	0.183419	0.130509	0.0621223	-0.0204457	-0.10269	-0.185453	-0.260624	-0.329262	-0.403584	-0.4688	
0.260944	0.269064	0.264757	0.257431	0.259446	0.260921	0.257085	0.261345	0.268576	0.265837	0.250986	0.235077	0.205285	0.157647	0.0925957	0.0231534	-0.054767	-0.139726	-0.231861	-0.321241	-0.400976	-0.470084	-0.534692	-0.600479	-0.64991	
0.286004	0.324486	0.352439	0.369523	0.378205	0.37973	0.373799	0.360597	0.336871	0.303008	0.256097	0.200141	0.129833	0.0490646	-0.041654	-0.133133	-0.229021	-0.319741	-0.411779	-0.496677	-0.569784	-0.626096	-0.683754	-0.734646	-0.76801	
0.324975	0.398309	0.461981	0.50852	0.526198	0.529093	0.518142	0.484296	0.424337	0.356497	0.273411	0.177663	0.0687341	-0.0382079	-0.147826	-0.251617	-0.356167	-0.44559	-0.529214	-0.604449	-0.666416	-0.711734	-0.757586	-0.791574	-0.804076	
0.367588	0.471522	0.569186	0.641568	0.672006	0.674601	0.659199	0.602187	0.512125	0.41012	0.297593	0.165238	0.0310964	-0.0958207	-0.212181	-0.322863	-0.424652	-0.509789	-0.578981	-0.640929	-0.688961	-0.72022	-0.748122	-0.758917	-0.746989	
0.417139	0.542204	0.661524	0.751756	0.792868	0.796514	0.775122	0.702002	0.591956	0.467785	0.334481	0.180161	0.0327582	-0.102417	-0.220433	-0.33163	-0.427204	-0.505431	-0.560142	-0.60589	-0.638485	-0.654156	-0.656276	-0.639074	-0.604846	
0.480619	0.613225	0.734542	0.830351	0.875062	0.881982	0.853834	0.778275	0.662715	0.535582	0.393373	0.236343	0.0862372	-0.0469977	-0.16564	-0.274736	-0.363679	-0.435042	-0.476889	-0.506847	-0.519892	-0.521193	-0.496532	-0.452558	-0.400028	
0.562932	0.683261	0.790128	0.872405	0.916029	0.922379	0.894696	0.827186	0.727647	0.61319	0.480878	0.336104	0.195468	0.0699449	-0.047668	-0.152682	-0.236721	-0.297034	-0.331016	-0.344469	-0.3416	-0.327251	-0.283459	-0.224366	-0.166234	
0.653332	0.747491	0.823996	0.880273	0.914233	0.918775	0.897229	0.848876	0.780629	0.692934	0.587242	0.467857	0.347898	0.235102	0.125724	0.027797	-0.0480495	-0.0958464	-0.122981	-0.125187	-0.113334	-0.0906027	-0.0430299	0.0172698	0.0636118	
0.714945	0.77409	0.813493	0.839098	0.856941	0.85916	0.84766	0.824568	0.792732	0.739813	0.672425	0.588813	0.500276	0.407635	0.319315	0.234941	0.17458	0.13769	0.116808	0.114964	0.127988	0.148231	0.182154	0.229441	0.256287	
0.719283	0.738633	0.745274	0.742621	0.743683	0.742799	0.743072	0.74406	0.743628	0.727462	0.703134	0.66529	0.616304	0.558184	0.502586	0.444446	0.402196	0.375154	0.355309	0.342053	0.345242	0.351886	0.364413	0.382052	0.38812	
0.648922	0.632068	0.611709	0.591743	0.576754	0.575212	0.583867	0.604069	0.623764	0.642196	0.660692	0.674993	0.672508	0.662171	0.64858	0.627259	0.602586	0.582266	0.556219	0.528506	0.510307	0.497444	0.482597	0.470841	0.455155	
0.514297	0.46412	0.424615	0.393847	0.369225	0.366258	0.381756	0.412324	0.446355	0.492769	0.553105	0.616902	0.666006	0.706552	0.739503	0.755964	0.750644	0.731979	0.698306	0.657252	0.617645	0.58172	0.538844	0.497105	0.463016	
