0.410324	0.389957	0.340697	0.25805	0.161052	0.061173	-0.0216848	-0.0865057	-0.133933	-0.158684	-0.156082	-0.135872	-0.0962401	-0.0418713	0.0132271	0.0666507	0.114576	0.153619	0.176008	0.17651	0.182959	0.187437	0.179641	0.142677	0.0790772	
0.278173	0.253653	0.200763	0.121376	0.0372301	-0.0471292	-0.108159	-0.145579	-0.160388	-0.155722	-0.127012	-0.0887515	-0.0471967	0.00446538	0.0638623	0.123226	0.180472	0.232959	0.269493	0.276727	0.28262	0.28515	0.270893	0.228756	0.167002	
0.144865	0.110301	0.0511359	-0.0247465	-0.0976304	-0.155356	-0.187032	-0.188745	-0.167524	-0.127442	-0.0755859	-0.0248868	0.0178103	0.0643308	0.122804	0.196636	0.270818	0.328336	0.365425	0.374439	0.37174	0.366843	0.345092	0.298536	0.235469	
0.00816597	-0.0373182	-0.0993206	-0.171711	-0.229753	-0.258348	-0.252078	-0.213259	-0.154213	-0.0807405	-0.00531893	0.0551741	0.103178	0.146853	0.207593	0.290498	0.372006	0.429093	0.455354	0.459764	0.448604	0.429576	0.403802	0.35916	0.29244	
-0.1032	-0.165862	-0.236869	-0.308877	-0.351305	-0.345808	-0.291023	-0.207973	-0.113626	-0.0139595	0.0794643	0.156375	0.210651	0.25945	0.322816	0.399352	0.4757	0.527144	0.541489	0.534694	0.519696	0.495818	0.457876	0.410881	0.340633	
-0.168655	-0.250854	-0.33151	-0.399593	-0.42747	-0.38989	-0.292117	-0.172774	-0.0482655	0.0750338	0.184297	0.2749	0.341177	0.389507	0.447551	0.51485	0.580509	0.624458	0.63203	0.617731	0.593043	0.558029	0.513943	0.459537	0.379839	
-0.189703	-0.282368	-0.362647	-0.421586	-0.432611	-0.37319	-0.253382	-0.112447	0.0315606	0.169004	0.290244	0.389385	0.46441	0.517174	0.561089	0.609829	0.663515	0.703969	0.714022	0.695047	0.664785	0.6203	0.562906	0.496499	0.407439	
-0.163607	-0.261661	-0.341112	-0.384896	-0.380432	-0.311878	-0.1871	-0.0383039	0.112028	0.256829	0.38201	0.482468	0.561513	0.61595	0.64887	0.682036	0.722787	0.755007	0.75748	0.739387	0.712966	0.66651	0.601434	0.523319	0.42775	
-0.0724929	-0.185572	-0.273607	-0.314659	-0.30315	-0.236131	-0.116714	0.029616	0.178325	0.32136	0.44853	0.550778	0.63097	0.685017	0.710671	0.731871	0.760906	0.777873	0.770029	0.74571	0.721164	0.682094	0.623728	0.541874	0.441907	
0.0714568	-0.0719029	-0.178387	-0.225356	-0.218049	-0.161674	-0.0603501	0.0762981	0.216576	0.351994	0.478951	0.584671	0.662329	0.713783	0.733876	0.747445	0.767452	0.774814	0.761668	0.739954	0.715617	0.681488	0.622768	0.543595	0.447269	
0.236204	0.0629198	-0.0646131	-0.123358	-0.128963	-0.0954821	-0.0167011	0.103663	0.233166	0.363065	0.490159	0.592145	0.661412	0.703308	0.722627	0.734088	0.747818	0.754123	0.744909	0.73066	0.707302	0.670076	0.611288	0.533039	0.446237	
0.386469	0.199052	0.057971	-0.0156862	-0.0387726	-0.0264982	0.0284584	0.121448	0.23677	0.360059	0.483285	0.580854	0.638919	0.672332	0.695337	0.712023	0.723775	0.722981	0.716368	0.707285	0.681894	0.644508	0.58998	0.517509	0.43955	
0.498905	0.317813	0.175613	0.0885523	0.0525431	0.0490498	0.0869298	0.154686	0.241828	0.343825	0.456738	0.547781	0.601036	0.634666	0.659284	0.672578	0.679797	0.680808	0.678256	0.6742	0.652375	0.618654	0.568771	0.509331	0.448877	
0.565949	0.405836	0.273693	0.181926	0.130744	0.110931	0.127231	0.170918	0.237841	0.321004	0.417445	0.499391	0.551505	0.584677	0.60828	0.621256	0.627638	0.632124	0.631311	0.631385	0.620219	0.595195	0.554616	0.509429	0.471954	
0.59013	0.445823	0.322003	0.225792	0.167517	0.132345	0.13133	0.161884	0.220016	0.292385	0.374432	0.444421	0.494404	0.524111	0.545035	0.555401	0.560798	0.569461	0.573363	0.576068	0.577531	0.573985	0.556861	0.530046	0.513605	
0.556257	0.423655	0.302402	0.208828	0.149569	0.11421	0.108421	0.133685	0.183233	0.245659	0.312483	0.372404	0.418567	0.449871	0.461995	0.466143	0.471574	0.480424	0.482585	0.493411	0.514981	0.53784	0.544386	0.547051	0.561031	
0.470412	0.352243	0.240523	0.150474	0.0933231	0.0614329	0.0562153	0.0811995	0.120688	0.172831	0.228795	0.27768	0.323512	0.352323	0.361275	0.356976	0.351292	0.355304	0.358989	0.380003	0.417945	0.4635	0.501735	0.541869	0.596854	
0.356833	0.251956	0.151053	0.0700766	0.0160226	-0.0145577	-0.0186274	-0.00046748	0.0290335	0.0718236	0.122485	0.166522	0.210458	0.243301	0.252674	0.240102	0.220171	0.211353	0.213699	0.242072	0.291469	0.355943	0.426237	0.511428	0.616376	
0.224178	0.131847	0.0486251	-0.0188927	-0.068076	-0.0957649	-0.100869	-0.0934359	-0.0780331	-0.041563	0.00335657	0.0460451	0.0883103	0.126173	0.138051	0.120446	0.0903551	0.0660681	0.061022	0.0924803	0.151795	0.235201	0.335547	0.462234	0.610666	
0.0785852	0.0040926	-0.0588694	-0.109459	-0.149169	-0.173945	-0.181146	-0.183716	-0.17837	-0.153347	-0.11385	-0.0744551	-0.0310148	0.00423067	0.0113915	-0.0147587	-0.0551438	-0.0843268	-0.0884786	-0.053877	0.0123538	0.108844	0.23397	0.389979	0.566742	
-0.0663924	-0.122492	-0.164257	-0.192181	-0.216215	-0.236977	-0.245874	-0.253539	-0.249688	-0.233707	-0.207943	-0.175805	-0.140442	-0.114129	-0.116965	-0.150494	-0.193546	-0.226366	-0.228095	-0.192309	-0.119868	-0.0118334	0.127123	0.292207	0.478897	
-0.188345	-0.228989	-0.249164	-0.25393	-0.258228	-0.269378	-0.278133	-0.290374	-0.293827	-0.290032	-0.278682	-0.257188	-0.234007	-0.219896	-0.231673	-0.263534	-0.299909	-0.329068	-0.332898	-0.300941	-0.225878	-0.114076	0.0285305	0.190806	0.369801	
-0.286355	-0.304326	-0.301381	-0.285699	-0.271711	-0.268355	-0.277779	-0.2972	-0.315582	-0.332942	-0.337838	-0.326135	-0.314273	-0.315331	-0.327504	-0.345396	-0.36693	-0.384	-0.379273	-0.344797	-0.276591	-0.174789	-0.0454614	0.098421	0.254374	
-0.358735	-0.35245	-0.319318	-0.283687	-0.25365	-0.239608	-0.246073	-0.271676	-0.311055	-0.353974	-0.377426	-0.380495	-0.379838	-0.386383	-0.391643	-0.391779	-0.391092	-0.385234	-0.362498	-0.323549	-0.265353	-0.185731	-0.0853087	0.0278413	0.154615	
-0.409225	-0.378009	-0.313114	-0.250033	-0.206058	-0.183419	-0.197054	-0.233908	-0.287695	-0.346974	-0.394082	-0.417293	-0.430876	-0.436711	-0.426466	-0.401074	-0.376716	-0.349173	-0.307919	-0.25525	-0.204998	-0.152722	-0.0844008	-0.000559696	0.0938021	
-0.423514	-0.373859	-0.286786	-0.202686	-0.13786	-0.111467	-0.140366	-0.194604	-0.263299	-0.33284	-0.390842	-0.430863	-0.450373	-0.452332	-0.427743	-0.386903	-0.341357	-0.284163	-0.214886	-0.148277	-0.10262	-0.0660702	-0.0248783	0.0283023	0.0868266	
-0.405154	-0.339809	-0.24366	-0.144758	-0.0712863	-0.0473027	-0.093462	-0.168275	-0.242706	-0.308846	-0.368353	-0.413296	-0.435125	-0.431397	-0.400268	-0.346607	-0.278059	-0.19198	-0.0955949	-0.00988363	0.0415664	0.0675635	0.0879671	0.113146	0.135821	
-0.366446	-0.291865	-0.190382	-0.0894963	-0.020167	-0.00699094	-0.0662046	-0.153711	-0.227593	-0.283006	-0.336316	-0.380357	-0.405045	-0.399843	-0.363154	-0.296235	-0.203103	-0.0912433	0.028443	0.130292	0.196172	0.223278	0.232026	0.230887	0.21724	
-0.328333	-0.250585	-0.148593	-0.0484824	0.0127215	0.0178166	-0.0422704	-0.131408	-0.203604	-0.252161	-0.296698	-0.340459	-0.372224	-0.375522	-0.338343	-0.258121	-0.142287	-0.00793593	0.128928	0.244409	0.323638	0.360445	0.362449	0.337032	0.287176	
-0.301664	-0.223399	-0.121694	-0.0258957	0.0268309	0.0297667	-0.0243036	-0.113692	-0.185433	-0.229697	-0.266492	-0.305466	-0.345381	-0.360681	-0.331162	-0.244817	-0.110836	0.03828	0.187773	0.31132	0.402423	0.441882	0.438201	0.397714	0.329654	
-0.29563	-0.217613	-0.116983	-0.0225071	0.0284025	0.0309535	-0.020904	-0.109901	-0.182749	-0.226275	-0.261502	-0.298942	-0.339809	-0.357714	-0.330463	-0.243801	-0.107941	0.0453173	0.197889	0.323856	0.415951	0.453847	0.450085	0.408191	0.337408	
-0.316162	-0.237679	-0.13592	-0.0371169	0.0207717	0.0247486	-0.0336582	-0.123234	-0.194818	-0.240955	-0.282675	-0.324688	-0.360127	-0.368644	-0.333742	-0.249951	-0.12528	0.015461	0.158118	0.277515	0.362061	0.401547	0.400767	0.367199	0.30754	
-0.349897	-0.274251	-0.171681	-0.0709432	-0.00414448	0.00398281	-0.0569265	-0.145948	-0.21868	-0.27092	-0.319964	-0.364974	-0.391822	-0.388664	-0.350512	-0.278311	-0.17592	-0.0544751	0.0729846	0.180144	0.252301	0.28265	0.28807	0.277622	0.248763	
-0.391776	-0.320904	-0.222202	-0.121359	-0.0488863	-0.0284639	-0.0812501	-0.162805	-0.237035	-0.29817	-0.357051	-0.401536	-0.424205	-0.419047	-0.385164	-0.325919	-0.247964	-0.15186	-0.0453804	0.047836	0.104434	0.129305	0.144497	0.15844	0.166188	
-0.419284	-0.362824	-0.27137	-0.180784	-0.109732	-0.0833541	-0.118383	-0.180971	-0.254312	-0.324326	-0.38353	-0.426697	-0.447051	-0.447146	-0.419394	-0.374222	-0.319467	-0.24943	-0.168776	-0.0954231	-0.0491446	-0.017517	0.0145858	0.0562524	0.100518	
-0.419328	-0.380306	-0.304705	-0.232323	-0.180584	-0.155563	-0.174872	-0.218229	-0.277714	-0.341965	-0.395157	-0.426317	-0.443465	-0.448139	-0.431445	-0.397995	-0.364962	-0.326769	-0.275385	-0.217428	-0.169112	-0.124754	-0.0681425	0.0041153	0.0838976	
-0.382256	-0.365614	-0.319364	-0.273227	-0.237604	-0.220531	-0.228067	-0.257196	-0.302823	-0.353369	-0.387203	-0.397746	-0.402619	-0.409243	-0.408266	-0.398922	-0.388955	-0.374637	-0.344453	-0.301162	-0.246347	-0.178307	-0.0900553	0.00999047	0.123933	
-0.318012	-0.326884	-0.312528	-0.288492	-0.267987	-0.260047	-0.267884	-0.289748	-0.316972	-0.344522	-0.356219	-0.349621	-0.342094	-0.346858	-0.357612	-0.368967	-0.381886	-0.390059	-0.379041	-0.342794	-0.278922	-0.185064	-0.0662151	0.0672083	0.211788	
-0.229951	-0.262472	-0.273545	-0.27105	-0.26745	-0.272904	-0.282046	-0.29754	-0.305556	-0.309759	-0.304612	-0.286654	-0.26789	-0.260271	-0.272734	-0.300269	-0.331493	-0.35804	-0.359268	-0.327906	-0.253323	-0.144366	-0.00513466	0.151532	0.323309	
-0.11858	-0.168971	-0.202288	-0.219762	-0.235655	-0.254245	-0.262452	-0.271579	-0.269309	-0.256837	-0.237252	-0.209549	-0.179254	-0.157777	-0.164566	-0.198743	-0.240515	-0.273172	-0.275814	-0.241087	-0.166943	-0.0564665	0.0862622	0.251822	0.436627	
0.0192431	-0.048074	-0.101867	-0.143628	-0.178109	-0.202243	-0.210595	-0.215911	-0.211792	-0.190509	-0.155902	-0.118447	-0.0771439	-0.0445477	-0.0407533	-0.0704601	-0.112469	-0.144055	-0.147033	-0.111329	-0.0420009	0.0598171	0.190261	0.352389	0.536294	
0.166892	0.0808529	0.00582635	-0.0557343	-0.101169	-0.127882	-0.133345	-0.130108	-0.119718	-0.0877448	-0.0446871	-0.00330791	0.040122	0.0772257	0.0887927	0.0685179	0.033383	0.00644362	0.00119606	0.0334441	0.0959564	0.184406	0.296737	0.437396	0.598442	
0.305903	0.205515	0.110526	0.0353074	-0.0171646	-0.0465468	-0.0512228	-0.037818	-0.0138547	0.0275775	0.0755415	0.119381	0.16208	0.197772	0.207645	0.19305	0.169486	0.153801	0.152907	0.182684	0.236002	0.308715	0.391309	0.494098	0.617495	
0.427701	0.315317	0.207203	0.120214	0.0644726	0.0322499	0.0275423	0.0517585	0.0879706	0.135339	0.188466	0.234227	0.279909	0.309106	0.318952	0.310698	0.297891	0.297988	0.302057	0.327494	0.370233	0.422986	0.474328	0.532211	0.607419	
0.526477	0.399215	0.281723	0.189505	0.130242	0.097391	0.0914113	0.116465	0.161667	0.220229	0.281578	0.336996	0.38307	0.413246	0.422587	0.424189	0.42674	0.434941	0.437025	0.451144	0.480183	0.513056	0.532253	0.548797	0.576489	
0.584052	0.44521	0.321326	0.225113	0.166193	0.128848	0.125049	0.152651	0.20773	0.275936	0.352389	0.418655	0.466483	0.496644	0.514966	0.522381	0.528607	0.537709	0.541809	0.547289	0.556447	0.562313	0.554435	0.538064	0.533436	
0.58162	0.428229	0.30081	0.207226	0.151875	0.125188	0.133102	0.169569	0.232615	0.311064	0.401643	0.478156	0.529755	0.561615	0.584506	0.597809	0.60334	0.609519	0.610028	0.61162	0.604858	0.587676	0.554868	0.516407	0.486212	
0.530649	0.357641	0.219043	0.128915	0.0871398	0.0772382	0.106656	0.164659	0.242165	0.335613	0.441104	0.529173	0.582032	0.616076	0.640801	0.653133	0.659544	0.661498	0.660348	0.657833	0.640215	0.608732	0.561408	0.506654	0.455721	
0.43683	0.249519	0.106276	0.0269365	-0.00177027	0.00325979	0.0511163	0.133685	0.238492	0.354863	0.475911	0.570916	0.625137	0.658518	0.682134	0.698216	0.708195	0.707278	0.702492	0.695387	0.669827	0.63361	0.580945	0.514457	0.441832	
0.299479	0.118306	-0.0155677	-0.0806332	-0.0933503	-0.0687389	-0.000239164	0.109785	0.235325	0.363855	0.489846	0.589675	0.654561	0.692372	0.712986	0.726977	0.739479	0.742752	0.734807	0.722967	0.698805	0.661582	0.603549	0.525952	0.442831	
