0.645061	0.723773	0.795204	0.85159	0.886986	0.893669	0.868974	0.819759	0.753788	0.6766	0.599446	0.540556	0.517757	0.542881	0.608816	0.69319	0.779298	0.850077	0.892775	0.89533	0.843502	0.738892	0.58321	0.398017	0.211085	
0.752146	0.871816	0.973695	1.04751	1.09009	1.09734	1.06903	1.00698	0.915459	0.801033	0.682216	0.588196	0.532551	0.526555	0.563462	0.631482	0.704331	0.765009	0.795741	0.795141	0.738985	0.615881	0.442824	0.250387	0.0556825	
0.824818	0.971568	1.09819	1.19	1.23776	1.24479	1.2143	1.14011	1.02566	0.883933	0.741359	0.624822	0.543024	0.504259	0.515501	0.568557	0.629507	0.6814	0.711048	0.705093	0.643643	0.511616	0.328877	0.131707	-0.0694095	
0.855689	1.0157	1.16282	1.27071	1.32885	1.33857	1.29952	1.2128	1.07718	0.919762	0.762808	0.627985	0.528785	0.466452	0.45358	0.492564	0.546231	0.591659	0.618129	0.611007	0.549222	0.424783	0.245226	0.0446011	-0.16287	
0.826586	1.00075	1.16256	1.28439	1.35797	1.37134	1.32036	1.21656	1.06897	0.894805	0.729931	0.583392	0.470209	0.402156	0.379213	0.407121	0.45874	0.502417	0.529466	0.523322	0.467692	0.35162	0.182857	-0.015092	-0.227888	
0.741221	0.924152	1.09316	1.22342	1.30181	1.3168	1.2615	1.15063	0.995261	0.813013	0.640758	0.48833	0.375056	0.316261	0.29677	0.321691	0.370738	0.423342	0.457559	0.459127	0.411042	0.303891	0.14616	-0.0486355	-0.25414	
0.617194	0.795989	0.967318	1.10253	1.18086	1.19383	1.14226	1.02688	0.866739	0.687941	0.515444	0.367312	0.263298	0.209279	0.202879	0.238946	0.298318	0.362597	0.414125	0.431063	0.396926	0.304469	0.157972	-0.0270453	-0.222634	
0.472402	0.645256	0.812923	0.946754	1.01998	1.03162	0.984256	0.871929	0.714174	0.541	0.37559	0.241799	0.150309	0.106347	0.117889	0.171372	0.247467	0.330211	0.402429	0.438968	0.424738	0.351387	0.221609	0.0558969	-0.12318	
0.322496	0.47967	0.639595	0.772512	0.849241	0.861916	0.810606	0.697769	0.544334	0.383794	0.239447	0.132621	0.0595292	0.028113	0.0561871	0.131956	0.230374	0.331563	0.418093	0.470695	0.474079	0.421725	0.315071	0.169221	0.00878611	
0.18171	0.32149	0.469339	0.593756	0.674755	0.689708	0.632652	0.523055	0.381998	0.234447	0.111454	0.03194	-0.011348	-0.020571	0.0249194	0.112085	0.225076	0.340033	0.438868	0.505809	0.523584	0.483451	0.393518	0.266511	0.120666	
0.0675991	0.191927	0.320683	0.427544	0.503841	0.51938	0.463261	0.365816	0.245374	0.115091	0.00850932	-0.0524053	-0.0721351	-0.0589131	0.000598836	0.100636	0.222916	0.344533	0.453188	0.527288	0.548087	0.515004	0.440093	0.328525	0.196786	
-0.0140211	0.0899494	0.191177	0.271054	0.326924	0.338452	0.297042	0.226114	0.132497	0.0254923	-0.0639972	-0.113762	-0.115143	-0.0795966	-0.00954206	0.0947116	0.21524	0.336106	0.449216	0.520563	0.535936	0.506875	0.444256	0.346182	0.232986	
-0.0746333	0.00396699	0.0802741	0.131124	0.165628	0.172183	0.147127	0.103208	0.0361282	-0.0441756	-0.112822	-0.147474	-0.137033	-0.0961026	-0.0172936	0.0880503	0.201108	0.315544	0.426292	0.490513	0.494877	0.46274	0.407931	0.33057	0.240514	
-0.117005	-0.060007	-0.00483251	0.0297427	0.0451982	0.0474659	0.037354	0.0123232	-0.0368705	-0.0960346	-0.142459	-0.166751	-0.155828	-0.111751	-0.0334044	0.0685097	0.176648	0.289553	0.388523	0.432764	0.429272	0.39074	0.341139	0.285515	0.220996	
-0.132731	-0.0878797	-0.0403993	-0.0138454	-0.00380977	-0.00286585	-0.00875776	-0.0267229	-0.0681247	-0.116112	-0.153545	-0.1734	-0.16429	-0.121452	-0.0467941	0.0505067	0.155009	0.255039	0.331923	0.359771	0.34256	0.295641	0.248878	0.21482	0.176584	
-0.122516	-0.0769792	-0.0252569	0.00738486	0.0258871	0.0306609	0.0158698	-0.00985491	-0.0552206	-0.10556	-0.144471	-0.165957	-0.155936	-0.115709	-0.0511695	0.0313536	0.123472	0.205545	0.258731	0.269376	0.244083	0.196179	0.150124	0.123662	0.108757	
-0.0869051	-0.030714	0.025693	0.0703021	0.0986204	0.103177	0.0837987	0.0458461	-0.00765219	-0.0652236	-0.116731	-0.14834	-0.142202	-0.1036	-0.0518745	0.0131562	0.0842329	0.137087	0.164166	0.162844	0.13917	0.0962513	0.0497633	0.0179948	0.00816116	
-0.0293971	0.0343746	0.0937929	0.145063	0.177407	0.182721	0.160648	0.116208	0.058515	-0.00344642	-0.0668808	-0.109593	-0.113008	-0.086257	-0.0412739	0.0114934	0.0574735	0.0831464	0.0843095	0.0673349	0.0385672	-0.00117535	-0.0520883	-0.0940286	-0.107257	
0.0277578	0.092252	0.155881	0.212491	0.247318	0.252892	0.23006	0.179989	0.118352	0.0531525	-0.00854843	-0.0523557	-0.0652415	-0.0480086	-0.00682962	0.0348663	0.061224	0.0641462	0.0406916	0.0034939	-0.0361437	-0.0869426	-0.146757	-0.199187	-0.224278	
0.0698637	0.125847	0.192313	0.254259	0.290621	0.295884	0.27302	0.218616	0.152131	0.0903774	0.0429271	0.00609721	-0.0108961	0.00335211	0.0413984	0.0768702	0.0902872	0.0714846	0.026128	-0.0273497	-0.0850976	-0.152597	-0.222353	-0.290803	-0.330555	
0.0923061	0.141294	0.203235	0.261714	0.296424	0.302368	0.279301	0.227494	0.165684	0.109289	0.0724368	0.0476499	0.0377937	0.052883	0.0883394	0.120537	0.124996	0.0949976	0.0405817	-0.023177	-0.0939323	-0.170888	-0.254034	-0.338364	-0.390022	
0.0893319	0.126146	0.180947	0.238225	0.277123	0.283155	0.257293	0.204331	0.146359	0.101365	0.0781046	0.0693441	0.0746619	0.0944663	0.127066	0.153838	0.155759	0.123965	0.0696285	0.00616498	-0.0617531	-0.138504	-0.229399	-0.326617	-0.391809	
0.0613507	0.0976915	0.14772	0.204215	0.248069	0.256578	0.224664	0.17038	0.116357	0.0732418	0.052163	0.0587467	0.0861258	0.120091	0.151811	0.175125	0.177125	0.15309	0.107299	0.0536602	0.000943824	-0.0651622	-0.152341	-0.249436	-0.323721	
0.0295162	0.0653856	0.117236	0.175464	0.225217	0.235357	0.197986	0.140044	0.0849096	0.0417862	0.0208491	0.0363372	0.0751023	0.117663	0.157441	0.186614	0.198279	0.185048	0.150804	0.107125	0.065018	0.0210123	-0.0429871	-0.118466	-0.187411	
0.00185445	0.0425217	0.098831	0.156992	0.204399	0.215041	0.178186	0.123018	0.0638863	0.0154194	-0.00960008	0.00449658	0.0470011	0.098444	0.14495	0.182041	0.20552	0.207534	0.186136	0.153589	0.124998	0.100533	0.0706971	0.0307203	-0.015368	
-0.0177574	0.024417	0.0844623	0.142193	0.183819	0.191546	0.161526	0.108871	0.0472582	-0.00352133	-0.0299199	-0.0200386	0.0158032	0.0668377	0.121366	0.166993	0.20023	0.214438	0.21096	0.191334	0.169996	0.165328	0.168379	0.16831	0.150282	
-0.0286798	0.0156823	0.0725521	0.122521	0.151474	0.15745	0.136434	0.0945891	0.0375865	-0.0130729	-0.0438345	-0.0420754	-0.0127535	0.0406537	0.102758	0.156917	0.196338	0.221253	0.226954	0.217151	0.209388	0.224649	0.253018	0.281551	0.286742	
-0.0421117	0.000189681	0.0519753	0.0943607	0.116987	0.11997	0.105807	0.0707033	0.0205545	-0.0270573	-0.057904	-0.0614139	-0.0332786	0.0261218	0.095318	0.151155	0.196534	0.228391	0.240066	0.237749	0.24172	0.268097	0.31417	0.362194	0.387809	
-0.061307	-0.0220763	0.0207049	0.0601137	0.0822674	0.0860764	0.0712964	0.0373338	-0.00468059	-0.0469142	-0.0768289	-0.0791815	-0.0454483	0.0198575	0.0891623	0.147081	0.197207	0.236456	0.251504	0.253038	0.264312	0.302075	0.354288	0.40898	0.452351	
-0.0700546	-0.0344923	-0.000922435	0.0323643	0.0540353	0.0573539	0.0430668	0.012547	-0.0203131	-0.0566154	-0.0856251	-0.0883751	-0.0516118	0.018148	0.0882939	0.146217	0.201576	0.246539	0.263284	0.264281	0.279812	0.322891	0.376921	0.433638	0.487958	
-0.0702073	-0.0361266	-0.00394656	0.027717	0.049248	0.0525979	0.0382814	0.0091161	-0.0224641	-0.0571964	-0.0859804	-0.0902182	-0.0523581	0.0180452	0.0881404	0.146148	0.203624	0.249711	0.265481	0.267885	0.285098	0.327217	0.3816	0.437629	0.494706	
-0.0667537	-0.0286155	0.00974004	0.0465702	0.0687649	0.0726636	0.0578088	0.0249781	-0.0125933	-0.0525637	-0.0823094	-0.0840272	-0.0485131	0.0192666	0.0886923	0.146409	0.198605	0.240471	0.256643	0.2576	0.271005	0.311932	0.365003	0.421406	0.469897	
-0.0498586	-0.00877254	0.0396217	0.0807018	0.102921	0.106249	0.0921	0.0577471	0.0103383	-0.0347195	-0.0655362	-0.068768	-0.0391385	0.0222468	0.092109	0.149199	0.196903	0.231664	0.244551	0.244166	0.2512	0.283187	0.332541	0.384306	0.417471	
-0.0327411	0.0116246	0.0668014	0.113069	0.137662	0.142283	0.125241	0.087371	0.0330897	-0.0169915	-0.0489293	-0.0507669	-0.0221138	0.0338687	0.0990577	0.15436	0.196089	0.223814	0.232538	0.22649	0.224617	0.243625	0.280384	0.318304	0.331994	
-0.0232926	0.0191864	0.0788387	0.134633	0.17221	0.17929	0.15238	0.102707	0.0417497	-0.00862137	-0.0357833	-0.0278101	0.00447651	0.0547017	0.112273	0.161994	0.198094	0.216697	0.218397	0.202548	0.184706	0.189674	0.204165	0.216892	0.208065	
-0.00736469	0.0351733	0.0937042	0.151752	0.196528	0.206627	0.171763	0.118109	0.0574337	0.00673557	-0.0192991	-0.00697929	0.0335605	0.0868405	0.136168	0.176442	0.203944	0.211254	0.19699	0.17025	0.145389	0.12787	0.111322	0.0882829	0.0537362	
0.018003	0.0544556	0.108418	0.166578	0.216944	0.227413	0.18915	0.131505	0.0749192	0.0300601	0.00892003	0.0245673	0.0657078	0.111497	0.154201	0.186611	0.203752	0.196111	0.166696	0.126496	0.0894773	0.0539729	0.00387801	-0.0587871	-0.120286	
0.0482752	0.0850894	0.134754	0.191941	0.237856	0.247694	0.213059	0.157514	0.103663	0.0604107	0.0389382	0.0505125	0.0838155	0.122544	0.156248	0.181609	0.186048	0.165979	0.124749	0.0753509	0.0275084	-0.0295369	-0.110905	-0.201958	-0.276051	
0.080318	0.115179	0.167778	0.224602	0.26512	0.271834	0.244007	0.190717	0.134747	0.0914578	0.0707106	0.0681528	0.0823458	0.107342	0.13901	0.163646	0.165104	0.135386	0.0836959	0.0232248	-0.038786	-0.113238	-0.204846	-0.303794	-0.373515	
0.0944081	0.138565	0.197648	0.255152	0.290664	0.296962	0.272922	0.221572	0.161354	0.109152	0.0782576	0.059606	0.0546401	0.0709168	0.104659	0.135539	0.138996	0.1068	0.0506605	-0.0138565	-0.0851793	-0.163218	-0.250433	-0.341011	-0.398138	
0.0807023	0.134697	0.200484	0.261506	0.297466	0.302951	0.279666	0.226167	0.160721	0.100023	0.0573726	0.0257571	0.00937204	0.0239933	0.0611812	0.0948145	0.103586	0.0789143	0.0291367	-0.0296825	-0.0945046	-0.166383	-0.242252	-0.316711	-0.361128	
0.047026	0.1081	0.173664	0.233578	0.268756	0.274361	0.251572	0.199331	0.134486	0.0702516	0.0140977	-0.0283403	-0.0433621	-0.0280836	0.010986	0.0500472	0.0710587	0.0646637	0.0308433	-0.0130202	-0.0586332	-0.116697	-0.180371	-0.239242	-0.270278	
-0.00544461	0.0600036	0.120674	0.174016	0.207048	0.212204	0.190369	0.143681	0.0848359	0.0211982	-0.0436717	-0.0874177	-0.0955782	-0.0736148	-0.0297699	0.0180997	0.0550253	0.0715544	0.0634026	0.0372438	0.00439542	-0.0375649	-0.0914714	-0.136538	-0.154271	
-0.0660216	-0.00552499	0.0524948	0.100129	0.130442	0.135507	0.114581	0.0740075	0.0180483	-0.0419895	-0.0997552	-0.136046	-0.132972	-0.0983702	-0.0498177	0.0100188	0.0705712	0.112031	0.127826	0.121662	0.0978505	0.0574667	0.0088097	-0.0275564	-0.0376319	
-0.111407	-0.0624703	-0.00848652	0.0294378	0.051674	0.0565961	0.0399874	0.00911398	-0.0400016	-0.0933277	-0.135381	-0.160559	-0.151104	-0.110626	-0.0522066	0.0228804	0.108283	0.178812	0.221827	0.22737	0.20229	0.155211	0.110015	0.083134	0.072102	
-0.132035	-0.0870642	-0.0386012	-0.0126717	0.000502093	0.00290376	-0.00648521	-0.0255425	-0.0668523	-0.11496	-0.152645	-0.171509	-0.162104	-0.121483	-0.0499419	0.0435969	0.144558	0.237942	0.305738	0.326516	0.304435	0.256986	0.210352	0.180734	0.15336	
-0.126474	-0.0770584	-0.0265982	0.00462177	0.0148271	0.0163133	0.00998527	-0.0108102	-0.0560398	-0.108693	-0.148909	-0.171155	-0.161067	-0.116262	-0.0398002	0.0604403	0.167921	0.277097	0.367212	0.404781	0.397019	0.354105	0.305025	0.259269	0.205668	
-0.0946723	-0.0250166	0.0421507	0.0841877	0.111231	0.115983	0.0971537	0.0615769	0.00351647	-0.0680235	-0.127156	-0.156219	-0.144225	-0.103068	-0.0233875	0.0809442	0.191868	0.30597	0.414105	0.470153	0.470751	0.436978	0.385544	0.316559	0.23583	
-0.0396316	0.054082	0.144843	0.212806	0.259003	0.268439	0.233874	0.175291	0.0921532	-0.00380084	-0.0855891	-0.130095	-0.12632	-0.0863031	-0.011875	0.0933464	0.210917	0.329118	0.441408	0.512009	0.523014	0.493694	0.434056	0.342546	0.239212	
0.0312183	0.147793	0.266584	0.363406	0.432752	0.446692	0.396168	0.30759	0.197537	0.0754928	-0.0239192	-0.0799707	-0.0917217	-0.0688278	-0.00506813	0.0973232	0.220443	0.342885	0.454762	0.527102	0.546604	0.515373	0.44649	0.341023	0.215346	
