0.0535789	0.128441	0.210833	0.317829	0.42944	0.536199	0.610926	0.63739	0.606712	0.533811	0.444439	0.351343	0.24409	0.112048	-0.0293104	-0.174342	-0.305509	-0.412131	-0.505097	-0.576566	-0.617551	-0.632992	-0.629573	-0.600234	-0.543618	
-0.018619	0.0332987	0.0974227	0.198843	0.319512	0.44442	0.553885	0.61997	0.631713	0.600806	0.548143	0.476328	0.379533	0.257511	0.121544	-0.0260184	-0.170296	-0.302804	-0.431451	-0.53262	-0.591513	-0.624166	-0.639749	-0.631089	-0.594778	
-0.0775514	-0.0461077	0.00885604	0.100618	0.220668	0.353458	0.479866	0.573759	0.622819	0.634442	0.618349	0.569982	0.486019	0.371166	0.245654	0.110291	-0.0332957	-0.172137	-0.312405	-0.433731	-0.515799	-0.573743	-0.61305	-0.62545	-0.613808	
-0.111242	-0.0932617	-0.0511486	0.0293402	0.13612	0.259541	0.386384	0.489681	0.564344	0.614897	0.637132	0.615883	0.554873	0.460705	0.351289	0.23952	0.114895	-0.0208378	-0.162171	-0.290183	-0.39236	-0.48008	-0.549909	-0.593256	-0.613907	
-0.127494	-0.120506	-0.0893792	-0.0291768	0.059131	0.159495	0.26864	0.369101	0.457753	0.540638	0.605339	0.623056	0.595199	0.534125	0.44979	0.35867	0.256363	0.139309	0.00975964	-0.118966	-0.236849	-0.352098	-0.454955	-0.535445	-0.599367	
-0.144728	-0.149762	-0.125835	-0.0813659	-0.0149265	0.0644791	0.150053	0.23626	0.33016	0.432679	0.52794	0.587097	0.603517	0.586277	0.539566	0.476345	0.390621	0.285102	0.174838	0.0591658	-0.0670094	-0.20502	-0.340908	-0.465667	-0.578738	
-0.168235	-0.177928	-0.162024	-0.128693	-0.0793299	-0.0221439	0.0427355	0.113553	0.202962	0.316379	0.429764	0.516917	0.574348	0.604648	0.600932	0.573665	0.516298	0.424123	0.319825	0.208455	0.077949	-0.0741148	-0.231687	-0.387945	-0.541653	
-0.194371	-0.204353	-0.188814	-0.16347	-0.126515	-0.0851391	-0.0429185	0.0121276	0.0930395	0.202181	0.322566	0.429121	0.516542	0.589086	0.62795	0.631732	0.597088	0.521669	0.42807	0.315893	0.176752	0.0198699	-0.142597	-0.309052	-0.476643	
-0.220143	-0.227557	-0.210782	-0.185662	-0.156064	-0.124141	-0.0933614	-0.0525003	0.0186032	0.117296	0.223446	0.32906	0.427803	0.521022	0.591303	0.625369	0.615227	0.555663	0.472742	0.369843	0.234722	0.0836407	-0.0665601	-0.221278	-0.382767	
-0.23266	-0.231952	-0.211501	-0.185589	-0.15927	-0.135423	-0.116509	-0.0853487	-0.0294296	0.0506587	0.135399	0.219782	0.30801	0.399614	0.477201	0.527251	0.543106	0.516907	0.462903	0.381022	0.266092	0.136909	0.00615367	-0.128129	-0.266729	
-0.226623	-0.217253	-0.192726	-0.165197	-0.143742	-0.127638	-0.120935	-0.106147	-0.0681297	-0.0177239	0.0326982	0.0886407	0.152105	0.229105	0.306107	0.363947	0.40055	0.40902	0.396866	0.356634	0.277627	0.183296	0.0855988	-0.0212598	-0.132729	
-0.204441	-0.192759	-0.170435	-0.149078	-0.13711	-0.135132	-0.142339	-0.142244	-0.125113	-0.09905	-0.0812416	-0.0567293	-0.0173168	0.0363672	0.10246	0.163198	0.216499	0.259309	0.287934	0.293071	0.265654	0.220434	0.166177	0.102809	0.0346299	
-0.194845	-0.183942	-0.169422	-0.156786	-0.158214	-0.170164	-0.192077	-0.205138	-0.203243	-0.199639	-0.20293	-0.200456	-0.181163	-0.144433	-0.0935093	-0.0400046	0.0195133	0.0852604	0.150295	0.20095	0.229406	0.248876	0.25673	0.247768	0.2313	
-0.216174	-0.210535	-0.203716	-0.201851	-0.212593	-0.235836	-0.264743	-0.284622	-0.291568	-0.30027	-0.320085	-0.330446	-0.324572	-0.304276	-0.263995	-0.218124	-0.15851	-0.0763598	0.0156764	0.106776	0.190916	0.272921	0.346759	0.404064	0.445998	
-0.266283	-0.264864	-0.264968	-0.269839	-0.289399	-0.318926	-0.352224	-0.373283	-0.38411	-0.398689	-0.423068	-0.440141	-0.437324	-0.423267	-0.391371	-0.346341	-0.283288	-0.19006	-0.0779621	0.0420823	0.16987	0.305624	0.432991	0.542978	0.638451	
-0.341719	-0.340715	-0.34484	-0.354578	-0.376385	-0.409502	-0.44141	-0.460074	-0.469204	-0.484183	-0.505332	-0.515612	-0.507578	-0.487085	-0.449697	-0.401812	-0.332302	-0.227677	-0.104535	0.0295018	0.17849	0.341502	0.502866	0.651699	0.787058	
-0.427442	-0.428933	-0.433326	-0.44464	-0.467071	-0.49628	-0.521339	-0.529914	-0.529382	-0.534042	-0.543427	-0.539561	-0.514553	-0.482059	-0.433345	-0.372319	-0.297037	-0.190587	-0.0670713	0.0665673	0.219606	0.388766	0.557993	0.722688	0.883959	
-0.517093	-0.511996	-0.513615	-0.519494	-0.534141	-0.555101	-0.565935	-0.558487	-0.542926	-0.531805	-0.520125	-0.496452	-0.453438	-0.403567	-0.345901	-0.279574	-0.198583	-0.0915192	0.0241682	0.14545	0.287252	0.447322	0.610861	0.774822	0.941257	
-0.582104	-0.569824	-0.559482	-0.555548	-0.556971	-0.560434	-0.552648	-0.525331	-0.490908	-0.463879	-0.436049	-0.394205	-0.336293	-0.275912	-0.208283	-0.135748	-0.0577	0.0419263	0.148331	0.257269	0.384266	0.525795	0.669413	0.816051	0.968833	
-0.596018	-0.568772	-0.546638	-0.527944	-0.514898	-0.503942	-0.477683	-0.433384	-0.385361	-0.343588	-0.300391	-0.247549	-0.179796	-0.11273	-0.045779	0.0275525	0.107952	0.203443	0.297602	0.389848	0.498478	0.616798	0.73181	0.847169	0.967049	
-0.546322	-0.50701	-0.470288	-0.440604	-0.414136	-0.388284	-0.34935	-0.292718	-0.234935	-0.188309	-0.137836	-0.0764434	-0.00452881	0.0669762	0.137842	0.210142	0.283828	0.369913	0.45328	0.529269	0.6139	0.701054	0.778921	0.851882	0.926622	
-0.433061	-0.384126	-0.340263	-0.301941	-0.268669	-0.236083	-0.187117	-0.123635	-0.0610384	-0.00727693	0.048195	0.1123	0.186312	0.255602	0.320521	0.389182	0.458447	0.53182	0.593857	0.644624	0.700712	0.751445	0.787069	0.815976	0.844115	
-0.2742	-0.219607	-0.169357	-0.127507	-0.0886782	-0.0497864	0.00262845	0.070214	0.133869	0.184879	0.241624	0.30568	0.375375	0.440847	0.497566	0.551812	0.60185	0.65288	0.691256	0.713032	0.734469	0.748404	0.744855	0.732255	0.720739	
-0.0717872	-0.0157534	0.0347549	0.0778477	0.116413	0.155236	0.210269	0.276038	0.336829	0.385495	0.435001	0.490134	0.547381	0.595106	0.632162	0.66673	0.695357	0.718647	0.72424	0.714638	0.705465	0.686106	0.651537	0.612756	0.575843	
0.165243	0.22007	0.26916	0.308243	0.343398	0.378346	0.425444	0.483321	0.531425	0.564054	0.599949	0.637492	0.674164	0.700746	0.711868	0.717962	0.716771	0.710701	0.69015	0.654265	0.620203	0.58066	0.527791	0.472445	0.4247	
0.432336	0.479579	0.518969	0.547945	0.570731	0.591965	0.626262	0.665779	0.69463	0.706737	0.717658	0.73026	0.738692	0.735859	0.719596	0.699477	0.674771	0.644953	0.601256	0.548588	0.501598	0.450382	0.392298	0.33756	0.290149	
0.705979	0.739659	0.764417	0.775329	0.778976	0.779989	0.789845	0.805218	0.806046	0.789379	0.774104	0.758739	0.740775	0.712541	0.67069	0.628676	0.584166	0.538216	0.484514	0.424465	0.374215	0.324853	0.269217	0.218029	0.178715	
0.955235	0.970908	0.97437	0.963324	0.943143	0.918623	0.904147	0.891517	0.865275	0.821642	0.778969	0.739024	0.696082	0.646921	0.588356	0.531423	0.477755	0.425471	0.367194	0.308055	0.260922	0.215536	0.169006	0.129469	0.098937	
1.14935	1.14599	1.13045	1.09758	1.05472	1.00798	0.968796	0.933208	0.882984	0.817082	0.75469	0.695976	0.6382	0.574889	0.504769	0.442017	0.383458	0.328661	0.272529	0.217251	0.176745	0.140023	0.100206	0.0671566	0.0458034	
1.261	1.24632	1.21655	1.17002	1.11323	1.05105	0.998324	0.947604	0.883433	0.804149	0.72984	0.661198	0.593314	0.524622	0.450572	0.382823	0.324075	0.271399	0.217173	0.165608	0.128573	0.0955349	0.0625765	0.0366614	0.0194706	
1.28169	1.26329	1.23188	1.1823	1.12198	1.05798	1.00179	0.948874	0.882466	0.801587	0.725012	0.654426	0.586369	0.514584	0.439156	0.373844	0.314778	0.260676	0.206759	0.156024	0.121078	0.089915	0.0564419	0.0301057	0.0145486	
1.20366	1.1957	1.17301	1.13369	1.08475	1.03011	0.9846	0.941521	0.884103	0.811215	0.743226	0.67964	0.616289	0.551436	0.479599	0.41259	0.353706	0.30075	0.245721	0.192071	0.152489	0.117189	0.0814	0.0522372	0.0326639	
1.04209	1.0489	1.0446	1.0241	0.993617	0.960065	0.934838	0.912273	0.875959	0.823248	0.771329	0.722839	0.673596	0.616427	0.552133	0.493907	0.437968	0.3833	0.324958	0.267331	0.223564	0.181981	0.137687	0.100547	0.0742501	
0.809499	0.837219	0.853686	0.856017	0.851286	0.841915	0.842145	0.846298	0.83549	0.807179	0.780942	0.755247	0.726144	0.690188	0.641327	0.590531	0.540912	0.49246	0.436713	0.376297	0.325912	0.277554	0.225909	0.179233	0.14329	
0.543477	0.585298	0.619538	0.641962	0.657184	0.671382	0.696857	0.727153	0.745738	0.747724	0.747775	0.74907	0.747046	0.732104	0.70461	0.676321	0.643515	0.605677	0.555872	0.499211	0.450539	0.399069	0.340774	0.286775	0.242202	
0.268809	0.322017	0.368288	0.403902	0.435999	0.466467	0.509224	0.560941	0.601674	0.626309	0.653441	0.681741	0.70725	0.723646	0.72452	0.718291	0.706168	0.690141	0.660088	0.616454	0.575118	0.529706	0.473895	0.416905	0.36815	
0.0196059	0.0753642	0.12552	0.167606	0.205069	0.243051	0.296434	0.359735	0.416764	0.461401	0.506052	0.555136	0.605257	0.644012	0.670914	0.695177	0.713028	0.724577	0.718093	0.696951	0.677204	0.648105	0.604382	0.557794	0.515141	
-0.198521	-0.142615	-0.0914028	-0.0489736	-0.00916593	0.0306673	0.0843561	0.151974	0.214855	0.264966	0.320019	0.381647	0.44718	0.507822	0.558562	0.605081	0.646418	0.68644	0.71259	0.722127	0.73003	0.730148	0.71342	0.687584	0.663912	
-0.37439	-0.322633	-0.276281	-0.2364	-0.200555	-0.165619	-0.114137	-0.0487864	0.0145817	0.0691086	0.125455	0.190291	0.263385	0.33103	0.393401	0.457233	0.520586	0.586936	0.639665	0.678932	0.721673	0.757078	0.775911	0.787947	0.799556	
-0.508088	-0.464292	-0.423891	-0.390297	-0.360579	-0.330821	-0.287542	-0.227974	-0.167823	-0.118691	-0.0658165	-0.00284158	0.0700683	0.142173	0.211865	0.283305	0.355807	0.436611	0.51244	0.579799	0.653078	0.726779	0.788809	0.842776	0.897859	
-0.58387	-0.551251	-0.523178	-0.500354	-0.481083	-0.4643	-0.431927	-0.381964	-0.329874	-0.284613	-0.237914	-0.180959	-0.11121	-0.0427631	0.0262243	0.0989726	0.176836	0.270108	0.360712	0.446575	0.546397	0.652704	0.752845	0.852835	0.956851	
-0.595264	-0.576904	-0.562178	-0.551962	-0.547991	-0.545001	-0.529097	-0.495188	-0.454542	-0.421398	-0.386875	-0.340007	-0.277945	-0.213543	-0.145736	-0.0726263	0.00731301	0.104469	0.205442	0.308278	0.427853	0.561432	0.695896	0.830696	0.971124	
-0.547379	-0.540063	-0.537239	-0.540761	-0.550302	-0.564846	-0.568564	-0.552861	-0.530023	-0.512002	-0.493321	-0.461487	-0.411986	-0.358031	-0.295278	-0.226038	-0.147073	-0.0424448	0.0707085	0.187191	0.323467	0.476757	0.632484	0.79155	0.956439	
-0.464864	-0.463449	-0.468059	-0.4773	-0.49776	-0.524705	-0.544038	-0.547615	-0.541769	-0.540663	-0.541849	-0.530354	-0.498611	-0.4581	-0.405809	-0.342927	-0.263618	-0.156164	-0.0359159	0.0933593	0.242518	0.409808	0.579682	0.746027	0.910538	
-0.374393	-0.375324	-0.379458	-0.391102	-0.414188	-0.445924	-0.476229	-0.491446	-0.497456	-0.509413	-0.527005	-0.532217	-0.518107	-0.494469	-0.452525	-0.398452	-0.32754	-0.222453	-0.0971756	0.0389103	0.191808	0.359705	0.52575	0.682965	0.831852	
-0.295128	-0.292857	-0.295261	-0.302139	-0.322638	-0.354805	-0.387544	-0.408472	-0.420029	-0.435939	-0.459625	-0.475257	-0.472304	-0.455988	-0.423033	-0.379207	-0.31346	-0.214067	-0.0963428	0.0306649	0.168845	0.318545	0.463367	0.591729	0.704159	
-0.232095	-0.229073	-0.225172	-0.22632	-0.242158	-0.267756	-0.298858	-0.319864	-0.328481	-0.340028	-0.36315	-0.377319	-0.373389	-0.358036	-0.322564	-0.276183	-0.215411	-0.129904	-0.0292814	0.0755577	0.179873	0.285796	0.382574	0.462188	0.526938	
-0.200392	-0.190802	-0.178964	-0.171192	-0.175849	-0.193091	-0.218545	-0.234647	-0.237608	-0.240712	-0.251149	-0.254308	-0.24209	-0.211869	-0.164631	-0.115761	-0.0569311	0.0168235	0.0945901	0.162491	0.213055	0.257736	0.292932	0.310695	0.317101	
-0.197145	-0.185289	-0.166193	-0.14758	-0.141947	-0.145996	-0.159003	-0.164899	-0.154594	-0.137429	-0.129306	-0.115186	-0.0838444	-0.0381138	0.0207207	0.080155	0.138439	0.191503	0.234648	0.258025	0.2532	0.233171	0.201734	0.158255	0.109866	
-0.218893	-0.208194	-0.182796	-0.1574	-0.138661	-0.127272	-0.126153	-0.117165	-0.0875145	-0.048393	-0.0122881	0.03151	0.0843138	0.152209	0.2273	0.287016	0.330173	0.352516	0.357566	0.336361	0.27621	0.198926	0.11729	0.0261409	-0.070096	
