0.659177	0.797608	0.929954	1.04576	1.12752	1.1695	1.19096	1.1992	1.19668	1.15782	1.07567	0.956976	0.798175	0.608608	0.41058	0.224873	0.0809513	0.0170401	0.0296016	0.095675	0.210071	0.353782	0.489245	0.582978	0.616683	
0.651178	0.780592	0.90277	1.01415	1.10665	1.16353	1.20183	1.2242	1.23717	1.21144	1.13553	1.01852	0.872248	0.68974	0.49042	0.301232	0.152678	0.0801278	0.0889448	0.168789	0.294972	0.445405	0.578672	0.666891	0.689188	
0.592608	0.705872	0.808602	0.912603	1.01663	1.10113	1.16396	1.20852	1.23151	1.21851	1.15696	1.04862	0.912912	0.744624	0.551894	0.360037	0.203259	0.124521	0.130548	0.219433	0.36351	0.516077	0.646263	0.727861	0.741282	
0.480479	0.574572	0.662264	0.760768	0.875563	0.990287	1.0852	1.16118	1.20588	1.20873	1.16255	1.0668	0.933957	0.768863	0.584088	0.40052	0.245778	0.160804	0.162407	0.255335	0.409806	0.562459	0.686865	0.756458	0.764193	
0.315678	0.391415	0.471076	0.574115	0.70715	0.849723	0.98279	1.09501	1.16645	1.1854	1.15426	1.06569	0.933456	0.768617	0.588741	0.416782	0.27218	0.188774	0.192094	0.27797	0.420261	0.570579	0.690893	0.7585	0.764787	
0.119533	0.17983	0.260188	0.376222	0.529481	0.697578	0.861293	1.0059	1.10791	1.15004	1.1261	1.04273	0.910072	0.747687	0.575384	0.412317	0.280072	0.205394	0.208574	0.285238	0.408659	0.545552	0.663742	0.733873	0.747676	
-0.0732272	-0.0234144	0.060358	0.18615	0.357995	0.548849	0.735182	0.901184	1.02245	1.08113	1.06501	0.983436	0.849387	0.691187	0.529334	0.379418	0.264457	0.205523	0.209412	0.272431	0.378462	0.50771	0.624514	0.697295	0.716313	
-0.225415	-0.182099	-0.0962003	0.0377546	0.220517	0.425879	0.62693	0.79423	0.916441	0.975506	0.964211	0.884996	0.751497	0.598178	0.449557	0.317962	0.224556	0.182427	0.190802	0.246184	0.341367	0.465665	0.575256	0.649107	0.672216	
-0.311988	-0.278373	-0.200455	-0.0655447	0.123993	0.337645	0.54101	0.698916	0.804711	0.850278	0.834911	0.760861	0.635506	0.488661	0.348578	0.234965	0.162233	0.137991	0.153243	0.209714	0.301593	0.418242	0.521458	0.590733	0.613157	
-0.340762	-0.322018	-0.257067	-0.125435	0.0601042	0.26561	0.45436	0.598266	0.684249	0.71711	0.696273	0.626504	0.511486	0.370993	0.241373	0.147292	0.0944741	0.0827357	0.1039	0.16207	0.257301	0.371797	0.470124	0.531097	0.550677	
-0.329375	-0.325199	-0.27439	-0.152819	0.0162371	0.202126	0.367317	0.489611	0.559012	0.579112	0.551615	0.482874	0.375685	0.249539	0.134336	0.0598076	0.0298425	0.0294723	0.0618193	0.122472	0.213645	0.319354	0.421345	0.482829	0.504294	
-0.279332	-0.278622	-0.244083	-0.145306	-0.0032423	0.150042	0.287144	0.389564	0.443062	0.449634	0.414233	0.341962	0.243215	0.135656	0.036184	-0.0224014	-0.03667	-0.022299	0.022936	0.0886095	0.17694	0.273012	0.367014	0.432641	0.4561	
-0.194055	-0.190754	-0.164278	-0.0938308	0.0118018	0.125922	0.230747	0.31183	0.347492	0.343174	0.302354	0.231964	0.13855	0.0400136	-0.0407721	-0.092091	-0.100858	-0.0747516	-0.0190068	0.0521266	0.133337	0.218457	0.29742	0.353803	0.382197	
-0.0856851	-0.0764845	-0.0575932	-0.0179998	0.046661	0.131102	0.207062	0.260826	0.27614	0.257391	0.214992	0.156554	0.0749807	-0.015019	-0.0938345	-0.142776	-0.148013	-0.120905	-0.0644521	0.00259384	0.0708978	0.139462	0.197752	0.242899	0.275413	
0.0240446	0.0350315	0.0440913	0.0585364	0.0903642	0.145557	0.200976	0.234459	0.226597	0.192882	0.151507	0.107759	0.0465321	-0.0327806	-0.111155	-0.164911	-0.177247	-0.156333	-0.115566	-0.064858	-0.00813467	0.045094	0.0812088	0.112801	0.143835	
0.102593	0.120139	0.127045	0.130573	0.147566	0.182902	0.218619	0.233932	0.211763	0.16823	0.126268	0.0958174	0.0513515	-0.0163055	-0.088457	-0.147007	-0.17189	-0.16592	-0.148903	-0.121253	-0.0860419	-0.052429	-0.0380536	-0.0250041	-0.00348248	
0.154743	0.178799	0.187664	0.190571	0.20053	0.225823	0.242861	0.239285	0.210844	0.169193	0.135253	0.114344	0.0824402	0.0298395	-0.031943	-0.0898794	-0.126842	-0.143058	-0.15316	-0.155774	-0.146756	-0.139773	-0.145471	-0.152573	-0.149235	
0.176827	0.207017	0.215447	0.217527	0.226897	0.244952	0.254129	0.24191	0.215194	0.188047	0.169577	0.160835	0.139511	0.104172	0.0581063	0.00785249	-0.0415542	-0.082766	-0.120247	-0.155531	-0.179257	-0.207532	-0.23792	-0.267621	-0.287345	
0.165144	0.189447	0.198145	0.200359	0.211694	0.226488	0.235746	0.226293	0.213413	0.207236	0.212996	0.220721	0.215368	0.198464	0.169773	0.126181	0.0697335	0.00758286	-0.0622897	-0.132245	-0.191314	-0.251619	-0.314255	-0.369731	-0.40861	
0.129374	0.14351	0.149376	0.154562	0.161969	0.171265	0.179303	0.177778	0.187839	0.208905	0.238143	0.265733	0.280971	0.285441	0.276438	0.243791	0.185985	0.104134	0.00360336	-0.100158	-0.195204	-0.286781	-0.375579	-0.45221	-0.504642	
0.0794109	0.083797	0.0869045	0.0919458	0.100513	0.110231	0.115913	0.12307	0.147253	0.186968	0.232231	0.278465	0.315786	0.343111	0.348498	0.330392	0.281744	0.192541	0.0650963	-0.072392	-0.196737	-0.313405	-0.426964	-0.524325	-0.586749	
0.0294808	0.0256302	0.0221594	0.0248005	0.0351304	0.0452686	0.0511462	0.0625944	0.0924992	0.140221	0.196912	0.256733	0.311976	0.355074	0.375643	0.365385	0.320057	0.233004	0.100329	-0.0506159	-0.19611	-0.331548	-0.46608	-0.57639	-0.648565	
-0.00213177	-0.0206611	-0.0347387	-0.0387188	-0.034467	-0.0229172	-0.0174933	-0.00599219	0.0266242	0.0730335	0.127756	0.190604	0.25216	0.3059	0.343415	0.34691	0.310824	0.230237	0.105724	-0.0402455	-0.195655	-0.345731	-0.488288	-0.608608	-0.688679	
-0.00371289	-0.0395034	-0.0681534	-0.0841851	-0.0874428	-0.0813445	-0.0802041	-0.0706879	-0.0508985	-0.0182098	0.0244906	0.0782284	0.135639	0.20047	0.259056	0.287254	0.264781	0.196406	0.0894964	-0.045812	-0.198914	-0.357024	-0.50472	-0.623448	-0.703265	
0.0229394	-0.0232609	-0.0659808	-0.0941003	-0.10446	-0.112462	-0.122753	-0.132321	-0.138809	-0.13374	-0.109202	-0.0640802	-0.0080979	0.0624584	0.136536	0.179419	0.175071	0.132498	0.0547315	-0.0624827	-0.209438	-0.365881	-0.508446	-0.619313	-0.688616	
0.0607432	0.014066	-0.0265792	-0.0562682	-0.0790797	-0.111375	-0.154456	-0.199663	-0.233744	-0.25831	-0.25728	-0.224937	-0.170357	-0.0944483	-0.0142735	0.041667	0.0606353	0.0453347	-0.00401062	-0.0955	-0.224243	-0.369448	-0.504384	-0.606132	-0.661165	
0.100072	0.0615119	0.0317661	0.00746084	-0.0260613	-0.0919847	-0.178034	-0.264052	-0.334169	-0.381131	-0.398805	-0.380272	-0.328888	-0.251524	-0.169629	-0.106402	-0.0668987	-0.051478	-0.072379	-0.144118	-0.250819	-0.376816	-0.49853	-0.590574	-0.630151	
0.138557	0.109322	0.0905071	0.0683588	0.0253573	-0.0631317	-0.187577	-0.318493	-0.429033	-0.501197	-0.530607	-0.515014	-0.463353	-0.385643	-0.309459	-0.248971	-0.198949	-0.162899	-0.158524	-0.205219	-0.288553	-0.391455	-0.493255	-0.565081	-0.585028	
0.169147	0.150278	0.142449	0.128458	0.0766342	-0.0245344	-0.173572	-0.343635	-0.494658	-0.595002	-0.635382	-0.623225	-0.569341	-0.493955	-0.417337	-0.356672	-0.302985	-0.258748	-0.240614	-0.266477	-0.330274	-0.412061	-0.489378	-0.538868	-0.543071	
0.189325	0.179356	0.182965	0.175313	0.119977	0.0103692	-0.156137	-0.348638	-0.529391	-0.647971	-0.697775	-0.690072	-0.639909	-0.561906	-0.480114	-0.414983	-0.361962	-0.31857	-0.295324	-0.31275	-0.365875	-0.432791	-0.488085	-0.515733	-0.505939	
0.193884	0.18397	0.190312	0.184595	0.129256	0.017151	-0.153643	-0.349295	-0.535376	-0.657385	-0.708789	-0.702489	-0.653432	-0.575918	-0.492538	-0.425042	-0.371827	-0.329412	-0.307144	-0.323597	-0.372603	-0.435446	-0.487866	-0.510302	-0.497816	
0.178398	0.164557	0.161158	0.150708	0.0970046	-0.00844508	-0.165542	-0.34703	-0.511281	-0.62042	-0.665693	-0.655616	-0.602934	-0.526249	-0.447715	-0.385895	-0.332203	-0.287876	-0.266158	-0.287321	-0.346778	-0.421381	-0.488283	-0.528879	-0.527302	
0.152419	0.126741	0.111628	0.0923081	0.0452793	-0.0485878	-0.184423	-0.332082	-0.459603	-0.543592	-0.577249	-0.562433	-0.508587	-0.432642	-0.3582	-0.298074	-0.245731	-0.204451	-0.193614	-0.230811	-0.304953	-0.399261	-0.491748	-0.554664	-0.567233	
0.115471	0.0812224	0.0560079	0.0325844	-0.00476251	-0.0820815	-0.184913	-0.288395	-0.374382	-0.430328	-0.453028	-0.436561	-0.386465	-0.308589	-0.228027	-0.16476	-0.12033	-0.0954249	-0.105138	-0.167555	-0.265268	-0.381614	-0.496411	-0.581085	-0.613572	
0.0758851	0.0320002	-0.00414501	-0.0318881	-0.0592611	-0.104975	-0.164209	-0.225719	-0.273017	-0.307482	-0.315152	-0.28902	-0.235217	-0.1587	-0.0772957	-0.0175816	0.0114895	0.00841701	-0.0302109	-0.113086	-0.233029	-0.371284	-0.501559	-0.601005	-0.649615	
0.0379675	-0.0105586	-0.0538534	-0.0839769	-0.0991745	-0.115255	-0.136893	-0.158767	-0.176606	-0.183765	-0.167947	-0.127064	-0.0721595	0.000956303	0.0785791	0.127463	0.130754	0.0985996	0.0329714	-0.0736132	-0.213988	-0.36761	-0.507614	-0.613722	-0.678066	
0.00401143	-0.036287	-0.0717001	-0.094026	-0.0991821	-0.0979608	-0.0989461	-0.0948863	-0.084348	-0.0621632	-0.0262948	0.0241729	0.0815464	0.148373	0.214262	0.248816	0.234145	0.175774	0.0788309	-0.0507509	-0.202942	-0.361064	-0.507334	-0.624338	-0.700901	
-0.00602563	-0.0330773	-0.0520582	-0.0598453	-0.058957	-0.0488192	-0.0453542	-0.0334937	-0.00323827	0.0395582	0.0907132	0.150597	0.209889	0.269116	0.314962	0.328535	0.297111	0.219087	0.100398	-0.0410606	-0.195577	-0.350139	-0.4961	-0.616489	-0.697654	
0.0134452	0.0051269	-0.00193841	-0.000970159	0.00722564	0.01802	0.0241591	0.0359687	0.0677276	0.115887	0.173558	0.235789	0.296058	0.343345	0.370227	0.363537	0.320699	0.236765	0.106608	-0.0446175	-0.196177	-0.338097	-0.47622	-0.591411	-0.667546	
0.0582479	0.0597902	0.0608614	0.0652253	0.0750151	0.0852468	0.0906919	0.0995781	0.126853	0.171245	0.221891	0.274465	0.319062	0.353709	0.365324	0.351199	0.304636	0.215048	0.0824643	-0.0624496	-0.196655	-0.321395	-0.445149	-0.548346	-0.613693	
0.110997	0.120646	0.124702	0.130545	0.137851	0.14654	0.153659	0.156238	0.173075	0.203021	0.239599	0.275014	0.299761	0.313619	0.310406	0.283314	0.228489	0.142618	0.0306535	-0.0880514	-0.195861	-0.298369	-0.397511	-0.482378	-0.539413	
0.152636	0.172879	0.18089	0.184802	0.194788	0.206908	0.215746	0.209074	0.205676	0.210786	0.226091	0.241272	0.243442	0.235321	0.215319	0.175384	0.116868	0.0452833	-0.0365119	-0.119419	-0.193322	-0.266782	-0.340091	-0.404958	-0.448735	
0.17637	0.205237	0.213796	0.21577	0.226374	0.242763	0.251676	0.240112	0.217231	0.197199	0.187263	0.185042	0.169975	0.140433	0.101114	0.0538113	0.00166272	-0.0475294	-0.0988386	-0.148349	-0.185764	-0.227088	-0.271065	-0.310999	-0.339725	
0.167285	0.195238	0.204212	0.205987	0.215115	0.236965	0.249999	0.241092	0.211824	0.174982	0.146628	0.12948	0.10148	0.0567088	0.000761339	-0.0552869	-0.0977197	-0.124449	-0.144232	-0.159314	-0.163273	-0.170288	-0.184326	-0.199379	-0.204427	
0.126784	0.146302	0.154133	0.157016	0.170625	0.201651	0.228513	0.235703	0.21092	0.166037	0.126122	0.099776	0.0610355	-0.00190704	-0.0706018	-0.128503	-0.157969	-0.160689	-0.154775	-0.139051	-0.11286	-0.0891696	-0.0828878	-0.0782427	-0.0637423	
0.0591828	0.0727552	0.0800447	0.0883058	0.112065	0.157643	0.205497	0.232086	0.217107	0.178784	0.136669	0.0988038	0.0447983	-0.0294091	-0.105444	-0.162522	-0.180413	-0.164089	-0.131977	-0.0892487	-0.0408273	0.00538221	0.0329523	0.0575248	0.0861764	
-0.0397585	-0.0301654	-0.0153511	0.012811	0.0628215	0.135545	0.202353	0.246944	0.252573	0.227173	0.186018	0.132816	0.0595828	-0.0266212	-0.106486	-0.156573	-0.162856	-0.136777	-0.0853068	-0.0238576	0.04051	0.103399	0.152239	0.193068	0.225407	
-0.152618	-0.146381	-0.122788	-0.0645976	0.0244439	0.1261	0.2185	0.28881	0.316522	0.307473	0.264709	0.19908	0.108072	0.0133593	-0.0652586	-0.114327	-0.121574	-0.0943657	-0.035631	0.034855	0.110976	0.189424	0.261437	0.312377	0.342694	
-0.248463	-0.247748	-0.217271	-0.129651	-0.00165726	0.135499	0.260239	0.355249	0.401988	0.403886	0.365604	0.292098	0.197194	0.0933935	0.00283063	-0.0526942	-0.0635277	-0.0431081	0.00552421	0.074394	0.16115	0.254122	0.341956	0.405307	0.430959	
-0.314351	-0.312637	-0.268548	-0.154462	0.00511399	0.179237	0.333429	0.447831	0.510114	0.525366	0.495077	0.426037	0.320707	0.202696	0.0930957	0.0266794	0.00415208	0.00934236	0.0472421	0.108746	0.198365	0.299985	0.401171	0.4646	0.485839	
