1.16453	1.26002	1.29787	1.26951	1.15772	0.977256	0.758363	0.503799	0.222619	-0.0454431	-0.288112	-0.509368	-0.684833	-0.806855	-0.880454	-0.904624	-0.891564	-0.847426	-0.783839	-0.710646	-0.637004	-0.568103	-0.507073	-0.45577	-0.416862	
1.06037	1.19764	1.27579	1.30031	1.25461	1.12901	0.948494	0.735538	0.486486	0.216993	-0.0378844	-0.27071	-0.479203	-0.648891	-0.776454	-0.859365	-0.899652	-0.904545	-0.880776	-0.837859	-0.782777	-0.724224	-0.667431	-0.61455	-0.56883	
0.922588	1.10119	1.2193	1.286	1.3002	1.2426	1.11216	0.936662	0.731521	0.493746	0.239661	-0.00477714	-0.229877	-0.428375	-0.593853	-0.724516	-0.817977	-0.875955	-0.902126	-0.903166	-0.884854	-0.852565	-0.813573	-0.773117	-0.732809	
0.756767	0.967564	1.1278	1.23271	1.29199	1.29939	1.2371	1.10939	0.941641	0.746472	0.524855	0.289098	0.0562701	-0.161491	-0.35452	-0.518454	-0.651828	-0.754129	-0.826306	-0.871679	-0.895868	-0.902472	-0.895291	-0.88032	-0.860475	
0.577458	0.799585	0.996766	1.14316	1.2396	1.29434	1.29926	1.23976	1.121	0.963563	0.780496	0.577195	0.361866	0.144953	-0.0624237	-0.250773	-0.415012	-0.553039	-0.664151	-0.748612	-0.809743	-0.852093	-0.87844	-0.892409	-0.898124	
0.405363	0.611703	0.826252	1.01201	1.14914	1.24064	1.29328	1.30005	1.24976	1.14548	1.00227	0.833723	0.648699	0.454047	0.256681	0.0647488	-0.114309	-0.275623	-0.416581	-0.535327	-0.631238	-0.706514	-0.764065	-0.806205	-0.836314	
0.259742	0.427849	0.630686	0.837134	1.01448	1.1465	1.23598	1.28873	1.30073	1.26408	1.17917	1.05554	0.905353	0.739	0.564053	0.386764	0.213274	0.0489088	-0.102765	-0.239469	-0.359102	-0.460641	-0.54488	-0.612997	-0.666593	
0.151251	0.271457	0.43735	0.633879	0.832482	1.00439	1.13494	1.2252	1.28028	1.29954	1.27855	1.21619	1.1174	0.991073	0.846647	0.692217	0.534592	0.379644	0.231913	0.0942312	-0.0315354	-0.143756	-0.241609	-0.325096	-0.394478	
0.0799111	0.155661	0.273458	0.433281	0.621203	0.812179	0.98092	1.11306	1.20709	1.26697	1.29469	1.28922	1.24983	1.17875	1.08128	0.964259	0.834747	0.699431	0.564299	0.434036	0.31177	0.199627	0.0991136	0.0110183	-0.0643034	
0.0383221	0.0806291	0.153765	0.26557	0.415889	0.592983	0.775852	0.942459	1.07831	1.17906	1.24669	1.28423	1.29333	1.27491	1.23061	1.16347	1.07776	0.978496	0.871049	0.760704	0.652004	0.548464	0.452733	0.366687	0.291531	
0.0167103	0.0377822	0.0778066	0.145767	0.248486	0.386266	0.550122	0.723318	0.887129	1.02726	1.13687	1.21529	1.26486	1.28843	1.28853	1.26752	1.22793	1.17268	1.10513	1.02904	0.948367	0.866832	0.787701	0.713698	0.64696	
0.00664234	0.0160596	0.0355214	0.0717857	0.132517	0.223709	0.346383	0.494408	0.655259	0.813729	0.956506	1.07512	1.16628	1.23041	1.26986	1.28767	1.28691	1.27049	1.24119	1.20171	1.15485	1.10347	1.05034	0.998038	0.948858	
0.00241412	0.00621266	0.0146835	0.0318335	0.0632766	0.115389	0.193415	0.299057	0.428763	0.57389	0.722853	0.864188	0.989031	1.09218	1.17186	1.22879	1.26519	1.28395	1.28812	1.2806	1.26409	1.24109	1.21396	1.18488	1.15583	
0.000804779	0.00219516	0.00551789	0.012767	0.0271756	0.0532312	0.0960796	0.160211	0.247772	0.357256	0.483304	0.617792	0.751703	0.87696	0.987621	1.08027	1.15381	1.2089	1.24736	1.27158	1.28416	1.28765	1.28441	1.27659	1.26612	
0.00024687	0.000711012	0.00189275	0.00465197	0.0105499	0.0220787	0.0426792	0.0763531	0.126803	0.196302	0.284734	0.389249	0.504697	0.624656	0.742634	0.853063	0.951887	1.03674	1.10682	1.16251	1.20508	1.23624	1.25794	1.27211	1.28059	
6.99036e-05	0.000211858	0.000595008	0.00154693	0.00372069	0.00827864	0.0170517	0.0325612	0.057785	0.0956253	0.148189	0.216123	0.298259	0.391711	0.492359	0.595556	0.69681	0.792325	0.879304	0.95603	1.02179	1.07666	1.12132	1.1568	1.18429	
1.83268e-05	5.827e-05	0.000172074	0.000471468	0.00119778	0.00282116	0.00616307	0.0125023	0.0235971	0.0415534	0.0685138	0.106221	0.155585	0.21639	0.287247	0.365782	0.448995	0.533675	0.616787	0.695751	0.7686	0.834025	0.891317	0.940271	0.981048	
4.46149e-06	1.48411e-05	4.59431e-05	0.000132225	0.000353551	0.000878083	0.0020262	0.00434791	0.0086899	0.0162137	0.0283264	0.0465068	0.0720542	0.105821	0.148004	0.19806	0.254747	0.316289	0.380592	0.445486	0.508924	0.569131	0.624683	0.674528	0.717957	
1.01127e-06	3.51089e-06	1.13629e-05	3.42503e-05	9.60808e-05	0.000250766	0.000608999	0.00137711	0.00290319	0.00571694	0.0105423	0.0182623	0.0298261	0.04611	0.0677615	0.095066	0.127867	0.16556	0.207149	0.251351	0.296731	0.341821	0.385232	0.425727	0.462264	
2.13974e-07	7.73608e-07	2.61139e-06	8.22232e-06	2.4131e-05	6.59847e-05	0.000168112	0.000399252	0.000884754	0.00183234	0.00355411	0.00647396	0.0111097	0.018025	0.027755	0.0407202	0.0571468	0.0770111	0.100019	0.125621	0.15306	0.181434	0.209771	0.237095	0.262484	
4.23651e-08	1.59191e-07	5.5926e-07	1.83516e-06	5.6205e-06	1.60589e-05	4.28004e-05	0.000106439	0.00024718	0.000536706	0.00109159	0.00208443	0.00374739	0.00636291	0.010239	0.0156712	0.0228965	0.0320498	0.0431296	0.0559811	0.0702978	0.0856409	0.101471	0.11719	0.132179	
7.86669e-09	3.06673e-08	1.11911e-07	3.81915e-07	1.21791e-06	3.6274e-06	1.00881e-05	2.62015e-05	6.35905e-05	0.000144362	0.00030702	0.000612906	0.00115129	0.00204061	0.00342338	0.00545378	0.00827849	0.0120137	0.0167224	0.022396	0.0289444	0.0361947	0.0439002	0.0517572	0.0594262	
1.37288e-09	5.54351e-09	2.09763e-08	7.43084e-08	2.46244e-07	7.62885e-07	2.20893e-06	5.97785e-06	1.51257e-05	3.58133e-05	7.94464e-05	0.0001654	0.000323847	0.000597809	0.00104329	0.00172647	0.00271753	0.00408143	0.00586694	0.00809586	0.0107543	0.0137878	0.0171012	0.0205633	0.0240159	
2.25627e-10	9.42263e-10	3.69125e-09	1.35508e-08	4.65789e-08	1.49819e-07	4.50742e-07	1.26832e-06	3.33862e-06	8.22641e-06	1.89931e-05	4.11472e-05	8.3797e-05	0.000160769	0.000291298	0.000499808	0.000814395	0.00126385	0.00187346	0.00266013	0.0036277	0.00476336	0.00603593	0.00739631	0.00878035	
3.49848e-11	1.50905e-10	6.11135e-10	2.32138e-09	8.26339e-09	2.7547e-08	8.59587e-08	2.51022e-07	6.86091e-07	1.75584e-06	4.21084e-06	9.47422e-06	2.003e-05	3.9866e-05	7.48621e-05	0.000132958	0.000223919	0.000358554	0.000547374	0.000798787	0.00111713	0.00150086	0.00194134	0.00242244	0.00292121	
5.12692e-12	2.28134e-11	9.53862e-11	3.74374e-10	1.37805e-09	4.75382e-09	1.53605e-08	4.64749e-08	1.31663e-07	3.4935e-07	8.687e-07	2.02632e-06	4.43958e-06	9.15135e-06	1.77819e-05	3.26412e-05	5.67383e-05	9.36231e-05	0.000147021	0.000220269	0.000315609	0.000433479	0.000571914	0.000726235	0.000889112	
7.11275e-13	3.26129e-12	1.40613e-11	5.69511e-11	2.16483e-10	7.71707e-10	2.57824e-09	8.06979e-09	2.36593e-08	6.49828e-08	1.67277e-07	4.03875e-07	9.1559e-07	1.95168e-06	3.91839e-06	7.42405e-06	1.33026e-05	2.25932e-05	3.6457e-05	5.60221e-05	8.2169e-05	0.000115285	0.00015504	0.000200231	0.000248749	
9.35618e-14	4.41586e-13	1.96116e-12	8.18731e-12	3.20992e-11	1.1809e-10	4.07391e-10	1.31728e-09	3.99112e-09	1.13309e-08	3.01511e-08	7.52421e-08	1.76247e-07	3.87975e-07	8.03792e-07	1.56996e-06	2.8965e-06	5.05819e-06	8.37893e-06	1.31947e-05	1.97955e-05	2.83521e-05	3.88425e-05	5.09932e-05	6.42546e-05	
1.16929e-14	5.67556e-14	2.59388e-13	1.11505e-12	4.5042e-12	1.70826e-11	6.07831e-11	2.028e-10	6.34232e-10	1.85897e-09	5.10734e-09	1.31581e-08	3.18105e-08	7.22365e-08	1.54276e-07	3.10349e-07	5.89055e-07	1.05688e-06	1.79606e-06	2.89677e-06	4.44305e-06	6.49339e-06	9.05924e-06	1.20862e-05	1.54434e-05	
1.45352e-15	7.2596e-15	3.41624e-14	1.51311e-13	6.30168e-13	2.46556e-12	9.05547e-12	3.12013e-11	1.0081e-10	3.05348e-10	8.67052e-10	2.30865e-09	5.76704e-09	1.3526e-08	2.9817e-08	6.18571e-08	1.20947e-07	2.23255e-07	3.89743e-07	6.44652e-07	1.01216e-06	1.51126e-06	2.14957e-06	2.9174e-06	3.78369e-06	
7.48572e-16	3.77637e-15	1.79578e-14	8.04102e-14	3.38699e-13	1.3408e-12	4.98427e-12	1.73873e-11	5.68891e-11	1.74521e-10	5.01925e-10	1.35351e-09	3.4237e-09	8.12888e-09	1.81335e-08	3.80513e-08	7.52166e-08	1.40285e-07	2.47295e-07	4.12771e-07	6.53558e-07	9.83371e-07	1.40849e-06	1.92347e-06	2.50812e-06	
5.09318e-15	2.49277e-14	1.14934e-13	4.98692e-13	2.0343e-12	7.79492e-12	2.80343e-11	9.45766e-11	2.99161e-10	8.87069e-10	2.46578e-09	6.42726e-09	1.57191e-08	3.61031e-08	7.79624e-08	1.58516e-07	3.03967e-07	5.5073e-07	9.44609e-07	1.53684e-06	2.37643e-06	3.49928e-06	4.91559e-06	6.59852e-06	8.47713e-06	
4.14359e-14	1.97264e-13	8.84136e-13	3.72683e-12	1.47604e-11	5.4881e-11	1.91428e-10	6.26056e-10	1.91909e-09	5.51324e-09	1.48465e-08	3.74927e-08	8.88617e-08	1.9788e-07	4.14579e-07	8.18564e-07	1.52597e-06	2.69133e-06	4.50024e-06	7.14958e-06	1.08149e-05	1.56078e-05	2.15313e-05	2.84426e-05	3.6035e-05	
3.21311e-13	1.48687e-12	6.47338e-12	2.64884e-11	1.01776e-10	3.669e-10	1.24016e-09	3.92856e-09	1.16604e-08	3.24286e-08	8.45318e-08	2.06666e-07	4.74356e-07	1.02351e-06	2.07936e-06	3.98507e-06	7.21957e-06	1.23914e-05	2.01956e-05	3.13267e-05	4.6352e-05	6.55609e-05	8.88194e-05	0.000115465	0.000144271	
2.36389e-12	1.06222e-11	4.48745e-11	1.78051e-10	6.62908e-10	2.31418e-09	7.57035e-09	2.31978e-08	6.65786e-08	1.79001e-07	4.51048e-07	1.06612e-06	2.36661e-06	4.94142e-06	9.72275e-06	1.80656e-05	3.17718e-05	5.30159e-05	8.41425e-05	0.00012733	0.000184151	0.000255104	0.000339205	0.000433737	0.000534244	
1.64744e-11	7.18062e-11	2.94015e-10	1.12979e-09	4.07068e-09	1.37423e-08	4.34463e-08	1.28593e-07	3.56337e-07	9.24741e-07	2.24903e-06	5.13153e-06	1.10002e-05	2.21941e-05	4.22349e-05	7.59843e-05	0.000129567	0.000209952	0.00032415	0.000478079	0.000675237	0.00091544	0.00119387	0.00150065	0.00182117	
1.08587e-10	4.58541e-10	1.81743e-09	6.75443e-09	2.35178e-08	7.6664e-08	2.33871e-07	6.67535e-07	1.78297e-06	4.45868e-06	1.04483e-05	2.29738e-05	4.7479e-05	9.24168e-05	0.00016983	0.00029541	0.000487738	0.000766524	0.00114991	0.00165118	0.00227533	0.00301627	0.00385515	0.00476024	0.00568862	
6.75756e-10	2.76107e-09	1.05786e-08	3.7968e-08	1.27552e-07	4.00833e-07	1.17785e-06	3.23621e-06	8.31632e-06	2.00021e-05	4.50775e-05	9.53372e-05	0.000189603	0.000355414	0.000629635	0.00105721	0.00168756	0.00256864	0.00373934	0.00522139	0.00701231	0.00908068	0.0113647	0.0137748	0.0161989	
3.96337e-09	1.56466e-08	5.78601e-08	2.00226e-07	6.47884e-07	1.95912e-06	5.53469e-06	1.4609e-05	3.60447e-05	8.32064e-05	0.000179956	0.00036532	0.000697717	0.00125704	0.00214276	0.00346683	0.00534121	0.00786164	0.01109	0.0150388	0.0196606	0.0248437	0.0304169	0.0361587	0.0418145	
2.18656e-08	8.32732e-08	2.96719e-07	9.88227e-07	3.07402e-06	8.92633e-06	2.41923e-05	6.12081e-05	0.000144662	0.000319755	0.000662098	0.00128712	0.00235534	0.00406953	0.0066608	0.0103635	0.0153822	0.0218562	0.0298285	0.039226	0.0498529	0.0613994	0.0734621	0.0855737	0.097236	
1.13237e-07	4.15312e-07	1.42326e-06	4.55302e-06	1.3586e-05	3.77981e-05	9.80395e-05	0.000237163	0.000535536	0.00113044	0.0022351	0.00414993	0.00725763	0.0119961	0.018809	0.0280813	0.0400723	0.0548603	0.0723104	0.0920703	0.113594	0.136186	0.159056	0.181379	0.202344	
5.49276e-07	1.93639e-06	6.36916e-06	1.95267e-05	5.57601e-05	0.000148252	0.000367014	0.000846468	0.00182086	0.00365965	0.00688869	0.0121801	0.0202996	0.0320114	0.0479577	0.0685394	0.0938255	0.123513	0.156943	0.193162	0.231014	0.269253	0.306628	0.341974	0.374254	
2.48974e-06	8.41895e-06	2.6517e-05	7.77182e-05	0.000211811	0.000536628	0.00126409	0.00277074	0.00565912	0.0107934	0.0192776	0.0323534	0.0512241	0.0768375	0.109686	0.149678	0.196105	0.24772	0.302887	0.359769	0.416513	0.471398	0.522942	0.569944	0.6115	
1.05196e-05	3.40394e-05	0.000102403	0.000286117	0.000741965	0.00178541	0.00398805	0.00827743	0.0159925	0.0288364	0.0486876	0.0772824	0.115846	0.164777	0.223493	0.290463	0.363421	0.439687	0.516507	0.591342	0.66207	0.727082	0.785294	0.836092	0.879244	
4.13206e-05	0.000127614	0.000365628	0.000970811	0.00238726	0.00543602	0.0114688	0.0224488	0.0408571	0.0693581	0.110256	0.164894	0.233204	0.313567	0.40303	0.497786	0.593773	0.687213	0.775009	0.854932	0.925647	0.986612	1.03791	1.08009	1.11394	
0.000150467	0.000442231	0.00120282	0.00302422	0.00702453	0.0150735	0.0299051	0.0549507	0.0937778	0.149206	0.222379	0.312179	0.415221	0.526444	0.640051	0.750483	0.853173	0.944933	1.02402	1.08994	1.14317	1.18484	1.21642	1.23958	1.25594	
0.00050645	0.00141189	0.00363229	0.00861335	0.0188155	0.037869	0.0703028	0.120663	0.192145	0.285233	0.397016	0.521533	0.651029	0.777568	0.894436	0.996961	1.0827	1.15113	1.20312	1.24043	1.26521	1.2798	1.28647	1.28734	1.28433	
0.00157074	0.00413847	0.0100295	0.0223303	0.045651	0.0857296	0.148133	0.236242	0.349351	0.48196	0.624806	0.767152	0.89927	1.01415	1.10808	1.18023	1.23183	1.26518	1.28301	1.28812	1.28321	1.27082	1.2533	1.2328	1.21127	
0.0044747	0.011097	0.0252194	0.0524565	0.0998228	0.17394	0.278211	0.410254	0.561284	0.718222	0.867485	0.998409	1.1049	1.18522	1.24062	1.27383	1.28794	1.28588	1.27037	1.24411	1.20979	1.17009	1.12757	1.08466	1.04355	
0.0116713	0.0271219	0.057514	0.111155	0.195779	0.314774	0.463779	0.630245	0.797051	0.948257	1.07343	1.16856	1.23432	1.2736	1.28955	1.2849	1.26194	1.22312	1.17138	1.11011	1.04281	0.972925	0.903595	0.837563	0.777098	
