0.966128	0.87744	0.776821	0.68245	0.617261	0.572204	0.542658	0.529815	0.530188	0.533727	0.537413	0.536446	0.52096	0.488324	0.442807	0.392894	0.341242	0.282888	0.227398	0.190405	0.179673	0.181071	0.176413	0.167968	0.162323	
0.87744	0.772788	0.659517	0.560194	0.493099	0.450383	0.425848	0.423919	0.430351	0.444165	0.458306	0.475667	0.488728	0.478254	0.443105	0.39339	0.340109	0.276651	0.212467	0.164055	0.138817	0.122103	0.0985193	0.0849588	0.0826943	
0.776821	0.659517	0.53072	0.415232	0.334925	0.291413	0.279683	0.291456	0.3066	0.329759	0.360077	0.40156	0.442138	0.4561	0.440254	0.399196	0.34829	0.287939	0.219458	0.161699	0.12011	0.0782186	0.0371129	0.0188295	0.0210982	
0.68245	0.560194	0.415232	0.281246	0.187553	0.142536	0.136824	0.15162	0.167071	0.196841	0.249465	0.311758	0.372409	0.413211	0.418655	0.393406	0.351955	0.299071	0.234089	0.169509	0.11172	0.051513	0.00129968	-0.0213126	-0.0161605	
0.617261	0.493099	0.334925	0.187553	0.0840002	0.029746	0.0166302	0.0183101	0.0262283	0.0658348	0.129718	0.204234	0.277245	0.33749	0.368097	0.366373	0.344199	0.309645	0.257136	0.187033	0.121829	0.0544752	0.00174262	-0.0255926	-0.0312325	
0.572204	0.450383	0.291413	0.142536	0.029746	-0.0409155	-0.0818437	-0.103983	-0.102604	-0.0660511	0.00121301	0.0793396	0.159314	0.236678	0.296356	0.325461	0.336497	0.330043	0.290967	0.223066	0.154827	0.090193	0.0368558	-0.00368771	-0.0307124	
0.542658	0.425848	0.279683	0.136824	0.0166302	-0.0818437	-0.157286	-0.205788	-0.222275	-0.199471	-0.139324	-0.0622595	0.0233872	0.118212	0.205111	0.273721	0.324499	0.34905	0.328337	0.271186	0.210225	0.153578	0.0996797	0.0396195	-0.0117711	
0.529815	0.423919	0.291456	0.15162	0.0183101	-0.103983	-0.205788	-0.277777	-0.315996	-0.312108	-0.267904	-0.200092	-0.11677	-0.0162112	0.0899123	0.193449	0.281453	0.338167	0.347714	0.315801	0.275366	0.231399	0.174008	0.100418	0.0278394	
0.530188	0.430351	0.3066	0.167071	0.0262283	-0.102604	-0.222275	-0.315996	-0.375756	-0.394267	-0.37175	-0.319949	-0.246577	-0.150401	-0.0349249	0.085799	0.199743	0.287161	0.331735	0.339657	0.325849	0.29721	0.242286	0.165524	0.0863485	
0.533727	0.444165	0.329759	0.196841	0.0658348	-0.0660511	-0.199471	-0.312108	-0.394267	-0.437673	-0.439845	-0.41432	-0.358637	-0.273633	-0.171302	-0.0503016	0.0745293	0.188824	0.273207	0.325076	0.344879	0.336983	0.296688	0.230982	0.160295	
0.537413	0.458306	0.360077	0.249465	0.129718	0.00121301	-0.139324	-0.267904	-0.37175	-0.439845	-0.478182	-0.483412	-0.451058	-0.390861	-0.312233	-0.20512	-0.0762388	0.0603123	0.180246	0.270554	0.327686	0.347579	0.332512	0.290183	0.237324	
0.536446	0.475667	0.40156	0.311758	0.204234	0.0793396	-0.0622595	-0.200092	-0.319949	-0.41432	-0.483412	-0.519792	-0.517026	-0.487684	-0.439926	-0.354228	-0.228204	-0.0831171	0.0556695	0.177234	0.27154	0.3304	0.350605	0.340246	0.312622	
0.52096	0.488728	0.442138	0.372409	0.277245	0.159314	0.0233872	-0.11677	-0.246577	-0.358637	-0.451058	-0.517026	-0.54627	-0.548972	-0.531472	-0.46835	-0.360623	-0.228122	-0.0922701	0.0444673	0.173299	0.272359	0.335415	0.364029	0.370447	
0.488324	0.478254	0.4561	0.413211	0.33749	0.236678	0.118212	-0.0162112	-0.150401	-0.273633	-0.390861	-0.487684	-0.548972	-0.578252	-0.581884	-0.543124	-0.464244	-0.362609	-0.245435	-0.107748	0.0422408	0.174763	0.279393	0.351659	0.399948	
0.442807	0.443105	0.440254	0.418655	0.368097	0.296356	0.205111	0.0899123	-0.0349249	-0.171302	-0.312233	-0.439926	-0.531472	-0.581884	-0.602664	-0.592401	-0.54736	-0.480142	-0.385779	-0.254963	-0.0996157	0.0564807	0.194876	0.313834	0.403661	
0.392894	0.39339	0.399196	0.393406	0.366373	0.325461	0.273721	0.193449	0.085799	-0.0503016	-0.20512	-0.354228	-0.46835	-0.543124	-0.592401	-0.616394	-0.611984	-0.576986	-0.506223	-0.392114	-0.246127	-0.0834113	0.0834672	0.240504	0.372544	
0.341242	0.340109	0.34829	0.351955	0.344199	0.336497	0.324499	0.281453	0.199743	0.0745293	-0.0762388	-0.228204	-0.360623	-0.464244	-0.54736	-0.611984	-0.644144	-0.640893	-0.595958	-0.507504	-0.386828	-0.231183	-0.0523482	0.13348	0.300004	
0.282888	0.276651	0.287939	0.299071	0.309645	0.330043	0.34905	0.338167	0.287161	0.188824	0.0603123	-0.0831171	-0.228122	-0.362609	-0.480142	-0.576986	-0.640893	-0.663094	-0.639763	-0.578863	-0.487779	-0.352104	-0.181164	0.0133768	0.199355	
0.227398	0.212467	0.219458	0.234089	0.257136	0.290967	0.328337	0.347714	0.331735	0.273207	0.180246	0.0556695	-0.0922701	-0.245435	-0.385779	-0.506223	-0.595958	-0.639763	-0.636628	-0.596356	-0.534331	-0.428554	-0.277383	-0.0981431	0.0925619	
0.190405	0.164055	0.161699	0.169509	0.187033	0.223066	0.271186	0.315801	0.339657	0.325076	0.270554	0.177234	0.0444673	-0.107748	-0.254963	-0.392114	-0.507504	-0.578863	-0.596356	-0.582569	-0.549583	-0.476638	-0.356397	-0.19525	-0.0127852	
0.179673	0.138817	0.12011	0.11172	0.121829	0.154827	0.210225	0.275366	0.325849	0.344879	0.327686	0.27154	0.173299	0.0422408	-0.0996157	-0.246127	-0.386828	-0.487779	-0.534331	-0.549583	-0.547128	-0.504398	-0.407924	-0.267689	-0.0969131	
0.181071	0.122103	0.0782186	0.051513	0.0544752	0.090193	0.153578	0.231399	0.29721	0.336983	0.347579	0.3304	0.272359	0.174763	0.0564807	-0.0834113	-0.231183	-0.352104	-0.428554	-0.476638	-0.504398	-0.490503	-0.415444	-0.299428	-0.155492	
0.176413	0.0985193	0.0371129	0.00129968	0.00174262	0.0368558	0.0996797	0.174008	0.242286	0.296688	0.332512	0.350605	0.335415	0.279393	0.194876	0.0834672	-0.0523482	-0.181164	-0.277383	-0.356397	-0.407924	-0.415444	-0.366091	-0.28099	-0.18227	
0.167968	0.0849588	0.0188295	-0.0213126	-0.0255926	-0.00368771	0.0396195	0.100418	0.165524	0.230982	0.290183	0.340246	0.364029	0.351659	0.313834	0.240504	0.13348	0.0133768	-0.0981431	-0.19525	-0.267689	-0.299428	-0.28099	-0.242388	-0.197977	
0.162323	0.0826943	0.0210982	-0.0161605	-0.0312325	-0.0307124	-0.0117711	0.0278394	0.0863485	0.160295	0.237324	0.312622	0.370447	0.399948	0.403661	0.372544	0.300004	0.199355	0.0925619	-0.0127852	-0.0969131	-0.155492	-0.18227	-0.197977	-0.215128	
0.156712	0.0765552	0.0195687	-0.0152771	-0.0342441	-0.0463269	-0.0454883	-0.0236775	0.0236724	0.0961373	0.183028	0.274952	0.359689	0.42386	0.462078	0.467581	0.434577	0.36805	0.28321	0.189672	0.100324	0.014763	-0.0659429	-0.146443	-0.228016	
0.146396	0.0601837	-0.000114077	-0.034107	-0.0510549	-0.0612888	-0.0650811	-0.0510785	-0.0133265	0.0514485	0.136302	0.233512	0.331183	0.417562	0.485983	0.526929	0.542047	0.525332	0.475108	0.404005	0.313464	0.196842	0.0582626	-0.0927898	-0.24273	
0.14037	0.0404301	-0.0258705	-0.0559537	-0.065895	-0.0695883	-0.0697418	-0.0621113	-0.0350422	0.017788	0.094688	0.184306	0.285036	0.388874	0.479694	0.562104	0.626707	0.658579	0.647544	0.59589	0.507083	0.367685	0.177237	-0.03523	-0.249147	
0.143349	0.0340768	-0.0379164	-0.0718671	-0.0825051	-0.0823648	-0.0805995	-0.0689337	-0.0404695	0.00762856	0.0734955	0.149887	0.2409	0.348915	0.463451	0.579142	0.689471	0.763394	0.775899	0.739183	0.648065	0.490971	0.264815	0.00480638	-0.257597	
0.150614	0.0354323	-0.0417074	-0.078715	-0.0927077	-0.0948082	-0.0905381	-0.0737339	-0.0400194	0.0088807	0.0696735	0.133348	0.214763	0.324628	0.44977	0.589354	0.725589	0.820857	0.84642	0.813343	0.722208	0.557378	0.312934	0.0288992	-0.261843	
0.152747	0.0356731	-0.0416944	-0.0792126	-0.0945608	-0.0972631	-0.0921906	-0.0751241	-0.0397578	0.00966148	0.0695263	0.13096	0.210443	0.3207	0.447438	0.591374	0.731939	0.83016	0.857697	0.824984	0.733526	0.568313	0.320936	0.0331369	-0.261804	
0.146007	0.0343545	-0.0399784	-0.0752303	-0.0876211	-0.0879925	-0.0855514	-0.0713137	-0.0402388	0.00827345	0.0713068	0.142083	0.228129	0.336481	0.457201	0.583747	0.707569	0.792601	0.811246	0.776964	0.685338	0.523762	0.288375	0.0160756	-0.260351	
0.140319	0.035882	-0.032826	-0.0634455	-0.0718342	-0.0738493	-0.0727329	-0.0653484	-0.0392801	0.010116	0.0829657	0.167528	0.265389	0.373054	0.473096	0.570945	0.654955	0.704844	0.705636	0.660278	0.571183	0.423971	0.217057	-0.0160931	-0.251972	
0.143547	0.051718	-0.010902	-0.043111	-0.0582096	-0.0651479	-0.0675022	-0.0569757	-0.0233437	0.0367827	0.118328	0.214301	0.314021	0.407819	0.486252	0.542939	0.578573	0.581941	0.547972	0.485768	0.395409	0.268742	0.107781	-0.0695695	-0.24596	
0.152774	0.071425	0.0131466	-0.0213246	-0.039544	-0.0525484	-0.0549278	-0.0371651	0.00587826	0.0754918	0.163241	0.258809	0.350595	0.425576	0.476233	0.495667	0.480782	0.432518	0.360583	0.27522	0.18519	0.0870294	-0.0169406	-0.125342	-0.234383	
0.160847	0.0816356	0.0228505	-0.0136921	-0.031438	-0.0379907	-0.0270381	0.00397465	0.0589508	0.133548	0.215447	0.298749	0.368241	0.412917	0.431088	0.415225	0.357289	0.268321	0.168374	0.0657581	-0.0211092	-0.0902247	-0.137854	-0.178501	-0.220741	
0.1651	0.0831875	0.0178473	-0.0208472	-0.0298784	-0.0159827	0.0169167	0.0697819	0.132812	0.202685	0.269808	0.330702	0.36875	0.373198	0.353745	0.296951	0.203701	0.089848	-0.0223692	-0.124118	-0.202741	-0.24466	-0.242975	-0.225293	-0.204856	
0.172611	0.0911651	0.0263724	-0.0123933	-0.0115891	0.0189096	0.075768	0.145696	0.212863	0.272073	0.318108	0.349205	0.350117	0.31179	0.244895	0.148651	0.0224379	-0.104126	-0.207801	-0.295687	-0.355834	-0.372801	-0.334263	-0.266413	-0.1888	
0.180636	0.112843	0.0606553	0.0293589	0.0302652	0.0676444	0.132446	0.210548	0.278868	0.325351	0.345938	0.343476	0.302518	0.220151	0.114433	-0.0167389	-0.161881	-0.287467	-0.372968	-0.434234	-0.47265	-0.467496	-0.402195	-0.297239	-0.169219	
0.179826	0.132833	0.103784	0.0875889	0.095027	0.128438	0.186675	0.258876	0.316144	0.344424	0.339923	0.299054	0.217254	0.0986836	-0.0356083	-0.181985	-0.328349	-0.438692	-0.497864	-0.526173	-0.536358	-0.505623	-0.417398	-0.286133	-0.12387	
0.183651	0.151246	0.144163	0.145627	0.160458	0.195019	0.246455	0.300267	0.336721	0.33751	0.297913	0.219098	0.0980229	-0.0476497	-0.194665	-0.336903	-0.463847	-0.546893	-0.57506	-0.572548	-0.551208	-0.491227	-0.380908	-0.228162	-0.0494838	
0.209139	0.189882	0.193722	0.207854	0.229536	0.266044	0.307663	0.337699	0.338283	0.297322	0.219884	0.106076	-0.0378892	-0.192979	-0.337352	-0.465273	-0.564859	-0.619285	-0.623261	-0.593065	-0.542726	-0.449534	-0.311234	-0.138566	0.0493594	
0.259955	0.250442	0.260688	0.273943	0.292012	0.318742	0.346398	0.348231	0.310217	0.227101	0.111747	-0.0256018	-0.173977	-0.317551	-0.446454	-0.553582	-0.628489	-0.659147	-0.644169	-0.591735	-0.512095	-0.388172	-0.222808	-0.0332041	0.156638	
0.318866	0.315518	0.325805	0.33266	0.33166	0.337091	0.338798	0.308391	0.239093	0.122946	-0.0213368	-0.170388	-0.309056	-0.425512	-0.522946	-0.601884	-0.647279	-0.65538	-0.619193	-0.54277	-0.433751	-0.284501	-0.107234	0.0857596	0.261509	
0.372444	0.373164	0.379386	0.378104	0.359387	0.331242	0.296311	0.231262	0.133108	-0.000550407	-0.155597	-0.308267	-0.429968	-0.515466	-0.578314	-0.618204	-0.62896	-0.606947	-0.546371	-0.441631	-0.304641	-0.143006	0.0310231	0.201233	0.348363	
0.422957	0.423303	0.425773	0.41155	0.370649	0.311297	0.235038	0.132535	0.0136095	-0.123836	-0.273085	-0.410466	-0.512329	-0.571883	-0.602744	-0.6057	-0.576247	-0.52204	-0.436849	-0.311149	-0.15775	0.00253889	0.154104	0.288763	0.395968	
0.471199	0.467214	0.453838	0.419901	0.354082	0.263806	0.154838	0.0256981	-0.105711	-0.235274	-0.362556	-0.472375	-0.54575	-0.583749	-0.593525	-0.5653	-0.499554	-0.411804	-0.303557	-0.167924	-0.0139512	0.129975	0.248282	0.340562	0.404867	
0.509998	0.487669	0.450885	0.39223	0.303819	0.190949	0.0608262	-0.0777981	-0.210629	-0.326865	-0.428678	-0.507091	-0.549135	-0.563243	-0.55592	-0.502072	-0.405167	-0.283923	-0.154449	-0.0158244	0.12313	0.236416	0.317355	0.361945	0.385333	
0.532133	0.482461	0.419957	0.337111	0.233642	0.111665	-0.0295355	-0.169178	-0.293394	-0.396374	-0.475572	-0.523448	-0.533229	-0.517403	-0.481512	-0.405054	-0.284103	-0.141331	-0.00141576	0.128364	0.237417	0.313131	0.349686	0.354449	0.338809	
0.537993	0.464866	0.375322	0.273861	0.15945	0.0316921	-0.109465	-0.242416	-0.353922	-0.432983	-0.48441	-0.502734	-0.48125	-0.432997	-0.366831	-0.267078	-0.138244	0.00412589	0.134135	0.237827	0.310371	0.34471	0.342703	0.311984	0.268003	
