-0.429269	-0.378472	-0.295239	-0.207078	-0.134158	-0.0813176	-0.0473864	-0.0305377	-0.0239026	-0.00431777	0.0267265	0.05717	0.073599	0.100886	0.159314	0.24184	0.327151	0.399386	0.453148	0.483484	0.500498	0.503018	0.490819	0.470243	0.439947	
-0.378472	-0.387358	-0.347971	-0.294385	-0.247187	-0.212386	-0.186936	-0.17457	-0.167316	-0.139681	-0.101257	-0.0592491	-0.0317922	0.00605346	0.0668819	0.158423	0.261046	0.362892	0.454803	0.517125	0.553287	0.558599	0.544527	0.514013	0.468919	
-0.295239	-0.347971	-0.35618	-0.345002	-0.331143	-0.315313	-0.293196	-0.280125	-0.266311	-0.241543	-0.207099	-0.164	-0.133723	-0.0998242	-0.0433991	0.0505041	0.170134	0.30048	0.426042	0.519197	0.572817	0.590163	0.581187	0.546115	0.487904	
-0.207078	-0.294385	-0.345002	-0.377359	-0.394294	-0.394192	-0.379172	-0.363092	-0.347729	-0.325406	-0.29106	-0.254218	-0.229793	-0.205217	-0.15241	-0.059223	0.0714557	0.221999	0.370783	0.49179	0.564767	0.59589	0.593997	0.561199	0.498222	
-0.134158	-0.247187	-0.331143	-0.394294	-0.442969	-0.456793	-0.452409	-0.437088	-0.419665	-0.389528	-0.348327	-0.315443	-0.291359	-0.269415	-0.225934	-0.145326	-0.0166042	0.140579	0.299402	0.43691	0.527468	0.572307	0.580971	0.553868	0.487115	
-0.0813176	-0.212386	-0.315313	-0.394192	-0.456793	-0.494084	-0.511331	-0.502395	-0.470872	-0.42799	-0.378487	-0.33788	-0.310002	-0.285076	-0.250113	-0.180601	-0.0676221	0.0749018	0.226214	0.367029	0.47153	0.526581	0.542339	0.514907	0.444352	
-0.0473864	-0.186936	-0.293196	-0.379172	-0.452409	-0.511331	-0.536454	-0.526937	-0.486698	-0.433748	-0.375349	-0.325516	-0.288266	-0.253197	-0.219289	-0.16784	-0.080629	0.035524	0.166035	0.294861	0.396514	0.45305	0.468821	0.440345	0.368613	
-0.0305377	-0.17457	-0.280125	-0.363092	-0.437088	-0.502395	-0.526937	-0.508469	-0.466451	-0.405363	-0.33993	-0.278313	-0.226245	-0.184761	-0.148362	-0.110156	-0.0463476	0.0374221	0.133029	0.230344	0.306191	0.351424	0.362721	0.33068	0.256904	
-0.0239026	-0.167316	-0.266311	-0.347729	-0.419665	-0.470872	-0.486698	-0.466451	-0.418036	-0.34723	-0.272968	-0.203893	-0.139678	-0.087226	-0.0453464	-0.0067254	0.0364719	0.088715	0.139158	0.189774	0.224152	0.24237	0.23666	0.188359	0.111708	
-0.00431777	-0.139681	-0.241543	-0.325406	-0.389528	-0.42799	-0.433748	-0.405363	-0.34723	-0.269841	-0.188559	-0.10679	-0.0309109	0.0328456	0.0839153	0.121182	0.148502	0.166009	0.175856	0.176485	0.159789	0.135191	0.093821	0.028891	-0.0572995	
0.0267265	-0.101257	-0.207099	-0.29106	-0.348327	-0.378487	-0.375349	-0.33993	-0.272968	-0.188559	-0.0969646	-0.00498999	0.0839446	0.158397	0.216211	0.248578	0.261493	0.252199	0.223815	0.17869	0.107698	0.0347282	-0.0424662	-0.128972	-0.227152	
0.05717	-0.0592491	-0.164	-0.254218	-0.315443	-0.33788	-0.325516	-0.278313	-0.203893	-0.10679	-0.00498999	0.0980923	0.197362	0.281161	0.340936	0.363963	0.360668	0.321859	0.255589	0.16437	0.0478369	-0.068897	-0.176011	-0.277622	-0.380031	
0.073599	-0.0317922	-0.133723	-0.229793	-0.291359	-0.310002	-0.288266	-0.226245	-0.139678	-0.0309109	0.0839446	0.197362	0.303985	0.397849	0.45468	0.465102	0.433708	0.367454	0.265367	0.132148	-0.0257976	-0.182423	-0.307679	-0.410115	-0.503703	
0.100886	0.00605346	-0.0998242	-0.205217	-0.269415	-0.285076	-0.253197	-0.184761	-0.087226	0.0328456	0.158397	0.281161	0.397849	0.497822	0.544783	0.535611	0.480808	0.388487	0.250828	0.0738531	-0.12132	-0.300165	-0.435135	-0.531075	-0.615615	
0.159314	0.0668819	-0.0433991	-0.15241	-0.225934	-0.250113	-0.219289	-0.148362	-0.0453464	0.0839153	0.216211	0.340936	0.45468	0.544783	0.586982	0.566224	0.492363	0.370581	0.201439	-0.00890435	-0.226915	-0.415429	-0.558915	-0.650409	-0.719942	
0.24184	0.158423	0.0505041	-0.059223	-0.145326	-0.180601	-0.16784	-0.110156	-0.0067254	0.121182	0.248578	0.363963	0.465102	0.535611	0.566224	0.535487	0.444999	0.305541	0.119529	-0.106131	-0.338177	-0.535679	-0.679773	-0.759994	-0.804002	
0.327151	0.261046	0.170134	0.0714557	-0.0166042	-0.0676221	-0.080629	-0.0463476	0.0364719	0.148502	0.261493	0.360668	0.433708	0.480808	0.492363	0.444999	0.339257	0.194676	0.011785	-0.216518	-0.452611	-0.64848	-0.775838	-0.840958	-0.868104	
0.399386	0.362892	0.30048	0.221999	0.140579	0.0749018	0.035524	0.0374221	0.088715	0.166009	0.252199	0.321859	0.367454	0.388487	0.370581	0.305541	0.194676	0.05436	-0.126293	-0.344272	-0.556582	-0.722423	-0.826908	-0.883182	-0.900757	
0.453148	0.454803	0.426042	0.370783	0.299402	0.226214	0.166035	0.133029	0.139158	0.175856	0.223815	0.255589	0.265367	0.250828	0.201439	0.119529	0.011785	-0.126293	-0.297205	-0.480083	-0.641688	-0.764324	-0.842902	-0.876751	-0.874425	
0.483484	0.517125	0.519197	0.49179	0.43691	0.367029	0.294861	0.230344	0.189774	0.176485	0.17869	0.16437	0.132148	0.0738531	-0.00890435	-0.106131	-0.216518	-0.344272	-0.480083	-0.605149	-0.708305	-0.786424	-0.825497	-0.822348	-0.800711	
0.500498	0.553287	0.572817	0.564767	0.527468	0.47153	0.396514	0.306191	0.224152	0.159789	0.107698	0.0478369	-0.0257976	-0.12132	-0.226915	-0.338177	-0.452611	-0.556582	-0.641688	-0.708305	-0.755118	-0.778241	-0.77576	-0.753491	-0.722565	
0.503018	0.558599	0.590163	0.59589	0.572307	0.526581	0.45305	0.351424	0.24237	0.135191	0.0347282	-0.068897	-0.182423	-0.300165	-0.415429	-0.535679	-0.64848	-0.722423	-0.764324	-0.786424	-0.778241	-0.749568	-0.722216	-0.698258	-0.657768	
0.490819	0.544527	0.581187	0.593997	0.580971	0.542339	0.468821	0.362721	0.23666	0.093821	-0.0424662	-0.176011	-0.307679	-0.435135	-0.558915	-0.679773	-0.775838	-0.826908	-0.842902	-0.825497	-0.77576	-0.722216	-0.687801	-0.654167	-0.600909	
0.470243	0.514013	0.546115	0.561199	0.553868	0.514907	0.440345	0.33068	0.188359	0.028891	-0.128972	-0.277622	-0.410115	-0.531075	-0.650409	-0.759994	-0.840958	-0.883182	-0.876751	-0.822348	-0.753491	-0.698258	-0.654167	-0.60848	-0.551639	
0.439947	0.468919	0.487904	0.498222	0.487115	0.444352	0.368613	0.256904	0.111708	-0.0572995	-0.227152	-0.380031	-0.503703	-0.615615	-0.719942	-0.804002	-0.868104	-0.900757	-0.874425	-0.800711	-0.722565	-0.657768	-0.600909	-0.551639	-0.503141	
0.402311	0.408204	0.409183	0.409911	0.396198	0.353367	0.276881	0.1655	0.0230761	-0.141822	-0.317499	-0.472303	-0.596694	-0.69937	-0.780801	-0.842931	-0.886629	-0.893346	-0.849263	-0.769774	-0.682303	-0.60192	-0.537894	-0.488713	-0.438633	
0.352523	0.329422	0.312653	0.30737	0.298082	0.261294	0.188072	0.0808556	-0.0597031	-0.228313	-0.403186	-0.558094	-0.684249	-0.777247	-0.841214	-0.880586	-0.889574	-0.859778	-0.797362	-0.711637	-0.612175	-0.526672	-0.467178	-0.417549	-0.369451	
0.290943	0.245962	0.218612	0.2122	0.212087	0.185901	0.121327	0.0221683	-0.116751	-0.285438	-0.462825	-0.625029	-0.757115	-0.845816	-0.896114	-0.907898	-0.876446	-0.815901	-0.737923	-0.640734	-0.536699	-0.450607	-0.391437	-0.34846	-0.318024	
0.226044	0.167715	0.141113	0.143489	0.153896	0.138105	0.0853733	-0.00411834	-0.139266	-0.307063	-0.490917	-0.661802	-0.803186	-0.898009	-0.94041	-0.923424	-0.860648	-0.7795	-0.686194	-0.581875	-0.479561	-0.393076	-0.32871	-0.294378	-0.285588	
0.175891	0.11138	0.090359	0.102557	0.121073	0.116658	0.0735929	-0.0138582	-0.148755	-0.321761	-0.510673	-0.68123	-0.823244	-0.925658	-0.964819	-0.929097	-0.848	-0.75149	-0.644209	-0.536343	-0.437824	-0.353999	-0.293123	-0.262479	-0.262683	
0.167262	0.101276	0.0803733	0.0952784	0.11733	0.114355	0.0714452	-0.0161031	-0.152168	-0.322645	-0.513537	-0.684188	-0.826928	-0.929713	-0.966668	-0.928916	-0.846081	-0.746168	-0.636407	-0.527655	-0.42996	-0.347631	-0.287932	-0.258489	-0.257551	
0.20208	0.14092	0.11676	0.123529	0.137005	0.125922	0.0784456	-0.00875422	-0.142928	-0.314437	-0.50008	-0.671274	-0.813378	-0.912414	-0.953925	-0.926888	-0.854015	-0.766144	-0.667132	-0.56135	-0.459759	-0.3737	-0.310802	-0.27826	-0.27505	
0.265323	0.21378	0.185099	0.181256	0.185916	0.163981	0.10355	0.0081924	-0.129289	-0.295944	-0.47614	-0.642872	-0.778828	-0.868654	-0.914907	-0.915458	-0.870615	-0.801121	-0.716665	-0.615517	-0.512552	-0.426407	-0.364101	-0.324568	-0.303641	
0.328604	0.295643	0.273624	0.266972	0.260756	0.228109	0.157846	0.053355	-0.0871584	-0.256627	-0.431895	-0.588475	-0.716342	-0.806368	-0.86401	-0.892858	-0.885394	-0.84208	-0.772518	-0.682359	-0.580151	-0.494538	-0.436083	-0.388642	-0.346348	
0.383987	0.378399	0.372579	0.370054	0.356376	0.315585	0.23986	0.129224	-0.0114474	-0.177346	-0.352406	-0.507686	-0.633026	-0.731579	-0.805035	-0.858842	-0.890256	-0.882325	-0.831282	-0.750663	-0.657779	-0.573229	-0.51102	-0.461378	-0.410362	
0.42616	0.447124	0.458313	0.465244	0.453304	0.409738	0.332975	0.221126	0.0763579	-0.0904937	-0.264223	-0.417869	-0.541028	-0.649567	-0.744304	-0.819299	-0.876561	-0.901026	-0.867481	-0.79033	-0.708799	-0.637949	-0.576614	-0.527318	-0.479042	
0.458399	0.496949	0.52575	0.539458	0.530752	0.490353	0.416016	0.305149	0.160736	-0.0048672	-0.168479	-0.319993	-0.447603	-0.564874	-0.680237	-0.779732	-0.853887	-0.893838	-0.87884	-0.813679	-0.740883	-0.683849	-0.634727	-0.585988	-0.533481	
0.484048	0.535297	0.569833	0.584533	0.575787	0.537686	0.462881	0.354844	0.221484	0.0726283	-0.0744821	-0.216239	-0.35094	-0.477149	-0.600063	-0.718818	-0.808476	-0.855277	-0.862142	-0.829074	-0.769672	-0.713984	-0.675918	-0.637305	-0.580571	
0.498869	0.554359	0.589924	0.599037	0.579265	0.53683	0.464326	0.36109	0.244847	0.12009	0.004133	-0.113053	-0.236727	-0.360294	-0.479482	-0.600871	-0.708135	-0.770913	-0.800328	-0.807441	-0.779936	-0.73687	-0.705808	-0.679568	-0.634109	
0.5039	0.559129	0.583415	0.581471	0.550507	0.49985	0.424797	0.327304	0.232877	0.151345	0.0788115	-7.44026e-05	-0.0908642	-0.196677	-0.306226	-0.42217	-0.538187	-0.630288	-0.696363	-0.743366	-0.76753	-0.768171	-0.753171	-0.729471	-0.695113	
0.491023	0.534319	0.545515	0.527048	0.479221	0.413665	0.339994	0.264443	0.205741	0.171408	0.152183	0.119753	0.0710232	-0.00419927	-0.098108	-0.200988	-0.312516	-0.432021	-0.548783	-0.649134	-0.72929	-0.786664	-0.807988	-0.793913	-0.768073	
0.46833	0.483568	0.468394	0.423871	0.358875	0.285596	0.219347	0.172638	0.159953	0.178382	0.209085	0.222538	0.215785	0.184527	0.121334	0.0326226	-0.0757203	-0.210625	-0.370603	-0.532604	-0.671211	-0.776431	-0.840572	-0.859432	-0.848586	
0.422736	0.402671	0.352175	0.282886	0.204891	0.135448	0.0866979	0.0743532	0.108736	0.170758	0.241649	0.298058	0.330371	0.338074	0.30862	0.23713	0.127544	-0.0130316	-0.190914	-0.397907	-0.591914	-0.741184	-0.836669	-0.886787	-0.897915	
0.35826	0.301856	0.222378	0.130969	0.0446734	-0.0132569	-0.036913	-0.0148163	0.0571499	0.156739	0.261106	0.349088	0.41175	0.448957	0.448723	0.394789	0.28521	0.142056	-0.0398454	-0.26647	-0.496652	-0.683519	-0.801637	-0.863307	-0.887139	
0.276533	0.199675	0.095781	-0.0111569	-0.0991752	-0.140106	-0.136981	-0.0880601	0.00916344	0.133012	0.256359	0.366111	0.457038	0.518468	0.542589	0.505495	0.40843	0.266243	0.079748	-0.148018	-0.38439	-0.583635	-0.722578	-0.796733	-0.831633	
0.190148	0.0993753	-0.00968163	-0.119815	-0.198413	-0.22812	-0.203024	-0.13411	-0.0293342	0.100086	0.231437	0.353922	0.463598	0.547176	0.586499	0.562378	0.4809	0.350307	0.172305	-0.0459063	-0.270303	-0.462682	-0.60835	-0.696417	-0.756192	
0.120816	0.0273428	-0.0809368	-0.188688	-0.256171	-0.272687	-0.239515	-0.169972	-0.0697695	0.0555671	0.184835	0.309622	0.426262	0.524081	0.568824	0.553875	0.490982	0.38626	0.234572	0.0422713	-0.163181	-0.346455	-0.485173	-0.579352	-0.659247	
0.0810864	-0.0196352	-0.122086	-0.220964	-0.283166	-0.300639	-0.274397	-0.208667	-0.117032	-0.00441021	0.115	0.232913	0.344213	0.441505	0.494315	0.497382	0.456022	0.379631	0.263658	0.112846	-0.0608938	-0.229159	-0.359336	-0.45896	-0.548776	
0.0653929	-0.0462354	-0.149856	-0.243327	-0.304928	-0.325756	-0.309462	-0.256257	-0.177767	-0.0752367	0.0319783	0.138635	0.240724	0.328919	0.388407	0.407123	0.392801	0.342827	0.261854	0.153824	0.0201951	-0.11347	-0.229323	-0.333244	-0.432305	
0.0394068	-0.0839961	-0.189899	-0.275572	-0.333582	-0.360294	-0.353562	-0.314607	-0.244246	-0.155807	-0.0601512	0.0361232	0.129609	0.207782	0.266155	0.296136	0.304057	0.282964	0.238812	0.175309	0.085213	-0.00559498	-0.0956521	-0.189929	-0.291514	
