0.135892	0.259717	0.360089	0.427388	0.453596	0.456108	0.442018	0.391883	0.303209	0.187086	0.0592353	-0.0533156	-0.136342	-0.177958	-0.148414	-0.0367059	0.139012	0.35237	0.580793	0.803378	0.996407	1.15843	1.28078	1.3517	1.3702	
0.209485	0.379334	0.526261	0.631035	0.688127	0.696289	0.660984	0.573315	0.442083	0.278069	0.10871	-0.044128	-0.167806	-0.239419	-0.23388	-0.145512	0.00962197	0.207016	0.417466	0.62118	0.811414	0.983813	1.12026	1.20728	1.24122	
0.256945	0.466493	0.661468	0.808532	0.896375	0.912661	0.851124	0.726996	0.548792	0.339787	0.136651	-0.0473616	-0.201675	-0.298131	-0.314685	-0.253608	-0.120821	0.0484291	0.2355	0.424579	0.607845	0.780698	0.927134	1.03169	1.07939	
0.291576	0.52853	0.75562	0.937731	1.04961	1.06968	0.992599	0.834703	0.622489	0.386306	0.152931	-0.0640298	-0.240405	-0.351038	-0.386858	-0.347341	-0.239898	-0.0962187	0.0684611	0.241247	0.41101	0.576671	0.726268	0.840367	0.90665	
0.308921	0.565082	0.812694	1.02259	1.15324	1.17609	1.08627	0.903691	0.665984	0.411445	0.155179	-0.0797686	-0.267621	-0.392351	-0.443747	-0.426521	-0.345438	-0.219647	-0.0685031	0.0827298	0.227432	0.373183	0.516714	0.640809	0.734206	
0.304522	0.577684	0.839996	1.0662	1.20707	1.23038	1.13518	0.937355	0.685077	0.413994	0.142698	-0.0993107	-0.289308	-0.416118	-0.477132	-0.47723	-0.421418	-0.315032	-0.185904	-0.0570111	0.0698522	0.198827	0.332392	0.466347	0.582632	
0.283069	0.560224	0.825505	1.0495	1.18776	1.21345	1.11716	0.922198	0.669528	0.394886	0.119159	-0.120486	-0.300798	-0.418615	-0.478516	-0.492951	-0.449486	-0.357796	-0.253586	-0.147118	-0.0354004	0.0807468	0.203653	0.33626	0.456154	
0.251675	0.515945	0.767942	0.976357	1.10115	1.12243	1.03851	0.858279	0.620478	0.356741	0.0987291	-0.124499	-0.293302	-0.401342	-0.458814	-0.470886	-0.430992	-0.353778	-0.272467	-0.186361	-0.0958664	0.00203362	0.11676	0.240735	0.353045	
0.222288	0.456547	0.680036	0.863482	0.970564	0.988493	0.916844	0.760218	0.548997	0.31554	0.0870116	-0.108784	-0.255493	-0.351271	-0.402562	-0.409615	-0.373837	-0.318937	-0.265625	-0.207016	-0.137539	-0.0528179	0.0477996	0.156127	0.263622	
0.191109	0.381211	0.566812	0.720415	0.809332	0.825022	0.764922	0.633942	0.456986	0.265637	0.0848488	-0.0679846	-0.182592	-0.261986	-0.303033	-0.309558	-0.287835	-0.260448	-0.238499	-0.209205	-0.161196	-0.0929374	-0.0145648	0.0808438	0.184474	
0.159062	0.294252	0.435079	0.55246	0.62324	0.634209	0.58775	0.486394	0.351458	0.210363	0.0887529	-0.010795	-0.0880605	-0.141031	-0.173582	-0.187033	-0.186437	-0.186103	-0.190931	-0.186417	-0.162162	-0.123846	-0.0677515	0.0178436	0.118065	
0.128354	0.203721	0.294451	0.376712	0.432254	0.442292	0.403498	0.32944	0.239301	0.156078	0.0938439	0.0475062	0.0114362	-0.0192767	-0.0487132	-0.0665599	-0.078735	-0.0996964	-0.128181	-0.14888	-0.154933	-0.146408	-0.112457	-0.0377661	0.0624682	
0.0884981	0.11377	0.160597	0.209713	0.247446	0.254222	0.227381	0.180708	0.13077	0.0960569	0.0839914	0.0843767	0.0886022	0.0854717	0.0669974	0.0424335	0.0166433	-0.0166769	-0.0587593	-0.10253	-0.136845	-0.151934	-0.140566	-0.0804965	0.0134057	
0.0364593	0.0179899	0.0286223	0.0548771	0.0828272	0.0870366	0.0678162	0.0375636	0.0192252	0.0255927	0.0584217	0.101122	0.140709	0.165929	0.160094	0.13888	0.105461	0.0655075	0.0117687	-0.0444738	-0.0941766	-0.129641	-0.139071	-0.10374	-0.0188723	
-0.0142319	-0.0638326	-0.0828856	-0.0779095	-0.0609351	-0.0574189	-0.0708189	-0.0836897	-0.0751757	-0.0368227	0.0250141	0.101023	0.172016	0.219342	0.227861	0.210826	0.17785	0.133622	0.074855	0.0114232	-0.043584	-0.0833395	-0.107441	-0.0923306	-0.0218694	
-0.0529759	-0.132358	-0.181375	-0.202336	-0.206999	-0.207846	-0.204231	-0.193445	-0.156041	-0.0880336	0.00370817	0.100684	0.188446	0.255924	0.284855	0.276662	0.243514	0.196944	0.131411	0.0660135	0.0108318	-0.0259468	-0.0507324	-0.0463621	0.007867	
-0.0852096	-0.195407	-0.280277	-0.33389	-0.358376	-0.362898	-0.345936	-0.305976	-0.232245	-0.131379	-0.0127728	0.112094	0.221146	0.301511	0.33824	0.333418	0.299131	0.24497	0.177979	0.118826	0.0706833	0.035298	0.0113119	0.00691522	0.0499386	
-0.113003	-0.256872	-0.374927	-0.458845	-0.510298	-0.519079	-0.48262	-0.412771	-0.307881	-0.172842	-0.020602	0.131578	0.260471	0.349928	0.388031	0.376295	0.337507	0.281057	0.217721	0.161803	0.114122	0.0843925	0.0663596	0.063786	0.0952419	
-0.14322	-0.319094	-0.473424	-0.590695	-0.661393	-0.674444	-0.624854	-0.526152	-0.383535	-0.215398	-0.0328334	0.144753	0.289448	0.385268	0.426409	0.416029	0.38018	0.325555	0.260072	0.20031	0.149996	0.120694	0.111614	0.120727	0.146966	
-0.180869	-0.389625	-0.575307	-0.717265	-0.80396	-0.818997	-0.759792	-0.638162	-0.467684	-0.265905	-0.0540296	0.145177	0.30426	0.406237	0.449798	0.445176	0.416847	0.363511	0.298927	0.23823	0.185966	0.156555	0.156723	0.174296	0.202275	
-0.217285	-0.455174	-0.667485	-0.827603	-0.920222	-0.936681	-0.873122	-0.739368	-0.544638	-0.313701	-0.0744676	0.143201	0.312273	0.418328	0.461062	0.45571	0.427181	0.377836	0.317899	0.259721	0.213205	0.192859	0.202073	0.233849	0.267809	
-0.232036	-0.501203	-0.742007	-0.917841	-1.0137	-1.02957	-0.966406	-0.821434	-0.602803	-0.340645	-0.0751081	0.152713	0.320295	0.420704	0.460947	0.454902	0.419027	0.362981	0.302458	0.255065	0.222684	0.215007	0.240651	0.290787	0.337442	
-0.228669	-0.518214	-0.784176	-0.984966	-1.09606	-1.11536	-1.04049	-0.873891	-0.630258	-0.343876	-0.0652927	0.165351	0.329738	0.42524	0.454988	0.438362	0.387227	0.318832	0.25722	0.21824	0.205472	0.220069	0.267346	0.333333	0.391949	
-0.225366	-0.531102	-0.81799	-1.03919	-1.16364	-1.18506	-1.10075	-0.91664	-0.650781	-0.3467	-0.0546777	0.179974	0.341181	0.428715	0.446265	0.413328	0.341274	0.262641	0.199737	0.172489	0.177174	0.211039	0.273925	0.35861	0.43157	
-0.232676	-0.542862	-0.840587	-1.08181	-1.22439	-1.24982	-1.15228	-0.946079	-0.665565	-0.355236	-0.0602102	0.180841	0.34613	0.428351	0.43228	0.384619	0.301151	0.214813	0.149568	0.126464	0.143861	0.194379	0.275825	0.374635	0.463599	
-0.242383	-0.554738	-0.860851	-1.11904	-1.28012	-1.3094	-1.19699	-0.972799	-0.680427	-0.365449	-0.0690899	0.174382	0.343045	0.42499	0.419671	0.362416	0.275491	0.186686	0.114434	0.0851924	0.106488	0.172458	0.269812	0.380071	0.481288	
-0.246524	-0.56365	-0.879363	-1.14914	-1.31735	-1.34807	-1.23106	-0.996354	-0.691387	-0.371091	-0.0701527	0.17893	0.348028	0.424322	0.41307	0.347726	0.255079	0.161347	0.0808564	0.0446341	0.0664823	0.140782	0.244683	0.364501	0.480566	
-0.23866	-0.571858	-0.90159	-1.17819	-1.35157	-1.38232	-1.26242	-1.02155	-0.707217	-0.369526	-0.056358	0.195478	0.363062	0.436165	0.419057	0.344938	0.249469	0.146084	0.0525628	0.00309832	0.0175229	0.0951087	0.21034	0.33752	0.466334	
-0.226603	-0.580905	-0.929911	-1.21376	-1.38303	-1.4129	-1.29647	-1.05527	-0.724343	-0.364956	-0.0349463	0.222383	0.384003	0.451911	0.433666	0.355289	0.25176	0.137505	0.0309951	-0.0333765	-0.0289773	0.047335	0.166519	0.304026	0.444908	
-0.214731	-0.5871	-0.952324	-1.23916	-1.40607	-1.43406	-1.32133	-1.07977	-0.738059	-0.359961	-0.0157532	0.242578	0.399533	0.464564	0.44805	0.365725	0.25471	0.129143	0.0128951	-0.057819	-0.060014	0.0142642	0.135419	0.276364	0.421507	
-0.213331	-0.587345	-0.953308	-1.24247	-1.41141	-1.44024	-1.32545	-1.08148	-0.739264	-0.358888	-0.0142768	0.245271	0.403205	0.468636	0.450055	0.365661	0.254653	0.127295	0.0095907	-0.0638299	-0.0659996	0.00820375	0.13126	0.270055	0.416041	
-0.220867	-0.58445	-0.94243	-1.22688	-1.39338	-1.42199	-1.30854	-1.06882	-0.731813	-0.362707	-0.0253813	0.232234	0.391069	0.457203	0.440431	0.360902	0.253645	0.134289	0.0228386	-0.0444282	-0.0434491	0.031511	0.151188	0.291618	0.434695	
-0.234866	-0.574918	-0.911676	-1.19136	-1.36477	-1.39563	-1.27589	-1.03338	-0.71296	-0.367948	-0.0489446	0.205617	0.371811	0.442179	0.424277	0.347541	0.249091	0.142333	0.043546	-0.0128113	-0.00240612	0.0753017	0.192995	0.324338	0.458991	
-0.243962	-0.566713	-0.88818	-1.16055	-1.33083	-1.36162	-1.24316	-1.00636	-0.697915	-0.370547	-0.065991	0.183841	0.353209	0.428284	0.413373	0.344288	0.251599	0.154327	0.0684463	0.0276789	0.047834	0.123461	0.232727	0.354724	0.475662	
-0.245659	-0.558547	-0.868139	-1.13168	-1.29679	-1.32722	-1.21191	-0.982317	-0.684512	-0.368923	-0.0712883	0.174868	0.343705	0.423023	0.416577	0.35623	0.266081	0.176014	0.100969	0.0691908	0.0917264	0.161899	0.261281	0.376263	0.483653	
-0.23653	-0.547161	-0.849185	-1.09771	-1.24849	-1.27527	-1.17138	-0.957429	-0.671904	-0.359129	-0.0639762	0.177627	0.345488	0.427759	0.426614	0.374537	0.289801	0.202148	0.133794	0.109364	0.128865	0.186154	0.275423	0.378824	0.472536	
-0.227074	-0.536375	-0.827645	-1.05711	-1.18765	-1.21094	-1.12178	-0.929181	-0.657159	-0.349476	-0.0551875	0.182857	0.344297	0.428978	0.440626	0.401399	0.323311	0.240939	0.178085	0.153514	0.164822	0.204855	0.274502	0.365208	0.445537	
-0.22619	-0.52295	-0.79908	-1.00871	-1.12547	-1.14522	-1.06681	-0.892931	-0.638851	-0.344286	-0.0596546	0.171162	0.333878	0.426818	0.452875	0.430209	0.370031	0.296723	0.234234	0.200843	0.194944	0.218613	0.271809	0.345924	0.409017	
-0.232226	-0.510434	-0.760651	-0.946573	-1.04758	-1.06486	-0.997695	-0.844091	-0.615921	-0.34371	-0.0726546	0.157633	0.32417	0.422958	0.458071	0.448872	0.40833	0.347998	0.287299	0.242676	0.21825	0.218771	0.253843	0.309276	0.361443	
-0.225557	-0.477824	-0.701494	-0.866745	-0.959329	-0.975179	-0.91279	-0.776191	-0.572056	-0.327692	-0.0759728	0.146396	0.314868	0.419563	0.462583	0.457514	0.426788	0.375326	0.315937	0.262225	0.220177	0.204133	0.218286	0.258029	0.296124	
-0.197495	-0.416527	-0.612391	-0.763316	-0.854687	-0.870655	-0.808325	-0.679405	-0.498885	-0.286628	-0.0644197	0.143405	0.308203	0.412557	0.455506	0.450591	0.423231	0.372729	0.310252	0.249193	0.197989	0.171609	0.175288	0.197486	0.227595	
-0.156992	-0.347291	-0.515643	-0.643383	-0.720431	-0.734185	-0.680649	-0.572723	-0.417784	-0.234873	-0.0397293	0.146734	0.296939	0.394934	0.437208	0.430348	0.397963	0.342845	0.2766	0.216283	0.16452	0.134464	0.129993	0.142187	0.167963	
-0.124876	-0.281451	-0.412752	-0.510002	-0.571033	-0.582015	-0.538576	-0.456179	-0.337311	-0.189479	-0.0244994	0.138588	0.273979	0.3661	0.405752	0.392058	0.352921	0.297316	0.234256	0.17716	0.129178	0.0994592	0.0844192	0.086978	0.115651	
-0.0965962	-0.219049	-0.319087	-0.384995	-0.419447	-0.424948	-0.401407	-0.349971	-0.262415	-0.147822	-0.01648	0.119205	0.237612	0.321221	0.358642	0.351948	0.315828	0.260142	0.193994	0.137471	0.0899047	0.0568802	0.0348882	0.0294715	0.0671893	
-0.0662802	-0.158641	-0.221029	-0.254329	-0.267268	-0.270482	-0.26031	-0.238028	-0.187216	-0.10597	-0.00330583	0.104043	0.198629	0.272482	0.306899	0.301463	0.267803	0.218457	0.151495	0.0875029	0.0358233	-0.00110968	-0.0253744	-0.0252265	0.0245183	
-0.0311143	-0.0914491	-0.12297	-0.127631	-0.11832	-0.11557	-0.12377	-0.128151	-0.108236	-0.0578757	0.0148687	0.0992736	0.179324	0.234775	0.251784	0.237163	0.204188	0.159028	0.0979118	0.0333392	-0.0228795	-0.0612011	-0.0869729	-0.0767541	-0.0139526	
0.0151493	-0.0169334	-0.0190898	-0.000496838	0.0244271	0.0277599	0.0104433	-0.013729	-0.0208154	-0.000927607	0.0448332	0.1027	0.155844	0.190499	0.188914	0.169912	0.136078	0.0949091	0.0381307	-0.0218101	-0.0740908	-0.113556	-0.129635	-0.103975	-0.0242021	
0.0686715	0.0749251	0.106679	0.145236	0.177534	0.183315	0.160581	0.121775	0.0850898	0.0685866	0.075458	0.0932313	0.112098	0.121113	0.108392	0.0837587	0.0540012	0.0170057	-0.0300806	-0.0799187	-0.121795	-0.146153	-0.143974	-0.092996	-0.00200603	
0.113923	0.168732	0.240458	0.308544	0.357905	0.36703	0.331678	0.269187	0.19659	0.133472	0.0918889	0.0656593	0.0460872	0.0253657	-0.00163346	-0.0227275	-0.0398251	-0.0659749	-0.10119	-0.132509	-0.150548	-0.152125	-0.126836	-0.0569034	0.0422174	
0.146649	0.257582	0.378721	0.481973	0.545906	0.556239	0.513969	0.423585	0.30642	0.18813	0.0915093	0.0139235	-0.0469331	-0.090941	-0.122084	-0.136867	-0.142583	-0.152381	-0.167196	-0.171993	-0.159638	-0.133544	-0.0867015	-0.00591607	0.0944694	
