-0.27969	-0.190772	-0.0788018	0.0699395	0.242433	0.40714	0.550062	0.658075	0.717439	0.732243	0.716598	0.681818	0.647043	0.628896	0.630157	0.629867	0.605891	0.560015	0.504335	0.437877	0.353341	0.259902	0.154845	0.0355252	-0.0761275	
-0.462714	-0.373061	-0.253301	-0.0965068	0.08478	0.270072	0.43802	0.580762	0.674121	0.719167	0.733979	0.738627	0.73935	0.73527	0.735956	0.727923	0.683508	0.612861	0.540263	0.459775	0.357996	0.249125	0.138287	0.0190537	-0.0931866	
-0.611072	-0.529909	-0.411858	-0.257496	-0.0779532	0.113923	0.300948	0.464708	0.588177	0.667058	0.714188	0.757879	0.796755	0.819459	0.826507	0.810964	0.754604	0.668946	0.579105	0.485962	0.371032	0.248952	0.130759	0.0105131	-0.0926641	
-0.730619	-0.654668	-0.549843	-0.413713	-0.249649	-0.0617976	0.129567	0.308145	0.451549	0.561949	0.648697	0.726467	0.799893	0.853552	0.879029	0.871231	0.819387	0.736127	0.634033	0.523511	0.39894	0.267786	0.142784	0.0243036	-0.064336	
-0.821543	-0.753738	-0.666839	-0.558088	-0.416452	-0.243722	-0.0584053	0.123829	0.282896	0.418327	0.538147	0.649233	0.748824	0.834475	0.889766	0.903947	0.872121	0.800715	0.69104	0.561537	0.427356	0.293762	0.16746	0.0575557	-0.0124726	
-0.882922	-0.837548	-0.77049	-0.689578	-0.57123	-0.417043	-0.247291	-0.0705942	0.0967814	0.25042	0.399055	0.540138	0.664542	0.777493	0.863471	0.904092	0.893795	0.835954	0.72679	0.589736	0.452417	0.321752	0.201255	0.105011	0.0541354	
-0.916117	-0.900614	-0.862444	-0.799672	-0.698136	-0.563704	-0.414325	-0.253807	-0.0901576	0.0716003	0.240226	0.407027	0.556073	0.688561	0.796093	0.859815	0.868685	0.828085	0.734242	0.609753	0.481787	0.354864	0.24245	0.159605	0.124451	
-0.918916	-0.930138	-0.916501	-0.871529	-0.783903	-0.673038	-0.552977	-0.415017	-0.260194	-0.0942801	0.0876318	0.274913	0.44296	0.590347	0.705738	0.778794	0.804261	0.778301	0.70899	0.608763	0.495122	0.377751	0.272814	0.206872	0.188112	
-0.890175	-0.920288	-0.931432	-0.90902	-0.844962	-0.75913	-0.66007	-0.542391	-0.395218	-0.223509	-0.032282	0.159873	0.335768	0.487925	0.605147	0.679589	0.713222	0.704639	0.655263	0.57886	0.483518	0.380458	0.294762	0.246212	0.247582	
-0.833979	-0.888689	-0.921235	-0.922058	-0.8894	-0.828315	-0.743879	-0.633679	-0.494879	-0.3225	-0.127421	0.062317	0.234148	0.388393	0.507703	0.582016	0.619491	0.619355	0.581858	0.51629	0.438225	0.3612	0.303978	0.281525	0.306322	
-0.757027	-0.836157	-0.891866	-0.914421	-0.908324	-0.874392	-0.805233	-0.699183	-0.567522	-0.401599	-0.210407	-0.0253817	0.141904	0.293306	0.415543	0.487873	0.521983	0.522253	0.48354	0.420615	0.355061	0.311862	0.292152	0.303494	0.363183	
-0.670145	-0.76122	-0.838441	-0.887197	-0.906562	-0.896479	-0.849911	-0.760777	-0.637182	-0.476068	-0.289434	-0.102867	0.0630208	0.210247	0.330951	0.398777	0.424418	0.416312	0.372422	0.305789	0.251459	0.236724	0.255824	0.307616	0.40834	
-0.570794	-0.661652	-0.751079	-0.82597	-0.877971	-0.89731	-0.879254	-0.816785	-0.709044	-0.554136	-0.368318	-0.177783	-0.00717266	0.135215	0.251342	0.320419	0.33909	0.323919	0.274544	0.206468	0.158258	0.159142	0.20589	0.293369	0.43345	
-0.452895	-0.548945	-0.641103	-0.734772	-0.818987	-0.870312	-0.883731	-0.852155	-0.76171	-0.620029	-0.441142	-0.246054	-0.0708718	0.0740573	0.189494	0.266095	0.288343	0.268039	0.214197	0.145773	0.0972543	0.0987288	0.155426	0.264107	0.427461	
-0.337471	-0.436514	-0.541458	-0.651979	-0.754951	-0.825797	-0.864705	-0.855832	-0.783242	-0.654981	-0.48828	-0.300064	-0.120439	0.0304403	0.154137	0.242534	0.274055	0.255308	0.198412	0.130671	0.0808512	0.0722863	0.124834	0.233828	0.395923	
-0.248527	-0.350856	-0.464028	-0.587453	-0.696873	-0.774855	-0.821791	-0.825828	-0.773772	-0.665316	-0.517655	-0.343413	-0.168507	-0.00646673	0.133469	0.238101	0.286365	0.275256	0.222468	0.154199	0.101646	0.0806237	0.115784	0.210209	0.349682	
-0.171871	-0.280555	-0.402639	-0.531476	-0.644527	-0.729799	-0.778073	-0.786233	-0.747668	-0.664183	-0.537687	-0.38321	-0.218002	-0.0491881	0.111621	0.234285	0.30664	0.315862	0.275477	0.211899	0.155626	0.124762	0.136893	0.205437	0.310007	
-0.0862222	-0.196816	-0.329895	-0.460706	-0.577024	-0.671645	-0.725667	-0.742499	-0.712854	-0.65234	-0.552418	-0.41983	-0.270261	-0.096581	0.0816717	0.226681	0.326447	0.367009	0.346639	0.289397	0.232023	0.190393	0.181736	0.216661	0.283669	
0.0115359	-0.0881488	-0.220173	-0.362277	-0.491642	-0.593885	-0.660243	-0.684906	-0.671383	-0.631531	-0.557336	-0.452127	-0.319089	-0.147139	0.0420671	0.209431	0.337583	0.41386	0.419301	0.376185	0.321455	0.275533	0.247246	0.245518	0.273315	
0.11602	0.0272449	-0.0966491	-0.244783	-0.391024	-0.5062	-0.585213	-0.620356	-0.624259	-0.601883	-0.550613	-0.467092	-0.346632	-0.179806	0.0130075	0.194168	0.346659	0.449521	0.481474	0.456425	0.410376	0.364428	0.316742	0.279544	0.261794	
0.203228	0.131879	0.0151446	-0.128524	-0.28229	-0.409882	-0.501855	-0.551809	-0.574086	-0.564399	-0.531356	-0.464577	-0.348931	-0.190604	0.000947175	0.187285	0.355593	0.476926	0.531913	0.527217	0.495033	0.446357	0.379415	0.305693	0.236452	
0.253957	0.210127	0.11373	-0.020381	-0.167661	-0.296727	-0.390055	-0.457725	-0.499352	-0.507544	-0.49345	-0.445492	-0.343594	-0.197121	-0.0158493	0.174264	0.351623	0.49108	0.567271	0.587444	0.567831	0.514623	0.427351	0.316312	0.200302	
0.272059	0.25809	0.19736	0.0926043	-0.0341185	-0.149114	-0.238453	-0.318045	-0.378784	-0.415277	-0.427915	-0.406081	-0.333555	-0.209525	-0.0451792	0.140957	0.323788	0.474495	0.569925	0.610698	0.598844	0.541977	0.437659	0.302384	0.153278	
0.266647	0.283561	0.259049	0.198365	0.111689	0.0257148	-0.0509534	-0.136218	-0.214481	-0.285795	-0.33673	-0.350768	-0.322535	-0.231785	-0.0923147	0.0832222	0.263584	0.417955	0.529223	0.579612	0.575819	0.515785	0.407261	0.2657	0.10301	
0.23562	0.283535	0.295808	0.27461	0.236029	0.19133	0.133149	0.0536579	-0.0375721	-0.137181	-0.220356	-0.27366	-0.287956	-0.240455	-0.132378	0.0211855	0.18261	0.332639	0.447218	0.501212	0.505476	0.448142	0.350231	0.216414	0.0587363	
0.18827	0.255866	0.306634	0.32966	0.341281	0.335846	0.300114	0.231931	0.135897	0.0198054	-0.0869022	-0.170599	-0.221498	-0.219564	-0.148518	-0.0337105	0.0973142	0.230633	0.335447	0.392614	0.399892	0.357497	0.274479	0.157968	0.0188349	
0.135314	0.216998	0.294622	0.363218	0.418129	0.451556	0.442601	0.391848	0.300946	0.185737	0.0621026	-0.0429674	-0.128642	-0.174441	-0.148898	-0.0886377	0.00812349	0.115195	0.208504	0.269027	0.284014	0.263383	0.196507	0.101445	-0.0173087	
0.088653	0.176235	0.270405	0.371208	0.462994	0.533106	0.557318	0.529599	0.455536	0.34826	0.218854	0.0896192	-0.0318154	-0.122524	-0.156193	-0.147658	-0.0894117	-0.00517219	0.0793192	0.143462	0.174998	0.173751	0.125961	0.0493314	-0.0474831	
0.0548539	0.132528	0.238159	0.362303	0.482233	0.581586	0.637074	0.63493	0.580489	0.481596	0.351435	0.196452	0.0451266	-0.0839148	-0.172355	-0.203917	-0.178712	-0.109134	-0.0318768	0.0348024	0.0838867	0.0947733	0.0648344	0.003033	-0.0732524	
0.0381908	0.103671	0.208714	0.341504	0.477378	0.593893	0.675269	0.692321	0.653356	0.565363	0.431627	0.262502	0.0882944	-0.0654768	-0.187969	-0.246753	-0.236492	-0.176073	-0.100419	-0.02971	0.0294036	0.0505116	0.0287858	-0.0225324	-0.0861834	
0.0352115	0.0991786	0.201603	0.336504	0.474091	0.59469	0.68116	0.701279	0.664893	0.580971	0.444844	0.275022	0.0963241	-0.0622477	-0.189423	-0.254636	-0.245632	-0.187842	-0.112182	-0.041136	0.019788	0.0424305	0.0221043	-0.0270879	-0.0889228	
0.0469311	0.118916	0.225095	0.354711	0.482885	0.590142	0.657565	0.663869	0.616715	0.522416	0.390032	0.228511	0.0656708	-0.074657	-0.180109	-0.224733	-0.206492	-0.142128	-0.0650734	0.00312125	0.0571766	0.0731154	0.0469346	-0.00969681	-0.0798831	
0.0724511	0.157674	0.25809	0.36983	0.473802	0.5563	0.593683	0.576752	0.51037	0.406464	0.276905	0.136558	0.0032935	-0.104477	-0.161717	-0.170389	-0.127452	-0.0497136	0.0312381	0.096038	0.135592	0.139147	0.0994968	0.0292452	-0.0591776	
0.115967	0.201291	0.286548	0.368898	0.439752	0.488625	0.492209	0.450021	0.364833	0.252259	0.125268	0.0109177	-0.0893853	-0.153396	-0.15108	-0.112053	-0.0306975	0.0666392	0.156082	0.218449	0.239077	0.227228	0.16754	0.0801999	-0.0294957	
0.167263	0.240408	0.303012	0.346324	0.375618	0.386297	0.360187	0.298043	0.202966	0.0854805	-0.0294145	-0.121675	-0.186509	-0.203652	-0.148762	-0.0551287	0.06287	0.186125	0.285839	0.344238	0.353481	0.319198	0.242589	0.134515	0.00359749	
0.217846	0.275092	0.303853	0.298752	0.280708	0.251239	0.202036	0.127028	0.0329533	-0.0756219	-0.168269	-0.235533	-0.265292	-0.23572	-0.142205	-0.00169617	0.148383	0.293254	0.405414	0.460636	0.466388	0.414073	0.321534	0.19418	0.0426015	
0.25652	0.287375	0.277155	0.232619	0.164824	0.0948561	0.0249951	-0.0593862	-0.144333	-0.227869	-0.29294	-0.323241	-0.312199	-0.238662	-0.110153	0.0579952	0.232466	0.386802	0.500642	0.553034	0.55278	0.49218	0.387129	0.246862	0.0842048	
0.273506	0.271223	0.225208	0.137007	0.0246325	-0.0804644	-0.16627	-0.248774	-0.316995	-0.36684	-0.39435	-0.385794	-0.330386	-0.218297	-0.0632081	0.119408	0.302895	0.455835	0.558848	0.605096	0.596113	0.538257	0.430228	0.290116	0.133433	
0.263597	0.231761	0.149171	0.024519	-0.117157	-0.242755	-0.334418	-0.40809	-0.457264	-0.475397	-0.470731	-0.431539	-0.339247	-0.200251	-0.0248778	0.164507	0.344348	0.489058	0.57319	0.602279	0.586311	0.531409	0.43641	0.313712	0.182023	
0.228725	0.167303	0.0566854	-0.0850927	-0.237913	-0.367448	-0.461277	-0.518599	-0.548656	-0.545123	-0.519207	-0.459617	-0.348058	-0.193307	-0.00533107	0.183397	0.356009	0.484761	0.549096	0.553753	0.527352	0.477263	0.401642	0.312761	0.223372	
0.15427	0.0713237	-0.0506959	-0.197485	-0.348441	-0.468851	-0.553621	-0.594462	-0.605193	-0.587539	-0.544476	-0.467636	-0.349241	-0.185776	0.0078297	0.191042	0.350968	0.461912	0.50279	0.485527	0.444444	0.397725	0.342649	0.290699	0.253328	
0.0538065	-0.0413847	-0.169903	-0.316244	-0.452277	-0.559762	-0.631088	-0.658915	-0.65274	-0.62036	-0.556088	-0.460653	-0.333852	-0.163319	0.0275169	0.201915	0.340703	0.429211	0.445803	0.409465	0.357692	0.31181	0.275391	0.259523	0.270091	
-0.0482536	-0.156145	-0.290266	-0.424546	-0.544973	-0.642266	-0.700733	-0.721044	-0.697069	-0.645428	-0.555951	-0.434165	-0.291224	-0.11741	0.0663151	0.220624	0.331898	0.38713	0.376394	0.323859	0.267098	0.222551	0.206057	0.226411	0.27798	
-0.139152	-0.249774	-0.377204	-0.506575	-0.620655	-0.709186	-0.759324	-0.76974	-0.734892	-0.660721	-0.543818	-0.398349	-0.238101	-0.0674848	0.101199	0.232202	0.314963	0.335762	0.302351	0.241308	0.184217	0.149006	0.152618	0.208253	0.297863	
-0.218038	-0.322768	-0.438491	-0.564586	-0.675822	-0.756661	-0.803709	-0.810423	-0.764694	-0.666034	-0.527372	-0.3596	-0.188356	-0.0228414	0.125757	0.236993	0.294418	0.289371	0.240517	0.173705	0.119458	0.0943451	0.1206	0.205913	0.332176	
-0.297984	-0.398522	-0.507463	-0.62445	-0.730628	-0.805044	-0.849588	-0.846176	-0.782209	-0.661063	-0.501459	-0.318123	-0.139416	0.0156194	0.144562	0.239694	0.276613	0.259758	0.204099	0.135465	0.0852938	0.0714461	0.118158	0.223292	0.377955	
-0.404939	-0.502919	-0.598731	-0.699383	-0.792888	-0.854441	-0.879015	-0.858278	-0.774283	-0.638353	-0.463074	-0.269027	-0.0915767	0.0549682	0.172865	0.253631	0.278704	0.258495	0.202542	0.134785	0.0852986	0.0837926	0.140214	0.251299	0.417612	
-0.525008	-0.617486	-0.707947	-0.79076	-0.8568	-0.889733	-0.883606	-0.834104	-0.733534	-0.583297	-0.399563	-0.206866	-0.0343949	0.108038	0.223291	0.294691	0.313608	0.29657	0.245065	0.177209	0.129023	0.132122	0.184582	0.282447	0.435146	
-0.632394	-0.724465	-0.80803	-0.867874	-0.899796	-0.899631	-0.864674	-0.784905	-0.666783	-0.507205	-0.321136	-0.132984	0.0344342	0.179866	0.298567	0.36572	0.387884	0.376265	0.330342	0.262211	0.21145	0.204774	0.236825	0.304078	0.421283	
-0.723231	-0.808667	-0.873629	-0.906673	-0.910006	-0.886098	-0.824796	-0.723089	-0.59465	-0.430983	-0.241868	-0.057664	0.109149	0.25825	0.380764	0.451572	0.48186	0.480234	0.438974	0.37513	0.314482	0.283817	0.280854	0.307486	0.383198	
