-0.543839	-0.569141	-0.604167	-0.615065	-0.614167	-0.614729	-0.614534	-0.611826	-0.584338	-0.550985	-0.540971	-0.556886	-0.595609	-0.614872	-0.59383	-0.52103	-0.388208	-0.20695	0.0156014	0.260813	0.509565	0.727825	0.892723	0.979624	0.984456	
-0.336444	-0.342416	-0.351601	-0.343886	-0.331766	-0.330083	-0.338163	-0.350105	-0.347881	-0.335664	-0.343504	-0.365334	-0.400899	-0.422311	-0.397363	-0.32533	-0.189769	-0.00357851	0.218729	0.461736	0.693567	0.877038	0.983734	0.999037	0.931547	
-0.0883829	-0.0770677	-0.0596227	-0.0376911	-0.0165922	-0.00970073	-0.0291753	-0.0512967	-0.0706184	-0.0836708	-0.101876	-0.132628	-0.166564	-0.187445	-0.170861	-0.107286	0.0208575	0.199194	0.410487	0.641643	0.845002	0.982247	1.02653	0.96878	0.831954	
0.1599	0.193163	0.234618	0.274456	0.306764	0.315514	0.288135	0.251174	0.209403	0.171551	0.140809	0.103033	0.0747247	0.0590243	0.0693366	0.130439	0.244583	0.409119	0.60402	0.80302	0.967122	1.05069	1.02894	0.90584	0.716092	
0.373528	0.428844	0.490673	0.554964	0.599203	0.607527	0.576225	0.517359	0.452694	0.394196	0.346395	0.31029	0.291757	0.287907	0.30559	0.366848	0.472898	0.622205	0.797861	0.962031	1.08158	1.11152	1.02351	0.842944	0.607998	
0.533293	0.599252	0.675517	0.754653	0.808456	0.818194	0.780993	0.707687	0.628826	0.557661	0.503321	0.475265	0.470353	0.483613	0.520002	0.586343	0.689267	0.832698	0.983313	1.11513	1.19518	1.16871	1.02801	0.803892	0.532209	
0.620373	0.684292	0.765242	0.85158	0.912948	0.923615	0.881446	0.800538	0.714976	0.643106	0.596595	0.584218	0.602558	0.644106	0.703909	0.784059	0.888269	1.01785	1.1437	1.2455	1.28418	1.21291	1.04143	0.784692	0.493135	
0.638736	0.687033	0.762553	0.846486	0.909746	0.922865	0.87596	0.796168	0.715251	0.652907	0.628563	0.638351	0.683827	0.760179	0.845261	0.944538	1.05119	1.15981	1.26095	1.32776	1.33114	1.23365	1.0436	0.778113	0.484884	
0.602422	0.623911	0.685725	0.761855	0.822444	0.836418	0.789134	0.715819	0.644863	0.605422	0.606369	0.642375	0.720048	0.821141	0.935192	1.05279	1.15613	1.24803	1.32229	1.35657	1.33177	1.21934	1.01778	0.759032	0.478052	
0.529313	0.523828	0.563399	0.625948	0.679944	0.692303	0.650341	0.587309	0.535476	0.521441	0.550348	0.613348	0.713663	0.836404	0.972231	1.10056	1.20078	1.27386	1.31413	1.32299	1.27825	1.15571	0.960371	0.717648	0.454495	
0.441698	0.413269	0.425313	0.469682	0.513955	0.521549	0.490078	0.440407	0.412682	0.425547	0.479911	0.567014	0.680556	0.814588	0.958645	1.09071	1.18398	1.23734	1.25142	1.23651	1.17638	1.05022	0.864415	0.638695	0.401945	
0.363114	0.309944	0.294766	0.316457	0.344645	0.349282	0.329435	0.300001	0.298838	0.336911	0.415182	0.51868	0.637877	0.774589	0.911301	1.03725	1.11857	1.14664	1.13911	1.102	1.03245	0.90803	0.73274	0.52777	0.315061	
0.313714	0.231602	0.189864	0.17814	0.183954	0.187489	0.179186	0.181507	0.210848	0.27623	0.376149	0.487761	0.605568	0.725778	0.843082	0.948089	1.00777	1.01761	0.989348	0.933457	0.855752	0.732148	0.567125	0.388095	0.208036	
0.281691	0.184006	0.118393	0.080542	0.0654598	0.0640492	0.0720628	0.100267	0.15395	0.239558	0.347872	0.460796	0.571786	0.672164	0.765943	0.843976	0.880866	0.870403	0.82059	0.75032	0.660829	0.538351	0.391098	0.237806	0.0941773	
0.270127	0.168945	0.0860478	0.0238803	-0.00970512	-0.0155806	0.00697816	0.0580629	0.133311	0.228137	0.336087	0.441847	0.535178	0.612933	0.678281	0.726751	0.743018	0.717638	0.655282	0.574589	0.475042	0.356714	0.225733	0.0997763	-0.00458924	
0.27925	0.178456	0.0797338	-0.000916477	-0.051892	-0.0628903	-0.0248212	0.0448798	0.137552	0.239366	0.340972	0.435356	0.50997	0.563715	0.597797	0.615422	0.606427	0.563299	0.495194	0.408452	0.30729	0.196567	0.0817819	-0.0183483	-0.0968454	
0.30137	0.201442	0.0986542	0.00164874	-0.061858	-0.0729757	-0.0292104	0.0572494	0.160703	0.261872	0.357364	0.435587	0.491594	0.523841	0.530039	0.517632	0.480295	0.417781	0.339111	0.248247	0.152101	0.0556104	-0.0337743	-0.101862	-0.156522	
0.317576	0.229855	0.132735	0.0390678	-0.0251282	-0.037459	0.0087323	0.0939243	0.191732	0.284349	0.363627	0.42695	0.469336	0.484488	0.471899	0.432357	0.365036	0.279516	0.190606	0.105005	0.0255205	-0.0464	-0.105391	-0.147967	-0.189386	
0.333178	0.260602	0.178075	0.0936654	0.0358545	0.0251189	0.0659732	0.143158	0.228759	0.305831	0.370078	0.416916	0.443367	0.444601	0.415466	0.354345	0.26426	0.160378	0.0658484	-0.00758591	-0.0661967	-0.112237	-0.148012	-0.175952	-0.208365	
0.339469	0.28576	0.222039	0.159987	0.11633	0.106802	0.139751	0.19625	0.260602	0.319702	0.367443	0.404241	0.42007	0.410488	0.36923	0.289762	0.179379	0.0585049	-0.037546	-0.0953167	-0.12764	-0.146761	-0.166208	-0.187747	-0.22219	
0.341938	0.30403	0.266803	0.230048	0.20535	0.200417	0.218258	0.251468	0.289172	0.326872	0.364038	0.392305	0.40106	0.382314	0.326405	0.230453	0.101176	-0.0338646	-0.130607	-0.172125	-0.174677	-0.16277	-0.161268	-0.17499	-0.211529	
0.338335	0.319799	0.309596	0.303979	0.300409	0.298921	0.302775	0.307159	0.314864	0.330294	0.353481	0.376154	0.377883	0.347896	0.279587	0.170376	0.0330216	-0.103672	-0.19317	-0.217741	-0.197853	-0.165476	-0.151901	-0.162187	-0.202762	
0.331804	0.333707	0.353002	0.375362	0.391478	0.393774	0.38297	0.362063	0.339608	0.330346	0.338813	0.351377	0.345402	0.305696	0.228372	0.11758	-0.0141355	-0.139013	-0.217048	-0.233183	-0.206272	-0.167259	-0.147903	-0.15673	-0.198462	
0.330266	0.351443	0.392088	0.436237	0.465675	0.470049	0.450868	0.410334	0.365816	0.336217	0.328682	0.331979	0.315226	0.264286	0.178449	0.0652148	-0.0554716	-0.164138	-0.227825	-0.235797	-0.207165	-0.164706	-0.13974	-0.145429	-0.192882	
0.338255	0.375543	0.431241	0.484591	0.519171	0.524442	0.501517	0.454032	0.396255	0.350563	0.326902	0.313523	0.283308	0.220471	0.128031	0.0197831	-0.0870364	-0.175707	-0.224716	-0.230593	-0.205902	-0.165821	-0.137977	-0.140958	-0.19101	
0.34814	0.405136	0.471034	0.527432	0.560294	0.565142	0.544035	0.495513	0.431219	0.369294	0.322483	0.286665	0.237633	0.166861	0.078227	-0.0164226	-0.0993386	-0.165574	-0.200894	-0.206192	-0.193945	-0.167426	-0.147315	-0.152369	-0.204221	
0.362963	0.437671	0.508811	0.559373	0.585328	0.58847	0.572677	0.532079	0.467115	0.392545	0.321862	0.258205	0.190745	0.114516	0.0354385	-0.038965	-0.101732	-0.149498	-0.174961	-0.182416	-0.179299	-0.166692	-0.159115	-0.17123	-0.222803	
0.384802	0.472082	0.539722	0.577626	0.590734	0.591633	0.585441	0.558454	0.502356	0.421346	0.329812	0.240684	0.152488	0.0719017	0.00227333	-0.0571623	-0.103186	-0.140924	-0.159753	-0.162473	-0.163257	-0.161819	-0.169268	-0.192757	-0.245849	
0.402093	0.499735	0.564346	0.589822	0.592275	0.590656	0.592446	0.578881	0.529873	0.444406	0.335345	0.223044	0.119915	0.0368757	-0.0214445	-0.0639903	-0.0993634	-0.129718	-0.144473	-0.146148	-0.148016	-0.157118	-0.182055	-0.218265	-0.268962	
0.411209	0.516299	0.579425	0.598396	0.593704	0.591111	0.59803	0.591506	0.54733	0.45752	0.336448	0.210042	0.0962156	0.0142964	-0.0352396	-0.0673424	-0.0930133	-0.121159	-0.135051	-0.134022	-0.138086	-0.154343	-0.189695	-0.233344	-0.282384	
0.412215	0.518801	0.58215	0.599831	0.594781	0.591657	0.599121	0.594101	0.549604	0.45931	0.336	0.206686	0.092495	0.0100295	-0.0372532	-0.0661671	-0.0921433	-0.118701	-0.132156	-0.13274	-0.136216	-0.15369	-0.192054	-0.23731	-0.284894	
0.407338	0.50822	0.571597	0.593603	0.591956	0.590047	0.594617	0.584713	0.538853	0.451352	0.336702	0.217636	0.108521	0.0261691	-0.0284742	-0.0665285	-0.0962202	-0.125893	-0.140271	-0.139869	-0.143326	-0.156056	-0.185578	-0.22527	-0.275889	
0.392265	0.484088	0.550641	0.583147	0.592071	0.591708	0.588805	0.567694	0.514074	0.43137	0.332244	0.233074	0.13907	0.0565278	-0.00840965	-0.0604526	-0.102919	-0.13656	-0.15305	-0.156011	-0.156608	-0.159221	-0.174395	-0.20352	-0.255646	
0.371873	0.451943	0.522024	0.567863	0.588413	0.591009	0.579013	0.54357	0.482218	0.404224	0.324959	0.250836	0.17409	0.0964752	0.0206836	-0.0478793	-0.102107	-0.145765	-0.16856	-0.173721	-0.17331	-0.165475	-0.162769	-0.178613	-0.231396	
0.353041	0.417697	0.486702	0.541776	0.572913	0.576991	0.557506	0.511274	0.445145	0.377783	0.320949	0.27414	0.218598	0.144742	0.06011	-0.0259276	-0.100973	-0.158034	-0.18865	-0.195971	-0.187823	-0.167406	-0.152816	-0.160665	-0.212089	
0.342417	0.387138	0.447297	0.502431	0.536483	0.542059	0.519341	0.470899	0.410426	0.357853	0.325888	0.304173	0.266047	0.200003	0.107334	0.00303542	-0.093918	-0.174166	-0.217684	-0.222441	-0.20224	-0.166702	-0.140236	-0.142698	-0.194205	
0.332408	0.360079	0.407756	0.456947	0.489671	0.49438	0.472967	0.428441	0.376958	0.340933	0.327127	0.324623	0.303971	0.247417	0.158489	0.0465702	-0.0704995	-0.171142	-0.228513	-0.235751	-0.207226	-0.164189	-0.137953	-0.142707	-0.191129	
0.330545	0.340288	0.36918	0.400971	0.422827	0.426635	0.411559	0.382208	0.3504	0.331765	0.334331	0.343079	0.332363	0.289107	0.207862	0.0959478	-0.0304346	-0.14963	-0.222337	-0.234635	-0.207194	-0.166914	-0.145162	-0.152585	-0.196183	
0.335243	0.325171	0.327046	0.33374	0.338646	0.338382	0.336323	0.329591	0.32423	0.3301	0.346888	0.366261	0.365942	0.331382	0.259821	0.148984	0.0118557	-0.120921	-0.206198	-0.226679	-0.202257	-0.165915	-0.149859	-0.160358	-0.201585	
0.341519	0.310799	0.284328	0.259249	0.242558	0.239432	0.251361	0.273814	0.300175	0.328809	0.361206	0.387097	0.392718	0.369859	0.308135	0.205559	0.0717186	-0.0658599	-0.161092	-0.195255	-0.186803	-0.165117	-0.156917	-0.1675	-0.206024	
0.340591	0.29329	0.239914	0.187983	0.151607	0.143556	0.17098	0.218378	0.271786	0.322892	0.365663	0.398826	0.412808	0.399057	0.352413	0.266657	0.147209	0.0202393	-0.0759792	-0.128077	-0.148076	-0.154581	-0.166572	-0.185408	-0.221197	
0.337151	0.271443	0.196383	0.118804	0.0654706	0.0559596	0.0932201	0.164358	0.242719	0.312048	0.370686	0.412033	0.433336	0.430492	0.395258	0.326801	0.228999	0.11811	0.022872	-0.0446182	-0.0937636	-0.129366	-0.158419	-0.183202	-0.214901	
0.323711	0.242295	0.149934	0.0601627	-0.00241879	-0.0146036	0.0305846	0.112599	0.205934	0.292995	0.365461	0.42288	0.459419	0.468479	0.449445	0.399888	0.322561	0.228962	0.136871	0.056055	-0.0156562	-0.0765698	-0.124573	-0.160554	-0.198031	
0.308895	0.212564	0.11082	0.0127343	-0.0525232	-0.0639079	-0.0186693	0.0695515	0.172606	0.271262	0.361176	0.433461	0.483534	0.508077	0.506019	0.48168	0.432551	0.361649	0.277968	0.18825	0.0974504	0.00943067	-0.06758	-0.123859	-0.172027	
0.287318	0.186338	0.0845621	-0.00336828	-0.0602112	-0.071922	-0.0303113	0.0468497	0.144543	0.247542	0.346759	0.435131	0.502949	0.547212	0.569401	0.575157	0.554504	0.504233	0.432783	0.342926	0.243481	0.137163	0.0309133	-0.0565744	-0.126319	
0.272234	0.170166	0.0813033	0.0101561	-0.0308203	-0.0379591	-0.0101136	0.0500624	0.132795	0.230119	0.337172	0.437707	0.52377	0.591884	0.643667	0.680447	0.687096	0.655438	0.590768	0.507132	0.405789	0.28997	0.165408	0.0495189	-0.0423959	
0.274015	0.174308	0.100894	0.0540323	0.0310782	0.0279246	0.0420086	0.0790825	0.141614	0.231485	0.340388	0.451516	0.55672	0.648519	0.731728	0.798163	0.826725	0.810063	0.753537	0.678487	0.584469	0.463397	0.323087	0.18049	0.0528359	
0.299642	0.208985	0.156678	0.133274	0.129931	0.131929	0.130026	0.143893	0.184171	0.259377	0.364105	0.477293	0.593125	0.704751	0.813403	0.907214	0.958166	0.960297	0.922551	0.861234	0.778071	0.65507	0.496355	0.32731	0.161802	
0.339761	0.274929	0.24931	0.258126	0.278171	0.282298	0.26674	0.249441	0.259989	0.309025	0.396601	0.503928	0.623656	0.755638	0.885553	1.00518	1.07843	1.09856	1.08325	1.03713	0.965111	0.841447	0.669661	0.475082	0.273954	
0.40797	0.370181	0.371118	0.407184	0.445731	0.451958	0.425054	0.382357	0.365257	0.388074	0.452201	0.546933	0.663193	0.800135	0.94295	1.07358	1.1635	1.20679	1.21157	1.18836	1.1235	0.997317	0.816454	0.597904	0.370437	
