0.406378	0.496526	0.570964	0.620323	0.65172	0.672464	0.683386	0.678718	0.649949	0.599284	0.541535	0.462785	0.339543	0.17763	-0.0161872	-0.213932	-0.388768	-0.527543	-0.621779	-0.675577	-0.68118	-0.617876	-0.479925	-0.275967	-0.0421325	
0.496526	0.551592	0.585814	0.606997	0.618414	0.619747	0.627685	0.629864	0.607216	0.564514	0.513119	0.435319	0.323288	0.175891	-0.00333548	-0.183922	-0.34491	-0.472952	-0.562556	-0.620044	-0.638633	-0.588774	-0.463853	-0.271753	-0.0483542	
0.570964	0.585814	0.587091	0.578366	0.562273	0.553946	0.571815	0.586718	0.578098	0.550069	0.503056	0.42688	0.322107	0.182388	0.0120405	-0.159529	-0.311947	-0.425282	-0.504859	-0.555732	-0.572104	-0.532118	-0.41757	-0.240412	-0.0383438	
0.620323	0.606997	0.578366	0.536379	0.502458	0.494837	0.51518	0.537985	0.552929	0.547614	0.511488	0.443882	0.343288	0.206994	0.0447307	-0.120698	-0.267938	-0.371926	-0.441399	-0.482108	-0.494814	-0.460058	-0.354497	-0.200014	-0.0216146	
0.65172	0.618414	0.562273	0.502458	0.463978	0.458537	0.478301	0.512787	0.547198	0.560082	0.541934	0.487182	0.388961	0.256307	0.0994396	-0.0647168	-0.204788	-0.3076	-0.371585	-0.406469	-0.419187	-0.385369	-0.29428	-0.158317	-0.00392431	
0.672464	0.619747	0.553946	0.494837	0.458537	0.451698	0.473926	0.518418	0.567358	0.596241	0.596408	0.547907	0.451819	0.32146	0.169442	0.00736604	-0.133014	-0.234302	-0.296774	-0.329575	-0.337904	-0.30334	-0.226961	-0.108682	0.0180748	
0.683386	0.627685	0.571815	0.51518	0.478301	0.473926	0.503334	0.549912	0.601196	0.641724	0.657894	0.616718	0.523003	0.392968	0.241894	0.0836214	-0.0507289	-0.147459	-0.209392	-0.231389	-0.232684	-0.199397	-0.129806	-0.0383409	0.0529209	
0.678718	0.629864	0.586718	0.537985	0.512787	0.518418	0.549912	0.593566	0.645933	0.69813	0.725026	0.693272	0.607508	0.481534	0.326962	0.173864	0.044825	-0.0467347	-0.0996387	-0.114123	-0.104163	-0.0675341	-0.00684409	0.0560017	0.110378	
0.649949	0.607216	0.578098	0.552929	0.547198	0.567358	0.601196	0.645933	0.701059	0.76545	0.80169	0.78447	0.71029	0.582122	0.432562	0.286844	0.161487	0.0730936	0.0270756	0.016636	0.0349324	0.0779235	0.129698	0.166727	0.182368	
0.599284	0.564514	0.550069	0.547614	0.560082	0.596241	0.641724	0.69813	0.76545	0.834259	0.879114	0.881708	0.821861	0.699405	0.55794	0.411031	0.28735	0.205016	0.158248	0.149726	0.17882	0.225669	0.269237	0.289634	0.269293	
0.541535	0.513119	0.503056	0.511488	0.541934	0.596408	0.657894	0.725026	0.80169	0.879114	0.945554	0.966435	0.920824	0.814779	0.680287	0.532393	0.411487	0.334736	0.288986	0.289109	0.326795	0.376516	0.418171	0.418668	0.367882	
0.462785	0.435319	0.42688	0.443882	0.487182	0.547907	0.616718	0.693272	0.78447	0.881708	0.966435	1.01157	0.991775	0.911766	0.785787	0.648607	0.540579	0.46044	0.419004	0.423357	0.463267	0.521075	0.56225	0.553701	0.484517	
0.339543	0.323288	0.322107	0.343288	0.388961	0.451819	0.523003	0.607508	0.71029	0.821861	0.920824	0.991775	1.01014	0.966644	0.869143	0.752116	0.651507	0.575374	0.543295	0.550333	0.594959	0.661124	0.697015	0.678877	0.598798	
0.17763	0.175891	0.182388	0.206994	0.256307	0.32146	0.392968	0.481534	0.582122	0.699405	0.814779	0.911766	0.966644	0.959161	0.902817	0.816785	0.734142	0.676283	0.652248	0.666726	0.716932	0.780292	0.813739	0.785611	0.695192	
-0.0161872	-0.00333548	0.0120405	0.0447307	0.0994396	0.169442	0.241894	0.326962	0.432562	0.55794	0.680287	0.785787	0.869143	0.902817	0.881052	0.832831	0.775373	0.737633	0.726815	0.74731	0.807248	0.866495	0.895665	0.864625	0.767098	
-0.213932	-0.183922	-0.159529	-0.120698	-0.0647168	0.00736604	0.0836214	0.173864	0.286844	0.411031	0.532393	0.648607	0.752116	0.816785	0.832831	0.818796	0.778516	0.750983	0.751825	0.778287	0.842607	0.898993	0.920093	0.882426	0.777472	
-0.388768	-0.34491	-0.311947	-0.267938	-0.204788	-0.133014	-0.0507289	0.044825	0.161487	0.28735	0.411487	0.540579	0.651507	0.734142	0.775373	0.778516	0.754362	0.730251	0.728599	0.751817	0.804432	0.849169	0.857239	0.812752	0.714572	
-0.527543	-0.472952	-0.425282	-0.371926	-0.3076	-0.234302	-0.147459	-0.0467347	0.0730936	0.205016	0.334736	0.46044	0.575374	0.676283	0.737633	0.750983	0.730251	0.694556	0.670654	0.675099	0.703271	0.724095	0.711449	0.655037	0.561098	
-0.621779	-0.562556	-0.504859	-0.441399	-0.371585	-0.296774	-0.209392	-0.0996387	0.0270756	0.158248	0.288986	0.419004	0.543295	0.652248	0.726815	0.751825	0.728599	0.670654	0.616735	0.588407	0.572297	0.552685	0.504332	0.424127	0.323266	
-0.675577	-0.620044	-0.555732	-0.482108	-0.406469	-0.329575	-0.231389	-0.114123	0.016636	0.149726	0.289109	0.423357	0.550333	0.666726	0.74731	0.778287	0.751817	0.675099	0.588407	0.515441	0.442021	0.367698	0.266059	0.144695	0.0303994	
-0.68118	-0.638633	-0.572104	-0.494814	-0.419187	-0.337904	-0.232684	-0.104163	0.0349324	0.17882	0.326795	0.463267	0.594959	0.716932	0.807248	0.842607	0.804432	0.703271	0.572297	0.442021	0.308564	0.169141	0.0094564	-0.154354	-0.297707	
-0.617876	-0.588774	-0.532118	-0.460058	-0.385369	-0.30334	-0.199397	-0.0675341	0.0779235	0.225669	0.376516	0.521075	0.661124	0.780292	0.866495	0.898993	0.849169	0.724095	0.552685	0.367698	0.169141	-0.0412665	-0.25806	-0.46473	-0.636396	
-0.479925	-0.463853	-0.41757	-0.354497	-0.29428	-0.226961	-0.129806	-0.00684409	0.129698	0.269237	0.418171	0.56225	0.697015	0.813739	0.895665	0.920093	0.857239	0.711449	0.504332	0.266059	0.0094564	-0.25806	-0.521237	-0.758745	-0.942979	
-0.275967	-0.271753	-0.240412	-0.200014	-0.158317	-0.108682	-0.0383409	0.0560017	0.166727	0.289634	0.418668	0.553701	0.678877	0.785611	0.864625	0.882426	0.812752	0.655037	0.424127	0.144695	-0.154354	-0.46473	-0.758745	-1.00629	-1.19394	
-0.0421325	-0.0483542	-0.0383438	-0.0216146	-0.00392431	0.0180748	0.0529209	0.110378	0.182368	0.269293	0.367882	0.484517	0.598798	0.695192	0.767098	0.777472	0.714572	0.561098	0.323266	0.0303994	-0.297707	-0.636396	-0.942979	-1.19394	-1.37373	
0.180383	0.158698	0.145779	0.135627	0.122758	0.112965	0.113975	0.130323	0.161194	0.210493	0.281297	0.374661	0.472048	0.56196	0.631136	0.644792	0.59016	0.44871	0.218978	-0.0811916	-0.421899	-0.766584	-1.07314	-1.31218	-1.47129	
0.37491	0.333664	0.289807	0.241099	0.198467	0.162448	0.128291	0.102406	0.0941592	0.114624	0.161118	0.238983	0.328437	0.414277	0.482628	0.503365	0.462222	0.339356	0.126898	-0.169284	-0.512057	-0.856555	-1.15596	-1.37629	-1.51337	
0.527651	0.462187	0.3838	0.30212	0.225025	0.154675	0.0888609	0.0349347	-0.00085883	-0.00492995	0.0264965	0.0936512	0.184851	0.277504	0.349115	0.37538	0.350657	0.247603	0.048778	-0.234484	-0.576	-0.915985	-1.19962	-1.40147	-1.51309	
0.638967	0.549921	0.439687	0.321671	0.211696	0.116114	0.0275789	-0.0557408	-0.111994	-0.12839	-0.0978633	-0.0321624	0.0632026	0.164957	0.241432	0.284978	0.269018	0.180839	0.00010885	-0.281189	-0.618578	-0.949472	-1.22258	-1.40472	-1.492	
0.704236	0.598689	0.466083	0.323747	0.193534	0.0798631	-0.0258978	-0.123978	-0.191713	-0.214031	-0.185006	-0.116184	-0.0141329	0.0958653	0.178714	0.229828	0.222757	0.144965	-0.0270193	-0.302746	-0.637316	-0.965228	-1.23011	-1.40097	-1.4758	
0.714094	0.605487	0.469379	0.325419	0.19105	0.071548	-0.037833	-0.135714	-0.203988	-0.227449	-0.200835	-0.133181	-0.028285	0.0849945	0.169077	0.217726	0.214428	0.139128	-0.0340197	-0.305445	-0.639931	-0.967806	-1.22993	-1.39966	-1.47157	
0.671443	0.574565	0.453565	0.322759	0.202833	0.0997775	0.00383981	-0.088789	-0.151221	-0.170331	-0.139346	-0.071856	0.0255613	0.130742	0.209759	0.258962	0.246573	0.162869	-0.0124303	-0.292507	-0.628669	-0.957499	-1.22706	-1.40362	-1.4843	
0.577756	0.50182	0.410043	0.313192	0.222994	0.141468	0.0650543	-0.000924482	-0.0454611	-0.0558121	-0.0262107	0.0403187	0.131918	0.22814	0.302346	0.334786	0.313792	0.217312	0.0261466	-0.255994	-0.595669	-0.931978	-1.21081	-1.40427	-1.50598	
0.440783	0.390267	0.333208	0.271441	0.215302	0.165279	0.117754	0.0799505	0.0597759	0.0698887	0.10761	0.179664	0.269956	0.358025	0.426735	0.447569	0.414599	0.300093	0.0920494	-0.197239	-0.540265	-0.88379	-1.17682	-1.39033	-1.51691	
0.263167	0.234003	0.209011	0.183331	0.159131	0.139472	0.126592	0.124024	0.138182	0.174992	0.237036	0.323722	0.415033	0.502452	0.571279	0.589631	0.53889	0.403409	0.181224	-0.120174	-0.462757	-0.807094	-1.11194	-1.34362	-1.4941	
0.0494812	0.0375853	0.0389888	0.0463038	0.0526324	0.0613152	0.0815356	0.124235	0.180309	0.25121	0.337131	0.443925	0.552302	0.645948	0.716222	0.725127	0.665472	0.516869	0.280531	-0.0153421	-0.350035	-0.693114	-1.00138	-1.2489	-1.42151	
-0.183639	-0.18327	-0.159866	-0.129277	-0.0967084	-0.056766	-0.0003224	0.079754	0.175552	0.286233	0.403894	0.532101	0.654137	0.756115	0.832079	0.847203	0.779747	0.621296	0.385346	0.0983972	-0.214752	-0.538401	-0.839357	-1.08927	-1.27522	
-0.404745	-0.393875	-0.353186	-0.297528	-0.244124	-0.183659	-0.0949872	0.0185244	0.146842	0.280986	0.425059	0.566425	0.696333	0.810793	0.891752	0.913761	0.84621	0.693697	0.476432	0.218154	-0.05729	-0.342882	-0.621058	-0.864401	-1.05091	
-0.571934	-0.547752	-0.495166	-0.425644	-0.355442	-0.27772	-0.175745	-0.0445399	0.099665	0.244915	0.395248	0.541068	0.68206	0.799713	0.883504	0.911985	0.857344	0.724734	0.537214	0.331203	0.108265	-0.12813	-0.364791	-0.585973	-0.764762	
-0.665001	-0.628112	-0.564155	-0.488112	-0.412955	-0.330062	-0.224094	-0.0932505	0.0490439	0.19651	0.346387	0.486021	0.621107	0.742632	0.833259	0.869588	0.826076	0.714011	0.566642	0.413316	0.253829	0.086024	-0.0968072	-0.278243	-0.434416	
-0.684644	-0.63376	-0.567515	-0.490882	-0.414549	-0.336906	-0.23406	-0.112654	0.0211192	0.157903	0.300874	0.435849	0.564118	0.683984	0.767636	0.800097	0.769702	0.685071	0.581578	0.486333	0.389804	0.289598	0.165165	0.026442	-0.0977568	
-0.64805	-0.588595	-0.528574	-0.460964	-0.388475	-0.312736	-0.222243	-0.109356	0.0191239	0.149576	0.283101	0.415348	0.542104	0.65257	0.730492	0.758998	0.734017	0.669325	0.601966	0.557534	0.52001	0.479102	0.411811	0.316737	0.211085	
-0.570914	-0.513163	-0.460452	-0.402752	-0.338112	-0.263928	-0.176536	-0.0723546	0.0495366	0.182381	0.312306	0.438241	0.557052	0.662321	0.730112	0.747968	0.726496	0.681495	0.647107	0.639736	0.651584	0.659544	0.633823	0.57002	0.474959	
-0.448629	-0.4008	-0.362286	-0.315372	-0.249797	-0.177897	-0.0936371	0.003484	0.120965	0.24995	0.376229	0.505195	0.617192	0.707317	0.756098	0.763511	0.74319	0.716473	0.707832	0.725368	0.770338	0.80657	0.807641	0.759912	0.664315	
-0.287728	-0.251241	-0.224113	-0.183928	-0.125385	-0.0533424	0.0254735	0.118451	0.233165	0.356286	0.478843	0.601581	0.708315	0.782083	0.810708	0.804707	0.771216	0.7457	0.747754	0.774921	0.836081	0.889618	0.906169	0.865204	0.762047	
-0.09725	-0.07678	-0.0574632	-0.0220339	0.0329652	0.104867	0.178443	0.26339	0.373171	0.498987	0.620853	0.729788	0.82256	0.869858	0.862987	0.830218	0.78094	0.748436	0.743316	0.766881	0.829152	0.887629	0.9144	0.88063	0.780144	
0.103831	0.106225	0.115883	0.143913	0.196211	0.263047	0.333648	0.420997	0.522873	0.644007	0.763632	0.865266	0.932395	0.941637	0.900154	0.82884	0.755689	0.706865	0.687064	0.703812	0.759187	0.819332	0.851445	0.822784	0.727565	
0.279046	0.269577	0.271055	0.292904	0.338663	0.402872	0.475404	0.562165	0.663523	0.777902	0.884411	0.966424	1.00035	0.970959	0.889914	0.783587	0.688686	0.618495	0.589561	0.599773	0.645422	0.712429	0.746657	0.723268	0.640322	
0.418783	0.39426	0.388431	0.407818	0.454017	0.514883	0.583785	0.664164	0.763011	0.86729	0.956669	1.01198	1.00606	0.939852	0.822777	0.693532	0.588063	0.507136	0.47003	0.474473	0.516145	0.578381	0.617289	0.605653	0.531771	
0.51448	0.485698	0.476203	0.488399	0.524436	0.583331	0.648985	0.719854	0.800855	0.885741	0.960934	0.990698	0.953789	0.857822	0.725111	0.579251	0.463873	0.386136	0.340979	0.344367	0.383376	0.434772	0.476721	0.472308	0.412012	
