0.555274	0.676245	0.791572	0.886082	0.958539	1.00896	1.03548	1.03733	1.02614	0.984639	0.904966	0.791317	0.64319	0.470045	0.287247	0.120016	0.00714672	-0.0248045	0.0145705	0.11127	0.240073	0.382793	0.51374	0.616238	0.639931	
0.509752	0.629061	0.747026	0.856826	0.94813	1.01076	1.04511	1.0592	1.05467	1.03195	0.977769	0.882439	0.744456	0.581441	0.409808	0.248094	0.127593	0.0864206	0.119753	0.212935	0.34583	0.494077	0.627497	0.714964	0.731048	
0.433257	0.552784	0.668745	0.780596	0.881613	0.961435	1.0148	1.04558	1.05964	1.04894	1.006	0.926738	0.806496	0.663464	0.509415	0.357559	0.232732	0.174396	0.201874	0.298842	0.439356	0.593069	0.723849	0.793293	0.799882	
0.330525	0.43595	0.548015	0.659926	0.769383	0.871935	0.956985	1.01348	1.04776	1.04794	1.01371	0.941693	0.837029	0.717129	0.579371	0.436862	0.314505	0.249541	0.271484	0.367787	0.511297	0.661869	0.778326	0.835835	0.833552	
0.199366	0.287348	0.392903	0.509124	0.632316	0.754107	0.868257	0.958882	1.01566	1.0303	1.00158	0.938524	0.84404	0.739493	0.620605	0.483294	0.361544	0.300039	0.319465	0.41041	0.543274	0.680121	0.787829	0.845705	0.847649	
0.0543494	0.124578	0.222265	0.340987	0.479243	0.625016	0.762192	0.879727	0.959401	0.985716	0.964675	0.906571	0.817445	0.720689	0.616095	0.49199	0.381116	0.324955	0.33945	0.41479	0.529336	0.655964	0.759087	0.81949	0.835607	
-0.0780662	-0.0198442	0.0669559	0.183966	0.329425	0.493302	0.64863	0.779956	0.873037	0.914686	0.905695	0.851083	0.763473	0.667566	0.570073	0.464758	0.367689	0.314267	0.322724	0.382188	0.47836	0.591822	0.692629	0.765234	0.799586	
-0.165339	-0.119904	-0.0491708	0.0560514	0.201252	0.370976	0.533881	0.670941	0.76552	0.822043	0.829926	0.780455	0.690216	0.589542	0.492829	0.399332	0.321192	0.277941	0.275313	0.318129	0.400758	0.506178	0.606626	0.689606	0.741209	
-0.195289	-0.171001	-0.124182	-0.0365522	0.0964085	0.260835	0.421858	0.557648	0.649364	0.709953	0.727031	0.682852	0.594908	0.49379	0.398879	0.312398	0.251356	0.220898	0.213554	0.240791	0.317915	0.420895	0.518983	0.60502	0.66981	
-0.183677	-0.192414	-0.17187	-0.100623	0.0200317	0.172398	0.318959	0.44104	0.529873	0.590825	0.607198	0.569575	0.486188	0.390655	0.297896	0.219089	0.169911	0.151044	0.153797	0.178391	0.249952	0.347313	0.444996	0.526863	0.593207	
-0.152008	-0.188011	-0.190777	-0.137319	-0.0277758	0.10358	0.230466	0.332733	0.413697	0.471132	0.486347	0.445994	0.369695	0.280519	0.194524	0.125539	0.0868741	0.0802312	0.0958918	0.130634	0.199708	0.292568	0.381087	0.462084	0.520602	
-0.104963	-0.150411	-0.168106	-0.1334	-0.0491564	0.0570701	0.164169	0.247379	0.316681	0.364484	0.370826	0.328015	0.250948	0.164235	0.0920842	0.0378066	0.0139647	0.0199556	0.0449504	0.0876114	0.153214	0.237394	0.319827	0.391389	0.441729	
-0.0364774	-0.0812752	-0.105633	-0.0911065	-0.0388077	0.0408883	0.124254	0.194447	0.252104	0.28492	0.283211	0.241255	0.163166	0.0742506	0.00577663	-0.0343292	-0.0514272	-0.0425616	-0.0106335	0.0368191	0.0967188	0.164921	0.236678	0.298829	0.342214	
0.0484945	0.00777165	-0.0229508	-0.0266743	-0.0020609	0.0477375	0.110881	0.17006	0.215619	0.237802	0.231323	0.188125	0.113642	0.0248079	-0.0452366	-0.0876414	-0.107076	-0.101454	-0.0742872	-0.033635	0.017889	0.0729479	0.128408	0.174898	0.216309	
0.135496	0.0983345	0.0580145	0.040204	0.0493018	0.0831252	0.125452	0.169914	0.206085	0.217854	0.206829	0.166561	0.0978263	0.012983	-0.0577387	-0.105562	-0.132975	-0.140014	-0.130686	-0.110163	-0.0784659	-0.0406407	-0.000196501	0.0290075	0.0628273	
0.198641	0.163809	0.120994	0.0986461	0.105873	0.139977	0.172599	0.205677	0.228882	0.234215	0.216928	0.177329	0.119088	0.0461791	-0.0268094	-0.0866845	-0.13054	-0.158407	-0.169775	-0.172486	-0.165249	-0.154178	-0.135007	-0.125897	-0.0993448	
0.226255	0.200419	0.163779	0.143194	0.157375	0.190827	0.220248	0.248537	0.266733	0.271873	0.25786	0.222927	0.174303	0.115851	0.0414472	-0.0328445	-0.0946378	-0.14653	-0.180425	-0.206244	-0.225733	-0.242622	-0.255998	-0.267341	-0.255187	
0.214486	0.199131	0.175827	0.165257	0.185962	0.218992	0.247485	0.27207	0.294748	0.30611	0.304353	0.283214	0.246246	0.1947	0.124182	0.0456557	-0.0265504	-0.101104	-0.165484	-0.211454	-0.254235	-0.298446	-0.343919	-0.373638	-0.379261	
0.178304	0.175133	0.165137	0.164872	0.188868	0.22324	0.253802	0.281715	0.307015	0.324382	0.331589	0.330056	0.311561	0.273718	0.209252	0.129298	0.0455876	-0.0461459	-0.131139	-0.198353	-0.263314	-0.327648	-0.393724	-0.443142	-0.470125	
0.140763	0.14486	0.147609	0.156437	0.183662	0.220247	0.250891	0.276925	0.299604	0.315849	0.325505	0.336026	0.336211	0.318679	0.268336	0.194597	0.111171	0.0104047	-0.0912309	-0.177336	-0.26104	-0.346885	-0.43467	-0.499132	-0.539376	
0.109002	0.121162	0.125999	0.143782	0.175993	0.21491	0.241973	0.254425	0.267472	0.277176	0.285065	0.29524	0.304998	0.306634	0.281419	0.225689	0.15098	0.0547666	-0.0552394	-0.163972	-0.271446	-0.377141	-0.47444	-0.545021	-0.590011	
0.0919107	0.101155	0.100291	0.115285	0.146533	0.190109	0.213591	0.216634	0.218576	0.221149	0.219107	0.222822	0.230194	0.242692	0.2438	0.216225	0.159876	0.0751858	-0.033749	-0.157392	-0.284923	-0.408709	-0.510358	-0.59004	-0.634425	
0.0707268	0.0765094	0.0737036	0.0800217	0.102574	0.140305	0.159506	0.159585	0.149685	0.138666	0.124944	0.114825	0.118006	0.141232	0.163814	0.163746	0.132025	0.0644388	-0.0299615	-0.151441	-0.286578	-0.425705	-0.540074	-0.621681	-0.660793	
0.0464247	0.0509207	0.0494594	0.0566794	0.0724651	0.0931306	0.0986323	0.0841849	0.0573826	0.0247917	-0.00441366	-0.0219183	-0.0196689	0.0124119	0.0574543	0.0870693	0.0825344	0.0356829	-0.0411729	-0.150492	-0.283803	-0.426695	-0.546389	-0.631391	-0.66337	
0.0411005	0.0362177	0.0387852	0.0460732	0.0567075	0.0606005	0.0430981	0.0057146	-0.0499933	-0.112285	-0.16177	-0.186597	-0.177682	-0.1315	-0.0627002	-0.00504468	0.0147385	-0.00873494	-0.0647891	-0.15658	-0.283509	-0.418057	-0.533233	-0.614457	-0.646411	
0.0524462	0.0486485	0.0587868	0.0651372	0.064437	0.0413669	-0.00874637	-0.0810441	-0.174553	-0.263605	-0.327278	-0.355243	-0.338447	-0.274559	-0.191458	-0.118422	-0.0746753	-0.0715938	-0.101919	-0.172641	-0.282434	-0.400541	-0.510388	-0.586502	-0.614092	
0.0905912	0.0935748	0.110722	0.112254	0.0901884	0.0333766	-0.0570482	-0.174108	-0.303234	-0.418064	-0.492533	-0.52073	-0.496587	-0.42478	-0.332892	-0.252403	-0.19255	-0.155597	-0.149751	-0.189978	-0.279232	-0.38323	-0.485634	-0.55601	-0.579087	
0.156245	0.16346	0.1776	0.170386	0.12668	0.0395249	-0.0891103	-0.252279	-0.419681	-0.555298	-0.638336	-0.668391	-0.642222	-0.570088	-0.475649	-0.387708	-0.311007	-0.242943	-0.20828	-0.22476	-0.288273	-0.37226	-0.460735	-0.524779	-0.536932	
0.218982	0.226456	0.238492	0.226779	0.172752	0.0679578	-0.0930837	-0.296068	-0.50064	-0.6611	-0.755728	-0.78741	-0.762297	-0.6904	-0.594302	-0.495668	-0.399977	-0.315452	-0.26912	-0.273185	-0.312601	-0.378892	-0.449756	-0.491599	-0.482289	
0.256826	0.271194	0.283237	0.271794	0.209028	0.0902239	-0.0886292	-0.318044	-0.547572	-0.730699	-0.838227	-0.872291	-0.841523	-0.766818	-0.66286	-0.554462	-0.451211	-0.359582	-0.309826	-0.308784	-0.335053	-0.392033	-0.450096	-0.47645	-0.445064	
0.263343	0.280844	0.292498	0.280164	0.215112	0.0937197	-0.089106	-0.323402	-0.556795	-0.744634	-0.855801	-0.889235	-0.856648	-0.779673	-0.674935	-0.565171	-0.460849	-0.367069	-0.31662	-0.316186	-0.340711	-0.395179	-0.449427	-0.474652	-0.438758	
0.237327	0.246597	0.259399	0.247712	0.190248	0.079184	-0.0907363	-0.306057	-0.522678	-0.693305	-0.793309	-0.826723	-0.799561	-0.72763	-0.628514	-0.525008	-0.425072	-0.337292	-0.28911	-0.289866	-0.322014	-0.384437	-0.449865	-0.48311	-0.463644	
0.183865	0.191215	0.203416	0.193645	0.144657	0.048908	-0.0939976	-0.274392	-0.456611	-0.602085	-0.688903	-0.720037	-0.694298	-0.621964	-0.527656	-0.43644	-0.351367	-0.274728	-0.232817	-0.244413	-0.297899	-0.372801	-0.453822	-0.510488	-0.516325	
0.114477	0.119328	0.13658	0.13539	0.103771	0.0335036	-0.072752	-0.208648	-0.352877	-0.476284	-0.554452	-0.582291	-0.556496	-0.484937	-0.391571	-0.307439	-0.240969	-0.19086	-0.17212	-0.201038	-0.280283	-0.377628	-0.474975	-0.544465	-0.563399	
0.0634602	0.0619649	0.0767579	0.0815533	0.0727334	0.0362606	-0.0292772	-0.11728	-0.225457	-0.325788	-0.394157	-0.423229	-0.402617	-0.333679	-0.246207	-0.170004	-0.120179	-0.103647	-0.119838	-0.17874	-0.280786	-0.392906	-0.501185	-0.573589	-0.600266	
0.0433701	0.0384983	0.0421131	0.0495432	0.0571035	0.0511342	0.0222088	-0.0283305	-0.0986009	-0.171833	-0.228288	-0.253337	-0.241938	-0.188555	-0.113044	-0.0475567	-0.0167328	-0.0309054	-0.0782241	-0.162495	-0.283884	-0.411448	-0.523496	-0.604504	-0.634804	
0.0419927	0.0420357	0.0427951	0.0505817	0.0642016	0.0788266	0.075304	0.0529675	0.0160163	-0.0274707	-0.0646251	-0.0860691	-0.0816829	-0.0447828	0.0107067	0.052114	0.0566196	0.0197465	-0.0488862	-0.150959	-0.283061	-0.424527	-0.54366	-0.626398	-0.65882	
0.0599279	0.0666662	0.0632719	0.0687701	0.0885286	0.119649	0.13487	0.130878	0.115326	0.0969377	0.0773153	0.0643185	0.0661875	0.0930754	0.123649	0.13482	0.114538	0.0552631	-0.0330024	-0.150868	-0.285461	-0.427171	-0.545081	-0.629642	-0.664629	
0.0843985	0.0916225	0.0900313	0.101311	0.128912	0.171614	0.194146	0.196267	0.194523	0.192031	0.184935	0.182562	0.18821	0.205536	0.216114	0.199123	0.151946	0.073661	-0.02976	-0.154431	-0.287192	-0.418137	-0.524115	-0.604297	-0.648157	
0.101306	0.113164	0.115965	0.134826	0.167828	0.209051	0.234008	0.241071	0.249092	0.256192	0.261872	0.270777	0.280894	0.286843	0.272062	0.227554	0.159654	0.0671402	-0.0446832	-0.161819	-0.277563	-0.39062	-0.489462	-0.56401	-0.608461	
0.126689	0.134447	0.139232	0.151843	0.181277	0.218682	0.248081	0.270028	0.290176	0.303739	0.312646	0.324068	0.329149	0.3207	0.279593	0.211369	0.129822	0.0297515	-0.0754672	-0.170317	-0.263042	-0.357637	-0.450736	-0.51832	-0.561258	
0.163266	0.163012	0.158478	0.162098	0.187042	0.221664	0.253429	0.281722	0.306428	0.324407	0.33405	0.338438	0.328588	0.297994	0.237828	0.15926	0.0740428	-0.0229198	-0.115159	-0.190068	-0.262549	-0.334808	-0.410439	-0.466337	-0.500508	
0.201035	0.191328	0.17349	0.166871	0.189022	0.223452	0.252169	0.277259	0.301833	0.316503	0.317961	0.304822	0.273907	0.227728	0.158811	0.0794056	0.00281178	-0.079538	-0.152915	-0.207419	-0.260028	-0.313522	-0.367086	-0.404748	-0.417799	
0.226387	0.203956	0.172041	0.155127	0.17276	0.205026	0.23341	0.260253	0.279275	0.286875	0.277617	0.247015	0.202844	0.146375	0.0737422	-0.00259615	-0.0698581	-0.131139	-0.177656	-0.211605	-0.240326	-0.268411	-0.296161	-0.31489	-0.310187	
0.213907	0.182417	0.141122	0.118542	0.128239	0.162485	0.194171	0.224358	0.244166	0.248221	0.230355	0.192027	0.137961	0.0722231	-0.00266981	-0.0702895	-0.121015	-0.157938	-0.177209	-0.1893	-0.194125	-0.193828	-0.186373	-0.185315	-0.16372	
0.164931	0.127985	0.0862354	0.0656588	0.071616	0.10423	0.141067	0.180591	0.211638	0.219827	0.206545	0.166595	0.101609	0.0199959	-0.0509725	-0.101832	-0.135038	-0.150582	-0.14967	-0.137825	-0.114491	-0.0876833	-0.0548012	-0.0332853	-0.00159234	
0.084475	0.045611	0.0107138	0.000212154	0.0171429	0.0586443	0.112453	0.166104	0.208067	0.226101	0.218053	0.175611	0.103063	0.0157777	-0.0548666	-0.100035	-0.121703	-0.118971	-0.0980347	-0.0654454	-0.0205127	0.0298106	0.0797599	0.118844	0.156414	
-0.00417243	-0.04768	-0.0742798	-0.0669348	-0.0262994	0.0406794	0.11646	0.182137	0.235213	0.262713	0.25901	0.215798	0.139416	0.0495625	-0.0192906	-0.058867	-0.0754674	-0.0675847	-0.0360575	0.0117594	0.0684482	0.130467	0.195658	0.252868	0.29625	
-0.079571	-0.125894	-0.145974	-0.120028	-0.0495669	0.0467326	0.143779	0.222012	0.286182	0.328181	0.331171	0.288788	0.210179	0.123859	0.054375	0.00744651	-0.012869	-0.00480308	0.0243975	0.068479	0.132308	0.210956	0.29018	0.357877	0.404538	
-0.136423	-0.17688	-0.187058	-0.141528	-0.039621	0.0821972	0.201918	0.295559	0.371761	0.426379	0.438657	0.396921	0.321878	0.233203	0.152817	0.0886247	0.0566328	0.0559315	0.0751485	0.113678	0.181484	0.272115	0.358116	0.434965	0.490792	
