0.205717	0.29343	0.376428	0.440015	0.472847	0.472062	0.453226	0.420371	0.373657	0.301699	0.20621	0.0944183	-0.0298912	-0.163143	-0.304136	-0.424074	-0.492149	-0.524731	-0.536105	-0.541408	-0.52383	-0.477315	-0.385025	-0.24376	-0.0780039	
0.336516	0.415079	0.504837	0.573264	0.604775	0.608493	0.594322	0.556649	0.497117	0.397878	0.265097	0.105107	-0.0602385	-0.220631	-0.379918	-0.513919	-0.598769	-0.643647	-0.647822	-0.632226	-0.591962	-0.530771	-0.428847	-0.290058	-0.130459	
0.410131	0.478074	0.570262	0.645269	0.682961	0.698139	0.687251	0.649502	0.577863	0.461377	0.305894	0.118855	-0.0784857	-0.259008	-0.42619	-0.567158	-0.671762	-0.73371	-0.743717	-0.71567	-0.656677	-0.577405	-0.465357	-0.327213	-0.176131	
0.438853	0.491131	0.577803	0.657639	0.71062	0.73932	0.739339	0.70188	0.625164	0.503184	0.33727	0.136934	-0.073609	-0.267932	-0.440215	-0.593846	-0.714652	-0.792048	-0.815427	-0.786192	-0.718714	-0.624958	-0.498287	-0.353051	-0.199862	
0.437942	0.479154	0.555591	0.636281	0.7032	0.746261	0.752135	0.720286	0.647329	0.52734	0.361626	0.164164	-0.0490478	-0.249075	-0.43167	-0.598361	-0.733651	-0.826785	-0.857964	-0.830629	-0.762863	-0.659037	-0.522273	-0.360072	-0.199083	
0.411703	0.448329	0.513995	0.590471	0.663827	0.714957	0.727534	0.710259	0.648	0.534977	0.375936	0.18602	-0.0204238	-0.226663	-0.41953	-0.595523	-0.737595	-0.828724	-0.865836	-0.84242	-0.770177	-0.654608	-0.504156	-0.335655	-0.169929	
0.366154	0.387687	0.444267	0.518163	0.595229	0.650881	0.678658	0.677292	0.626849	0.516178	0.358495	0.179781	-0.0107658	-0.214672	-0.414305	-0.59058	-0.729123	-0.814308	-0.836758	-0.804831	-0.728433	-0.608057	-0.449801	-0.27945	-0.122332	
0.297848	0.30486	0.356123	0.43869	0.518578	0.572972	0.606068	0.613716	0.57221	0.464528	0.306659	0.134097	-0.042797	-0.233222	-0.426584	-0.592535	-0.713865	-0.781082	-0.783206	-0.734573	-0.650697	-0.532745	-0.382635	-0.222718	-0.0793713	
0.226567	0.235049	0.287621	0.373073	0.450879	0.496498	0.518539	0.522786	0.48437	0.383366	0.233944	0.0634218	-0.112041	-0.295139	-0.468526	-0.603633	-0.69383	-0.732588	-0.714061	-0.652894	-0.558304	-0.443693	-0.306126	-0.166567	-0.0474907	
0.182971	0.204632	0.26475	0.341874	0.403043	0.440476	0.454632	0.44571	0.398699	0.297069	0.143469	-0.0298844	-0.202036	-0.370869	-0.512857	-0.607926	-0.661291	-0.668085	-0.627556	-0.551949	-0.452241	-0.342772	-0.226926	-0.118642	-0.0341326	
0.174555	0.214214	0.281825	0.352342	0.400433	0.427926	0.43527	0.407345	0.339684	0.219426	0.0490591	-0.129696	-0.296553	-0.44563	-0.554053	-0.608608	-0.618509	-0.589096	-0.524574	-0.436313	-0.337771	-0.243815	-0.160559	-0.0951694	-0.0552931	
0.193531	0.246049	0.321076	0.394626	0.437243	0.455272	0.448438	0.397938	0.302988	0.159771	-0.0273791	-0.217489	-0.38137	-0.508359	-0.584069	-0.604224	-0.573599	-0.505041	-0.417428	-0.322415	-0.234368	-0.169354	-0.132422	-0.113128	-0.112821	
0.234216	0.29969	0.375837	0.444177	0.489236	0.500906	0.48069	0.408417	0.288668	0.123963	-0.0740308	-0.264211	-0.416026	-0.525989	-0.577104	-0.567139	-0.508454	-0.415167	-0.317034	-0.226384	-0.159285	-0.125567	-0.128633	-0.152985	-0.195239	
0.28209	0.360408	0.437073	0.502777	0.53954	0.540374	0.509942	0.420536	0.280695	0.100186	-0.0971692	-0.274973	-0.408148	-0.489073	-0.516762	-0.489308	-0.416218	-0.31771	-0.221215	-0.143345	-0.0988037	-0.0952686	-0.133051	-0.198862	-0.284306	
0.321667	0.404374	0.486418	0.548518	0.582837	0.575843	0.533933	0.432932	0.279254	0.0952203	-0.088829	-0.248711	-0.358036	-0.417795	-0.428698	-0.390261	-0.312354	-0.215041	-0.12435	-0.0558856	-0.0287096	-0.055014	-0.128166	-0.23111	-0.349784	
0.333798	0.42084	0.505843	0.569773	0.606362	0.600812	0.546843	0.435269	0.279484	0.108001	-0.051173	-0.18574	-0.276944	-0.319665	-0.317909	-0.268943	-0.191277	-0.100473	-0.0188937	0.0328888	0.0359456	-0.0111573	-0.106638	-0.235859	-0.384853	
0.308037	0.400274	0.487944	0.557332	0.601255	0.601283	0.544725	0.430951	0.283472	0.13655	0.00607063	-0.101521	-0.169196	-0.196819	-0.183456	-0.128569	-0.0507925	0.0293512	0.0934375	0.128689	0.116149	0.052218	-0.0538184	-0.196335	-0.358844	
0.25424	0.340499	0.428527	0.500759	0.550201	0.559495	0.508129	0.406481	0.28341	0.164837	0.0625922	-0.0143994	-0.0521854	-0.0541089	-0.0249362	0.032118	0.103724	0.176518	0.231163	0.254833	0.229981	0.15568	0.0415162	-0.101876	-0.263029	
0.19422	0.258732	0.330248	0.391782	0.438626	0.451466	0.411713	0.33842	0.257371	0.182421	0.114315	0.0758112	0.0749029	0.103093	0.15439	0.219162	0.284991	0.345954	0.391053	0.406495	0.373805	0.294879	0.178677	0.0433256	-0.105935	
0.122859	0.155978	0.197082	0.24114	0.277389	0.291647	0.273093	0.232484	0.199346	0.174444	0.159158	0.170923	0.212374	0.269628	0.340751	0.413751	0.475553	0.526253	0.556276	0.561477	0.529207	0.452616	0.347298	0.227011	0.100843	
0.0384149	0.0406562	0.0580251	0.0791764	0.0975546	0.109799	0.114414	0.108364	0.116232	0.137463	0.176462	0.24688	0.336454	0.428654	0.51853	0.594102	0.650361	0.687562	0.705542	0.70174	0.672696	0.606397	0.51509	0.418253	0.324003	
-0.0385483	-0.0637276	-0.0685688	-0.0704277	-0.0699181	-0.0680884	-0.0538772	-0.0325054	0.00805699	0.0707394	0.165329	0.294489	0.430855	0.556814	0.666616	0.751399	0.801717	0.824967	0.828281	0.81365	0.786909	0.740034	0.672841	0.599797	0.535003	
-0.0942014	-0.149379	-0.185099	-0.205921	-0.223811	-0.231036	-0.214126	-0.181221	-0.118188	-0.0178674	0.129071	0.306059	0.485915	0.646998	0.776235	0.866443	0.91682	0.932974	0.923318	0.899955	0.877402	0.847435	0.808331	0.763957	0.735732	
-0.124797	-0.212143	-0.283066	-0.332758	-0.361016	-0.376076	-0.367264	-0.329701	-0.254867	-0.124733	0.0663091	0.286888	0.501967	0.687419	0.829158	0.923537	0.974553	0.989162	0.978117	0.953773	0.934241	0.923739	0.912917	0.899837	0.90232	
-0.129812	-0.245833	-0.353512	-0.433989	-0.487556	-0.515853	-0.514817	-0.469114	-0.379052	-0.222403	-0.00153414	0.24578	0.480109	0.680321	0.823186	0.91172	0.959516	0.977354	0.976556	0.965549	0.955811	0.965417	0.979658	0.996353	1.02895	
-0.100048	-0.242492	-0.385172	-0.503247	-0.588537	-0.637709	-0.644362	-0.59083	-0.483546	-0.305475	-0.063114	0.196887	0.440445	0.637993	0.774717	0.85426	0.895138	0.91422	0.92367	0.933738	0.94418	0.971454	1.01159	1.05981	1.12146	
-0.0416466	-0.204881	-0.379572	-0.537566	-0.660361	-0.730905	-0.74603	-0.68841	-0.569226	-0.377273	-0.125706	0.14118	0.383548	0.575808	0.704069	0.77461	0.809962	0.830023	0.848992	0.87553	0.906065	0.956727	1.02024	1.09204	1.17094	
0.0224216	-0.151696	-0.352201	-0.548811	-0.702217	-0.791513	-0.814238	-0.759471	-0.63605	-0.439503	-0.187808	0.0808258	0.319143	0.502854	0.623199	0.690229	0.725173	0.747707	0.778245	0.818946	0.868371	0.937843	1.01891	1.10514	1.19005	
0.0706816	-0.106135	-0.328085	-0.551534	-0.726211	-0.824238	-0.851248	-0.804893	-0.681082	-0.487964	-0.242779	0.018467	0.255029	0.435109	0.553488	0.620594	0.658895	0.68997	0.723815	0.769577	0.832461	0.912444	1.00391	1.09392	1.17882	
0.094552	-0.0838793	-0.316222	-0.554182	-0.734411	-0.83583	-0.867302	-0.827726	-0.705182	-0.514101	-0.277795	-0.023554	0.206681	0.385222	0.506164	0.578238	0.622189	0.655018	0.691965	0.736746	0.805269	0.89447	0.993349	1.08313	1.16109	
0.0988102	-0.0804818	-0.315206	-0.5557	-0.735391	-0.837	-0.869713	-0.831113	-0.708941	-0.518083	-0.283618	-0.0302479	0.197667	0.375537	0.49637	0.570433	0.615715	0.649328	0.685838	0.729916	0.799894	0.892734	0.992515	1.08139	1.15716	
0.0830765	-0.0944215	-0.321572	-0.551956	-0.73127	-0.831273	-0.859775	-0.816912	-0.69316	-0.501084	-0.259562	-0.0020693	0.231882	0.412217	0.53192	0.600386	0.64086	0.672692	0.708314	0.754128	0.819969	0.903388	0.997851	1.08878	1.17147	
0.04405	-0.131304	-0.340934	-0.5509	-0.713341	-0.807557	-0.832585	-0.780411	-0.656908	-0.461218	-0.211333	0.0553176	0.29362	0.47406	0.592707	0.6595	0.695297	0.721582	0.754324	0.797853	0.853137	0.927913	1.01461	1.10251	1.18759	
-0.0150275	-0.183901	-0.369753	-0.543471	-0.68068	-0.759397	-0.777254	-0.719663	-0.598161	-0.403075	-0.150825	0.117314	0.357283	0.547691	0.672503	0.740388	0.774673	0.794543	0.819298	0.852426	0.891151	0.950112	1.02036	1.09983	1.183	
-0.0788246	-0.230755	-0.387019	-0.521499	-0.620446	-0.678238	-0.688926	-0.633704	-0.520393	-0.335732	-0.0874191	0.175959	0.419863	0.614562	0.748071	0.824454	0.862862	0.882168	0.894911	0.911265	0.929536	0.966322	1.01724	1.07598	1.14538	
-0.122576	-0.249124	-0.371333	-0.465579	-0.531423	-0.567495	-0.569763	-0.519945	-0.423277	-0.256742	-0.0263307	0.226667	0.465962	0.666552	0.807599	0.892579	0.937809	0.956519	0.960199	0.957642	0.955418	0.971926	0.996694	1.0255	1.07078	
-0.130359	-0.229522	-0.315021	-0.377147	-0.413529	-0.432934	-0.427061	-0.38707	-0.307041	-0.166699	0.0379269	0.272201	0.496988	0.690165	0.833423	0.926208	0.976937	0.992017	0.985189	0.964083	0.947149	0.944096	0.94367	0.943026	0.957531	
-0.109498	-0.177478	-0.227178	-0.258698	-0.280756	-0.290497	-0.27617	-0.241196	-0.172362	-0.059759	0.10682	0.302409	0.497682	0.6694	0.804234	0.897124	0.948451	0.963817	0.951214	0.925431	0.904034	0.882122	0.854826	0.822699	0.807063	
-0.0637501	-0.100308	-0.116424	-0.125857	-0.132768	-0.135558	-0.119393	-0.091808	-0.04092	0.0378897	0.153972	0.303287	0.457691	0.597859	0.716242	0.803582	0.853632	0.871785	0.869729	0.851616	0.82677	0.786064	0.730582	0.668616	0.618088	
0.00586402	-0.00338341	0.00547693	0.0171581	0.028785	0.0374474	0.0472944	0.0539354	0.0762973	0.114062	0.174867	0.270035	0.378326	0.484361	0.58175	0.66046	0.714233	0.745526	0.757718	0.74933	0.721644	0.662719	0.579176	0.491671	0.409111	
0.0898548	0.109958	0.141073	0.176159	0.205699	0.219798	0.211052	0.184388	0.169082	0.162737	0.169831	0.204727	0.26478	0.335688	0.414015	0.488486	0.548382	0.593314	0.619226	0.621032	0.589766	0.515744	0.415375	0.305001	0.191295	
0.167451	0.220413	0.279673	0.334494	0.378545	0.391848	0.359825	0.299841	0.23779	0.183491	0.134323	0.114175	0.130018	0.169191	0.229037	0.297721	0.362184	0.419095	0.457055	0.468778	0.435836	0.357246	0.244524	0.112988	-0.0283624	
0.230482	0.309602	0.393741	0.46409	0.51333	0.52479	0.475948	0.384663	0.27637	0.173494	0.0833771	0.0208726	-0.00363139	0.00707192	0.0447642	0.104576	0.173389	0.241218	0.293718	0.313574	0.284562	0.207913	0.0911238	-0.0490829	-0.206809	
0.288705	0.380742	0.46966	0.540085	0.587151	0.590898	0.536159	0.425179	0.285977	0.148499	0.0295755	-0.0667963	-0.1218	-0.141526	-0.123515	-0.067961	0.00821366	0.0861019	0.145337	0.174899	0.157197	0.0882078	-0.0203769	-0.165214	-0.328401	
0.32832	0.417854	0.502815	0.569982	0.608752	0.604567	0.548292	0.435087	0.279758	0.118071	-0.0290403	-0.152968	-0.236538	-0.273366	-0.26668	-0.214391	-0.136535	-0.0500377	0.0242129	0.068889	0.0643353	0.0105393	-0.0902763	-0.22644	-0.383183	
0.330835	0.414454	0.498275	0.559529	0.594758	0.588532	0.541228	0.434509	0.278789	0.0979341	-0.0772275	-0.227285	-0.328827	-0.381822	-0.387447	-0.344862	-0.266659	-0.17135	-0.082491	-0.0202886	-0.00291545	-0.038647	-0.121895	-0.236583	-0.3685	
0.300005	0.380921	0.459359	0.523837	0.558842	0.555132	0.520166	0.425834	0.279904	0.0959868	-0.0971148	-0.269245	-0.393305	-0.463877	-0.483973	-0.451002	-0.375692	-0.277366	-0.183731	-0.109202	-0.0705706	-0.0795735	-0.133047	-0.214787	-0.314251	
0.253469	0.324766	0.400135	0.467003	0.509472	0.517273	0.493401	0.413376	0.284591	0.112607	-0.0870198	-0.272176	-0.417674	-0.516677	-0.558275	-0.540607	-0.47405	-0.376966	-0.277893	-0.191851	-0.135759	-0.114333	-0.130744	-0.171508	-0.232043	
0.207681	0.264998	0.341621	0.413858	0.457346	0.473543	0.460192	0.400846	0.295547	0.143634	-0.0489667	-0.240608	-0.401518	-0.522546	-0.58787	-0.594164	-0.55111	-0.469989	-0.376922	-0.28163	-0.200761	-0.147736	-0.128917	-0.127884	-0.143554	
0.179449	0.224821	0.295724	0.366904	0.41161	0.434795	0.437017	0.400338	0.322045	0.192306	0.0151689	-0.168912	-0.334486	-0.473633	-0.568103	-0.608342	-0.601147	-0.556009	-0.481461	-0.389793	-0.29349	-0.210644	-0.14502	-0.0980964	-0.0744978	
