-0.0118288	0.0863606	0.151134	0.172964	0.168717	0.148591	0.109689	0.0749322	0.066115	0.0781999	0.122196	0.17762	0.228248	0.269078	0.311772	0.363862	0.394218	0.380607	0.325516	0.250945	0.181727	0.145013	0.148646	0.18782	0.250567	
0.0863606	0.173534	0.232849	0.251533	0.241901	0.219079	0.182272	0.143166	0.117573	0.114032	0.144176	0.188684	0.234068	0.278462	0.320209	0.364878	0.391399	0.378185	0.321695	0.245508	0.173885	0.130952	0.135417	0.169377	0.225416	
0.151134	0.232849	0.287033	0.303368	0.289185	0.260583	0.22155	0.177095	0.142211	0.128906	0.142947	0.181321	0.229878	0.271921	0.310582	0.35151	0.375735	0.354526	0.293656	0.220701	0.158855	0.123564	0.124774	0.156015	0.212731	
0.172964	0.251533	0.303368	0.315016	0.297993	0.260726	0.21275	0.16511	0.127904	0.113673	0.123409	0.159707	0.204253	0.244838	0.284241	0.323202	0.342886	0.32139	0.266564	0.201804	0.152074	0.125612	0.127396	0.162817	0.225854	
0.168717	0.241901	0.289185	0.297993	0.272252	0.221378	0.164169	0.112866	0.0709091	0.0565097	0.0740566	0.11453	0.157162	0.194766	0.235365	0.275293	0.296642	0.283855	0.244953	0.200436	0.166659	0.146653	0.1538	0.191945	0.256712	
0.148591	0.219079	0.260583	0.260726	0.221378	0.162809	0.0990425	0.0377513	-0.00700546	-0.0242928	-0.00902912	0.0342828	0.0809073	0.122808	0.170842	0.211373	0.237389	0.238207	0.221655	0.202158	0.186911	0.18142	0.196407	0.237208	0.298191	
0.109689	0.182272	0.22155	0.21275	0.164169	0.0990425	0.028993	-0.037935	-0.0945509	-0.122575	-0.117873	-0.077441	-0.0271837	0.0253094	0.0823513	0.128961	0.160936	0.179415	0.185633	0.194725	0.204102	0.216821	0.242203	0.285019	0.345111	
0.0749322	0.143166	0.177095	0.16511	0.112866	0.0377513	-0.037935	-0.112189	-0.182948	-0.232405	-0.240779	-0.208852	-0.159284	-0.0982915	-0.0334842	0.0261282	0.0730305	0.105278	0.136486	0.170452	0.207125	0.244723	0.284077	0.324167	0.381317	
0.066115	0.117573	0.142211	0.127904	0.0709091	-0.00700546	-0.0945509	-0.182948	-0.271131	-0.338299	-0.363373	-0.344599	-0.300437	-0.238215	-0.169536	-0.0975141	-0.0338482	0.0154664	0.0646709	0.121283	0.182687	0.241629	0.290492	0.336407	0.396242	
0.0781999	0.114032	0.128906	0.113673	0.0565097	-0.0242928	-0.122575	-0.232405	-0.338299	-0.418594	-0.45798	-0.457588	-0.427379	-0.373441	-0.30757	-0.229195	-0.153467	-0.0880268	-0.0214993	0.0449271	0.118952	0.190388	0.249964	0.305801	0.368889	
0.122196	0.144176	0.142947	0.123409	0.0740566	-0.00902912	-0.117873	-0.240779	-0.363373	-0.45798	-0.516872	-0.534357	-0.519451	-0.479146	-0.422967	-0.347506	-0.267235	-0.190282	-0.117077	-0.0500723	0.0237294	0.101902	0.167367	0.232548	0.306152	
0.17762	0.188684	0.181321	0.159707	0.11453	0.0342828	-0.077441	-0.208852	-0.344599	-0.457588	-0.534357	-0.572831	-0.570975	-0.547968	-0.510292	-0.446573	-0.364071	-0.285193	-0.214292	-0.148474	-0.0794764	-0.00750835	0.0626233	0.135353	0.216704	
0.228248	0.234068	0.229878	0.204253	0.157162	0.0809073	-0.0271837	-0.159284	-0.300437	-0.427379	-0.519451	-0.570975	-0.591363	-0.590082	-0.570045	-0.527903	-0.453592	-0.376758	-0.312289	-0.251792	-0.183898	-0.114521	-0.0473327	0.0296026	0.123167	
0.269078	0.278462	0.271921	0.244838	0.194766	0.122808	0.0253094	-0.0982915	-0.238215	-0.373441	-0.479146	-0.547968	-0.590082	-0.615371	-0.614667	-0.584267	-0.524638	-0.459134	-0.401059	-0.343024	-0.277376	-0.210009	-0.133154	-0.0401225	0.0732632	
0.311772	0.320209	0.310582	0.284241	0.235365	0.170842	0.0823513	-0.0334842	-0.169536	-0.30757	-0.422967	-0.510292	-0.570045	-0.614667	-0.634367	-0.621359	-0.579027	-0.519669	-0.458302	-0.399126	-0.338463	-0.260715	-0.161696	-0.0466271	0.0861933	
0.363862	0.364878	0.35151	0.323202	0.275293	0.211373	0.128961	0.0261282	-0.0975141	-0.229195	-0.347506	-0.446573	-0.527903	-0.584267	-0.621359	-0.627311	-0.602466	-0.550278	-0.480551	-0.413633	-0.346513	-0.248645	-0.124934	0.0143393	0.162105	
0.394218	0.391399	0.375735	0.342886	0.296642	0.237389	0.160936	0.0730305	-0.0338482	-0.153467	-0.267235	-0.364071	-0.453592	-0.524638	-0.579027	-0.602466	-0.590519	-0.541946	-0.462677	-0.38511	-0.300548	-0.180021	-0.0326915	0.122242	0.275174	
0.380607	0.378185	0.354526	0.32139	0.283855	0.238207	0.179415	0.105278	0.0154664	-0.0880268	-0.190282	-0.285193	-0.376758	-0.459134	-0.519669	-0.550278	-0.541946	-0.494969	-0.407791	-0.312512	-0.201883	-0.0670578	0.0900371	0.250656	0.410944	
0.325516	0.321695	0.293656	0.266564	0.244953	0.221655	0.185633	0.136486	0.0646709	-0.0214993	-0.117077	-0.214292	-0.312289	-0.401059	-0.458302	-0.480551	-0.462677	-0.407791	-0.317368	-0.206269	-0.0795908	0.0658534	0.225166	0.387352	0.556225	
0.250945	0.245508	0.220701	0.201804	0.200436	0.202158	0.194725	0.170452	0.121283	0.0449271	-0.0500723	-0.148474	-0.251792	-0.343024	-0.399126	-0.413633	-0.38511	-0.312512	-0.206269	-0.0787667	0.0553676	0.202373	0.359503	0.525484	0.694831	
0.181727	0.173885	0.158855	0.152074	0.166659	0.186911	0.204102	0.207125	0.182687	0.118952	0.0237294	-0.0794764	-0.183898	-0.277376	-0.338463	-0.346513	-0.300548	-0.201883	-0.0795908	0.0553676	0.200729	0.344412	0.496586	0.660527	0.824546	
0.145013	0.130952	0.123564	0.125612	0.146653	0.18142	0.216821	0.244723	0.241629	0.190388	0.101902	-0.00750835	-0.114521	-0.210009	-0.260715	-0.248645	-0.180021	-0.0670578	0.0658534	0.202373	0.344412	0.48969	0.637382	0.785359	0.929965	
0.148646	0.135417	0.124774	0.127396	0.1538	0.196407	0.242203	0.284077	0.290492	0.249964	0.167367	0.0626233	-0.0473327	-0.133154	-0.161696	-0.124934	-0.0326915	0.0900371	0.225166	0.359503	0.496586	0.637382	0.764741	0.882746	1.00097	
0.18782	0.169377	0.156015	0.162817	0.191945	0.237208	0.285019	0.324167	0.336407	0.305801	0.232548	0.135353	0.0296026	-0.0401225	-0.0466271	0.0143393	0.122242	0.250656	0.387352	0.525484	0.660527	0.785359	0.882746	0.965189	1.04252	
0.250567	0.225416	0.212731	0.225854	0.256712	0.298191	0.345111	0.381317	0.396242	0.368889	0.306152	0.216704	0.123167	0.0732632	0.0861933	0.162105	0.275174	0.410944	0.556225	0.694831	0.824546	0.929965	1.00097	1.04252	1.07468	
0.331301	0.302606	0.291725	0.306302	0.336176	0.377177	0.428298	0.469046	0.477091	0.444343	0.38091	0.300367	0.226987	0.18985	0.212001	0.296843	0.421724	0.570524	0.727756	0.868683	0.986106	1.07155	1.11814	1.12482	1.11707	
0.428919	0.387743	0.373813	0.387755	0.424817	0.473809	0.523725	0.56108	0.556259	0.521017	0.459455	0.392209	0.33416	0.306299	0.3378	0.424828	0.562373	0.725138	0.886941	1.0295	1.13565	1.2051	1.22738	1.20651	1.15601	
0.509474	0.453443	0.436874	0.462894	0.513081	0.567377	0.613428	0.635476	0.623689	0.588175	0.534127	0.47694	0.431642	0.413247	0.447806	0.542431	0.689084	0.855821	1.01938	1.1642	1.27412	1.33152	1.32785	1.27338	1.18571	
0.556425	0.49654	0.488693	0.528982	0.587589	0.642442	0.67752	0.687611	0.671899	0.634278	0.585321	0.537729	0.503941	0.498228	0.539807	0.641535	0.788124	0.953003	1.12333	1.27435	1.38298	1.42767	1.40036	1.31301	1.19726	
0.583445	0.525221	0.524382	0.574817	0.635823	0.685739	0.711484	0.714889	0.702097	0.666248	0.612175	0.562684	0.530378	0.539479	0.596992	0.707315	0.859377	1.01926	1.18378	1.33545	1.44323	1.47865	1.43215	1.33271	1.20557	
0.587728	0.5306	0.530637	0.583209	0.646052	0.693993	0.716851	0.720106	0.707192	0.673838	0.616311	0.56537	0.532608	0.545821	0.606432	0.718769	0.872973	1.03342	1.19409	1.3442	1.45359	1.48699	1.43781	1.33653	1.20667	
0.569517	0.509883	0.505933	0.550802	0.610679	0.663618	0.694726	0.700883	0.685732	0.648761	0.59843	0.552124	0.519433	0.52029	0.567767	0.673339	0.821027	0.983108	1.15258	1.30595	1.41354	1.45402	1.41683	1.3231	1.20032	
0.530907	0.472581	0.458655	0.490307	0.544924	0.60022	0.642562	0.65975	0.645978	0.608881	0.557987	0.505397	0.464959	0.451313	0.487505	0.584886	0.731827	0.89908	1.06572	1.21153	1.32202	1.37494	1.36229	1.29206	1.19193	
0.466036	0.416985	0.401097	0.418647	0.461011	0.513679	0.561693	0.592944	0.58455	0.549554	0.49153	0.427791	0.375088	0.350119	0.383662	0.473815	0.616338	0.78065	0.942345	1.08679	1.19353	1.25728	1.26916	1.2361	1.16961	
0.369535	0.338124	0.325692	0.339579	0.371524	0.414661	0.46642	0.506933	0.509876	0.475599	0.411792	0.33662	0.269872	0.237519	0.263587	0.348144	0.478497	0.634177	0.794734	0.935436	1.04716	1.12602	1.16233	1.1583	1.13407	
0.280248	0.253344	0.242235	0.257132	0.286337	0.326864	0.375849	0.413789	0.42651	0.397681	0.335329	0.249754	0.16409	0.120042	0.136691	0.218135	0.334582	0.474052	0.624622	0.764986	0.889844	0.987368	1.04855	1.07462	1.09032	
0.210762	0.189021	0.175608	0.184868	0.215581	0.260118	0.305872	0.343229	0.358004	0.330088	0.26176	0.167404	0.0645805	0.00371975	0.0066243	0.0738532	0.183751	0.315565	0.454203	0.592668	0.726063	0.843556	0.929876	0.995874	1.05488	
0.161112	0.146205	0.133819	0.137744	0.165091	0.209638	0.258024	0.299435	0.308406	0.272016	0.19249	0.0900426	-0.0181968	-0.0986847	-0.11895	-0.0713245	0.0294308	0.154256	0.289194	0.424989	0.561794	0.696753	0.812548	0.916982	1.02039	
0.141335	0.127883	0.120177	0.122446	0.1461	0.18445	0.225027	0.261018	0.26204	0.215677	0.129634	0.0218011	-0.087879	-0.180947	-0.222253	-0.200723	-0.1232	-0.00602184	0.129033	0.263867	0.403348	0.548443	0.690233	0.827157	0.961873	
0.162171	0.150944	0.140154	0.138463	0.156478	0.183034	0.208062	0.221089	0.207852	0.149083	0.0558398	-0.0510203	-0.156162	-0.251039	-0.310897	-0.312525	-0.256987	-0.151716	-0.0233063	0.112619	0.258822	0.402775	0.553136	0.713468	0.871239	
0.220721	0.215306	0.194432	0.179007	0.185491	0.195313	0.19813	0.185764	0.145386	0.07372	-0.0219214	-0.121618	-0.225029	-0.317067	-0.375072	-0.387802	-0.353754	-0.270241	-0.157698	-0.0258346	0.113103	0.257428	0.41323	0.579755	0.747975	
0.296719	0.292157	0.264219	0.240701	0.22641	0.213203	0.188765	0.149641	0.0864	0.0046107	-0.0898228	-0.188474	-0.289081	-0.379157	-0.435046	-0.453274	-0.431341	-0.370488	-0.274632	-0.156552	-0.0275417	0.120425	0.27879	0.442999	0.613822	
0.362849	0.359733	0.332439	0.302187	0.270775	0.23346	0.182641	0.117201	0.0342984	-0.0613389	-0.160153	-0.255267	-0.349009	-0.434258	-0.494461	-0.522691	-0.512	-0.463147	-0.375351	-0.27375	-0.154228	-0.0145103	0.14414	0.304259	0.467715	
0.394876	0.391531	0.373803	0.339278	0.294993	0.240879	0.170094	0.0869315	-0.0130586	-0.126865	-0.235965	-0.331301	-0.421996	-0.498937	-0.556896	-0.585027	-0.575648	-0.527989	-0.445541	-0.36053	-0.266117	-0.139524	0.0132385	0.172903	0.328019	
0.379889	0.379308	0.365478	0.335279	0.287585	0.223822	0.144193	0.047326	-0.0698772	-0.197271	-0.315139	-0.415022	-0.501055	-0.562752	-0.607193	-0.620839	-0.601562	-0.551643	-0.47772	-0.408116	-0.334758	-0.226776	-0.0924216	0.0527066	0.203471	
0.332661	0.338188	0.32654	0.300006	0.252524	0.188378	0.102451	-0.00883118	-0.1415	-0.277357	-0.394302	-0.487845	-0.556879	-0.606605	-0.633017	-0.627151	-0.592614	-0.53687	-0.472063	-0.409565	-0.34812	-0.263893	-0.155457	-0.0292982	0.110824	
0.284652	0.295449	0.287198	0.260111	0.210135	0.141857	0.0481409	-0.072279	-0.210738	-0.348222	-0.459218	-0.534883	-0.584017	-0.61879	-0.62678	-0.60224	-0.549156	-0.48562	-0.427647	-0.370923	-0.307581	-0.236643	-0.152328	-0.0505592	0.0701323	
0.245623	0.252713	0.24821	0.221615	0.172301	0.0974623	-0.00641057	-0.135817	-0.278017	-0.40813	-0.505389	-0.563644	-0.593412	-0.602721	-0.589699	-0.552559	-0.484345	-0.412218	-0.350983	-0.290484	-0.222719	-0.155923	-0.0867136	-0.0052821	0.095863	
0.198673	0.206609	0.200431	0.177405	0.132314	0.0538424	-0.0579459	-0.190306	-0.328627	-0.448625	-0.532338	-0.575824	-0.582407	-0.566989	-0.53666	-0.482238	-0.400983	-0.321567	-0.253545	-0.189901	-0.122505	-0.0509916	0.0185618	0.0920624	0.177171	
0.144587	0.161099	0.1557	0.135543	0.0882313	0.00599653	-0.105057	-0.231476	-0.360116	-0.462519	-0.528329	-0.554543	-0.544398	-0.510063	-0.461974	-0.388934	-0.307245	-0.229633	-0.156074	-0.0890657	-0.0163025	0.0591548	0.126597	0.195876	0.272818	
