1.36989	1.36829	1.36559	1.36299	1.36131	1.36101	1.36216	1.36445	1.36722	1.36942	1.36966	1.36621	1.35707	1.33996	1.31242	1.27188	1.21583	1.14205	1.04911	0.937059	0.808301	0.668147	0.524763	0.388111	0.267914	
1.31772	1.30051	1.28575	1.27476	1.26847	1.26739	1.27162	1.28081	1.29419	1.31061	1.32848	1.34589	1.36059	1.3701	1.37176	1.36278	1.34032	1.30149	1.24333	1.16307	1.05888	0.931119	0.783753	0.625145	0.467514	
1.15774	1.12285	1.09451	1.07418	1.0628	1.06089	1.06854	1.0854	1.11069	1.14316	1.18111	1.22235	1.26426	1.30377	1.33759	1.3623	1.37453	1.37134	1.35008	1.30807	1.2423	1.14978	1.02873	0.8807	0.712768	
0.882953	0.831558	0.791073	0.762613	0.7469	0.744309	0.754878	0.778373	0.81419	0.861387	0.918551	0.983745	1.05445	1.12746	1.19888	1.26434	1.31898	1.35796	1.37741	1.37467	1.34781	1.29493	1.21353	1.10087	0.955901	
0.52742	0.466005	0.418557	0.385642	0.367625	0.364642	0.37673	0.403777	0.445522	0.501456	0.570815	0.652347	0.744287	0.844272	0.948907	1.05406	1.15475	1.24446	1.31618	1.36382	1.38313	1.37204	1.33004	1.25689	1.15103	
0.14374	0.078472	0.028676	-0.00551151	-0.0241395	-0.0273047	-0.0149042	0.0129843	0.0565704	0.115701	0.19026	0.279738	0.383026	0.498646	0.624335	0.75647	0.891418	1.02434	1.14805	1.25396	1.33331	1.37874	1.38584	1.35399	1.28595	
-0.23841	-0.301687	-0.34907	-0.381085	-0.398449	-0.401424	-0.390029	-0.364092	-0.323016	-0.266136	-0.192911	-0.102744	0.00436698	0.127394	0.265479	0.415507	0.573018	0.734385	0.894669	1.047	1.1828	1.29207	1.36463	1.39176	1.36994	
-0.578398	-0.630857	-0.668707	-0.693758	-0.707158	-0.709277	-0.7007	-0.680381	-0.648069	-0.601638	-0.539875	-0.460974	-0.362931	-0.245316	-0.10808	0.0491843	0.222098	0.40536	0.593584	0.779977	0.957139	1.1169	1.25009	1.34641	1.39249	
-0.825913	-0.860459	-0.88386	-0.898811	-0.906333	-0.907378	-0.902513	-0.890482	-0.87081	-0.841198	-0.79904	-0.741832	-0.666694	-0.569709	-0.451203	-0.308389	-0.140219	0.0494381	0.255528	0.470366	0.68394	0.886034	1.0662	1.21678	1.33098	
-0.965317	-0.977774	-0.98464	-0.987574	-0.988384	-0.988736	-0.987517	-0.985916	-0.980304	-0.970837	-0.952954	-0.923106	-0.878304	-0.812647	-0.722191	-0.607106	-0.463167	-0.29035	-0.0906848	0.131682	0.368351	0.607426	0.835285	1.03436	1.19768	
-0.986256	-0.975044	-0.963956	-0.95434	-0.948864	-0.948281	-0.951416	-0.960051	-0.970211	-0.981572	-0.990828	-0.994037	-0.985025	-0.961229	-0.911752	-0.833968	-0.723868	-0.579479	-0.401376	-0.192635	0.0428458	0.295054	0.554594	0.806166	1.0214	
-0.894963	-0.864869	-0.839165	-0.821407	-0.811373	-0.809371	-0.817131	-0.831051	-0.854952	-0.882533	-0.914397	-0.947572	-0.975173	-0.992845	-0.993585	-0.96769	-0.908157	-0.808493	-0.666012	-0.481781	-0.260896	-0.00945278	0.2552	0.531375	0.800945	
-0.73578	-0.694955	-0.663744	-0.642802	-0.630533	-0.628511	-0.636973	-0.653379	-0.681709	-0.718745	-0.764952	-0.816003	-0.873597	-0.926111	-0.970122	-0.993579	-0.990623	-0.947564	-0.861197	-0.721492	-0.534873	-0.299251	-0.0295304	0.24869	0.541187	
-0.553393	-0.515465	-0.48765	-0.467766	-0.458817	-0.457013	-0.462536	-0.479182	-0.501326	-0.536805	-0.583875	-0.640933	-0.709587	-0.786787	-0.86731	-0.93557	-0.984968	-0.998447	-0.969028	-0.88771	-0.746796	-0.557772	-0.305752	-0.0208207	0.275054	
-0.408928	-0.383534	-0.36527	-0.353784	-0.350644	-0.347945	-0.352157	-0.361254	-0.3749	-0.397454	-0.428501	-0.476892	-0.535741	-0.612801	-0.703655	-0.805238	-0.896964	-0.971701	-0.999742	-0.984029	-0.896932	-0.750455	-0.547868	-0.279548	0.0179374	
-0.336796	-0.322834	-0.318843	-0.317078	-0.313795	-0.314811	-0.315674	-0.31642	-0.32297	-0.330135	-0.343261	-0.367617	-0.40441	-0.463437	-0.540068	-0.644287	-0.755812	-0.869446	-0.955871	-0.998575	-0.9872	-0.893094	-0.734917	-0.506207	-0.223286	
-0.322096	-0.321772	-0.320603	-0.321532	-0.318253	-0.320949	-0.320457	-0.319634	-0.322224	-0.321463	-0.325067	-0.328812	-0.341614	-0.363434	-0.413071	-0.490962	-0.604889	-0.730775	-0.86013	-0.952191	-0.999407	-0.976064	-0.874501	-0.692207	-0.43657	
-0.328072	-0.326421	-0.319976	-0.317401	-0.316463	-0.314704	-0.316891	-0.319912	-0.322663	-0.328038	-0.331073	-0.332339	-0.338488	-0.33927	-0.351127	-0.385836	-0.465396	-0.583849	-0.72664	-0.863651	-0.964657	-0.999701	-0.957368	-0.833223	-0.617847	
-0.309425	-0.298061	-0.290506	-0.284192	-0.280973	-0.280314	-0.281951	-0.287546	-0.293562	-0.305535	-0.316394	-0.327422	-0.337914	-0.345628	-0.344024	-0.346586	-0.380298	-0.46231	-0.593324	-0.742743	-0.883564	-0.979855	-0.995046	-0.926768	-0.761389	
-0.269102	-0.260013	-0.252091	-0.248048	-0.247178	-0.245408	-0.24837	-0.251963	-0.255376	-0.26546	-0.278954	-0.291873	-0.314987	-0.339955	-0.353737	-0.345856	-0.344548	-0.382278	-0.478696	-0.62645	-0.783611	-0.919335	-0.990896	-0.979839	-0.867497	
-0.249526	-0.2411	-0.245812	-0.239602	-0.241182	-0.241763	-0.23772	-0.244766	-0.242376	-0.244866	-0.254356	-0.26063	-0.266894	-0.298016	-0.336925	-0.355759	-0.345822	-0.348596	-0.400131	-0.517136	-0.677348	-0.84186	-0.956585	-0.996547	-0.938068	
-0.24729	-0.247131	-0.248065	-0.241203	-0.241598	-0.244358	-0.240046	-0.245213	-0.248197	-0.245995	-0.251847	-0.261138	-0.256146	-0.259773	-0.296103	-0.33706	-0.348456	-0.340331	-0.356855	-0.441558	-0.580833	-0.753317	-0.901894	-0.986499	-0.978743	
-0.241685	-0.240324	-0.231632	-0.226471	-0.226691	-0.226852	-0.226039	-0.229763	-0.237566	-0.24218	-0.241537	-0.265583	-0.264788	-0.254188	-0.261867	-0.309368	-0.338417	-0.34264	-0.336415	-0.385596	-0.501422	-0.67109	-0.840007	-0.957094	-0.995003	
-0.222066	-0.226682	-0.205142	-0.217192	-0.211666	-0.205623	-0.219697	-0.205037	-0.217997	-0.227659	-0.217545	-0.238627	-0.264723	-0.268474	-0.255565	-0.28386	-0.3198	-0.337921	-0.329258	-0.354951	-0.442746	-0.594156	-0.775715	-0.918798	-0.993135	
-0.226538	-0.219531	-0.209626	-0.219692	-0.214069	-0.2087	-0.221219	-0.212086	-0.215021	-0.224358	-0.223136	-0.217775	-0.23717	-0.25626	-0.25335	-0.271904	-0.306972	-0.332392	-0.32847	-0.332895	-0.400619	-0.534328	-0.715951	-0.877357	-0.979291	
-0.225524	-0.21364	-0.212181	-0.213761	-0.207835	-0.207963	-0.211893	-0.211934	-0.213937	-0.218445	-0.230009	-0.220378	-0.234468	-0.246006	-0.24837	-0.257405	-0.294307	-0.323473	-0.326057	-0.324334	-0.372681	-0.487269	-0.66252	-0.836555	-0.961858	
-0.21364	-0.201594	-0.204075	-0.198501	-0.197011	-0.199665	-0.195978	-0.202478	-0.20262	-0.207468	-0.218325	-0.222185	-0.235002	-0.246207	-0.242569	-0.248761	-0.282199	-0.318381	-0.326272	-0.317371	-0.351755	-0.453203	-0.622881	-0.800403	-0.940506	
-0.212181	-0.204075	-0.203159	-0.205643	-0.202205	-0.200778	-0.205582	-0.203832	-0.203316	-0.207612	-0.214731	-0.202842	-0.220383	-0.243687	-0.248686	-0.245304	-0.274527	-0.310156	-0.324708	-0.31454	-0.340426	-0.428448	-0.590378	-0.772733	-0.923102	
-0.213761	-0.198501	-0.205643	-0.197964	-0.195944	-0.200515	-0.194017	-0.203712	-0.2029	-0.203619	-0.221136	-0.215646	-0.222691	-0.234626	-0.242491	-0.239879	-0.268925	-0.305414	-0.323992	-0.315652	-0.332471	-0.411823	-0.56964	-0.75298	-0.909516	
-0.207835	-0.197011	-0.202205	-0.195944	-0.194124	-0.197974	-0.192968	-0.201112	-0.198477	-0.201447	-0.215147	-0.210569	-0.220273	-0.236539	-0.243485	-0.241368	-0.266076	-0.304136	-0.322257	-0.312013	-0.329591	-0.405363	-0.55783	-0.741016	-0.901822	
-0.207963	-0.199665	-0.200778	-0.200515	-0.197974	-0.198868	-0.199038	-0.200759	-0.200973	-0.202438	-0.211265	-0.203479	-0.217368	-0.238391	-0.24511	-0.239299	-0.265067	-0.301453	-0.323585	-0.31352	-0.328751	-0.40292	-0.555749	-0.740454	-0.900866	
-0.211893	-0.195978	-0.205582	-0.194017	-0.192968	-0.199038	-0.189719	-0.202656	-0.200508	-0.201831	-0.221461	-0.219073	-0.223662	-0.233869	-0.241218	-0.239953	-0.26792	-0.304649	-0.323314	-0.315182	-0.330397	-0.408156	-0.563875	-0.746685	-0.905859	
-0.211934	-0.202478	-0.203832	-0.203712	-0.201112	-0.200759	-0.202656	-0.204557	-0.202158	-0.206924	-0.215165	-0.204483	-0.218325	-0.240911	-0.24638	-0.245084	-0.27214	-0.308049	-0.324987	-0.312007	-0.336831	-0.422341	-0.5802	-0.76404	-0.917949	
-0.213937	-0.20262	-0.203316	-0.2029	-0.198477	-0.200973	-0.200508	-0.202158	-0.20434	-0.207511	-0.217004	-0.21412	-0.229928	-0.245563	-0.245607	-0.245895	-0.27755	-0.314011	-0.325685	-0.318441	-0.347167	-0.440662	-0.608239	-0.789047	-0.933391	
-0.218445	-0.207468	-0.207612	-0.203619	-0.201447	-0.202438	-0.201831	-0.206924	-0.207511	-0.211597	-0.224602	-0.224566	-0.2367	-0.245694	-0.24463	-0.253518	-0.289528	-0.322725	-0.325955	-0.320439	-0.362659	-0.472016	-0.645797	-0.821914	-0.953415	
-0.230009	-0.218325	-0.214731	-0.221136	-0.215147	-0.211265	-0.221461	-0.215165	-0.217004	-0.224602	-0.229811	-0.215166	-0.231255	-0.249962	-0.252468	-0.26533	-0.303057	-0.327938	-0.328537	-0.328631	-0.386297	-0.514592	-0.694498	-0.860626	-0.972265	
-0.220378	-0.222185	-0.202842	-0.215646	-0.210569	-0.203479	-0.219073	-0.204483	-0.21412	-0.224566	-0.215166	-0.229027	-0.255979	-0.267631	-0.25503	-0.279026	-0.313493	-0.335759	-0.326882	-0.344216	-0.426292	-0.569087	-0.750503	-0.901667	-0.988154	
-0.234468	-0.235002	-0.220383	-0.222691	-0.220273	-0.217368	-0.223662	-0.218325	-0.229928	-0.2367	-0.231255	-0.255979	-0.266861	-0.259634	-0.25638	-0.296649	-0.33144	-0.341376	-0.334034	-0.372472	-0.474271	-0.638468	-0.814	-0.941779	-0.996645	
-0.246006	-0.246207	-0.243687	-0.234626	-0.236539	-0.238391	-0.233869	-0.240911	-0.245563	-0.245694	-0.249962	-0.267631	-0.259634	-0.253281	-0.279572	-0.327199	-0.346088	-0.341544	-0.345158	-0.416234	-0.54768	-0.719149	-0.876975	-0.97702	-0.988704	
-0.24837	-0.242569	-0.248686	-0.242491	-0.243485	-0.24511	-0.241218	-0.24638	-0.245607	-0.24463	-0.252468	-0.25503	-0.25638	-0.279572	-0.323017	-0.350852	-0.34889	-0.343028	-0.380198	-0.483587	-0.635073	-0.80671	-0.937329	-0.995363	-0.957662	
-0.257405	-0.248761	-0.245304	-0.239879	-0.241368	-0.239299	-0.239953	-0.245084	-0.245895	-0.253518	-0.26533	-0.279026	-0.296649	-0.327199	-0.350852	-0.351728	-0.341724	-0.363572	-0.44095	-0.579589	-0.742451	-0.890308	-0.979766	-0.990643	-0.900295	
-0.294307	-0.282199	-0.274527	-0.268925	-0.266076	-0.265067	-0.26792	-0.27214	-0.27755	-0.289528	-0.303057	-0.313493	-0.33144	-0.346088	-0.34889	-0.341724	-0.360553	-0.424692	-0.544944	-0.696733	-0.843767	-0.959127	-0.998905	-0.952648	-0.808099	
-0.323473	-0.318381	-0.310156	-0.305414	-0.304136	-0.301453	-0.304649	-0.308049	-0.314011	-0.322725	-0.327938	-0.335759	-0.341376	-0.341544	-0.343028	-0.363572	-0.424692	-0.530724	-0.671556	-0.816281	-0.937626	-0.997819	-0.976777	-0.875666	-0.680454	
-0.326057	-0.326272	-0.324708	-0.323992	-0.322257	-0.323585	-0.323314	-0.324987	-0.325685	-0.325955	-0.328537	-0.326882	-0.334034	-0.345158	-0.380198	-0.44095	-0.544944	-0.671556	-0.809644	-0.923113	-0.990345	-0.99058	-0.914519	-0.754835	-0.513232	
-0.324334	-0.317371	-0.31454	-0.315652	-0.312013	-0.31352	-0.315182	-0.312007	-0.318441	-0.320439	-0.328631	-0.344216	-0.372472	-0.416234	-0.483587	-0.579589	-0.696733	-0.816281	-0.923113	-0.985126	-0.999615	-0.935248	-0.796812	-0.585037	-0.312568	
-0.372681	-0.351755	-0.340426	-0.332471	-0.329591	-0.328751	-0.330397	-0.336831	-0.347167	-0.362659	-0.386297	-0.426292	-0.474271	-0.54768	-0.635073	-0.742451	-0.843767	-0.937626	-0.990345	-0.999615	-0.942431	-0.81274	-0.628241	-0.375706	-0.0816707	
-0.487269	-0.453203	-0.428448	-0.411823	-0.405363	-0.40292	-0.408156	-0.422341	-0.440662	-0.472016	-0.514592	-0.569087	-0.638468	-0.719149	-0.80671	-0.890308	-0.959127	-0.997819	-0.99058	-0.935248	-0.81274	-0.642443	-0.40952	-0.126586	0.171258	
-0.66252	-0.622881	-0.590378	-0.56964	-0.55783	-0.555749	-0.563875	-0.5802	-0.608239	-0.645797	-0.694498	-0.750503	-0.814	-0.876975	-0.937329	-0.979766	-0.998905	-0.976777	-0.914519	-0.796812	-0.628241	-0.40952	-0.141047	0.139951	0.433683	
-0.836555	-0.800403	-0.772733	-0.75298	-0.741016	-0.740454	-0.746685	-0.76404	-0.789047	-0.821914	-0.860626	-0.901667	-0.941779	-0.97702	-0.995363	-0.990643	-0.952648	-0.875666	-0.754835	-0.585037	-0.375706	-0.126586	0.139951	0.416208	0.700034	
-0.961858	-0.940506	-0.923102	-0.909516	-0.901822	-0.900866	-0.905859	-0.917949	-0.933391	-0.953415	-0.972265	-0.988154	-0.996645	-0.988704	-0.957662	-0.900295	-0.808099	-0.680454	-0.513232	-0.312568	-0.0816707	0.171258	0.433683	0.700034	0.939919	
