-0.208314	-0.0254667	0.211877	0.467938	0.709617	0.917729	1.07393	1.17244	1.19341	1.13864	1.0091	0.815981	0.588904	0.354842	0.130396	-0.0716704	-0.249339	-0.396868	-0.515746	-0.608429	-0.675125	-0.716286	-0.723045	-0.711646	-0.703211	
-0.365115	-0.181547	0.0622657	0.326272	0.587234	0.829698	1.02448	1.16334	1.22755	1.20913	1.11475	0.959419	0.76158	0.547816	0.330798	0.114089	-0.0876083	-0.265191	-0.415485	-0.5363	-0.622043	-0.686099	-0.725429	-0.742972	-0.747092	
-0.47665	-0.308372	-0.0766263	0.176482	0.43784	0.695904	0.915701	1.08106	1.18051	1.20354	1.15161	1.04656	0.89085	0.707069	0.50426	0.287424	0.0662178	-0.133954	-0.304497	-0.439641	-0.542963	-0.62109	-0.67802	-0.711274	-0.728903	
-0.54762	-0.403604	-0.20145	0.0301593	0.278997	0.527953	0.751846	0.932188	1.05559	1.11432	1.11429	1.06411	0.968824	0.829411	0.645746	0.427105	0.20014	-0.0113621	-0.190239	-0.33245	-0.446748	-0.533102	-0.596896	-0.641965	-0.666315	
-0.602598	-0.486523	-0.320278	-0.114758	0.114884	0.34101	0.545782	0.727168	0.870978	0.96289	1.00903	1.01684	0.980707	0.894626	0.744377	0.534871	0.313143	0.104569	-0.0778669	-0.21895	-0.334119	-0.429642	-0.498646	-0.544121	-0.568082	
-0.669914	-0.575068	-0.443551	-0.271191	-0.064916	0.134559	0.311732	0.479367	0.633842	0.758316	0.848847	0.908305	0.927627	0.889961	0.780392	0.598743	0.394791	0.202482	0.0314012	-0.106928	-0.220675	-0.315274	-0.383301	-0.427256	-0.445906	
-0.743571	-0.675885	-0.572322	-0.433683	-0.262154	-0.0888832	0.068079	0.218852	0.372366	0.515429	0.642156	0.745	0.815381	0.823145	0.755103	0.613553	0.448621	0.2862	0.131893	-0.00366613	-0.119831	-0.210211	-0.268121	-0.301577	-0.308281	
-0.808194	-0.773843	-0.693074	-0.57545	-0.437853	-0.29568	-0.163509	-0.0304388	0.108599	0.254962	0.400517	0.541145	0.66151	0.723554	0.708478	0.616961	0.492735	0.35658	0.217248	0.0869303	-0.022763	-0.107998	-0.153922	-0.169413	-0.154134	
-0.843361	-0.837171	-0.781658	-0.683106	-0.570555	-0.465045	-0.367336	-0.265821	-0.144609	0.00164228	0.163049	0.332558	0.496208	0.610968	0.653312	0.619182	0.537689	0.431239	0.308793	0.186162	0.0836379	0.0118402	-0.022252	-0.0280383	-0.00688469	
-0.848913	-0.854036	-0.824047	-0.755399	-0.670198	-0.589646	-0.524283	-0.454293	-0.354216	-0.210653	-0.0363168	0.154933	0.34631	0.501455	0.597084	0.625106	0.599169	0.529438	0.429854	0.321064	0.228708	0.161261	0.123148	0.110107	0.128173	
-0.826401	-0.832558	-0.817521	-0.781169	-0.729611	-0.670205	-0.62028	-0.568571	-0.483153	-0.347517	-0.173842	0.0284123	0.23659	0.422669	0.56773	0.654813	0.683746	0.660109	0.592512	0.499403	0.410618	0.335069	0.279972	0.25301	0.259403	
-0.7787	-0.789808	-0.783812	-0.767257	-0.740079	-0.700741	-0.65909	-0.614692	-0.535477	-0.409755	-0.246192	-0.0458393	0.173164	0.388526	0.576154	0.716577	0.79092	0.803341	0.764728	0.693724	0.611306	0.532649	0.457187	0.403049	0.385557	
-0.716586	-0.728015	-0.731502	-0.720369	-0.699795	-0.669584	-0.637906	-0.600806	-0.528182	-0.412754	-0.258379	-0.0641778	0.15602	0.385891	0.604462	0.779884	0.891941	0.934672	0.922745	0.874692	0.807175	0.725015	0.630129	0.547528	0.497602	
-0.654395	-0.652371	-0.647993	-0.634404	-0.611422	-0.585023	-0.561054	-0.536128	-0.476535	-0.375084	-0.231079	-0.0413479	0.172172	0.399689	0.622035	0.813836	0.94993	1.02481	1.04389	1.02357	0.967358	0.883556	0.771187	0.663386	0.580633	
-0.595717	-0.564954	-0.536469	-0.509825	-0.486479	-0.468797	-0.454128	-0.440365	-0.396136	-0.313865	-0.183862	-0.0054286	0.196588	0.406345	0.61499	0.80214	0.950063	1.04737	1.09819	1.10936	1.07709	1.00035	0.876753	0.740676	0.624708	
-0.521917	-0.467632	-0.41547	-0.373247	-0.348318	-0.339801	-0.33683	-0.331686	-0.301445	-0.238693	-0.127901	0.0274326	0.201479	0.381054	0.563127	0.735966	0.888098	1.00322	1.08016	1.1244	1.11928	1.0569	0.935696	0.78844	0.642271	
-0.429128	-0.363454	-0.299098	-0.246163	-0.214672	-0.20841	-0.213863	-0.22195	-0.210918	-0.169103	-0.0826529	0.0446029	0.182678	0.320379	0.465813	0.619661	0.768168	0.894488	0.993668	1.06549	1.09247	1.05752	0.949019	0.794872	0.631052	
-0.33456	-0.262413	-0.199942	-0.144093	-0.1078	-0.10053	-0.111047	-0.130236	-0.14062	-0.124665	-0.063274	0.0287574	0.12906	0.225459	0.334299	0.463334	0.604335	0.732948	0.846369	0.943475	1.00226	0.99618	0.914357	0.773696	0.603303	
-0.249851	-0.180116	-0.122125	-0.0723468	-0.0401277	-0.0360009	-0.0519101	-0.0764985	-0.101725	-0.106426	-0.0764898	-0.0215455	0.0383083	0.0976618	0.172502	0.280842	0.407783	0.534154	0.656166	0.771883	0.860356	0.888648	0.836337	0.715997	0.556221	
-0.185659	-0.124935	-0.0798866	-0.0409931	-0.0182641	-0.0197327	-0.0356616	-0.0578742	-0.0867427	-0.108169	-0.109393	-0.0968515	-0.0761167	-0.0493336	0.00119994	0.0908936	0.204184	0.322693	0.448437	0.577643	0.691726	0.749711	0.730073	0.636921	0.495177	
-0.125626	-0.0809308	-0.0558809	-0.0363773	-0.0289337	-0.0384541	-0.0513823	-0.0616999	-0.0852462	-0.11369	-0.141043	-0.168815	-0.186179	-0.18838	-0.163375	-0.0897381	0.0107483	0.122628	0.248762	0.384091	0.509901	0.58862	0.598057	0.539063	0.430244	
-0.0564297	-0.0367635	-0.0331293	-0.0361544	-0.0482404	-0.0648706	-0.0748966	-0.0743065	-0.088196	-0.119388	-0.166722	-0.221442	-0.268421	-0.294481	-0.288644	-0.232654	-0.14777	-0.0449534	0.0751555	0.204177	0.331357	0.422047	0.456856	0.436678	0.373201	
0.0259968	0.022968	-4.4913e-05	-0.0260679	-0.0535153	-0.0756309	-0.0783215	-0.068247	-0.0764143	-0.109796	-0.167811	-0.241793	-0.304058	-0.343157	-0.351908	-0.311071	-0.241017	-0.152787	-0.0465945	0.0669432	0.179621	0.271304	0.332134	0.357371	0.346602	
0.134674	0.108326	0.0626292	0.0135186	-0.025892	-0.0441474	-0.0388492	-0.0217241	-0.0264486	-0.0603344	-0.123048	-0.198917	-0.26703	-0.312972	-0.333902	-0.311905	-0.26252	-0.189943	-0.101298	-0.00853308	0.0877841	0.177827	0.254397	0.315309	0.354831	
0.270572	0.22637	0.161411	0.0974382	0.0520299	0.0368643	0.0469202	0.0638473	0.0615922	0.0322652	-0.0216032	-0.0902932	-0.155592	-0.206067	-0.237555	-0.237195	-0.209463	-0.157934	-0.0899792	-0.0178833	0.0583704	0.14002	0.230771	0.324884	0.407219	
0.423244	0.37098	0.297197	0.225445	0.177071	0.158803	0.164239	0.17532	0.175666	0.16035	0.123977	0.0703235	0.0123101	-0.0392201	-0.0785999	-0.093348	-0.0850387	-0.0542014	-0.0128299	0.0278409	0.0765835	0.150247	0.25501	0.380968	0.509994	
0.573413	0.523314	0.450225	0.373755	0.319997	0.30045	0.29954	0.305202	0.309053	0.302256	0.281148	0.246251	0.201497	0.160681	0.127484	0.0997341	0.0864363	0.0890636	0.097691	0.110767	0.139586	0.206827	0.324523	0.480499	0.646375	
0.708901	0.673963	0.602682	0.519571	0.457717	0.43228	0.435092	0.445429	0.456196	0.457595	0.44405	0.41779	0.388851	0.362505	0.337569	0.30133	0.265432	0.238672	0.219899	0.211126	0.226811	0.294797	0.42465	0.594737	0.780821	
0.807674	0.78574	0.728851	0.646345	0.576289	0.54397	0.541607	0.555041	0.575251	0.584315	0.577422	0.561344	0.54179	0.5283	0.512584	0.468793	0.414072	0.36421	0.321985	0.299442	0.310005	0.379444	0.514555	0.694407	0.893631	
0.855327	0.844575	0.802112	0.729791	0.656681	0.611933	0.598259	0.607628	0.63381	0.653798	0.657423	0.647298	0.633827	0.625284	0.615051	0.56997	0.50932	0.447049	0.390879	0.355364	0.356286	0.423228	0.566218	0.758093	0.970659	
0.862295	0.853181	0.81475	0.744579	0.671776	0.623372	0.607082	0.615102	0.642543	0.666036	0.671445	0.662858	0.650211	0.642279	0.632313	0.588484	0.526576	0.463246	0.404488	0.364877	0.363463	0.431414	0.575589	0.768598	0.985192	
0.832394	0.815354	0.765178	0.686831	0.614611	0.577495	0.570122	0.582488	0.605817	0.618798	0.616371	0.60326	0.586416	0.576075	0.563612	0.518118	0.459845	0.402907	0.353537	0.326649	0.333991	0.40201	0.54025	0.725729	0.930177	
0.754011	0.725489	0.657952	0.573627	0.508009	0.48007	0.483079	0.496014	0.510273	0.514897	0.503235	0.48051	0.456493	0.43541	0.414257	0.374611	0.330307	0.2933	0.26517	0.249298	0.262407	0.331572	0.464411	0.637446	0.829304	
0.630727	0.585493	0.513047	0.433144	0.376483	0.355272	0.35534	0.361694	0.367763	0.363601	0.34625	0.316402	0.277893	0.243271	0.213341	0.181946	0.159351	0.14956	0.145822	0.150271	0.173049	0.23976	0.362192	0.525884	0.702486	
0.484073	0.431816	0.356713	0.283812	0.233383	0.214259	0.216357	0.224963	0.226474	0.215711	0.186523	0.140234	0.0870037	0.0380026	0.00017381	-0.0205572	-0.0197598	0.000302933	0.0293486	0.0576358	0.0970105	0.16734	0.278315	0.41721	0.562607	
0.330596	0.281231	0.212108	0.144422	0.0983866	0.0820602	0.0914997	0.106233	0.104974	0.0806737	0.03291	-0.0301618	-0.0931763	-0.144859	-0.180743	-0.186866	-0.167585	-0.124282	-0.0661288	-0.00545442	0.0603982	0.139184	0.23485	0.341098	0.442881	
0.185983	0.15162	0.0971249	0.041211	-0.00132702	-0.0172937	-0.00929905	0.00847694	0.00467999	-0.0291904	-0.0892223	-0.162835	-0.230767	-0.278681	-0.304069	-0.291664	-0.250316	-0.185841	-0.105026	-0.0191013	0.0694421	0.155726	0.238047	0.313296	0.370009	
0.0660905	0.0537962	0.0206336	-0.015278	-0.0477064	-0.0691443	-0.068182	-0.0547704	-0.0617708	-0.0951559	-0.156493	-0.232885	-0.298267	-0.340906	-0.354876	-0.320555	-0.258273	-0.1759	-0.0758871	0.028178	0.134333	0.22669	0.294931	0.33479	0.345785	
-0.0254161	-0.0155526	-0.0219838	-0.0341597	-0.0528741	-0.0725372	-0.0802604	-0.0761976	-0.0863485	-0.119516	-0.171569	-0.235238	-0.290405	-0.322329	-0.322743	-0.273127	-0.193914	-0.0968444	0.0176666	0.143401	0.266008	0.357084	0.402172	0.401624	0.358394	
-0.0995069	-0.0641931	-0.0476268	-0.036682	-0.0371148	-0.0495365	-0.0614095	-0.066166	-0.0861286	-0.115642	-0.152496	-0.192403	-0.222916	-0.235808	-0.219683	-0.153197	-0.0586924	0.0508038	0.176185	0.309021	0.436845	0.522388	0.542046	0.496716	0.404661	
-0.162068	-0.10696	-0.0689043	-0.0371811	-0.0196454	-0.0243228	-0.0389634	-0.0578273	-0.0855018	-0.111357	-0.123395	-0.127592	-0.122443	-0.107531	-0.0675266	0.0159948	0.124068	0.239645	0.365796	0.499643	0.619854	0.686278	0.678561	0.599822	0.469871	
-0.222117	-0.155043	-0.101541	-0.0555394	-0.0268509	-0.0241056	-0.0410575	-0.0655436	-0.0931046	-0.105328	-0.0881871	-0.0498018	-0.0059397	0.0400036	0.104665	0.204963	0.326499	0.450431	0.573799	0.695198	0.795303	0.837025	0.797676	0.687005	0.532259	
-0.298249	-0.226257	-0.165214	-0.111277	-0.0750469	-0.0688211	-0.0816453	-0.103226	-0.12111	-0.113787	-0.0655412	0.0117355	0.0965129	0.177844	0.27189	0.392851	0.528028	0.656155	0.77422	0.879117	0.950019	0.9575	0.887418	0.753972	0.587167	
-0.390767	-0.322035	-0.257688	-0.201851	-0.168016	-0.161034	-0.168797	-0.181955	-0.179193	-0.148494	-0.0710633	0.0429907	0.166309	0.286429	0.41751	0.560626	0.707437	0.835914	0.941262	1.02437	1.06467	1.03974	0.94056	0.790573	0.621573	
-0.486138	-0.426629	-0.367377	-0.320255	-0.292729	-0.286281	-0.287379	-0.287004	-0.264655	-0.208678	-0.107559	0.0372685	0.197495	0.360918	0.528294	0.695144	0.846526	0.967373	1.05394	1.10831	1.11539	1.06465	0.947603	0.794679	0.640779	
-0.569279	-0.527089	-0.488482	-0.455143	-0.431435	-0.417782	-0.407961	-0.397985	-0.359174	-0.284898	-0.161617	0.00826348	0.201375	0.400698	0.601061	0.782153	0.932644	1.03695	1.0989	1.12457	1.10336	1.0294	0.905719	0.764668	0.63549	
-0.630959	-0.618347	-0.606042	-0.588468	-0.565047	-0.541287	-0.520254	-0.499882	-0.446243	-0.352055	-0.213839	-0.0272911	0.183392	0.404859	0.623144	0.815028	0.95772	1.04299	1.07494	1.06608	1.01815	0.937325	0.819026	0.697362	0.601642	
-0.691055	-0.699195	-0.702107	-0.691404	-0.6694	-0.641334	-0.612854	-0.580369	-0.512871	-0.402465	-0.251428	-0.0587372	0.159435	0.390479	0.613064	0.797716	0.921182	0.977161	0.977475	0.940225	0.875847	0.792003	0.690738	0.598762	0.536045	
-0.754772	-0.766878	-0.765725	-0.75204	-0.730185	-0.69562	-0.657947	-0.615991	-0.538774	-0.416471	-0.256689	-0.0588563	0.161424	0.384096	0.587839	0.744108	0.834974	0.859109	0.830614	0.768177	0.692621	0.612868	0.529194	0.462626	0.432489	
-0.810118	-0.817839	-0.806003	-0.780111	-0.739934	-0.689773	-0.642656	-0.594853	-0.512421	-0.380685	-0.210568	-0.00858129	0.205079	0.404562	0.566295	0.67625	0.724516	0.717185	0.661896	0.577662	0.489105	0.41229	0.349139	0.31211	0.310593	
