0.322823	0.435481	0.551468	0.64372	0.696571	0.70643	0.669499	0.592617	0.483183	0.365809	0.263793	0.179261	0.107135	0.0483003	0.0111884	0.0145777	0.065823	0.170549	0.304657	0.426249	0.503422	0.531218	0.532372	0.515873	0.456873	
0.487679	0.580039	0.672137	0.750252	0.796724	0.805315	0.77278	0.706319	0.617466	0.523709	0.43455	0.350041	0.263559	0.170237	0.0798589	0.0217291	0.0229488	0.0938041	0.208496	0.326915	0.413472	0.453768	0.464624	0.454008	0.404703	
0.594087	0.673261	0.747905	0.8158	0.859464	0.866799	0.83702	0.777087	0.703113	0.626399	0.542502	0.45423	0.355055	0.230221	0.0876783	-0.0302379	-0.0823951	-0.0469146	0.0465361	0.166981	0.270562	0.33803	0.368564	0.371394	0.332277	
0.629579	0.698178	0.766752	0.828934	0.870788	0.880882	0.848113	0.793533	0.725675	0.657398	0.582531	0.492024	0.379639	0.230103	0.0414229	-0.125765	-0.219794	-0.222623	-0.148937	-0.0299121	0.0853982	0.17655	0.233223	0.256643	0.243166	
0.604645	0.664859	0.727336	0.791694	0.830017	0.836734	0.810558	0.755165	0.687979	0.629963	0.561805	0.473545	0.348885	0.170101	-0.0453249	-0.24447	-0.368388	-0.395982	-0.34484	-0.233422	-0.11085	-0.00503784	0.0793316	0.136364	0.159527	
0.53541	0.586721	0.648674	0.709048	0.742073	0.74671	0.726142	0.674662	0.610167	0.555679	0.498465	0.408623	0.269378	0.0723089	-0.158043	-0.372995	-0.510903	-0.561345	-0.527501	-0.428057	-0.303322	-0.180358	-0.0683333	0.0263076	0.0925303	
0.445963	0.492138	0.546014	0.595766	0.619098	0.621984	0.608316	0.568177	0.512686	0.464545	0.409797	0.314418	0.163568	-0.0418982	-0.27693	-0.495041	-0.64467	-0.707885	-0.68513	-0.595863	-0.468618	-0.327246	-0.191157	-0.0658452	0.0359322	
0.344911	0.390343	0.431159	0.467337	0.484223	0.486229	0.476363	0.447376	0.406424	0.364617	0.306633	0.207326	0.0554938	-0.145616	-0.375367	-0.593451	-0.752294	-0.824341	-0.809677	-0.727209	-0.599193	-0.448968	-0.292289	-0.146075	-0.0232671	
0.24711	0.285127	0.311865	0.334193	0.350723	0.352873	0.342915	0.320719	0.297085	0.264396	0.210634	0.116682	-0.0213536	-0.210516	-0.432179	-0.647676	-0.813607	-0.899436	-0.895869	-0.825816	-0.706691	-0.560064	-0.396264	-0.236857	-0.10147	
0.182847	0.202476	0.206927	0.213221	0.22467	0.227655	0.217894	0.20872	0.204671	0.193574	0.157457	0.0826317	-0.0396051	-0.218107	-0.435665	-0.642846	-0.810125	-0.90798	-0.926383	-0.878676	-0.784653	-0.660585	-0.510473	-0.351817	-0.20845	
0.157452	0.153544	0.141829	0.133525	0.136486	0.138559	0.133587	0.13698	0.149506	0.157278	0.148394	0.101351	0.00112313	-0.161893	-0.365279	-0.56159	-0.729256	-0.84905	-0.907138	-0.901498	-0.843605	-0.751047	-0.621304	-0.474621	-0.333521	
0.178981	0.156021	0.125786	0.0996215	0.084048	0.0809709	0.0918834	0.114676	0.144467	0.171484	0.182035	0.156763	0.0756789	-0.0713424	-0.253949	-0.437977	-0.607957	-0.749924	-0.8467	-0.888585	-0.875395	-0.819094	-0.717983	-0.596693	-0.467697	
0.222862	0.19102	0.151106	0.105529	0.0737504	0.0682339	0.0900731	0.132575	0.176676	0.211411	0.230827	0.214293	0.150916	0.0317351	-0.124032	-0.293418	-0.465327	-0.625726	-0.754876	-0.838795	-0.873954	-0.861502	-0.798278	-0.709988	-0.607469	
0.270616	0.236197	0.185061	0.130277	0.0902432	0.0836555	0.110901	0.162525	0.217194	0.25922	0.278082	0.265193	0.218573	0.131529	0.00654908	-0.144806	-0.3099	-0.476674	-0.628482	-0.749206	-0.83121	-0.870423	-0.857986	-0.809345	-0.737903	
0.309985	0.26502	0.202666	0.143592	0.10351	0.0965298	0.124598	0.177613	0.240958	0.295375	0.32086	0.314784	0.285335	0.22445	0.127827	-0.00187165	-0.150944	-0.309559	-0.474364	-0.626252	-0.745818	-0.831689	-0.871571	-0.868891	-0.83343	
0.311353	0.25364	0.189236	0.131022	0.0929048	0.0861044	0.11248	0.164223	0.228006	0.290181	0.332744	0.342054	0.330491	0.294762	0.223909	0.123355	0.00186787	-0.138103	-0.302925	-0.474929	-0.625541	-0.747226	-0.834724	-0.88078	-0.8899	
0.272242	0.21144	0.152773	0.0999429	0.0577584	0.0502425	0.0801196	0.131442	0.187709	0.248162	0.302599	0.333786	0.341979	0.331102	0.290667	0.224981	0.138935	0.0276361	-0.124224	-0.302178	-0.47422	-0.627301	-0.754149	-0.843802	-0.900729	
0.21003	0.15313	0.101982	0.0501301	0.00269077	-0.00836529	0.0290232	0.0820998	0.13209	0.186598	0.243643	0.290586	0.321811	0.333663	0.323496	0.291297	0.238556	0.161108	0.0349237	-0.131353	-0.305775	-0.476224	-0.628746	-0.752587	-0.849301	
0.133817	0.082225	0.0371484	-0.0154356	-0.0598662	-0.0690252	-0.0355922	0.0167543	0.0648141	0.111663	0.166845	0.217385	0.266159	0.304948	0.320657	0.314719	0.292499	0.24279	0.149331	0.010673	-0.147715	-0.311726	-0.471849	-0.617057	-0.741148	
0.0589003	0.0138928	-0.0329678	-0.0757505	-0.108392	-0.115761	-0.0906532	-0.050471	-0.00518774	0.0413344	0.0863365	0.13336	0.189473	0.247105	0.290011	0.308366	0.312814	0.292056	0.229932	0.126169	-0.00348569	-0.149586	-0.301688	-0.451465	-0.585513	
-0.0150366	-0.0566104	-0.0931398	-0.122497	-0.139265	-0.143157	-0.130572	-0.106557	-0.0719021	-0.0316884	0.00924801	0.0525405	0.112826	0.180238	0.241677	0.285765	0.314949	0.319876	0.290286	0.222087	0.125449	0.00234105	-0.134354	-0.275131	-0.402268	
-0.0884621	-0.122888	-0.146136	-0.163745	-0.173659	-0.176655	-0.168223	-0.154039	-0.132805	-0.104018	-0.0628678	-0.0134087	0.0501295	0.116662	0.182101	0.242809	0.298964	0.32831	0.328182	0.293654	0.226366	0.129007	0.0183694	-0.0974556	-0.203507	
-0.168461	-0.192671	-0.202074	-0.208587	-0.217595	-0.219969	-0.212107	-0.204211	-0.197493	-0.181035	-0.143032	-0.0826172	-0.0116005	0.0528702	0.113667	0.183105	0.258145	0.31445	0.339761	0.331834	0.29064	0.220274	0.141543	0.0579511	-0.0271674	
-0.245543	-0.263164	-0.261255	-0.258625	-0.259622	-0.260519	-0.258452	-0.260047	-0.263298	-0.256175	-0.222896	-0.162316	-0.0840779	-0.0140208	0.0474755	0.121425	0.204932	0.281494	0.330744	0.343734	0.324023	0.27402	0.218499	0.159405	0.0919498	
-0.304386	-0.319385	-0.315391	-0.302487	-0.290854	-0.288164	-0.297382	-0.310622	-0.319152	-0.313222	-0.284107	-0.231338	-0.154466	-0.0736195	-0.00351129	0.0717881	0.153998	0.23461	0.30027	0.335292	0.332722	0.295126	0.248028	0.198427	0.148004	
-0.338437	-0.353724	-0.347346	-0.324737	-0.304631	-0.300453	-0.315879	-0.339752	-0.353497	-0.347064	-0.320112	-0.27214	-0.20091	-0.119307	-0.0441669	0.0301992	0.102991	0.180022	0.249425	0.299444	0.31641	0.288617	0.241587	0.195635	0.160835	
-0.353724	-0.363085	-0.343391	-0.313313	-0.290819	-0.286135	-0.302682	-0.33138	-0.357529	-0.361366	-0.335517	-0.288096	-0.221721	-0.149991	-0.0837225	-0.0138686	0.0541973	0.12562	0.189881	0.238977	0.265953	0.251388	0.208993	0.167483	0.147872	
-0.347346	-0.343391	-0.308979	-0.270052	-0.246358	-0.242898	-0.257852	-0.292279	-0.33196	-0.351204	-0.331135	-0.284447	-0.225185	-0.167603	-0.114965	-0.0589659	0.00933544	0.0774574	0.134589	0.176142	0.200658	0.195166	0.165622	0.132597	0.129502	
-0.324737	-0.313313	-0.270052	-0.221927	-0.19262	-0.187901	-0.206982	-0.24976	-0.298629	-0.325145	-0.314763	-0.277525	-0.228135	-0.180922	-0.138724	-0.0963361	-0.041216	0.0252781	0.0824749	0.120169	0.141626	0.138207	0.114728	0.0982157	0.114596	
-0.304631	-0.290819	-0.246358	-0.19262	-0.153328	-0.147251	-0.17367	-0.224639	-0.275725	-0.303238	-0.298493	-0.274324	-0.235277	-0.190771	-0.150811	-0.122612	-0.0814272	-0.0231613	0.0379391	0.0817303	0.102945	0.0974025	0.0785059	0.0747113	0.111891	
-0.300453	-0.286135	-0.242898	-0.187901	-0.147251	-0.141052	-0.168509	-0.221046	-0.271758	-0.298441	-0.295054	-0.273787	-0.237264	-0.193529	-0.153761	-0.128676	-0.0899284	-0.0342185	0.028695	0.0751614	0.0959766	0.0907181	0.0722824	0.0699857	0.112179	
-0.315879	-0.302682	-0.257852	-0.206982	-0.17367	-0.168509	-0.190293	-0.236874	-0.287254	-0.315115	-0.307909	-0.275634	-0.230823	-0.185383	-0.144571	-0.108732	-0.0596193	0.00369699	0.0620029	0.101702	0.123267	0.118864	0.097259	0.0868524	0.112382	
-0.339752	-0.33138	-0.292279	-0.24976	-0.224639	-0.221046	-0.236874	-0.273807	-0.318668	-0.341567	-0.325812	-0.281782	-0.225849	-0.173274	-0.126116	-0.0747095	-0.0106505	0.0575811	0.113897	0.152623	0.175142	0.171545	0.145001	0.118299	0.122296	
-0.353497	-0.357529	-0.33196	-0.298629	-0.275725	-0.271758	-0.287254	-0.318668	-0.349596	-0.359877	-0.33553	-0.287461	-0.22401	-0.157923	-0.0966417	-0.0329626	0.0369848	0.105941	0.167289	0.2139	0.240298	0.230161	0.193633	0.154429	0.141452	
-0.347064	-0.361366	-0.351204	-0.325145	-0.303238	-0.298441	-0.315115	-0.341567	-0.359877	-0.355224	-0.329205	-0.281903	-0.212499	-0.134046	-0.0610234	0.0132429	0.0820984	0.15746	0.225463	0.276622	0.299358	0.276887	0.230057	0.185831	0.156762	
-0.320112	-0.335517	-0.331135	-0.314763	-0.298493	-0.295054	-0.307909	-0.325812	-0.33553	-0.329205	-0.300563	-0.250743	-0.17608	-0.0931756	-0.0197177	0.055243	0.134582	0.213576	0.282144	0.325109	0.330861	0.296443	0.250007	0.201383	0.157672	
-0.27214	-0.288096	-0.284447	-0.277525	-0.274324	-0.273787	-0.275634	-0.281782	-0.287461	-0.281903	-0.250743	-0.192893	-0.113934	-0.0396768	0.0247612	0.0999411	0.183998	0.263833	0.32111	0.342965	0.329962	0.285859	0.234766	0.180915	0.120499	
-0.20091	-0.221721	-0.225185	-0.228135	-0.235277	-0.237264	-0.230823	-0.225849	-0.22401	-0.212499	-0.17608	-0.113934	-0.0392119	0.0263407	0.0861531	0.157608	0.236795	0.303338	0.338366	0.338813	0.307431	0.245695	0.178646	0.107016	0.0289326	
-0.119307	-0.149991	-0.167603	-0.180922	-0.190771	-0.193529	-0.185383	-0.173274	-0.157923	-0.134046	-0.0931756	-0.0396768	0.0263407	0.091435	0.154601	0.219864	0.284904	0.325597	0.33637	0.313427	0.25621	0.170029	0.0724845	-0.0307073	-0.128194	
-0.0441669	-0.0837225	-0.114965	-0.138724	-0.150811	-0.153761	-0.144571	-0.126116	-0.0966417	-0.0610234	-0.0197177	0.0247612	0.0861531	0.154601	0.219902	0.271584	0.311786	0.326111	0.308541	0.253783	0.169951	0.056978	-0.0711998	-0.203403	-0.323183	
0.0301992	-0.0138686	-0.0589659	-0.0963361	-0.122612	-0.128676	-0.108732	-0.0747095	-0.0329626	0.0132429	0.055243	0.0999411	0.157608	0.219864	0.271584	0.30124	0.314777	0.30566	0.256012	0.167112	0.0509518	-0.0863842	-0.233567	-0.38206	-0.515078	
0.102991	0.0541973	0.00933544	-0.041216	-0.0814272	-0.0899284	-0.0596193	-0.0106505	0.0369848	0.0820984	0.134582	0.183998	0.236795	0.284904	0.311786	0.314777	0.304196	0.264994	0.184355	0.0594552	-0.0882264	-0.245947	-0.404324	-0.553067	-0.683622	
0.180022	0.12562	0.0774574	0.0252781	-0.0231613	-0.0342185	0.00369699	0.0575811	0.105941	0.15746	0.213576	0.263833	0.303338	0.325597	0.326111	0.30566	0.264994	0.200009	0.086757	-0.0702822	-0.240937	-0.411108	-0.569294	-0.703062	-0.812315	
0.249425	0.189881	0.134589	0.0824749	0.0379391	0.028695	0.0620029	0.113897	0.167289	0.225463	0.282144	0.32111	0.338366	0.33637	0.308541	0.256012	0.184355	0.086757	-0.0561513	-0.231613	-0.407041	-0.570147	-0.708294	-0.813357	-0.887491	
0.299444	0.238977	0.176142	0.120169	0.0817303	0.0751614	0.101702	0.152623	0.2139	0.276622	0.325109	0.342965	0.338813	0.313427	0.253783	0.167112	0.0594552	-0.0702822	-0.231613	-0.407742	-0.568959	-0.703308	-0.808149	-0.872843	-0.90133	
0.31641	0.265953	0.200658	0.141626	0.102945	0.0959766	0.123267	0.175142	0.240298	0.299358	0.330861	0.329962	0.307431	0.25621	0.169951	0.0509518	-0.0882264	-0.240937	-0.407041	-0.568959	-0.700976	-0.802232	-0.862422	-0.879111	-0.860043	
0.288617	0.251388	0.195166	0.138207	0.0974025	0.0907181	0.118864	0.171545	0.230161	0.276887	0.296443	0.285859	0.245695	0.170029	0.056978	-0.0863842	-0.245947	-0.411108	-0.570147	-0.703308	-0.802232	-0.861807	-0.869728	-0.839475	-0.781844	
0.241587	0.208993	0.165622	0.114728	0.0785059	0.0722824	0.097259	0.145001	0.193633	0.230057	0.250007	0.234766	0.178646	0.0724845	-0.0711998	-0.233567	-0.404324	-0.569294	-0.708294	-0.808149	-0.862422	-0.869728	-0.825742	-0.751717	-0.662034	
0.195635	0.167483	0.132597	0.0982157	0.0747113	0.0699857	0.0868524	0.118299	0.154429	0.185831	0.201383	0.180915	0.107016	-0.0307073	-0.203403	-0.38206	-0.553067	-0.703062	-0.813357	-0.872843	-0.879111	-0.839475	-0.751717	-0.643726	-0.523643	
0.160835	0.147872	0.129502	0.114596	0.111891	0.112179	0.112382	0.122296	0.141452	0.156762	0.157672	0.120499	0.0289326	-0.128194	-0.323183	-0.515078	-0.683622	-0.812315	-0.887491	-0.90133	-0.860043	-0.781844	-0.662034	-0.523643	-0.386316	
