-0.443974	-0.359606	-0.285427	-0.225114	-0.167665	-0.118861	-0.0745105	-0.0366166	0.00448568	0.0600755	0.142424	0.240659	0.352314	0.461213	0.545884	0.588418	0.573972	0.5057	0.4093	0.307308	0.218947	0.143481	0.0734791	0.0159917	-0.0276096	
-0.653152	-0.59847	-0.541272	-0.487106	-0.428319	-0.368232	-0.292889	-0.213437	-0.126715	-0.0219525	0.0987656	0.231184	0.368598	0.503061	0.608497	0.663382	0.657529	0.603922	0.521066	0.428347	0.356468	0.296245	0.229953	0.159463	0.101011	
-0.814212	-0.788758	-0.760586	-0.725844	-0.671978	-0.596691	-0.496952	-0.377598	-0.241557	-0.086748	0.0775735	0.241951	0.399845	0.553118	0.677657	0.744921	0.752861	0.705486	0.629835	0.557898	0.494381	0.433804	0.360582	0.269828	0.187237	
-0.90796	-0.908812	-0.906868	-0.895421	-0.857281	-0.781753	-0.66808	-0.519325	-0.339606	-0.140306	0.0647887	0.262224	0.437468	0.601766	0.737701	0.816252	0.838198	0.803104	0.736588	0.676131	0.619412	0.556378	0.467232	0.358089	0.257619	
-0.930416	-0.952944	-0.975036	-0.987616	-0.972999	-0.912516	-0.800199	-0.637238	-0.431242	-0.197769	0.0427712	0.267445	0.468906	0.643555	0.786659	0.875624	0.906944	0.884317	0.835077	0.784368	0.733413	0.664489	0.563542	0.444935	0.332882	
-0.888366	-0.932012	-0.979019	-1.01398	-1.0171	-0.983924	-0.889468	-0.726156	-0.50613	-0.249864	0.0044019	0.246161	0.467409	0.65346	0.804528	0.902669	0.944992	0.936243	0.907779	0.868578	0.820739	0.75499	0.658436	0.539215	0.416069	
-0.804624	-0.870767	-0.940733	-0.994291	-1.01745	-1.00631	-0.934587	-0.785928	-0.566353	-0.305311	-0.0488792	0.201522	0.431518	0.630977	0.794632	0.899537	0.951351	0.959771	0.949596	0.926796	0.887597	0.828926	0.74598	0.631017	0.496431	
-0.694551	-0.774958	-0.865621	-0.943631	-0.988174	-0.994489	-0.944427	-0.820176	-0.618038	-0.365595	-0.102432	0.147215	0.376126	0.580105	0.75192	0.869621	0.934132	0.952124	0.958934	0.95323	0.924203	0.881433	0.814364	0.703516	0.558184	
-0.570273	-0.666969	-0.770045	-0.867778	-0.934914	-0.962926	-0.938699	-0.840414	-0.663151	-0.430094	-0.172875	0.0758847	0.302507	0.505959	0.683223	0.812031	0.888244	0.920297	0.934446	0.939653	0.932262	0.910501	0.85541	0.753074	0.608579	
-0.455231	-0.56217	-0.67655	-0.789767	-0.878675	-0.932259	-0.928803	-0.854522	-0.708374	-0.503824	-0.263551	-0.0230539	0.193603	0.39047	0.572545	0.718037	0.811008	0.86129	0.884513	0.898348	0.913411	0.912637	0.874325	0.785909	0.652562	
-0.350133	-0.472837	-0.604457	-0.729575	-0.834125	-0.904082	-0.920263	-0.868817	-0.746405	-0.572107	-0.372915	-0.165878	0.0335231	0.223096	0.40766	0.571431	0.693561	0.770212	0.810819	0.838166	0.871197	0.890211	0.867739	0.7972	0.689367	
-0.261388	-0.405211	-0.551452	-0.68849	-0.804595	-0.884002	-0.909596	-0.873207	-0.777464	-0.644518	-0.495125	-0.335266	-0.165994	0.0179256	0.206728	0.385266	0.533246	0.639931	0.707093	0.756251	0.801151	0.835836	0.830773	0.783981	0.704171	
-0.193772	-0.348065	-0.510288	-0.65606	-0.781122	-0.867637	-0.901233	-0.880068	-0.816161	-0.725086	-0.621934	-0.507098	-0.367186	-0.192024	-0.00670608	0.179482	0.34445	0.469341	0.560006	0.632157	0.694426	0.739499	0.753019	0.733139	0.679016	
-0.142503	-0.301177	-0.469148	-0.623394	-0.752196	-0.845496	-0.893379	-0.892115	-0.86371	-0.818797	-0.756306	-0.673717	-0.556763	-0.396748	-0.21287	-0.0297126	0.137002	0.271471	0.373649	0.459758	0.535678	0.596277	0.630602	0.637486	0.604446	
-0.109048	-0.261603	-0.421297	-0.576327	-0.707357	-0.806856	-0.868863	-0.896927	-0.91004	-0.915266	-0.894881	-0.83214	-0.731966	-0.589573	-0.419464	-0.245056	-0.084058	0.0536816	0.158607	0.251778	0.34247	0.415004	0.466215	0.490582	0.477595	
-0.0911869	-0.229747	-0.378502	-0.523946	-0.65199	-0.752083	-0.825007	-0.887257	-0.944667	-0.987516	-1.00393	-0.967733	-0.88306	-0.764038	-0.613122	-0.451305	-0.297448	-0.16448	-0.0583546	0.0340071	0.13171	0.222855	0.284989	0.315306	0.312138	
-0.0890347	-0.20713	-0.335699	-0.466442	-0.582178	-0.682186	-0.765595	-0.85157	-0.940852	-1.01457	-1.05669	-1.05399	-0.999804	-0.904069	-0.779465	-0.639207	-0.49508	-0.362127	-0.253442	-0.158237	-0.0583471	0.0393481	0.107305	0.135662	0.139089	
-0.109201	-0.202689	-0.310708	-0.425231	-0.519671	-0.605518	-0.68433	-0.778855	-0.88897	-0.986172	-1.05465	-1.08668	-1.07292	-1.01285	-0.914393	-0.791964	-0.658401	-0.529857	-0.420699	-0.321188	-0.216245	-0.115041	-0.0407873	-0.00399727	0.00216456	
-0.147376	-0.218268	-0.29665	-0.383156	-0.449853	-0.507389	-0.573844	-0.669139	-0.787761	-0.904273	-1.00057	-1.06536	-1.08836	-1.06144	-0.985931	-0.884993	-0.770361	-0.649226	-0.534891	-0.425626	-0.314302	-0.21255	-0.13638	-0.0968097	-0.0885768	
-0.195141	-0.245119	-0.28108	-0.322578	-0.352981	-0.385013	-0.431407	-0.516992	-0.636516	-0.770218	-0.891315	-0.979462	-1.02718	-1.03221	-0.984114	-0.896811	-0.793769	-0.682459	-0.568886	-0.454029	-0.346256	-0.25445	-0.183423	-0.142287	-0.132279	
-0.235481	-0.257788	-0.252979	-0.24233	-0.232976	-0.236394	-0.262864	-0.334595	-0.448948	-0.58508	-0.721481	-0.826002	-0.89091	-0.916802	-0.893454	-0.822215	-0.728229	-0.627376	-0.521688	-0.415464	-0.320225	-0.241278	-0.178301	-0.138865	-0.124431	
-0.24288	-0.235466	-0.195611	-0.145113	-0.102508	-0.0830087	-0.0917796	-0.140109	-0.235841	-0.365255	-0.497975	-0.604435	-0.674989	-0.715572	-0.717429	-0.675219	-0.602391	-0.516113	-0.419445	-0.323008	-0.240945	-0.168444	-0.109739	-0.0771544	-0.0608084	
-0.219111	-0.188023	-0.121657	-0.0440485	0.0286775	0.0747187	0.0866823	0.0599572	-0.00894893	-0.111296	-0.225452	-0.324977	-0.403012	-0.457145	-0.486041	-0.475878	-0.429497	-0.362827	-0.285078	-0.204064	-0.129405	-0.0570912	0.00581449	0.0419434	0.0658903	
-0.183273	-0.137895	-0.0496341	0.0591202	0.161833	0.243977	0.284275	0.282001	0.241446	0.172168	0.0822338	-0.0103463	-0.0981405	-0.171396	-0.218715	-0.236722	-0.222259	-0.183083	-0.127991	-0.0694824	-0.00950096	0.0626409	0.132215	0.181626	0.228869	
-0.129942	-0.0755796	0.0255106	0.158376	0.297089	0.417273	0.495996	0.525324	0.512954	0.471445	0.403066	0.316053	0.221735	0.13874	0.0742644	0.033766	0.01558	0.0141453	0.0323866	0.0660603	0.111278	0.175536	0.248297	0.313874	0.390188	
-0.0601988	-0.00551028	0.101866	0.253475	0.423804	0.582114	0.698584	0.759981	0.774417	0.757145	0.708471	0.632813	0.538287	0.444665	0.368464	0.309769	0.258489	0.211138	0.182239	0.185246	0.216016	0.270953	0.343274	0.430039	0.536669	
0.0045889	0.0529541	0.166118	0.335172	0.531606	0.718478	0.864185	0.958579	1.0041	1.0112	0.979806	0.913743	0.819442	0.71803	0.626432	0.544129	0.458808	0.370567	0.303237	0.276543	0.289502	0.335817	0.413289	0.523751	0.669578	
0.0677543	0.104693	0.217941	0.391377	0.60388	0.811742	0.98861	1.11592	1.19331	1.22188	1.20433	1.14669	1.05616	0.946074	0.834589	0.72676	0.610455	0.489361	0.385461	0.33299	0.338561	0.387464	0.476478	0.610783	0.781244	
0.122924	0.151062	0.261066	0.43611	0.653027	0.875384	1.07774	1.23685	1.34165	1.39051	1.38285	1.32801	1.23588	1.11996	0.991927	0.853157	0.703942	0.561861	0.442743	0.374529	0.372914	0.426519	0.524578	0.667334	0.849571	
0.146348	0.167723	0.277579	0.458154	0.683903	0.91442	1.13261	1.31101	1.43401	1.49488	1.49378	1.43851	1.34465	1.22242	1.08088	0.924224	0.759942	0.609544	0.48057	0.397894	0.387777	0.442814	0.546828	0.695201	0.883382	
0.14865	0.169147	0.279565	0.460755	0.689344	0.922134	1.14352	1.32458	1.44952	1.51358	1.51455	1.45887	1.36256	1.23913	1.09507	0.936143	0.769839	0.618095	0.486202	0.40129	0.389602	0.443697	0.548984	0.700138	0.889583	
0.136688	0.161285	0.270959	0.44835	0.667659	0.893727	1.10335	1.27269	1.38706	1.44097	1.43628	1.38183	1.29007	1.17063	1.03677	0.888538	0.7306	0.584109	0.461093	0.386277	0.381376	0.436601	0.536878	0.681231	0.866298	
0.0921836	0.125761	0.23684	0.410247	0.626116	0.840615	1.02865	1.16943	1.25764	1.29534	1.28239	1.22588	1.13485	1.02315	0.904309	0.78418	0.654528	0.522395	0.410287	0.350777	0.353975	0.404743	0.4984	0.637729	0.814079	
0.0295165	0.0730409	0.188064	0.360462	0.563992	0.760248	0.918594	1.02641	1.08459	1.09965	1.0752	1.01321	0.920635	0.814114	0.715254	0.623574	0.525729	0.423947	0.340376	0.302426	0.311597	0.357484	0.438668	0.560218	0.718158	
-0.0335999	0.0200449	0.129241	0.288664	0.470676	0.641531	0.770049	0.844852	0.870965	0.86442	0.82247	0.749396	0.654995	0.559605	0.477943	0.409929	0.344935	0.279276	0.235322	0.226061	0.248902	0.299832	0.373917	0.46923	0.591072	
-0.102606	-0.0473907	0.056905	0.196863	0.349041	0.485394	0.580065	0.62197	0.62035	0.588225	0.528092	0.445881	0.351313	0.262905	0.193352	0.146449	0.115163	0.0958545	0.0945919	0.116157	0.156359	0.216865	0.289161	0.363206	0.450872	
-0.164588	-0.115193	-0.0207816	0.0995594	0.216367	0.313344	0.367674	0.378055	0.349375	0.292117	0.210752	0.119561	0.0283171	-0.0488824	-0.103107	-0.131951	-0.130798	-0.106176	-0.0632592	-0.0141218	0.0390619	0.108573	0.18024	0.235947	0.294901	
-0.205852	-0.168264	-0.0926547	-0.00267778	0.082031	0.141011	0.163072	0.145133	0.0881792	-0.0010018	-0.105793	-0.201995	-0.283845	-0.345996	-0.383385	-0.384478	-0.349678	-0.292894	-0.224357	-0.151958	-0.081703	-0.00838299	0.0574831	0.0974601	0.128747	
-0.236091	-0.217977	-0.166459	-0.104617	-0.0502007	-0.0208898	-0.0213583	-0.0606415	-0.14717	-0.267604	-0.394163	-0.497977	-0.571787	-0.617112	-0.630135	-0.60115	-0.53893	-0.459647	-0.369305	-0.277193	-0.198508	-0.127531	-0.0680516	-0.0352368	-0.0169988	
-0.243195	-0.253681	-0.234006	-0.204988	-0.181334	-0.175107	-0.194222	-0.258092	-0.365835	-0.501072	-0.638537	-0.745754	-0.81302	-0.845523	-0.83166	-0.770147	-0.683104	-0.587372	-0.485172	-0.383759	-0.29444	-0.217852	-0.158023	-0.121907	-0.106168	
-0.213565	-0.252328	-0.271858	-0.292823	-0.307073	-0.327339	-0.365583	-0.446589	-0.565467	-0.701046	-0.830077	-0.925534	-0.982784	-0.997236	-0.959536	-0.877258	-0.777354	-0.670752	-0.559405	-0.446217	-0.34268	-0.257062	-0.188746	-0.146818	-0.135074	
-0.165484	-0.229353	-0.291128	-0.361195	-0.414984	-0.462119	-0.520858	-0.613325	-0.732416	-0.857578	-0.964691	-1.0391	-1.07233	-1.05917	-0.994267	-0.900232	-0.791389	-0.672869	-0.558628	-0.445874	-0.334449	-0.235032	-0.160711	-0.1207	-0.111939	
-0.123229	-0.206205	-0.305125	-0.410151	-0.493519	-0.568799	-0.643901	-0.739958	-0.854408	-0.958854	-1.03879	-1.0853	-1.088	-1.04124	-0.952022	-0.838232	-0.711005	-0.586034	-0.474847	-0.371678	-0.264011	-0.162378	-0.0855809	-0.0463812	-0.0399512	
-0.0947097	-0.202685	-0.322463	-0.447657	-0.556557	-0.653379	-0.736303	-0.826535	-0.926289	-1.01051	-1.06263	-1.07292	-1.03409	-0.952587	-0.839052	-0.705629	-0.56567	-0.433031	-0.32418	-0.228076	-0.126317	-0.0269565	0.042766	0.0733533	0.0788309	
-0.0878174	-0.21916	-0.361208	-0.500521	-0.624404	-0.724861	-0.803058	-0.876718	-0.94871	-1.00412	-1.03139	-1.00983	-0.935004	-0.823477	-0.68237	-0.529592	-0.378984	-0.246659	-0.139229	-0.0463669	0.0520751	0.147597	0.212105	0.241897	0.241136	
-0.100502	-0.248602	-0.404164	-0.556309	-0.687062	-0.786653	-0.853294	-0.895953	-0.927282	-0.949043	-0.944174	-0.890039	-0.795856	-0.663192	-0.500173	-0.329456	-0.171277	-0.0353895	0.0702753	0.163612	0.258056	0.338163	0.394745	0.422151	0.415031	
-0.126617	-0.283661	-0.449827	-0.605734	-0.736227	-0.832332	-0.885966	-0.894721	-0.882356	-0.857848	-0.812831	-0.738772	-0.629181	-0.47527	-0.295081	-0.116122	0.0493037	0.18647	0.289848	0.379709	0.461695	0.526562	0.569258	0.584897	0.559473	
-0.171106	-0.328117	-0.49493	-0.644341	-0.770443	-0.860503	-0.898969	-0.88515	-0.834525	-0.761095	-0.674456	-0.574202	-0.444029	-0.275238	-0.0902766	0.0967395	0.263254	0.393108	0.489498	0.568716	0.637174	0.688272	0.709525	0.700101	0.655266	
-0.232976	-0.3814	-0.534302	-0.675082	-0.795773	-0.877199	-0.905343	-0.873954	-0.791917	-0.676125	-0.545272	-0.403981	-0.247511	-0.0666394	0.121079	0.303848	0.460904	0.575961	0.654169	0.712222	0.763475	0.801862	0.805003	0.769571	0.700032	
-0.311715	-0.443823	-0.580729	-0.71124	-0.820713	-0.895282	-0.916321	-0.871882	-0.759029	-0.600145	-0.421284	-0.232944	-0.0437661	0.14412	0.330279	0.501019	0.634447	0.723394	0.773106	0.809459	0.847455	0.873594	0.856976	0.795109	0.699254	
