-0.520368	-0.632575	-0.708295	-0.739567	-0.723843	-0.658127	-0.54189	-0.380495	-0.187363	0.0262307	0.238661	0.421258	0.546969	0.613266	0.619403	0.578492	0.519801	0.458948	0.402436	0.359785	0.326183	0.292644	0.264505	0.234925	0.207768	
-0.632575	-0.743946	-0.815236	-0.839882	-0.81349	-0.741963	-0.624145	-0.466618	-0.274474	-0.056945	0.156589	0.337355	0.454286	0.510936	0.518251	0.490859	0.45745	0.431933	0.412784	0.40575	0.40922	0.415364	0.428166	0.442509	0.456116	
-0.708295	-0.815236	-0.879657	-0.891131	-0.854734	-0.780225	-0.663575	-0.502462	-0.298258	-0.0757026	0.134492	0.302422	0.404188	0.453586	0.463483	0.448011	0.429756	0.420205	0.418474	0.435013	0.469715	0.513238	0.567324	0.62154	0.672494	
-0.739567	-0.839882	-0.891131	-0.89028	-0.846954	-0.770652	-0.644693	-0.466373	-0.251662	-0.0315952	0.163831	0.315214	0.406534	0.44954	0.459314	0.446512	0.429533	0.426597	0.440445	0.476816	0.534902	0.605808	0.683687	0.761086	0.836952	
-0.723843	-0.81349	-0.854734	-0.846954	-0.799913	-0.7111	-0.563078	-0.370883	-0.152747	0.0583184	0.243566	0.387388	0.471194	0.50656	0.507931	0.487658	0.467103	0.468218	0.490158	0.536576	0.605871	0.685328	0.771246	0.859465	0.946049	
-0.658127	-0.741963	-0.780225	-0.770652	-0.7111	-0.597784	-0.43253	-0.233114	-0.0150001	0.195933	0.380066	0.516231	0.591528	0.61354	0.600827	0.572637	0.547741	0.546217	0.568123	0.610795	0.671168	0.746317	0.827638	0.908863	0.991674	
-0.54189	-0.624145	-0.663575	-0.644693	-0.563078	-0.43253	-0.260213	-0.0594198	0.163962	0.377283	0.55438	0.680014	0.743228	0.749738	0.725042	0.690629	0.658395	0.647122	0.655203	0.678914	0.722501	0.779333	0.838955	0.905345	0.973299	
-0.380495	-0.466618	-0.502462	-0.466373	-0.370883	-0.233114	-0.0594198	0.148837	0.377412	0.58497	0.751919	0.861352	0.905867	0.893532	0.854222	0.808197	0.762715	0.733472	0.721948	0.725346	0.743438	0.775792	0.81293	0.85132	0.889934	
-0.187363	-0.274474	-0.298258	-0.251662	-0.152747	-0.0150001	0.163962	0.377412	0.598913	0.795682	0.944661	1.02684	1.04515	1.01239	0.95721	0.895998	0.831692	0.780187	0.74907	0.731029	0.726242	0.733504	0.739642	0.750483	0.763181	
0.0262307	-0.056945	-0.0757026	-0.0315952	0.0583184	0.195933	0.377283	0.58497	0.795682	0.976815	1.09863	1.1483	1.14416	1.09438	1.01689	0.929525	0.843015	0.772821	0.723177	0.687472	0.663129	0.648272	0.635041	0.623888	0.613493	
0.238661	0.156589	0.134492	0.163831	0.243566	0.380066	0.55438	0.751919	0.944661	1.09863	1.18623	1.20883	1.18611	1.11215	1.0062	0.89995	0.803434	0.720285	0.659437	0.609523	0.563996	0.530725	0.5027	0.480975	0.464205	
0.421258	0.337355	0.302422	0.315214	0.387388	0.516231	0.680014	0.861352	1.02684	1.1483	1.20883	1.21115	1.16048	1.05654	0.934382	0.823988	0.723389	0.633334	0.560734	0.496624	0.446253	0.409655	0.376251	0.350503	0.326156	
0.546969	0.454286	0.404188	0.406534	0.471194	0.591528	0.743228	0.905867	1.04515	1.14416	1.18611	1.16048	1.07461	0.955923	0.833408	0.714873	0.606993	0.512139	0.436562	0.379921	0.335759	0.297895	0.266417	0.237788	0.206307	
0.613266	0.510936	0.453586	0.44954	0.50656	0.61354	0.749738	0.893532	1.01239	1.09438	1.11215	1.05654	0.955923	0.842037	0.716675	0.590216	0.48419	0.392929	0.322368	0.273279	0.231389	0.192243	0.162885	0.139209	0.117621	
0.619403	0.518251	0.463483	0.459314	0.507931	0.600827	0.725042	0.854222	0.95721	1.01689	1.0062	0.934382	0.833408	0.716675	0.585013	0.462594	0.368172	0.290902	0.229464	0.182423	0.140369	0.107329	0.0890537	0.0715484	0.0554553	
0.578492	0.490859	0.448011	0.446512	0.487658	0.572637	0.690629	0.808197	0.895998	0.929525	0.89995	0.823988	0.714873	0.590216	0.462594	0.353523	0.269316	0.200074	0.145502	0.105596	0.0766709	0.0560536	0.0396055	0.0224012	0.0107232	
0.519801	0.45745	0.429756	0.429533	0.467103	0.547741	0.658395	0.762715	0.831692	0.843015	0.803434	0.723389	0.606993	0.48419	0.368172	0.269316	0.190118	0.128748	0.0806695	0.0470233	0.0302568	0.0152651	0.000447778	-0.00998579	-0.0164546	
0.458948	0.431933	0.420205	0.426597	0.468218	0.546217	0.647122	0.733472	0.780187	0.772821	0.720285	0.633334	0.512139	0.392929	0.290902	0.200074	0.128748	0.0781287	0.0396224	0.0166157	0.00113186	-0.0185911	-0.0285935	-0.0291396	-0.0328923	
0.402436	0.412784	0.418474	0.440445	0.490158	0.568123	0.655203	0.721948	0.74907	0.723177	0.659437	0.560734	0.436562	0.322368	0.229464	0.145502	0.0806695	0.0396224	0.0111076	-0.00682711	-0.0234349	-0.0321201	-0.034528	-0.0417254	-0.0460402	
0.359785	0.40575	0.435013	0.476816	0.536576	0.610795	0.678914	0.725346	0.731029	0.687472	0.609523	0.496624	0.379921	0.273279	0.182423	0.105596	0.0470233	0.0166157	-0.00682711	-0.0277791	-0.0406892	-0.0394157	-0.0417041	-0.0504399	-0.0469973	
0.326183	0.40922	0.469715	0.534902	0.605871	0.671168	0.722501	0.743438	0.726242	0.663129	0.563996	0.446253	0.335759	0.231389	0.140369	0.0766709	0.0302568	0.00113186	-0.0234349	-0.0406892	-0.04092	-0.0441684	-0.0542606	-0.054597	-0.0497846	
0.292644	0.415364	0.513238	0.605808	0.685328	0.746317	0.779333	0.775792	0.733504	0.648272	0.530725	0.409655	0.297895	0.192243	0.107329	0.0560536	0.0152651	-0.0185911	-0.0321201	-0.0394157	-0.0441684	-0.0513932	-0.0548758	-0.051064	-0.0572177	
0.264505	0.428166	0.567324	0.683687	0.771246	0.827638	0.838955	0.81293	0.739642	0.635041	0.5027	0.376251	0.266417	0.162885	0.0890537	0.0396055	0.000447778	-0.0285935	-0.034528	-0.0417041	-0.0542606	-0.0548758	-0.0539864	-0.0504406	-0.0537761	
0.234925	0.442509	0.62154	0.761086	0.859465	0.908863	0.905345	0.85132	0.750483	0.623888	0.480975	0.350503	0.237788	0.139209	0.0715484	0.0224012	-0.00998579	-0.0291396	-0.0417254	-0.0504399	-0.054597	-0.051064	-0.0504406	-0.0555551	-0.0581156	
0.207768	0.456116	0.672494	0.836952	0.946049	0.991674	0.973299	0.889934	0.763181	0.613493	0.464205	0.326156	0.206307	0.117621	0.0554553	0.0107232	-0.0164546	-0.0328923	-0.0460402	-0.0469973	-0.0497846	-0.0572177	-0.0537761	-0.0581156	-0.0600218	
0.188059	0.465822	0.716338	0.90207	1.02284	1.06515	1.0287	0.922923	0.770711	0.607306	0.450232	0.304679	0.185	0.106777	0.0454785	-0.00116817	-0.0236605	-0.0372369	-0.048255	-0.0514084	-0.0523041	-0.0557486	-0.0564356	-0.0528706	-0.0490923	
0.169868	0.472407	0.749324	0.959264	1.09146	1.13027	1.07864	0.952189	0.781756	0.602466	0.436843	0.286489	0.168974	0.0944645	0.0318161	-0.00965724	-0.0276159	-0.0390845	-0.0486306	-0.0557638	-0.0538649	-0.0513407	-0.0547277	-0.0538071	-0.052619	
0.157572	0.479334	0.77355	1.00961	1.14865	1.18463	1.11935	0.973992	0.792177	0.595283	0.422174	0.271138	0.154795	0.0798605	0.0219509	-0.010179	-0.0277289	-0.0426581	-0.0493547	-0.0501265	-0.0526795	-0.0562823	-0.0574161	-0.0587688	-0.0562427	
0.149373	0.478436	0.786769	1.03976	1.18652	1.21881	1.14342	0.989463	0.798735	0.595924	0.412923	0.265505	0.15208	0.072004	0.0188825	-0.0157576	-0.034563	-0.0462006	-0.0515616	-0.0530024	-0.0555132	-0.0535322	-0.052978	-0.0530592	-0.050616	
0.146558	0.477614	0.798076	1.0577	1.21267	1.24036	1.15772	1.00162	0.800474	0.595356	0.404393	0.258247	0.150024	0.0617741	0.0156351	-0.0131366	-0.037553	-0.0452434	-0.0484197	-0.0538527	-0.0550692	-0.0549625	-0.0545343	-0.053836	-0.0574849	
0.146623	0.477982	0.800953	1.0614	1.21797	1.24458	1.16019	1.00412	0.800274	0.594113	0.402606	0.255757	0.149453	0.0588142	0.0140997	-0.0101992	-0.0372265	-0.0451944	-0.047646	-0.053374	-0.0533843	-0.0560618	-0.0563039	-0.0556506	-0.0609572	
0.147369	0.47732	0.791248	1.04789	1.19861	1.22844	1.15034	0.995175	0.800078	0.596482	0.409603	0.2633	0.151764	0.0682689	0.0172079	-0.0164011	-0.0363633	-0.0462886	-0.0513516	-0.0542928	-0.0558168	-0.0529844	-0.0517316	-0.0516728	-0.0524233	
0.154265	0.479901	0.780066	1.0243	1.16632	1.20028	1.13087	0.980578	0.794781	0.59486	0.41724	0.268053	0.15205	0.0763304	0.0214222	-0.012699	-0.0296762	-0.0440951	-0.0500971	-0.0493813	-0.0544689	-0.056774	-0.0566067	-0.0575679	-0.0533467	
0.164186	0.47542	0.760065	0.981174	1.11592	1.15426	1.09628	0.962136	0.786327	0.599083	0.431459	0.279236	0.16276	0.088038	0.0267034	-0.00956098	-0.0279353	-0.0407153	-0.0485843	-0.0538513	-0.0532104	-0.0519031	-0.0558424	-0.0573494	-0.0544401	
0.180006	0.468497	0.730575	0.925599	1.0511	1.09224	1.04941	0.935155	0.775003	0.605788	0.444977	0.297334	0.179056	0.102252	0.0395243	-0.00553771	-0.0254213	-0.037939	-0.0491533	-0.0545828	-0.0534921	-0.0530294	-0.0547773	-0.0517226	-0.0495075	
0.199494	0.461115	0.691889	0.864518	0.978308	1.0222	0.997011	0.903016	0.765842	0.61058	0.457468	0.316657	0.196223	0.112839	0.0518855	0.00617109	-0.0191511	-0.0348746	-0.0467256	-0.0466974	-0.0501312	-0.0596015	-0.0563618	-0.0557437	-0.0556274	
0.22285	0.447578	0.642447	0.791871	0.894469	0.942562	0.933554	0.867278	0.756315	0.619679	0.474855	0.340646	0.224438	0.130332	0.0639479	0.0168328	-0.0133776	-0.0302567	-0.0435708	-0.0507642	-0.0518979	-0.0515007	-0.0510791	-0.0576984	-0.0602155	
0.253176	0.434052	0.589632	0.715058	0.806518	0.859936	0.864474	0.828296	0.742873	0.629872	0.493054	0.365685	0.255187	0.15248	0.0826079	0.0329232	-0.00399096	-0.0287302	-0.0377989	-0.0460922	-0.0554481	-0.053236	-0.0521138	-0.0522295	-0.0554073	
0.281262	0.420178	0.534096	0.636842	0.719539	0.778631	0.802284	0.790581	0.735935	0.642526	0.518289	0.395691	0.284937	0.178896	0.0993689	0.0497436	0.00849636	-0.0241989	-0.0324108	-0.0382326	-0.0488726	-0.0553521	-0.0545847	-0.0492993	-0.05584	
0.312243	0.410871	0.48543	0.561734	0.636851	0.700099	0.744339	0.755025	0.729545	0.656863	0.549771	0.430758	0.319883	0.215604	0.124611	0.0668934	0.024505	-0.00701707	-0.0280416	-0.0417875	-0.0407593	-0.0452509	-0.0556849	-0.0544191	-0.0534194	
0.346556	0.407204	0.44781	0.498117	0.562479	0.633192	0.693876	0.730284	0.726447	0.676175	0.589976	0.474101	0.361158	0.255872	0.165775	0.093682	0.0394095	0.0105075	-0.0144456	-0.0343493	-0.0417449	-0.0417978	-0.0476294	-0.0529821	-0.0469602	
0.383113	0.408472	0.422348	0.452201	0.505371	0.582929	0.662886	0.721881	0.740454	0.70744	0.639212	0.534032	0.411941	0.300652	0.209273	0.127709	0.0646989	0.0288508	0.0039401	-0.0155241	-0.0328937	-0.0357124	-0.0356622	-0.0451064	-0.0471632	
0.435038	0.423098	0.418037	0.42992	0.474464	0.551761	0.64881	0.726707	0.766031	0.750772	0.693343	0.603319	0.479121	0.362556	0.263906	0.175593	0.108694	0.0607936	0.0266871	0.00674655	-0.00858183	-0.0246052	-0.0333693	-0.0353613	-0.0395094	
0.496029	0.446478	0.425536	0.426805	0.465159	0.544217	0.650754	0.74872	0.808244	0.812107	0.767671	0.684727	0.566894	0.445883	0.336104	0.24092	0.163525	0.106397	0.0623925	0.0326143	0.0169534	-0.00122236	-0.013965	-0.0179641	-0.0231907	
0.555515	0.476608	0.439512	0.438713	0.477666	0.561067	0.676412	0.789221	0.870292	0.894197	0.860895	0.783023	0.670341	0.545102	0.421381	0.317059	0.234912	0.169038	0.116184	0.0789808	0.0567656	0.0394875	0.0239975	0.00763149	-0.00322691	
0.607334	0.510198	0.459585	0.455953	0.501824	0.590179	0.712058	0.836188	0.932639	0.98254	0.962002	0.888846	0.785343	0.664461	0.533824	0.415543	0.326964	0.253569	0.193772	0.149942	0.111954	0.0839034	0.0670528	0.0495716	0.0361789	
0.62278	0.51915	0.461894	0.457114	0.510445	0.611748	0.741998	0.879899	0.991747	1.06532	1.07155	1.00718	0.906532	0.79339	0.664954	0.538099	0.436189	0.35043	0.284365	0.235688	0.191175	0.154094	0.129391	0.108361	0.0907503	
0.580337	0.483258	0.42884	0.428531	0.490023	0.605518	0.751401	0.906086	1.03724	1.12926	1.16256	1.12424	1.02916	0.911592	0.788753	0.666305	0.557032	0.461667	0.387804	0.335779	0.294074	0.255151	0.223536	0.195951	0.166514	
0.47929	0.392345	0.351229	0.358886	0.428532	0.554015	0.712766	0.886934	1.0408	1.15235	1.20512	1.19679	1.13215	1.01902	0.895939	0.784253	0.680446	0.587945	0.512249	0.448659	0.400644	0.363832	0.330908	0.303278	0.275698	
0.317142	0.234746	0.208169	0.230626	0.306978	0.441557	0.611692	0.803162	0.985881	1.12635	1.20216	1.21657	1.18413	1.09795	0.982649	0.873562	0.776265	0.690133	0.624069	0.56773	0.517279	0.480851	0.450705	0.426342	0.406614	
