-0.360048	-0.250907	-0.130786	-0.0291063	0.0352548	0.0465212	0.00260688	-0.0871181	-0.202606	-0.318556	-0.41146	-0.457393	-0.438806	-0.356158	-0.218008	-0.055134	0.092374	0.208631	0.278382	0.309235	0.32691	0.360484	0.393848	0.430732	0.493428	
-0.261558	-0.169292	-0.0733234	0.00837464	0.0586174	0.0672149	0.0335142	-0.0382394	-0.130474	-0.225657	-0.307213	-0.343085	-0.316431	-0.228641	-0.0904038	0.0728635	0.219021	0.319427	0.378711	0.39907	0.40403	0.421447	0.441542	0.4726	0.5255	
-0.114669	-0.0438015	0.0334852	0.102242	0.144683	0.152152	0.123376	0.0629405	-0.0127106	-0.0874638	-0.150054	-0.177742	-0.151814	-0.0791202	0.0353736	0.176679	0.303969	0.3876	0.432655	0.448244	0.448155	0.455057	0.472015	0.505181	0.558838	
0.0720816	0.128978	0.192283	0.25152	0.287918	0.292992	0.270084	0.217147	0.154485	0.0930163	0.0466024	0.0230985	0.0379513	0.0859766	0.162338	0.263422	0.353953	0.417314	0.448724	0.461108	0.462831	0.468558	0.495307	0.537659	0.597007	
0.286887	0.339089	0.39333	0.441086	0.467803	0.471062	0.455167	0.413569	0.361858	0.305788	0.264234	0.238301	0.236563	0.259718	0.299789	0.350972	0.394413	0.425783	0.441916	0.449736	0.454354	0.46787	0.504153	0.56254	0.632266	
0.515983	0.573941	0.627301	0.664897	0.686072	0.687666	0.676244	0.643942	0.596719	0.53838	0.486975	0.447961	0.423757	0.420173	0.426864	0.431751	0.426239	0.421863	0.41481	0.413172	0.42439	0.449237	0.497652	0.565142	0.649989	
0.746906	0.818479	0.877135	0.91778	0.939864	0.943624	0.92912	0.894959	0.844661	0.77506	0.706945	0.643425	0.590339	0.553591	0.522064	0.485374	0.438453	0.39639	0.361292	0.342453	0.355626	0.397433	0.460828	0.540103	0.633264	
0.959578	1.04897	1.12231	1.17548	1.20796	1.21262	1.19188	1.1454	1.08091	0.996422	0.905388	0.815644	0.73094	0.657665	0.582979	0.506185	0.426821	0.350302	0.284823	0.248539	0.256519	0.302029	0.379995	0.471541	0.571793	
1.13077	1.23714	1.32956	1.39896	1.43978	1.44668	1.41902	1.36043	1.27653	1.17454	1.06366	0.949587	0.84042	0.732773	0.614733	0.496271	0.387833	0.283826	0.191283	0.143124	0.14369	0.181848	0.260171	0.363939	0.475681	
1.23214	1.35441	1.4643	1.54814	1.59447	1.60206	1.57127	1.50217	1.40071	1.28164	1.15533	1.02308	0.892502	0.759315	0.606712	0.451853	0.31782	0.19527	0.0901754	0.0338666	0.0287042	0.0600533	0.132367	0.243571	0.364106	
1.24288	1.36672	1.48262	1.56975	1.61715	1.6247	1.59324	1.52263	1.4148	1.29314	1.16413	1.02738	0.884064	0.736222	0.571357	0.395519	0.239908	0.101322	-0.0111453	-0.0738713	-0.0874843	-0.0594455	0.0143903	0.125338	0.24801	
1.15476	1.2658	1.36987	1.44642	1.48726	1.49491	1.46627	1.40482	1.30949	1.19962	1.08506	0.957948	0.819174	0.671776	0.511862	0.33663	0.165621	0.0122513	-0.109229	-0.179869	-0.199602	-0.16878	-0.0923968	0.0151688	0.128359	
0.979737	1.07248	1.15525	1.21262	1.2436	1.24989	1.22765	1.18142	1.1072	1.0184	0.921521	0.816733	0.698217	0.565199	0.418294	0.251023	0.0814115	-0.0772998	-0.201971	-0.279555	-0.304589	-0.269333	-0.190607	-0.0925651	0.0111642	
0.743504	0.809787	0.864942	0.902558	0.923737	0.928362	0.913061	0.882016	0.833109	0.771387	0.701045	0.625004	0.538641	0.429307	0.295473	0.142217	-0.0133859	-0.159021	-0.278568	-0.358654	-0.390178	-0.357832	-0.278403	-0.182746	-0.0801607	
0.475899	0.503419	0.527156	0.547434	0.560732	0.564017	0.553554	0.536431	0.513041	0.487638	0.454862	0.412604	0.359977	0.278109	0.165197	0.0350346	-0.0926654	-0.215882	-0.325836	-0.4039	-0.436886	-0.4111	-0.336117	-0.236136	-0.127611	
0.206858	0.199292	0.195318	0.200087	0.204364	0.204875	0.201731	0.196954	0.196918	0.204151	0.207306	0.197183	0.169962	0.117364	0.0362742	-0.06005	-0.153458	-0.248611	-0.339734	-0.4054	-0.427464	-0.400572	-0.331984	-0.236136	-0.128184	
-0.0326448	-0.0612171	-0.083586	-0.0996605	-0.110483	-0.112816	-0.105273	-0.0906931	-0.0710305	-0.0443305	-0.0158847	0.000570197	-0.00234718	-0.0284847	-0.0734617	-0.133349	-0.201341	-0.266598	-0.325466	-0.364399	-0.369845	-0.338616	-0.272867	-0.183593	-0.0843094	
-0.216021	-0.251672	-0.287817	-0.323698	-0.349455	-0.353592	-0.336178	-0.302727	-0.266017	-0.230707	-0.191976	-0.154415	-0.137155	-0.144702	-0.163469	-0.194099	-0.2361	-0.273556	-0.29001	-0.290031	-0.274961	-0.235099	-0.165977	-0.0778671	0.0145603	
-0.322943	-0.365319	-0.415881	-0.462998	-0.490325	-0.495311	-0.47635	-0.436167	-0.385044	-0.339615	-0.296881	-0.252542	-0.225682	-0.223545	-0.23249	-0.241157	-0.25361	-0.257559	-0.240209	-0.207303	-0.163505	-0.104791	-0.0217417	0.0686311	0.150547	
-0.353419	-0.408898	-0.470721	-0.51825	-0.54053	-0.543059	-0.530597	-0.49202	-0.433971	-0.37425	-0.328251	-0.294489	-0.273342	-0.268547	-0.270871	-0.269871	-0.255663	-0.225569	-0.181997	-0.124759	-0.0512108	0.0393401	0.141925	0.236193	0.305669	
-0.334526	-0.392993	-0.457692	-0.505487	-0.530546	-0.535145	-0.518387	-0.479286	-0.419692	-0.355771	-0.309793	-0.287718	-0.284347	-0.282975	-0.283113	-0.278774	-0.25328	-0.201102	-0.128633	-0.042332	0.0657391	0.186706	0.308197	0.41162	0.479572	
-0.287615	-0.336025	-0.391932	-0.447778	-0.48709	-0.494247	-0.466961	-0.414534	-0.358041	-0.305351	-0.266807	-0.250131	-0.257371	-0.273832	-0.282277	-0.277381	-0.248086	-0.185034	-0.0906117	0.0323686	0.176404	0.322605	0.458937	0.574565	0.65217	
-0.222087	-0.2546	-0.307245	-0.370745	-0.418473	-0.427003	-0.393777	-0.33225	-0.27324	-0.233145	-0.210262	-0.199818	-0.215403	-0.250685	-0.279318	-0.280331	-0.245237	-0.176494	-0.0660105	0.0843867	0.259886	0.433655	0.589718	0.720885	0.80627	
-0.14459	-0.174708	-0.234504	-0.300728	-0.342871	-0.350268	-0.321752	-0.26175	-0.195999	-0.15261	-0.141489	-0.151941	-0.183458	-0.23092	-0.274175	-0.289333	-0.261943	-0.187566	-0.0622982	0.109932	0.311188	0.514578	0.703405	0.858228	0.951408	
-0.0834906	-0.118566	-0.181821	-0.243888	-0.28184	-0.2876	-0.262999	-0.208158	-0.142166	-0.0924235	-0.085778	-0.121897	-0.18007	-0.238175	-0.284381	-0.312587	-0.300077	-0.22563	-0.0818248	0.116689	0.344272	0.579962	0.801532	0.982722	1.09103	
-0.0694455	-0.102228	-0.161922	-0.225068	-0.270801	-0.279654	-0.246373	-0.1879	-0.12461	-0.0776939	-0.0714221	-0.115888	-0.191679	-0.26376	-0.317978	-0.350273	-0.343188	-0.268845	-0.113781	0.106109	0.366493	0.638302	0.891014	1.0944	1.21904	
-0.102228	-0.127603	-0.183646	-0.254935	-0.311632	-0.322496	-0.281144	-0.211808	-0.146982	-0.107855	-0.106718	-0.148402	-0.221084	-0.304918	-0.374233	-0.408534	-0.391179	-0.306179	-0.146293	0.0883283	0.378489	0.689876	0.975005	1.19847	1.33942	
-0.161922	-0.183646	-0.247324	-0.326625	-0.38583	-0.397262	-0.354384	-0.279469	-0.204693	-0.164954	-0.169758	-0.210467	-0.275789	-0.357956	-0.436454	-0.473274	-0.446254	-0.348094	-0.174381	0.0754677	0.390573	0.732997	1.04735	1.29428	1.45207	
-0.225068	-0.254935	-0.326625	-0.408961	-0.46711	-0.478314	-0.436478	-0.360779	-0.279575	-0.230864	-0.231227	-0.275306	-0.341069	-0.417416	-0.487012	-0.519889	-0.494449	-0.389548	-0.199376	0.0723429	0.404943	0.763184	1.09666	1.36334	1.53665	
-0.270801	-0.311632	-0.38583	-0.46711	-0.527636	-0.539578	-0.494888	-0.419558	-0.338517	-0.281629	-0.270847	-0.314446	-0.388288	-0.46177	-0.517118	-0.541527	-0.520047	-0.418271	-0.216703	0.0715208	0.415059	0.780737	1.12358	1.4006	1.58277	
-0.279654	-0.322496	-0.397262	-0.478314	-0.539578	-0.551693	-0.506019	-0.430802	-0.350102	-0.291477	-0.277176	-0.320904	-0.396657	-0.470095	-0.522369	-0.544218	-0.52424	-0.423216	-0.219884	0.0711424	0.417447	0.784696	1.12907	1.40802	1.58995	
-0.246373	-0.281144	-0.354384	-0.436478	-0.494888	-0.506019	-0.463572	-0.388608	-0.307139	-0.254271	-0.250357	-0.294917	-0.364269	-0.438841	-0.501924	-0.531472	-0.507582	-0.403433	-0.207952	0.0715985	0.409371	0.771731	1.10991	1.38115	1.55926	
-0.1879	-0.211808	-0.279469	-0.360779	-0.419558	-0.430802	-0.388608	-0.312772	-0.234343	-0.191516	-0.195879	-0.23764	-0.301693	-0.38153	-0.458546	-0.494673	-0.467287	-0.365394	-0.184869	0.0734888	0.396799	0.746853	1.07001	1.32592	1.49085	
-0.12461	-0.146982	-0.204693	-0.279575	-0.338517	-0.350102	-0.307139	-0.234343	-0.165983	-0.128662	-0.130798	-0.171071	-0.239879	-0.324721	-0.399771	-0.435207	-0.412963	-0.322241	-0.158009	0.0821661	0.382826	0.708004	1.00543	1.2387	1.38628	
-0.0776939	-0.107855	-0.164954	-0.230864	-0.281629	-0.291477	-0.254271	-0.191516	-0.128662	-0.0849901	-0.0805107	-0.124277	-0.200962	-0.278562	-0.338381	-0.371678	-0.361723	-0.284222	-0.127038	0.0992224	0.372055	0.660074	0.926249	1.13662	1.2679	
-0.0714221	-0.106718	-0.169758	-0.231227	-0.270847	-0.277176	-0.250357	-0.195879	-0.130798	-0.0805107	-0.0734112	-0.115957	-0.183481	-0.246451	-0.29423	-0.324917	-0.317301	-0.243458	-0.0936938	0.114108	0.354559	0.604335	0.837878	1.02884	1.14312	
-0.115888	-0.148402	-0.210467	-0.275306	-0.314446	-0.320904	-0.294917	-0.23764	-0.171071	-0.124277	-0.115957	-0.137222	-0.179382	-0.230852	-0.275732	-0.296941	-0.275467	-0.200643	-0.067991	0.114802	0.325969	0.541771	0.744151	0.909235	1.00903	
-0.191679	-0.221084	-0.275789	-0.341069	-0.388288	-0.396657	-0.364269	-0.301693	-0.239879	-0.200962	-0.183481	-0.179382	-0.199302	-0.240832	-0.277358	-0.282815	-0.248877	-0.177631	-0.0616743	0.0973348	0.284036	0.469429	0.637278	0.777263	0.86453	
-0.26376	-0.304918	-0.357956	-0.417416	-0.46177	-0.470095	-0.438841	-0.38153	-0.324721	-0.278562	-0.246451	-0.230852	-0.240832	-0.265323	-0.281345	-0.277822	-0.245649	-0.180356	-0.0790934	0.0563225	0.213546	0.370585	0.513341	0.634139	0.715261	
-0.317978	-0.374233	-0.436454	-0.487012	-0.517118	-0.522369	-0.501924	-0.458546	-0.399771	-0.338381	-0.29423	-0.275732	-0.277358	-0.281345	-0.282971	-0.278204	-0.25191	-0.19412	-0.111523	-0.010206	0.112521	0.243599	0.371432	0.479192	0.550894	
-0.350273	-0.408534	-0.473274	-0.519889	-0.541527	-0.544218	-0.531472	-0.494673	-0.435207	-0.371678	-0.324917	-0.296941	-0.282815	-0.277822	-0.278204	-0.275462	-0.255017	-0.214668	-0.15912	-0.09157	-0.00516172	0.0982958	0.208363	0.306489	0.373335	
-0.343188	-0.391179	-0.446254	-0.494449	-0.520047	-0.52424	-0.507582	-0.467287	-0.412963	-0.361723	-0.317301	-0.275467	-0.248877	-0.245649	-0.25191	-0.255017	-0.25564	-0.244984	-0.217446	-0.174042	-0.118542	-0.0478486	0.0433756	0.133893	0.210739	
-0.268845	-0.306179	-0.348094	-0.389548	-0.418271	-0.423216	-0.403433	-0.365394	-0.322241	-0.284222	-0.243458	-0.200643	-0.177631	-0.180356	-0.19412	-0.214668	-0.244984	-0.270236	-0.271495	-0.257467	-0.231322	-0.185129	-0.112285	-0.0232646	0.06515	
-0.113781	-0.146293	-0.174381	-0.199376	-0.216703	-0.219884	-0.207952	-0.184869	-0.158009	-0.127038	-0.0936938	-0.067991	-0.0616743	-0.0790934	-0.111523	-0.15912	-0.217446	-0.271495	-0.313798	-0.337052	-0.335086	-0.301347	-0.2352	-0.147593	-0.0505698	
0.106109	0.0883283	0.0754677	0.0723429	0.0715208	0.0711424	0.0715985	0.0734888	0.0821661	0.0992224	0.114108	0.114802	0.0973348	0.0563225	-0.010206	-0.09157	-0.174042	-0.257467	-0.337052	-0.393939	-0.409642	-0.38155	-0.314756	-0.221248	-0.11689	
0.366493	0.378489	0.390573	0.404943	0.415059	0.417447	0.409371	0.396799	0.382826	0.372055	0.354559	0.325969	0.284036	0.213546	0.112521	-0.00516172	-0.118542	-0.231322	-0.335086	-0.409642	-0.439908	-0.414678	-0.34195	-0.242576	-0.133089	
0.638302	0.689876	0.732997	0.763184	0.780737	0.784696	0.771731	0.746853	0.708004	0.660074	0.604335	0.541771	0.469429	0.370585	0.243599	0.0982958	-0.0478486	-0.185129	-0.301347	-0.38155	-0.414678	-0.385269	-0.307062	-0.209467	-0.104572	
0.891014	0.975005	1.04735	1.09666	1.12358	1.12907	1.10991	1.07001	1.00543	0.926249	0.837878	0.744151	0.637278	0.513341	0.371432	0.208363	0.0433756	-0.112285	-0.2352	-0.314756	-0.34195	-0.307062	-0.228075	-0.132136	-0.0298712	
1.0944	1.19847	1.29428	1.36334	1.4006	1.40802	1.38115	1.32592	1.2387	1.13662	1.02884	0.909235	0.777263	0.634139	0.479192	0.306489	0.133893	-0.0232646	-0.147593	-0.221248	-0.242576	-0.209467	-0.132136	-0.0280657	0.0804618	
1.21904	1.33942	1.45207	1.53665	1.58277	1.58995	1.55926	1.49085	1.38628	1.2679	1.14312	1.00903	0.86453	0.715261	0.550894	0.373335	0.210739	0.06515	-0.0505698	-0.11689	-0.133089	-0.104572	-0.0298712	0.0804618	0.199836	
