0.377846	0.271704	0.157515	0.055087	-0.0224006	-0.0597254	-0.0419794	0.000849059	0.0440116	0.0724816	0.0835974	0.0768652	0.041079	-0.0344041	-0.132611	-0.231249	-0.322837	-0.404028	-0.468528	-0.498869	-0.486995	-0.443078	-0.380451	-0.303382	-0.204862	
0.271704	0.188368	0.0927124	0.00296858	-0.0555345	-0.0655552	-0.0213934	0.0501597	0.126248	0.178473	0.203309	0.200226	0.159733	0.0817528	-0.0171823	-0.114428	-0.208518	-0.297171	-0.366695	-0.395948	-0.389361	-0.35228	-0.289548	-0.214584	-0.119357	
0.157515	0.0927124	0.00562857	-0.0700401	-0.107197	-0.101247	-0.0418057	0.0568058	0.163821	0.252294	0.301096	0.310446	0.277473	0.205445	0.118243	0.0299955	-0.0615678	-0.149795	-0.208612	-0.227904	-0.222108	-0.188521	-0.125249	-0.0451066	0.0423958	
0.055087	0.00296858	-0.0700401	-0.126236	-0.150578	-0.136758	-0.0696417	0.0437085	0.179764	0.299757	0.379646	0.410943	0.395621	0.34407	0.277928	0.20216	0.117938	0.0414556	-0.00293171	-0.00961244	-0.00478634	0.0279988	0.0931084	0.175055	0.252999	
-0.0224006	-0.0555345	-0.107197	-0.150578	-0.16594	-0.144163	-0.0731476	0.0504487	0.201077	0.345316	0.449806	0.503498	0.512532	0.490293	0.44777	0.390004	0.325716	0.272229	0.24463	0.243272	0.248974	0.277732	0.33798	0.408183	0.468393	
-0.0597254	-0.0655552	-0.101247	-0.136758	-0.144163	-0.115607	-0.0423658	0.0821846	0.238065	0.394348	0.516089	0.591521	0.631345	0.639701	0.619712	0.58535	0.552578	0.525814	0.511938	0.509663	0.51432	0.536324	0.575535	0.619263	0.650778	
-0.0419794	-0.0213934	-0.0418057	-0.0696417	-0.0731476	-0.0423658	0.029562	0.150467	0.306188	0.464083	0.593401	0.68772	0.752821	0.780073	0.778374	0.766918	0.764179	0.762303	0.756636	0.754062	0.755706	0.762988	0.770217	0.774566	0.769751	
0.000849059	0.0501597	0.0568058	0.0437085	0.0504487	0.0821846	0.150467	0.265441	0.411043	0.558478	0.688165	0.792001	0.868216	0.908881	0.919072	0.925872	0.9394	0.95031	0.951839	0.945883	0.939802	0.921871	0.892206	0.852214	0.806797	
0.0440116	0.126248	0.163821	0.179764	0.201077	0.238065	0.306188	0.411043	0.539775	0.673185	0.79187	0.889769	0.96819	1.01519	1.03783	1.04885	1.06396	1.07903	1.08585	1.07664	1.05433	1.00964	0.942789	0.859511	0.772009	
0.0724816	0.178473	0.252294	0.299757	0.345316	0.394348	0.464083	0.558478	0.673185	0.78658	0.883874	0.966552	1.04162	1.09744	1.12599	1.13367	1.14038	1.15238	1.15651	1.13519	1.09151	1.022	0.923546	0.804919	0.680409	
0.0835974	0.203309	0.301096	0.379646	0.449806	0.516089	0.593401	0.688165	0.79187	0.883874	0.955792	1.02108	1.09132	1.14712	1.17382	1.17533	1.17095	1.16971	1.15386	1.10888	1.04196	0.951956	0.835095	0.693857	0.550326	
0.0768652	0.200226	0.310446	0.410943	0.503498	0.591521	0.68772	0.792001	0.889769	0.966552	1.02108	1.07201	1.12497	1.1621	1.176	1.16847	1.15068	1.1215	1.07161	0.996726	0.907748	0.807038	0.68383	0.541653	0.400028	
0.041079	0.159733	0.277473	0.395621	0.512532	0.631345	0.752821	0.868216	0.96819	1.04162	1.09132	1.12497	1.14497	1.14794	1.13895	1.11852	1.07891	1.01557	0.929492	0.826446	0.718756	0.612448	0.493026	0.365382	0.240903	
-0.0344041	0.0817528	0.205445	0.34407	0.490293	0.639701	0.780073	0.908881	1.01519	1.09744	1.14712	1.1621	1.14794	1.11609	1.07971	1.035	0.966631	0.872944	0.760536	0.637993	0.517549	0.406347	0.29936	0.188299	0.0853483	
-0.132611	-0.0171823	0.118243	0.277928	0.44777	0.619712	0.778374	0.919072	1.03783	1.12599	1.17382	1.176	1.13895	1.07971	1.00898	0.925966	0.82405	0.704713	0.578434	0.445439	0.318053	0.209444	0.112422	0.0218634	-0.0601962	
-0.231249	-0.114428	0.0299955	0.20216	0.390004	0.58535	0.766918	0.925872	1.04885	1.13367	1.17533	1.16847	1.11852	1.035	0.925966	0.801265	0.663911	0.523253	0.387314	0.251182	0.126304	0.0223396	-0.0617996	-0.132876	-0.189032	
-0.322837	-0.208518	-0.0615678	0.117938	0.325716	0.552578	0.764179	0.9394	1.06396	1.14038	1.17095	1.15068	1.07891	0.966631	0.82405	0.663911	0.498174	0.341241	0.200209	0.0705487	-0.0429532	-0.138909	-0.209229	-0.259455	-0.288673	
-0.404028	-0.297171	-0.149795	0.0414556	0.272229	0.525814	0.762303	0.95031	1.07903	1.15238	1.16971	1.1215	1.01557	0.872944	0.704713	0.523253	0.341241	0.174807	0.0384163	-0.0794976	-0.178493	-0.261151	-0.319788	-0.347152	-0.354012	
-0.468528	-0.366695	-0.208612	-0.00293171	0.24463	0.511938	0.756636	0.951839	1.08585	1.15651	1.15386	1.07161	0.929492	0.760536	0.578434	0.387314	0.200209	0.0384163	-0.092241	-0.197753	-0.283163	-0.354108	-0.395915	-0.40626	-0.394593	
-0.498869	-0.395948	-0.227904	-0.00961244	0.243272	0.509663	0.754062	0.945883	1.07664	1.13519	1.10888	0.996726	0.826446	0.637993	0.445439	0.251182	0.0705487	-0.0794976	-0.197753	-0.289905	-0.35825	-0.408642	-0.43427	-0.430443	-0.408442	
-0.486995	-0.389361	-0.222108	-0.00478634	0.248974	0.51432	0.755706	0.939802	1.05433	1.09151	1.04196	0.907748	0.718756	0.517549	0.318053	0.126304	-0.0429532	-0.178493	-0.283163	-0.35825	-0.405028	-0.431037	-0.440493	-0.42793	-0.398954	
-0.443078	-0.35228	-0.188521	0.0279988	0.277732	0.536324	0.762988	0.921871	1.00964	1.022	0.951956	0.807038	0.612448	0.406347	0.209444	0.0223396	-0.138909	-0.261151	-0.354108	-0.408642	-0.431037	-0.432974	-0.423621	-0.400149	-0.364144	
-0.380451	-0.289548	-0.125249	0.0931084	0.33798	0.575535	0.770217	0.892206	0.942789	0.923546	0.835095	0.68383	0.493026	0.29936	0.112422	-0.0617996	-0.209229	-0.319788	-0.395915	-0.43427	-0.440493	-0.423621	-0.397252	-0.358059	-0.314131	
-0.303382	-0.214584	-0.0451066	0.175055	0.408183	0.619263	0.774566	0.852214	0.859511	0.804919	0.693857	0.541653	0.365382	0.188299	0.0218634	-0.132876	-0.259455	-0.347152	-0.40626	-0.430443	-0.42793	-0.400149	-0.358059	-0.30578	-0.258459	
-0.204862	-0.119357	0.0423958	0.252999	0.468393	0.650778	0.769751	0.806797	0.772009	0.680409	0.550326	0.400028	0.240903	0.0853483	-0.0601962	-0.189032	-0.288673	-0.354012	-0.394593	-0.408442	-0.398954	-0.364144	-0.314131	-0.258459	-0.215721	
-0.0811744	-0.000974955	0.143429	0.328696	0.517646	0.670084	0.757799	0.765055	0.696525	0.57231	0.422013	0.268934	0.121907	-0.0121714	-0.132157	-0.230133	-0.301544	-0.348538	-0.374198	-0.377168	-0.360967	-0.325293	-0.280852	-0.237061	-0.204012	
0.0385074	0.118123	0.247924	0.407867	0.561896	0.679136	0.736217	0.718424	0.625821	0.477953	0.306043	0.144783	0.00744359	-0.108915	-0.197384	-0.261728	-0.306079	-0.333539	-0.343311	-0.331312	-0.306246	-0.275766	-0.248312	-0.227197	-0.211439	
0.132056	0.217095	0.336214	0.470203	0.593206	0.675225	0.704473	0.67278	0.56953	0.405922	0.221202	0.0490955	-0.0908779	-0.194721	-0.264517	-0.296771	-0.308091	-0.310426	-0.295451	-0.269134	-0.241227	-0.223064	-0.216731	-0.221813	-0.226547	
0.199765	0.28652	0.401265	0.522078	0.620648	0.674119	0.677346	0.627979	0.51454	0.349274	0.163007	-0.00824946	-0.147196	-0.255787	-0.318175	-0.331709	-0.313783	-0.285325	-0.249228	-0.215099	-0.193133	-0.188663	-0.196242	-0.21612	-0.237606	
0.245065	0.333356	0.444855	0.557319	0.644203	0.680054	0.663342	0.598654	0.477645	0.312302	0.134856	-0.0299546	-0.169865	-0.284994	-0.353601	-0.358212	-0.319845	-0.270184	-0.219802	-0.187184	-0.175011	-0.181145	-0.19396	-0.217411	-0.246388	
0.254025	0.342639	0.45324	0.563931	0.649356	0.682149	0.661715	0.59426	0.471493	0.306419	0.131047	-0.0319204	-0.172818	-0.289746	-0.360553	-0.364086	-0.321541	-0.267611	-0.214981	-0.182849	-0.173282	-0.181738	-0.194463	-0.218724	-0.248045	
0.221011	0.308153	0.42131	0.538643	0.630768	0.676175	0.670088	0.613494	0.496052	0.330999	0.148019	-0.0205498	-0.15902	-0.271239	-0.335049	-0.343972	-0.316237	-0.277223	-0.234436	-0.200526	-0.18284	-0.183166	-0.19355	-0.215314	-0.241101	
0.162062	0.248196	0.365523	0.491871	0.603967	0.673673	0.692166	0.654433	0.547842	0.381842	0.19542	0.0217954	-0.118954	-0.222743	-0.288884	-0.311319	-0.310117	-0.300023	-0.275409	-0.245239	-0.218679	-0.206349	-0.206596	-0.219119	-0.23146	
0.0790498	0.160804	0.285749	0.435678	0.5759	0.67864	0.723771	0.699734	0.601285	0.446388	0.267537	0.101582	-0.0352529	-0.145557	-0.22366	-0.274652	-0.306494	-0.324885	-0.325983	-0.307385	-0.280296	-0.254232	-0.235058	-0.225173	-0.217162	
-0.0307504	0.0480412	0.186277	0.36059	0.536005	0.675435	0.75061	0.747185	0.66799	0.532662	0.373799	0.217512	0.0748216	-0.0512948	-0.15897	-0.243104	-0.3043	-0.344268	-0.363639	-0.361149	-0.340739	-0.306357	-0.268138	-0.232154	-0.205736	
-0.157521	-0.0744136	0.0808438	0.28251	0.488718	0.659893	0.766147	0.790131	0.740313	0.634991	0.497144	0.347022	0.193125	0.0464364	-0.0898556	-0.206899	-0.295335	-0.353015	-0.387423	-0.397109	-0.38489	-0.349223	-0.299413	-0.247276	-0.207566	
-0.267135	-0.178929	-0.011348	0.207251	0.433517	0.633623	0.773705	0.834039	0.823612	0.754017	0.635192	0.48387	0.314999	0.145743	-0.0121749	-0.157564	-0.27341	-0.351745	-0.403192	-0.422972	-0.417868	-0.386454	-0.340084	-0.284583	-0.238585	
-0.351494	-0.261107	-0.0933449	0.125436	0.366764	0.593544	0.772597	0.877148	0.911133	0.878008	0.780667	0.628584	0.44182	0.255087	0.0747705	-0.0919184	-0.232018	-0.33428	-0.403199	-0.436218	-0.437915	-0.416426	-0.383107	-0.337689	-0.291922	
-0.420231	-0.329478	-0.167331	0.0508838	0.298802	0.550211	0.765983	0.91099	0.984861	0.985872	0.908409	0.760529	0.566448	0.363652	0.170469	-0.0131973	-0.169419	-0.287835	-0.374735	-0.421891	-0.437329	-0.430554	-0.414277	-0.384921	-0.345299	
-0.472277	-0.37793	-0.212206	0.00349819	0.256598	0.520837	0.758572	0.934709	1.03998	1.06763	1.00955	0.869653	0.676468	0.471916	0.272066	0.0817642	-0.0843537	-0.214158	-0.313836	-0.38079	-0.417181	-0.433385	-0.435679	-0.419018	-0.387846	
-0.499007	-0.397113	-0.228475	-0.00941015	0.244492	0.510118	0.754239	0.943679	1.06877	1.1198	1.08369	0.962081	0.783064	0.589261	0.393426	0.199594	0.0235154	-0.120921	-0.233802	-0.319758	-0.380157	-0.421218	-0.440278	-0.432908	-0.407651	
-0.485492	-0.382721	-0.220188	-0.00803548	0.24247	0.51027	0.755521	0.95006	1.08434	1.15114	1.13953	1.04385	0.889701	0.711688	0.525442	0.331969	0.146585	-0.0110048	-0.137485	-0.237545	-0.317356	-0.380255	-0.415779	-0.419708	-0.402993	
-0.433321	-0.329535	-0.178007	0.0183039	0.257575	0.518495	0.759474	0.95176	1.08287	1.15634	1.16634	1.10482	0.98382	0.830131	0.65526	0.469053	0.28325	0.117672	-0.0170887	-0.130497	-0.223649	-0.302625	-0.354016	-0.374343	-0.373371	
-0.356325	-0.244871	-0.099128	0.0852718	0.302156	0.540977	0.764164	0.944442	1.07044	1.14492	1.17109	1.14048	1.05644	0.931652	0.777648	0.607168	0.433659	0.271524	0.131725	0.00662345	-0.101728	-0.191512	-0.257766	-0.298391	-0.318071	
-0.268716	-0.151874	-0.00533411	0.168846	0.3641	0.572181	0.764788	0.93093	1.05457	1.13568	1.17357	1.16225	1.10533	1.01069	0.887564	0.747338	0.596904	0.449655	0.310379	0.176015	0.0550508	-0.0467186	-0.124662	-0.18816	-0.233191	
-0.172685	-0.0568958	0.0827812	0.248932	0.425763	0.606613	0.773404	0.921135	1.04223	1.1303	1.17604	1.17467	1.13251	1.06397	0.978127	0.878195	0.761651	0.632939	0.502811	0.367332	0.240017	0.132883	0.0404042	-0.042281	-0.114619	
-0.0724658	0.0428031	0.171157	0.318617	0.475332	0.634492	0.782107	0.915304	1.02749	1.11241	1.16221	1.17066	1.14561	1.10174	1.05212	0.993601	0.911971	0.807688	0.688976	0.561685	0.437627	0.32712	0.223443	0.12049	0.025843	
0.0150613	0.132475	0.251811	0.378048	0.506594	0.638869	0.767684	0.888798	0.990299	1.06654	1.11585	1.14237	1.14778	1.13622	1.11729	1.08865	1.03867	0.962564	0.864052	0.752036	0.638793	0.529411	0.415159	0.293347	0.17787	
0.0674533	0.188849	0.302901	0.410526	0.512455	0.611607	0.718416	0.826521	0.924495	0.998376	1.04953	1.09407	1.13532	1.15944	1.16444	1.15286	1.12734	1.08473	1.02007	0.932558	0.835617	0.732918	0.609163	0.472759	0.336713	
0.0829076	0.206021	0.309635	0.397379	0.477057	0.551057	0.634335	0.732554	0.83329	0.917546	0.981162	1.04087	1.10613	1.15737	1.18011	1.17823	1.16954	1.15899	1.1302	1.0736	0.997357	0.901878	0.78175	0.636992	0.492443	
