0.238135	0.368015	0.449084	0.483411	0.469966	0.415645	0.32946	0.237077	0.148076	0.0661036	-0.00203595	-0.0425921	-0.0485866	-0.017143	0.0411191	0.106726	0.170999	0.24031	0.301703	0.351898	0.419066	0.501247	0.598391	0.721431	0.863098	
0.368015	0.49481	0.575004	0.609968	0.585949	0.519052	0.43034	0.335007	0.237997	0.145371	0.0685533	0.0161657	-0.00295358	0.0257783	0.0862041	0.158029	0.234739	0.309524	0.365712	0.399635	0.44321	0.501237	0.582961	0.694824	0.822446	
0.449084	0.575004	0.652655	0.680246	0.647288	0.574727	0.485766	0.39252	0.298811	0.213751	0.145835	0.0977207	0.076405	0.098139	0.155257	0.232039	0.315575	0.387601	0.434868	0.454954	0.471995	0.496761	0.548834	0.637059	0.747062	
0.483411	0.609968	0.680246	0.699508	0.663831	0.590438	0.503229	0.413198	0.336832	0.272986	0.223535	0.192142	0.178446	0.20142	0.258615	0.335297	0.412467	0.469646	0.500491	0.501942	0.489212	0.476211	0.488419	0.542734	0.628494	
0.469966	0.585949	0.647288	0.663831	0.640558	0.580288	0.503698	0.427909	0.369248	0.33065	0.312194	0.303614	0.308225	0.341045	0.402974	0.467627	0.522684	0.553213	0.55121	0.526115	0.486179	0.440982	0.4121	0.427503	0.481991	
0.415645	0.519052	0.574727	0.590438	0.580288	0.544563	0.489985	0.44045	0.408587	0.403026	0.417726	0.437346	0.467869	0.517315	0.575743	0.62142	0.63931	0.626427	0.581431	0.525729	0.457482	0.387225	0.326628	0.30575	0.31779	
0.32946	0.43034	0.485766	0.503229	0.503698	0.489985	0.470085	0.457361	0.467297	0.504208	0.54706	0.583332	0.627534	0.680801	0.724066	0.738724	0.719335	0.664307	0.582982	0.502458	0.417869	0.332806	0.252142	0.192548	0.162235	
0.237077	0.335007	0.39252	0.413198	0.427909	0.44045	0.457361	0.490346	0.546254	0.611663	0.672458	0.718735	0.761192	0.793596	0.807754	0.789875	0.730422	0.64487	0.548357	0.456902	0.358867	0.264839	0.175712	0.093207	0.0301835	
0.148076	0.237997	0.298811	0.336832	0.369248	0.408587	0.467297	0.546254	0.63682	0.71817	0.780463	0.821025	0.840426	0.835748	0.813926	0.76181	0.669902	0.568267	0.466889	0.369795	0.270946	0.178861	0.0960429	0.0127945	-0.0621386	
0.0661036	0.145371	0.213751	0.272986	0.33065	0.403026	0.504208	0.611663	0.71817	0.796791	0.841458	0.857429	0.843059	0.802013	0.742374	0.652736	0.537852	0.428527	0.331961	0.244306	0.162474	0.0853102	0.0135785	-0.0529588	-0.123291	
-0.00203595	0.0685533	0.145835	0.223535	0.312194	0.417726	0.54706	0.672458	0.780463	0.841458	0.855372	0.83609	0.787755	0.710465	0.613415	0.494691	0.367996	0.253423	0.16678	0.103904	0.0474196	-0.00653984	-0.0540699	-0.107817	-0.173786	
-0.0425921	0.0161657	0.0977207	0.192142	0.303614	0.437346	0.583332	0.718735	0.821025	0.857429	0.83609	0.780199	0.697879	0.585427	0.454703	0.320487	0.192406	0.0818582	0.00551957	-0.0323136	-0.0637946	-0.0872976	-0.106976	-0.148316	-0.20585	
-0.0485866	-0.00295358	0.076405	0.178446	0.308225	0.467869	0.627534	0.761192	0.840426	0.843059	0.787755	0.697879	0.578289	0.442102	0.296738	0.150861	0.0228803	-0.0783038	-0.139172	-0.15784	-0.158222	-0.147487	-0.14789	-0.174171	-0.218011	
-0.017143	0.0257783	0.098139	0.20142	0.341045	0.517315	0.680801	0.793596	0.835748	0.802013	0.710465	0.585427	0.442102	0.295437	0.145524	-0.000839245	-0.123303	-0.210531	-0.258718	-0.260115	-0.232007	-0.195706	-0.176461	-0.184852	-0.2157	
0.0411191	0.0862041	0.155257	0.258615	0.402974	0.575743	0.724066	0.807754	0.813926	0.742374	0.613415	0.454703	0.296738	0.145524	-0.0043782	-0.136311	-0.238127	-0.303266	-0.330822	-0.318943	-0.279707	-0.234367	-0.193977	-0.174055	-0.187931	
0.106726	0.158029	0.232039	0.335297	0.467627	0.62142	0.738724	0.789875	0.76181	0.652736	0.494691	0.320487	0.150861	-0.000839245	-0.136311	-0.24356	-0.321067	-0.35923	-0.359804	-0.337764	-0.300866	-0.252266	-0.201542	-0.166653	-0.16172	
0.170999	0.234739	0.315575	0.412467	0.522684	0.63931	0.719335	0.730422	0.669902	0.537852	0.367996	0.192406	0.0228803	-0.123303	-0.238127	-0.321067	-0.365268	-0.375496	-0.361001	-0.331938	-0.298864	-0.256721	-0.20323	-0.159913	-0.147637	
0.24031	0.309524	0.387601	0.469646	0.553213	0.626427	0.664307	0.64487	0.568267	0.428527	0.253423	0.0818582	-0.0783038	-0.210531	-0.303266	-0.35923	-0.375496	-0.366612	-0.342131	-0.309482	-0.280703	-0.245538	-0.197182	-0.157221	-0.148778	
0.301703	0.365712	0.434868	0.500491	0.55121	0.581431	0.582982	0.548357	0.466889	0.331961	0.16678	0.00551957	-0.139172	-0.258718	-0.330822	-0.359804	-0.361001	-0.342131	-0.316405	-0.28397	-0.256764	-0.228505	-0.191877	-0.165397	-0.160739	
0.351898	0.399635	0.454954	0.501942	0.526115	0.525729	0.502458	0.456902	0.369795	0.244306	0.103904	-0.0323136	-0.15784	-0.260115	-0.318943	-0.337764	-0.331938	-0.309482	-0.28397	-0.259978	-0.242954	-0.222495	-0.203706	-0.185985	-0.179366	
0.419066	0.44321	0.471995	0.489212	0.486179	0.457482	0.417869	0.358867	0.270946	0.162474	0.0474196	-0.0637946	-0.158222	-0.232007	-0.279707	-0.300866	-0.298864	-0.280703	-0.256764	-0.242954	-0.237073	-0.228015	-0.222027	-0.21739	-0.211539	
0.501247	0.501237	0.496761	0.476211	0.440982	0.387225	0.332806	0.264839	0.178861	0.0853102	-0.00653984	-0.0872976	-0.147487	-0.195706	-0.234367	-0.252266	-0.256721	-0.245538	-0.228505	-0.222495	-0.228015	-0.237932	-0.247512	-0.25327	-0.250095	
0.598391	0.582961	0.548834	0.488419	0.4121	0.326628	0.252142	0.175712	0.0960429	0.0135785	-0.0540699	-0.106976	-0.14789	-0.176461	-0.193977	-0.201542	-0.20323	-0.197182	-0.191877	-0.203706	-0.222027	-0.247512	-0.268468	-0.284349	-0.285425	
0.721431	0.694824	0.637059	0.542734	0.427503	0.30575	0.192548	0.093207	0.0127945	-0.0529588	-0.107817	-0.148316	-0.174171	-0.184852	-0.174055	-0.166653	-0.159913	-0.157221	-0.165397	-0.185985	-0.21739	-0.25327	-0.284349	-0.303676	-0.30728	
0.863098	0.822446	0.747062	0.628494	0.481991	0.31779	0.162235	0.0301835	-0.0621386	-0.123291	-0.173786	-0.20585	-0.218011	-0.2157	-0.187931	-0.16172	-0.147637	-0.148778	-0.160739	-0.179366	-0.211539	-0.250095	-0.285425	-0.30728	-0.315158	
0.998697	0.947627	0.853538	0.708984	0.531775	0.332951	0.141786	-0.0160161	-0.125924	-0.196241	-0.24198	-0.260658	-0.263758	-0.251917	-0.222835	-0.183901	-0.165696	-0.167586	-0.179591	-0.195174	-0.220006	-0.252172	-0.282298	-0.305015	-0.315023	
1.11391	1.05322	0.934134	0.765419	0.565475	0.344853	0.127317	-0.0551986	-0.184386	-0.262118	-0.296419	-0.306502	-0.299744	-0.276179	-0.248787	-0.214903	-0.19773	-0.200292	-0.212374	-0.222184	-0.240989	-0.268805	-0.288905	-0.30271	-0.310271	
1.21214	1.13883	1.00139	0.815038	0.591066	0.351599	0.112789	-0.0943142	-0.23665	-0.318693	-0.343177	-0.33653	-0.312894	-0.280528	-0.249183	-0.225962	-0.214973	-0.2285	-0.242898	-0.254565	-0.270593	-0.288213	-0.304201	-0.318506	-0.31904	
1.28312	1.19456	1.04836	0.850333	0.607212	0.350656	0.0981941	-0.122192	-0.27431	-0.352675	-0.365106	-0.337498	-0.2962	-0.262519	-0.231921	-0.215115	-0.212862	-0.23519	-0.264316	-0.281464	-0.295019	-0.30508	-0.317932	-0.333511	-0.334454	
1.32151	1.2212	1.06933	0.85885	0.608411	0.344653	0.0840331	-0.139281	-0.290716	-0.3606	-0.361872	-0.32336	-0.279529	-0.234449	-0.202165	-0.192283	-0.206793	-0.237273	-0.277257	-0.298393	-0.305642	-0.311885	-0.32654	-0.346661	-0.354293	
1.32789	1.22544	1.07153	0.859245	0.608062	0.342069	0.0806865	-0.144101	-0.294558	-0.361103	-0.360161	-0.321111	-0.277481	-0.228833	-0.194655	-0.18657	-0.206091	-0.238112	-0.280489	-0.301677	-0.307359	-0.313712	-0.327456	-0.350021	-0.359953	
1.30219	1.20786	1.0593	0.856331	0.609336	0.349025	0.0926217	-0.129569	-0.282378	-0.357179	-0.365746	-0.331874	-0.288088	-0.250763	-0.21998	-0.205727	-0.209956	-0.236351	-0.270946	-0.288832	-0.300402	-0.30821	-0.322291	-0.338714	-0.342173	
1.24483	1.16548	1.02402	0.832626	0.599012	0.3513	0.106776	-0.107741	-0.254517	-0.33675	-0.355817	-0.340323	-0.308898	-0.275837	-0.243902	-0.223918	-0.215478	-0.23241	-0.252431	-0.267884	-0.282697	-0.295835	-0.30966	-0.325384	-0.325538	
1.155	1.08963	0.962087	0.785266	0.576041	0.349174	0.121721	-0.0706231	-0.205862	-0.285738	-0.316229	-0.321197	-0.309132	-0.280547	-0.251835	-0.223036	-0.207663	-0.214309	-0.225998	-0.234053	-0.25133	-0.276158	-0.29504	-0.307477	-0.3111	
1.04782	0.992666	0.888749	0.733854	0.547145	0.337459	0.135012	-0.0324482	-0.15014	-0.224355	-0.265088	-0.280996	-0.279708	-0.263822	-0.235636	-0.196233	-0.178151	-0.180011	-0.191691	-0.205135	-0.227742	-0.25815	-0.28266	-0.302822	-0.313552	
0.91916	0.873893	0.791921	0.663084	0.503914	0.324743	0.154111	0.010563	-0.0887348	-0.152457	-0.202282	-0.228496	-0.23593	-0.230361	-0.201174	-0.167996	-0.151391	-0.153205	-0.16548	-0.183235	-0.212717	-0.248848	-0.284272	-0.307377	-0.314833	
0.777082	0.745252	0.679471	0.575411	0.447081	0.307819	0.177382	0.0652342	-0.0187466	-0.0800502	-0.132454	-0.170564	-0.191789	-0.196023	-0.175588	-0.160668	-0.151215	-0.149904	-0.160882	-0.181209	-0.214363	-0.252502	-0.286434	-0.306117	-0.31195	
0.644702	0.62443	0.580362	0.504961	0.411799	0.312904	0.224031	0.140507	0.0632362	-0.0126939	-0.0739635	-0.119939	-0.155316	-0.176134	-0.182461	-0.184139	-0.182622	-0.179136	-0.179297	-0.196155	-0.220771	-0.251031	-0.276322	-0.294247	-0.297112	
0.537881	0.530552	0.512802	0.476612	0.425584	0.360073	0.299446	0.229179	0.144705	0.0552967	-0.0258571	-0.0941958	-0.144741	-0.185092	-0.216973	-0.231808	-0.235747	-0.226414	-0.214663	-0.214717	-0.225232	-0.241686	-0.255854	-0.266628	-0.264785	
0.450492	0.464395	0.480867	0.482364	0.467706	0.429553	0.383701	0.320395	0.232993	0.130855	0.0252979	-0.0754071	-0.154873	-0.217167	-0.2612	-0.282164	-0.283769	-0.268759	-0.246317	-0.23544	-0.233481	-0.23142	-0.231964	-0.23252	-0.227104	
0.376041	0.415183	0.460364	0.497754	0.511846	0.499476	0.469559	0.418131	0.32997	0.210752	0.0811177	-0.0444306	-0.159283	-0.250616	-0.304905	-0.325054	-0.319622	-0.297394	-0.271923	-0.252596	-0.240021	-0.224429	-0.210489	-0.197184	-0.190335	
0.321834	0.380662	0.445499	0.504049	0.543099	0.560399	0.550022	0.511689	0.428198	0.296489	0.139429	-0.0120723	-0.150638	-0.264205	-0.330859	-0.352644	-0.349717	-0.329123	-0.303889	-0.274195	-0.249889	-0.223459	-0.195109	-0.172199	-0.167778	
0.266695	0.335148	0.4102	0.485723	0.556364	0.611187	0.633864	0.605917	0.526594	0.38819	0.215003	0.0453796	-0.108201	-0.235679	-0.319222	-0.363414	-0.372662	-0.358647	-0.33216	-0.298957	-0.270415	-0.238765	-0.193224	-0.158786	-0.152295	
0.198405	0.265746	0.346816	0.438307	0.538992	0.638231	0.701243	0.698882	0.6294	0.492739	0.320105	0.145419	-0.0214005	-0.162449	-0.268097	-0.341234	-0.372416	-0.374064	-0.355723	-0.32401	-0.292861	-0.25377	-0.202391	-0.158175	-0.146072	
0.132124	0.188291	0.265229	0.367034	0.491169	0.63144	0.735017	0.770165	0.728481	0.607363	0.443469	0.268075	0.0970455	-0.0545903	-0.181846	-0.278803	-0.343322	-0.36974	-0.362973	-0.338708	-0.303365	-0.256407	-0.202094	-0.163799	-0.155013	
0.0673566	0.114033	0.184824	0.287774	0.428961	0.59703	0.73423	0.805822	0.798636	0.711277	0.568336	0.401107	0.237167	0.0858386	-0.0600902	-0.182594	-0.275587	-0.330856	-0.34666	-0.329964	-0.290439	-0.243094	-0.198623	-0.170482	-0.175028	
0.00431278	0.0479574	0.118315	0.221237	0.364007	0.540527	0.700164	0.801761	0.828548	0.780097	0.673657	0.534198	0.38491	0.236204	0.0851686	-0.0573286	-0.172937	-0.251789	-0.293356	-0.288911	-0.255309	-0.213597	-0.184338	-0.181731	-0.207895	
-0.0408126	0.00228691	0.0795271	0.182492	0.31732	0.485368	0.64943	0.776343	0.841788	0.830035	0.760318	0.656167	0.525381	0.38337	0.235672	0.0874494	-0.039018	-0.135558	-0.191638	-0.20304	-0.18933	-0.166929	-0.160739	-0.181284	-0.219112	
-0.0490075	0.00412426	0.0846906	0.183874	0.302766	0.447418	0.598735	0.735169	0.831396	0.854702	0.820074	0.751152	0.652798	0.529247	0.390859	0.251323	0.122825	0.0158154	-0.0543322	-0.0844154	-0.10501	-0.114125	-0.125149	-0.160133	-0.212483	
-0.0218647	0.0439842	0.124344	0.208802	0.307383	0.425603	0.562213	0.692946	0.79948	0.851977	0.851382	0.816148	0.756073	0.664061	0.55139	0.425793	0.297701	0.183379	0.100184	0.0485365	0.0022714	-0.0403602	-0.0757203	-0.126069	-0.189885	
