-0.481293	-0.47446	-0.481591	-0.502061	-0.524734	-0.530103	-0.511946	-0.48854	-0.475046	-0.477448	-0.490338	-0.515173	-0.552051	-0.610082	-0.685185	-0.763754	-0.828668	-0.863069	-0.848314	-0.786562	-0.713248	-0.637613	-0.534367	-0.389714	-0.227463	
-0.393794	-0.379926	-0.392936	-0.421168	-0.448948	-0.454174	-0.433891	-0.402662	-0.382483	-0.385057	-0.413226	-0.458071	-0.511403	-0.572807	-0.644093	-0.714058	-0.767131	-0.783569	-0.746713	-0.664293	-0.570147	-0.480512	-0.375206	-0.238485	-0.0842223	
-0.320015	-0.298976	-0.309416	-0.338441	-0.368406	-0.37358	-0.352165	-0.318866	-0.300308	-0.307907	-0.345741	-0.40237	-0.468017	-0.533566	-0.597442	-0.650137	-0.682301	-0.672859	-0.612655	-0.51234	-0.404733	-0.297511	-0.184751	-0.0551436	0.0836268	
-0.285861	-0.256671	-0.25522	-0.277209	-0.303507	-0.308912	-0.288675	-0.261452	-0.252923	-0.271337	-0.314404	-0.373534	-0.444459	-0.513469	-0.568318	-0.598137	-0.601988	-0.563953	-0.478584	-0.363311	-0.244841	-0.1241	0.00265093	0.128813	0.251006	
-0.303867	-0.264288	-0.247016	-0.252787	-0.269696	-0.272718	-0.260253	-0.246062	-0.254804	-0.286102	-0.333184	-0.387075	-0.454213	-0.520195	-0.563349	-0.567019	-0.539	-0.471212	-0.361906	-0.229324	-0.100633	0.0311405	0.167833	0.296648	0.402791	
-0.357678	-0.309166	-0.273768	-0.259248	-0.257798	-0.257918	-0.258249	-0.265253	-0.29273	-0.337314	-0.388379	-0.435814	-0.490654	-0.543413	-0.569688	-0.548554	-0.491154	-0.397518	-0.268014	-0.119048	0.0234042	0.161217	0.299444	0.425161	0.521395	
-0.425602	-0.368596	-0.319285	-0.28201	-0.258219	-0.253657	-0.271058	-0.302798	-0.347425	-0.402354	-0.457915	-0.501591	-0.538695	-0.56672	-0.567411	-0.524267	-0.444483	-0.331638	-0.187108	-0.024602	0.132896	0.276661	0.405046	0.516268	0.60028	
-0.493718	-0.43223	-0.373237	-0.316842	-0.272087	-0.262721	-0.296665	-0.350165	-0.408567	-0.46865	-0.528859	-0.569671	-0.588458	-0.581479	-0.548367	-0.481977	-0.388057	-0.261804	-0.106314	0.066955	0.237823	0.389019	0.505164	0.590355	0.654504	
-0.54872	-0.485988	-0.422243	-0.355045	-0.29712	-0.28555	-0.328404	-0.396055	-0.460844	-0.523967	-0.583662	-0.621692	-0.620017	-0.577817	-0.503927	-0.41338	-0.307152	-0.1746	-0.0103235	0.169359	0.347874	0.502179	0.607819	0.664632	0.69857	
-0.585103	-0.52511	-0.462294	-0.394931	-0.337282	-0.325298	-0.368443	-0.435765	-0.500847	-0.561713	-0.617139	-0.644051	-0.622919	-0.547781	-0.438144	-0.31851	-0.198907	-0.0596107	0.108259	0.291848	0.469718	0.618498	0.711208	0.745556	0.747967	
-0.593824	-0.542782	-0.487731	-0.432622	-0.38618	-0.377076	-0.410969	-0.465956	-0.520941	-0.57487	-0.617602	-0.626789	-0.582163	-0.483781	-0.346564	-0.201993	-0.0605814	0.087069	0.256273	0.434831	0.604862	0.736436	0.807787	0.820325	0.798384	
-0.578524	-0.546236	-0.5103	-0.476765	-0.448003	-0.442675	-0.463355	-0.497219	-0.531419	-0.567267	-0.588499	-0.571895	-0.502216	-0.384576	-0.232318	-0.0670505	0.0983169	0.264042	0.432213	0.598648	0.749831	0.857041	0.897722	0.882244	0.837644	
-0.549295	-0.550152	-0.546235	-0.539782	-0.528647	-0.52616	-0.535267	-0.544701	-0.548503	-0.550756	-0.539665	-0.49229	-0.396946	-0.262209	-0.0994377	0.0779119	0.26588	0.451248	0.622722	0.769531	0.89245	0.966991	0.973322	0.923836	0.851236	
-0.510293	-0.558212	-0.597019	-0.619705	-0.621772	-0.621976	-0.621666	-0.609651	-0.57446	-0.530797	-0.474627	-0.394911	-0.274987	-0.123997	0.0495209	0.234424	0.432909	0.630062	0.799559	0.925102	1.00929	1.04179	1.00825	0.922273	0.817021	
-0.467121	-0.569491	-0.655446	-0.705916	-0.719907	-0.720749	-0.714563	-0.680943	-0.60704	-0.508761	-0.402861	-0.286429	-0.145903	0.0213965	0.205769	0.39532	0.590369	0.777156	0.929987	1.02672	1.07076	1.05418	0.975837	0.853688	0.718472	
-0.411805	-0.566317	-0.695895	-0.774643	-0.801599	-0.805112	-0.789354	-0.735048	-0.622454	-0.475324	-0.317454	-0.164064	0.00148776	0.182675	0.377602	0.566402	0.745381	0.89911	1.00955	1.06507	1.06668	1.00609	0.883327	0.725959	0.56696	
-0.330564	-0.526587	-0.692047	-0.798927	-0.8447	-0.850976	-0.822984	-0.742804	-0.598304	-0.410559	-0.21122	-0.0173516	0.176216	0.375752	0.573986	0.753916	0.903795	1.00774	1.05531	1.05082	1.00711	0.910198	0.757069	0.572464	0.39392	
-0.221271	-0.44402	-0.635586	-0.769176	-0.835856	-0.846561	-0.802887	-0.697447	-0.525661	-0.312716	-0.0828108	0.14347	0.369228	0.58505	0.780692	0.934634	1.04143	1.08421	1.0592	0.985625	0.889322	0.764367	0.597799	0.406567	0.220872	
-0.0994376	-0.337008	-0.544701	-0.698464	-0.782131	-0.796263	-0.740266	-0.614305	-0.424773	-0.196348	0.0488781	0.297509	0.544555	0.772645	0.954245	1.07046	1.1195	1.09694	1.00397	0.868023	0.72567	0.576857	0.412286	0.234345	0.0618179	
0.0352339	-0.207052	-0.421744	-0.582663	-0.673266	-0.688471	-0.627928	-0.494278	-0.297572	-0.0636348	0.187047	0.439504	0.689452	0.909624	1.06693	1.13555	1.1239	1.03708	0.888595	0.710268	0.537948	0.376442	0.215963	0.0595867	-0.0883643	
0.193095	-0.0451425	-0.25339	-0.406885	-0.49073	-0.505119	-0.448789	-0.32312	-0.133391	0.0960896	0.339798	0.57801	0.801925	0.988587	1.10248	1.12248	1.05608	0.918828	0.730863	0.529818	0.348519	0.184378	0.0298837	-0.114521	-0.241175	
0.364813	0.148405	-0.0388057	-0.168982	-0.237517	-0.248189	-0.203759	-0.0985243	0.0680568	0.276853	0.496414	0.697647	0.869228	0.993011	1.04692	1.01567	0.911532	0.745817	0.540814	0.334674	0.157364	0.00284681	-0.144061	-0.278656	-0.393229	
0.541997	0.369393	0.222794	0.124691	0.0769987	0.0692675	0.100578	0.177029	0.306221	0.472192	0.642574	0.783218	0.880408	0.925303	0.90783	0.829009	0.70176	0.533999	0.335999	0.141123	-0.023194	-0.164678	-0.296278	-0.418517	-0.517691	
0.718106	0.617637	0.527384	0.469524	0.441446	0.437763	0.455044	0.500414	0.57862	0.678654	0.771189	0.826853	0.836799	0.798914	0.714944	0.594396	0.456573	0.301537	0.129383	-0.0392347	-0.182548	-0.304868	-0.417425	-0.515947	-0.593284	
0.885517	0.877469	0.8599	0.846798	0.840986	0.839933	0.844062	0.853753	0.870851	0.884961	0.876516	0.829014	0.745377	0.632897	0.495504	0.346779	0.20342	0.0650146	-0.077135	-0.209944	-0.319556	-0.412813	-0.495739	-0.565893	-0.614126	
1.01991	1.11692	1.18073	1.22218	1.24232	1.24602	1.23234	1.20008	1.14575	1.06349	0.943902	0.787346	0.612634	0.435431	0.260916	0.0956006	-0.0476928	-0.173639	-0.289102	-0.383325	-0.44744	-0.493567	-0.534668	-0.568123	-0.590226	
1.11692	1.31475	1.46589	1.56959	1.62498	1.63399	1.59748	1.51308	1.381	1.20187	0.97751	0.721971	0.465846	0.233617	0.0287697	-0.146365	-0.288441	-0.40338	-0.497601	-0.556036	-0.571376	-0.563322	-0.552718	-0.548033	-0.544974	
1.18073	1.46589	1.69879	1.87007	1.96553	1.98195	1.91739	1.77555	1.56564	1.30038	0.991373	0.659172	0.339866	0.060329	-0.173048	-0.360432	-0.500087	-0.602625	-0.674418	-0.700767	-0.67526	-0.620284	-0.564955	-0.522573	-0.496284	
1.22218	1.56959	1.87007	2.10064	2.23477	2.25784	2.16681	1.97221	1.69639	1.36575	0.998882	0.618514	0.257159	-0.0576822	-0.318787	-0.520031	-0.658655	-0.745374	-0.792617	-0.790863	-0.736982	-0.654458	-0.569898	-0.499867	-0.448445	
1.24232	1.62498	1.96553	2.23477	2.39412	2.4219	2.31313	2.08401	1.76745	1.39884	1.00253	0.598766	0.21735	-0.118231	-0.397197	-0.609491	-0.746499	-0.81993	-0.846884	-0.824934	-0.755913	-0.661246	-0.5648	-0.478146	-0.409109	
1.24602	1.63399	1.98195	2.25784	2.4219	2.45058	2.33845	2.10341	1.7793	1.40467	1.0031	0.596236	0.211112	-0.127569	-0.41032	-0.624468	-0.76141	-0.832166	-0.855065	-0.829653	-0.757831	-0.662049	-0.563448	-0.474427	-0.401276	
1.23234	1.59748	1.91739	2.16681	2.31313	2.33845	2.23898	2.02752	1.73201	1.38237	1.00082	0.608166	0.236719	-0.0886019	-0.358195	-0.564644	-0.702373	-0.782724	-0.820618	-0.809143	-0.747999	-0.658887	-0.568176	-0.489642	-0.43	
1.20008	1.51308	1.77555	1.97221	2.08401	2.10341	2.02752	1.86349	1.62476	1.33069	0.994743	0.640148	0.30097	0.00580443	-0.239509	-0.432374	-0.5715	-0.667933	-0.729896	-0.744802	-0.706257	-0.638267	-0.568787	-0.51407	-0.477218	
1.14575	1.381	1.56564	1.69639	1.76745	1.7793	1.73201	1.62476	1.46119	1.24555	0.984534	0.694931	0.411221	0.158905	-0.0573196	-0.236768	-0.377821	-0.487859	-0.573746	-0.618694	-0.61658	-0.587647	-0.557797	-0.537427	-0.525426	
1.06349	1.20187	1.30038	1.36575	1.39884	1.40467	1.38237	1.33069	1.24555	1.12423	0.960713	0.762721	0.553551	0.353467	0.166309	-0.00321933	-0.146002	-0.2678	-0.374327	-0.454107	-0.498038	-0.522617	-0.543224	-0.56178	-0.573683	
0.943902	0.97751	0.991373	0.998882	1.00253	1.0031	1.00082	0.994743	0.984534	0.960713	0.908118	0.816782	0.696063	0.556698	0.402769	0.246494	0.102439	-0.0301092	-0.161311	-0.278229	-0.370794	-0.446753	-0.514671	-0.571079	-0.608519	
0.787346	0.721971	0.659172	0.618514	0.598766	0.596236	0.608166	0.640148	0.694931	0.762721	0.816782	0.832902	0.805681	0.73673	0.629426	0.495625	0.355189	0.206626	0.0467627	-0.108601	-0.239812	-0.352376	-0.454541	-0.542332	-0.608182	
0.612634	0.465846	0.339866	0.257159	0.21735	0.211112	0.236719	0.30097	0.411221	0.553551	0.696063	0.805681	0.869053	0.880864	0.835125	0.738831	0.605925	0.442751	0.253227	0.0675654	-0.0897328	-0.224341	-0.348898	-0.462825	-0.553974	
0.435431	0.233617	0.060329	-0.0576822	-0.118231	-0.127569	-0.0886019	0.00580443	0.158905	0.353467	0.556698	0.73673	0.880864	0.974091	0.999968	0.948756	0.834048	0.664651	0.459788	0.255905	0.0828305	-0.0666715	-0.208233	-0.338539	-0.447887	
0.260916	0.0287697	-0.173048	-0.318787	-0.397197	-0.41032	-0.358195	-0.239509	-0.0573196	0.166309	0.402769	0.629426	0.835125	0.999968	1.0911	1.0911	1.00726	0.856104	0.658028	0.452912	0.272021	0.110752	-0.0409787	-0.182005	-0.30323	
0.0956006	-0.146365	-0.360432	-0.520031	-0.609491	-0.624468	-0.564644	-0.432374	-0.236768	-0.00321933	0.246494	0.495625	0.738831	0.948756	1.0911	1.14023	1.10556	0.996343	0.8296	0.63995	0.461758	0.298372	0.13974	-0.0106928	-0.149324	
-0.0476928	-0.288441	-0.500087	-0.658655	-0.746499	-0.76141	-0.702373	-0.5715	-0.377821	-0.146002	0.102439	0.355189	0.605925	0.834048	1.00726	1.10556	1.13002	1.08117	0.964106	0.808508	0.652225	0.496819	0.334043	0.164326	0.00136828	
-0.173639	-0.40338	-0.602625	-0.745374	-0.81993	-0.832166	-0.782724	-0.667933	-0.487859	-0.2678	-0.0301092	0.206626	0.442751	0.664651	0.856104	0.996343	1.08117	1.09819	1.04438	0.94451	0.827972	0.693181	0.525688	0.338041	0.155424	
-0.289102	-0.497601	-0.674418	-0.792617	-0.846884	-0.855065	-0.820618	-0.729896	-0.573746	-0.374327	-0.161311	0.0467627	0.253227	0.459788	0.658028	0.8296	0.964106	1.04438	1.06342	1.03117	0.967072	0.85787	0.697508	0.507362	0.323914	
-0.383325	-0.556036	-0.700767	-0.790863	-0.824934	-0.829653	-0.809143	-0.744802	-0.618694	-0.454107	-0.278229	-0.108601	0.0675654	0.255905	0.452912	0.63995	0.808508	0.94451	1.03117	1.06508	1.04871	0.973224	0.836302	0.666591	0.499086	
-0.44744	-0.571376	-0.67526	-0.736982	-0.755913	-0.757831	-0.747999	-0.706257	-0.61658	-0.498038	-0.370794	-0.239812	-0.0897328	0.0828305	0.272021	0.461758	0.652225	0.827972	0.967072	1.04871	1.07627	1.04141	0.944687	0.808024	0.662107	
-0.493567	-0.563322	-0.620284	-0.654458	-0.661246	-0.662049	-0.658887	-0.638267	-0.587647	-0.522617	-0.446753	-0.352376	-0.224341	-0.0666715	0.110752	0.298372	0.496819	0.693181	0.85787	0.973224	1.04141	1.05496	1.00391	0.902712	0.785016	
-0.534668	-0.552718	-0.564955	-0.569898	-0.5648	-0.563448	-0.568176	-0.568787	-0.557797	-0.543224	-0.514671	-0.454541	-0.348898	-0.208233	-0.0409787	0.13974	0.334043	0.525688	0.697508	0.836302	0.944687	1.00391	0.994149	0.930167	0.844331	
-0.568123	-0.548033	-0.522573	-0.499867	-0.478146	-0.474427	-0.489642	-0.51407	-0.537427	-0.56178	-0.571079	-0.542332	-0.462825	-0.338539	-0.182005	-0.0106928	0.164326	0.338041	0.507362	0.666591	0.808024	0.902712	0.930167	0.901332	0.847205	
-0.590226	-0.544974	-0.496284	-0.448445	-0.409109	-0.401276	-0.43	-0.477218	-0.525426	-0.573683	-0.608519	-0.608182	-0.553974	-0.447887	-0.30323	-0.149324	0.00136828	0.155424	0.323914	0.499086	0.662107	0.785016	0.844331	0.847205	0.815995	
