0.276599	0.382144	0.473108	0.534196	0.557269	0.559306	0.547088	0.502233	0.42124	0.319669	0.213282	0.125782	0.0574381	0.00224213	-0.0427866	-0.0804012	-0.10829	-0.132822	-0.165441	-0.209283	-0.273218	-0.351862	-0.425692	-0.473556	-0.48645	
0.360785	0.469172	0.556476	0.613128	0.631776	0.632687	0.624649	0.583633	0.506943	0.405882	0.292109	0.192226	0.122089	0.0732138	0.031478	-0.0060541	-0.0343219	-0.0556601	-0.0724439	-0.101015	-0.151192	-0.219566	-0.295674	-0.35712	-0.39714	
0.410606	0.530135	0.62529	0.682425	0.708804	0.712723	0.695779	0.652929	0.571643	0.46013	0.338542	0.233371	0.152932	0.100101	0.0632717	0.0381903	0.0180311	0.0142329	0.0170138	0.00564569	-0.0305546	-0.0795965	-0.140579	-0.206619	-0.272343	
0.414594	0.540408	0.648606	0.7179	0.755289	0.762449	0.736145	0.680985	0.587528	0.465013	0.343391	0.237476	0.154303	0.100345	0.0676448	0.0557771	0.0578612	0.0722886	0.0871724	0.0885412	0.0719366	0.0444962	0.00133094	-0.0608759	-0.137294	
0.379375	0.50745	0.628353	0.711277	0.759369	0.768514	0.734335	0.666594	0.55931	0.428996	0.312699	0.216799	0.13953	0.0861973	0.0602955	0.0650261	0.0875949	0.120535	0.148216	0.162105	0.160878	0.149136	0.11951	0.065448	-0.0107287	
0.334038	0.458787	0.575874	0.666408	0.723179	0.732845	0.693593	0.615561	0.508649	0.382446	0.271797	0.18556	0.114463	0.0622489	0.0437415	0.0676473	0.107778	0.154462	0.197879	0.222988	0.232038	0.231113	0.215215	0.170273	0.100907	
0.301546	0.419061	0.524069	0.611315	0.664857	0.674086	0.637345	0.561486	0.463576	0.348066	0.237522	0.149637	0.0856723	0.0407569	0.0315348	0.0655273	0.116322	0.177665	0.233234	0.269102	0.288401	0.294375	0.288137	0.253878	0.197756	
0.284569	0.39192	0.483591	0.561668	0.617009	0.626826	0.588039	0.51596	0.430887	0.328048	0.221945	0.13428	0.0673293	0.0217972	0.0211185	0.0608238	0.123386	0.198362	0.260002	0.294099	0.318512	0.334918	0.337632	0.313479	0.266917	
0.283862	0.388282	0.476439	0.545805	0.593698	0.60255	0.568642	0.505629	0.426455	0.326228	0.221813	0.13127	0.0567034	0.0106108	0.0104495	0.0509376	0.122804	0.203232	0.266953	0.302459	0.325957	0.345389	0.354547	0.337924	0.296331	
0.304763	0.409836	0.50654	0.57542	0.616034	0.624615	0.59517	0.537125	0.451231	0.347337	0.242037	0.143968	0.0550524	-0.00110863	-0.00623617	0.0319239	0.107887	0.190554	0.253902	0.292019	0.314274	0.334426	0.344634	0.330671	0.293063	
0.343115	0.458888	0.571191	0.648803	0.687677	0.693873	0.668688	0.607476	0.505917	0.389336	0.275198	0.168712	0.0701924	0.000571355	-0.01508	0.0153055	0.0832214	0.162857	0.233569	0.27724	0.298273	0.318403	0.325178	0.30247	0.26162	
0.391759	0.525267	0.652599	0.745285	0.790338	0.795772	0.768418	0.695478	0.578026	0.445223	0.313096	0.192752	0.0891192	0.0174081	-0.000903833	0.017674	0.0670295	0.139833	0.216145	0.265332	0.290281	0.306332	0.296357	0.255328	0.203083	
0.43995	0.595903	0.73725	0.843941	0.903235	0.914464	0.873361	0.784908	0.655159	0.50253	0.349461	0.219225	0.117264	0.0511168	0.0290662	0.0406448	0.0807829	0.152191	0.224291	0.27077	0.294255	0.291888	0.2544	0.190582	0.12182	
0.487887	0.660017	0.816056	0.935163	1.01316	1.02727	0.972914	0.867901	0.726024	0.557134	0.38712	0.244263	0.142752	0.0827606	0.0670321	0.078485	0.122409	0.19101	0.255367	0.293166	0.30001	0.270994	0.207117	0.116618	0.0311515	
0.523479	0.714776	0.883509	1.01887	1.10535	1.12181	1.06071	0.941728	0.78667	0.599991	0.413707	0.261559	0.157899	0.0980721	0.0807536	0.106174	0.161537	0.22986	0.288205	0.317506	0.306308	0.246337	0.15529	0.0444148	-0.0538164	
0.537527	0.739633	0.922055	1.06861	1.15929	1.17492	1.11365	0.985301	0.816548	0.618548	0.422652	0.262792	0.148674	0.0783338	0.0639287	0.10152	0.167553	0.242768	0.305447	0.330312	0.307212	0.227976	0.111662	-0.0189211	-0.128036	
0.519401	0.728075	0.922557	1.07475	1.16359	1.17782	1.11839	0.989685	0.809515	0.602116	0.400318	0.230694	0.104023	0.026884	0.0194856	0.0670272	0.142091	0.225205	0.292777	0.322787	0.297558	0.210047	0.0834817	-0.0569872	-0.183862	
0.461701	0.67887	0.881964	1.04154	1.13325	1.14833	1.08794	0.951657	0.764239	0.547665	0.33978	0.162357	0.0279391	-0.0449392	-0.0475012	0.00485961	0.0877167	0.178527	0.257364	0.29573	0.279559	0.199362	0.0766013	-0.0698377	-0.218325	
0.382904	0.601403	0.809251	0.974811	1.07699	1.09541	1.02475	0.881527	0.687827	0.470202	0.257601	0.0734959	-0.0619063	-0.130467	-0.129363	-0.0764515	0.0107041	0.112193	0.204491	0.263118	0.265042	0.205049	0.0901286	-0.0622979	-0.22138	
0.300787	0.517005	0.719091	0.881703	0.984417	1.00235	0.93179	0.790332	0.600786	0.387229	0.172508	-0.0189694	-0.154993	-0.221736	-0.223333	-0.17107	-0.0742498	0.0418752	0.154318	0.235559	0.258646	0.219663	0.121241	-0.0244003	-0.184788	
0.214732	0.424564	0.609945	0.760144	0.858314	0.876328	0.807696	0.674322	0.502423	0.300322	0.0871628	-0.107177	-0.24988	-0.323868	-0.326073	-0.261414	-0.148476	-0.0146576	0.117961	0.217237	0.261935	0.240559	0.153664	0.0230336	-0.120287	
0.122064	0.323158	0.498236	0.630596	0.710264	0.724274	0.669292	0.55719	0.397062	0.204297	-0.00311973	-0.197125	-0.341735	-0.412955	-0.405484	-0.328193	-0.202525	-0.0537716	0.0916629	0.209522	0.268608	0.256242	0.181211	0.0716237	-0.0491773	
0.0228832	0.21898	0.388288	0.511745	0.581044	0.592359	0.546177	0.443795	0.291324	0.103266	-0.099954	-0.291922	-0.434722	-0.498509	-0.472201	-0.375134	-0.233588	-0.0774751	0.0741696	0.197882	0.264923	0.26459	0.210699	0.127226	0.0327134	
-0.0842659	0.113553	0.28225	0.4024	0.461188	0.470584	0.433023	0.337053	0.185782	-0.00338473	-0.206067	-0.394653	-0.530984	-0.578642	-0.535203	-0.421519	-0.275783	-0.118456	0.034534	0.160437	0.239864	0.257425	0.226635	0.171944	0.104072	
-0.19285	-0.00053622	0.169886	0.295075	0.360916	0.371098	0.328311	0.22676	0.0710348	-0.114095	-0.311934	-0.492419	-0.616655	-0.655011	-0.604288	-0.493769	-0.347172	-0.184805	-0.02535	0.114159	0.210268	0.251124	0.242409	0.207083	0.154406	
-0.300259	-0.112509	0.0604677	0.197539	0.273751	0.287025	0.235976	0.121653	-0.0408996	-0.224834	-0.412887	-0.578008	-0.687276	-0.718913	-0.677245	-0.575417	-0.432774	-0.264438	-0.0900022	0.0702482	0.192741	0.255747	0.265555	0.245128	0.200172	
-0.399042	-0.214238	-0.0383467	0.108945	0.199452	0.215384	0.153512	0.025409	-0.142183	-0.324875	-0.506585	-0.660181	-0.757279	-0.785396	-0.748519	-0.65136	-0.50532	-0.331706	-0.14612	0.0305068	0.176171	0.264792	0.296886	0.295081	0.263622	
-0.476913	-0.297129	-0.114591	0.0402284	0.135783	0.152883	0.0864066	-0.046181	-0.223653	-0.406252	-0.579588	-0.725317	-0.817948	-0.846678	-0.813727	-0.715975	-0.561536	-0.374883	-0.178638	0.0165707	0.179667	0.290143	0.345997	0.365331	0.346137	
-0.522625	-0.346634	-0.167931	-0.0170453	0.0745998	0.0905854	0.0280933	-0.102058	-0.274392	-0.453663	-0.621113	-0.765655	-0.861847	-0.896482	-0.868439	-0.764025	-0.594348	-0.394102	-0.18086	0.0278654	0.208468	0.334073	0.40333	0.436665	0.431948	
-0.537603	-0.368645	-0.198463	-0.0609618	0.0187204	0.0319624	-0.0221212	-0.137419	-0.299743	-0.471214	-0.633616	-0.782091	-0.888962	-0.931652	-0.901703	-0.787464	-0.605302	-0.393125	-0.172714	0.0421096	0.227922	0.362151	0.441825	0.486189	0.489259	
-0.538929	-0.372113	-0.203041	-0.0685492	0.00723352	0.019702	-0.0311757	-0.14229	-0.303971	-0.473273	-0.634978	-0.785225	-0.894036	-0.9373	-0.907963	-0.793051	-0.606159	-0.38957	-0.169643	0.0458	0.231067	0.367169	0.450177	0.497279	0.498853	
-0.531652	-0.358661	-0.183711	-0.0377416	0.0497174	0.064848	0.00519055	-0.119928	-0.287788	-0.463747	-0.628567	-0.774008	-0.874615	-0.913298	-0.884443	-0.775219	-0.600586	-0.395992	-0.178311	0.0344732	0.21886	0.348286	0.421371	0.459457	0.459948	
-0.499753	-0.320251	-0.137998	0.0166241	0.111368	0.127988	0.0627974	-0.0698446	-0.24684	-0.429512	-0.600466	-0.744679	-0.837834	-0.867831	-0.837071	-0.737564	-0.577748	-0.385623	-0.182015	0.0192305	0.190079	0.307217	0.369483	0.395545	0.381707	
-0.432868	-0.251118	-0.072219	0.0793935	0.173702	0.190606	0.125185	-0.005967	-0.178704	-0.360329	-0.538652	-0.688733	-0.783357	-0.811596	-0.775987	-0.679543	-0.529955	-0.350954	-0.162928	0.0212344	0.173676	0.272269	0.31452	0.321488	0.294939	
-0.341821	-0.154389	0.018701	0.160098	0.241633	0.255947	0.200883	0.0808807	-0.08278	-0.266609	-0.452206	-0.611897	-0.715375	-0.744404	-0.705617	-0.606438	-0.46468	-0.29519	-0.114591	0.0527092	0.185797	0.258535	0.275988	0.262033	0.222012	
-0.23596	-0.0461458	0.12501	0.2551	0.325951	0.337203	0.290538	0.184002	0.0252353	-0.158664	-0.352827	-0.52743	-0.645872	-0.681993	-0.633544	-0.526726	-0.380784	-0.215202	-0.0506696	0.0962045	0.202184	0.252582	0.25173	0.222085	0.171984	
-0.127799	0.0683211	0.237701	0.358973	0.417562	0.426894	0.389338	0.293432	0.140108	-0.0473797	-0.249026	-0.435558	-0.567614	-0.609579	-0.561607	-0.447394	-0.301658	-0.142796	0.0111395	0.141748	0.226699	0.252746	0.231446	0.186432	0.12598	
-0.0195277	0.177981	0.345992	0.467359	0.533008	0.543393	0.500299	0.400627	0.250185	0.0614097	-0.141638	-0.332191	-0.473332	-0.531913	-0.497542	-0.391998	-0.247227	-0.0907087	0.0620137	0.185616	0.258012	0.264085	0.218879	0.147145	0.0641348	
0.0834517	0.281523	0.453783	0.581706	0.65555	0.668064	0.61795	0.511559	0.354153	0.164468	-0.0405138	-0.233762	-0.378384	-0.447007	-0.432471	-0.348386	-0.216996	-0.0635393	0.0855599	0.20748	0.269348	0.260763	0.193728	0.094201	-0.0171258	
0.178703	0.384653	0.564292	0.707455	0.799271	0.815814	0.751781	0.626143	0.460182	0.263471	0.0518076	-0.143201	-0.286948	-0.361201	-0.361113	-0.29138	-0.172607	-0.0322019	0.105786	0.213104	0.264761	0.24715	0.164112	0.0415272	-0.0928227	
0.266989	0.481727	0.677002	0.836018	0.938393	0.956423	0.88588	0.746151	0.563384	0.353246	0.138548	-0.0542098	-0.193131	-0.263044	-0.264878	-0.208545	-0.106598	0.0167263	0.138755	0.227165	0.259286	0.227785	0.134888	-0.00514879	-0.160784	
0.350467	0.568394	0.775291	0.941171	1.04469	1.063	0.991554	0.847991	0.65397	0.437773	0.223263	0.0355736	-0.0992657	-0.165318	-0.165202	-0.114284	-0.0233289	0.0843206	0.182905	0.251024	0.261264	0.209759	0.101414	-0.0495432	-0.211482	
0.4315	0.650035	0.855416	1.01775	1.11389	1.13046	1.0654	0.926075	0.735938	0.518298	0.308478	0.128624	-0.0071148	-0.0785581	-0.0784415	-0.0244974	0.0591351	0.153094	0.236357	0.282336	0.272881	0.199582	0.0786639	-0.0708609	-0.22412	
0.500371	0.713604	0.911052	1.06645	1.15536	1.1693	1.11082	0.979438	0.796514	0.584543	0.379684	0.206696	0.0762912	0.000571829	-0.00499028	0.0445648	0.123294	0.20979	0.282501	0.314312	0.290998	0.204741	0.0790183	-0.0635524	-0.200658	
0.535273	0.738387	0.926532	1.0763	1.16603	1.18105	1.12044	0.991926	0.816793	0.616764	0.418888	0.254698	0.135113	0.0609046	0.0497555	0.0916935	0.160644	0.239388	0.30247	0.329527	0.304731	0.220472	0.0973236	-0.0381556	-0.152802	
0.531782	0.729823	0.903213	1.04381	1.13339	1.15018	1.08754	0.963484	0.803798	0.610943	0.419505	0.264759	0.157335	0.0943299	0.0775308	0.108541	0.168211	0.238301	0.299074	0.325392	0.307669	0.238535	0.136632	0.0175965	-0.0847391	
0.50452	0.683157	0.845121	0.970685	1.05315	1.06792	1.0102	0.899716	0.75198	0.575944	0.400216	0.252742	0.150592	0.0922858	0.0768369	0.0917757	0.140317	0.208466	0.269307	0.303279	0.302381	0.260451	0.185979	0.0871965	-0.00387663	
0.459853	0.622546	0.769378	0.880709	0.948104	0.961502	0.913678	0.818547	0.684304	0.525462	0.365051	0.229599	0.128233	0.0648086	0.0445661	0.0557616	0.0955815	0.165184	0.234487	0.278945	0.297003	0.284625	0.236043	0.16067	0.0861614	
0.411486	0.553977	0.687106	0.785414	0.835531	0.84192	0.810942	0.73192	0.609858	0.468299	0.327182	0.202649	0.0995587	0.0295967	0.00955905	0.0237361	0.0686047	0.140356	0.216093	0.263916	0.290837	0.301526	0.280902	0.231811	0.172585	
0.36221	0.483597	0.601967	0.685659	0.726182	0.732231	0.706808	0.640953	0.53278	0.410721	0.290798	0.178884	0.0774107	0.00494039	-0.0118629	0.0139227	0.0735993	0.150704	0.224796	0.271814	0.293871	0.312525	0.314408	0.285054	0.241668	
