-0.107184	-0.051561	-0.0131361	0.0114082	0.0208607	0.0168206	0.000376382	-0.00235613	0.0387998	0.135739	0.26508	0.398039	0.525704	0.647253	0.757787	0.838192	0.879724	0.872968	0.822477	0.747236	0.637542	0.505901	0.369907	0.253849	0.166855	
-0.190912	-0.143577	-0.11215	-0.0990743	-0.100732	-0.105472	-0.113926	-0.11463	-0.0735629	0.0228867	0.150976	0.286126	0.417827	0.54194	0.655455	0.737804	0.784383	0.783599	0.736381	0.654887	0.551649	0.436974	0.318	0.211421	0.133793	
-0.280889	-0.242891	-0.220955	-0.214261	-0.213486	-0.210486	-0.202914	-0.187244	-0.138607	-0.0417109	0.0860163	0.218119	0.344797	0.462513	0.559933	0.633529	0.673346	0.670002	0.623109	0.541962	0.442368	0.34266	0.244083	0.153357	0.0921186	
-0.359977	-0.330588	-0.318139	-0.315279	-0.304085	-0.283349	-0.254689	-0.21928	-0.154301	-0.0514059	0.0687979	0.193568	0.315176	0.415151	0.488633	0.540647	0.563454	0.549196	0.497754	0.413167	0.314755	0.223402	0.142463	0.0743125	0.0346735	
-0.431952	-0.405661	-0.393035	-0.388767	-0.369129	-0.333162	-0.291547	-0.23831	-0.152772	-0.0378555	0.082334	0.196974	0.303747	0.385429	0.430944	0.455375	0.459242	0.432551	0.375043	0.282566	0.17905	0.0868959	0.0169001	-0.0304871	-0.0482477	
-0.487161	-0.462807	-0.452538	-0.446639	-0.425291	-0.377811	-0.321773	-0.249484	-0.148671	-0.0279468	0.0912527	0.194174	0.284091	0.351932	0.375682	0.374903	0.353856	0.31247	0.244587	0.150689	0.0449176	-0.0467979	-0.108586	-0.142595	-0.141446	
-0.506302	-0.486183	-0.479582	-0.47606	-0.457121	-0.407742	-0.343823	-0.256867	-0.145402	-0.0286395	0.0818147	0.175724	0.246253	0.296591	0.306494	0.285475	0.245067	0.192591	0.118252	0.0264069	-0.0667344	-0.1467	-0.198929	-0.21867	-0.204215	
-0.487905	-0.47461	-0.475004	-0.480079	-0.467436	-0.417115	-0.349299	-0.259592	-0.149161	-0.0414543	0.0561938	0.137164	0.194686	0.229284	0.223359	0.185933	0.131092	0.0685131	-0.00623051	-0.0856305	-0.15403	-0.20715	-0.238608	-0.246015	-0.223593	
-0.441477	-0.45121	-0.465829	-0.480109	-0.472053	-0.42451	-0.356515	-0.270778	-0.169533	-0.0712534	0.0158617	0.0827221	0.121203	0.141732	0.128195	0.0830257	0.022854	-0.0422191	-0.116228	-0.178843	-0.219434	-0.24441	-0.249056	-0.240431	-0.216599	
-0.382387	-0.430896	-0.469229	-0.495313	-0.489743	-0.445126	-0.376217	-0.298218	-0.207293	-0.116259	-0.0392129	0.015766	0.0399743	0.045693	0.0274082	-0.0121877	-0.0700008	-0.134724	-0.199352	-0.244218	-0.260739	-0.262159	-0.24519	-0.222211	-0.197029	
-0.305867	-0.400929	-0.47324	-0.514428	-0.518108	-0.47902	-0.414814	-0.342336	-0.260094	-0.17532	-0.104476	-0.0558693	-0.0410029	-0.0505174	-0.0748112	-0.116875	-0.173267	-0.228897	-0.27714	-0.295776	-0.284828	-0.263639	-0.232212	-0.200505	-0.177753	
-0.225976	-0.36624	-0.471003	-0.538265	-0.560216	-0.528285	-0.465797	-0.394615	-0.318979	-0.24414	-0.181804	-0.141696	-0.133195	-0.151106	-0.182795	-0.231201	-0.281682	-0.321428	-0.34082	-0.325728	-0.291405	-0.248532	-0.204135	-0.170861	-0.149316	
-0.161701	-0.33871	-0.470228	-0.56242	-0.607191	-0.587994	-0.529307	-0.455972	-0.386544	-0.330253	-0.280661	-0.243904	-0.23867	-0.254847	-0.286913	-0.332643	-0.37381	-0.38759	-0.369917	-0.324548	-0.266376	-0.205572	-0.155626	-0.12228	-0.105078	
-0.115346	-0.320855	-0.479458	-0.588786	-0.650162	-0.646638	-0.5944	-0.522094	-0.458971	-0.41426	-0.374759	-0.341673	-0.328903	-0.336315	-0.359329	-0.393799	-0.41737	-0.406412	-0.359952	-0.289934	-0.21328	-0.140484	-0.08693	-0.057301	-0.0441257	
-0.0738171	-0.299079	-0.480389	-0.610875	-0.681602	-0.686751	-0.642104	-0.579272	-0.521822	-0.478654	-0.442019	-0.406681	-0.380906	-0.367297	-0.369632	-0.383088	-0.386445	-0.362924	-0.306781	-0.227019	-0.139734	-0.0593078	-0.00139214	0.0268616	0.0347322	
-0.0208369	-0.252262	-0.454127	-0.60586	-0.692285	-0.705913	-0.665425	-0.608188	-0.553783	-0.507117	-0.459866	-0.416189	-0.376469	-0.33893	-0.316697	-0.302104	-0.285562	-0.255757	-0.204346	-0.12756	-0.0378928	0.043407	0.104244	0.129567	0.130234	
0.0508001	-0.187791	-0.406704	-0.574709	-0.673393	-0.694115	-0.654621	-0.590288	-0.525508	-0.46507	-0.406454	-0.355394	-0.306633	-0.254923	-0.214964	-0.175165	-0.138806	-0.106076	-0.0621812	0.00178811	0.0795374	0.153146	0.209978	0.230736	0.220964	
0.140294	-0.100956	-0.331363	-0.50507	-0.602861	-0.627599	-0.592307	-0.51736	-0.43153	-0.347761	-0.281988	-0.233177	-0.183038	-0.128436	-0.0756938	-0.0165099	0.0306628	0.0667554	0.103746	0.147614	0.200528	0.255192	0.292682	0.301772	0.279901	
0.24002	0.00613781	-0.221712	-0.391445	-0.486105	-0.508129	-0.475551	-0.393938	-0.290842	-0.190967	-0.113202	-0.0635151	-0.0149861	0.0417758	0.103495	0.167756	0.213252	0.245266	0.26933	0.291108	0.312131	0.330009	0.334281	0.318097	0.27853	
0.363648	0.140383	-0.0762469	-0.242558	-0.33484	-0.352914	-0.319775	-0.23611	-0.127498	-0.0249476	0.0601557	0.124067	0.177182	0.237025	0.297174	0.355681	0.392501	0.413154	0.422061	0.414003	0.392202	0.362984	0.322359	0.273992	0.218735	
0.507579	0.298786	0.0900691	-0.0706141	-0.165133	-0.188055	-0.152488	-0.0718704	0.0358164	0.138162	0.222851	0.298951	0.367478	0.430336	0.483456	0.528349	0.551731	0.55467	0.53916	0.491199	0.423284	0.348098	0.26991	0.196745	0.131505	
0.65099	0.458475	0.26227	0.103428	0.00394662	-0.034233	-0.0133898	0.0561728	0.158074	0.263388	0.35898	0.450271	0.530437	0.594562	0.642154	0.667106	0.675874	0.659684	0.608288	0.523097	0.41456	0.299033	0.198295	0.114085	0.0403045	
0.772831	0.597904	0.416373	0.25068	0.133527	0.0709817	0.0702523	0.123328	0.217746	0.329846	0.439943	0.548268	0.646239	0.718841	0.767682	0.779759	0.767207	0.722738	0.633697	0.523174	0.395491	0.260373	0.145694	0.053819	-0.032716	
0.859054	0.700555	0.515358	0.343527	0.210037	0.121128	0.0945356	0.136029	0.227524	0.343106	0.467804	0.592119	0.704137	0.789372	0.839054	0.84914	0.824364	0.76047	0.652392	0.526409	0.390941	0.250814	0.126952	0.0296395	-0.0602216	
0.884012	0.747615	0.567392	0.384404	0.228032	0.114985	0.0741593	0.10696	0.192919	0.313647	0.446182	0.582146	0.710417	0.80665	0.860911	0.873195	0.847605	0.773212	0.666346	0.536197	0.399755	0.269723	0.15154	0.0557712	-0.0264345	
0.833072	0.725192	0.565448	0.374715	0.194004	0.0575044	0.000478589	0.0240748	0.10888	0.231704	0.371741	0.525229	0.667635	0.773514	0.842006	0.861977	0.839857	0.773808	0.67471	0.55193	0.421326	0.303914	0.207511	0.125219	0.0597873	
0.72923	0.6384	0.496657	0.310804	0.116698	-0.0423943	-0.118235	-0.102732	-0.0145095	0.11125	0.261199	0.430856	0.591387	0.713177	0.800132	0.829561	0.811041	0.757373	0.674191	0.571141	0.457913	0.35419	0.276448	0.212601	0.166231	
0.615815	0.532659	0.394635	0.20808	0.010647	-0.158367	-0.243519	-0.229226	-0.141579	-0.00799668	0.154385	0.333105	0.505324	0.644487	0.737619	0.778859	0.766465	0.724239	0.671087	0.600289	0.507414	0.419385	0.34875	0.299121	0.269972	
0.518191	0.439809	0.292637	0.10428	-0.0943415	-0.261768	-0.343515	-0.328911	-0.246332	-0.10684	0.0718844	0.259452	0.439031	0.584679	0.677949	0.723157	0.718874	0.692074	0.666855	0.623987	0.550778	0.472459	0.411186	0.377934	0.365763	
0.460684	0.380743	0.229641	0.0404741	-0.157798	-0.326561	-0.409699	-0.396367	-0.315382	-0.171504	0.0176436	0.217354	0.402427	0.547715	0.640321	0.682475	0.68843	0.676476	0.665546	0.639519	0.577871	0.503233	0.457226	0.439399	0.435441	
0.45144	0.3701	0.218891	0.0295066	-0.168374	-0.337976	-0.422415	-0.409486	-0.328642	-0.182879	0.00703045	0.209445	0.396803	0.54097	0.633484	0.675368	0.682851	0.674583	0.665969	0.64257	0.582438	0.508509	0.466221	0.451376	0.449262	
0.489332	0.411312	0.260995	0.0720545	-0.125987	-0.293703	-0.374672	-0.360455	-0.279569	-0.137838	0.0461282	0.238355	0.420926	0.56672	0.659391	0.703664	0.703836	0.683508	0.66617	0.631657	0.564046	0.487599	0.432549	0.406249	0.398667	
0.573386	0.49256	0.351886	0.164153	-0.0339722	-0.202624	-0.287278	-0.272433	-0.186555	-0.050846	0.118427	0.300581	0.475532	0.618712	0.712179	0.755899	0.746553	0.709588	0.669245	0.610894	0.526643	0.443479	0.375025	0.331774	0.30949	
0.683821	0.595612	0.457983	0.273127	0.0762325	-0.0879889	-0.169919	-0.156158	-0.0669377	0.0617999	0.216015	0.389864	0.55624	0.68583	0.776845	0.811618	0.79503	0.745346	0.672928	0.582126	0.476945	0.379563	0.305483	0.247744	0.208144	
0.795671	0.696621	0.54462	0.355119	0.168043	0.0213702	-0.043736	-0.0237885	0.0624477	0.185694	0.329997	0.490889	0.639374	0.751506	0.827834	0.850677	0.830734	0.769759	0.676089	0.559188	0.434553	0.32223	0.234028	0.159879	0.101839	
0.872158	0.747285	0.574707	0.38675	0.219406	0.0973832	0.0519822	0.0808551	0.165568	0.287364	0.422093	0.564734	0.699097	0.798803	0.857595	0.871813	0.847575	0.774045	0.670345	0.541248	0.405927	0.281316	0.170788	0.0796053	0.00341472	
0.878301	0.727284	0.541271	0.36635	0.224665	0.125757	0.0918426	0.130199	0.219592	0.336807	0.46563	0.594478	0.712648	0.80265	0.852965	0.863723	0.837617	0.768982	0.659332	0.530403	0.393416	0.255525	0.132053	0.0338431	-0.0535803	
0.812576	0.644452	0.462611	0.294365	0.170583	0.0973257	0.0861211	0.133667	0.226786	0.340355	0.457037	0.571377	0.676407	0.753843	0.803732	0.813637	0.794409	0.739756	0.640527	0.52226	0.391376	0.252958	0.133758	0.0389847	-0.0509568	
0.702779	0.517635	0.328872	0.167296	0.062333	0.0149261	0.0274565	0.090592	0.188778	0.29781	0.398595	0.496747	0.583387	0.649506	0.696655	0.715766	0.716424	0.689634	0.622107	0.525728	0.406129	0.280108	0.173565	0.0858725	0.00731811	
0.56704	0.364567	0.159068	0.00100982	-0.0951667	-0.123463	-0.0911743	-0.0140943	0.0924089	0.194666	0.281615	0.363592	0.437146	0.500416	0.55132	0.587808	0.605783	0.601659	0.572763	0.50883	0.423498	0.330408	0.241903	0.1629	0.0942379	
0.419403	0.201206	-0.0116383	-0.176019	-0.268701	-0.287402	-0.252285	-0.169333	-0.0600849	0.0421044	0.127094	0.196431	0.255014	0.316438	0.373612	0.427281	0.45961	0.473427	0.47422	0.451161	0.41033	0.362037	0.305	0.245037	0.185348	
0.28604	0.0566195	-0.166691	-0.335191	-0.429086	-0.449036	-0.416734	-0.333483	-0.227698	-0.125408	-0.0428618	0.0106771	0.0609719	0.118415	0.180679	0.244135	0.286081	0.314347	0.333295	0.343999	0.349418	0.349338	0.335985	0.306401	0.260614	
0.178887	-0.0604306	-0.292326	-0.464774	-0.560758	-0.585531	-0.551789	-0.473013	-0.379073	-0.287293	-0.216823	-0.169345	-0.12076	-0.0652119	-0.00794409	0.0546699	0.103438	0.138676	0.171356	0.206601	0.24767	0.289218	0.315156	0.316179	0.287177	
0.0849788	-0.156236	-0.380829	-0.552027	-0.651814	-0.674464	-0.636299	-0.568271	-0.495476	-0.425474	-0.364862	-0.313109	-0.263158	-0.209611	-0.163488	-0.115127	-0.0736264	-0.0390429	0.00232815	0.0588032	0.127277	0.195358	0.246472	0.264308	0.249922	
0.00547806	-0.228214	-0.437339	-0.596438	-0.689661	-0.706412	-0.666108	-0.607644	-0.550988	-0.500072	-0.447568	-0.400564	-0.356356	-0.311003	-0.281097	-0.25536	-0.230761	-0.199309	-0.150817	-0.078018	0.00797668	0.0877523	0.148692	0.172432	0.16907	
-0.054384	-0.28392	-0.473322	-0.613082	-0.688729	-0.696823	-0.65494	-0.595323	-0.53955	-0.496414	-0.456422	-0.418202	-0.38695	-0.362737	-0.3554	-0.35844	-0.353131	-0.327348	-0.271327	-0.192239	-0.102766	-0.020754	0.0385855	0.0661733	0.0714925	
-0.0989785	-0.314279	-0.482401	-0.599489	-0.664676	-0.664767	-0.616222	-0.547021	-0.486055	-0.442775	-0.405713	-0.37275	-0.354868	-0.355866	-0.371644	-0.399225	-0.41454	-0.397377	-0.344181	-0.268333	-0.186021	-0.109886	-0.0546256	-0.0260093	-0.0151827	
-0.141604	-0.330301	-0.473173	-0.572374	-0.625587	-0.613214	-0.556312	-0.482195	-0.416034	-0.365232	-0.320446	-0.285177	-0.27888	-0.291581	-0.321306	-0.363692	-0.399014	-0.401611	-0.371314	-0.31448	-0.247787	-0.181982	-0.13056	-0.0979745	-0.083039	
-0.198017	-0.353767	-0.469651	-0.547719	-0.579016	-0.551181	-0.490055	-0.418665	-0.344424	-0.277344	-0.219642	-0.181878	-0.174673	-0.193491	-0.226029	-0.274672	-0.322295	-0.352262	-0.356566	-0.329625	-0.285527	-0.234487	-0.187428	-0.153707	-0.133081	
-0.272966	-0.387618	-0.473061	-0.523775	-0.532779	-0.497013	-0.433463	-0.361755	-0.283241	-0.201332	-0.133258	-0.0874265	-0.0755491	-0.0889437	-0.117886	-0.16283	-0.217056	-0.267485	-0.305954	-0.310702	-0.290701	-0.260188	-0.22305	-0.190685	-0.168168	
