0.430872	0.462045	0.482842	0.48517	0.47623	0.471905	0.482146	0.486345	0.47236	0.443985	0.410199	0.370057	0.330184	0.295784	0.272546	0.26312	0.248655	0.233026	0.238344	0.270566	0.322201	0.397936	0.483507	0.55884	0.602227	
0.315326	0.318486	0.309552	0.2908	0.273139	0.268988	0.282922	0.303211	0.315959	0.318107	0.306742	0.280806	0.251846	0.224872	0.206614	0.192631	0.170417	0.15185	0.157213	0.192489	0.262526	0.35946	0.458537	0.547739	0.601729	
0.204196	0.180735	0.146837	0.107623	0.0866611	0.0809023	0.097241	0.129878	0.169075	0.195864	0.212322	0.211637	0.194486	0.175361	0.155618	0.137445	0.112496	0.0957467	0.0983861	0.13441	0.209925	0.309724	0.417679	0.517819	0.580877	
0.117225	0.0687187	0.0159071	-0.0301088	-0.0522896	-0.0551023	-0.0418722	-0.00485394	0.047464	0.0998299	0.137045	0.152544	0.149571	0.135853	0.112546	0.0829584	0.0550254	0.0310401	0.0267162	0.0621667	0.138878	0.244849	0.360932	0.464193	0.531713	
0.0609519	-5.7832e-05	-0.0652187	-0.114984	-0.140037	-0.145073	-0.127144	-0.0883179	-0.0267286	0.0385533	0.0865293	0.111226	0.114136	0.0990925	0.0675502	0.0326375	-0.00194694	-0.0277597	-0.034454	-0.00365712	0.0648712	0.170315	0.289711	0.389448	0.461363	
0.0400736	-0.020577	-0.0898234	-0.148893	-0.183782	-0.190937	-0.165658	-0.115565	-0.0482938	0.0180452	0.0655129	0.0892214	0.0845841	0.0597887	0.0234581	-0.0148386	-0.0490304	-0.0698512	-0.0739944	-0.0491207	0.00762755	0.100626	0.207909	0.295828	0.369114	
0.0508178	0.0045387	-0.0650802	-0.133348	-0.174136	-0.181618	-0.152833	-0.0948395	-0.0212261	0.0356394	0.0678407	0.0773634	0.0602046	0.0243997	-0.0216531	-0.0620335	-0.0884167	-0.100618	-0.102965	-0.0854591	-0.0434793	0.0299763	0.114594	0.18833	0.252757	
0.0758161	0.0429883	-0.0132659	-0.0822918	-0.134875	-0.144204	-0.106762	-0.0409958	0.0230027	0.0654981	0.0843503	0.074981	0.0408031	-0.00203362	-0.0465378	-0.0874231	-0.109652	-0.117862	-0.117942	-0.105558	-0.0800978	-0.0311907	0.0292343	0.0820568	0.125149	
0.106011	0.090976	0.0402246	-0.0275128	-0.0757131	-0.0846575	-0.0506256	0.012973	0.0747826	0.103613	0.102538	0.0771647	0.0343328	-0.0164724	-0.0650028	-0.0998409	-0.1162	-0.122887	-0.119409	-0.109023	-0.0950945	-0.0662325	-0.0298687	-0.00431473	0.0102739	
0.139647	0.128158	0.0846165	0.0269955	-0.0166469	-0.0250708	0.00657459	0.0616868	0.113436	0.13899	0.130145	0.0871307	0.0249495	-0.0375081	-0.0860278	-0.113072	-0.120563	-0.119221	-0.110138	-0.104288	-0.0949984	-0.0740817	-0.0543228	-0.0485111	-0.0591118	
0.155506	0.14819	0.108874	0.059258	0.0240036	0.0185578	0.0418907	0.0889768	0.135334	0.157553	0.141017	0.0854344	0.0103669	-0.0603319	-0.103793	-0.12299	-0.125153	-0.114726	-0.0951935	-0.0773053	-0.0581378	-0.0390344	-0.0325392	-0.04276	-0.0765647	
0.140888	0.13578	0.106014	0.0738905	0.055834	0.052474	0.0647493	0.0925551	0.12583	0.143125	0.125815	0.069547	-0.01062	-0.0862663	-0.130303	-0.140297	-0.130937	-0.106325	-0.0662761	-0.0215766	0.0173966	0.0364296	0.0336756	0.00783919	-0.0476733	
0.104673	0.110691	0.0998904	0.0864299	0.07645	0.0745376	0.0821291	0.0940832	0.1074	0.110705	0.0857569	0.0274394	-0.051235	-0.122167	-0.161151	-0.159468	-0.135713	-0.0862335	-0.0192375	0.0507552	0.104855	0.127804	0.123151	0.0870467	0.0166358	
0.0587648	0.0880899	0.0992296	0.0985626	0.0932636	0.092175	0.096034	0.0999348	0.0944169	0.0733101	0.0299338	-0.0337124	-0.111261	-0.177479	-0.198414	-0.173067	-0.123649	-0.0521741	0.0348449	0.123274	0.187875	0.215747	0.21315	0.180736	0.103734	
0.000662982	0.0536886	0.08628	0.0958869	0.0914894	0.0883946	0.0951392	0.0923777	0.0697363	0.0231523	-0.0355725	-0.0983945	-0.162716	-0.212282	-0.222515	-0.177552	-0.104821	-0.0104308	0.0921736	0.193963	0.266085	0.295734	0.297814	0.268481	0.196134	
-0.0462043	0.0188881	0.0662876	0.0822966	0.0783689	0.0764184	0.0824132	0.076338	0.0409042	-0.0193099	-0.0858566	-0.145958	-0.200248	-0.235222	-0.23072	-0.175578	-0.0901683	0.0155555	0.127475	0.233756	0.31433	0.356377	0.368734	0.349359	0.282573	
-0.0696113	0.00214357	0.0491184	0.0635535	0.061425	0.059821	0.0630559	0.058725	0.0254254	-0.0397631	-0.113034	-0.178434	-0.230024	-0.258295	-0.241222	-0.172852	-0.0773759	0.0259159	0.131785	0.237538	0.324009	0.380004	0.405453	0.4002	0.345081	
-0.0853053	-0.0128865	0.0343398	0.0507558	0.0529175	0.0515536	0.053189	0.0442483	0.00931466	-0.054824	-0.132929	-0.210764	-0.267037	-0.283297	-0.254907	-0.179965	-0.0806414	0.0236329	0.126428	0.224538	0.310994	0.372376	0.406958	0.411726	0.377512	
-0.113026	-0.034104	0.0229791	0.058069	0.0806437	0.0855965	0.0682886	0.0394167	-0.00856849	-0.0790096	-0.165744	-0.251939	-0.311595	-0.325454	-0.286391	-0.204923	-0.101894	0.00604717	0.115217	0.211169	0.292252	0.352661	0.388076	0.404007	0.39046	
-0.144346	-0.0489801	0.0311729	0.0941724	0.138148	0.145443	0.114691	0.0587406	-0.0153769	-0.105148	-0.205738	-0.306452	-0.373632	-0.383972	-0.337922	-0.250013	-0.135851	-0.0149792	0.100306	0.19476	0.270839	0.329497	0.36916	0.39479	0.390868	
-0.17063	-0.0485303	0.059992	0.146266	0.201967	0.212688	0.173066	0.097404	-0.0037003	-0.120158	-0.245408	-0.360784	-0.432459	-0.441835	-0.393918	-0.30007	-0.175572	-0.0401259	0.0819648	0.172064	0.243868	0.304566	0.351733	0.377506	0.378628	
-0.187549	-0.0450818	0.0891024	0.199064	0.269071	0.281614	0.232578	0.136931	0.0104047	-0.130224	-0.270464	-0.388836	-0.463725	-0.479798	-0.435886	-0.343424	-0.21563	-0.0741001	0.0511474	0.139692	0.209927	0.271811	0.318806	0.345352	0.347512	
-0.197565	-0.0375888	0.116408	0.239103	0.307632	0.319308	0.273626	0.170784	0.0259825	-0.134545	-0.284682	-0.40272	-0.470054	-0.483406	-0.446942	-0.36389	-0.241145	-0.103496	0.010312	0.0943978	0.165388	0.230156	0.276093	0.294293	0.29305	
-0.200846	-0.036214	0.120833	0.245757	0.317437	0.330317	0.281653	0.175811	0.0289767	-0.135439	-0.291357	-0.406757	-0.46884	-0.474892	-0.430886	-0.346751	-0.237089	-0.118575	-0.0203816	0.0536683	0.122412	0.182061	0.218919	0.223641	0.219913	
-0.212452	-0.0457389	0.112851	0.239837	0.310567	0.322666	0.27532	0.169123	0.020411	-0.146787	-0.302706	-0.415542	-0.467999	-0.459191	-0.401526	-0.316596	-0.220153	-0.122143	-0.0395592	0.0309793	0.0935317	0.139944	0.157199	0.150559	0.142738	
-0.22753	-0.0598662	0.10042	0.232003	0.309323	0.323036	0.27076	0.157853	0.00608073	-0.161576	-0.318307	-0.430994	-0.47478	-0.449208	-0.37675	-0.286689	-0.196905	-0.110758	-0.0373904	0.0281106	0.0825541	0.112205	0.114663	0.0999599	0.0901216	
-0.24146	-0.0706955	0.095163	0.23412	0.320581	0.336576	0.275951	0.155216	-0.00261589	-0.174228	-0.333725	-0.44574	-0.488141	-0.457521	-0.371704	-0.267024	-0.174883	-0.0946059	-0.0217331	0.0399073	0.0838472	0.100352	0.0954852	0.0796002	0.0668713	
-0.253554	-0.0746962	0.103022	0.24933	0.338769	0.353775	0.293214	0.167198	-0.00213706	-0.184628	-0.346771	-0.460045	-0.50155	-0.46922	-0.381362	-0.269622	-0.164114	-0.0765777	-0.00585862	0.0514295	0.0907737	0.102407	0.0927436	0.0785129	0.0555404	
-0.26479	-0.0785224	0.111939	0.266719	0.36101	0.378033	0.312565	0.179903	-0.000839757	-0.193079	-0.356993	-0.465374	-0.506797	-0.484679	-0.403087	-0.281827	-0.162075	-0.0659078	0.00803696	0.0607808	0.0945255	0.103567	0.0954924	0.0797241	0.0516785	
-0.269962	-0.0803826	0.117686	0.276858	0.374549	0.390767	0.324127	0.188364	0.000428541	-0.198135	-0.362318	-0.467651	-0.511741	-0.496337	-0.419131	-0.292131	-0.16015	-0.056393	0.0172806	0.0631322	0.0938444	0.103355	0.0973825	0.0837873	0.0503552	
-0.273159	-0.0802679	0.121528	0.280839	0.373513	0.389041	0.326686	0.19283	0.00225527	-0.200066	-0.364117	-0.469385	-0.511633	-0.496891	-0.422243	-0.295774	-0.159383	-0.0529776	0.0181635	0.0630996	0.0925858	0.10361	0.0975661	0.0854384	0.0495364	
-0.266192	-0.0799714	0.112995	0.270663	0.369637	0.387267	0.3183	0.182328	-0.00123211	-0.19495	-0.358673	-0.465705	-0.509567	-0.491152	-0.411094	-0.286142	-0.161259	-0.062105	0.0126575	0.0622958	0.0946586	0.103113	0.0963922	0.0808527	0.0514968	
-0.259137	-0.0763782	0.10787	0.257316	0.347463	0.362745	0.301466	0.173627	-0.00104338	-0.188815	-0.352059	-0.463048	-0.504515	-0.475188	-0.389642	-0.27406	-0.163113	-0.0725294	0.000184178	0.0561092	0.0928553	0.10337	0.0941784	0.0786676	0.0535156	
-0.2461	-0.0732284	0.0964635	0.2384	0.326674	0.342844	0.281452	0.157964	-0.00390537	-0.178694	-0.338562	-0.452182	-0.494148	-0.46135	-0.373494	-0.265978	-0.168035	-0.0855079	-0.014961	0.0448404	0.0867401	0.100548	0.0927484	0.0779364	0.0615327	
-0.233398	-0.0647945	0.0974707	0.231925	0.313428	0.328282	0.271969	0.155894	0.00224958	-0.167014	-0.324727	-0.436254	-0.479742	-0.451819	-0.37318	-0.276496	-0.188335	-0.106353	-0.0322874	0.0318761	0.0810491	0.104808	0.10466	0.0881852	0.0787057	
-0.218386	-0.0513888	0.107915	0.23557	0.307545	0.319626	0.271923	0.164271	0.0144388	-0.152804	-0.308988	-0.421713	-0.469613	-0.452285	-0.389029	-0.304049	-0.21041	-0.117785	-0.0405719	0.027507	0.0877919	0.127346	0.137052	0.12649	0.117327	
-0.205034	-0.0388054	0.119155	0.245053	0.315335	0.32816	0.280266	0.174515	0.0270287	-0.139195	-0.294993	-0.409414	-0.467777	-0.469643	-0.420408	-0.335477	-0.231718	-0.122092	-0.030701	0.0423343	0.108187	0.163813	0.193058	0.193266	0.187767	
-0.198331	-0.0357374	0.120417	0.244464	0.315336	0.327043	0.280091	0.175565	0.0289751	-0.134038	-0.287685	-0.404602	-0.470424	-0.480928	-0.442609	-0.359819	-0.24274	-0.111518	-0.00314014	0.0764421	0.147751	0.211093	0.255005	0.267674	0.265315	
-0.193518	-0.0424573	0.102125	0.218932	0.287749	0.299919	0.25279	0.153289	0.0170437	-0.133161	-0.27767	-0.39617	-0.467746	-0.484429	-0.444676	-0.356591	-0.228615	-0.0865821	0.0351495	0.122903	0.192807	0.256322	0.302675	0.328139	0.328518	
-0.177132	-0.0473166	0.0704843	0.167128	0.231138	0.243049	0.197451	0.112218	0.00127188	-0.124139	-0.256469	-0.374893	-0.449773	-0.461624	-0.413271	-0.317865	-0.192099	-0.0532856	0.0712492	0.160669	0.23202	0.292598	0.340479	0.366801	0.368806	
-0.156824	-0.0500776	0.0421351	0.114563	0.162623	0.170847	0.137596	0.0737935	-0.0117423	-0.112685	-0.223382	-0.329772	-0.398292	-0.407552	-0.360829	-0.270572	-0.151821	-0.0242174	0.0943134	0.186638	0.26022	0.319681	0.362826	0.389059	0.387576	
-0.124387	-0.0418455	0.0222996	0.0689803	0.102358	0.109068	0.0840817	0.043207	-0.0143537	-0.0895132	-0.180533	-0.27237	-0.335108	-0.347845	-0.305448	-0.221678	-0.1138	-0.00183598	0.109203	0.204746	0.284304	0.343181	0.37984	0.40067	0.391874	
-0.0958847	-0.0208795	0.028969	0.0507862	0.058368	0.0588474	0.0551561	0.0406412	0.00253158	-0.063982	-0.144879	-0.225663	-0.283227	-0.29783	-0.264645	-0.186913	-0.0876398	0.0180198	0.123095	0.219596	0.303432	0.365301	0.400649	0.409335	0.3848	
-0.075003	-0.002838	0.0430535	0.0562491	0.0554104	0.053679	0.0568161	0.0520509	0.0195923	-0.0445771	-0.12097	-0.191167	-0.243811	-0.266629	-0.245613	-0.174261	-0.0756105	0.0273228	0.130044	0.232464	0.320765	0.379783	0.410156	0.408592	0.361157	
-0.0584647	0.00999956	0.0594034	0.0763671	0.0722032	0.070528	0.0756868	0.0702134	0.0336553	-0.0302248	-0.098775	-0.159767	-0.212222	-0.24519	-0.234695	-0.174516	-0.0850412	0.0204647	0.131507	0.238882	0.321706	0.370691	0.388035	0.374328	0.311351	
-0.0207099	0.0388551	0.077982	0.0902688	0.0865614	0.0833796	0.0904396	0.0854029	0.0575042	0.00415682	-0.0588207	-0.120335	-0.179545	-0.221213	-0.226427	-0.176428	-0.0979798	0.00316954	0.11078	0.215362	0.29097	0.323494	0.328914	0.302259	0.232239	
0.0363228	0.075838	0.0965999	0.100266	0.0950145	0.093171	0.0978821	0.0996664	0.0864205	0.0544038	0.00382685	-0.0603963	-0.133921	-0.195234	-0.210851	-0.176408	-0.116193	-0.0355382	0.0579275	0.152498	0.219979	0.249007	0.24799	0.217093	0.141208	
0.0878162	0.101373	0.0992082	0.0918495	0.0848372	0.0834676	0.0891463	0.096436	0.101623	0.0964228	0.0656291	0.00499459	-0.074439	-0.143184	-0.175623	-0.165527	-0.133163	-0.074519	0.00174682	0.0801485	0.139264	0.163838	0.159298	0.123524	0.0492315	
0.127563	0.125863	0.102847	0.078242	0.064859	0.0621577	0.0715052	0.092118	0.11811	0.130829	0.111956	0.0560069	-0.0236957	-0.0985397	-0.142143	-0.148264	-0.133913	-0.0995478	-0.0484759	0.00665256	0.051797	0.0726595	0.06827	0.0370812	-0.0250002	
0.153847	0.146704	0.110424	0.0664665	0.0376689	0.0329973	0.0520929	0.0927804	0.134566	0.155677	0.138091	0.0812705	0.00291074	-0.0701189	-0.11362	-0.128642	-0.126973	-0.112594	-0.0860262	-0.0580832	-0.0311859	-0.012913	-0.0100109	-0.0274293	-0.0704875	
