-0.431412	-0.602747	-0.782602	-0.92706	-1.01352	-1.02921	-0.969181	-0.84619	-0.67671	-0.496299	-0.344451	-0.219538	-0.115907	-0.0446308	-0.0288944	-0.0762938	-0.183799	-0.343817	-0.533438	-0.715749	-0.85832	-0.933548	-0.944059	-0.890385	-0.780431	
-0.25026	-0.388782	-0.536168	-0.654982	-0.718952	-0.729397	-0.687464	-0.588772	-0.448795	-0.302085	-0.180514	-0.0814912	-0.00424124	0.0455247	0.0462339	-0.0110079	-0.125888	-0.288465	-0.480044	-0.6578	-0.788051	-0.857737	-0.865954	-0.811116	-0.696793	
-0.0460992	-0.145039	-0.254155	-0.347539	-0.392954	-0.399171	-0.371849	-0.295838	-0.188157	-0.083363	0.00449334	0.0771547	0.134993	0.169758	0.159685	0.10027	-0.0155715	-0.173012	-0.357568	-0.533637	-0.66017	-0.725184	-0.736529	-0.687558	-0.579055	
0.160037	0.0989912	0.0212739	-0.0516466	-0.0893544	-0.0937585	-0.0718611	-0.0105479	0.0696398	0.137349	0.191493	0.24106	0.284169	0.311311	0.302686	0.245853	0.141889	-0.00520043	-0.180824	-0.349544	-0.479181	-0.549479	-0.563268	-0.521046	-0.426727	
0.354928	0.318435	0.258212	0.195865	0.155717	0.147781	0.17691	0.232022	0.296419	0.343202	0.369522	0.398125	0.430621	0.454391	0.45268	0.410371	0.324111	0.193624	0.0268217	-0.135328	-0.263432	-0.340576	-0.365589	-0.338657	-0.262005	
0.505571	0.480204	0.431841	0.372139	0.328741	0.320805	0.351765	0.407544	0.463907	0.497366	0.514317	0.527686	0.554688	0.585441	0.593523	0.56841	0.507879	0.394745	0.241931	0.0895693	-0.037288	-0.119237	-0.160927	-0.163402	-0.12062	
0.593615	0.566815	0.521201	0.466466	0.424002	0.415788	0.44668	0.499675	0.550537	0.585484	0.601418	0.615243	0.641407	0.67588	0.697431	0.693174	0.657446	0.574123	0.448232	0.31317	0.191524	0.0951236	0.0308327	-0.00377539	-0.00576106	
0.601598	0.570489	0.528511	0.482876	0.451536	0.445837	0.467848	0.509538	0.554561	0.590629	0.61611	0.642745	0.675005	0.715253	0.751823	0.770675	0.76141	0.709262	0.616241	0.505177	0.391634	0.281872	0.192853	0.129388	0.0921661	
0.537386	0.504377	0.469503	0.436804	0.422468	0.420674	0.429178	0.454797	0.490848	0.523952	0.560816	0.604495	0.650663	0.704705	0.7608	0.8052	0.821691	0.799127	0.73547	0.643722	0.537632	0.426445	0.322831	0.241828	0.185278	
0.425718	0.390531	0.363302	0.344755	0.343431	0.344984	0.342333	0.354553	0.378859	0.41042	0.454723	0.515208	0.578619	0.653554	0.734363	0.803226	0.843182	0.844429	0.806028	0.728353	0.631956	0.528294	0.42977	0.345118	0.274242	
0.277375	0.23868	0.218605	0.216235	0.22414	0.226215	0.218842	0.215286	0.228829	0.258474	0.3145	0.390112	0.47999	0.580166	0.686368	0.778104	0.838361	0.858445	0.838012	0.777708	0.695693	0.604877	0.51619	0.436224	0.355904	
0.107316	0.0584069	0.0426782	0.0469845	0.0595427	0.062909	0.0521524	0.0423891	0.0489412	0.0830203	0.154343	0.251694	0.371252	0.504045	0.62803	0.735528	0.81609	0.853209	0.850045	0.811979	0.752229	0.680579	0.601153	0.522149	0.438954	
-0.0651083	-0.12822	-0.156544	-0.157282	-0.150493	-0.149038	-0.154343	-0.158934	-0.143821	-0.0954472	-0.00588838	0.116548	0.270137	0.427902	0.565748	0.68104	0.777961	0.839039	0.86137	0.848395	0.813077	0.759156	0.689042	0.605354	0.517386	
-0.223581	-0.305841	-0.353675	-0.373086	-0.376031	-0.375402	-0.375326	-0.364902	-0.328238	-0.261218	-0.155954	-0.00904379	0.170275	0.349518	0.502238	0.628611	0.738726	0.820011	0.865515	0.873591	0.853359	0.817819	0.761411	0.683293	0.599987	
-0.365169	-0.463896	-0.534447	-0.573596	-0.581316	-0.581608	-0.578975	-0.554358	-0.495481	-0.407813	-0.289853	-0.130141	0.0641699	0.261097	0.430097	0.57422	0.695622	0.790192	0.853354	0.879603	0.872754	0.852796	0.815927	0.752696	0.685651	
-0.491985	-0.605844	-0.691616	-0.741436	-0.753126	-0.752484	-0.7491	-0.716806	-0.644323	-0.540049	-0.412821	-0.246733	-0.0495969	0.157784	0.341379	0.495891	0.626971	0.73541	0.816972	0.864475	0.879281	0.874327	0.851786	0.808787	0.763209	
-0.613872	-0.733375	-0.819005	-0.86386	-0.875309	-0.876317	-0.870721	-0.841836	-0.772338	-0.664803	-0.529404	-0.359168	-0.1602	0.049795	0.237478	0.39515	0.532126	0.655064	0.753611	0.822506	0.859977	0.874388	0.866938	0.847504	0.827214	
-0.702819	-0.822473	-0.898957	-0.936102	-0.94146	-0.942013	-0.941118	-0.917861	-0.858407	-0.754801	-0.616363	-0.447261	-0.258589	-0.0577914	0.118135	0.270797	0.413872	0.548152	0.66032	0.746017	0.803286	0.835471	0.849465	0.85496	0.857489	
-0.741517	-0.8557	-0.929701	-0.959264	-0.959261	-0.958166	-0.96142	-0.94652	-0.890474	-0.79131	-0.658381	-0.502945	-0.337768	-0.165878	-0.00733608	0.135046	0.277284	0.417422	0.540573	0.639859	0.714514	0.761802	0.79458	0.825754	0.847173	
-0.736368	-0.830699	-0.892947	-0.918835	-0.918277	-0.916795	-0.920029	-0.90797	-0.859754	-0.778473	-0.662643	-0.531578	-0.401616	-0.271503	-0.136426	-0.00233433	0.136416	0.275739	0.405289	0.515178	0.59921	0.657475	0.702994	0.754158	0.794915	
-0.697751	-0.755544	-0.78322	-0.79609	-0.795581	-0.794764	-0.796813	-0.790185	-0.769355	-0.725652	-0.64316	-0.539176	-0.446238	-0.359021	-0.257852	-0.135858	-0.00248312	0.12844	0.255674	0.367151	0.459204	0.529832	0.590354	0.649434	0.706327	
-0.613269	-0.629179	-0.621343	-0.606104	-0.600674	-0.600597	-0.602749	-0.614967	-0.627185	-0.624575	-0.582851	-0.521008	-0.464073	-0.419885	-0.355207	-0.262104	-0.147286	-0.0296149	0.0850768	0.193965	0.29559	0.383498	0.457882	0.528281	0.595795	
-0.47658	-0.455423	-0.408678	-0.363726	-0.343928	-0.341323	-0.352945	-0.388363	-0.438523	-0.472104	-0.47724	-0.470163	-0.463095	-0.453852	-0.42842	-0.378057	-0.302825	-0.215862	-0.117884	-0.0107112	0.100839	0.205896	0.299403	0.387786	0.481061	
-0.316377	-0.248344	-0.162899	-0.0920744	-0.0618174	-0.0588712	-0.0752182	-0.130424	-0.215748	-0.291922	-0.350254	-0.40366	-0.451025	-0.487833	-0.502518	-0.488961	-0.457097	-0.402891	-0.321465	-0.216728	-0.101145	0.013955	0.12839	0.24589	0.373914	
-0.149023	-0.0291567	0.0900979	0.177365	0.214723	0.221222	0.197626	0.130405	0.0204547	-0.1014	-0.219869	-0.329596	-0.434935	-0.529159	-0.589231	-0.609811	-0.60597	-0.575445	-0.505272	-0.398873	-0.279414	-0.155355	-0.0192542	0.129056	0.283108	
0.0239718	0.183621	0.319441	0.416756	0.46905	0.47771	0.443177	0.363753	0.241434	0.0907348	-0.0793395	-0.250862	-0.413386	-0.562808	-0.67157	-0.724192	-0.744335	-0.724636	-0.654626	-0.542406	-0.416301	-0.282337	-0.130661	0.0378971	0.21128	
0.183621	0.363668	0.514196	0.625678	0.691265	0.7039	0.657635	0.564216	0.427656	0.259876	0.058342	-0.160565	-0.375588	-0.564358	-0.711622	-0.805935	-0.852485	-0.842983	-0.774635	-0.659548	-0.521391	-0.371705	-0.200892	-0.0164937	0.168858	
0.319441	0.514196	0.676773	0.799525	0.86393	0.874406	0.831963	0.731976	0.583243	0.400534	0.18625	-0.0606598	-0.312756	-0.541865	-0.724329	-0.856283	-0.924316	-0.918326	-0.856398	-0.747428	-0.600153	-0.428654	-0.236667	-0.0351066	0.15123	
0.416756	0.625678	0.799525	0.923711	0.991865	1.00362	0.956917	0.856066	0.700315	0.503361	0.277499	0.0175975	-0.256796	-0.514436	-0.727288	-0.879152	-0.952483	-0.952106	-0.897971	-0.796739	-0.645131	-0.456619	-0.243678	-0.0314379	0.153017	
0.46905	0.691265	0.86393	0.991865	1.07419	1.09019	1.03101	0.920198	0.766694	0.562785	0.320132	0.0503792	-0.231736	-0.503708	-0.725899	-0.879303	-0.951236	-0.954583	-0.907714	-0.809406	-0.654106	-0.461963	-0.240616	-0.0200741	0.164101	
0.47771	0.7039	0.874406	1.00362	1.09019	1.10789	1.04453	0.930276	0.778964	0.57274	0.327774	0.0539727	-0.228675	-0.503333	-0.725299	-0.878501	-0.949399	-0.954449	-0.909154	-0.809218	-0.654317	-0.461639	-0.240276	-0.0167743	0.16638	
0.443177	0.657635	0.831963	0.956917	1.03101	1.04453	0.992591	0.88826	0.732791	0.53286	0.299841	0.0359261	-0.243172	-0.508232	-0.726945	-0.88035	-0.953798	-0.955883	-0.904243	-0.804503	-0.651484	-0.460402	-0.242657	-0.0268345	0.157658	
0.363753	0.564216	0.731976	0.856066	0.920198	0.930276	0.88826	0.787944	0.635573	0.447033	0.227974	-0.0247677	-0.287235	-0.529998	-0.726236	-0.869196	-0.940951	-0.936193	-0.877672	-0.772407	-0.623068	-0.44376	-0.241964	-0.0357484	0.149507	
0.241434	0.427656	0.583243	0.700315	0.766694	0.778964	0.732791	0.635573	0.493876	0.319792	0.111914	-0.120897	-0.352376	-0.556903	-0.718494	-0.830065	-0.886	-0.878532	-0.812438	-0.699097	-0.556876	-0.397207	-0.219188	-0.027678	0.159501	
0.0907348	0.259876	0.400534	0.503361	0.562785	0.57274	0.53286	0.447033	0.319792	0.162203	-0.0232529	-0.216818	-0.4016	-0.568042	-0.692996	-0.761104	-0.791915	-0.776138	-0.70615	-0.591713	-0.461145	-0.321747	-0.163845	0.010739	0.190615	
-0.0793395	0.058342	0.18625	0.277499	0.320132	0.327774	0.299841	0.227974	0.111914	-0.0232529	-0.165356	-0.298657	-0.427878	-0.544863	-0.62485	-0.65806	-0.663726	-0.638516	-0.569474	-0.461117	-0.33952	-0.211636	-0.0677998	0.0897501	0.251834	
-0.250862	-0.160565	-0.0606598	0.0175975	0.0503792	0.0539727	0.0359261	-0.0247677	-0.120897	-0.216818	-0.298657	-0.375192	-0.44435	-0.503594	-0.536436	-0.536584	-0.517348	-0.473576	-0.397699	-0.293234	-0.177322	-0.0577948	0.0650866	0.196104	0.335124	
-0.413386	-0.375588	-0.312756	-0.256796	-0.231736	-0.228675	-0.243172	-0.287235	-0.352376	-0.4016	-0.427878	-0.44435	-0.459002	-0.465704	-0.456694	-0.422115	-0.365141	-0.29239	-0.201538	-0.0949046	0.0190601	0.129026	0.230764	0.329257	0.436577	
-0.562808	-0.564358	-0.541865	-0.514436	-0.503708	-0.503333	-0.508232	-0.529998	-0.556903	-0.568042	-0.544863	-0.503594	-0.465704	-0.436021	-0.386774	-0.30957	-0.209108	-0.10147	0.00660428	0.114872	0.221476	0.31606	0.397189	0.473731	0.549585	
-0.67157	-0.711622	-0.724329	-0.727288	-0.725899	-0.725299	-0.726945	-0.726236	-0.718494	-0.692996	-0.62485	-0.536436	-0.456694	-0.386774	-0.299852	-0.187338	-0.058521	0.0678288	0.19111	0.301876	0.396716	0.474958	0.540414	0.603627	0.664004	
-0.724192	-0.805935	-0.856283	-0.879152	-0.879303	-0.878501	-0.88035	-0.869196	-0.830065	-0.761104	-0.65806	-0.536584	-0.422115	-0.30957	-0.187338	-0.05674	0.0800789	0.217409	0.347154	0.458366	0.54593	0.608283	0.659424	0.714527	0.763322	
-0.744335	-0.852485	-0.924316	-0.952483	-0.951236	-0.949399	-0.953798	-0.940951	-0.886	-0.791915	-0.663726	-0.517348	-0.365141	-0.209108	-0.058521	0.0800789	0.221174	0.361136	0.487058	0.592221	0.671733	0.723417	0.761555	0.802414	0.831132	
-0.724636	-0.842983	-0.918326	-0.952106	-0.954583	-0.954449	-0.955883	-0.936193	-0.878532	-0.776138	-0.638516	-0.473576	-0.29239	-0.10147	0.0678288	0.217409	0.361136	0.497993	0.615518	0.706914	0.771172	0.810688	0.832078	0.848137	0.858572	
-0.654626	-0.774635	-0.856398	-0.897971	-0.907714	-0.909154	-0.904243	-0.877672	-0.812438	-0.70615	-0.569474	-0.397699	-0.201538	0.00660428	0.19111	0.347154	0.487058	0.615518	0.719515	0.795736	0.841419	0.863299	0.864791	0.85453	0.844001	
-0.542406	-0.659548	-0.747428	-0.796739	-0.809406	-0.809218	-0.804503	-0.772407	-0.699097	-0.591713	-0.461117	-0.293234	-0.0949046	0.114872	0.301876	0.458366	0.592221	0.706914	0.795736	0.851768	0.875657	0.878803	0.860447	0.826851	0.791528	
-0.416301	-0.521391	-0.600153	-0.645131	-0.654106	-0.654317	-0.651484	-0.623068	-0.556876	-0.461145	-0.33952	-0.177322	0.0190601	0.221476	0.396716	0.54593	0.671733	0.771172	0.841419	0.875657	0.877042	0.862864	0.83265	0.776791	0.7183	
-0.282337	-0.371705	-0.428654	-0.456619	-0.461963	-0.461639	-0.460402	-0.44376	-0.397207	-0.321747	-0.211636	-0.0577948	0.129026	0.31606	0.474958	0.608283	0.723417	0.810688	0.863299	0.878803	0.862864	0.834527	0.785695	0.712759	0.634304	
-0.130661	-0.200892	-0.236667	-0.243678	-0.240616	-0.240276	-0.242657	-0.241964	-0.219188	-0.163845	-0.0677998	0.0650866	0.230764	0.397189	0.540414	0.659424	0.761555	0.832078	0.864791	0.860447	0.83265	0.785695	0.72025	0.636905	0.549327	
0.0378971	-0.0164937	-0.0351066	-0.0314379	-0.0200741	-0.0167743	-0.0268345	-0.0357484	-0.027678	0.010739	0.0897501	0.196104	0.329257	0.473731	0.603627	0.714527	0.802414	0.848137	0.85453	0.826851	0.776791	0.712759	0.636905	0.555711	0.470734	
0.21128	0.168858	0.15123	0.153017	0.164101	0.16638	0.157658	0.149507	0.159501	0.190615	0.251834	0.335124	0.436577	0.549585	0.664004	0.763322	0.831132	0.858572	0.844001	0.791528	0.7183	0.634304	0.549327	0.470734	0.388408	
