0.172026	0.149816	0.128789	0.11086	0.102933	0.101388	0.106566	0.121048	0.141261	0.162481	0.189025	0.216487	0.239003	0.265232	0.294619	0.323657	0.357709	0.397531	0.433749	0.462316	0.485556	0.499499	0.507564	0.521456	0.548543	
0.0762044	0.0603484	0.0440748	0.0297576	0.0239537	0.0230049	0.0264757	0.0374212	0.0540388	0.0695202	0.0903232	0.115489	0.136868	0.162012	0.189346	0.215625	0.246104	0.281834	0.320364	0.358157	0.394559	0.424785	0.443607	0.459064	0.484348	
0.00352741	-0.0063662	-0.0150945	-0.0203187	-0.0188772	-0.0184563	-0.0201799	-0.0179808	-0.00974404	-0.00127922	0.0149202	0.0361348	0.0539589	0.0801449	0.106565	0.127391	0.154946	0.183395	0.20979	0.242033	0.277588	0.311223	0.34195	0.367731	0.395182	
-0.0452094	-0.0490358	-0.0496014	-0.0491734	-0.0483693	-0.0481671	-0.04855	-0.049789	-0.0491294	-0.0480766	-0.0363669	-0.0165409	-0.000495345	0.0225371	0.0446164	0.0582259	0.0757938	0.0940001	0.111686	0.135067	0.164786	0.197735	0.23109	0.26583	0.301954	
-0.0584132	-0.0600223	-0.067237	-0.0740523	-0.0752849	-0.0748063	-0.0748244	-0.0709711	-0.0618939	-0.0591667	-0.0559183	-0.0481551	-0.0423368	-0.0265466	-0.0104004	-0.000187219	0.0168192	0.028421	0.0369475	0.0554799	0.0768177	0.102426	0.134464	0.167587	0.206542	
-0.0651705	-0.0699932	-0.0768406	-0.0827956	-0.0900921	-0.0919384	-0.0857989	-0.0794151	-0.0722831	-0.0669267	-0.0623163	-0.0615856	-0.0679292	-0.0644679	-0.0550603	-0.0463828	-0.0276711	-0.0115359	-0.00363212	0.00719997	0.0193975	0.0321736	0.0524189	0.0786638	0.109724	
-0.0810704	-0.0823611	-0.0845621	-0.0849216	-0.0848753	-0.0840282	-0.0847312	-0.0859018	-0.0827265	-0.0813353	-0.0801964	-0.0763233	-0.075777	-0.0734844	-0.071797	-0.0687703	-0.0546501	-0.0434821	-0.0357609	-0.0267618	-0.025128	-0.0224509	-0.0113097	0.00763769	0.035287	
-0.091491	-0.0939772	-0.0908569	-0.0824395	-0.0789713	-0.0786451	-0.08019	-0.0874794	-0.0935044	-0.0931627	-0.089285	-0.0826406	-0.0765334	-0.0722957	-0.073019	-0.077997	-0.0761512	-0.0722339	-0.0671134	-0.0547341	-0.0489804	-0.0518973	-0.0486916	-0.0378417	-0.0178854	
-0.0854663	-0.0869789	-0.085736	-0.0835885	-0.0874534	-0.088189	-0.0844182	-0.0845825	-0.0868551	-0.0859684	-0.0875287	-0.0886301	-0.0831757	-0.0782306	-0.0776628	-0.0797448	-0.083913	-0.0892249	-0.0878464	-0.0777343	-0.0661722	-0.0593613	-0.0588316	-0.0576564	-0.0510623	
-0.0777184	-0.0789846	-0.0824456	-0.0866396	-0.0910214	-0.0916383	-0.0888612	-0.0843452	-0.0801074	-0.0769859	-0.0819002	-0.0885762	-0.0893075	-0.0917976	-0.0899952	-0.0821329	-0.0790344	-0.0830965	-0.0873058	-0.0868439	-0.0843022	-0.0764391	-0.0679471	-0.0681779	-0.071289	
-0.0809066	-0.0872942	-0.0868833	-0.0826116	-0.0831292	-0.0840816	-0.0825439	-0.0843553	-0.0887122	-0.08303	-0.0805524	-0.0856715	-0.0846574	-0.0887491	-0.0919612	-0.0856684	-0.0833287	-0.0824421	-0.0820982	-0.0874589	-0.0928008	-0.0924265	-0.0829639	-0.0727142	-0.0752659	
-0.0859952	-0.0858658	-0.0823515	-0.0821494	-0.0815491	-0.0806624	-0.0819711	-0.0819885	-0.0849315	-0.0862017	-0.0867682	-0.0859618	-0.0793252	-0.0820905	-0.0874028	-0.0851199	-0.0873247	-0.0880494	-0.0841262	-0.0865439	-0.0926014	-0.0957852	-0.0946102	-0.0826396	-0.0732822	
-0.0826894	-0.084514	-0.0840573	-0.0824945	-0.079181	-0.0790942	-0.0814824	-0.0824853	-0.0851026	-0.0836397	-0.0827205	-0.0836651	-0.0792011	-0.0818442	-0.0852673	-0.0841532	-0.0907347	-0.09115	-0.0852142	-0.0857766	-0.087375	-0.0888492	-0.0937509	-0.0935167	-0.0829777	
-0.0803895	-0.0797745	-0.0790843	-0.0813489	-0.0821984	-0.0827274	-0.082426	-0.0793301	-0.0793525	-0.0799684	-0.0806854	-0.0842954	-0.0831943	-0.0821877	-0.0827642	-0.0819182	-0.0885734	-0.0909512	-0.0854035	-0.0861306	-0.0867027	-0.0842352	-0.0880446	-0.0946275	-0.0938315	
-0.0803743	-0.0755206	-0.0750681	-0.0816456	-0.0831818	-0.0826067	-0.0830596	-0.078198	-0.0742703	-0.078324	-0.08054	-0.0810409	-0.0855233	-0.0875298	-0.0829503	-0.0780772	-0.0807719	-0.0852874	-0.0866914	-0.0875286	-0.087529	-0.0858757	-0.086745	-0.0922572	-0.0956163	
-0.0814831	-0.0809941	-0.0825755	-0.0816283	-0.0740438	-0.0720405	-0.0783723	-0.0824249	-0.0818816	-0.0821397	-0.0784936	-0.0767954	-0.0814123	-0.0819707	-0.082195	-0.0827331	-0.0791492	-0.0786981	-0.0865522	-0.0923898	-0.0897774	-0.0869886	-0.0858443	-0.0877236	-0.0892679	
-0.0854498	-0.0811252	-0.0782149	-0.0772454	-0.0761387	-0.0760056	-0.0770078	-0.0780082	-0.0787916	-0.0850144	-0.0821075	-0.0730697	-0.0762897	-0.0761439	-0.0780431	-0.0901013	-0.0882476	-0.0780698	-0.0807458	-0.0883489	-0.088431	-0.0859035	-0.0844043	-0.0842305	-0.0836009	
-0.0758242	-0.0714965	-0.0754392	-0.0765204	-0.081339	-0.0833615	-0.0782588	-0.0764606	-0.0717895	-0.073232	-0.0800165	-0.0795091	-0.0828092	-0.0811461	-0.0743055	-0.0809711	-0.0877152	-0.0833473	-0.0778286	-0.078588	-0.0839757	-0.088557	-0.088985	-0.087696	-0.0831117	
-0.0727552	-0.0744849	-0.0787503	-0.0768386	-0.0766528	-0.0765089	-0.0757199	-0.0789635	-0.0767088	-0.0725741	-0.075421	-0.0805693	-0.0836014	-0.0807037	-0.0780467	-0.0754702	-0.0738506	-0.0837022	-0.0870986	-0.0789996	-0.0798693	-0.0889737	-0.0923023	-0.0909233	-0.0856358	
-0.0808172	-0.0851673	-0.0774731	-0.0727687	-0.0736078	-0.0726842	-0.0722885	-0.0757286	-0.0827707	-0.0834288	-0.0755007	-0.0720069	-0.0739496	-0.0751271	-0.0807255	-0.0826726	-0.0743332	-0.0793853	-0.0919013	-0.0864195	-0.0772776	-0.0812205	-0.0856475	-0.0853401	-0.086065	
-0.0736553	-0.0741569	-0.0741476	-0.0757701	-0.0772517	-0.0774587	-0.0767607	-0.074155	-0.0740277	-0.0733253	-0.0763931	-0.0790635	-0.0744257	-0.0757379	-0.080818	-0.0829288	-0.079864	-0.0746816	-0.0788467	-0.0842726	-0.0817121	-0.0801801	-0.0840868	-0.0853056	-0.0889724	
-0.0708884	-0.0707562	-0.0756101	-0.0753733	-0.0753565	-0.0771139	-0.0756912	-0.0750893	-0.0737084	-0.0695198	-0.0765864	-0.081833	-0.0753183	-0.0765385	-0.078528	-0.0768553	-0.079096	-0.0788662	-0.0750831	-0.0783545	-0.0865276	-0.0838895	-0.0830027	-0.0847646	-0.0880544	
-0.0747237	-0.0795592	-0.0771155	-0.0705987	-0.0729212	-0.0751307	-0.070249	-0.0735506	-0.0806719	-0.0762998	-0.0733629	-0.0769503	-0.0758231	-0.0747361	-0.0739112	-0.0724714	-0.0796305	-0.0855347	-0.0794464	-0.0784731	-0.0867255	-0.0848603	-0.079817	-0.0786252	-0.0817408	
-0.0753255	-0.075341	-0.0716305	-0.0771263	-0.0744319	-0.0718108	-0.0772692	-0.0733471	-0.0728542	-0.0767009	-0.0715933	-0.0726705	-0.0760119	-0.0789137	-0.0804068	-0.0725037	-0.0781019	-0.0835414	-0.0743593	-0.0753007	-0.0815066	-0.0836465	-0.0831076	-0.0826947	-0.0840605	
-0.0796542	-0.0720232	-0.0696955	-0.0798057	-0.0723458	-0.0676847	-0.0798416	-0.0745365	-0.0682779	-0.0783096	-0.0773333	-0.0702888	-0.071304	-0.0787099	-0.080921	-0.0737136	-0.075726	-0.0793383	-0.0790214	-0.0781684	-0.077663	-0.0821099	-0.0826015	-0.0862455	-0.0843815	
-0.0753408	-0.0699545	-0.0724442	-0.0727312	-0.0748963	-0.0752462	-0.0728073	-0.0732323	-0.0703063	-0.0723287	-0.0787841	-0.0774092	-0.0758223	-0.072155	-0.0705018	-0.0793591	-0.076878	-0.0716567	-0.0834011	-0.0846795	-0.0783715	-0.0813811	-0.0812797	-0.0853378	-0.08407	
-0.0699545	-0.073684	-0.0780644	-0.0704747	-0.0732627	-0.0756008	-0.0693593	-0.0756779	-0.0764587	-0.0707815	-0.070963	-0.0727568	-0.0803113	-0.0741579	-0.0697721	-0.0837344	-0.0792809	-0.0707506	-0.0772148	-0.0822635	-0.0778608	-0.0762475	-0.0831525	-0.0851563	-0.0883786	
-0.0724442	-0.0780644	-0.0789613	-0.0693397	-0.0700409	-0.0735452	-0.0684838	-0.0747907	-0.0801643	-0.0746267	-0.0707668	-0.0693614	-0.0750758	-0.0769499	-0.0738657	-0.0770641	-0.0778474	-0.0770395	-0.0762375	-0.0809662	-0.0799513	-0.0751666	-0.08322	-0.0831544	-0.0852673	
-0.0727312	-0.0704747	-0.0693397	-0.0687144	-0.0775291	-0.0816007	-0.0712107	-0.0675722	-0.071206	-0.0702711	-0.0769526	-0.0807099	-0.0721878	-0.0729741	-0.0763624	-0.0732385	-0.0748823	-0.0771036	-0.0772588	-0.0793187	-0.0817736	-0.0815951	-0.082039	-0.0823652	-0.0814852	
-0.0748963	-0.0732627	-0.0700409	-0.0775291	-0.0724819	-0.0675446	-0.0770119	-0.0737325	-0.0705743	-0.0751214	-0.0731301	-0.0738426	-0.0729581	-0.073942	-0.0780716	-0.074001	-0.0750952	-0.0805067	-0.0784536	-0.0738275	-0.0790515	-0.0841655	-0.0795683	-0.0802644	-0.0819662	
-0.0752462	-0.0756008	-0.0735452	-0.0816007	-0.0675446	-0.0595549	-0.0791884	-0.078226	-0.0722595	-0.0775739	-0.0705976	-0.0686784	-0.073422	-0.0768397	-0.0788197	-0.0728353	-0.0748692	-0.0818105	-0.0786719	-0.0727125	-0.0780608	-0.0846286	-0.0798633	-0.0797355	-0.0824307	
-0.0728073	-0.0693593	-0.0684838	-0.0712107	-0.0770119	-0.0791884	-0.0738378	-0.0681637	-0.0690177	-0.0707266	-0.0768462	-0.0804638	-0.0722884	-0.0729609	-0.0772971	-0.073104	-0.0742666	-0.0775128	-0.0780658	-0.0773834	-0.0805763	-0.0837049	-0.0813345	-0.0816431	-0.0813724	
-0.0732323	-0.0756779	-0.0747907	-0.0675722	-0.0737325	-0.078226	-0.0681637	-0.070738	-0.0775692	-0.0735607	-0.0736555	-0.0742826	-0.0730948	-0.0741599	-0.0745845	-0.0757089	-0.0770249	-0.0780124	-0.0770923	-0.0803141	-0.0810967	-0.0772978	-0.0820028	-0.0823353	-0.0830182	
-0.0703063	-0.0764587	-0.0801643	-0.071206	-0.0705743	-0.0722595	-0.0690177	-0.0775692	-0.0793723	-0.0722403	-0.0689819	-0.069141	-0.0790707	-0.0772721	-0.0716413	-0.0809633	-0.079573	-0.0730418	-0.0746648	-0.0816516	-0.0787386	-0.0749195	-0.0840816	-0.0847106	-0.0885522	
-0.0723287	-0.0707815	-0.0746267	-0.0702711	-0.0751214	-0.0775739	-0.0707266	-0.0735607	-0.0722403	-0.0702432	-0.0766143	-0.0775205	-0.0779352	-0.0720237	-0.0689329	-0.0816781	-0.0780264	-0.0697053	-0.0818134	-0.0852925	-0.0778497	-0.07933	-0.0817457	-0.0852403	-0.0860468	
-0.0787841	-0.070963	-0.0707668	-0.0769526	-0.0731301	-0.0705976	-0.0768462	-0.0736555	-0.0689819	-0.0766143	-0.0790941	-0.0732176	-0.0718593	-0.0751632	-0.0769944	-0.0763359	-0.075184	-0.0765832	-0.0830488	-0.0804728	-0.0775005	-0.0820878	-0.0813499	-0.0863648	-0.0831968	
-0.0774092	-0.0727568	-0.0693614	-0.0807099	-0.0738426	-0.0686784	-0.0804638	-0.0742826	-0.069141	-0.0775205	-0.0732176	-0.0702758	-0.0748734	-0.080693	-0.0819238	-0.0725922	-0.0769791	-0.0821201	-0.0741678	-0.0745858	-0.0798709	-0.0833191	-0.0841878	-0.084974	-0.0846334	
-0.0758223	-0.0803113	-0.0750758	-0.0721878	-0.0729581	-0.073422	-0.0722884	-0.0730948	-0.0790707	-0.0779352	-0.0718593	-0.0748734	-0.0763415	-0.0752667	-0.0753964	-0.0723138	-0.0796555	-0.0858784	-0.0776297	-0.0779637	-0.0854633	-0.0840313	-0.0804063	-0.0784733	-0.0818042	
-0.072155	-0.0741579	-0.0769499	-0.0729741	-0.073942	-0.0768397	-0.0729609	-0.0741599	-0.0772721	-0.0720237	-0.0751632	-0.080693	-0.0752667	-0.075338	-0.0771347	-0.0745418	-0.0783394	-0.0819865	-0.0772612	-0.0785537	-0.0871984	-0.0843813	-0.0813934	-0.0822985	-0.0856834	
-0.0705018	-0.0697721	-0.0738657	-0.0763624	-0.0780716	-0.0788197	-0.0772971	-0.0745845	-0.0716413	-0.0689329	-0.0769944	-0.0819238	-0.0753964	-0.0771347	-0.0797532	-0.0803906	-0.0807023	-0.0749439	-0.0753896	-0.0813092	-0.0831826	-0.0820949	-0.0842837	-0.0863372	-0.0899224	
-0.0793591	-0.0837344	-0.0770641	-0.0732385	-0.074001	-0.0728353	-0.073104	-0.0757089	-0.0809633	-0.0816781	-0.0763359	-0.0725922	-0.0723138	-0.0745418	-0.0803906	-0.0843696	-0.0776259	-0.0772374	-0.0879067	-0.0867377	-0.0786759	-0.0797268	-0.083987	-0.0841625	-0.0862396	
-0.076878	-0.0792809	-0.0778474	-0.0748823	-0.0750952	-0.0748692	-0.0742666	-0.0770249	-0.079573	-0.0780264	-0.075184	-0.0769791	-0.0796555	-0.0783394	-0.0807023	-0.0776259	-0.0709747	-0.08221	-0.0904945	-0.0824662	-0.0787574	-0.0859321	-0.0906382	-0.0888263	-0.0859643	
-0.0716567	-0.0707506	-0.0770395	-0.0771036	-0.0805067	-0.0818105	-0.0775128	-0.0780124	-0.0730418	-0.0697053	-0.0765832	-0.0821201	-0.0858784	-0.0819865	-0.0749439	-0.0772374	-0.08221	-0.0843936	-0.0808064	-0.0767443	-0.0817655	-0.0898983	-0.0908989	-0.0900202	-0.0848866	
-0.0834011	-0.0772148	-0.0762375	-0.0772588	-0.0784536	-0.0786719	-0.0780658	-0.0770923	-0.0746648	-0.0818134	-0.0830488	-0.0741678	-0.0776297	-0.0772612	-0.0753896	-0.0879067	-0.0904945	-0.0808064	-0.0787721	-0.0839611	-0.0872492	-0.0864643	-0.0850522	-0.0849192	-0.0822349	
-0.0846795	-0.0822635	-0.0809662	-0.0793187	-0.0738275	-0.0727125	-0.0773834	-0.0803141	-0.0816516	-0.0852925	-0.0804728	-0.0745858	-0.0779637	-0.0785537	-0.0813092	-0.0867377	-0.0824662	-0.0767443	-0.0839611	-0.0928361	-0.0895882	-0.0864379	-0.0857441	-0.0857826	-0.0869875	
-0.0783715	-0.0778608	-0.0799513	-0.0817736	-0.0790515	-0.0780608	-0.0805763	-0.0810967	-0.0787386	-0.0778497	-0.0775005	-0.0798709	-0.0854633	-0.0871984	-0.0831826	-0.0786759	-0.0787574	-0.0817655	-0.0872492	-0.0895882	-0.0879139	-0.0870666	-0.0865191	-0.090741	-0.0935405	
-0.0813811	-0.0762475	-0.0751666	-0.0815951	-0.0841655	-0.0846286	-0.0837049	-0.0772978	-0.0749195	-0.07933	-0.0820878	-0.0833191	-0.0840313	-0.0843813	-0.0820949	-0.0797268	-0.0859321	-0.0898983	-0.0864643	-0.0864379	-0.0870666	-0.0841177	-0.0866231	-0.0933985	-0.0949699	
-0.0812797	-0.0831525	-0.08322	-0.082039	-0.0795683	-0.0798633	-0.0813345	-0.0820028	-0.0840816	-0.0817457	-0.0813499	-0.0841878	-0.0804063	-0.0813934	-0.0842837	-0.083987	-0.0906382	-0.0908989	-0.0850522	-0.0857441	-0.0865191	-0.0866231	-0.0916538	-0.0953396	-0.0887646	
-0.0853378	-0.0851563	-0.0831544	-0.0823652	-0.0802644	-0.0797355	-0.0816431	-0.0823353	-0.0847106	-0.0852403	-0.0863648	-0.084974	-0.0784733	-0.0822985	-0.0863372	-0.0841625	-0.0888263	-0.0900202	-0.0849192	-0.0857826	-0.090741	-0.0933985	-0.0953396	-0.0880714	-0.0757098	
-0.08407	-0.0883786	-0.0852673	-0.0814852	-0.0819662	-0.0824307	-0.0813724	-0.0830182	-0.0885522	-0.0860468	-0.0831968	-0.0846334	-0.0818042	-0.0856834	-0.0899224	-0.0862396	-0.0859643	-0.0848866	-0.0822349	-0.0869875	-0.0935405	-0.0949699	-0.0887646	-0.0757098	-0.0735066	
