-0.267112	-0.231685	-0.188176	-0.156057	-0.137866	-0.128866	-0.134444	-0.142866	-0.127746	-0.090689	-0.039712	0.0326194	0.116019	0.200042	0.285483	0.358485	0.411287	0.439701	0.440334	0.395645	0.303666	0.176755	0.0375243	-0.10577	-0.250922	
-0.231408	-0.204594	-0.175687	-0.152333	-0.144897	-0.155216	-0.178119	-0.19331	-0.177715	-0.134026	-0.0826105	-0.0215171	0.0548177	0.140972	0.222545	0.294026	0.359082	0.408496	0.42537	0.396603	0.323793	0.219799	0.0984118	-0.0391794	-0.184551	
-0.188738	-0.171885	-0.16191	-0.159667	-0.165676	-0.187825	-0.218357	-0.23012	-0.208486	-0.161315	-0.108815	-0.059041	-0.00170748	0.0704698	0.140498	0.198778	0.26384	0.323179	0.352892	0.339357	0.294122	0.22326	0.13241	0.016393	-0.112115	
-0.161272	-0.157018	-0.157822	-0.174437	-0.194873	-0.214145	-0.236329	-0.235497	-0.204518	-0.158321	-0.112783	-0.0792641	-0.0471853	0.000791397	0.0537507	0.0978367	0.150764	0.208136	0.240819	0.243052	0.225249	0.193561	0.141059	0.0662091	-0.0247519	
-0.153592	-0.166732	-0.173002	-0.188464	-0.211803	-0.225729	-0.228759	-0.211743	-0.1786	-0.142545	-0.111935	-0.0953477	-0.0885528	-0.0674855	-0.0319428	-0.000301135	0.0358003	0.0760525	0.106243	0.122688	0.135557	0.142766	0.13658	0.115565	0.0806161	
-0.156924	-0.176354	-0.19049	-0.202418	-0.214145	-0.219481	-0.210962	-0.184059	-0.155447	-0.137466	-0.12685	-0.126271	-0.134572	-0.136239	-0.118812	-0.0995703	-0.080417	-0.0610606	-0.0359191	-0.00137603	0.042844	0.0898781	0.130173	0.167511	0.19391	
-0.164086	-0.17695	-0.196026	-0.208868	-0.209942	-0.202732	-0.190641	-0.170628	-0.150638	-0.146197	-0.153229	-0.169529	-0.188316	-0.20075	-0.201607	-0.196322	-0.191979	-0.185475	-0.159322	-0.105254	-0.0308074	0.0496505	0.132458	0.218249	0.301692	
-0.156859	-0.166578	-0.180943	-0.197826	-0.201283	-0.184162	-0.167878	-0.159838	-0.162645	-0.169612	-0.185163	-0.216851	-0.247973	-0.267617	-0.278798	-0.286563	-0.289904	-0.283026	-0.246684	-0.172909	-0.0774634	0.0285543	0.141138	0.263859	0.388781	
-0.127894	-0.148987	-0.165783	-0.179994	-0.18677	-0.174689	-0.15973	-0.158775	-0.181678	-0.206393	-0.2277	-0.266198	-0.305205	-0.326904	-0.339928	-0.349263	-0.35013	-0.328291	-0.275998	-0.186122	-0.0806749	0.0405257	0.170933	0.317473	0.468812	
-0.0955411	-0.125283	-0.151932	-0.167889	-0.165963	-0.161266	-0.157676	-0.169663	-0.204879	-0.24176	-0.270943	-0.308797	-0.346456	-0.361874	-0.365981	-0.367252	-0.353841	-0.312965	-0.241445	-0.145407	-0.036237	0.0892611	0.230134	0.388251	0.553616	
-0.0733641	-0.103864	-0.13893	-0.15627	-0.153285	-0.148599	-0.155314	-0.184136	-0.228756	-0.271371	-0.296452	-0.32536	-0.349452	-0.353252	-0.340728	-0.324155	-0.292728	-0.233528	-0.148604	-0.0510037	0.0573803	0.182353	0.327423	0.486813	0.655369	
-0.0657974	-0.0950773	-0.128797	-0.143776	-0.147258	-0.150632	-0.165797	-0.200511	-0.245843	-0.284815	-0.29988	-0.304798	-0.305051	-0.292062	-0.264503	-0.223514	-0.172636	-0.098553	-0.0070272	0.0923913	0.200516	0.3248	0.466993	0.619635	0.777913	
-0.0620661	-0.102011	-0.134399	-0.147347	-0.151275	-0.160557	-0.18507	-0.215448	-0.24739	-0.264468	-0.263559	-0.242238	-0.212086	-0.181639	-0.140291	-0.0785298	-0.00633201	0.0779332	0.172186	0.274515	0.38347	0.50652	0.636279	0.773222	0.906276	
-0.0584419	-0.102054	-0.134469	-0.151307	-0.15837	-0.168809	-0.184279	-0.207523	-0.220266	-0.210322	-0.184992	-0.141282	-0.0883063	-0.0408618	0.0116252	0.091494	0.182098	0.274247	0.36979	0.473379	0.583182	0.697808	0.808207	0.916354	1.01512	
-0.0503633	-0.090653	-0.117384	-0.129146	-0.135943	-0.146751	-0.14732	-0.148932	-0.14173	-0.110717	-0.0659617	-0.00412595	0.0614683	0.121028	0.183185	0.27618	0.379479	0.474791	0.568291	0.666948	0.770488	0.866028	0.949002	1.01813	1.07696	
-0.0328739	-0.0658447	-0.07983	-0.0780164	-0.0774206	-0.0792718	-0.0671673	-0.0466701	-0.0166309	0.0284771	0.0883499	0.158876	0.233337	0.300643	0.373869	0.473701	0.580088	0.672954	0.75647	0.842422	0.925851	0.99356	1.04094	1.06854	1.08542	
-0.0142822	-0.0252466	-0.0206132	-0.00848973	0.00509219	0.0189449	0.0475103	0.0852902	0.132681	0.188334	0.257582	0.334125	0.411877	0.484452	0.566922	0.66462	0.762475	0.842172	0.908602	0.970385	1.02295	1.05546	1.06554	1.0554	1.0345	
0.00162911	0.0143114	0.0392177	0.0659333	0.0862599	0.111976	0.150983	0.208944	0.269331	0.33291	0.405286	0.487666	0.567334	0.640866	0.727566	0.812263	0.891576	0.946792	0.991773	1.0201	1.03873	1.03294	1.01272	0.97171	0.925543	
0.0171888	0.0502659	0.0876449	0.116663	0.14284	0.179302	0.226115	0.29276	0.365466	0.436045	0.506156	0.589694	0.665291	0.737015	0.813152	0.878295	0.925801	0.954261	0.9703	0.967081	0.950241	0.914531	0.870474	0.8128	0.751827	
0.0296163	0.0704902	0.112366	0.140904	0.17023	0.211908	0.267548	0.33797	0.418176	0.489225	0.551868	0.626237	0.690748	0.751534	0.803339	0.839894	0.84965	0.850871	0.835972	0.806334	0.759023	0.704638	0.645207	0.583514	0.517857	
0.0286279	0.0746514	0.115551	0.144376	0.171067	0.216854	0.276044	0.345735	0.425382	0.48751	0.539075	0.589008	0.638997	0.676375	0.700561	0.699487	0.678532	0.652736	0.615367	0.564432	0.500179	0.436144	0.373377	0.314492	0.254954	
0.01698	0.061886	0.0994666	0.125557	0.156779	0.206646	0.263835	0.327984	0.395706	0.445483	0.477264	0.498757	0.525374	0.537776	0.530831	0.495467	0.451305	0.406445	0.354095	0.291453	0.221154	0.157683	0.0981911	0.0481865	-0.00174911	
0.00809817	0.0488823	0.0859893	0.115071	0.147361	0.190612	0.242165	0.29564	0.341603	0.370618	0.377324	0.371494	0.369671	0.360615	0.324576	0.265362	0.207681	0.153888	0.0958156	0.03006	-0.0351251	-0.092365	-0.141696	-0.182431	-0.219153	
0.0233822	0.0643888	0.0934779	0.119674	0.151086	0.185677	0.220972	0.252037	0.272783	0.276649	0.261959	0.229111	0.2036	0.176317	0.122524	0.0508832	-0.00975075	-0.0634905	-0.119728	-0.180223	-0.234492	-0.280973	-0.318322	-0.349665	-0.373768	
0.0721457	0.103675	0.127934	0.149282	0.172941	0.19192	0.205446	0.214257	0.206031	0.186207	0.152911	0.103771	0.0593504	0.0197198	-0.0426328	-0.113615	-0.171361	-0.218574	-0.269989	-0.318927	-0.362076	-0.395293	-0.423409	-0.444976	-0.460939	
0.146083	0.166763	0.181393	0.193765	0.204669	0.201963	0.193371	0.177227	0.144519	0.106267	0.0594847	0.00461428	-0.0517599	-0.0973459	-0.158717	-0.220093	-0.269	-0.309323	-0.350294	-0.388162	-0.417274	-0.440998	-0.458986	-0.474367	-0.483127	
0.22605	0.229567	0.22498	0.222263	0.218904	0.199732	0.168512	0.128371	0.081027	0.0326979	-0.0163853	-0.0704158	-0.127149	-0.174712	-0.225664	-0.270757	-0.308608	-0.34037	-0.370521	-0.395031	-0.412785	-0.42736	-0.438196	-0.447761	-0.451964	
0.285747	0.264163	0.247731	0.232227	0.207647	0.17244	0.126425	0.0727107	0.0155177	-0.0370938	-0.0823521	-0.128039	-0.179031	-0.225992	-0.263288	-0.289009	-0.316263	-0.339416	-0.359931	-0.370586	-0.379873	-0.385813	-0.392023	-0.395525	-0.397161	
0.325289	0.281276	0.244933	0.214042	0.177921	0.130438	0.0725011	0.00709167	-0.0526265	-0.101511	-0.142187	-0.17747	-0.219969	-0.263799	-0.285656	-0.295974	-0.310401	-0.329432	-0.337333	-0.339628	-0.3388	-0.340362	-0.340765	-0.340372	-0.339148	
0.341677	0.281694	0.234582	0.194362	0.147345	0.0947592	0.0307856	-0.0396192	-0.0999516	-0.146211	-0.181169	-0.209764	-0.244908	-0.28679	-0.298534	-0.298045	-0.305502	-0.320584	-0.322092	-0.317588	-0.311974	-0.309773	-0.307451	-0.304079	-0.301177	
0.342045	0.278933	0.23264	0.192542	0.141576	0.0873353	0.0240685	-0.0465469	-0.106762	-0.154147	-0.187246	-0.214768	-0.248788	-0.2904	-0.301505	-0.297925	-0.305794	-0.318899	-0.321	-0.313947	-0.308848	-0.305018	-0.303108	-0.298701	-0.29579	
0.335291	0.283415	0.240111	0.204353	0.16439	0.11382	0.0524648	-0.0162252	-0.0757916	-0.123221	-0.16148	-0.193563	-0.23228	-0.275223	-0.29206	-0.297045	-0.307729	-0.325102	-0.329616	-0.328621	-0.325316	-0.324926	-0.324214	-0.322165	-0.320251	
0.303626	0.27319	0.24964	0.227365	0.196689	0.156469	0.105493	0.0468825	-0.0126617	-0.0638743	-0.10768	-0.148914	-0.196406	-0.242781	-0.27352	-0.292769	-0.314121	-0.336142	-0.350974	-0.358296	-0.362862	-0.36709	-0.370797	-0.372827	-0.372895	
0.252165	0.246093	0.236796	0.229852	0.217801	0.191435	0.154117	0.107595	0.0562079	0.00438588	-0.0431289	-0.0946043	-0.149341	-0.197198	-0.243598	-0.280129	-0.314416	-0.342036	-0.369261	-0.387288	-0.402009	-0.412461	-0.421857	-0.42882	-0.431681	
0.179841	0.194569	0.200947	0.207164	0.213383	0.203414	0.184781	0.158607	0.118967	0.0759334	0.0268525	-0.0283757	-0.0857598	-0.132646	-0.190519	-0.246096	-0.29007	-0.327444	-0.363789	-0.396659	-0.420461	-0.440591	-0.455409	-0.468518	-0.474964	
0.0980543	0.126483	0.149211	0.167384	0.18557	0.196377	0.201617	0.201274	0.181363	0.153568	0.113602	0.0615631	0.0107227	-0.0318828	-0.0953112	-0.163664	-0.217946	-0.263067	-0.310395	-0.355654	-0.392424	-0.422342	-0.445674	-0.465257	-0.477383	
0.0395202	0.077475	0.103276	0.128348	0.158249	0.186993	0.21309	0.235386	0.24537	0.23879	0.21662	0.175393	0.142132	0.109172	0.0508974	-0.0219967	-0.081905	-0.133272	-0.188242	-0.244358	-0.294232	-0.335348	-0.368731	-0.396075	-0.416436	
0.0105037	0.0512498	0.0862359	0.11457	0.146898	0.186671	0.232906	0.278897	0.314767	0.333973	0.331501	0.314275	0.302337	0.285512	0.241121	0.174995	0.115391	0.0606343	0.00260778	-0.0618995	-0.123279	-0.176353	-0.221117	-0.257583	-0.2897	
0.011465	0.0543973	0.0926616	0.119665	0.151398	0.199919	0.256383	0.316682	0.376521	0.419082	0.440985	0.451611	0.46628	0.470378	0.450285	0.404543	0.352857	0.304014	0.247643	0.183231	0.113257	0.0520688	-0.00413092	-0.05015	-0.0954277	
0.0255148	0.071296	0.109914	0.137885	0.16659	0.214533	0.272085	0.340015	0.41712	0.4752	0.519286	0.557893	0.599665	0.627148	0.639153	0.623484	0.59199	0.5577	0.51344	0.45669	0.388563	0.323746	0.261742	0.205904	0.149882	
0.0307124	0.0734798	0.116661	0.145589	0.173156	0.216357	0.274719	0.345856	0.426578	0.494845	0.553535	0.619877	0.679014	0.731169	0.772625	0.794296	0.790721	0.780473	0.755882	0.716552	0.660868	0.601388	0.539424	0.478252	0.413877	
0.0234155	0.0607531	0.100489	0.129009	0.156676	0.196815	0.24746	0.314835	0.391777	0.463431	0.53182	0.612828	0.684745	0.753284	0.821301	0.876232	0.908282	0.926154	0.929373	0.915176	0.884742	0.840507	0.788788	0.728577	0.664304	
0.00785715	0.0296555	0.0603977	0.0894047	0.113222	0.14324	0.184369	0.247169	0.313412	0.380238	0.45186	0.535676	0.614514	0.688052	0.77253	0.850321	0.918173	0.962778	0.996984	1.01216	1.01658	0.997393	0.966769	0.917363	0.86416	
-0.00798952	-0.00875602	0.00446121	0.022471	0.0389457	0.0575484	0.092215	0.138982	0.191059	0.249525	0.321174	0.40051	0.479276	0.552202	0.637659	0.731194	0.823237	0.893721	0.952336	1.00125	1.04057	1.0574	1.05434	1.03067	0.998075	
-0.0243818	-0.0502206	-0.0580365	-0.0518104	-0.0464428	-0.0416272	-0.0227862	0.00404833	0.0413107	0.091382	0.156307	0.228792	0.305183	0.374728	0.45222	0.552419	0.657036	0.745729	0.823336	0.900929	0.973206	1.02731	1.05975	1.07126	1.07236	
-0.044478	-0.0829976	-0.105273	-0.111999	-0.116142	-0.125004	-0.120579	-0.112932	-0.0960899	-0.0584744	-0.00772403	0.058613	0.128314	0.19158	0.257475	0.354529	0.460146	0.555488	0.645737	0.740666	0.837648	0.923182	0.992562	1.0449	1.08685	
-0.0566764	-0.098489	-0.128956	-0.145775	-0.154563	-0.165772	-0.174639	-0.18979	-0.195461	-0.176605	-0.142848	-0.0905205	-0.0312817	0.0210586	0.0776021	0.163246	0.260328	0.353848	0.449669	0.551796	0.660731	0.76889	0.869507	0.962794	1.04616	
-0.0599328	-0.10329	-0.136846	-0.151012	-0.155551	-0.165084	-0.188307	-0.216975	-0.241727	-0.247618	-0.237052	-0.206133	-0.165856	-0.128134	-0.0820871	-0.0123804	0.0674179	0.15542	0.250187	0.353511	0.463122	0.583942	0.706823	0.83369	0.954181	
-0.0654429	-0.0972629	-0.12947	-0.14315	-0.147302	-0.154092	-0.173647	-0.207207	-0.24833	-0.280486	-0.290066	-0.284618	-0.272698	-0.252635	-0.219313	-0.169666	-0.110395	-0.0315918	0.0609519	0.161715	0.269755	0.394106	0.531937	0.680107	0.8296	
-0.0687276	-0.0980675	-0.133268	-0.149907	-0.150119	-0.148198	-0.158017	-0.19044	-0.237164	-0.279888	-0.301946	-0.322275	-0.338102	-0.335226	-0.316551	-0.290469	-0.251106	-0.185619	-0.0970084	0.000832465	0.109497	0.233421	0.378885	0.536258	0.702892	
