0.297074	0.07165	-0.156619	-0.358474	-0.512554	-0.613753	-0.650418	-0.624146	-0.536268	-0.411178	-0.264651	-0.114656	0.0225282	0.119583	0.16772	0.166945	0.134943	0.0764737	0.000534544	-0.0710024	-0.119173	-0.134562	-0.11046	-0.0450831	0.0599574	
0.07165	-0.144547	-0.350138	-0.521166	-0.642009	-0.709955	-0.71383	-0.65907	-0.559863	-0.430307	-0.287722	-0.142571	-0.0107968	0.0777331	0.110109	0.0936787	0.0474355	-0.0187622	-0.093649	-0.146192	-0.169128	-0.163459	-0.127754	-0.0454578	0.0785325	
-0.156619	-0.350138	-0.523855	-0.663688	-0.756021	-0.794721	-0.771591	-0.694505	-0.590089	-0.462942	-0.325365	-0.186252	-0.0647836	0.01508	0.0428009	0.0265601	-0.0217557	-0.0919039	-0.158251	-0.194393	-0.196049	-0.176001	-0.128651	-0.0319953	0.112341	
-0.358474	-0.521166	-0.663688	-0.774147	-0.839719	-0.851282	-0.812276	-0.730229	-0.624263	-0.502074	-0.370118	-0.242755	-0.132414	-0.0566851	-0.0299291	-0.0390524	-0.0850639	-0.1446	-0.196928	-0.21925	-0.205035	-0.167687	-0.102843	0.00664314	0.170104	
-0.512554	-0.642009	-0.756021	-0.839719	-0.878065	-0.868025	-0.822173	-0.753342	-0.659156	-0.549904	-0.427178	-0.310262	-0.211307	-0.143626	-0.113591	-0.113076	-0.143233	-0.18804	-0.222542	-0.227389	-0.193721	-0.131703	-0.048923	0.0721779	0.25057	
-0.613753	-0.709955	-0.794721	-0.851282	-0.868025	-0.854521	-0.821231	-0.772151	-0.699964	-0.607519	-0.503249	-0.395005	-0.306735	-0.247742	-0.215409	-0.205003	-0.222145	-0.246983	-0.25825	-0.232844	-0.170523	-0.0780978	0.0299804	0.166282	0.345771	
-0.650418	-0.71383	-0.771591	-0.812276	-0.822173	-0.821231	-0.810921	-0.787028	-0.744471	-0.67562	-0.593281	-0.506489	-0.429244	-0.373397	-0.337484	-0.314515	-0.31351	-0.30384	-0.279243	-0.225646	-0.13412	-0.0139158	0.122208	0.270961	0.437277	
-0.624146	-0.65907	-0.694505	-0.730229	-0.753342	-0.772151	-0.787028	-0.795607	-0.785255	-0.750393	-0.694616	-0.629104	-0.567478	-0.51476	-0.475477	-0.435753	-0.397935	-0.345132	-0.284318	-0.206711	-0.0913142	0.0496575	0.204326	0.360762	0.509672	
-0.536268	-0.559863	-0.590089	-0.624263	-0.659156	-0.699964	-0.744471	-0.785255	-0.809058	-0.809514	-0.787189	-0.748712	-0.700167	-0.652268	-0.603527	-0.540216	-0.463761	-0.369613	-0.274809	-0.176137	-0.0493598	0.0961053	0.252707	0.408209	0.539339	
-0.411178	-0.430307	-0.462942	-0.502074	-0.549904	-0.607519	-0.67562	-0.750393	-0.809514	-0.844894	-0.853619	-0.834916	-0.800222	-0.752063	-0.687096	-0.606712	-0.504363	-0.380115	-0.258238	-0.142942	-0.0177446	0.123408	0.2686	0.405669	0.511566	
-0.264651	-0.287722	-0.325365	-0.370118	-0.427178	-0.503249	-0.593281	-0.694616	-0.787189	-0.853619	-0.884541	-0.87823	-0.846652	-0.796561	-0.720893	-0.628751	-0.513929	-0.375632	-0.238376	-0.117528	0.00694772	0.136755	0.254601	0.359209	0.432978	
-0.114656	-0.142571	-0.186252	-0.242755	-0.310262	-0.395005	-0.506489	-0.629104	-0.748712	-0.834916	-0.87823	-0.8788	-0.845631	-0.789176	-0.703577	-0.602379	-0.48658	-0.34931	-0.208671	-0.0817015	0.0347074	0.139649	0.224037	0.289448	0.333428	
0.0225282	-0.0107968	-0.0647836	-0.132414	-0.211307	-0.306735	-0.429244	-0.567478	-0.700167	-0.800222	-0.846652	-0.845631	-0.805888	-0.735092	-0.637917	-0.531151	-0.422045	-0.297121	-0.160048	-0.0362892	0.0642488	0.143514	0.197672	0.229811	0.238999	
0.119583	0.0777331	0.01508	-0.0566851	-0.143626	-0.247742	-0.373397	-0.51476	-0.652268	-0.752063	-0.796561	-0.789176	-0.735092	-0.646323	-0.538178	-0.429037	-0.323672	-0.21386	-0.0951611	0.013413	0.100673	0.162954	0.193531	0.19445	0.175611	
0.16772	0.110109	0.0428009	-0.0299291	-0.113591	-0.215409	-0.337484	-0.475477	-0.603527	-0.687096	-0.720893	-0.703577	-0.637917	-0.538178	-0.426181	-0.316381	-0.214162	-0.118852	-0.0200148	0.0826408	0.164833	0.213926	0.225891	0.207135	0.171544	
0.166945	0.0936787	0.0265601	-0.0390524	-0.113076	-0.205003	-0.314515	-0.435753	-0.540216	-0.606712	-0.628751	-0.602379	-0.531151	-0.429037	-0.316381	-0.206129	-0.110599	-0.020341	0.0808555	0.185926	0.267324	0.306646	0.311239	0.284406	0.233425	
0.134943	0.0474355	-0.0217557	-0.0850639	-0.143233	-0.222145	-0.31351	-0.397935	-0.463761	-0.504363	-0.513929	-0.48658	-0.422045	-0.323672	-0.214162	-0.110599	-0.0141184	0.0903688	0.207848	0.317285	0.401275	0.45104	0.458897	0.421011	0.354241	
0.0764737	-0.0187622	-0.0919039	-0.1446	-0.18804	-0.246983	-0.30384	-0.345132	-0.369613	-0.380115	-0.375632	-0.34931	-0.297121	-0.21386	-0.118852	-0.020341	0.0903688	0.217771	0.345369	0.461035	0.561452	0.631725	0.648808	0.606607	0.537502	
0.000534544	-0.093649	-0.158251	-0.196928	-0.222542	-0.25825	-0.279243	-0.284318	-0.274809	-0.258238	-0.238376	-0.208671	-0.160048	-0.0951611	-0.0200148	0.0808555	0.207848	0.345369	0.483334	0.612564	0.731403	0.81421	0.840249	0.816459	0.758938	
-0.0710024	-0.146192	-0.194393	-0.21925	-0.227389	-0.232844	-0.225646	-0.206711	-0.176137	-0.142942	-0.117528	-0.0817015	-0.0362892	0.013413	0.0826408	0.185926	0.317285	0.461035	0.612564	0.762815	0.892657	0.983022	1.02588	1.0211	0.975178	
-0.119173	-0.169128	-0.196049	-0.205035	-0.193721	-0.170523	-0.13412	-0.0913142	-0.0493598	-0.0177446	0.00694772	0.0347074	0.0642488	0.100673	0.164833	0.267324	0.401275	0.561452	0.731403	0.892657	1.03664	1.14283	1.19661	1.19903	1.15531	
-0.134562	-0.163459	-0.176001	-0.167687	-0.131703	-0.0780978	-0.0139158	0.0496575	0.0961053	0.123408	0.136755	0.139649	0.143514	0.162954	0.213926	0.306646	0.45104	0.631725	0.81421	0.983022	1.14283	1.26178	1.31309	1.31483	1.28144	
-0.11046	-0.127754	-0.128651	-0.102843	-0.048923	0.0299804	0.122208	0.204326	0.252707	0.2686	0.254601	0.224037	0.197672	0.193531	0.225891	0.311239	0.458897	0.648808	0.840249	1.02588	1.19661	1.31309	1.35534	1.35931	1.34006	
-0.0450831	-0.0454578	-0.0319953	0.00664314	0.0721779	0.166282	0.270961	0.360762	0.408209	0.405669	0.359209	0.289448	0.229811	0.19445	0.207135	0.284406	0.421011	0.606607	0.816459	1.0211	1.19903	1.31483	1.35931	1.36581	1.34686	
0.0599574	0.0785325	0.112341	0.170104	0.25057	0.345771	0.437277	0.509672	0.539339	0.511566	0.432978	0.333428	0.238999	0.175611	0.171544	0.233425	0.354241	0.537502	0.758938	0.975178	1.15531	1.28144	1.34006	1.34686	1.31331	
0.187143	0.230012	0.286221	0.365529	0.457552	0.546628	0.61456	0.654341	0.64677	0.585658	0.479035	0.350384	0.230426	0.148772	0.128287	0.170939	0.278343	0.457256	0.677405	0.895668	1.08275	1.21722	1.28599	1.29273	1.25133	
0.315935	0.382136	0.460172	0.555218	0.65719	0.738678	0.785713	0.791082	0.747714	0.653425	0.516563	0.357355	0.215236	0.118884	0.0767266	0.0995463	0.195922	0.362803	0.575812	0.796569	0.994591	1.13664	1.20816	1.22017	1.17658	
0.429808	0.516258	0.612118	0.721266	0.829608	0.909218	0.942681	0.91683	0.833626	0.706247	0.539018	0.357345	0.19253	0.0735156	0.016749	0.0332096	0.128302	0.289209	0.492775	0.710736	0.905577	1.0486	1.12657	1.13755	1.0876	
0.522377	0.624598	0.736689	0.852198	0.965714	1.04384	1.06482	1.01181	0.895504	0.735745	0.548709	0.349691	0.163774	0.0241468	-0.0414278	-0.0202822	0.0799243	0.241941	0.447326	0.656479	0.841816	0.983133	1.06425	1.06995	1.00485	
0.587461	0.702439	0.821242	0.937036	1.04965	1.12525	1.14201	1.07797	0.941358	0.758585	0.553391	0.342449	0.14058	-0.0116047	-0.076978	-0.0514784	0.0541655	0.222073	0.433677	0.645235	0.825867	0.963352	1.04062	1.03616	0.961068	
0.599208	0.716419	0.837466	0.95283	1.06361	1.13889	1.15639	1.09119	0.950483	0.763084	0.554518	0.341728	0.136151	-0.0181655	-0.08321	-0.0566801	0.0493649	0.218703	0.431137	0.644977	0.826394	0.962296	1.03808	1.03184	0.955144	
0.553205	0.661277	0.776444	0.8929	1.00724	1.08415	1.10193	1.04262	0.91613	0.745754	0.551117	0.345882	0.153441	0.00738974	-0.0587669	-0.0357498	0.0676801	0.231409	0.439145	0.648168	0.831158	0.970326	1.05003	1.05179	0.982575	
0.46952	0.561849	0.665037	0.778247	0.889282	0.96753	0.996276	0.958402	0.861223	0.719935	0.543108	0.354737	0.181012	0.0530357	-0.00791202	0.00962778	0.106037	0.266875	0.469806	0.683919	0.874385	1.01743	1.09768	1.10763	1.05123	
0.363186	0.439486	0.524855	0.625142	0.729677	0.810747	0.851414	0.844249	0.78436	0.677443	0.528388	0.358323	0.207613	0.102238	0.0541223	0.0720157	0.16607	0.329458	0.538816	0.759426	0.958163	1.10134	1.17594	1.18703	1.1428	
0.239671	0.29123	0.356574	0.443318	0.540439	0.625444	0.684616	0.709505	0.688078	0.613313	0.494352	0.353411	0.22479	0.137895	0.108798	0.142605	0.245406	0.419971	0.637649	0.856719	1.04901	1.187	1.25571	1.26492	1.22275	
0.109411	0.137874	0.180429	0.246611	0.331448	0.425197	0.507993	0.568852	0.583587	0.543252	0.453897	0.343072	0.237253	0.165008	0.154871	0.209415	0.324764	0.507394	0.729054	0.947063	1.12902	1.25851	1.32266	1.32883	1.29141	
-0.0068622	-0.000354056	0.0204693	0.0658391	0.13756	0.233517	0.335244	0.420875	0.464613	0.452798	0.39308	0.310236	0.236043	0.188347	0.194133	0.26619	0.396172	0.580099	0.796681	1.00694	1.18613	1.30538	1.35535	1.36281	1.33762	
-0.0892361	-0.100602	-0.0965899	-0.0653917	-0.00651274	0.0799151	0.17984	0.267563	0.316381	0.325429	0.298234	0.252345	0.21321	0.19702	0.22125	0.304503	0.449234	0.638142	0.836094	1.02978	1.20328	1.3185	1.35946	1.36422	1.3476	
-0.130136	-0.153891	-0.16134	-0.146242	-0.102078	-0.0364749	0.0395715	0.110301	0.157235	0.181301	0.186022	0.176199	0.167775	0.179434	0.222753	0.31192	0.458987	0.645638	0.831122	1.00538	1.1708	1.29011	1.33759	1.3401	1.3128	
-0.12957	-0.169817	-0.190467	-0.192001	-0.171148	-0.136205	-0.0891023	-0.0370225	0.00770111	0.037997	0.0594317	0.0782726	0.0983471	0.129035	0.189059	0.288125	0.426458	0.595347	0.771332	0.93485	1.0854	1.19804	1.25216	1.2545	1.21361	
-0.0939234	-0.15954	-0.198262	-0.217502	-0.218491	-0.212352	-0.193412	-0.165334	-0.128665	-0.0952058	-0.0689147	-0.0334312	0.00642318	0.0511625	0.11841	0.222759	0.354109	0.50263	0.6613	0.81774	0.952564	1.0488	1.09735	1.09751	1.05206	
-0.0294225	-0.117714	-0.177321	-0.210655	-0.229294	-0.252532	-0.262412	-0.256494	-0.237148	-0.211623	-0.18867	-0.156781	-0.107858	-0.0495683	0.0214978	0.123723	0.254055	0.393708	0.536999	0.674488	0.797902	0.882707	0.915282	0.89931	0.847859	
0.0471462	-0.0497271	-0.120724	-0.167369	-0.203766	-0.25529	-0.296551	-0.321969	-0.330611	-0.32987	-0.319096	-0.291989	-0.242312	-0.166507	-0.08005	0.018317	0.136352	0.269302	0.40082	0.52083	0.629268	0.706313	0.726592	0.690135	0.624262	
0.114886	0.0239553	-0.0477482	-0.108642	-0.160746	-0.23201	-0.311136	-0.378097	-0.428018	-0.456626	-0.459794	-0.433528	-0.374509	-0.281101	-0.17571	-0.0742512	0.0263983	0.140209	0.262381	0.373796	0.46315	0.521022	0.532247	0.490051	0.420516	
0.1571	0.077267	0.00980737	-0.0541161	-0.121849	-0.209027	-0.312698	-0.421561	-0.511455	-0.568949	-0.587166	-0.559083	-0.488253	-0.386702	-0.274098	-0.167024	-0.0717878	0.0220102	0.129004	0.235896	0.317391	0.35843	0.363152	0.331931	0.274496	
0.172627	0.108492	0.0419847	-0.0290847	-0.109882	-0.2084	-0.325936	-0.459103	-0.579822	-0.656844	-0.685085	-0.664336	-0.595118	-0.493572	-0.38188	-0.271417	-0.172133	-0.0805274	0.0166511	0.119597	0.201307	0.245369	0.252627	0.230669	0.189119	
0.144984	0.0969857	0.0318233	-0.0409842	-0.127443	-0.232065	-0.357388	-0.498547	-0.634255	-0.72815	-0.768874	-0.757981	-0.699047	-0.604893	-0.493426	-0.383988	-0.279662	-0.175956	-0.066945	0.0377938	0.121867	0.178284	0.201092	0.192284	0.165607	
0.0673647	0.0311871	-0.0271877	-0.0963923	-0.179514	-0.279565	-0.404488	-0.544492	-0.67996	-0.782539	-0.829944	-0.826214	-0.780581	-0.703088	-0.601202	-0.492753	-0.385783	-0.266853	-0.135469	-0.0173599	0.0774376	0.148661	0.192755	0.211689	0.208196	
-0.0570764	-0.0867953	-0.133665	-0.196096	-0.268108	-0.356518	-0.472857	-0.603453	-0.729553	-0.822812	-0.868032	-0.868748	-0.83404	-0.772456	-0.682715	-0.578974	-0.465491	-0.332679	-0.191568	-0.0640898	0.0466109	0.141033	0.211997	0.263913	0.293966	
-0.204016	-0.229983	-0.269919	-0.317251	-0.378413	-0.458889	-0.559142	-0.668904	-0.773796	-0.848568	-0.886175	-0.883631	-0.851844	-0.799362	-0.71996	-0.623966	-0.507506	-0.367274	-0.2279	-0.104849	0.0170032	0.13817	0.243056	0.331473	0.393809	
