-0.116861	-0.228424	-0.337471	-0.429461	-0.489569	-0.502349	-0.457818	-0.376736	-0.273819	-0.160409	-0.0523089	0.0500481	0.116905	0.142741	0.139942	0.123453	0.0917175	0.0523927	0.00374269	-0.054253	-0.120343	-0.183471	-0.259965	-0.361977	-0.481373	
-0.0516768	-0.13888	-0.221258	-0.288359	-0.332125	-0.340144	-0.309078	-0.250204	-0.173049	-0.0861312	-0.00332707	0.0686653	0.11333	0.119606	0.0993777	0.0719253	0.0321106	-0.0122143	-0.0562364	-0.113989	-0.180371	-0.247733	-0.333631	-0.445649	-0.568771	
-0.0295109	-0.0915002	-0.148657	-0.186111	-0.212507	-0.218241	-0.197761	-0.165488	-0.116437	-0.0532997	0.00277065	0.0487067	0.0771279	0.0644754	0.0303108	-0.00429	-0.0436555	-0.0772138	-0.107025	-0.151746	-0.212612	-0.289548	-0.387038	-0.506021	-0.639335	
-0.0416811	-0.0854543	-0.119087	-0.135936	-0.148864	-0.152181	-0.141015	-0.127489	-0.100807	-0.0593183	-0.0174017	0.0112861	0.02541	0.00237311	-0.0420165	-0.081964	-0.114751	-0.136853	-0.144627	-0.168176	-0.223383	-0.302632	-0.408552	-0.538201	-0.683338	
-0.0696925	-0.107052	-0.132786	-0.135784	-0.13786	-0.139184	-0.13588	-0.135428	-0.119984	-0.0846745	-0.0487469	-0.0253549	-0.0208846	-0.049496	-0.0959453	-0.14014	-0.16773	-0.176591	-0.169631	-0.180887	-0.222015	-0.294498	-0.401195	-0.535021	-0.685143	
-0.115121	-0.149986	-0.17409	-0.174975	-0.171621	-0.171736	-0.173062	-0.176325	-0.162088	-0.129588	-0.0943317	-0.0684457	-0.0663965	-0.0933208	-0.133878	-0.174102	-0.193227	-0.188599	-0.177015	-0.177028	-0.203542	-0.264273	-0.361587	-0.488495	-0.633315	
-0.189199	-0.217649	-0.231832	-0.237131	-0.23558	-0.233782	-0.237561	-0.235016	-0.224285	-0.202388	-0.168551	-0.138028	-0.126475	-0.134805	-0.155452	-0.179903	-0.193181	-0.182837	-0.163483	-0.15442	-0.166026	-0.214783	-0.291108	-0.396092	-0.528356	
-0.279166	-0.29703	-0.301279	-0.305598	-0.305834	-0.303961	-0.307879	-0.302616	-0.299221	-0.28893	-0.259397	-0.223715	-0.191672	-0.169802	-0.162775	-0.172397	-0.181299	-0.169736	-0.142923	-0.123133	-0.120647	-0.142633	-0.191556	-0.271288	-0.386587	
-0.368278	-0.379814	-0.376572	-0.371013	-0.367263	-0.367063	-0.369547	-0.374131	-0.379212	-0.375696	-0.348204	-0.298887	-0.243857	-0.191972	-0.159304	-0.154558	-0.154375	-0.142573	-0.11474	-0.0813351	-0.060588	-0.0590719	-0.0806376	-0.143049	-0.232949	
-0.437941	-0.446025	-0.432749	-0.412824	-0.40226	-0.401943	-0.406857	-0.424606	-0.443104	-0.445129	-0.415441	-0.353548	-0.277905	-0.201251	-0.143693	-0.118627	-0.106697	-0.0942665	-0.0635746	-0.0167918	0.0131477	0.0187169	0.00597014	-0.0369453	-0.100927	
-0.467858	-0.472083	-0.446175	-0.415611	-0.398447	-0.395804	-0.406689	-0.433118	-0.464301	-0.473923	-0.446089	-0.382159	-0.292831	-0.195752	-0.119098	-0.0724731	-0.0465581	-0.0229781	0.0187845	0.065779	0.0910785	0.0864232	0.0660807	0.0276089	-0.0222701	
-0.45641	-0.449022	-0.412482	-0.373468	-0.349133	-0.34387	-0.361982	-0.396143	-0.43615	-0.458837	-0.438401	-0.3794	-0.284674	-0.178375	-0.087436	-0.0212927	0.0284857	0.0711004	0.116283	0.151211	0.163275	0.14773	0.113471	0.0693716	0.0209882	
-0.402777	-0.378461	-0.327078	-0.27676	-0.240221	-0.233012	-0.259423	-0.306023	-0.358902	-0.398942	-0.392484	-0.339626	-0.251938	-0.146414	-0.0451576	0.0394499	0.115081	0.173442	0.213413	0.234238	0.224775	0.190921	0.139791	0.0866722	0.0439576	
-0.308	-0.264433	-0.199831	-0.139325	-0.0934442	-0.0850194	-0.117779	-0.174748	-0.239182	-0.29571	-0.308949	-0.267172	-0.190382	-0.0859048	0.0234566	0.11856	0.208455	0.276479	0.310356	0.311088	0.272776	0.218513	0.155842	0.101259	0.0668745	
-0.172997	-0.113906	-0.0466743	0.0100733	0.0527938	0.0598709	0.0297215	-0.022346	-0.0869065	-0.151932	-0.186919	-0.16026	-0.0950369	0.00919263	0.120652	0.218555	0.30996	0.377051	0.398234	0.377978	0.318749	0.24733	0.181578	0.127249	0.0982393	
-0.00436421	0.0599741	0.120203	0.163608	0.192017	0.196525	0.176739	0.139975	0.0852845	0.0199986	-0.0267541	-0.0198839	0.034314	0.129926	0.237419	0.333974	0.415878	0.465165	0.472234	0.442499	0.378123	0.301452	0.229026	0.176396	0.149526	
0.181396	0.239794	0.29127	0.320877	0.336071	0.340323	0.327637	0.305166	0.263136	0.203075	0.157732	0.14437	0.181494	0.259878	0.353773	0.441664	0.511879	0.546076	0.550824	0.521983	0.459158	0.379599	0.305676	0.253915	0.22401	
0.354784	0.406443	0.452426	0.482174	0.49407	0.496129	0.488757	0.466534	0.426474	0.375119	0.328538	0.305278	0.324728	0.377249	0.452795	0.52968	0.59204	0.625856	0.632273	0.608592	0.552171	0.473766	0.40438	0.355209	0.328611	
0.495965	0.54687	0.594603	0.628064	0.641892	0.642468	0.636778	0.609531	0.567143	0.515541	0.469758	0.440527	0.442753	0.470678	0.526364	0.594809	0.654647	0.691625	0.703567	0.694596	0.653886	0.589684	0.529417	0.489488	0.478225	
0.602418	0.658121	0.711553	0.750206	0.766678	0.768641	0.759796	0.729087	0.680364	0.623928	0.574664	0.540415	0.526876	0.538935	0.577541	0.635511	0.692116	0.731722	0.757331	0.762301	0.737748	0.697612	0.657263	0.638378	0.64315	
0.669131	0.729221	0.788056	0.835307	0.857342	0.861163	0.847071	0.809451	0.7531	0.692884	0.638658	0.603284	0.580971	0.577539	0.599556	0.643559	0.695533	0.741181	0.776337	0.786005	0.776507	0.759145	0.749958	0.759423	0.785212	
0.690476	0.743122	0.796945	0.839999	0.865209	0.869974	0.852278	0.816494	0.764598	0.711208	0.663295	0.62919	0.597088	0.574169	0.570485	0.596291	0.64214	0.694861	0.736892	0.755848	0.761726	0.766213	0.791003	0.830827	0.886228	
0.65293	0.689251	0.724245	0.749094	0.76612	0.769589	0.757024	0.735487	0.70382	0.668054	0.629704	0.592753	0.552109	0.511571	0.483378	0.483433	0.510465	0.560036	0.609742	0.644767	0.670007	0.706984	0.769862	0.849381	0.936542	
0.532162	0.555454	0.565148	0.56532	0.566536	0.567607	0.565358	0.56548	0.5616	0.542555	0.512925	0.469533	0.424019	0.373662	0.328031	0.301221	0.305047	0.338774	0.389667	0.444603	0.502289	0.580728	0.683722	0.800749	0.915491	
0.327747	0.335119	0.322287	0.303728	0.292919	0.291726	0.298225	0.314236	0.33267	0.332915	0.313557	0.270552	0.218778	0.156925	0.0961383	0.048928	0.0346105	0.0533362	0.100031	0.171721	0.26575	0.381303	0.523025	0.667472	0.807514	
0.0480591	0.0363652	0.00940884	-0.0131169	-0.0243216	-0.0260469	-0.0189676	-0.000911072	0.0259979	0.0458834	0.0436491	0.0132749	-0.0407894	-0.111787	-0.185359	-0.247351	-0.277055	-0.270125	-0.228277	-0.148345	-0.0309156	0.117975	0.296312	0.476234	0.639952	
-0.263494	-0.291952	-0.325544	-0.352731	-0.364131	-0.364972	-0.359206	-0.337577	-0.305541	-0.272886	-0.257483	-0.272039	-0.327946	-0.403365	-0.492354	-0.567704	-0.608157	-0.610647	-0.565904	-0.471812	-0.335685	-0.161228	0.0371079	0.238922	0.425067	
-0.573308	-0.605955	-0.641932	-0.669322	-0.684693	-0.687384	-0.677245	-0.653885	-0.621124	-0.584828	-0.561214	-0.562869	-0.610764	-0.689001	-0.781651	-0.868238	-0.920318	-0.925304	-0.87036	-0.755555	-0.597442	-0.411385	-0.210143	-0.000661374	0.201106	
-0.827613	-0.861407	-0.892365	-0.917632	-0.931585	-0.933798	-0.924834	-0.903641	-0.873839	-0.841781	-0.807285	-0.802672	-0.845273	-0.927783	-1.02582	-1.1209	-1.17753	-1.17589	-1.10121	-0.964256	-0.795567	-0.608777	-0.405492	-0.196183	0.016682	
-0.978317	-1.01907	-1.04874	-1.06876	-1.0786	-1.0799	-1.07417	-1.05783	-1.03193	-0.996158	-0.952049	-0.938172	-0.982627	-1.07662	-1.18595	-1.28659	-1.33901	-1.3248	-1.23332	-1.08121	-0.906915	-0.716699	-0.513042	-0.302912	-0.0854692	
-1.00446	-1.04742	-1.07683	-1.09563	-1.10443	-1.10527	-1.10072	-1.08533	-1.06043	-1.02326	-0.976581	-0.960565	-1.00523	-1.10255	-1.21526	-1.31648	-1.36728	-1.35031	-1.25553	-1.10166	-0.925117	-0.732923	-0.529822	-0.31897	-0.101433	
-0.901724	-0.938375	-0.967581	-0.991171	-1.00328	-1.00478	-0.997599	-0.978139	-0.950248	-0.91769	-0.878898	-0.870403	-0.914066	-1.00016	-1.10334	-1.20053	-1.2562	-1.24927	-1.16683	-1.02275	-0.851541	-0.663874	-0.460193	-0.250521	-0.035458	
-0.684872	-0.71776	-0.752272	-0.778729	-0.794497	-0.79722	-0.786653	-0.763978	-0.732133	-0.697371	-0.669748	-0.668503	-0.71327	-0.792852	-0.886278	-0.976497	-1.03211	-1.03546	-0.973276	-0.84893	-0.685056	-0.49913	-0.296682	-0.0868906	0.120408	
-0.390548	-0.421568	-0.456979	-0.485015	-0.49784	-0.499156	-0.49224	-0.469248	-0.436299	-0.401262	-0.381051	-0.389937	-0.443412	-0.520226	-0.612128	-0.692318	-0.737041	-0.741969	-0.694197	-0.5925	-0.446931	-0.266206	-0.0659233	0.140065	0.333634	
-0.0745067	-0.0941059	-0.124358	-0.148337	-0.159136	-0.160656	-0.154104	-0.135294	-0.106291	-0.0796502	-0.0748717	-0.0983437	-0.153793	-0.227069	-0.307099	-0.37489	-0.408992	-0.406714	-0.364608	-0.280254	-0.155718	0.00549639	0.194246	0.385534	0.558662	
0.222582	0.223308	0.203127	0.181763	0.16967	0.167468	0.175685	0.193441	0.21709	0.225351	0.212319	0.172704	0.119962	0.0536563	-0.0115912	-0.0654067	-0.0862669	-0.0725311	-0.0280204	0.0480603	0.152747	0.282047	0.438843	0.597762	0.746606	
0.460712	0.47835	0.47857	0.469816	0.464949	0.464823	0.466923	0.474736	0.481026	0.469465	0.442469	0.398268	0.349952	0.295645	0.243532	0.207744	0.203819	0.23063	0.279627	0.342403	0.415283	0.509604	0.628973	0.755506	0.88177	
0.615007	0.645595	0.670357	0.685406	0.696501	0.69922	0.690257	0.677374	0.656625	0.628096	0.593167	0.553558	0.511048	0.46623	0.430157	0.419416	0.436777	0.481234	0.53258	0.574739	0.612156	0.665758	0.744046	0.840587	0.938591	
0.684851	0.730507	0.778753	0.815301	0.838837	0.843586	0.826538	0.795205	0.750197	0.70295	0.659259	0.624438	0.58795	0.557494	0.542602	0.559023	0.598732	0.65169	0.697411	0.721887	0.734521	0.750323	0.789982	0.844636	0.912754	
0.682714	0.742087	0.800209	0.848559	0.873021	0.876976	0.861257	0.821652	0.765358	0.705883	0.652858	0.6186	0.593242	0.582133	0.59558	0.632719	0.683357	0.732543	0.769086	0.781655	0.777741	0.769466	0.773372	0.794577	0.83093	
0.635034	0.692738	0.748969	0.790474	0.809342	0.812323	0.800757	0.768209	0.715813	0.657689	0.606074	0.570318	0.552437	0.558424	0.590209	0.642887	0.697907	0.739595	0.770332	0.777471	0.759441	0.728642	0.700251	0.691721	0.704216	
0.542449	0.594755	0.644462	0.679729	0.694658	0.695641	0.688824	0.660275	0.615605	0.562434	0.516213	0.484728	0.480091	0.501227	0.54984	0.614686	0.673147	0.710851	0.72788	0.725669	0.691647	0.636622	0.582306	0.550066	0.545263	
0.415448	0.466341	0.512168	0.543764	0.555825	0.556813	0.551227	0.526724	0.486007	0.435518	0.388785	0.363183	0.375845	0.417426	0.485212	0.558312	0.619367	0.654493	0.662123	0.64363	0.592762	0.518216	0.451659	0.404596	0.382835	
0.253399	0.308839	0.357338	0.385336	0.397831	0.40133	0.391194	0.370524	0.330839	0.274416	0.228849	0.210667	0.240337	0.309557	0.396211	0.479193	0.546063	0.578495	0.584015	0.556781	0.494847	0.414818	0.342548	0.291154	0.261595	
0.0694814	0.132231	0.188934	0.226148	0.248449	0.25271	0.236391	0.206216	0.156909	0.0933793	0.0462865	0.0443439	0.0921657	0.181882	0.285553	0.379476	0.456077	0.497451	0.502233	0.472214	0.407803	0.330189	0.256238	0.20471	0.177064	
-0.108724	-0.0463747	0.0192684	0.0708541	0.108538	0.114663	0.0882809	0.0421271	-0.0196241	-0.0859347	-0.127016	-0.108257	-0.0471997	0.0545126	0.165453	0.264418	0.352388	0.414032	0.42869	0.402479	0.340616	0.265459	0.197432	0.143317	0.114874	
-0.258715	-0.208406	-0.140769	-0.0802557	-0.0341224	-0.0255554	-0.0587782	-0.115355	-0.18144	-0.243092	-0.265111	-0.228861	-0.156613	-0.0515568	0.0592754	0.156052	0.248231	0.317738	0.347363	0.339211	0.290645	0.228472	0.164776	0.109854	0.0780613	
-0.369747	-0.33732	-0.280367	-0.224639	-0.183241	-0.17537	-0.205171	-0.257128	-0.315516	-0.362664	-0.362914	-0.314387	-0.230694	-0.126584	-0.0212928	0.0682403	0.15112	0.214577	0.252724	0.265792	0.245272	0.202604	0.145385	0.0919413	0.052345	
-0.440129	-0.426886	-0.38501	-0.341621	-0.312611	-0.306468	-0.32786	-0.366638	-0.411474	-0.440258	-0.424783	-0.367101	-0.275214	-0.168017	-0.0725189	0.00128383	0.0627884	0.111904	0.15525	0.184981	0.189329	0.167632	0.127662	0.078336	0.031806	
-0.468495	-0.468206	-0.438585	-0.404458	-0.384873	-0.381562	-0.394699	-0.424134	-0.458789	-0.473269	-0.447767	-0.385542	-0.292032	-0.190101	-0.106967	-0.0527019	-0.0183304	0.0124972	0.057155	0.100136	0.120901	0.112604	0.0861957	0.0468773	-0.00242562	
