0.00677579	0.00232901	0.000737988	0.000218094	6.7294e-05	4.91985e-05	0.000133079	0.00045622	0.00148417	0.00446351	0.0123361	0.0311737	0.0716367	0.148828	0.277866	0.463665	0.688897	0.911645	1.08296	1.17551	1.19316	1.14604	1.02653	0.8288	0.578251	
0.00399393	0.00131807	0.00040183	0.000114386	3.3929e-05	2.44804e-05	6.87907e-05	0.000244889	0.000827378	0.00258898	0.00746197	0.0197148	0.0474984	0.103769	0.204355	0.360684	0.567862	0.796026	0.997504	1.13233	1.19068	1.18375	1.11259	0.964775	0.748137	
0.00223672	0.000708386	0.000207693	5.69319e-05	1.6229e-05	1.15535e-05	3.37443e-05	0.000124776	0.000437991	0.00142667	0.00429035	0.0118579	0.0299726	0.0689135	0.143301	0.267926	0.44802	0.667703	0.887559	1.0612	1.16263	1.19551	1.16913	1.07477	0.904387	
0.00118724	0.00036077	0.000101708	2.68439e-05	7.35359e-06	5.16446e-06	1.56823e-05	6.02362e-05	0.000219717	0.000745155	0.00233864	0.0067635	0.0179414	0.0434321	0.0954201	0.189167	0.336506	0.534693	0.75756	0.960859	1.10549	1.18006	1.19475	1.15137	1.03621	
0.000596024	0.000173783	4.71116e-05	1.19736e-05	3.15258e-06	2.18401e-06	6.89536e-06	2.75081e-05	0.00010426	0.000368141	0.00120577	0.0036488	0.0101577	0.02589	0.0601041	0.126389	0.239386	0.406291	0.615773	0.83374	1.0162	1.13478	1.18973	1.19114	1.13261	
0.000282499	7.90571e-05	2.06144e-05	5.04667e-06	1.27757e-06	8.73005e-07	2.86532e-06	1.18683e-05	4.67297e-05	0.000171747	0.000586877	0.00185769	0.00542534	0.0145543	0.0356914	0.0795939	0.160533	0.29127	0.473294	0.687342	0.894733	1.05585	1.15354	1.19503	1.18637	
0.000126239	3.39246e-05	8.51241e-06	2.00826e-06	4.89061e-07	3.29645e-07	1.12437e-06	4.83312e-06	1.97604e-05	7.55608e-05	0.00026924	0.000890954	0.00272797	0.00769706	0.0199239	0.0470852	0.101068	0.196011	0.341781	0.533913	0.746895	0.940855	1.08288	1.16525	1.19789	
5.31325e-05	1.37205e-05	3.31497e-06	7.5412e-07	1.76779e-07	1.1754e-07	4.16436e-07	1.85652e-06	7.87743e-06	3.13196e-05	0.000116289	0.000401978	0.00128923	0.00382211	0.0104316	0.0260941	0.0595398	0.123304	0.230626	0.387921	0.585328	0.793319	0.973539	1.10023	1.17221	
2.10494e-05	5.22748e-06	1.217e-06	2.67147e-07	6.03274e-08	3.95719e-08	1.45539e-07	6.7244e-07	2.95907e-06	1.22233e-05	4.72522e-05	0.000170456	0.000572017	0.00177965	0.00511419	0.0135202	0.0327387	0.0722789	0.144806	0.262093	0.427058	0.625636	0.826541	0.99457	1.11013	
7.84698e-06	1.87585e-06	4.21158e-07	8.92777e-08	1.94379e-08	1.25803e-08	4.79957e-08	2.29644e-07	1.04721e-06	4.49049e-06	1.80558e-05	6.78986e-05	0.000238116	0.000776348	0.00234532	0.00654095	0.0167751	0.0393963	0.0843578	0.163985	0.288285	0.457126	0.653755	0.847038	1.00549	
2.75268e-06	6.34055e-07	1.37407e-07	2.81521e-08	5.91488e-09	3.77762e-09	1.49386e-08	7.39564e-08	3.49189e-07	1.55289e-06	6.48783e-06	2.54029e-05	9.29743e-05	0.000317186	0.00100557	0.00295279	0.00800268	0.019943	0.0455184	0.0947756	0.179339	0.30744	0.476684	0.669191	0.855359	
9.089e-07	2.01936e-07	4.22805e-08	8.37964e-09	1.70056e-09	1.07193e-09	4.39013e-09	2.24683e-08	1.09743e-07	5.05653e-07	2.19264e-06	8.92805e-06	3.40551e-05	0.000121376	0.000403091	0.00124369	0.00355372	0.00937246	0.022735	0.0505412	0.102606	0.189629	0.318293	0.484877	0.671772	
2.82617e-07	6.06295e-08	1.22763e-08	2.35573e-09	4.62205e-10	2.87599e-10	1.21882e-09	6.44277e-09	3.25241e-08	1.5511e-07	6.97308e-07	2.94898e-06	1.17066e-05	4.35194e-05	0.000151126	0.000488924	0.00146944	0.00409046	0.0105132	0.0248685	0.0539672	0.107123	0.194014	0.320136	0.481369	
8.28116e-08	1.71723e-08	3.3658e-09	6.25904e-10	1.18842e-10	7.30095e-11	3.19883e-10	1.74491e-09	9.09565e-09	4.48523e-08	2.08811e-07	9.16044e-07	3.77917e-06	1.46306e-05	5.30304e-05	0.000179529	0.000566211	0.00165918	0.00450472	0.0112996	0.0261122	0.0554415	0.107896	0.192133	0.312852	
2.28847e-08	4.59187e-09	8.72049e-10	1.57293e-10	2.89288e-11	1.755e-11	7.94264e-11	4.46696e-10	2.40217e-09	1.2236e-08	5.89262e-08	2.67823e-07	1.1467e-06	4.61593e-06	1.74329e-05	6.16347e-05	0.00020353	0.000626225	0.00179082	0.00474778	0.01164	0.026326	0.0548078	0.104851	0.18414	
5.96978e-09	1.16026e-09	2.137e-10	3.74198e-11	6.67239e-12	3.99804e-12	1.86737e-11	1.08184e-10	5.99647e-10	3.15201e-09	1.56851e-08	7.37708e-08	3.27362e-07	1.36813e-06	5.37472e-06	1.9808e-05	6.83395e-05	0.000220246	0.000661574	0.001848	0.00478967	0.0114935	0.0254854	0.0521337	0.0982802	
1.47149e-09	2.77296e-10	4.95776e-11	8.43488e-12	1.45951e-12	8.63916e-13	4.1608e-12	2.48101e-11	1.41619e-10	7.67463e-10	3.94214e-09	1.91637e-08	8.8025e-08	3.81397e-07	1.55607e-06	5.96707e-06	2.14657e-05	7.22977e-05	0.000227523	0.000667679	0.00182339	0.00462515	0.0108779	0.0236861	0.0476995	
3.43082e-10	6.27465e-11	1.08995e-11	1.80324e-12	3.03044e-13	1.77235e-13	8.79455e-13	5.39298e-12	3.16749e-11	1.76804e-10	9.36486e-10	4.70023e-09	2.232e-08	1.00125e-07	4.23606e-07	1.68736e-06	6.31719e-06	2.21883e-05	7.29823e-05	0.000224391	0.000643733	0.00172016	0.00427472	0.00986598	0.0211269	
7.57432e-11	1.34568e-11	2.27302e-12	3.65972e-13	5.97841e-14	3.45532e-14	1.76505e-13	1.11223e-12	6.71614e-12	3.85792e-11	2.10512e-10	1.08969e-09	5.34341e-09	2.4785e-08	1.08581e-07	4.48566e-07	1.74464e-06	6.37781e-06	2.18775e-05	7.03003e-05	0.00021127	0.000592877	0.00155136	0.00378055	0.00857206	
1.58515e-11	2.73815e-12	4.50105e-13	7.05812e-14	1.12166e-14	6.40763e-15	3.36691e-14	2.17851e-13	1.3514e-12	7.98192e-12	4.48274e-11	2.39078e-10	1.20925e-09	5.79268e-09	2.62427e-08	1.1227e-07	4.52893e-07	1.72002e-06	6.14059e-06	2.05758e-05	6.46132e-05	0.000189882	0.00052153	0.00133726	0.00319831	
3.14811e-12	5.29167e-13	8.47193e-14	1.2948e-14	2.00328e-15	1.13133e-15	6.11029e-15	4.05663e-14	2.58325e-13	1.56756e-12	9.05299e-12	4.96983e-11	2.59016e-10	1.27993e-09	5.98871e-09	2.64956e-08	1.10686e-07	4.35986e-07	1.61692e-06	5.63795e-06	1.84574e-05	5.66581e-05	0.000162882	0.000438075	0.00110137	
5.93964e-13	9.7231e-14	1.51722e-14	2.2616e-15	3.40911e-16	1.90359e-16	1.05601e-15	7.18869e-15	4.69583e-14	2.92532e-13	1.73584e-12	9.79984e-12	5.25756e-11	2.67714e-10	1.2922e-09	5.90462e-09	2.55086e-08	1.04048e-07	4.00168e-07	1.44924e-06	4.93588e-06	1.579e-05	4.73918e-05	0.000133322	0.000351268	
1.06578e-13	1.70037e-14	2.5879e-15	3.76487e-16	5.53305e-17	3.05531e-17	1.73969e-16	1.21351e-15	8.12592e-15	5.19298e-14	3.16357e-13	1.83516e-12	1.01255e-11	5.30754e-11	2.63987e-10	1.24437e-09	5.55202e-09	2.34173e-08	9.32517e-08	3.50161e-07	1.23835e-06	4.11982e-06	1.28799e-05	3.78044e-05	0.000104098	
1.82066e-14	2.83302e-15	4.20828e-16	5.97885e-17	8.57258e-18	4.68198e-18	2.73451e-17	1.9533e-16	1.33993e-15	8.77826e-15	5.48615e-14	3.2674e-13	1.85243e-12	9.98613e-12	5.11296e-11	2.48346e-10	1.14297e-09	4.97836e-09	2.04968e-08	7.96753e-08	2.92076e-07	1.00862e-06	3.27775e-06	1.00151e-05	2.87509e-05	
2.96413e-15	4.50152e-16	6.53043e-17	9.06619e-18	1.26904e-18	6.85628e-19	4.10486e-18	3.00086e-17	2.10754e-16	1.41447e-15	9.06243e-15	5.53713e-14	3.22302e-13	1.7853e-12	9.40059e-12	4.7001e-11	2.22881e-10	1.00128e-09	4.25653e-09	1.71036e-08	6.48886e-08	2.32192e-07	7.82887e-07	2.48513e-06	7.4214e-06	
4.60373e-16	6.828e-17	9.6798e-18	1.31392e-18	1.79654e-19	9.60315e-20	5.89007e-19	4.40432e-18	3.16498e-17	2.17476e-16	1.42744e-15	8.9411e-15	5.33914e-14	3.03635e-13	1.64275e-12	8.44634e-12	4.12254e-11	1.90803e-10	8.36477e-10	3.46976e-09	1.36039e-08	5.03626e-08	1.75884e-07	5.78962e-07	1.79502e-06	
6.828e-17	9.89611e-18	1.37176e-18	1.82153e-19	2.43429e-20	1.28759e-20	8.08596e-20	6.1811e-19	4.5423e-18	3.19358e-17	2.14609e-16	1.37714e-15	8.4303e-15	4.91828e-14	2.73179e-13	1.44309e-12	7.24265e-12	3.44984e-11	1.5579e-10	6.66297e-10	2.69612e-09	1.03117e-08	3.72427e-08	1.26916e-07	4.07799e-07	
9.6798e-18	1.37176e-18	1.86023e-19	2.41771e-20	3.15971e-21	1.65403e-21	1.06294e-20	8.30225e-20	6.23582e-19	4.48346e-18	3.08279e-17	2.02531e-16	1.27012e-15	7.59604e-15	4.32804e-14	2.34705e-13	1.21015e-12	5.92652e-12	2.75397e-11	1.21305e-10	5.05975e-10	1.99664e-09	7.44731e-09	2.62347e-08	8.72205e-08	
1.31392e-18	1.82153e-19	2.41771e-20	3.07692e-21	3.93436e-22	2.03857e-22	1.33997e-21	1.06891e-20	8.20217e-20	6.02774e-19	4.23861e-18	2.84938e-17	1.82953e-16	1.12095e-15	6.54747e-15	3.64237e-14	1.92792e-13	9.69977e-13	4.63414e-12	2.10033e-11	9.0219e-11	3.66945e-10	1.41193e-09	5.13557e-09	1.76447e-08	
1.79654e-19	2.43429e-20	3.15971e-21	3.93436e-22	4.91855e-23	2.52557e-23	1.69998e-22	1.38593e-21	1.08723e-20	8.17269e-20	5.88162e-19	4.04895e-18	2.66391e-17	1.67354e-16	1.00298e-15	5.72907e-15	3.116e-14	1.6122e-13	7.92743e-13	3.70109e-12	1.6391e-11	6.87969e-11	2.73433e-10	1.02827e-09	3.65616e-09	
9.60315e-20	1.28759e-20	1.65403e-21	2.03857e-22	2.52557e-23	1.32328e-23	9.04094e-23	7.42409e-22	5.86637e-21	4.44288e-20	3.22223e-19	2.23603e-18	1.48339e-17	9.39941e-17	5.68361e-16	3.27662e-15	1.79929e-14	9.40247e-14	4.67131e-13	2.20438e-12	9.87152e-12	4.19124e-11	1.68575e-10	6.41777e-10	2.31103e-09	
5.89007e-19	8.08596e-20	1.06294e-20	1.33997e-21	1.69998e-22	9.04094e-23	6.03274e-22	4.84039e-21	3.73586e-20	2.76211e-19	1.95455e-18	1.32261e-17	8.5508e-17	5.2769e-16	3.10559e-15	1.74137e-14	9.29403e-14	4.71698e-13	2.27432e-12	1.04076e-11	4.516e-11	1.85637e-10	7.22288e-10	2.65792e-09	9.24377e-09	
4.40432e-18	6.1811e-19	8.30225e-20	1.06891e-20	1.38593e-21	7.42409e-22	4.84039e-21	3.80326e-20	2.87375e-19	2.07905e-18	1.43882e-17	9.5166e-17	6.01029e-16	3.62108e-15	2.07918e-14	1.13667e-13	5.91059e-13	2.92046e-12	1.36982e-11	6.09305e-11	2.56771e-10	1.02421e-09	3.86353e-09	1.37713e-08	4.63499e-08	
3.16498e-17	4.5423e-18	6.23582e-19	8.20217e-20	1.08723e-20	5.86637e-21	3.73586e-20	2.87375e-19	2.12518e-18	1.50398e-17	1.0176e-16	6.5765e-16	4.05591e-15	2.3847e-14	1.33537e-13	7.11459e-13	3.60277e-12	1.73225e-11	7.89999e-11	3.41381e-10	1.39642e-09	5.4018e-09	1.97431e-08	6.8122e-08	2.2174e-07	
2.17476e-16	3.19358e-17	4.48346e-18	6.02774e-19	8.17269e-20	4.44288e-20	2.76211e-19	2.07905e-18	1.50398e-17	1.04059e-16	6.87946e-16	4.34157e-15	2.61296e-14	1.49821e-13	8.17568e-13	4.24158e-12	2.08989e-11	9.76893e-11	4.32745e-10	1.81476e-09	7.19712e-09	2.69663e-08	9.53684e-08	3.18085e-07	9.99828e-07	
1.42744e-15	2.14609e-16	3.08279e-17	4.23861e-18	5.88162e-19	3.22223e-19	1.95455e-18	1.43882e-17	1.0176e-16	6.87946e-16	4.44117e-15	2.7351e-14	1.60525e-13	8.96907e-13	4.76568e-12	2.40548e-11	1.15211e-10	5.23025e-10	2.24801e-09	9.13783e-09	3.50906e-08	1.27173e-07	4.34548e-07	1.39878e-06	4.23851e-06	
8.9411e-15	1.37714e-15	2.02531e-16	2.84938e-17	4.04895e-18	2.23603e-18	1.32261e-17	9.5166e-17	6.5765e-16	4.34157e-15	2.7351e-14	1.64259e-13	9.39401e-13	5.11055e-12	2.64175e-11	1.29608e-10	6.0281e-10	2.65481e-09	1.10581e-08	4.35135e-08	1.61574e-07	5.65536e-07	1.86404e-06	5.78059e-06	1.68536e-05	
5.33914e-14	8.4303e-15	1.27012e-15	1.82953e-16	2.66391e-17	1.48339e-17	8.5508e-17	6.01029e-16	4.05591e-15	2.61296e-14	1.60525e-13	9.39401e-13	5.23093e-12	2.7684e-11	1.3909e-10	6.62608e-10	2.98941e-09	1.27569e-08	5.14288e-08	1.95631e-07	7.01331e-07	2.36687e-06	7.51169e-06	2.23982e-05	6.27012e-05	
3.03635e-13	4.91828e-14	7.59604e-15	1.12095e-15	1.67354e-16	9.39941e-17	5.2769e-16	3.62108e-15	2.3847e-14	1.49821e-13	8.96907e-13	5.11055e-12	2.7684e-11	1.42401e-10	6.94683e-10	3.20996e-09	1.40311e-08	5.79435e-08	2.2577e-07	8.28934e-07	2.86429e-06	9.30336e-06	2.83732e-05	8.11714e-05	0.000217664	
1.64275e-12	2.73179e-13	4.32804e-14	6.54747e-15	1.00298e-15	5.68361e-16	3.10559e-15	2.07918e-14	1.33537e-13	8.17568e-13	4.76568e-12	2.64175e-11	1.3909e-10	6.94683e-10	3.28701e-09	1.47149e-08	6.22393e-08	2.48383e-07	9.3395e-07	3.30425e-06	1.09847e-05	3.42694e-05	0.000100213	0.000274403	0.000702998	
8.44634e-12	1.44309e-12	2.34705e-13	3.64237e-14	5.72907e-15	3.27662e-15	1.74137e-14	1.13667e-13	7.11459e-13	4.24158e-12	2.40548e-11	1.29608e-10	6.62608e-10	3.20996e-09	1.47149e-08	6.37404e-08	2.60518e-07	1.0032e-06	3.63419e-06	1.23669e-05	3.94741e-05	0.000118023	0.000330116	0.000862858	0.00210577	
4.12254e-11	7.24265e-12	1.21015e-12	1.92792e-13	3.116e-14	1.79929e-14	9.29403e-14	5.91059e-13	3.60277e-12	2.08989e-11	1.15211e-10	6.0281e-10	2.98941e-09	1.40311e-08	6.22393e-08	2.60518e-07	1.02739e-06	3.81122e-06	1.32776e-05	4.33717e-05	0.000132628	0.000379101	0.00101149	0.00251616	0.00583027	
1.90803e-10	3.44984e-11	5.92652e-12	9.69977e-13	1.6122e-13	9.40247e-14	4.71698e-13	2.92046e-12	1.73225e-11	9.76893e-11	5.23025e-10	2.65481e-09	1.27569e-08	5.79435e-08	2.48383e-07	1.0032e-06	3.81122e-06	1.35958e-05	4.54611e-05	0.000142236	0.000415677	0.00113282	0.0028745	0.00678253	0.014867	
8.36477e-10	1.5579e-10	2.75397e-11	4.63414e-12	7.92743e-13	4.67131e-13	2.27432e-12	1.36982e-11	7.89999e-11	4.32745e-10	2.24801e-09	1.10581e-08	5.14288e-08	2.2577e-07	9.3395e-07	3.63419e-06	1.32776e-05	4.54611e-05	0.000145589	0.000435251	0.00121238	0.00314071	0.00755384	0.0168437	0.0347838	
3.46976e-09	6.66297e-10	1.21305e-10	2.10033e-11	3.70109e-12	2.20438e-12	1.04076e-11	6.09305e-11	3.41381e-10	1.81476e-09	9.13783e-09	4.35135e-08	1.95631e-07	8.28934e-07	3.30425e-06	1.23669e-05	4.33717e-05	0.000142236	0.000435251	0.00124011	0.00328273	0.00805695	0.0182998	0.0384039	0.0743842	
1.36039e-08	2.69612e-09	5.05975e-10	9.0219e-11	1.6391e-11	9.87152e-12	4.516e-11	2.56771e-10	1.39642e-09	7.19712e-09	3.50906e-08	1.61574e-07	7.01331e-07	2.86429e-06	1.09847e-05	3.94741e-05	0.000132628	0.000415677	0.00121238	0.00328273	0.0082318	0.0190727	0.0407446	0.0801176	0.14485	
5.03626e-08	1.03117e-08	1.99664e-09	3.66945e-10	6.87969e-11	4.19124e-11	1.85637e-10	1.02421e-09	5.4018e-09	2.69663e-08	1.27173e-07	5.65536e-07	2.36687e-06	9.30336e-06	3.42694e-05	0.000118023	0.000379101	0.00113282	0.00314071	0.00805695	0.0190727	0.0415545	0.0831348	0.152452	0.256036	
1.75884e-07	3.72427e-08	7.44731e-09	1.41193e-09	2.73433e-10	1.68575e-10	7.22288e-10	3.86353e-09	1.97431e-08	9.53684e-08	4.34548e-07	1.86404e-06	7.51169e-06	2.83732e-05	0.000100213	0.000330116	0.00101149	0.0028745	0.00755384	0.0182998	0.0407446	0.0831348	0.155063	0.263954	0.409952	
5.78962e-07	1.26916e-07	2.62347e-08	5.13557e-09	1.02827e-09	6.41777e-10	2.65792e-09	1.37713e-08	6.8122e-08	3.18085e-07	1.39878e-06	5.78059e-06	2.23982e-05	8.11714e-05	0.000274403	0.000862858	0.00251616	0.00678253	0.0168437	0.0384039	0.0801176	0.152452	0.263954	0.41535	0.594694	
1.79502e-06	4.07799e-07	8.72205e-08	1.76447e-08	3.65616e-09	2.31103e-09	9.24377e-09	4.63499e-08	2.2174e-07	9.99828e-07	4.23851e-06	1.68536e-05	6.27012e-05	0.000217664	0.000702998	0.00210577	0.00583027	0.014867	0.0347838	0.0743842	0.14485	0.256036	0.409952	0.594694	0.784683	
