-0.0135048	0.0251992	0.0528721	0.0797903	0.107938	0.114037	0.0916765	0.0628254	0.0370918	0.00337421	-0.0404021	-0.090711	-0.14091	-0.174277	-0.176934	-0.142977	-0.0822861	-0.0160775	0.0277352	0.0326916	0.0133895	-0.0177785	-0.0680912	-0.148549	-0.254005	
-0.0458833	-0.0205351	-0.00325265	0.0113002	0.028883	0.0322096	0.0185867	0.00183391	-0.0123404	-0.0347363	-0.0673582	-0.112817	-0.163538	-0.203739	-0.21877	-0.204005	-0.161207	-0.117016	-0.0924877	-0.110833	-0.154513	-0.202355	-0.255789	-0.325442	-0.409109	
-0.0138279	0.0116242	0.0306643	0.0424174	0.0527574	0.0540207	0.0470849	0.0364649	0.0195346	-0.00200194	-0.0380073	-0.0873196	-0.141892	-0.193972	-0.230029	-0.246141	-0.236187	-0.225759	-0.23942	-0.280195	-0.342287	-0.400221	-0.454411	-0.512732	-0.569643	
0.0694177	0.111055	0.151651	0.175225	0.187283	0.189514	0.181085	0.164065	0.127311	0.0870735	0.0373638	-0.0251159	-0.0884086	-0.156645	-0.217033	-0.264739	-0.300805	-0.339261	-0.391136	-0.454288	-0.526109	-0.593632	-0.652466	-0.697012	-0.729529	
0.197957	0.266417	0.331533	0.375177	0.394766	0.396945	0.385927	0.351601	0.293954	0.225994	0.151984	0.0721385	-0.012471	-0.101717	-0.188633	-0.278208	-0.367244	-0.457289	-0.540627	-0.620661	-0.699319	-0.769199	-0.826642	-0.860088	-0.874764	
0.353799	0.453657	0.542236	0.599641	0.627611	0.630667	0.614298	0.568905	0.491679	0.394811	0.290437	0.182501	0.0699027	-0.0491737	-0.169727	-0.29979	-0.43879	-0.571862	-0.684756	-0.780896	-0.860152	-0.924385	-0.972711	-0.99064	-0.9755	
0.514551	0.645682	0.752664	0.82063	0.8521	0.855519	0.837847	0.784693	0.69226	0.568885	0.431316	0.289112	0.137589	-0.022162	-0.181377	-0.34961	-0.528309	-0.697267	-0.831701	-0.930835	-1.00259	-1.0508	-1.07461	-1.05736	-1.00297	
0.656767	0.810086	0.935257	1.01609	1.05272	1.05771	1.03588	0.973197	0.864425	0.720424	0.555586	0.375506	0.182896	-0.0222542	-0.222919	-0.428779	-0.637652	-0.827772	-0.968219	-1.05909	-1.11414	-1.13346	-1.10822	-1.04293	-0.947823	
0.756335	0.923527	1.06234	1.16005	1.20526	1.21238	1.18379	1.10755	0.98307	0.826532	0.642281	0.432383	0.202169	-0.0436829	-0.290666	-0.52964	-0.756318	-0.949022	-1.08067	-1.15187	-1.17348	-1.14727	-1.07126	-0.959848	-0.829315	
0.796114	0.974421	1.12459	1.232	1.28497	1.29218	1.2603	1.17294	1.03925	0.870354	0.673605	0.440642	0.182271	-0.0936509	-0.373901	-0.633449	-0.862395	-1.04753	-1.15435	-1.19376	-1.17165	-1.10361	-0.988369	-0.836202	-0.668207	
0.780818	0.970263	1.12291	1.22732	1.27851	1.28501	1.25456	1.17034	1.03602	0.860644	0.648854	0.398248	0.118393	-0.175045	-0.465005	-0.729796	-0.948825	-1.10732	-1.18186	-1.18376	-1.12754	-1.02471	-0.871457	-0.682087	-0.480117	
0.717041	0.916588	1.06795	1.16337	1.21167	1.2191	1.18806	1.113	0.983187	0.802541	0.577392	0.312995	0.0158199	-0.285218	-0.569138	-0.820827	-1.00913	-1.12547	-1.16832	-1.14111	-1.05901	-0.915493	-0.723879	-0.507189	-0.283368	
0.623176	0.829162	0.980794	1.07416	1.12484	1.13538	1.09811	1.02535	0.896572	0.710887	0.480489	0.209597	-0.0972381	-0.400346	-0.670418	-0.89282	-1.04396	-1.11491	-1.1251	-1.0684	-0.949114	-0.770664	-0.550059	-0.31123	-0.0783687	
0.52588	0.732974	0.889558	0.984558	1.04159	1.05325	1.01135	0.933755	0.803917	0.612561	0.383632	0.113799	-0.188206	-0.480458	-0.728729	-0.925013	-1.04478	-1.07842	-1.04918	-0.952867	-0.796823	-0.593182	-0.352542	-0.102859	0.134536	
0.43931	0.644706	0.801765	0.896535	0.95406	0.965282	0.923204	0.846184	0.715214	0.525219	0.301325	0.041522	-0.238532	-0.504255	-0.729767	-0.903789	-1.0022	-1.00757	-0.943731	-0.812973	-0.625449	-0.398053	-0.139162	0.113511	0.34353	
0.368708	0.562135	0.707121	0.800327	0.851411	0.86024	0.825367	0.749974	0.626771	0.450051	0.239845	0.00197715	-0.253062	-0.48802	-0.690895	-0.84155	-0.915915	-0.905275	-0.820282	-0.665643	-0.458461	-0.209867	0.0606458	0.318248	0.533791	
0.313142	0.485096	0.615504	0.710449	0.758242	0.766193	0.735373	0.657597	0.54276	0.38532	0.198579	-0.0136919	-0.24164	-0.447175	-0.625949	-0.750564	-0.803862	-0.782877	-0.684905	-0.52153	-0.305608	-0.0502423	0.229682	0.48685	0.685303	
0.279505	0.42599	0.542945	0.632814	0.679356	0.687207	0.656655	0.583019	0.476122	0.341693	0.180234	-0.00581683	-0.204148	-0.386875	-0.547895	-0.659497	-0.707821	-0.678216	-0.573514	-0.399203	-0.177554	0.0793792	0.357223	0.600666	0.779806	
0.273631	0.401727	0.512725	0.592112	0.636668	0.645355	0.613452	0.548468	0.448896	0.326884	0.185267	0.0192784	-0.151772	-0.318263	-0.467481	-0.578224	-0.630829	-0.602102	-0.489292	-0.302949	-0.0729317	0.177624	0.43277	0.653369	0.817603	
0.302805	0.424311	0.529455	0.600775	0.644537	0.652457	0.62165	0.561878	0.469533	0.35342	0.220229	0.0682161	-0.0921759	-0.252828	-0.395816	-0.511632	-0.567745	-0.538788	-0.420757	-0.227361	0.00183759	0.240039	0.469107	0.664837	0.80789	
0.373347	0.492293	0.58768	0.652618	0.694582	0.702457	0.672118	0.617168	0.533655	0.423232	0.293944	0.147981	-0.0186449	-0.183216	-0.330854	-0.448243	-0.50378	-0.473355	-0.358151	-0.169393	0.052249	0.280892	0.487113	0.655746	0.773586	
0.468807	0.585604	0.671979	0.727085	0.762976	0.770811	0.743119	0.69769	0.624105	0.517997	0.38961	0.238205	0.0619263	-0.111125	-0.263636	-0.374737	-0.427675	-0.398389	-0.293402	-0.116115	0.0997972	0.312923	0.492391	0.630222	0.725533	
0.5689	0.683254	0.758887	0.800332	0.823438	0.828404	0.81118	0.778772	0.718865	0.617995	0.487053	0.32663	0.143692	-0.0346087	-0.185998	-0.293324	-0.341405	-0.317555	-0.222171	-0.0580014	0.144091	0.337755	0.492696	0.599254	0.673947	
0.666818	0.776012	0.836935	0.867449	0.877086	0.877284	0.87341	0.851721	0.805434	0.715282	0.585289	0.42337	0.239641	0.059741	-0.0925311	-0.198097	-0.241297	-0.224467	-0.14004	0.00318358	0.18338	0.352376	0.483649	0.565	0.619415	
0.759454	0.853698	0.906681	0.932134	0.936105	0.935175	0.936059	0.919723	0.879066	0.802523	0.682754	0.527644	0.351804	0.172161	0.0169799	-0.0851375	-0.128334	-0.118492	-0.054364	0.0623212	0.209904	0.349557	0.450558	0.510868	0.544799	
0.848944	0.923672	0.969515	0.990998	0.992546	0.992313	0.993329	0.98102	0.944827	0.883798	0.780813	0.637767	0.475503	0.298612	0.139972	0.0344544	-0.0199071	-0.0250107	0.0184458	0.103453	0.218059	0.326964	0.401059	0.437731	0.441095	
0.930538	0.995493	1.03354	1.05226	1.05278	1.05079	1.0545	1.04344	1.01258	0.9622	0.869486	0.74347	0.594895	0.427393	0.271435	0.154301	0.0836517	0.0524245	0.0673172	0.121002	0.198924	0.277833	0.324543	0.335813	0.310225	
1.00533	1.06603	1.09948	1.1178	1.11835	1.11699	1.11948	1.10912	1.08098	1.03479	0.951221	0.841439	0.707387	0.551512	0.395236	0.264736	0.168184	0.107378	0.0914623	0.111924	0.156395	0.204528	0.225274	0.217053	0.16994	
1.06578	1.11875	1.15271	1.17209	1.17844	1.17927	1.17573	1.16215	1.13431	1.08991	1.02061	0.92522	0.805275	0.654372	0.492313	0.343987	0.219623	0.136602	0.0991371	0.0940608	0.110929	0.130657	0.133186	0.109238	0.0443318	
1.09458	1.14531	1.17979	1.20708	1.22188	1.22388	1.21459	1.19159	1.16045	1.11664	1.05628	0.974884	0.862066	0.711858	0.544285	0.380591	0.242544	0.146567	0.09904	0.082856	0.0845623	0.0857258	0.0737283	0.0346713	-0.0384594	
1.09753	1.14913	1.18361	1.21358	1.23137	1.23266	1.2231	1.19612	1.16449	1.12005	1.06106	0.98289	0.870914	0.720723	0.55272	0.385575	0.247373	0.148107	0.0998076	0.0810584	0.080628	0.0784707	0.0629303	0.0198601	-0.0536231	
1.08126	1.13275	1.1663	1.18881	1.19887	1.19999	1.19399	1.17632	1.14776	1.10447	1.03945	0.951057	0.833911	0.683469	0.518838	0.362875	0.231198	0.142054	0.0989318	0.0884726	0.0968441	0.108506	0.104506	0.0742643	0.00444295	
1.03243	1.08962	1.12381	1.14147	1.14409	1.14384	1.1436	1.13305	1.10524	1.05947	0.981914	0.877071	0.749435	0.596636	0.438563	0.302258	0.192931	0.12192	0.0965084	0.104517	0.137695	0.172731	0.185362	0.171773	0.116766	
0.961698	1.0249	1.06018	1.07848	1.07852	1.07626	1.08072	1.06985	1.04091	0.99271	0.90271	0.783589	0.640445	0.477957	0.323257	0.200494	0.120608	0.0771647	0.0790841	0.120204	0.184063	0.250961	0.286351	0.288446	0.253729	
0.882413	0.952095	0.994069	1.01477	1.01559	1.0149	1.01673	1.00519	0.970953	0.915663	0.817383	0.680951	0.524134	0.350302	0.192407	0.0827574	0.0223969	0.00790627	0.0412185	0.113847	0.213686	0.311013	0.374204	0.400362	0.391284	
0.795982	0.880893	0.932222	0.956305	0.959188	0.959151	0.959259	0.944735	0.905254	0.835	0.722738	0.571094	0.400851	0.22138	0.0644058	-0.0370744	-0.0839625	-0.0788635	-0.0225758	0.0814208	0.215823	0.342573	0.432362	0.48423	0.506979	
0.705094	0.808713	0.865845	0.893746	0.899783	0.899122	0.898409	0.879663	0.836375	0.751742	0.624876	0.464456	0.283435	0.102701	-0.0507927	-0.154638	-0.197183	-0.182375	-0.105735	0.0275261	0.195915	0.353777	0.473915	0.545992	0.592626	
0.608376	0.721873	0.791858	0.827956	0.845371	0.847442	0.837395	0.808947	0.755512	0.65749	0.525738	0.363384	0.179691	0.000492857	-0.150157	-0.25748	-0.302521	-0.282204	-0.189692	-0.0336489	0.160551	0.345325	0.49133	0.586544	0.653096	
0.508964	0.625153	0.70727	0.757254	0.787841	0.79519	0.771058	0.731081	0.662359	0.558276	0.428496	0.273976	0.0938827	-0.0816015	-0.234699	-0.343431	-0.395141	-0.367663	-0.266534	-0.0937071	0.117735	0.323854	0.492285	0.618117	0.704873	
0.409669	0.527568	0.620075	0.68125	0.721779	0.729968	0.699605	0.648216	0.567905	0.459196	0.331367	0.184277	0.0141795	-0.154251	-0.304838	-0.419552	-0.474224	-0.443429	-0.33213	-0.148645	0.0713042	0.29469	0.490526	0.646981	0.754898	
0.326247	0.446887	0.548028	0.617414	0.660258	0.667717	0.637825	0.579149	0.490356	0.3767	0.244832	0.0975362	-0.064378	-0.226061	-0.369752	-0.487833	-0.543822	-0.513359	-0.39616	-0.202711	0.022988	0.25839	0.478558	0.663641	0.796058	
0.280135	0.404544	0.514384	0.589687	0.633567	0.642475	0.610586	0.548813	0.451668	0.331466	0.194885	0.0346821	-0.129238	-0.291763	-0.437687	-0.549513	-0.604176	-0.576239	-0.459663	-0.270064	-0.0388092	0.206345	0.4503	0.661526	0.818657	
0.273878	0.411588	0.524987	0.610839	0.656003	0.664093	0.633623	0.563307	0.459821	0.331905	0.179336	0.0027507	-0.183846	-0.359416	-0.515224	-0.625669	-0.675096	-0.645216	-0.537623	-0.358215	-0.132545	0.122878	0.393702	0.628192	0.801036	
0.296102	0.457918	0.582783	0.676854	0.724666	0.732484	0.701746	0.624827	0.512191	0.364809	0.188218	-0.0134703	-0.229448	-0.425316	-0.595854	-0.712774	-0.762357	-0.736779	-0.636458	-0.469353	-0.251749	0.00491791	0.286396	0.539708	0.730442	
0.344772	0.53013	0.669302	0.763598	0.812467	0.82086	0.788395	0.711631	0.59236	0.422585	0.221359	-0.00641823	-0.251429	-0.474158	-0.667413	-0.807084	-0.871828	-0.857347	-0.765756	-0.606233	-0.39462	-0.141838	0.132831	0.391731	0.600536	
0.408949	0.611081	0.764559	0.858807	0.913657	0.924189	0.884502	0.808586	0.679706	0.493616	0.273878	0.0218453	-0.248116	-0.501349	-0.718215	-0.882973	-0.972493	-0.970306	-0.896636	-0.754748	-0.557484	-0.320695	-0.0561981	0.197882	0.422521	
0.489465	0.696872	0.854904	0.949591	1.00872	1.01971	0.977353	0.89921	0.76818	0.576334	0.348546	0.0812069	-0.21328	-0.496241	-0.734993	-0.922301	-1.03305	-1.05408	-1.00974	-0.898586	-0.729005	-0.516165	-0.268233	-0.0163743	0.219444	
0.583791	0.790895	0.942999	1.03764	1.09055	1.10166	1.0626	0.987541	0.859107	0.671384	0.440753	0.170044	-0.138377	-0.438452	-0.700404	-0.91172	-1.04893	-1.1045	-1.09899	-1.02674	-0.892414	-0.702606	-0.473925	-0.228753	0.00680846	
0.681243	0.884109	1.0356	1.1292	1.17778	1.18659	1.15289	1.08021	0.950971	0.767828	0.539989	0.2716	-0.0305049	-0.333143	-0.612501	-0.852829	-1.02597	-1.12382	-1.15432	-1.11662	-1.02036	-0.861749	-0.657103	-0.431546	-0.203577	
0.760546	0.954335	1.10635	1.20697	1.25639	1.26301	1.23295	1.153	1.02028	0.843267	0.625011	0.368532	0.0814837	-0.216036	-0.505344	-0.767549	-0.976961	-1.11901	-1.18085	-1.17019	-1.10339	-0.98512	-0.815763	-0.613797	-0.401745	
