0.647146	0.489524	0.294979	0.09004	-0.0827127	-0.190535	-0.229495	-0.195868	-0.0790975	0.101981	0.327221	0.580302	0.849663	1.09635	1.29121	1.4114	1.45487	1.43079	1.33984	1.18866	1.00054	0.810381	0.635093	0.500386	0.395887	
0.489524	0.342044	0.15881	-0.0347872	-0.18765	-0.271379	-0.275924	-0.202665	-0.0559091	0.149484	0.400154	0.679078	0.965359	1.22162	1.41025	1.50805	1.51521	1.45202	1.32616	1.16001	0.977288	0.796245	0.643938	0.532244	0.456182	
0.294979	0.15881	-0.0100657	-0.177617	-0.304037	-0.359229	-0.334295	-0.225918	-0.0580572	0.165451	0.437047	0.73683	1.03737	1.29564	1.46813	1.53547	1.50679	1.40303	1.2523	1.08206	0.915641	0.759982	0.636596	0.552941	0.507027	
0.09004	-0.0347872	-0.177617	-0.306999	-0.404248	-0.437977	-0.387108	-0.255303	-0.0690421	0.173619	0.456304	0.758662	1.06268	1.30693	1.45204	1.48877	1.42652	1.28858	1.12232	0.956579	0.811424	0.692811	0.601866	0.548088	0.533679	
-0.0827127	-0.18765	-0.304037	-0.404248	-0.476469	-0.487962	-0.417166	-0.271253	-0.0622406	0.192415	0.473034	0.769046	1.05604	1.26655	1.37721	1.37794	1.2796	1.12042	0.943507	0.785283	0.668932	0.58747	0.528991	0.506344	0.516241	
-0.190535	-0.271379	-0.359229	-0.437977	-0.487962	-0.485449	-0.407917	-0.25053	-0.0229599	0.235178	0.506066	0.785454	1.03387	1.20224	1.26653	1.22375	1.09274	0.913748	0.72943	0.580823	0.490441	0.439083	0.41286	0.413568	0.438664	
-0.229495	-0.275924	-0.334295	-0.387108	-0.417166	-0.407917	-0.33296	-0.171112	0.0573212	0.311967	0.570173	0.815389	1.00948	1.12831	1.14065	1.05184	0.897145	0.697422	0.505158	0.360033	0.279198	0.247775	0.241097	0.258336	0.2934	
-0.195868	-0.202665	-0.225918	-0.255303	-0.271253	-0.25053	-0.171112	-0.0122487	0.200788	0.435054	0.656958	0.846922	0.984331	1.04453	1.00497	0.882036	0.702201	0.483746	0.283888	0.132884	0.0493779	0.0259281	0.029544	0.054511	0.0945999	
-0.0790975	-0.0559091	-0.0580572	-0.0690421	-0.0622406	-0.0229599	0.0573212	0.200788	0.386614	0.582251	0.754451	0.880454	0.952338	0.947594	0.859414	0.706441	0.504784	0.280312	0.0729309	-0.0828672	-0.171008	-0.201117	-0.193263	-0.17077	-0.134282	
0.101981	0.149484	0.165451	0.173619	0.192415	0.235178	0.311967	0.435054	0.582251	0.727223	0.844635	0.906342	0.903744	0.834848	0.699681	0.522492	0.308024	0.0827024	-0.12063	-0.283531	-0.375858	-0.413372	-0.411291	-0.387738	-0.359763	
0.327221	0.400154	0.437047	0.456304	0.473034	0.506066	0.570173	0.656958	0.754451	0.844635	0.899727	0.898674	0.834431	0.713218	0.540516	0.341669	0.11969	-0.109738	-0.314352	-0.477408	-0.574361	-0.616539	-0.613467	-0.584784	-0.56124	
0.580302	0.679078	0.73683	0.758662	0.769046	0.785454	0.815389	0.846922	0.880454	0.906342	0.898674	0.848899	0.733359	0.566043	0.369347	0.154267	-0.0687819	-0.294702	-0.496281	-0.654562	-0.756583	-0.798052	-0.792314	-0.757976	-0.724104	
0.849663	0.965359	1.03737	1.06268	1.05604	1.03387	1.00948	0.984331	0.952338	0.903744	0.834431	0.733359	0.574136	0.375762	0.167335	-0.0444783	-0.255182	-0.462901	-0.650098	-0.794368	-0.890958	-0.929017	-0.916015	-0.875016	-0.830924	
1.09635	1.22162	1.29564	1.30693	1.26655	1.20224	1.12831	1.04453	0.947594	0.834848	0.713218	0.566043	0.375762	0.165263	-0.0423262	-0.24081	-0.426605	-0.606094	-0.769474	-0.888357	-0.965067	-0.989214	-0.964674	-0.913284	-0.86332	
1.29121	1.41025	1.46813	1.45204	1.37721	1.26653	1.14065	1.00497	0.859414	0.699681	0.540516	0.369347	0.167335	-0.0423262	-0.241344	-0.412837	-0.566138	-0.710833	-0.834675	-0.92154	-0.975523	-0.983019	-0.949303	-0.898501	-0.845414	
1.4114	1.50805	1.53547	1.48877	1.37794	1.22375	1.05184	0.882036	0.706441	0.522492	0.341669	0.154267	-0.0444783	-0.24081	-0.412837	-0.549733	-0.668921	-0.775125	-0.865479	-0.924228	-0.950207	-0.939336	-0.893829	-0.836563	-0.781641	
1.45487	1.51521	1.50679	1.42652	1.2796	1.09274	0.897145	0.702201	0.504784	0.308024	0.11969	-0.0687819	-0.255182	-0.426605	-0.566138	-0.668921	-0.752347	-0.819234	-0.872736	-0.901865	-0.898164	-0.867349	-0.812235	-0.74816	-0.69225	
1.43079	1.45202	1.40303	1.28858	1.12042	0.913748	0.697422	0.483746	0.280312	0.0827024	-0.109738	-0.294702	-0.462901	-0.606094	-0.710833	-0.775125	-0.819234	-0.847909	-0.863798	-0.859229	-0.828972	-0.779263	-0.712363	-0.64676	-0.591349	
1.33984	1.32616	1.2523	1.12232	0.943507	0.72943	0.505158	0.283888	0.0729309	-0.12063	-0.314352	-0.496281	-0.650098	-0.769474	-0.834675	-0.865479	-0.872736	-0.863798	-0.844774	-0.811427	-0.756824	-0.684847	-0.611034	-0.541129	-0.484499	
1.18866	1.16001	1.08206	0.956579	0.785283	0.580823	0.360033	0.132884	-0.0828672	-0.283531	-0.477408	-0.654562	-0.794368	-0.888357	-0.92154	-0.924228	-0.901865	-0.859229	-0.811427	-0.750169	-0.676654	-0.595071	-0.519071	-0.456112	-0.407738	
1.00054	0.977288	0.915641	0.811424	0.668932	0.490441	0.279198	0.0493779	-0.171008	-0.375858	-0.574361	-0.756583	-0.890958	-0.965067	-0.975523	-0.950207	-0.898164	-0.828972	-0.756824	-0.676654	-0.594834	-0.511884	-0.44056	-0.390518	-0.354535	
0.810381	0.796245	0.759982	0.692811	0.58747	0.439083	0.247775	0.0259281	-0.201117	-0.413372	-0.616539	-0.798052	-0.929017	-0.989214	-0.983019	-0.939336	-0.867349	-0.779263	-0.684847	-0.595071	-0.511884	-0.433616	-0.379758	-0.349119	-0.330347	
0.635093	0.643938	0.636596	0.601866	0.528991	0.41286	0.241097	0.029544	-0.193263	-0.411291	-0.613467	-0.792314	-0.916015	-0.964674	-0.949303	-0.893829	-0.812235	-0.712363	-0.611034	-0.519071	-0.44056	-0.379758	-0.342873	-0.332302	-0.3338	
0.500386	0.532244	0.552941	0.548088	0.506344	0.413568	0.258336	0.054511	-0.17077	-0.387738	-0.584784	-0.757976	-0.875016	-0.913284	-0.898501	-0.836563	-0.74816	-0.64676	-0.541129	-0.456112	-0.390518	-0.349119	-0.332302	-0.338642	-0.351991	
0.395887	0.456182	0.507027	0.533679	0.516241	0.438664	0.2934	0.0945999	-0.134282	-0.359763	-0.56124	-0.724104	-0.830924	-0.86332	-0.845414	-0.781641	-0.69225	-0.591349	-0.484499	-0.407738	-0.354535	-0.330347	-0.3338	-0.351991	-0.373942	
0.315807	0.412314	0.499244	0.555411	0.558255	0.494122	0.352002	0.148917	-0.0913037	-0.333558	-0.545581	-0.711047	-0.813189	-0.845355	-0.82583	-0.757772	-0.660302	-0.548709	-0.439318	-0.361736	-0.316588	-0.309405	-0.32669	-0.354917	-0.38411	
0.274502	0.400909	0.518714	0.60312	0.628428	0.571653	0.429777	0.21508	-0.0475659	-0.313224	-0.544153	-0.717846	-0.822821	-0.857491	-0.84152	-0.770391	-0.660953	-0.5363	-0.414577	-0.328188	-0.284133	-0.284549	-0.311262	-0.346807	-0.379659	
0.271086	0.429896	0.578067	0.684799	0.718277	0.660179	0.509568	0.280978	0.000819105	-0.294123	-0.554937	-0.739737	-0.850366	-0.896996	-0.881494	-0.809959	-0.693237	-0.555624	-0.423472	-0.326074	-0.278114	-0.276325	-0.304869	-0.337078	-0.366068	
0.314027	0.495966	0.662706	0.77967	0.815788	0.751953	0.588435	0.340027	0.0346649	-0.285562	-0.564511	-0.764545	-0.883418	-0.940756	-0.93341	-0.866743	-0.745969	-0.597482	-0.460568	-0.350958	-0.297779	-0.294019	-0.315249	-0.340432	-0.357482	
0.360857	0.556589	0.733249	0.853952	0.888069	0.814957	0.640264	0.377172	0.0573392	-0.279124	-0.57396	-0.782317	-0.907298	-0.971756	-0.970344	-0.908117	-0.788173	-0.638407	-0.499544	-0.38549	-0.328208	-0.319127	-0.33313	-0.347545	-0.352301	
0.368648	0.568448	0.748304	0.870618	0.901983	0.825255	0.647328	0.383309	0.0631871	-0.277805	-0.578259	-0.786229	-0.911351	-0.979202	-0.976854	-0.915007	-0.796121	-0.646658	-0.506633	-0.392375	-0.335352	-0.323491	-0.337574	-0.349892	-0.351431	
0.335663	0.52388	0.694692	0.81342	0.849932	0.782866	0.614522	0.358469	0.0444768	-0.283205	-0.567778	-0.772861	-0.894738	-0.955184	-0.951647	-0.886829	-0.766148	-0.615704	-0.477961	-0.3658	-0.309955	-0.305119	-0.322487	-0.34319	-0.35529	
0.284152	0.453536	0.610944	0.722779	0.758191	0.697496	0.542548	0.306417	0.0164335	-0.289295	-0.558827	-0.75037	-0.864189	-0.914889	-0.902673	-0.831865	-0.713138	-0.57056	-0.435986	-0.333881	-0.282998	-0.28108	-0.306906	-0.336334	-0.361859	
0.267009	0.407071	0.537667	0.632768	0.662592	0.605286	0.460801	0.241965	-0.0275521	-0.305694	-0.548565	-0.725103	-0.831496	-0.871486	-0.854988	-0.782811	-0.670507	-0.540311	-0.41319	-0.322829	-0.277953	-0.277699	-0.307048	-0.342901	-0.374895	
0.295145	0.403753	0.502953	0.57035	0.583218	0.523952	0.382785	0.174492	-0.0747604	-0.324505	-0.541693	-0.71155	-0.814415	-0.846296	-0.829014	-0.759016	-0.656595	-0.539467	-0.426606	-0.346531	-0.30154	-0.300037	-0.320773	-0.351753	-0.384043	
0.360126	0.434833	0.500602	0.539407	0.529377	0.45601	0.313176	0.114952	-0.117028	-0.349308	-0.555022	-0.716346	-0.82001	-0.852105	-0.832468	-0.76733	-0.675697	-0.572128	-0.464641	-0.388393	-0.339841	-0.32223	-0.332506	-0.355584	-0.379959	
0.455535	0.497684	0.529423	0.53747	0.506438	0.421091	0.270364	0.0685598	-0.157882	-0.376389	-0.573559	-0.742192	-0.855903	-0.89184	-0.875705	-0.813141	-0.724005	-0.623121	-0.51691	-0.435677	-0.375736	-0.341342	-0.333028	-0.344345	-0.360888	
0.576405	0.594687	0.598701	0.575658	0.515084	0.410348	0.246014	0.0373793	-0.185528	-0.402964	-0.603271	-0.781007	-0.902067	-0.945742	-0.930234	-0.871638	-0.786569	-0.685204	-0.582336	-0.491895	-0.417655	-0.365461	-0.335814	-0.332213	-0.340079	
0.736797	0.73014	0.705848	0.652822	0.560994	0.424849	0.242164	0.0252921	-0.201375	-0.416673	-0.620405	-0.799957	-0.9286	-0.984596	-0.972674	-0.92411	-0.847409	-0.753693	-0.654575	-0.562527	-0.481483	-0.408281	-0.361963	-0.340385	-0.328647	
0.923385	0.903573	0.851132	0.760491	0.633167	0.46765	0.262695	0.0340282	-0.188689	-0.395391	-0.596339	-0.779928	-0.913922	-0.981438	-0.984657	-0.950721	-0.889046	-0.811333	-0.729451	-0.644758	-0.561242	-0.479667	-0.413896	-0.369965	-0.340799	
1.11635	1.08812	1.01468	0.895255	0.733142	0.537517	0.32016	0.0912355	-0.126411	-0.329775	-0.524714	-0.703003	-0.839099	-0.924052	-0.947476	-0.938509	-0.904465	-0.850049	-0.79193	-0.721337	-0.64366	-0.561044	-0.48582	-0.427962	-0.383945	
1.28579	1.26252	1.185	1.05477	0.876575	0.663871	0.439464	0.216226	0.00294412	-0.19172	-0.385412	-0.565784	-0.713937	-0.823095	-0.87398	-0.893068	-0.88774	-0.864925	-0.833303	-0.78891	-0.72631	-0.648136	-0.573308	-0.504047	-0.44897	
1.40219	1.40903	1.34679	1.22282	1.04943	0.838819	0.616895	0.39902	0.1937	-0.00292875	-0.196044	-0.379486	-0.541885	-0.674509	-0.7639	-0.814425	-0.842629	-0.856159	-0.857467	-0.840571	-0.800286	-0.741634	-0.671177	-0.603459	-0.547608	
1.45371	1.497	1.47273	1.37848	1.22084	1.02392	0.820135	0.616443	0.415278	0.217006	0.027012	-0.160222	-0.338952	-0.49923	-0.62538	-0.712452	-0.780802	-0.831913	-0.870299	-0.886061	-0.871589	-0.833511	-0.773539	-0.709229	-0.653213	
1.43702	1.52121	1.53465	1.47526	1.34863	1.18038	0.99659	0.816856	0.63131	0.441205	0.255343	0.0658433	-0.12882	-0.316673	-0.475472	-0.599363	-0.70397	-0.794852	-0.871089	-0.918788	-0.932684	-0.913242	-0.864046	-0.802471	-0.747339	
1.34935	1.46078	1.5071	1.47924	1.39124	1.26135	1.11538	0.963986	0.80433	0.632288	0.463262	0.285372	0.0826611	-0.122926	-0.313494	-0.471441	-0.610806	-0.739946	-0.849885	-0.924902	-0.967926	-0.969321	-0.930541	-0.879267	-0.825515	
1.18151	1.30636	1.37731	1.37847	1.32334	1.24079	1.14711	1.04089	0.92238	0.788358	0.648475	0.489419	0.293038	0.0806851	-0.124943	-0.312738	-0.487267	-0.653278	-0.801804	-0.909	-0.975805	-0.993402	-0.964655	-0.912458	-0.861298	
0.95282	1.07477	1.1477	1.17042	1.15173	1.11297	1.06786	1.01947	0.959914	0.883357	0.793217	0.671267	0.497803	0.292218	0.0830274	-0.124995	-0.326217	-0.523461	-0.70361	-0.838234	-0.928551	-0.961812	-0.94474	-0.899279	-0.852159	
0.687787	0.793467	0.859429	0.883514	0.888835	0.891239	0.900197	0.909709	0.916696	0.913191	0.880203	0.810452	0.676376	0.494631	0.291294	0.0760568	-0.143742	-0.36491	-0.561348	-0.715847	-0.817095	-0.85738	-0.850089	-0.813483	-0.775226	
0.425359	0.509854	0.554763	0.573983	0.589112	0.618841	0.671949	0.73806	0.811435	0.876953	0.906545	0.886045	0.799717	0.658541	0.475612	0.268004	0.0448586	-0.185114	-0.390251	-0.551649	-0.65153	-0.692917	-0.688987	-0.658377	-0.630989	
