-0.647068	-0.64588	-0.632529	-0.603643	-0.576363	-0.571083	-0.591147	-0.622088	-0.643079	-0.64695	-0.646819	-0.652999	-0.654331	-0.623482	-0.54542	-0.437118	-0.321609	-0.222106	-0.152107	-0.113899	-0.10582	-0.125515	-0.17161	-0.230182	-0.283669	
-0.555267	-0.580516	-0.590091	-0.580395	-0.562632	-0.558207	-0.572994	-0.588934	-0.586296	-0.566587	-0.541274	-0.527493	-0.51335	-0.480588	-0.42187	-0.340622	-0.257423	-0.193366	-0.152003	-0.135744	-0.140624	-0.173733	-0.231181	-0.291751	-0.338947	
-0.499957	-0.550283	-0.58322	-0.583575	-0.569788	-0.567203	-0.57795	-0.58671	-0.566693	-0.520892	-0.468879	-0.426391	-0.395337	-0.365424	-0.322508	-0.264787	-0.209653	-0.169541	-0.149437	-0.146929	-0.161205	-0.203688	-0.261478	-0.318302	-0.355412	
-0.476311	-0.549766	-0.594045	-0.601956	-0.589483	-0.586116	-0.597564	-0.60189	-0.571151	-0.508308	-0.428232	-0.358894	-0.311573	-0.283603	-0.256262	-0.215139	-0.181244	-0.156237	-0.137504	-0.137454	-0.159039	-0.203606	-0.257847	-0.306179	-0.331778	
-0.48152	-0.562817	-0.610351	-0.618036	-0.607483	-0.603652	-0.614591	-0.617312	-0.586851	-0.516963	-0.423147	-0.329612	-0.260917	-0.224572	-0.199435	-0.170593	-0.157121	-0.144354	-0.12486	-0.121522	-0.143081	-0.183452	-0.220679	-0.250435	-0.256592	
-0.488162	-0.574557	-0.623149	-0.639006	-0.633856	-0.631358	-0.637629	-0.633519	-0.597953	-0.526931	-0.424347	-0.318479	-0.231021	-0.180255	-0.153586	-0.138512	-0.139281	-0.136965	-0.113842	-0.0979043	-0.105458	-0.125975	-0.13765	-0.143081	-0.129986	
-0.496545	-0.584807	-0.640234	-0.661039	-0.663145	-0.66322	-0.662501	-0.652178	-0.611511	-0.534781	-0.433064	-0.321032	-0.219595	-0.153989	-0.117795	-0.108154	-0.114632	-0.112159	-0.0893675	-0.0637284	-0.0460639	-0.0350313	-0.0202237	0.000212607	0.0316425	
-0.505018	-0.599747	-0.662628	-0.693488	-0.70216	-0.70193	-0.699323	-0.678409	-0.62912	-0.545884	-0.43888	-0.324178	-0.216912	-0.135439	-0.091171	-0.0770386	-0.0760065	-0.0684147	-0.0463513	-0.0154538	0.0236243	0.0701017	0.10979	0.151012	0.196998	
-0.503319	-0.613129	-0.695713	-0.745116	-0.767133	-0.770417	-0.756535	-0.719579	-0.649643	-0.549729	-0.430886	-0.307301	-0.197798	-0.1151	-0.0676881	-0.0518054	-0.0433853	-0.0258067	0.0024651	0.0412117	0.0994513	0.175069	0.240143	0.296711	0.347033	
-0.506212	-0.629868	-0.73239	-0.803629	-0.842452	-0.849086	-0.822796	-0.764937	-0.674475	-0.557294	-0.42551	-0.289944	-0.176701	-0.0953341	-0.0452997	-0.0223832	-0.00822236	0.0179736	0.0555368	0.101594	0.165174	0.252164	0.339342	0.414209	0.462719	
-0.507006	-0.640313	-0.75642	-0.846243	-0.898849	-0.906141	-0.872385	-0.795957	-0.689537	-0.561725	-0.420896	-0.27948	-0.164983	-0.0784478	-0.0218823	0.0176859	0.0438589	0.0760945	0.12094	0.172801	0.227866	0.306262	0.395862	0.477114	0.516574	
-0.490672	-0.631972	-0.76185	-0.863494	-0.923907	-0.934556	-0.893056	-0.807048	-0.686544	-0.547698	-0.403349	-0.263416	-0.145872	-0.0507546	0.0233014	0.0803185	0.121048	0.156012	0.196376	0.239591	0.284978	0.344451	0.417148	0.483832	0.50684	
-0.462166	-0.611269	-0.751559	-0.861377	-0.925811	-0.937076	-0.893371	-0.800004	-0.67009	-0.520915	-0.374317	-0.237117	-0.113449	-0.00164295	0.0936309	0.167744	0.219998	0.259297	0.285451	0.306339	0.331573	0.369035	0.412045	0.442152	0.442119	
-0.428704	-0.580567	-0.723824	-0.837295	-0.902742	-0.913654	-0.870123	-0.773726	-0.64043	-0.488833	-0.340127	-0.202909	-0.0701894	0.0608513	0.17701	0.271762	0.340415	0.382906	0.399413	0.389406	0.375064	0.3805	0.386393	0.379936	0.356298	
-0.399518	-0.548598	-0.689046	-0.797122	-0.858498	-0.86954	-0.827177	-0.737041	-0.607802	-0.458751	-0.310761	-0.165323	-0.0217005	0.120506	0.259062	0.377349	0.464829	0.511461	0.515771	0.482809	0.431286	0.389258	0.358344	0.323653	0.277748	
-0.356386	-0.507317	-0.645086	-0.74915	-0.804934	-0.814338	-0.777127	-0.691275	-0.565664	-0.416989	-0.26516	-0.115433	0.033431	0.180324	0.331067	0.473106	0.576312	0.620994	0.61439	0.567892	0.494516	0.413781	0.339683	0.280048	0.22003	
-0.300373	-0.449893	-0.583327	-0.678325	-0.727691	-0.73618	-0.70371	-0.626642	-0.506609	-0.360642	-0.210457	-0.0623983	0.0854902	0.239997	0.401991	0.55403	0.661999	0.701213	0.685005	0.631025	0.546144	0.442976	0.332778	0.243826	0.17064	
-0.22833	-0.366026	-0.487762	-0.569341	-0.612569	-0.620446	-0.59154	-0.525096	-0.418445	-0.283468	-0.145151	-0.00711738	0.13649	0.29768	0.466075	0.61206	0.706513	0.740663	0.720374	0.658114	0.563827	0.444617	0.317504	0.208859	0.121962	
-0.119282	-0.237897	-0.338288	-0.407072	-0.442275	-0.448	-0.424787	-0.370043	-0.280958	-0.167812	-0.0477225	0.0708419	0.200835	0.352745	0.507736	0.634798	0.707618	0.730315	0.707618	0.638926	0.536516	0.412334	0.284074	0.17286	0.0838269	
0.0234683	-0.0600402	-0.132949	-0.174554	-0.192348	-0.194733	-0.183801	-0.15319	-0.0928455	-0.0105688	0.0756535	0.166097	0.266552	0.387537	0.512014	0.61322	0.66468	0.66752	0.629912	0.557332	0.46009	0.348684	0.233474	0.132708	0.0531863	
0.197346	0.157488	0.127688	0.121226	0.129674	0.133022	0.124254	0.122121	0.143699	0.181139	0.220888	0.263146	0.315795	0.387954	0.469239	0.53972	0.566712	0.547587	0.493486	0.421542	0.343418	0.255134	0.162545	0.076682	0.0133114	
0.390482	0.407698	0.429847	0.463867	0.495902	0.502287	0.477951	0.44225	0.415335	0.397802	0.379747	0.362887	0.357617	0.373115	0.406005	0.435472	0.429459	0.387484	0.328915	0.265113	0.202077	0.137125	0.0662659	0.00155321	-0.0422363	
0.600499	0.676205	0.749793	0.818134	0.863558	0.871948	0.839716	0.778541	0.705731	0.63167	0.554703	0.481402	0.415632	0.371618	0.349562	0.32753	0.283403	0.222783	0.166593	0.115762	0.0581779	0.0049991	-0.0470331	-0.0926072	-0.119922	
0.817608	0.941487	1.0559	1.14946	1.20803	1.21893	1.17806	1.09679	0.988333	0.868387	0.741275	0.615742	0.496303	0.393873	0.311795	0.236734	0.154071	0.0750733	0.0154679	-0.0344278	-0.0891083	-0.134372	-0.173204	-0.204146	-0.2251	
1.03518	1.19155	1.32766	1.44063	1.51551	1.52898	1.47702	1.37629	1.24744	1.10075	0.933832	0.760821	0.590771	0.431407	0.289951	0.159789	0.0419061	-0.0582749	-0.128621	-0.182437	-0.235842	-0.270565	-0.303503	-0.335211	-0.356636	
1.23786	1.41592	1.5647	1.69128	1.77624	1.79215	1.73187	1.61904	1.47757	1.3139	1.11792	0.905906	0.686346	0.472908	0.272711	0.0899866	-0.0659293	-0.189374	-0.275255	-0.334185	-0.385306	-0.41661	-0.448793	-0.480041	-0.502498	
1.41592	1.61064	1.776	1.90646	1.98854	2.00286	1.94599	1.83291	1.68027	1.49797	1.2842	1.04449	0.783437	0.514261	0.254761	0.0221973	-0.172023	-0.320804	-0.421113	-0.486177	-0.534092	-0.567644	-0.599896	-0.625178	-0.639055	
1.5647	1.776	1.9522	2.08422	2.15693	2.16789	2.12076	2.01204	1.85068	1.6532	1.42562	1.16933	0.875618	0.557427	0.244603	-0.0351511	-0.262717	-0.434668	-0.550504	-0.623288	-0.673404	-0.709899	-0.7424	-0.759844	-0.760572	
1.69128	1.90646	2.08422	2.21477	2.28648	2.29836	2.25077	2.14309	1.9827	1.78134	1.54536	1.27177	0.954167	0.60661	0.254416	-0.0636425	-0.322459	-0.511509	-0.640419	-0.724363	-0.779158	-0.822601	-0.854167	-0.864993	-0.855887	
1.77624	1.98854	2.15693	2.28648	2.36607	2.37958	2.32511	2.21378	2.06034	1.86651	1.62619	1.33618	1.00464	0.644943	0.273566	-0.0706241	-0.352248	-0.552721	-0.686934	-0.778092	-0.837912	-0.887052	-0.920057	-0.927339	-0.911962	
1.79215	2.00286	2.16789	2.29836	2.37958	2.39349	2.33813	2.2248	2.07358	1.88254	1.64089	1.34799	1.01374	0.651635	0.278333	-0.0710517	-0.356737	-0.559821	-0.695128	-0.786595	-0.848153	-0.897689	-0.93089	-0.938939	-0.92044	
1.73187	1.94599	2.12076	2.25077	2.32511	2.33813	2.28743	2.1788	2.02074	1.82173	1.58425	1.30344	0.978485	0.624248	0.261909	-0.0676857	-0.337492	-0.532223	-0.664715	-0.751819	-0.80828	-0.854729	-0.887025	-0.895425	-0.884135	
1.61904	1.83291	2.01204	2.14309	2.21378	2.2248	2.1788	2.07155	1.90908	1.70821	1.47709	1.21357	0.909764	0.576849	0.245833	-0.0497494	-0.290656	-0.470026	-0.591301	-0.668796	-0.720305	-0.759521	-0.79141	-0.806398	-0.802412	
1.47757	1.68027	1.85068	1.9827	2.06034	2.07358	2.02074	1.90908	1.75228	1.56277	1.34225	1.09548	0.820612	0.53088	0.248937	-0.0036064	-0.211641	-0.369665	-0.476487	-0.543963	-0.59326	-0.627365	-0.65967	-0.681396	-0.69049	
1.3139	1.49797	1.6532	1.78134	1.86651	1.88254	1.82173	1.70821	1.56277	1.39224	1.18824	0.963027	0.726086	0.490087	0.26531	0.0623363	-0.109563	-0.242506	-0.333915	-0.395367	-0.444436	-0.476636	-0.50825	-0.538135	-0.558244	
1.11792	1.2842	1.42562	1.54536	1.62619	1.64089	1.58425	1.47709	1.34225	1.18824	1.00846	0.818504	0.628293	0.447432	0.282611	0.131838	-0.000703146	-0.110456	-0.187046	-0.243129	-0.295734	-0.3278	-0.360734	-0.392546	-0.415439	
0.905906	1.04449	1.16933	1.27177	1.33618	1.34799	1.30344	1.21357	1.09548	0.963027	0.818504	0.673978	0.533424	0.407476	0.302071	0.204844	0.108418	0.0209503	-0.042414	-0.0931149	-0.147628	-0.188426	-0.223783	-0.254277	-0.274253	
0.686346	0.783437	0.875618	0.954167	1.00464	1.01374	0.978485	0.909764	0.820612	0.726086	0.628293	0.533424	0.445304	0.377911	0.331832	0.288477	0.228332	0.160701	0.104786	0.0553629	-0.000430829	-0.0511207	-0.097035	-0.134806	-0.159071	
0.472908	0.514261	0.557427	0.60661	0.644943	0.651635	0.624248	0.576849	0.53088	0.490087	0.447432	0.407476	0.377911	0.369953	0.381969	0.391094	0.370657	0.320436	0.263109	0.204483	0.143976	0.0857164	0.0227968	-0.0341499	-0.0693331	
0.272711	0.254761	0.244603	0.254416	0.273566	0.278333	0.261909	0.245833	0.248937	0.26531	0.282611	0.302071	0.331832	0.381969	0.444475	0.499589	0.514912	0.486804	0.428677	0.359271	0.288789	0.210454	0.126499	0.0490795	-0.00730398	
0.0899866	0.0221973	-0.0351511	-0.0636425	-0.0706241	-0.0710517	-0.0676857	-0.0497494	-0.0036064	0.0623363	0.131838	0.204844	0.288477	0.391094	0.499589	0.589528	0.632207	0.625838	0.581083	0.507325	0.417433	0.314415	0.208368	0.112561	0.0397768	
-0.0659293	-0.172023	-0.262717	-0.322459	-0.352248	-0.356737	-0.337492	-0.290656	-0.211641	-0.109563	-0.000703146	0.108418	0.228332	0.370657	0.514912	0.632207	0.696124	0.71202	0.684886	0.614526	0.511513	0.390759	0.265665	0.158629	0.0713415	
-0.189374	-0.320804	-0.434668	-0.511509	-0.552721	-0.559821	-0.532223	-0.470026	-0.369665	-0.242506	-0.110456	0.0209503	0.160701	0.320436	0.486804	0.625838	0.71202	0.742931	0.722313	0.657049	0.558833	0.435192	0.306708	0.194259	0.105388	
-0.275255	-0.421113	-0.550504	-0.640419	-0.686934	-0.695128	-0.664715	-0.591301	-0.476487	-0.333915	-0.187046	-0.042414	0.104786	0.263109	0.428677	0.581083	0.684886	0.722313	0.703533	0.646128	0.558029	0.447848	0.327966	0.229497	0.150011	
-0.334185	-0.486177	-0.623288	-0.724363	-0.778092	-0.786595	-0.751819	-0.668796	-0.543963	-0.395367	-0.243129	-0.0931149	0.0553629	0.204483	0.359271	0.507325	0.614526	0.657049	0.646128	0.597087	0.518319	0.427384	0.336868	0.265452	0.200632	
-0.385306	-0.534092	-0.673404	-0.779158	-0.837912	-0.848153	-0.80828	-0.720305	-0.59326	-0.444436	-0.295734	-0.147628	-0.000430829	0.143976	0.288789	0.417433	0.511513	0.558833	0.558029	0.518319	0.456148	0.395846	0.348616	0.305053	0.252141	
-0.41661	-0.567644	-0.709899	-0.822601	-0.887052	-0.897689	-0.854729	-0.759521	-0.627365	-0.476636	-0.3278	-0.188426	-0.0511207	0.0857164	0.210454	0.314415	0.390759	0.435192	0.447848	0.427384	0.395846	0.383418	0.375159	0.355975	0.323299	
-0.448793	-0.599896	-0.7424	-0.854167	-0.920057	-0.93089	-0.887025	-0.79141	-0.65967	-0.50825	-0.360734	-0.223783	-0.097035	0.0227968	0.126499	0.208368	0.265665	0.306708	0.327966	0.336868	0.348616	0.375159	0.403023	0.418204	0.407836	
-0.480041	-0.625178	-0.759844	-0.864993	-0.927339	-0.938939	-0.895425	-0.806398	-0.681396	-0.538135	-0.392546	-0.254277	-0.134806	-0.0341499	0.0490795	0.112561	0.158629	0.194259	0.229497	0.265452	0.305053	0.355975	0.418204	0.471009	0.486328	
-0.502498	-0.639055	-0.760572	-0.855887	-0.911962	-0.92044	-0.884135	-0.802412	-0.69049	-0.558244	-0.415439	-0.274253	-0.159071	-0.0693331	-0.00730398	0.0397768	0.0713415	0.105388	0.150011	0.200632	0.252141	0.323299	0.407836	0.486328	0.519754	
