-0.498341	-0.538605	-0.55358	-0.546426	-0.514542	-0.460189	-0.412086	-0.389808	-0.387084	-0.400065	-0.425288	-0.456886	-0.488094	-0.497553	-0.485282	-0.430971	-0.324039	-0.169864	0.0329985	0.269589	0.523097	0.743843	0.87942	0.897042	0.776943	
-0.516132	-0.534193	-0.520433	-0.482057	-0.432509	-0.381044	-0.338294	-0.3169	-0.329164	-0.370565	-0.417598	-0.455477	-0.485676	-0.489789	-0.465648	-0.401306	-0.288241	-0.123097	0.0862205	0.329253	0.583356	0.794278	0.917274	0.910625	0.770417	
-0.503446	-0.490455	-0.458066	-0.406118	-0.346562	-0.303175	-0.278535	-0.273891	-0.297386	-0.357863	-0.423513	-0.465564	-0.485937	-0.477108	-0.433894	-0.356157	-0.238054	-0.0615507	0.154675	0.400629	0.650576	0.845951	0.948805	0.91691	0.750921	
-0.470194	-0.430671	-0.384203	-0.3356	-0.285848	-0.252581	-0.245253	-0.261397	-0.302094	-0.368007	-0.444264	-0.488239	-0.490216	-0.460575	-0.400375	-0.304681	-0.167694	0.0178592	0.246564	0.494624	0.732961	0.913119	0.987259	0.926813	0.730765	
-0.41669	-0.365788	-0.314312	-0.273406	-0.244348	-0.230687	-0.238138	-0.268911	-0.331828	-0.409291	-0.478001	-0.514251	-0.502019	-0.448144	-0.366654	-0.247968	-0.086254	0.117089	0.357677	0.60514	0.829038	0.982775	1.02354	0.931254	0.706287	
-0.348045	-0.297541	-0.251524	-0.226	-0.215621	-0.225459	-0.254474	-0.300007	-0.376048	-0.463737	-0.527665	-0.544647	-0.510648	-0.425087	-0.314941	-0.176627	0.00831725	0.229889	0.476054	0.71743	0.916747	1.03343	1.03888	0.90979	0.658066	
-0.285562	-0.24075	-0.207361	-0.199162	-0.210558	-0.241219	-0.29253	-0.352283	-0.429446	-0.51121	-0.562096	-0.553096	-0.489187	-0.380815	-0.2395	-0.0776107	0.117972	0.34462	0.578482	0.796708	0.964998	1.04733	1.02061	0.865584	0.601762	
-0.228916	-0.194637	-0.181525	-0.191092	-0.221352	-0.271001	-0.336921	-0.41012	-0.482017	-0.538882	-0.562808	-0.530066	-0.441133	-0.311358	-0.154097	0.0233491	0.225326	0.445419	0.664325	0.853832	0.984568	1.03069	0.976721	0.808845	0.540375	
-0.186801	-0.163195	-0.175335	-0.208058	-0.253954	-0.315364	-0.385485	-0.453559	-0.515262	-0.545979	-0.53842	-0.480525	-0.370162	-0.227282	-0.0629095	0.118773	0.32233	0.533314	0.73289	0.893973	0.990402	1.00691	0.927457	0.744226	0.473977	
-0.174823	-0.166757	-0.194745	-0.245491	-0.304554	-0.370518	-0.43494	-0.483926	-0.519059	-0.525243	-0.491532	-0.417796	-0.297043	-0.139641	0.0355514	0.220844	0.417418	0.611189	0.785353	0.917502	0.984212	0.971881	0.873193	0.683457	0.414868	
-0.17862	-0.1968	-0.233276	-0.28541	-0.345738	-0.411733	-0.470185	-0.50253	-0.509505	-0.488723	-0.439506	-0.354454	-0.228037	-0.0653018	0.121357	0.313252	0.508717	0.689464	0.837818	0.93732	0.969905	0.934801	0.823228	0.626358	0.361521	
-0.174552	-0.215199	-0.26485	-0.316784	-0.375049	-0.436484	-0.488772	-0.512298	-0.503161	-0.462582	-0.395845	-0.300044	-0.162206	0.00924883	0.203801	0.401546	0.590146	0.75473	0.879474	0.952429	0.960208	0.900483	0.770721	0.569525	0.307526	
-0.169766	-0.213838	-0.272451	-0.333168	-0.396752	-0.457159	-0.496731	-0.505791	-0.481894	-0.42717	-0.349237	-0.241763	-0.0914029	0.093089	0.293236	0.485726	0.659646	0.799988	0.898376	0.94452	0.926982	0.853332	0.718171	0.515441	0.258208	
-0.163771	-0.212671	-0.273089	-0.341953	-0.413883	-0.474192	-0.501687	-0.487328	-0.440654	-0.368339	-0.277763	-0.163878	-0.00644628	0.18311	0.383891	0.56764	0.718939	0.828928	0.892872	0.91051	0.876266	0.791167	0.6512	0.455671	0.210673	
-0.142199	-0.211949	-0.285651	-0.360906	-0.433949	-0.487035	-0.499507	-0.467428	-0.39851	-0.307129	-0.199889	-0.0721245	0.0913183	0.281978	0.475525	0.642688	0.769066	0.8488	0.884465	0.875051	0.815953	0.718437	0.577543	0.387969	0.156821	
-0.10941	-0.206239	-0.301994	-0.388766	-0.45734	-0.493945	-0.486351	-0.436373	-0.352098	-0.243537	-0.120217	0.0215588	0.19444	0.381769	0.560403	0.702565	0.797373	0.846781	0.854753	0.827327	0.762436	0.662106	0.520781	0.337128	0.115119	
-0.0740163	-0.189297	-0.30252	-0.39651	-0.461463	-0.481642	-0.45217	-0.383916	-0.284068	-0.164271	-0.030198	0.117737	0.287195	0.461733	0.61684	0.730265	0.794444	0.817399	0.811395	0.777967	0.710626	0.615339	0.483223	0.309229	0.0962578	
-0.0420875	-0.171355	-0.290283	-0.382402	-0.435069	-0.439063	-0.391269	-0.306272	-0.192446	-0.0609159	0.076036	0.216626	0.368673	0.51753	0.643551	0.727995	0.768788	0.777363	0.761639	0.726416	0.666196	0.577254	0.449917	0.281054	0.0728815	
-0.0147078	-0.152843	-0.27046	-0.349061	-0.384114	-0.369214	-0.307858	-0.213187	-0.091637	0.0424862	0.17832	0.309088	0.440281	0.561386	0.658697	0.720356	0.743061	0.738846	0.719235	0.682158	0.617882	0.527689	0.402069	0.239616	0.0420107	
0.00942651	-0.124398	-0.228099	-0.287159	-0.301124	-0.273155	-0.206372	-0.11385	0.00495818	0.137777	0.267598	0.385767	0.496905	0.59423	0.667354	0.706648	0.71333	0.700927	0.67468	0.634691	0.573189	0.484908	0.361697	0.202794	0.0109401	
0.0381613	-0.0720062	-0.150547	-0.187619	-0.190069	-0.158637	-0.0965586	-0.00998733	0.102963	0.228517	0.34953	0.453678	0.543448	0.613312	0.6589	0.677489	0.669289	0.647878	0.622973	0.588784	0.532542	0.45108	0.334398	0.183673	0.000138552	
0.0715033	0.00642905	-0.0387768	-0.05945	-0.0585206	-0.0322339	0.0254827	0.107366	0.216423	0.334053	0.43703	0.5124	0.566942	0.604566	0.624703	0.625431	0.609493	0.590937	0.571648	0.546235	0.502604	0.430954	0.322024	0.175345	-0.00668347	
0.102407	0.0889973	0.0818412	0.0794852	0.0823748	0.105375	0.158785	0.239278	0.342207	0.442621	0.516293	0.554647	0.570069	0.572743	0.570077	0.564435	0.552948	0.542592	0.535575	0.520115	0.480657	0.41109	0.302389	0.158479	-0.0185182	
0.118847	0.15434	0.187748	0.214398	0.234888	0.264391	0.316101	0.383407	0.465158	0.536648	0.575446	0.575242	0.55469	0.532615	0.517635	0.509145	0.502643	0.503977	0.506229	0.497288	0.462949	0.393566	0.284089	0.138841	-0.0377209	
0.121718	0.204089	0.281173	0.344917	0.393568	0.438927	0.488385	0.537172	0.584752	0.613541	0.609204	0.574849	0.530378	0.492486	0.469499	0.461324	0.459549	0.46488	0.474121	0.471912	0.44189	0.377071	0.270583	0.129248	-0.0428114	
0.119112	0.256881	0.380158	0.479828	0.553169	0.610302	0.656548	0.682706	0.693348	0.677001	0.628689	0.556072	0.485365	0.437344	0.416828	0.4162	0.42266	0.437749	0.452499	0.45413	0.428922	0.366757	0.26368	0.125075	-0.0453537	
0.107955	0.296127	0.467416	0.604163	0.700806	0.76545	0.802668	0.807179	0.784957	0.729653	0.641236	0.536958	0.444708	0.385104	0.362691	0.36995	0.389905	0.416024	0.440886	0.448211	0.423491	0.3611	0.256342	0.117176	-0.0517155	
0.0873161	0.30926	0.520382	0.698004	0.825511	0.903462	0.933852	0.913516	0.858139	0.769318	0.653803	0.526759	0.417964	0.349398	0.324964	0.333676	0.356857	0.391065	0.423156	0.437387	0.419036	0.357986	0.253038	0.112959	-0.0571266	
0.0736922	0.309808	0.54626	0.756058	0.9143	1.00987	1.03891	1.00068	0.916605	0.796862	0.653783	0.510511	0.394109	0.323192	0.298487	0.309579	0.337727	0.374662	0.410909	0.428394	0.411599	0.353924	0.251064	0.11179	-0.0572597	
0.0765802	0.318628	0.563942	0.787624	0.960531	1.0675	1.09912	1.05169	0.949056	0.806448	0.643945	0.485243	0.362456	0.294637	0.280397	0.302842	0.337855	0.379609	0.415165	0.43011	0.411383	0.349735	0.2452	0.107179	-0.0602846	
0.0783968	0.320876	0.567375	0.792342	0.967826	1.07659	1.10897	1.06074	0.95544	0.808632	0.639935	0.478958	0.355784	0.289199	0.276034	0.300388	0.339305	0.382005	0.418361	0.432074	0.410424	0.349052	0.244741	0.105781	-0.0614216	
0.074172	0.31348	0.554413	0.771655	0.937462	1.03912	1.06929	1.02605	0.93245	0.801654	0.65067	0.500239	0.38081	0.310846	0.290716	0.306442	0.335904	0.374631	0.410285	0.427501	0.41163	0.352038	0.248407	0.110445	-0.0579048	
0.07954	0.308625	0.532285	0.724973	0.866394	0.951279	0.980266	0.951686	0.884354	0.783067	0.655427	0.522067	0.409654	0.339114	0.3128	0.320953	0.346653	0.382245	0.417032	0.433062	0.415099	0.356719	0.253316	0.112626	-0.0574528	
0.0999944	0.304212	0.493036	0.646432	0.75411	0.823039	0.856741	0.851092	0.815507	0.746322	0.647101	0.532071	0.432012	0.368279	0.345859	0.355199	0.376559	0.406638	0.434365	0.44465	0.422936	0.359311	0.253432	0.114485	-0.0546787	
0.115876	0.275258	0.417882	0.531702	0.614244	0.674508	0.717859	0.735527	0.732765	0.699899	0.633242	0.547331	0.467581	0.415149	0.394159	0.39661	0.409485	0.429209	0.447914	0.451178	0.425422	0.364335	0.261603	0.122153	-0.0477032	
0.122014	0.225766	0.320405	0.398664	0.457821	0.509251	0.55792	0.597494	0.629775	0.639855	0.618587	0.568753	0.513961	0.471816	0.449416	0.443945	0.443636	0.451917	0.46299	0.46301	0.436233	0.371885	0.2669	0.127992	-0.0430868	
0.120951	0.174498	0.225068	0.266491	0.298123	0.333159	0.383938	0.444342	0.513959	0.570126	0.591686	0.577937	0.546692	0.516988	0.497899	0.488531	0.484569	0.488387	0.493657	0.487082	0.45405	0.387022	0.278815	0.133627	-0.0416578	
0.111164	0.117887	0.126851	0.134687	0.141759	0.165794	0.2183	0.294938	0.3916	0.481882	0.542827	0.565068	0.565169	0.55688	0.548571	0.542312	0.532427	0.526794	0.523949	0.511586	0.474214	0.403047	0.293419	0.149763	-0.026724	
0.0846317	0.0405916	0.0100735	-0.00430892	-0.00309558	0.0213787	0.0775571	0.158954	0.266398	0.378689	0.470395	0.531787	0.57067	0.593715	0.60405	0.60051	0.585516	0.570187	0.555153	0.533643	0.492853	0.423773	0.316149	0.170012	-0.0105358	
0.0516649	-0.0425726	-0.109	-0.13876	-0.139046	-0.108847	-0.0491247	0.0347561	0.146121	0.268809	0.384476	0.478837	0.556024	0.613417	0.64822	0.659251	0.64611	0.62421	0.601245	0.570701	0.519419	0.441305	0.328312	0.180481	-0.00179163	
0.0202311	-0.106976	-0.201831	-0.251573	-0.259483	-0.22961	-0.164071	-0.0736624	0.0432552	0.174148	0.300523	0.413532	0.516702	0.603721	0.666781	0.697472	0.697887	0.682031	0.654722	0.615729	0.55648	0.470557	0.349514	0.192943	0.00386052	
-0.0048226	-0.143372	-0.256995	-0.32807	-0.355236	-0.333944	-0.268887	-0.173853	-0.0525966	0.0809916	0.215155	0.341365	0.464803	0.576165	0.663397	0.716523	0.732435	0.724448	0.70254	0.664068	0.599352	0.508508	0.383615	0.222812	0.028302	
-0.030908	-0.164696	-0.284032	-0.371931	-0.417449	-0.413537	-0.359603	-0.270311	-0.152393	-0.0179321	0.118938	0.255206	0.398833	0.536242	0.650303	0.724628	0.7574	0.761194	0.743262	0.707543	0.647784	0.558935	0.432522	0.266048	0.0609986	
-0.0605269	-0.181694	-0.298892	-0.392925	-0.454232	-0.468154	-0.431401	-0.356078	-0.249724	-0.12502	0.0110639	0.157515	0.321357	0.486073	0.630044	0.73227	0.785885	0.801751	0.791557	0.757018	0.691694	0.599549	0.470607	0.299176	0.0889098	
-0.0947065	-0.200292	-0.304236	-0.394939	-0.462146	-0.492495	-0.476	-0.418279	-0.327592	-0.214137	-0.08645	0.0586134	0.232468	0.417014	0.587504	0.718022	0.799463	0.837687	0.838495	0.807653	0.742463	0.642878	0.504124	0.324228	0.104861	
-0.129794	-0.210649	-0.293443	-0.372438	-0.444283	-0.491097	-0.49567	-0.456789	-0.381993	-0.283626	-0.168448	-0.0339384	0.133399	0.322566	0.511276	0.66967	0.783914	0.851752	0.875571	0.85723	0.793237	0.693233	0.551801	0.364207	0.13791	
-0.157309	-0.213345	-0.27687	-0.347715	-0.420419	-0.479188	-0.50177	-0.479977	-0.423348	-0.342213	-0.246023	-0.128712	0.0311814	0.222396	0.420585	0.598352	0.740152	0.837594	0.889741	0.896484	0.852645	0.76212	0.621678	0.429093	0.189125	
-0.168451	-0.212662	-0.272282	-0.336222	-0.403989	-0.464923	-0.499401	-0.499252	-0.466975	-0.406096	-0.323401	-0.213253	-0.0591691	0.127677	0.329709	0.520183	0.684756	0.813223	0.897817	0.932266	0.907971	0.830298	0.693127	0.492383	0.240043	
-0.171942	-0.21618	-0.270347	-0.325256	-0.384642	-0.444907	-0.49262	-0.511126	-0.496719	-0.450561	-0.379883	-0.27892	-0.134746	0.0422879	0.238734	0.434888	0.618693	0.774916	0.890904	0.953499	0.950522	0.883857	0.750211	0.54763	0.286528	
-0.177859	-0.206608	-0.248483	-0.299717	-0.358655	-0.42278	-0.479263	-0.508342	-0.507777	-0.477657	-0.419997	-0.331352	-0.202389	-0.0372089	0.154179	0.349878	0.543043	0.718481	0.856255	0.943881	0.966818	0.921004	0.801842	0.603889	0.339974	
