-0.169165	-0.217504	-0.231089	-0.230161	-0.226952	-0.229712	-0.237182	-0.231079	-0.202967	-0.161305	-0.118764	-0.0830475	-0.0533317	-0.0391648	-0.0296834	-0.0196142	0.00724284	0.0439225	0.0623781	0.0467419	-0.00524767	-0.0819594	-0.157221	-0.20134	-0.206718	
-0.287486	-0.345763	-0.3724	-0.37414	-0.371109	-0.371567	-0.366682	-0.342926	-0.28935	-0.217776	-0.142591	-0.0793655	-0.0335228	-0.003986	0.0136826	0.0216446	0.0335183	0.0523846	0.0602348	0.039823	-0.0155771	-0.0943142	-0.167869	-0.210283	-0.21819	
-0.421418	-0.484787	-0.518113	-0.518091	-0.507716	-0.49597	-0.472765	-0.432317	-0.362268	-0.264479	-0.157463	-0.0661441	-0.00629565	0.029138	0.0455454	0.0532062	0.0555033	0.0568369	0.0487345	0.0255279	-0.023243	-0.0982361	-0.165821	-0.207219	-0.216113	
-0.542154	-0.609525	-0.651848	-0.653077	-0.634543	-0.606069	-0.558806	-0.491494	-0.403958	-0.287798	-0.16086	-0.0479267	0.0244704	0.0565798	0.0584344	0.0530874	0.052175	0.04999	0.0316389	0.000478434	-0.04471	-0.106473	-0.1603	-0.197491	-0.208232	
-0.629184	-0.710026	-0.765527	-0.774346	-0.752544	-0.702382	-0.625594	-0.530136	-0.420168	-0.289986	-0.150977	-0.0340214	0.040514	0.0685124	0.0607408	0.0362105	0.0227184	0.0161822	0.00201255	-0.0286986	-0.0723192	-0.118073	-0.159299	-0.188531	-0.205929	
-0.680752	-0.778168	-0.846159	-0.867998	-0.838849	-0.772014	-0.671898	-0.554265	-0.425726	-0.284516	-0.145549	-0.0286072	0.0447718	0.0669624	0.0484618	0.00785374	-0.0248333	-0.0472444	-0.0599049	-0.0801801	-0.10918	-0.138954	-0.174716	-0.201429	-0.223385	
-0.693886	-0.804131	-0.884723	-0.919246	-0.888708	-0.810673	-0.697471	-0.568266	-0.429665	-0.286454	-0.146595	-0.0318466	0.03935	0.0516573	0.0144666	-0.0413021	-0.0964739	-0.133424	-0.156222	-0.169815	-0.180925	-0.191648	-0.216031	-0.244015	-0.261277	
-0.66469	-0.779339	-0.865503	-0.906616	-0.884	-0.813637	-0.705991	-0.576513	-0.434429	-0.286816	-0.15569	-0.0474574	0.014551	0.016557	-0.0327023	-0.106796	-0.179545	-0.23524	-0.27081	-0.290359	-0.295585	-0.289246	-0.295126	-0.311174	-0.322642	
-0.586111	-0.704597	-0.794909	-0.839586	-0.828314	-0.771256	-0.677387	-0.556805	-0.417123	-0.276368	-0.156879	-0.0627846	-0.0156324	-0.0304423	-0.0916452	-0.176855	-0.263067	-0.339335	-0.392316	-0.419898	-0.422848	-0.409008	-0.402099	-0.405052	-0.414633	
-0.462801	-0.590379	-0.687498	-0.733571	-0.733026	-0.691235	-0.610612	-0.500327	-0.368141	-0.240319	-0.13057	-0.0557487	-0.028226	-0.0622456	-0.143715	-0.246372	-0.351248	-0.44414	-0.511252	-0.546219	-0.546088	-0.534004	-0.529139	-0.530042	-0.543266	
-0.333867	-0.463735	-0.566405	-0.620454	-0.630218	-0.600345	-0.535652	-0.427782	-0.29528	-0.16763	-0.0681096	-0.0164994	-0.0146835	-0.0763896	-0.180491	-0.30839	-0.435327	-0.540022	-0.615717	-0.651745	-0.653834	-0.647266	-0.652688	-0.660532	-0.676183	
-0.21594	-0.341418	-0.445453	-0.514852	-0.536064	-0.513977	-0.449199	-0.338986	-0.207532	-0.0759808	0.015683	0.0456668	0.0118495	-0.0854537	-0.211232	-0.352831	-0.492918	-0.608902	-0.694424	-0.733565	-0.737968	-0.734412	-0.743177	-0.754898	-0.768483	
-0.12095	-0.236166	-0.341815	-0.415277	-0.446136	-0.423754	-0.346131	-0.230815	-0.09357	0.0329535	0.107141	0.108878	0.0401459	-0.0816936	-0.226671	-0.378053	-0.521311	-0.645862	-0.738041	-0.78612	-0.789676	-0.777163	-0.777401	-0.781996	-0.792939	
-0.0633952	-0.167026	-0.259044	-0.325433	-0.352263	-0.324614	-0.236062	-0.112949	0.0269039	0.143371	0.194967	0.171285	0.0741024	-0.0618419	-0.21869	-0.371076	-0.516645	-0.642578	-0.734124	-0.782718	-0.780057	-0.757564	-0.741763	-0.739211	-0.743403	
-0.0359586	-0.128858	-0.204271	-0.253598	-0.263399	-0.217457	-0.128764	-0.0107133	0.122101	0.234404	0.277491	0.235353	0.121308	-0.0258965	-0.184766	-0.328703	-0.464495	-0.580023	-0.659964	-0.69733	-0.686125	-0.657538	-0.633828	-0.626916	-0.627838	
-0.0268462	-0.0985159	-0.151594	-0.175057	-0.166161	-0.107683	-0.0160224	0.0948627	0.211654	0.31097	0.342681	0.291953	0.172832	0.0204993	-0.134172	-0.26651	-0.37382	-0.462737	-0.520561	-0.540997	-0.524441	-0.490173	-0.465419	-0.455373	-0.454913	
-0.00231066	-0.0446568	-0.0774764	-0.0769641	-0.0422046	0.0270877	0.118932	0.218119	0.313097	0.384182	0.395456	0.33401	0.212515	0.0629364	-0.0777103	-0.188678	-0.264243	-0.318608	-0.347366	-0.347276	-0.324449	-0.287315	-0.26004	-0.244594	-0.241599	
0.0672175	0.0534872	0.0458865	0.0581625	0.108943	0.183747	0.26829	0.345897	0.410534	0.444785	0.429079	0.353689	0.236266	0.103632	-0.0135119	-0.0926677	-0.136432	-0.154999	-0.155755	-0.138061	-0.108563	-0.0721694	-0.0424904	-0.0227739	-0.0150256	
0.189829	0.208905	0.223097	0.243544	0.28559	0.339985	0.402404	0.458305	0.489909	0.489116	0.445129	0.364289	0.259781	0.151842	0.0676807	0.0194728	0.00932852	0.0177097	0.0386855	0.0650043	0.0951521	0.131369	0.159163	0.184172	0.194768	
0.35242	0.404332	0.43606	0.458232	0.484861	0.504033	0.526278	0.541652	0.537668	0.507555	0.446271	0.364575	0.273692	0.192942	0.143158	0.129326	0.143724	0.175028	0.209189	0.239635	0.267564	0.30102	0.33104	0.356851	0.371018	
0.554571	0.627772	0.669983	0.690221	0.692847	0.67534	0.640988	0.600214	0.555566	0.495599	0.423638	0.347672	0.277676	0.224495	0.195969	0.204998	0.236939	0.282001	0.326213	0.353669	0.38043	0.411276	0.44388	0.473601	0.491196	
0.776684	0.861408	0.909008	0.916537	0.88184	0.821195	0.734446	0.638518	0.541044	0.450668	0.37143	0.307486	0.260947	0.230775	0.221181	0.24293	0.285855	0.3418	0.393323	0.422969	0.444838	0.469486	0.497501	0.525155	0.546328	
1.01031	1.09525	1.12588	1.10693	1.03443	0.925165	0.782624	0.635506	0.499664	0.387698	0.300966	0.24357	0.217788	0.209593	0.219407	0.252837	0.305444	0.37028	0.427398	0.45966	0.475987	0.488648	0.502763	0.519424	0.53468	
1.23934	1.31497	1.32106	1.25734	1.13319	0.973161	0.785693	0.597775	0.438213	0.311337	0.218395	0.164061	0.150138	0.160345	0.185294	0.232671	0.296491	0.366384	0.422289	0.45329	0.465483	0.467892	0.467889	0.468747	0.473033	
1.43831	1.49333	1.47125	1.36453	1.18944	0.979747	0.754331	0.537314	0.356886	0.22305	0.127209	0.0741714	0.0613397	0.0831648	0.125558	0.186756	0.261547	0.330069	0.382337	0.409146	0.417839	0.414394	0.403211	0.393316	0.384607	
1.60043	1.63067	1.57309	1.42571	1.21962	0.969456	0.707335	0.459574	0.260801	0.119386	0.0208477	-0.0293687	-0.0353915	-0.00428417	0.0526756	0.129296	0.21379	0.284638	0.328084	0.347813	0.349094	0.338105	0.319126	0.301686	0.288141	
1.72428	1.72603	1.63755	1.46204	1.22668	0.947814	0.656532	0.381514	0.162163	0.00822052	-0.0900295	-0.131555	-0.129459	-0.0861922	-0.0165863	0.0743426	0.16909	0.239242	0.277442	0.285176	0.275104	0.253383	0.2253	0.204244	0.19442	
1.8025	1.78103	1.67112	1.47566	1.21704	0.917075	0.604555	0.308605	0.0696099	-0.0915492	-0.184218	-0.218084	-0.209537	-0.157672	-0.0748489	0.0282128	0.126813	0.196367	0.23125	0.233163	0.214716	0.185107	0.14919	0.121386	0.113773	
1.85082	1.81902	1.69427	1.48883	1.21585	0.893234	0.551651	0.240285	-0.00604506	-0.170005	-0.256111	-0.281743	-0.260591	-0.205031	-0.118141	-0.0105699	0.0866333	0.152384	0.183107	0.183178	0.166546	0.138794	0.0989262	0.062147	0.0478678	
1.86572	1.83463	1.71132	1.50257	1.21383	0.875086	0.518327	0.195811	-0.0563522	-0.217834	-0.293944	-0.312821	-0.287921	-0.230793	-0.141812	-0.0341085	0.057439	0.11881	0.148424	0.152867	0.142558	0.121145	0.0811663	0.0333894	0.0101672	
1.86722	1.83585	1.71323	1.50651	1.21336	0.872718	0.512617	0.188103	-0.0650542	-0.225751	-0.299481	-0.317013	-0.293054	-0.234893	-0.145516	-0.0381617	0.0526903	0.111532	0.142501	0.147315	0.139071	0.119336	0.0789881	0.0295473	0.0036333	
1.86006	1.82889	1.70265	1.49434	1.21496	0.884621	0.535705	0.218827	-0.0297063	-0.193406	-0.275993	-0.298548	-0.274089	-0.217982	-0.130416	-0.0221929	0.0728717	0.137063	0.166229	0.167669	0.153714	0.128619	0.0886703	0.0472039	0.0291704	
1.82513	1.7972	1.68074	1.48145	1.21589	0.90632	0.582363	0.280235	0.0369736	-0.126012	-0.21601	-0.247247	-0.233912	-0.179694	-0.0937787	0.0117713	0.110212	0.178454	0.211992	0.212223	0.193289	0.16313	0.125126	0.0941605	0.0851112	
1.76018	1.75207	1.65338	1.46805	1.22226	0.935164	0.636307	0.35178	0.123108	-0.0338449	-0.130386	-0.167994	-0.163594	-0.116401	-0.0413486	0.0548208	0.152087	0.222468	0.259373	0.26404	0.249911	0.223807	0.192219	0.168671	0.160645	
1.65535	1.67422	1.60355	1.44445	1.22607	0.963022	0.687088	0.427528	0.221682	0.0742622	-0.0247256	-0.0716177	-0.073708	-0.0377687	0.023489	0.105838	0.195316	0.265833	0.306972	0.321451	0.318511	0.30355	0.280518	0.262267	0.249167	
1.50709	1.55239	1.51728	1.39245	1.20393	0.976001	0.736719	0.50784	0.319327	0.183899	0.0871304	0.0342962	0.022674	0.0477405	0.0973851	0.164394	0.242477	0.312379	0.360983	0.386358	0.392184	0.386252	0.372199	0.358523	0.346697	
1.32412	1.39239	1.38768	1.30608	1.1597	0.979873	0.775898	0.576206	0.407931	0.27733	0.182571	0.12917	0.116528	0.132315	0.163666	0.216622	0.285725	0.354862	0.40969	0.438676	0.449768	0.44945	0.444591	0.440596	0.439377	
1.10326	1.18609	1.20765	1.17161	1.07995	0.950361	0.788637	0.623223	0.477932	0.358477	0.268982	0.213019	0.193763	0.193762	0.209405	0.248818	0.305482	0.373327	0.430208	0.462979	0.477132	0.485159	0.49332	0.503457	0.514834	
0.869855	0.955454	0.998249	0.997696	0.949101	0.869166	0.759932	0.642719	0.527036	0.426848	0.345619	0.284427	0.246507	0.225475	0.224365	0.250596	0.29655	0.356258	0.410935	0.442182	0.461251	0.481577	0.504934	0.529097	0.549165	
0.641438	0.721823	0.767071	0.783388	0.771679	0.737891	0.682458	0.619306	0.553209	0.481067	0.404663	0.334291	0.274419	0.230569	0.208734	0.223365	0.26125	0.310765	0.357895	0.38514	0.410578	0.439821	0.472189	0.501745	0.521533	
0.429362	0.489998	0.527002	0.550091	0.568823	0.573958	0.573437	0.566607	0.548825	0.506698	0.441727	0.360382	0.276736	0.20751	0.167216	0.165318	0.18703	0.224453	0.263217	0.292383	0.320098	0.352463	0.383731	0.411191	0.426426	
0.250178	0.283452	0.304824	0.326201	0.363053	0.403222	0.45286	0.495326	0.512311	0.499919	0.447376	0.366261	0.266249	0.168932	0.10037	0.0656435	0.0664722	0.084779	0.112047	0.141033	0.169818	0.205373	0.233183	0.258612	0.270538	
0.110295	0.10918	0.111387	0.128039	0.177109	0.24703	0.323995	0.394293	0.445606	0.465218	0.436718	0.358083	0.246221	0.122825	0.0178947	-0.0499629	-0.07875	-0.0861248	-0.0771335	-0.055848	-0.0248045	0.0117503	0.040458	0.0627411	0.0715138	
0.0194151	-0.0126232	-0.0350279	-0.0293026	0.014561	0.0886285	0.178552	0.26956	0.353606	0.410504	0.412058	0.344326	0.22252	0.0783398	-0.0538316	-0.152083	-0.215737	-0.255364	-0.272523	-0.264074	-0.237965	-0.201223	-0.172268	-0.155155	-0.15041	
-0.0203622	-0.0802518	-0.125281	-0.138568	-0.119628	-0.0578203	0.0348943	0.142735	0.251431	0.339976	0.365026	0.310959	0.190667	0.038543	-0.111936	-0.237004	-0.332062	-0.407243	-0.454232	-0.466671	-0.448272	-0.412458	-0.386447	-0.374542	-0.37314	
-0.0324741	-0.117942	-0.185752	-0.224229	-0.227345	-0.175276	-0.0852561	0.0292741	0.157157	0.266376	0.305424	0.25924	0.142667	-0.007259	-0.165711	-0.30659	-0.431168	-0.537911	-0.610171	-0.641262	-0.627657	-0.596079	-0.572264	-0.564206	-0.56496	
-0.048846	-0.14909	-0.233802	-0.295813	-0.315836	-0.281709	-0.192235	-0.0703061	0.067336	0.181872	0.22988	0.197069	0.0913793	-0.0498409	-0.208378	-0.356972	-0.501767	-0.625722	-0.713964	-0.758666	-0.752165	-0.727488	-0.70738	-0.702631	-0.705004	
-0.0940216	-0.203423	-0.30519	-0.37672	-0.408354	-0.385769	-0.302878	-0.183113	-0.0433526	0.0788018	0.142046	0.133291	0.0526033	-0.0753775	-0.226353	-0.380122	-0.524647	-0.650615	-0.743307	-0.793267	-0.795286	-0.778193	-0.77177	-0.773238	-0.781501	
-0.174195	-0.296429	-0.402232	-0.474307	-0.500783	-0.478993	-0.409275	-0.298013	-0.165153	-0.0344133	0.0524887	0.0712986	0.0233249	-0.085604	-0.219922	-0.365907	-0.507517	-0.627223	-0.716192	-0.759445	-0.763738	-0.757481	-0.764357	-0.774189	-0.787146	
-0.284849	-0.41319	-0.516242	-0.577243	-0.591854	-0.56537	-0.503044	-0.394472	-0.263008	-0.133129	-0.0365858	0.00690527	-0.00493059	-0.0809673	-0.193892	-0.327998	-0.461951	-0.571721	-0.651244	-0.687488	-0.690402	-0.686243	-0.69459	-0.704961	-0.720079	
