0.407272	0.394605	0.380932	0.363148	0.357378	0.357403	0.359043	0.373541	0.390147	0.402401	0.406707	0.3859	0.347108	0.273539	0.180337	0.0814853	-0.0243885	-0.120092	-0.20517	-0.292668	-0.373897	-0.450081	-0.49834	-0.509067	-0.488251	
0.411701	0.409735	0.400258	0.391129	0.385429	0.385513	0.38744	0.396485	0.406286	0.412867	0.405741	0.382625	0.334393	0.2532	0.160713	0.0648673	-0.033627	-0.113893	-0.180382	-0.252859	-0.335506	-0.408343	-0.449871	-0.462916	-0.440273	
0.447596	0.459794	0.461778	0.456891	0.453775	0.453326	0.454469	0.46034	0.461407	0.45409	0.432451	0.386858	0.31512	0.222277	0.122742	0.0292556	-0.0592081	-0.131222	-0.180397	-0.23537	-0.312956	-0.380563	-0.420948	-0.433562	-0.413788	
0.51033	0.548065	0.569884	0.571406	0.57423	0.574918	0.572002	0.571582	0.559795	0.527029	0.477969	0.397865	0.290354	0.178609	0.075075	-0.0154323	-0.0987782	-0.168352	-0.213785	-0.256014	-0.320201	-0.382265	-0.421549	-0.437076	-0.424201	
0.59936	0.674417	0.723252	0.751512	0.763011	0.764832	0.757918	0.736735	0.697303	0.632354	0.540989	0.423588	0.282409	0.142093	0.0310455	-0.0592646	-0.142616	-0.211404	-0.259558	-0.299449	-0.349324	-0.408102	-0.449159	-0.466564	-0.454034	
0.729402	0.849776	0.932661	0.987704	1.00806	1.01136	0.999163	0.958634	0.886829	0.782124	0.641615	0.481908	0.304451	0.134787	0.005823	-0.0876346	-0.172016	-0.240717	-0.293619	-0.333178	-0.375899	-0.426289	-0.471568	-0.495382	-0.490267	
0.881302	1.04781	1.17187	1.25337	1.29088	1.29707	1.27256	1.21077	1.10227	0.951936	0.76996	0.572298	0.365306	0.170585	0.0139449	-0.0963934	-0.17825	-0.246861	-0.297656	-0.335006	-0.383675	-0.435436	-0.477873	-0.505008	-0.504317	
1.03138	1.23865	1.4017	1.50992	1.56765	1.57582	1.53886	1.45201	1.30983	1.11784	0.898824	0.672493	0.445584	0.234459	0.0599187	-0.0679059	-0.154593	-0.217743	-0.263742	-0.305099	-0.359681	-0.415003	-0.46027	-0.486598	-0.491523	
1.16201	1.39161	1.58169	1.71732	1.7937	1.80564	1.75554	1.64207	1.47427	1.25672	1.01719	0.776414	0.541919	0.325717	0.139907	-0.00386866	-0.0964454	-0.158576	-0.193899	-0.230436	-0.288468	-0.347444	-0.395898	-0.430602	-0.45523	
1.27621	1.50373	1.69317	1.83756	1.92139	1.93527	1.87919	1.75728	1.58489	1.37038	1.13101	0.885925	0.648715	0.430945	0.241795	0.09385	-0.00441235	-0.0595787	-0.0811891	-0.10944	-0.163117	-0.223997	-0.283541	-0.340065	-0.396026	
1.33987	1.54474	1.71597	1.8499	1.93159	1.94694	1.88909	1.77497	1.61716	1.42545	1.20711	0.975525	0.742958	0.534218	0.353922	0.209729	0.113133	0.0682164	0.0518623	0.034613	-0.0056966	-0.0655461	-0.132623	-0.21537	-0.310028	
1.33745	1.507	1.64755	1.75817	1.82461	1.8367	1.7908	1.69591	1.56625	1.40905	1.22037	1.0111	0.798841	0.607538	0.449425	0.32459	0.240607	0.208702	0.203257	0.194321	0.167001	0.116401	0.0370432	-0.0754095	-0.203641	
1.26684	1.40095	1.50443	1.57866	1.62124	1.62935	1.59924	1.53789	1.44504	1.32451	1.17138	0.989637	0.803771	0.63719	0.507201	0.414037	0.36042	0.351568	0.367112	0.365836	0.344314	0.294156	0.199632	0.0579519	-0.100055	
1.13534	1.23228	1.30017	1.33548	1.35206	1.35409	1.34405	1.31799	1.26316	1.17764	1.06192	0.914556	0.763015	0.631028	0.532612	0.473612	0.454328	0.474471	0.510191	0.525642	0.507027	0.446086	0.32452	0.160843	-0.0208542	
0.946349	1.01112	1.0441	1.04884	1.04191	1.04005	1.04651	1.04852	1.02773	0.976948	0.893981	0.789953	0.675706	0.580668	0.519727	0.500159	0.515846	0.562687	0.611119	0.637634	0.612131	0.536359	0.396974	0.222963	0.0408196	
0.710114	0.747427	0.756433	0.746198	0.730284	0.726779	0.739137	0.754519	0.753657	0.728188	0.680462	0.622189	0.549726	0.495064	0.47146	0.487193	0.532977	0.594852	0.652661	0.684167	0.658883	0.57577	0.428288	0.254034	0.0865566	
0.449118	0.464606	0.463266	0.457856	0.444117	0.441018	0.452476	0.461601	0.465133	0.457241	0.437951	0.421639	0.392182	0.372379	0.382591	0.4286	0.498843	0.569738	0.630934	0.669868	0.652055	0.569161	0.433612	0.26871	0.107174	
0.194076	0.200686	0.20133	0.206234	0.203741	0.202095	0.206804	0.202974	0.201405	0.196621	0.194657	0.207403	0.21125	0.219451	0.262026	0.334427	0.425624	0.508868	0.574504	0.616652	0.605469	0.532039	0.413562	0.266503	0.115493	
-0.0245963	-0.0149784	-0.00166254	0.0162194	0.0271894	0.0285609	0.0221948	0.00555071	-0.00989959	-0.0222658	-0.0186038	0.00849934	0.0349214	0.0703194	0.136569	0.229592	0.336236	0.429506	0.503834	0.551373	0.548366	0.492067	0.398139	0.274782	0.143113	
-0.166678	-0.151701	-0.128521	-0.102808	-0.0876726	-0.085551	-0.0951031	-0.11758	-0.143307	-0.162781	-0.165095	-0.141884	-0.105383	-0.0562334	0.0191738	0.120861	0.23021	0.331192	0.423537	0.489376	0.508315	0.48257	0.420652	0.329029	0.213492	
-0.218317	-0.193461	-0.166327	-0.146659	-0.134494	-0.133164	-0.140475	-0.157864	-0.182285	-0.20932	-0.226586	-0.225716	-0.204437	-0.161367	-0.0868395	0.0135112	0.125229	0.240937	0.356485	0.447851	0.498073	0.509469	0.484879	0.428172	0.335747	
-0.196545	-0.155045	-0.120705	-0.103916	-0.0922441	-0.0902897	-0.0992211	-0.111799	-0.140056	-0.180167	-0.218071	-0.24872	-0.259681	-0.230083	-0.167885	-0.074552	0.0414928	0.175218	0.317451	0.442114	0.527559	0.578796	0.586989	0.560592	0.495736	
-0.107573	-0.0488585	-0.00667077	0.0202042	0.0296557	0.0314566	0.0248955	0.00641207	-0.0310583	-0.0811728	-0.149284	-0.216969	-0.264061	-0.265006	-0.222064	-0.132737	-0.0114362	0.143575	0.315701	0.472211	0.59355	0.683048	0.72746	0.729967	0.686629	
0.0280086	0.105875	0.160552	0.195923	0.212574	0.214989	0.204762	0.177075	0.130333	0.0620437	-0.028077	-0.128525	-0.217373	-0.257252	-0.240538	-0.172192	-0.0461442	0.131018	0.331635	0.523801	0.688066	0.815281	0.895628	0.926815	0.904872	
0.177737	0.274639	0.346575	0.399162	0.425674	0.428856	0.413417	0.369818	0.306026	0.219777	0.108958	-0.0165081	-0.138239	-0.216652	-0.236262	-0.196153	-0.0770858	0.111466	0.337796	0.571269	0.781641	0.95153	1.07042	1.13043	1.13308	
0.319653	0.442022	0.536232	0.612224	0.649035	0.65494	0.631835	0.570106	0.481859	0.372534	0.234943	0.0885058	-0.0577457	-0.167768	-0.217557	-0.197663	-0.092157	0.10059	0.344022	0.607782	0.855712	1.06626	1.2216	1.31686	1.34722	
0.442022	0.594604	0.719718	0.816279	0.867374	0.874577	0.843409	0.762057	0.648305	0.506064	0.341816	0.172808	0.00927689	-0.120617	-0.185974	-0.179733	-0.0802886	0.106741	0.354362	0.634336	0.909534	1.14984	1.34068	1.47215	1.53892	
0.536232	0.719718	0.872506	0.984358	1.04731	1.05679	1.01613	0.922641	0.78517	0.611841	0.422477	0.234068	0.055748	-0.0827915	-0.156974	-0.155135	-0.0623523	0.112353	0.352538	0.63821	0.931475	1.20304	1.4298	1.59846	1.69888	
0.612224	0.816279	0.984358	1.10643	1.17015	1.181	1.13875	1.03986	0.888047	0.697671	0.48323	0.275516	0.0855377	-0.0625784	-0.140749	-0.129427	-0.0403655	0.122107	0.35115	0.628501	0.927429	1.22542	1.48781	1.69546	1.8251	
0.649035	0.867374	1.04731	1.17015	1.23869	1.2502	1.20381	1.1035	0.94507	0.738788	0.514451	0.296038	0.0970677	-0.0520126	-0.128417	-0.1161	-0.0263521	0.125213	0.341201	0.611484	0.915487	1.23131	1.51998	1.7532	1.90201	
0.65494	0.874577	1.05679	1.181	1.2502	1.2609	1.21543	1.11325	0.953201	0.74519	0.519063	0.29801	0.0996097	-0.0503361	-0.127057	-0.114202	-0.0237328	0.124344	0.33908	0.608044	0.912984	1.23089	1.52559	1.76339	1.91722	
0.631835	0.843409	1.01613	1.13875	1.20381	1.21543	1.17126	1.07245	0.917498	0.719891	0.499374	0.286719	0.0912234	-0.0579801	-0.13515	-0.122231	-0.0335023	0.125054	0.347838	0.621178	0.922367	1.22927	1.50362	1.72369	1.86169	
0.570106	0.762057	0.922641	1.03986	1.1035	1.11325	1.07245	0.975057	0.831061	0.649454	0.449564	0.252827	0.069982	-0.0726968	-0.148957	-0.144595	-0.0526857	0.11578	0.352056	0.635989	0.932411	1.21521	1.45679	1.6409	1.75482	
0.481859	0.648305	0.78517	0.888047	0.94507	0.953201	0.917498	0.831061	0.70689	0.550777	0.376447	0.199871	0.0293474	-0.104312	-0.173494	-0.17031	-0.0736285	0.109325	0.354509	0.637969	0.921456	1.17443	1.37959	1.52537	1.60636	
0.372534	0.506064	0.611841	0.697671	0.738788	0.74519	0.719891	0.649454	0.550777	0.429995	0.280866	0.12529	-0.0278134	-0.148239	-0.205756	-0.191742	-0.089458	0.102227	0.349137	0.620953	0.881406	1.10376	1.27315	1.38285	1.42763	
0.234943	0.341816	0.422477	0.48323	0.514451	0.519063	0.499374	0.449564	0.376447	0.280866	0.16084	0.0274571	-0.105964	-0.197305	-0.230456	-0.200109	-0.0867923	0.104569	0.338392	0.5864	0.812974	1.00126	1.13487	1.20813	1.22059	
0.0885058	0.172808	0.234068	0.275516	0.296038	0.29801	0.286719	0.252827	0.199871	0.12529	0.0274571	-0.0849628	-0.18687	-0.243346	-0.241504	-0.183774	-0.0587094	0.12376	0.336454	0.545078	0.727778	0.870543	0.966059	1.00854	0.997127	
-0.0577457	0.00927689	0.055748	0.0855377	0.0970677	0.0996097	0.0912234	0.069982	0.0293474	-0.0278134	-0.105964	-0.18687	-0.251316	-0.267313	-0.232678	-0.149826	-0.0269655	0.138465	0.321301	0.490553	0.629169	0.733949	0.792725	0.807127	0.770507	
-0.167768	-0.120617	-0.0827915	-0.0625784	-0.0520126	-0.0503361	-0.0579801	-0.0726968	-0.104312	-0.148239	-0.197305	-0.243346	-0.267313	-0.247859	-0.193615	-0.101667	0.0171631	0.157849	0.312996	0.450976	0.549908	0.61655	0.638607	0.624209	0.569294	
-0.217557	-0.185974	-0.156974	-0.140749	-0.128417	-0.127057	-0.13515	-0.148957	-0.173494	-0.205756	-0.230456	-0.241504	-0.232678	-0.193615	-0.122474	-0.0248755	0.0882743	0.211123	0.336953	0.440545	0.504828	0.532411	0.521718	0.477205	0.395214	
-0.197663	-0.179733	-0.155135	-0.129427	-0.1161	-0.114202	-0.122231	-0.144595	-0.17031	-0.191742	-0.200109	-0.183774	-0.149826	-0.101667	-0.0248755	0.0767802	0.186637	0.292958	0.39395	0.469264	0.50021	0.488588	0.441575	0.364229	0.257587	
-0.092157	-0.0802886	-0.0623523	-0.0403655	-0.0263521	-0.0237328	-0.0335023	-0.0526857	-0.0736285	-0.089458	-0.0867923	-0.0587094	-0.0269655	0.0171631	0.0882743	0.186637	0.295276	0.391861	0.472061	0.525724	0.528611	0.483323	0.401866	0.29017	0.164237	
0.10059	0.106741	0.112353	0.122107	0.125213	0.124344	0.125054	0.11578	0.109325	0.102227	0.104569	0.12376	0.138465	0.157849	0.211123	0.292958	0.391861	0.479204	0.548201	0.590944	0.582713	0.51465	0.404838	0.266149	0.123469	
0.344022	0.354362	0.352538	0.35115	0.341201	0.33908	0.347838	0.352056	0.354509	0.349137	0.338392	0.336454	0.321301	0.312996	0.336953	0.39395	0.472061	0.548201	0.610383	0.651011	0.635714	0.556367	0.428213	0.269215	0.110178	
0.607782	0.634336	0.63821	0.628501	0.611484	0.608044	0.621178	0.635989	0.637969	0.620953	0.5864	0.545078	0.490553	0.450976	0.440545	0.469264	0.525724	0.590944	0.651011	0.685676	0.663369	0.578622	0.433058	0.261663	0.0972033	
0.855712	0.909534	0.931475	0.927429	0.915487	0.912984	0.922367	0.932411	0.921456	0.881406	0.812974	0.727778	0.629169	0.549908	0.504828	0.50021	0.528611	0.582713	0.635714	0.663369	0.636954	0.557256	0.413796	0.2382	0.061807	
1.06626	1.14984	1.20304	1.22542	1.23131	1.23089	1.22927	1.21521	1.17443	1.10376	1.00126	0.870543	0.733949	0.61655	0.532411	0.488588	0.483323	0.51465	0.556367	0.578622	0.557256	0.490703	0.359124	0.189433	0.00573269	
1.2216	1.34068	1.4298	1.48781	1.51998	1.52559	1.50362	1.45679	1.37959	1.27315	1.13487	0.966059	0.792725	0.638607	0.521718	0.441575	0.401866	0.404838	0.428213	0.433058	0.413796	0.359124	0.255919	0.104377	-0.065572	
1.31686	1.47215	1.59846	1.69546	1.7532	1.76339	1.72369	1.6409	1.52537	1.38285	1.20813	1.00854	0.807127	0.624209	0.477205	0.364229	0.29017	0.266149	0.269215	0.261663	0.2382	0.189433	0.104377	-0.0201383	-0.159697	
1.34722	1.53892	1.69888	1.8251	1.90201	1.91722	1.86169	1.75482	1.60636	1.42763	1.22059	0.997127	0.770507	0.569294	0.395214	0.257587	0.164237	0.123469	0.110178	0.0972033	0.061807	0.00573269	-0.065572	-0.159697	-0.269415	
