0.519184	0.591945	0.634084	0.662204	0.682291	0.686839	0.671404	0.646196	0.611381	0.552418	0.460618	0.337977	0.188645	0.0378155	-0.0878939	-0.179142	-0.252132	-0.303552	-0.328612	-0.32894	-0.300848	-0.242353	-0.155696	-0.0554716	0.0473707	
0.503033	0.553176	0.57662	0.585695	0.588669	0.589845	0.587358	0.581113	0.565524	0.526134	0.459295	0.362338	0.233524	0.0970555	-0.0279472	-0.13322	-0.221404	-0.286023	-0.322247	-0.33154	-0.312464	-0.254691	-0.157177	-0.0385928	0.087453	
0.480491	0.508959	0.517952	0.515967	0.509951	0.507398	0.513753	0.518272	0.514473	0.494052	0.451569	0.377965	0.274125	0.157419	0.0425243	-0.0646412	-0.156571	-0.231335	-0.284982	-0.311572	-0.303677	-0.257681	-0.165661	-0.0436359	0.0911506	
0.462572	0.466851	0.463672	0.457407	0.450803	0.450601	0.453699	0.46189	0.466423	0.465613	0.449039	0.398752	0.318389	0.224772	0.121575	0.0258398	-0.0598618	-0.142197	-0.218856	-0.268642	-0.283927	-0.258552	-0.186377	-0.0710365	0.0629704	
0.448351	0.435632	0.419525	0.41163	0.409131	0.408563	0.409967	0.415552	0.42835	0.444598	0.448256	0.424768	0.372364	0.29758	0.211719	0.122745	0.0399331	-0.0504733	-0.151003	-0.226764	-0.26881	-0.274256	-0.220233	-0.118158	0.0083811	
0.434931	0.418016	0.405338	0.397773	0.401207	0.40318	0.39831	0.401373	0.412637	0.42781	0.443513	0.439517	0.415554	0.367593	0.299337	0.220396	0.13253	0.028318	-0.0889057	-0.191659	-0.261185	-0.289151	-0.257078	-0.177299	-0.0647737	
0.428563	0.418421	0.413806	0.416449	0.424543	0.428249	0.419049	0.414056	0.415633	0.423266	0.438602	0.449035	0.44483	0.421174	0.376519	0.307323	0.212643	0.0989127	-0.0320257	-0.151595	-0.234238	-0.276853	-0.267966	-0.220144	-0.134799	
0.42862	0.418456	0.419421	0.429368	0.442525	0.446024	0.434753	0.422719	0.417616	0.422423	0.441554	0.460151	0.468354	0.463641	0.439073	0.381609	0.285347	0.165388	0.0254022	-0.102248	-0.190141	-0.243296	-0.254375	-0.233181	-0.174753	
0.426401	0.406508	0.401699	0.411009	0.423036	0.425606	0.416226	0.404404	0.403159	0.415991	0.444623	0.47125	0.48901	0.497402	0.485596	0.439496	0.352588	0.234307	0.098805	-0.0262204	-0.118412	-0.184527	-0.218718	-0.223695	-0.191798	
0.39978	0.369523	0.353243	0.354507	0.359387	0.361417	0.356007	0.352391	0.360917	0.386019	0.421196	0.455537	0.483092	0.504479	0.505022	0.480186	0.413941	0.312638	0.191571	0.0748656	-0.0251818	-0.111651	-0.174814	-0.205384	-0.201352	
0.347626	0.311945	0.285436	0.27774	0.277498	0.277136	0.277542	0.280486	0.299001	0.33322	0.370243	0.410196	0.448616	0.481059	0.501651	0.503678	0.46778	0.391248	0.292265	0.189692	0.0859835	-0.0121378	-0.0985095	-0.157968	-0.182352	
0.279416	0.240145	0.21038	0.196953	0.195222	0.195611	0.195741	0.20283	0.226254	0.263725	0.30392	0.348138	0.395101	0.440003	0.482627	0.512429	0.506306	0.455523	0.379767	0.293007	0.195543	0.101401	0.00548977	-0.0815077	-0.135276	
0.196618	0.154535	0.127135	0.113449	0.112371	0.113644	0.112048	0.119662	0.141474	0.178923	0.223197	0.27048	0.325865	0.381276	0.443144	0.495917	0.511489	0.487302	0.435494	0.362343	0.28073	0.196142	0.0931025	-0.0140462	-0.0941958	
0.104797	0.0657182	0.0414936	0.0321577	0.0306267	0.0320249	0.0306959	0.0365918	0.0537629	0.0883847	0.132401	0.183334	0.239202	0.301663	0.37452	0.437618	0.472033	0.474937	0.445351	0.392315	0.325926	0.247105	0.14036	0.0200662	-0.0781247	
0.0243715	-0.0116447	-0.0325096	-0.0407689	-0.0423243	-0.0436219	-0.0414154	-0.037248	-0.0218489	0.00830694	0.0511825	0.0974418	0.146528	0.204043	0.273965	0.340941	0.39341	0.421414	0.417375	0.381301	0.328116	0.25207	0.14441	0.0227486	-0.0897348	
-0.0326608	-0.066155	-0.088416	-0.098328	-0.102753	-0.104056	-0.100512	-0.0935427	-0.0765407	-0.0473153	-0.00910656	0.0269888	0.0599714	0.100319	0.156544	0.225537	0.295176	0.346788	0.364641	0.344584	0.301596	0.228671	0.126351	0.00394355	-0.12128	
-0.0695477	-0.0997817	-0.125897	-0.139648	-0.146631	-0.148334	-0.142879	-0.132764	-0.111079	-0.0817589	-0.0520353	-0.0265459	-0.0110209	0.00782556	0.0473362	0.113324	0.190308	0.255844	0.288866	0.286667	0.256061	0.193061	0.0972562	-0.0263091	-0.168244	
-0.0770448	-0.102194	-0.129743	-0.149829	-0.159356	-0.161558	-0.154397	-0.1397	-0.113219	-0.086642	-0.065999	-0.0507649	-0.0460405	-0.0462853	-0.0223156	0.0300363	0.0991209	0.163503	0.208073	0.222121	0.20605	0.155806	0.0640226	-0.0641348	-0.215216	
-0.0528516	-0.0680057	-0.0875361	-0.106474	-0.115038	-0.115433	-0.11116	-0.096887	-0.0745179	-0.0589118	-0.046761	-0.037956	-0.0373823	-0.0434893	-0.0355996	-0.0032156	0.0436568	0.0924368	0.141554	0.163358	0.158186	0.122125	0.033488	-0.0909398	-0.236997	
0.00838825	0.00495741	-0.00641368	-0.0165954	-0.0209009	-0.0225985	-0.0184939	-0.0112369	0.000891647	0.00811098	0.0105917	0.0154226	0.0116959	-0.00369904	-0.0115098	-0.00748555	0.0127184	0.0474478	0.0946207	0.122348	0.126768	0.0987882	0.0204946	-0.0935276	-0.220006	
0.0838798	0.0889276	0.0922565	0.0940902	0.0957654	0.0948398	0.09548	0.0929087	0.0905728	0.0862815	0.0809382	0.0774237	0.067806	0.0458964	0.0258582	0.00702338	0.00680645	0.0306775	0.0681467	0.0986678	0.103862	0.0797446	0.0203044	-0.07337	-0.169962	
0.152749	0.163252	0.177724	0.185253	0.18798	0.188498	0.186899	0.181623	0.169692	0.156026	0.144393	0.127026	0.112252	0.0876192	0.0588822	0.0281354	0.0108387	0.0223744	0.0492876	0.0747675	0.0839232	0.0639407	0.025345	-0.0356604	-0.103156	
0.18496	0.20149	0.215463	0.220426	0.217133	0.217915	0.218957	0.219034	0.208133	0.19117	0.171903	0.144518	0.123548	0.102545	0.0701027	0.0348839	0.00695258	0.00406271	0.0236516	0.0460232	0.0611213	0.0508723	0.0305635	0.00370524	-0.0299751	
0.149651	0.172898	0.180628	0.182128	0.175545	0.173319	0.180022	0.182335	0.177016	0.160543	0.133067	0.106127	0.0824758	0.0696239	0.0436693	0.0102075	-0.0166752	-0.0257334	-0.00877391	0.019793	0.0383344	0.0419574	0.0381527	0.0423906	0.0445912	
0.0393012	0.0594463	0.0654597	0.0641617	0.061167	0.0582674	0.0640364	0.0648765	0.0634186	0.0491172	0.0241911	0.00432089	-0.00973431	-0.015277	-0.0265936	-0.0514793	-0.0689692	-0.0718465	-0.0501364	-0.0118908	0.0163135	0.0355559	0.0550874	0.0853399	0.125228	
-0.132991	-0.123663	-0.119983	-0.121906	-0.119296	-0.120034	-0.120337	-0.121635	-0.120718	-0.129152	-0.13995	-0.145891	-0.142321	-0.134717	-0.130314	-0.138416	-0.144015	-0.137694	-0.106703	-0.0621204	-0.016478	0.0269049	0.0729903	0.134365	0.204199	
-0.336633	-0.338639	-0.340838	-0.341363	-0.336883	-0.334765	-0.340221	-0.34106	-0.339736	-0.337468	-0.333785	-0.322739	-0.299319	-0.272702	-0.246941	-0.232196	-0.22519	-0.208852	-0.174861	-0.126864	-0.0619404	0.00886769	0.0890288	0.181559	0.276705	
-0.533233	-0.547883	-0.555297	-0.558384	-0.556623	-0.552718	-0.559617	-0.555902	-0.552183	-0.539537	-0.523024	-0.500246	-0.462643	-0.414316	-0.367368	-0.326682	-0.302623	-0.274799	-0.242247	-0.187715	-0.112046	-0.0143662	0.0984966	0.21709	0.332044	
-0.688724	-0.713731	-0.728835	-0.737504	-0.740848	-0.739182	-0.740547	-0.73197	-0.721611	-0.698784	-0.67334	-0.645188	-0.602025	-0.539435	-0.474979	-0.412621	-0.365496	-0.324932	-0.289674	-0.23189	-0.152925	-0.0415465	0.0935868	0.233684	0.366702	
-0.780473	-0.810215	-0.833536	-0.844584	-0.851241	-0.855111	-0.846655	-0.839716	-0.821101	-0.79217	-0.762087	-0.730812	-0.687214	-0.618428	-0.54223	-0.469222	-0.400673	-0.353877	-0.310802	-0.2553	-0.176064	-0.0609855	0.0845089	0.240785	0.386984	
-0.796881	-0.826624	-0.852449	-0.863278	-0.871046	-0.875821	-0.86529	-0.858958	-0.838431	-0.808435	-0.777956	-0.745292	-0.702847	-0.631969	-0.554275	-0.479523	-0.406642	-0.359395	-0.314909	-0.259804	-0.18139	-0.0657191	0.0815407	0.24155	0.389588	
-0.733412	-0.761606	-0.780048	-0.790281	-0.795688	-0.796083	-0.793141	-0.784843	-0.77044	-0.744792	-0.716973	-0.687753	-0.643424	-0.578304	-0.507411	-0.439852	-0.383274	-0.339254	-0.300932	-0.243772	-0.163405	-0.0509181	0.0907174	0.236844	0.376593	
-0.602272	-0.621382	-0.630747	-0.636837	-0.636581	-0.633014	-0.638996	-0.632377	-0.626862	-0.610196	-0.589403	-0.564319	-0.523345	-0.467668	-0.413488	-0.36271	-0.330283	-0.297696	-0.264851	-0.208036	-0.130569	-0.0248331	0.0978317	0.225759	0.347881	
-0.418588	-0.424669	-0.429671	-0.430169	-0.426439	-0.423724	-0.429924	-0.429588	-0.427759	-0.420702	-0.412346	-0.395094	-0.365553	-0.330051	-0.29513	-0.270359	-0.256963	-0.236307	-0.203055	-0.152173	-0.082263	0.000395509	0.093926	0.197491	0.301545	
-0.21278	-0.207729	-0.2068	-0.20741	-0.204002	-0.203542	-0.206039	-0.207717	-0.206374	-0.210775	-0.215651	-0.2144	-0.203251	-0.188472	-0.176112	-0.175702	-0.176441	-0.166029	-0.133242	-0.0870435	-0.0332814	0.0205479	0.0797608	0.153798	0.234456	
-0.0233753	-0.00756242	-0.00157453	-0.00369504	-0.00485658	-0.00629929	-0.00374065	-0.00261634	-0.00346029	-0.0162146	-0.0357631	-0.0514885	-0.0589172	-0.0597197	-0.0656341	-0.0837049	-0.0975456	-0.0961438	-0.0711549	-0.0299473	0.00499336	0.0327084	0.0621055	0.104622	0.157297	
0.11483	0.137546	0.144681	0.144209	0.138471	0.135326	0.142859	0.145209	0.141806	0.125512	0.0977903	0.0720947	0.0516692	0.0410271	0.020896	-0.0100956	-0.0342151	-0.0416654	-0.0237976	0.00880134	0.0305703	0.0397302	0.0444015	0.0586119	0.0766055	
0.179287	0.200055	0.210991	0.214886	0.209343	0.208969	0.212687	0.214089	0.205276	0.188233	0.164451	0.137006	0.113409	0.0960562	0.0650199	0.029413	0.000760677	-0.00641566	0.0110166	0.0355509	0.0515055	0.0467159	0.0328369	0.0187987	-0.000479481	
0.171906	0.184741	0.200097	0.207619	0.208035	0.209056	0.20804	0.204088	0.191639	0.176179	0.161539	0.139654	0.122565	0.0979584	0.067	0.033387	0.0108698	0.0163381	0.0402501	0.06357	0.0756592	0.0587024	0.0278612	-0.019647	-0.0736256	
0.112961	0.12057	0.130105	0.134705	0.137979	0.138386	0.136395	0.132661	0.124486	0.115919	0.10844	0.0996464	0.0877673	0.064924	0.0397146	0.0160952	0.00826641	0.0278375	0.0605491	0.0895756	0.0949211	0.0724587	0.0211979	-0.0594949	-0.144952	
0.0384466	0.0391615	0.0323305	0.027772	0.0256562	0.0234035	0.0277244	0.0299287	0.0366662	0.0398223	0.0382802	0.0412006	0.035155	0.0158068	0.00334129	-0.00400796	0.00775626	0.038382	0.0821401	0.11238	0.117539	0.0914304	0.0201354	-0.0876973	-0.2025	
-0.0319558	-0.0427549	-0.0585887	-0.0751474	-0.0822376	-0.0830285	-0.0787797	-0.0664848	-0.0476473	-0.0365037	-0.0274195	-0.0207505	-0.0211535	-0.0303222	-0.0288658	-0.00763738	0.0285305	0.0708501	0.119958	0.143924	0.143533	0.110674	0.0256807	-0.095672	-0.234889	
-0.0712244	-0.0936963	-0.118415	-0.139201	-0.149418	-0.150273	-0.144649	-0.128335	-0.102792	-0.0802606	-0.0622533	-0.0507323	-0.0477987	-0.0513966	-0.03442	0.0113355	0.0722907	0.132086	0.179688	0.197411	0.186754	0.142066	0.0504848	-0.07757	-0.228469	
-0.0764777	-0.105221	-0.132589	-0.148785	-0.156958	-0.158888	-0.152805	-0.140485	-0.117009	-0.0876469	-0.0616803	-0.0403273	-0.0299827	-0.020073	0.0131033	0.0749696	0.150351	0.217894	0.255355	0.260547	0.235716	0.177746	0.0841909	-0.0413577	-0.18848	
-0.0504824	-0.0822107	-0.106409	-0.117341	-0.122783	-0.124245	-0.119879	-0.111908	-0.0934537	-0.0636352	-0.0291746	0.00330475	0.0286158	0.0603278	0.109974	0.178815	0.253395	0.31194	0.336484	0.323736	0.284812	0.215374	0.11559	-0.00696457	-0.138635	
-0.000942581	-0.0359527	-0.0567268	-0.0654075	-0.0682249	-0.0695765	-0.0661889	-0.0619007	-0.0456047	-0.0168017	0.0245241	0.0671606	0.110857	0.162563	0.228006	0.295894	0.356295	0.393312	0.399322	0.369637	0.320295	0.245568	0.139003	0.017022	-0.0998889	
0.0699309	0.0325053	0.0103272	0.00132522	-0.000253873	0.000451715	-9.88905e-06	0.0054419	0.0212021	0.0537753	0.0976044	0.147442	0.202053	0.264473	0.337383	0.402805	0.444005	0.45701	0.43777	0.391785	0.331437	0.253314	0.146165	0.0241882	-0.0801582	
0.160328	0.118468	0.0923549	0.080259	0.0789452	0.0801729	0.0789852	0.0857285	0.106058	0.142859	0.187466	0.236275	0.293109	0.351679	0.419686	0.47783	0.50121	0.487806	0.445421	0.379553	0.304426	0.222649	0.117345	0.00401324	-0.0841158	
0.248223	0.207054	0.178423	0.163863	0.162584	0.163214	0.162386	0.170211	0.193627	0.231316	0.273746	0.318823	0.369363	0.418624	0.470063	0.509994	0.513564	0.473429	0.406672	0.325102	0.233822	0.142785	0.0445796	-0.0515569	-0.116547	
0.322213	0.285242	0.256027	0.246	0.244477	0.243998	0.24529	0.250181	0.271433	0.3076	0.345271	0.387174	0.428974	0.466481	0.495954	0.509377	0.485922	0.419806	0.330072	0.234116	0.13141	0.0344173	-0.0577576	-0.129118	-0.165258	
