-0.289343	-0.301213	-0.295936	-0.272347	-0.244166	-0.239022	-0.259147	-0.289257	-0.301382	-0.295576	-0.280207	-0.272806	-0.269414	-0.277577	-0.305622	-0.361528	-0.42629	-0.498233	-0.578882	-0.645446	-0.658835	-0.626028	-0.57686	-0.514795	-0.420583	
-0.240637	-0.25574	-0.250718	-0.229196	-0.209256	-0.205379	-0.219797	-0.243568	-0.256468	-0.248549	-0.226666	-0.213843	-0.216488	-0.237091	-0.277143	-0.339717	-0.406229	-0.473287	-0.539454	-0.586684	-0.576789	-0.515182	-0.432163	-0.343646	-0.235436	
-0.219071	-0.234996	-0.234829	-0.222614	-0.21248	-0.210667	-0.217817	-0.230824	-0.236889	-0.226797	-0.206542	-0.198257	-0.209487	-0.240365	-0.289044	-0.354254	-0.421165	-0.481313	-0.528684	-0.543884	-0.506166	-0.418666	-0.307108	-0.188369	-0.0592674	
-0.22122	-0.235603	-0.245034	-0.246355	-0.245428	-0.245613	-0.245991	-0.246604	-0.240091	-0.226791	-0.215564	-0.222099	-0.244911	-0.282926	-0.335528	-0.399979	-0.461815	-0.512107	-0.536302	-0.515215	-0.44191	-0.330662	-0.194817	-0.0479152	0.106226	
-0.226746	-0.23732	-0.258011	-0.271783	-0.279754	-0.280337	-0.276173	-0.264263	-0.245639	-0.228263	-0.2307	-0.25734	-0.295527	-0.338057	-0.391437	-0.450616	-0.502177	-0.535396	-0.536239	-0.480522	-0.373282	-0.236062	-0.0826475	0.0865798	0.260361	
-0.237405	-0.243707	-0.269035	-0.292143	-0.306267	-0.308377	-0.299063	-0.279017	-0.253067	-0.235934	-0.250622	-0.296853	-0.350879	-0.398887	-0.44955	-0.498726	-0.531742	-0.539712	-0.512632	-0.428896	-0.29166	-0.127711	0.0466801	0.230157	0.417056	
-0.256795	-0.254919	-0.276056	-0.299786	-0.319223	-0.322244	-0.308808	-0.285247	-0.262354	-0.25197	-0.275351	-0.332751	-0.399348	-0.454091	-0.500213	-0.532379	-0.538897	-0.512867	-0.453134	-0.344331	-0.187019	0.00260311	0.200733	0.39649	0.581773	
-0.280955	-0.268931	-0.274389	-0.290666	-0.31157	-0.315442	-0.299901	-0.278956	-0.270082	-0.273098	-0.302005	-0.358129	-0.429605	-0.489037	-0.529225	-0.53703	-0.509758	-0.445005	-0.348807	-0.215407	-0.0454241	0.159332	0.378956	0.583364	0.753751	
-0.307961	-0.282733	-0.266162	-0.267153	-0.283035	-0.287255	-0.273326	-0.263592	-0.274563	-0.296972	-0.32801	-0.375495	-0.438947	-0.497757	-0.526634	-0.506642	-0.440142	-0.337449	-0.205736	-0.0471139	0.132925	0.340449	0.566171	0.771143	0.91723	
-0.335991	-0.298773	-0.260515	-0.24121	-0.245296	-0.247138	-0.242156	-0.248932	-0.282703	-0.321441	-0.355818	-0.388554	-0.434825	-0.47665	-0.486831	-0.433681	-0.329173	-0.189862	-0.0288968	0.153108	0.343463	0.545596	0.755532	0.939503	1.05156	
-0.3721	-0.327314	-0.272967	-0.233654	-0.219972	-0.21887	-0.226158	-0.254067	-0.305217	-0.356016	-0.390326	-0.410861	-0.429812	-0.44047	-0.415206	-0.328517	-0.188462	-0.0202708	0.164554	0.36115	0.558423	0.750652	0.929029	1.06619	1.12802	
-0.412283	-0.36623	-0.30423	-0.249448	-0.219709	-0.214995	-0.2347	-0.279857	-0.342399	-0.396433	-0.428637	-0.43577	-0.42611	-0.391768	-0.320407	-0.195279	-0.0309531	0.157105	0.354265	0.554699	0.743923	0.916422	1.0545	1.12974	1.12415	
-0.444308	-0.403246	-0.341203	-0.280982	-0.244014	-0.23753	-0.262893	-0.31513	-0.380256	-0.431393	-0.455352	-0.446599	-0.406168	-0.326837	-0.203778	-0.042314	0.139552	0.33001	0.526907	0.714806	0.878198	1.01173	1.1009	1.11449	1.04037	
-0.449263	-0.419058	-0.364517	-0.31261	-0.281423	-0.276742	-0.296807	-0.342073	-0.398823	-0.441899	-0.450321	-0.418248	-0.346041	-0.22862	-0.065245	0.127185	0.317467	0.498864	0.674901	0.834268	0.95353	1.03125	1.06085	1.01828	0.893041	
-0.417368	-0.405851	-0.369633	-0.339281	-0.326828	-0.325294	-0.332584	-0.355158	-0.392704	-0.417609	-0.403362	-0.338332	-0.232892	-0.088106	0.0965766	0.303397	0.496722	0.661183	0.8049	0.917161	0.981896	0.996501	0.963986	0.871585	0.713552	
-0.344333	-0.363137	-0.357654	-0.359883	-0.37012	-0.373981	-0.36364	-0.357268	-0.361214	-0.357352	-0.309639	-0.209682	-0.0722123	0.0868952	0.271594	0.470359	0.652685	0.79789	0.903356	0.961067	0.962242	0.91667	0.8303	0.697949	0.520933	
-0.240991	-0.302124	-0.339951	-0.377513	-0.409183	-0.415929	-0.39237	-0.354701	-0.318327	-0.269856	-0.183297	-0.0495564	0.107161	0.268433	0.434883	0.604857	0.75783	0.874625	0.94496	0.950188	0.891838	0.790263	0.663372	0.506424	0.321116	
-0.122676	-0.233318	-0.319304	-0.39062	-0.436847	-0.446282	-0.412655	-0.350313	-0.269369	-0.171164	-0.0403077	0.116592	0.278632	0.425146	0.563974	0.692949	0.801917	0.878936	0.91296	0.879696	0.775638	0.631965	0.474424	0.306206	0.126179	
0.00979222	-0.14527	-0.27408	-0.372885	-0.430322	-0.440663	-0.401034	-0.31781	-0.200034	-0.0552598	0.111416	0.283434	0.43439	0.555625	0.658865	0.746167	0.806172	0.834262	0.827245	0.760856	0.630752	0.461082	0.284885	0.110496	-0.0581105	
0.14509	-0.0337455	-0.1887	-0.306877	-0.374033	-0.385962	-0.339689	-0.241356	-0.0989174	0.0710075	0.256562	0.428798	0.562894	0.651368	0.717912	0.763603	0.77854	0.756911	0.702693	0.602169	0.452759	0.277022	0.0982218	-0.0703695	-0.22206	
0.267611	0.0937105	-0.0633645	-0.190189	-0.265009	-0.278656	-0.226519	-0.119026	0.0286298	0.196653	0.372571	0.531451	0.644876	0.706562	0.737853	0.745355	0.718365	0.652472	0.55334	0.415165	0.248593	0.0754401	-0.0834149	-0.226257	-0.346814	
0.369049	0.2283	0.0919187	-0.0273463	-0.103175	-0.117092	-0.0639603	0.0406222	0.173298	0.312145	0.454268	0.583835	0.677829	0.72061	0.727976	0.701076	0.636173	0.531914	0.396987	0.230543	0.0500257	-0.112374	-0.24039	-0.336668	-0.41097	
0.454376	0.362601	0.26765	0.174408	0.112395	0.100053	0.144847	0.228122	0.325705	0.417498	0.510063	0.600485	0.670091	0.699403	0.689858	0.636843	0.537217	0.4002	0.241048	0.0618446	-0.116161	-0.262043	-0.35477	-0.404835	-0.428258	
0.515877	0.48013	0.438238	0.391175	0.35748	0.350907	0.375135	0.418824	0.464859	0.501321	0.541165	0.587138	0.625346	0.633142	0.606756	0.532438	0.408554	0.249877	0.080975	-0.0909061	-0.248222	-0.36359	-0.424456	-0.437658	-0.42486	
0.561556	0.578531	0.595871	0.60361	0.608707	0.608603	0.606529	0.599265	0.586787	0.567097	0.557084	0.558096	0.554753	0.526892	0.471662	0.377979	0.243122	0.0838586	-0.0740088	-0.222338	-0.344989	-0.42542	-0.455164	-0.446616	-0.413547	
0.612455	0.679502	0.749385	0.808597	0.847702	0.854659	0.827688	0.774742	0.708279	0.637473	0.580457	0.534789	0.482349	0.405235	0.31071	0.196306	0.0649006	-0.071339	-0.195129	-0.305415	-0.39252	-0.441371	-0.450028	-0.427175	-0.388163	
0.679502	0.790742	0.901427	0.992156	1.05183	1.06176	1.02157	0.940348	0.836717	0.722459	0.617836	0.520276	0.412567	0.282663	0.147108	0.0158526	-0.103008	-0.201445	-0.275935	-0.340323	-0.391545	-0.418103	-0.412061	-0.38282	-0.341405	
0.749385	0.901427	1.03445	1.13482	1.19545	1.20588	1.16484	1.07881	0.958256	0.810861	0.657399	0.502183	0.337815	0.160915	-0.00409169	-0.142687	-0.24449	-0.305661	-0.332919	-0.350754	-0.366372	-0.369135	-0.352569	-0.319589	-0.283603	
0.808597	0.992156	1.13482	1.22701	1.27748	1.28515	1.25264	1.17689	1.05554	0.885343	0.687298	0.476589	0.261002	0.0494522	-0.130285	-0.266047	-0.352326	-0.388981	-0.384506	-0.367358	-0.348011	-0.32478	-0.293672	-0.261802	-0.23698	
0.847702	1.05183	1.19545	1.27748	1.31618	1.32181	1.29756	1.23431	1.11747	0.934954	0.707231	0.458128	0.208742	-0.022723	-0.206796	-0.336698	-0.413688	-0.439699	-0.422476	-0.386181	-0.344364	-0.29933	-0.257515	-0.227286	-0.216623	
0.854659	1.06176	1.20588	1.28515	1.32181	1.32671	1.30434	1.24364	1.12796	0.943406	0.710141	0.453991	0.198337	-0.0365162	-0.220919	-0.349638	-0.424776	-0.449807	-0.430383	-0.391566	-0.344791	-0.295993	-0.251151	-0.2219	-0.213613	
0.827688	1.02157	1.16484	1.25264	1.29756	1.30434	1.27561	1.20553	1.08602	0.90962	0.697301	0.468138	0.236242	0.014922	-0.167377	-0.300486	-0.382521	-0.413364	-0.402398	-0.37522	-0.345323	-0.311637	-0.275986	-0.244772	-0.226611	
0.774742	0.940348	1.07881	1.17689	1.23431	1.24364	1.20553	1.12254	1.00034	0.842585	0.670201	0.491713	0.305585	0.113151	-0.0591439	-0.197672	-0.2926	-0.342504	-0.35434	-0.356552	-0.357003	-0.349622	-0.327132	-0.294373	-0.261876	
0.708279	0.836717	0.958256	1.05554	1.11747	1.12796	1.08602	1.00034	0.887622	0.758856	0.634731	0.514583	0.383974	0.234277	0.0849772	-0.0503166	-0.163013	-0.245269	-0.300042	-0.34477	-0.382358	-0.399748	-0.38991	-0.358553	-0.318453	
0.637473	0.722459	0.810861	0.885343	0.934954	0.943406	0.90962	0.842585	0.758856	0.669544	0.593877	0.528166	0.454237	0.355579	0.244245	0.121902	-0.00502484	-0.127352	-0.231833	-0.324618	-0.397257	-0.436797	-0.438596	-0.412252	-0.371489	
0.580457	0.617836	0.657399	0.687298	0.707231	0.710141	0.697301	0.670201	0.634731	0.593877	0.565008	0.547962	0.525571	0.479346	0.408909	0.307272	0.171807	0.0197032	-0.127453	-0.26169	-0.370524	-0.437287	-0.457481	-0.44229	-0.405914	
0.534789	0.520276	0.502183	0.476589	0.458128	0.453991	0.468138	0.491713	0.514583	0.528166	0.547962	0.575803	0.598738	0.593717	0.5578	0.475402	0.345748	0.18362	0.0167709	-0.147645	-0.291845	-0.393147	-0.440958	-0.443881	-0.421224	
0.482349	0.412567	0.337815	0.261002	0.208742	0.198337	0.236242	0.305585	0.383974	0.454237	0.525571	0.598738	0.656504	0.679032	0.663209	0.601729	0.490319	0.343004	0.177537	-0.000682535	-0.172665	-0.307777	-0.387603	-0.421647	-0.428532	
0.405235	0.282663	0.160915	0.0494522	-0.022723	-0.0365162	0.014922	0.113151	0.234277	0.355579	0.479346	0.593717	0.679032	0.71613	0.716837	0.678246	0.5989	0.480295	0.33445	0.160895	-0.0209596	-0.177757	-0.291938	-0.368566	-0.421919	
0.31071	0.147108	-0.00409169	-0.130285	-0.206796	-0.220919	-0.167377	-0.0591439	0.0849772	0.244245	0.408909	0.5578	0.663209	0.716837	0.737128	0.730499	0.68744	0.605646	0.490883	0.339915	0.166568	-0.00346174	-0.150642	-0.276313	-0.37961	
0.196306	0.0158526	-0.142687	-0.266047	-0.336698	-0.349638	-0.300486	-0.197672	-0.0503166	0.121902	0.307272	0.475402	0.601729	0.678246	0.730499	0.76021	0.757983	0.717813	0.644973	0.52946	0.372437	0.197112	0.023877	-0.136491	-0.277826	
0.0649006	-0.103008	-0.24449	-0.352326	-0.413688	-0.424776	-0.382521	-0.2926	-0.163013	-0.00502484	0.171807	0.345748	0.490319	0.5989	0.68744	0.757983	0.799337	0.807178	0.781911	0.701939	0.56367	0.389309	0.210099	0.0361035	-0.126998	
-0.071339	-0.201445	-0.305661	-0.388981	-0.439699	-0.449807	-0.413364	-0.342504	-0.245269	-0.127352	0.0197032	0.18362	0.343004	0.480295	0.605646	0.717813	0.807178	0.865615	0.883766	0.837398	0.72058	0.564821	0.398115	0.226965	0.0508852	
-0.195129	-0.275935	-0.332919	-0.384506	-0.422476	-0.430383	-0.402398	-0.35434	-0.300042	-0.231833	-0.127453	0.0167709	0.177537	0.33445	0.490883	0.644973	0.781911	0.883766	0.940324	0.928355	0.849841	0.729264	0.588882	0.426248	0.241436	
-0.305415	-0.340323	-0.350754	-0.367358	-0.386181	-0.391566	-0.37522	-0.356552	-0.34477	-0.324618	-0.26169	-0.147645	-0.000682535	0.160895	0.339915	0.52946	0.701939	0.837398	0.928355	0.964691	0.94068	0.871664	0.767256	0.623103	0.441616	
-0.39252	-0.391545	-0.366372	-0.348011	-0.344364	-0.344791	-0.345323	-0.357003	-0.382358	-0.397257	-0.370524	-0.291845	-0.172665	-0.0209596	0.166568	0.372437	0.56367	0.72058	0.849841	0.94068	0.980357	0.969953	0.914161	0.804939	0.637582	
-0.441371	-0.418103	-0.369135	-0.32478	-0.29933	-0.295993	-0.311637	-0.349622	-0.399748	-0.436797	-0.437287	-0.393147	-0.307777	-0.177757	-0.00346174	0.197112	0.389309	0.564821	0.729264	0.871664	0.969953	1.02226	1.02742	0.964227	0.824209	
-0.450028	-0.412061	-0.352569	-0.293672	-0.257515	-0.251151	-0.275986	-0.327132	-0.38991	-0.438596	-0.457481	-0.440958	-0.387603	-0.291938	-0.150642	0.023877	0.210099	0.398115	0.588882	0.767256	0.914161	1.02742	1.09372	1.08469	0.98665	
-0.427175	-0.38282	-0.319589	-0.261802	-0.227286	-0.2219	-0.244772	-0.294373	-0.358553	-0.412252	-0.44229	-0.443881	-0.421647	-0.368566	-0.276313	-0.136491	0.0361035	0.226965	0.426248	0.623103	0.804939	0.964227	1.08469	1.13413	1.10019	
-0.388163	-0.341405	-0.283603	-0.23698	-0.216623	-0.213613	-0.226611	-0.261876	-0.318453	-0.371489	-0.405914	-0.421224	-0.428532	-0.421919	-0.37961	-0.277826	-0.126998	0.0508852	0.241436	0.441616	0.637582	0.824209	0.98665	1.10019	1.13625	
