0.188849	0.274242	0.312152	0.318219	0.301776	0.271584	0.240761	0.21987	0.220622	0.255057	0.311715	0.368194	0.407903	0.42548	0.437671	0.45396	0.467415	0.481008	0.488999	0.488737	0.474032	0.451221	0.428456	0.408925	0.39768	
0.274242	0.410469	0.488688	0.517388	0.509771	0.477726	0.429747	0.384345	0.360955	0.367304	0.395045	0.419673	0.42172	0.4135	0.410044	0.409703	0.411167	0.417658	0.420871	0.418324	0.405359	0.37861	0.345622	0.31399	0.290543	
0.312152	0.488688	0.607186	0.670298	0.676965	0.63905	0.58098	0.527929	0.487788	0.467495	0.463668	0.451004	0.416201	0.38395	0.366231	0.3463	0.327218	0.313956	0.307901	0.301627	0.285332	0.254762	0.218657	0.183341	0.155256	
0.318219	0.517388	0.670298	0.760099	0.780815	0.74537	0.695693	0.644039	0.590255	0.548744	0.516028	0.470518	0.412552	0.362898	0.323437	0.279039	0.23256	0.194006	0.165613	0.144701	0.118497	0.0910486	0.0650967	0.0388553	0.0102685	
0.301776	0.509771	0.676965	0.780815	0.810731	0.794678	0.764949	0.729062	0.676753	0.617684	0.558589	0.487477	0.415004	0.349973	0.28977	0.219818	0.141969	0.071553	0.0187502	-0.0214034	-0.0534692	-0.0777031	-0.087639	-0.0960083	-0.119806	
0.271584	0.477726	0.63905	0.74537	0.794678	0.804068	0.801811	0.784998	0.745591	0.683644	0.611135	0.521265	0.434189	0.347302	0.262424	0.171097	0.0659973	-0.0294779	-0.095844	-0.153098	-0.190421	-0.206309	-0.203916	-0.200449	-0.222755	
0.240761	0.429747	0.58098	0.695693	0.764949	0.801811	0.825147	0.827614	0.806665	0.753702	0.677675	0.586138	0.484863	0.380023	0.271139	0.155159	0.0313074	-0.0801899	-0.160796	-0.224458	-0.263332	-0.280383	-0.280694	-0.272902	-0.290596	
0.21987	0.384345	0.527929	0.644039	0.729062	0.784998	0.827614	0.851738	0.854875	0.827314	0.767334	0.686141	0.584288	0.472383	0.349384	0.209117	0.062357	-0.0643236	-0.159564	-0.227645	-0.273264	-0.2973	-0.303669	-0.301212	-0.315474	
0.220622	0.360955	0.487788	0.590255	0.676753	0.745591	0.806665	0.854875	0.888819	0.895478	0.870081	0.812229	0.7283	0.619687	0.486764	0.332325	0.173637	0.0310617	-0.0840129	-0.15984	-0.219492	-0.265388	-0.285922	-0.291275	-0.300523	
0.255057	0.367304	0.467495	0.548744	0.617684	0.683644	0.753702	0.827314	0.895478	0.94571	0.967474	0.950266	0.895876	0.798875	0.662802	0.505295	0.338562	0.186509	0.0642327	-0.0321689	-0.116511	-0.187821	-0.23481	-0.253177	-0.25278	
0.311715	0.395045	0.463668	0.516028	0.558589	0.611135	0.677675	0.767334	0.870081	0.967474	1.04576	1.07809	1.05842	0.982092	0.856799	0.706147	0.542399	0.378883	0.245475	0.124515	0.017528	-0.0735501	-0.143476	-0.179141	-0.174468	
0.368194	0.419673	0.451004	0.470518	0.487477	0.521265	0.586138	0.686141	0.812229	0.950266	1.07809	1.16863	1.18873	1.14209	1.04006	0.905911	0.747952	0.585456	0.435031	0.296699	0.169906	0.0622977	-0.0214474	-0.0650644	-0.0713599	
0.407903	0.42172	0.416201	0.412552	0.415004	0.434189	0.484863	0.584288	0.7283	0.895876	1.05842	1.18873	1.25011	1.24308	1.18179	1.07779	0.940394	0.781876	0.617308	0.462848	0.323154	0.204349	0.115484	0.060567	0.0366944	
0.42548	0.4135	0.38395	0.362898	0.349973	0.347302	0.380023	0.472383	0.619687	0.798875	0.982092	1.14209	1.24308	1.2768	1.26854	1.20813	1.09558	0.946594	0.782695	0.617247	0.466584	0.33976	0.24428	0.175704	0.131442	
0.437671	0.410044	0.366231	0.323437	0.28977	0.262424	0.271139	0.349384	0.486764	0.662802	0.856799	1.04006	1.18179	1.26854	1.30803	1.28399	1.19732	1.0647	0.907609	0.739615	0.589123	0.458398	0.354436	0.275076	0.214707	
0.45396	0.409703	0.3463	0.279039	0.219818	0.171097	0.155159	0.209117	0.332325	0.505295	0.706147	0.905911	1.07779	1.20813	1.28399	1.29294	1.23443	1.12322	0.983928	0.828474	0.677586	0.545679	0.442234	0.35635	0.283496	
0.467415	0.411167	0.327218	0.23256	0.141969	0.0659973	0.0313074	0.062357	0.173637	0.338562	0.542399	0.747952	0.940394	1.09558	1.19732	1.23443	1.20494	1.12075	1.01255	0.877275	0.736871	0.615549	0.512597	0.421597	0.338472	
0.481008	0.417658	0.313956	0.194006	0.071553	-0.0294779	-0.0801899	-0.0643236	0.0310617	0.186509	0.378883	0.585456	0.781876	0.946594	1.0647	1.12322	1.12075	1.07826	1.00816	0.900688	0.780932	0.667774	0.564132	0.473611	0.3832	
0.488999	0.420871	0.307901	0.165613	0.0187502	-0.095844	-0.160796	-0.159564	-0.0840129	0.0642327	0.245475	0.435031	0.617308	0.782695	0.907609	0.983928	1.01255	1.00816	0.972539	0.898611	0.805346	0.707491	0.613265	0.523032	0.42316	
0.488737	0.418324	0.301627	0.144701	-0.0214034	-0.153098	-0.224458	-0.227645	-0.15984	-0.0321689	0.124515	0.296699	0.462848	0.617247	0.739615	0.828474	0.877275	0.900688	0.898611	0.865539	0.80165	0.726685	0.644918	0.555397	0.448342	
0.474032	0.405359	0.285332	0.118497	-0.0534692	-0.190421	-0.263332	-0.273264	-0.219492	-0.116511	0.017528	0.169906	0.323154	0.466584	0.589123	0.677586	0.736871	0.780932	0.805346	0.80165	0.770671	0.71715	0.647641	0.562862	0.45978	
0.451221	0.37861	0.254762	0.0910486	-0.0777031	-0.206309	-0.280383	-0.2973	-0.265388	-0.187821	-0.0735501	0.0622977	0.204349	0.33976	0.458398	0.545679	0.615549	0.667774	0.707491	0.726685	0.71715	0.678932	0.625269	0.548123	0.455718	
0.428456	0.345622	0.218657	0.0650967	-0.087639	-0.203916	-0.280694	-0.303669	-0.285922	-0.23481	-0.143476	-0.0214474	0.115484	0.24428	0.354436	0.442234	0.512597	0.564132	0.613265	0.644918	0.647641	0.625269	0.582466	0.520475	0.446193	
0.408925	0.31399	0.183341	0.0388553	-0.0960083	-0.200449	-0.272902	-0.301212	-0.291275	-0.253177	-0.179141	-0.0650644	0.060567	0.175704	0.275076	0.35635	0.421597	0.473611	0.523032	0.555397	0.562862	0.548123	0.520475	0.481419	0.436392	
0.39768	0.290543	0.155256	0.0102685	-0.119806	-0.222755	-0.290596	-0.315474	-0.300523	-0.25278	-0.174468	-0.0713599	0.0366944	0.131442	0.214707	0.283496	0.338472	0.3832	0.42316	0.448342	0.45978	0.455718	0.446193	0.436392	0.419145	
0.391744	0.273667	0.131627	-0.0178296	-0.149749	-0.257859	-0.329636	-0.346119	-0.310416	-0.246761	-0.164484	-0.061614	0.0407913	0.122138	0.184604	0.240329	0.276203	0.302588	0.328214	0.341812	0.348308	0.354587	0.363354	0.384798	0.400761	
0.391943	0.261013	0.115237	-0.0390669	-0.174881	-0.287759	-0.35746	-0.372277	-0.327464	-0.246303	-0.149438	-0.0421391	0.0550461	0.130446	0.187409	0.226587	0.241535	0.248114	0.249834	0.24467	0.246461	0.258883	0.287922	0.336003	0.383063	
0.406111	0.258136	0.104902	-0.0503903	-0.191572	-0.30844	-0.377603	-0.389589	-0.339275	-0.244073	-0.132963	-0.0199871	0.0762733	0.15133	0.202041	0.222952	0.218362	0.201847	0.180244	0.160571	0.157981	0.179067	0.227369	0.293237	0.364753	
0.422629	0.260305	0.0936427	-0.0665926	-0.213066	-0.329293	-0.404096	-0.413226	-0.353216	-0.245325	-0.117675	0.00520459	0.110054	0.18585	0.224121	0.224999	0.19559	0.153228	0.117778	0.0927939	0.0915273	0.126077	0.187688	0.269225	0.358828	
0.438346	0.260519	0.0833545	-0.0819022	-0.238155	-0.358246	-0.432136	-0.437064	-0.370265	-0.246508	-0.101358	0.0332212	0.138554	0.211187	0.239135	0.218335	0.171831	0.114661	0.0700314	0.0447621	0.0495657	0.0945976	0.172331	0.259035	0.35797	
0.441804	0.260815	0.0813031	-0.0861427	-0.244746	-0.366477	-0.438611	-0.442596	-0.375183	-0.247377	-0.0964784	0.0395901	0.143443	0.214061	0.241576	0.215939	0.165793	0.10657	0.0593141	0.0345613	0.0427566	0.0896938	0.169525	0.257936	0.357386	
0.429385	0.26048	0.088577	-0.0738434	-0.223234	-0.340471	-0.416146	-0.423494	-0.359598	-0.245961	-0.11199	0.0164729	0.123783	0.199353	0.231443	0.2235	0.185395	0.135466	0.0964488	0.0707346	0.0704861	0.110738	0.179107	0.2638	0.358902	
0.412734	0.258493	0.100649	-0.055821	-0.199578	-0.316138	-0.387003	-0.397791	-0.344222	-0.244578	-0.125743	-0.0106472	0.0885691	0.1634	0.210514	0.224193	0.210067	0.182411	0.154132	0.131236	0.129412	0.154654	0.208769	0.282123	0.36035	
0.396421	0.259338	0.111239	-0.0436844	-0.181131	-0.296575	-0.365606	-0.379012	-0.332354	-0.245183	-0.143556	-0.0341134	0.0628633	0.137878	0.192258	0.223951	0.231323	0.229589	0.221478	0.209126	0.208442	0.223765	0.261643	0.317217	0.375421	
0.39004	0.267797	0.123976	-0.0283336	-0.161626	-0.271277	-0.343133	-0.358387	-0.317292	-0.246613	-0.1589	-0.0538176	0.0456358	0.123653	0.182852	0.232705	0.259558	0.278163	0.294821	0.301962	0.306329	0.315654	0.331673	0.365416	0.394337	
0.394861	0.282653	0.145369	-0.000332657	-0.131619	-0.236704	-0.305748	-0.326569	-0.303364	-0.249291	-0.170697	-0.0688347	0.0355701	0.124481	0.197956	0.26129	0.310222	0.348442	0.383481	0.404738	0.41437	0.414872	0.413965	0.415767	0.411336	
0.403022	0.304111	0.171236	0.0272279	-0.104235	-0.206019	-0.275966	-0.304428	-0.29527	-0.255089	-0.180409	-0.0712273	0.0475933	0.153898	0.24872	0.324747	0.387172	0.437498	0.484187	0.514157	0.524896	0.512528	0.491588	0.464173	0.430404	
0.420254	0.332333	0.204168	0.0551079	-0.0890937	-0.200533	-0.27614	-0.302406	-0.287805	-0.245106	-0.16301	-0.0435491	0.0893996	0.214389	0.320328	0.40646	0.475141	0.527406	0.577991	0.610847	0.614942	0.59773	0.560051	0.505539	0.442743	
0.441991	0.365108	0.240627	0.0807674	-0.0840706	-0.207985	-0.282704	-0.302353	-0.276671	-0.210159	-0.10428	0.0247291	0.16441	0.297598	0.413108	0.50102	0.572308	0.624206	0.668223	0.694792	0.691728	0.65966	0.609899	0.538639	0.451432	
0.465385	0.396385	0.274242	0.106705	-0.0643554	-0.198442	-0.272326	-0.28485	-0.241023	-0.147407	-0.0211044	0.124059	0.273405	0.413158	0.534017	0.6222	0.685871	0.734701	0.766623	0.771758	0.751158	0.704631	0.641795	0.559099	0.460422	
0.484648	0.414827	0.296579	0.135323	-0.0352752	-0.171008	-0.243344	-0.248267	-0.184541	-0.0668768	0.0803469	0.244589	0.40403	0.553541	0.677406	0.766824	0.819999	0.852721	0.862258	0.842776	0.79316	0.726758	0.649209	0.560954	0.454397	
0.489642	0.42033	0.306391	0.157529	0.00216534	-0.120076	-0.187908	-0.189985	-0.117926	0.0229339	0.195347	0.377954	0.554265	0.716078	0.839833	0.922513	0.961963	0.969275	0.946886	0.889652	0.806729	0.717753	0.629458	0.538392	0.435213	
0.485456	0.4198	0.310348	0.180507	0.0476538	-0.0578065	-0.115927	-0.106431	-0.0202165	0.133811	0.323216	0.524094	0.715911	0.881444	1.004	1.07052	1.08019	1.05379	0.998483	0.903467	0.794397	0.685268	0.584011	0.494404	0.400315	
0.473217	0.413236	0.321266	0.216329	0.11223	0.0241442	-0.0163735	0.00872188	0.114632	0.27482	0.474574	0.682537	0.878393	1.03939	1.14871	1.19446	1.17531	1.10783	1.01356	0.888579	0.755697	0.638131	0.534686	0.443244	0.357064	
0.459405	0.409919	0.338095	0.259817	0.188375	0.130025	0.106088	0.149117	0.267783	0.438134	0.641419	0.845086	1.02707	1.16846	1.25616	1.27742	1.23089	1.12857	1.00061	0.853367	0.704572	0.574829	0.472847	0.384781	0.307128	
0.444686	0.409999	0.359	0.306325	0.263728	0.228645	0.226126	0.295446	0.427217	0.60188	0.799169	0.989107	1.14455	1.25138	1.30636	1.29586	1.22053	1.0954	0.944561	0.778981	0.6283	0.497074	0.392149	0.309044	0.244227	
0.429523	0.411221	0.37603	0.347097	0.324983	0.311463	0.33663	0.425249	0.569737	0.748031	0.936207	1.10664	1.22434	1.27885	1.29063	1.24538	1.14295	1.00022	0.838411	0.671014	0.519702	0.390187	0.290462	0.217817	0.166144	
0.416609	0.418624	0.401358	0.390781	0.388757	0.400107	0.443438	0.539824	0.688109	0.862084	1.03501	1.17746	1.25514	1.263	1.22282	1.13616	1.00899	0.852489	0.686103	0.526333	0.381588	0.259389	0.16964	0.10885	0.076191	
0.387678	0.422969	0.438793	0.447882	0.457349	0.486044	0.545755	0.647329	0.781627	0.933637	1.07676	1.18562	1.22241	1.19112	1.10301	0.97852	0.826576	0.666157	0.509642	0.364375	0.232464	0.11923	0.0323708	-0.0148045	-0.0274043	
0.334328	0.406432	0.461682	0.500492	0.53159	0.575922	0.643622	0.738036	0.850398	0.965092	1.06464	1.12064	1.11695	1.05103	0.933201	0.788078	0.626585	0.46201	0.321017	0.192702	0.0774516	-0.0207045	-0.0972937	-0.136917	-0.134861	
