-0.0903421	-0.067754	-0.0233896	0.0265521	0.0853775	0.160106	0.240486	0.312282	0.361437	0.377512	0.373121	0.354425	0.327885	0.295407	0.264884	0.221567	0.152091	0.0582081	-0.047167	-0.154076	-0.238038	-0.293034	-0.3329	-0.355113	-0.350252	
-0.067754	-0.0782171	-0.0741224	-0.0589678	-0.0235037	0.0281059	0.0921348	0.15543	0.199989	0.218334	0.224994	0.222833	0.223706	0.216012	0.206779	0.178043	0.122357	0.0412804	-0.0603591	-0.166948	-0.25008	-0.301234	-0.326979	-0.324441	-0.302033	
-0.0233896	-0.0741224	-0.119728	-0.151266	-0.15251	-0.126466	-0.0758486	-0.0169584	0.0297372	0.0599334	0.0790843	0.0963359	0.133998	0.159642	0.168186	0.154343	0.111495	0.0405572	-0.0582612	-0.163483	-0.251195	-0.302849	-0.314644	-0.290414	-0.253235	
0.0265521	-0.0589678	-0.151266	-0.232336	-0.27991	-0.288921	-0.260658	-0.206799	-0.151104	-0.104583	-0.0624779	-0.0112467	0.0642033	0.124873	0.152905	0.149404	0.114461	0.0459516	-0.0463944	-0.146785	-0.234325	-0.286418	-0.294361	-0.262942	-0.216756	
0.0853775	-0.0235037	-0.15251	-0.27991	-0.383051	-0.437538	-0.43593	-0.386562	-0.319686	-0.24783	-0.175579	-0.0880148	0.0150725	0.109244	0.161866	0.17142	0.137983	0.0676887	-0.0260379	-0.124472	-0.211904	-0.269174	-0.274423	-0.2467	-0.192754	
0.160106	0.0281059	-0.126466	-0.288921	-0.437538	-0.531998	-0.553053	-0.510875	-0.433503	-0.337936	-0.231417	-0.11465	0.0112274	0.124931	0.196867	0.211855	0.176754	0.105797	0.0153412	-0.0867236	-0.182512	-0.247699	-0.267778	-0.247858	-0.196254	
0.240486	0.0921348	-0.0758486	-0.260658	-0.43593	-0.553053	-0.589805	-0.55335	-0.473014	-0.365996	-0.234384	-0.0930696	0.0460131	0.173303	0.25101	0.262951	0.225354	0.154462	0.0640843	-0.0430989	-0.150527	-0.230964	-0.270833	-0.26681	-0.225456	
0.312282	0.15543	-0.0169584	-0.206799	-0.386562	-0.510875	-0.55335	-0.527056	-0.450848	-0.334735	-0.187701	-0.0259989	0.125851	0.257081	0.335249	0.344062	0.297221	0.215213	0.110957	-0.0114259	-0.131271	-0.227488	-0.286391	-0.297858	-0.271908	
0.361437	0.199989	0.0297372	-0.151104	-0.319686	-0.433503	-0.473014	-0.450848	-0.367014	-0.233888	-0.0662015	0.108063	0.265114	0.387251	0.456123	0.457566	0.396975	0.292741	0.163232	0.0249501	-0.111903	-0.224766	-0.303898	-0.338134	-0.338559	
0.377512	0.218334	0.0599334	-0.104583	-0.24783	-0.337936	-0.365996	-0.334735	-0.233888	-0.0732361	0.115647	0.299579	0.448832	0.547819	0.595957	0.583502	0.504256	0.378118	0.230427	0.0725303	-0.0846212	-0.216569	-0.315041	-0.370242	-0.390304	
0.373121	0.224994	0.0790843	-0.0624779	-0.175579	-0.231417	-0.234384	-0.187701	-0.0662015	0.115647	0.318598	0.509536	0.647253	0.72599	0.75351	0.715835	0.610328	0.46719	0.306352	0.132553	-0.0418492	-0.190414	-0.29965	-0.367583	-0.398549	
0.354425	0.222833	0.0963359	-0.0112467	-0.0880148	-0.11465	-0.0930696	-0.0259989	0.108063	0.299579	0.509536	0.697272	0.827045	0.897776	0.90644	0.84113	0.71548	0.561739	0.390082	0.205783	0.021875	-0.138416	-0.253371	-0.328956	-0.367924	
0.327885	0.223706	0.133998	0.0642033	0.0150725	0.0112274	0.0460131	0.125851	0.265114	0.448832	0.647253	0.827045	0.956565	1.02292	1.02332	0.94766	0.817968	0.655704	0.473737	0.280049	0.0953677	-0.0644958	-0.184406	-0.263352	-0.307591	
0.295407	0.216012	0.159642	0.124873	0.109244	0.124931	0.173303	0.257081	0.387251	0.547819	0.72599	0.897776	1.02292	1.09181	1.09469	1.02999	0.907558	0.738706	0.544648	0.346623	0.164744	0.00885809	-0.10492	-0.17984	-0.220245	
0.264884	0.206779	0.168186	0.152905	0.161866	0.196867	0.25101	0.335249	0.456123	0.595957	0.75351	0.90644	1.02332	1.09469	1.11363	1.06439	0.951764	0.785826	0.595607	0.403998	0.228881	0.083126	-0.0173773	-0.0782092	-0.1097	
0.221567	0.178043	0.154343	0.149404	0.17142	0.211855	0.262951	0.344062	0.457566	0.583502	0.715835	0.84113	0.94766	1.02999	1.06439	1.03392	0.937435	0.7954	0.629278	0.450863	0.288468	0.162746	0.0760989	0.0317857	0.0198418	
0.152091	0.122357	0.111495	0.114461	0.137983	0.176754	0.225354	0.297221	0.396975	0.504256	0.610328	0.71548	0.817968	0.907558	0.951764	0.937435	0.872635	0.768745	0.635018	0.485113	0.349972	0.248149	0.175764	0.142063	0.140502	
0.0582081	0.0412804	0.0405572	0.0459516	0.0676887	0.105797	0.154462	0.215213	0.292741	0.378118	0.46719	0.561739	0.655704	0.738706	0.785826	0.7954	0.768745	0.707452	0.61468	0.505455	0.405838	0.323783	0.261385	0.232363	0.234694	
-0.047167	-0.0603591	-0.0582612	-0.0463944	-0.0260379	0.0153412	0.0640843	0.110957	0.163232	0.230427	0.306352	0.390082	0.473737	0.544648	0.595607	0.629278	0.635018	0.61468	0.573799	0.514369	0.444777	0.377588	0.318432	0.285127	0.282992	
-0.154076	-0.166948	-0.163483	-0.146785	-0.124472	-0.0867236	-0.0430989	-0.0114259	0.0249501	0.0725303	0.132553	0.205783	0.280049	0.346623	0.403998	0.450863	0.485113	0.505455	0.514369	0.497203	0.452375	0.395039	0.337185	0.294287	0.283728	
-0.238038	-0.25008	-0.251195	-0.234325	-0.211904	-0.182512	-0.150527	-0.131271	-0.111903	-0.0846212	-0.0418492	0.021875	0.0953677	0.164744	0.228881	0.288468	0.349972	0.405838	0.444777	0.452375	0.423435	0.368599	0.306899	0.254805	0.237513	
-0.293034	-0.301234	-0.302849	-0.286418	-0.269174	-0.247699	-0.230964	-0.227488	-0.224766	-0.216569	-0.190414	-0.138416	-0.0644958	0.00885809	0.083126	0.162746	0.248149	0.323783	0.377588	0.395039	0.368599	0.308147	0.231985	0.169146	0.144786	
-0.3329	-0.326979	-0.314644	-0.294361	-0.274423	-0.267778	-0.270833	-0.286391	-0.303898	-0.315041	-0.29965	-0.253371	-0.184406	-0.10492	-0.0173773	0.0760989	0.175764	0.261385	0.318432	0.337185	0.306899	0.231985	0.140923	0.0654847	0.0250549	
-0.355113	-0.324441	-0.290414	-0.262942	-0.2467	-0.247858	-0.26681	-0.297858	-0.338134	-0.370242	-0.367583	-0.328956	-0.263352	-0.17984	-0.0782092	0.0317857	0.142063	0.232363	0.285127	0.294287	0.254805	0.169146	0.0654847	-0.0257978	-0.0837308	
-0.350252	-0.302033	-0.253235	-0.216756	-0.192754	-0.196254	-0.225456	-0.271908	-0.338559	-0.390304	-0.398549	-0.367924	-0.307591	-0.220245	-0.1097	0.0198418	0.140502	0.234694	0.282992	0.283728	0.237513	0.144786	0.0250549	-0.0837308	-0.152907	
-0.327488	-0.271288	-0.212805	-0.161747	-0.122193	-0.119772	-0.159315	-0.22144	-0.301318	-0.366503	-0.390875	-0.37377	-0.321291	-0.228242	-0.100845	0.0425523	0.174379	0.268882	0.310074	0.304988	0.253765	0.15045	0.0209911	-0.0956451	-0.169309	
-0.294579	-0.243417	-0.182451	-0.112218	-0.0473282	-0.0342468	-0.0766725	-0.145742	-0.231775	-0.304215	-0.346524	-0.345369	-0.291727	-0.186827	-0.0497548	0.101452	0.235839	0.330134	0.366361	0.350775	0.289749	0.181098	0.0499246	-0.0666567	-0.139194	
-0.257048	-0.214051	-0.155839	-0.0709281	0.00850255	0.0372708	0.00576162	-0.0607776	-0.146834	-0.2259	-0.283327	-0.294791	-0.239273	-0.129206	0.0057444	0.154689	0.293323	0.393424	0.429514	0.409474	0.340874	0.235143	0.111076	-0.00546646	-0.0788451	
-0.224631	-0.185775	-0.126416	-0.0381537	0.0493649	0.0891292	0.0717429	0.0076695	-0.0788205	-0.162418	-0.226934	-0.242248	-0.189453	-0.0827313	0.0519601	0.196864	0.338795	0.441982	0.482937	0.465526	0.40002	0.299282	0.181916	0.0688392	-0.00198688	
-0.205267	-0.168624	-0.108355	-0.0145387	0.0744737	0.119049	0.108958	0.0450804	-0.0441652	-0.126811	-0.188907	-0.208566	-0.160125	-0.0558927	0.0793487	0.224957	0.363004	0.462857	0.508297	0.503449	0.445419	0.349157	0.235278	0.126502	0.0621555	
-0.202353	-0.166304	-0.105066	-0.00973265	0.078453	0.124082	0.114862	0.0501075	-0.0387908	-0.119926	-0.181957	-0.202733	-0.155159	-0.0513939	0.0839982	0.230475	0.366583	0.464758	0.512267	0.510312	0.45389	0.359214	0.245602	0.137298	0.0750399	
-0.214774	-0.177121	-0.117626	-0.0272746	0.0623066	0.104125	0.090599	0.0266562	-0.0609059	-0.144581	-0.208848	-0.226127	-0.175762	-0.0693973	0.0655653	0.210026	0.350888	0.454064	0.496655	0.48387	0.42114	0.321976	0.206999	0.0955761	0.0271073	
-0.243253	-0.201628	-0.143773	-0.0574047	0.0259338	0.060647	0.0351093	-0.0301358	-0.115979	-0.197676	-0.259071	-0.273	-0.216855	-0.108196	0.0262061	0.173001	0.31388	0.415516	0.453812	0.432962	0.364071	0.260937	0.139746	0.0244289	-0.0490707	
-0.27913	-0.231948	-0.172284	-0.09479	-0.0221726	-0.00354491	-0.0425311	-0.111272	-0.198058	-0.273316	-0.322482	-0.326548	-0.272131	-0.163292	-0.0273573	0.124331	0.259951	0.356304	0.391458	0.37356	0.308477	0.199992	0.0715426	-0.0450326	-0.117462	
-0.315632	-0.259844	-0.199169	-0.140163	-0.0913096	-0.0851866	-0.12757	-0.194094	-0.276187	-0.344696	-0.377052	-0.366366	-0.314702	-0.217162	-0.0836466	0.0638054	0.197611	0.291505	0.330351	0.321283	0.266353	0.159536	0.0283161	-0.0886886	-0.162119	
-0.342885	-0.290141	-0.237039	-0.195468	-0.165771	-0.168055	-0.201903	-0.254582	-0.328765	-0.386374	-0.399976	-0.374356	-0.317391	-0.22811	-0.111694	0.0239194	0.149419	0.243777	0.290329	0.288728	0.240393	0.144385	0.0195428	-0.0938994	-0.165743	
-0.35592	-0.316997	-0.276478	-0.245312	-0.2285	-0.231004	-0.253733	-0.291037	-0.341801	-0.382494	-0.384843	-0.348353	-0.285524	-0.199694	-0.0942621	0.0235194	0.137722	0.230323	0.280538	0.285851	0.242588	0.154258	0.0448928	-0.0540321	-0.11721	
-0.34496	-0.329565	-0.308218	-0.285275	-0.265958	-0.263546	-0.274295	-0.296649	-0.323125	-0.341722	-0.331912	-0.288008	-0.220527	-0.139303	-0.0456669	0.0538394	0.157669	0.245165	0.301925	0.31748	0.283618	0.203762	0.107312	0.0255269	-0.021614	
-0.310625	-0.314406	-0.312858	-0.295246	-0.277221	-0.261513	-0.25246	-0.256157	-0.260906	-0.260293	-0.238536	-0.190146	-0.11884	-0.0424294	0.0370926	0.122745	0.215175	0.295514	0.351376	0.371381	0.343889	0.278209	0.195559	0.128456	0.0986447	
-0.262424	-0.273821	-0.275958	-0.259957	-0.239966	-0.213286	-0.186269	-0.173669	-0.161335	-0.141222	-0.105934	-0.0457844	0.0281024	0.099046	0.166762	0.234447	0.305622	0.371088	0.417808	0.430317	0.403631	0.347828	0.28105	0.224742	0.205672	
-0.191914	-0.204262	-0.202247	-0.184882	-0.161877	-0.127688	-0.0875688	-0.0602268	-0.0312453	0.00785438	0.0615854	0.130904	0.203343	0.270628	0.330422	0.381568	0.426797	0.46301	0.486768	0.482179	0.444992	0.389254	0.331343	0.28439	0.271124	
-0.0907929	-0.103548	-0.100953	-0.0865623	-0.0652441	-0.0246306	0.0226293	0.0629411	0.108518	0.16799	0.238289	0.317559	0.396991	0.464865	0.518832	0.558846	0.576049	0.57118	0.552713	0.511732	0.452204	0.389945	0.330771	0.29432	0.288534	
0.0171536	0.00233371	0.00326106	0.0111151	0.0318888	0.0718702	0.12063	0.175626	0.242478	0.321279	0.404888	0.495308	0.584476	0.663028	0.710724	0.731428	0.71826	0.673733	0.600433	0.511115	0.42431	0.34812	0.288545	0.258333	0.260298	
0.11668	0.0936902	0.0869995	0.0904207	0.113238	0.151756	0.200359	0.267536	0.359524	0.457627	0.555997	0.656026	0.75632	0.844238	0.890689	0.884321	0.835152	0.748175	0.62979	0.49449	0.373569	0.280826	0.212928	0.182318	0.182377	
0.19742	0.158618	0.140631	0.13999	0.163091	0.202988	0.252751	0.331142	0.43977	0.559452	0.680861	0.796159	0.90009	0.987337	1.02602	1.00221	0.91724	0.789171	0.635565	0.466751	0.312628	0.196317	0.115911	0.0765119	0.0706554	
0.249939	0.198357	0.165163	0.154764	0.170597	0.209735	0.263075	0.34633	0.465343	0.59927	0.746827	0.889791	1.00173	1.0764	1.10302	1.0611	0.952445	0.794154	0.611157	0.424198	0.253238	0.114158	0.0190838	-0.0345767	-0.0589972	
0.283583	0.212969	0.165616	0.139996	0.136499	0.160384	0.211852	0.296377	0.421972	0.573518	0.743678	0.909062	1.0318	1.10099	1.1092	1.0507	0.932518	0.762072	0.567468	0.370528	0.190604	0.0383355	-0.0705771	-0.141109	-0.178734	
0.315017	0.221797	0.146526	0.092012	0.0555903	0.0595362	0.100332	0.182348	0.319544	0.494644	0.685034	0.862174	0.990353	1.05791	1.05746	0.984001	0.856852	0.692167	0.504107	0.307854	0.123733	-0.0345949	-0.153265	-0.231896	-0.276239	
0.345025	0.223119	0.110584	0.0173589	-0.047628	-0.0642089	-0.0370502	0.0363184	0.173896	0.364872	0.572071	0.756736	0.886151	0.954552	0.958578	0.886377	0.756645	0.599375	0.424767	0.235653	0.0509208	-0.110045	-0.227885	-0.305081	-0.346676	
0.367678	0.224738	0.084097	-0.0447854	-0.142973	-0.186203	-0.177897	-0.122602	0.00419249	0.191098	0.399461	0.589465	0.723269	0.797883	0.817543	0.767702	0.653026	0.504524	0.338827	0.16099	-0.0185403	-0.173291	-0.285254	-0.355966	-0.390358	
