-0.0456868	0.028141	0.0808425	0.100039	0.108753	0.110551	0.104362	0.0917665	0.0529843	-0.0154718	-0.0868337	-0.142379	-0.1941	-0.239441	-0.274781	-0.292215	-0.277528	-0.234824	-0.171291	-0.105013	-0.0409067	0.0334564	0.1162	0.184402	0.213107	
-0.0515133	0.000148321	0.0373401	0.052773	0.0618022	0.0643121	0.0562476	0.0455983	0.0183133	-0.0309607	-0.0793721	-0.12394	-0.170316	-0.216445	-0.258252	-0.286709	-0.288556	-0.265022	-0.22651	-0.175767	-0.111055	-0.0249411	0.0707098	0.142606	0.173738	
-0.0353262	-0.00690812	0.0144327	0.0252896	0.0311709	0.0331262	0.0272148	0.0201723	0.00313967	-0.0242625	-0.0521944	-0.0832727	-0.121176	-0.162676	-0.209145	-0.248475	-0.269037	-0.279938	-0.275644	-0.245486	-0.182283	-0.0939868	0.00153035	0.077371	0.120058	
-0.00922996	-0.000940418	0.00391534	0.000658293	-0.0057547	-0.00615351	-0.0025971	0.00406624	0.00115435	-0.00560142	-0.0172976	-0.0359217	-0.0611408	-0.0921278	-0.134753	-0.1851	-0.23379	-0.2808	-0.304851	-0.290243	-0.240241	-0.163443	-0.0713185	0.0130615	0.0718874	
0.0166564	0.0093487	-0.0054109	-0.0271611	-0.0463112	-0.0504859	-0.0357552	-0.0138316	0.00418664	0.0145212	0.0165457	0.00714601	-0.00844681	-0.0314059	-0.0723219	-0.129638	-0.196603	-0.260169	-0.304334	-0.314082	-0.285513	-0.219168	-0.128779	-0.0421486	0.0195211	
0.0296234	0.00813941	-0.0255841	-0.0623137	-0.0859565	-0.0933722	-0.0722747	-0.0417543	-0.00355526	0.0223269	0.038432	0.0388886	0.0231494	-0.0032793	-0.0453844	-0.0960356	-0.161664	-0.227498	-0.289658	-0.32216	-0.312326	-0.26038	-0.180973	-0.105634	-0.0471316	
0.0167739	-0.0151352	-0.0598828	-0.103817	-0.131585	-0.13626	-0.117336	-0.078949	-0.0313542	0.00507994	0.0295867	0.0337809	0.0166766	-0.0132993	-0.044734	-0.0837533	-0.141346	-0.210632	-0.277739	-0.320921	-0.325811	-0.295947	-0.243912	-0.183778	-0.132639	
-0.034992	-0.0649217	-0.110234	-0.159406	-0.190968	-0.196199	-0.175384	-0.1305	-0.0816812	-0.0447041	-0.0259481	-0.0230742	-0.0331591	-0.0511611	-0.0659136	-0.096199	-0.148995	-0.216169	-0.282572	-0.329261	-0.347842	-0.335326	-0.302053	-0.256964	-0.214091	
-0.126701	-0.14879	-0.187784	-0.233568	-0.268396	-0.274567	-0.250385	-0.20572	-0.162835	-0.133229	-0.122117	-0.120348	-0.118378	-0.120839	-0.124048	-0.140734	-0.180913	-0.240585	-0.304215	-0.35299	-0.375715	-0.371217	-0.346214	-0.308801	-0.274269	
-0.245537	-0.268999	-0.304699	-0.340882	-0.373624	-0.38154	-0.354593	-0.319397	-0.282476	-0.253091	-0.237817	-0.230726	-0.222459	-0.216513	-0.216832	-0.217553	-0.240155	-0.286673	-0.339279	-0.385233	-0.406874	-0.403453	-0.37614	-0.335954	-0.304329	
-0.372022	-0.406188	-0.441092	-0.47231	-0.502439	-0.51055	-0.484544	-0.453996	-0.420885	-0.383515	-0.361261	-0.350862	-0.340431	-0.336908	-0.33843	-0.332842	-0.338069	-0.3636	-0.397122	-0.428898	-0.444205	-0.426634	-0.388042	-0.338371	-0.307584	
-0.500385	-0.5397	-0.578469	-0.614086	-0.647561	-0.656433	-0.62815	-0.59299	-0.556178	-0.513444	-0.488435	-0.47619	-0.465588	-0.466148	-0.469019	-0.460717	-0.452885	-0.460192	-0.473864	-0.480957	-0.472638	-0.429705	-0.375002	-0.318642	-0.282782	
-0.626206	-0.666753	-0.710809	-0.751626	-0.788959	-0.79658	-0.768227	-0.727514	-0.684541	-0.641304	-0.60907	-0.591014	-0.574278	-0.572656	-0.571104	-0.558242	-0.545089	-0.536365	-0.529405	-0.513388	-0.478969	-0.415385	-0.339012	-0.270302	-0.232433	
-0.729257	-0.772049	-0.814947	-0.851682	-0.880006	-0.885603	-0.864665	-0.830495	-0.789449	-0.74647	-0.704013	-0.66671	-0.640078	-0.628569	-0.623601	-0.609386	-0.591577	-0.569686	-0.545446	-0.516567	-0.462844	-0.384376	-0.287651	-0.207747	-0.161152	
-0.773691	-0.814149	-0.845594	-0.866658	-0.876611	-0.879209	-0.871402	-0.855527	-0.827207	-0.791942	-0.74211	-0.686462	-0.650237	-0.630908	-0.626273	-0.613492	-0.59521	-0.567779	-0.536455	-0.498018	-0.430714	-0.340525	-0.233423	-0.144321	-0.0874289	
-0.734055	-0.767048	-0.78382	-0.789769	-0.784961	-0.785439	-0.787788	-0.788021	-0.774721	-0.75063	-0.70087	-0.640155	-0.596804	-0.572732	-0.565528	-0.55642	-0.544991	-0.519626	-0.490454	-0.446607	-0.379662	-0.28974	-0.181951	-0.0846974	-0.0140738	
-0.609537	-0.637105	-0.64431	-0.641252	-0.631676	-0.630643	-0.637218	-0.644425	-0.641379	-0.624013	-0.579542	-0.523129	-0.47578	-0.449646	-0.439538	-0.434934	-0.427254	-0.407963	-0.386426	-0.350767	-0.297903	-0.219616	-0.123229	-0.0245483	0.053237	
-0.418139	-0.442403	-0.445145	-0.434262	-0.42332	-0.42231	-0.428627	-0.441851	-0.445488	-0.430959	-0.3926	-0.342368	-0.298736	-0.275927	-0.271857	-0.272375	-0.268263	-0.25766	-0.241109	-0.216939	-0.178634	-0.120624	-0.0441369	0.0431178	0.118386	
-0.187085	-0.209335	-0.206387	-0.187582	-0.173497	-0.17278	-0.179453	-0.199725	-0.211226	-0.198478	-0.16521	-0.123595	-0.0850208	-0.071885	-0.0789834	-0.0915373	-0.101106	-0.0978247	-0.0849984	-0.0636412	-0.0393236	-0.00435729	0.0442994	0.10707	0.172332	
0.0477429	0.0309344	0.0412559	0.0692029	0.0848801	0.0873944	0.077768	0.0519553	0.0314905	0.038892	0.0633336	0.0946523	0.127138	0.130457	0.111826	0.0845049	0.0612105	0.0564309	0.0679632	0.0874885	0.102593	0.117169	0.13402	0.166162	0.215807	
0.249694	0.240559	0.25351	0.284969	0.301721	0.303219	0.294586	0.265114	0.242527	0.244287	0.260583	0.286045	0.310597	0.312031	0.286874	0.255408	0.223031	0.208815	0.217316	0.22518	0.226803	0.214112	0.205331	0.221246	0.259979	
0.401774	0.39844	0.414078	0.443722	0.461624	0.463069	0.453811	0.425404	0.401829	0.399359	0.407559	0.425843	0.443117	0.443835	0.423134	0.396042	0.364205	0.34747	0.345293	0.336202	0.314363	0.281319	0.25832	0.266042	0.304486	
0.497875	0.501923	0.519621	0.546387	0.564442	0.566399	0.556316	0.530362	0.507451	0.498515	0.497906	0.506073	0.515042	0.514982	0.502748	0.48576	0.462214	0.445314	0.431262	0.407179	0.367517	0.323185	0.291998	0.296682	0.328127	
0.538458	0.548384	0.56403	0.584764	0.599165	0.601229	0.592215	0.572388	0.554131	0.541336	0.534679	0.533614	0.53486	0.535212	0.531633	0.526322	0.512092	0.495751	0.477072	0.445562	0.398906	0.343773	0.303512	0.297027	0.314079	
0.532246	0.544378	0.555236	0.566106	0.575598	0.575709	0.570937	0.559236	0.548646	0.536904	0.526644	0.517575	0.511296	0.510184	0.513085	0.518441	0.516619	0.509906	0.493163	0.460814	0.408457	0.344268	0.290534	0.261027	0.261426	
0.49525	0.504972	0.509251	0.511725	0.513905	0.513542	0.512702	0.509785	0.507456	0.499309	0.48785	0.470427	0.456035	0.44938	0.456895	0.475632	0.492115	0.499266	0.485889	0.453504	0.394301	0.320469	0.253386	0.208045	0.197964	
0.440167	0.447652	0.444348	0.439665	0.435524	0.433755	0.43828	0.442133	0.447612	0.444162	0.431648	0.406848	0.383664	0.373676	0.386796	0.422823	0.457515	0.475659	0.463602	0.421719	0.356242	0.276296	0.207143	0.157408	0.137869	
0.381538	0.388014	0.381599	0.372528	0.363548	0.361093	0.369198	0.378177	0.386528	0.386136	0.36925	0.337157	0.307794	0.296272	0.318179	0.369152	0.418974	0.44458	0.428241	0.376269	0.305828	0.232087	0.167536	0.113152	0.0839297	
0.330378	0.335501	0.326566	0.314555	0.301913	0.297751	0.309921	0.321574	0.332991	0.335089	0.315945	0.282126	0.250272	0.240678	0.268219	0.329112	0.386186	0.411763	0.39191	0.336059	0.267565	0.199085	0.133782	0.0800799	0.0427909	
0.298417	0.303131	0.294199	0.281814	0.267023	0.26293	0.275737	0.289148	0.300214	0.303581	0.283078	0.248334	0.216703	0.208058	0.23847	0.302093	0.360855	0.387752	0.369099	0.312718	0.246848	0.182393	0.115803	0.0549873	0.00870104	
0.29246	0.297833	0.288759	0.276282	0.261429	0.257026	0.270239	0.283823	0.294669	0.298187	0.277253	0.242321	0.21084	0.2023	0.233278	0.297016	0.356126	0.383151	0.365037	0.308557	0.243715	0.180397	0.112799	0.050033	0.000933953	
0.314907	0.319539	0.310306	0.29794	0.283899	0.279745	0.292404	0.305348	0.316734	0.319611	0.299752	0.265389	0.233801	0.224726	0.254269	0.316873	0.375057	0.400593	0.380223	0.324639	0.25734	0.190889	0.12452	0.0684208	0.0280974	
0.359479	0.365624	0.357792	0.347463	0.336961	0.333483	0.343654	0.353698	0.363549	0.364225	0.346168	0.312927	0.281717	0.27149	0.295608	0.351537	0.404877	0.430802	0.413456	0.358162	0.288393	0.216972	0.153282	0.0994087	0.0658903	
0.416671	0.423677	0.418759	0.412584	0.406223	0.404421	0.410045	0.416276	0.422822	0.420794	0.406915	0.378393	0.352598	0.340846	0.357611	0.400003	0.441574	0.463831	0.449778	0.404356	0.33604	0.257861	0.190124	0.137531	0.115213	
0.474476	0.483068	0.483754	0.482909	0.482501	0.48124	0.482992	0.482927	0.484437	0.478495	0.466976	0.446892	0.428717	0.42063	0.42989	0.455377	0.479678	0.490994	0.479271	0.443655	0.382284	0.304347	0.23438	0.187852	0.173722	
0.520682	0.532066	0.540765	0.547861	0.554431	0.554412	0.551222	0.543211	0.535953	0.525166	0.513888	0.501055	0.49161	0.488851	0.493865	0.504281	0.508968	0.508217	0.492706	0.460666	0.405254	0.337629	0.278665	0.239958	0.235145	
0.540666	0.552307	0.566062	0.58293	0.595388	0.596755	0.589392	0.572581	0.557545	0.544499	0.536206	0.531818	0.530148	0.530298	0.529842	0.529117	0.518848	0.504697	0.485757	0.45405	0.405939	0.346925	0.30135	0.286568	0.297196	
0.52057	0.52696	0.544948	0.569848	0.586979	0.589395	0.578787	0.554886	0.53294	0.52224	0.518581	0.523062	0.528847	0.528523	0.520118	0.50751	0.487873	0.47066	0.453728	0.425655	0.382197	0.333706	0.299417	0.301059	0.327179	
0.446941	0.446271	0.463166	0.491668	0.510328	0.511721	0.502072	0.474067	0.450486	0.445921	0.450333	0.46542	0.478851	0.479533	0.461615	0.438007	0.409172	0.392344	0.385931	0.369095	0.339069	0.301054	0.274666	0.281074	0.3171	
0.317101	0.310285	0.323971	0.355146	0.371917	0.373607	0.364764	0.335725	0.312691	0.312715	0.326195	0.348722	0.370948	0.371501	0.347575	0.317325	0.283449	0.26778	0.271855	0.274513	0.266948	0.24424	0.228294	0.240194	0.279797	
0.134037	0.120556	0.132014	0.162122	0.178269	0.180337	0.17128	0.14356	0.121611	0.126699	0.147081	0.176003	0.204904	0.207331	0.184735	0.154128	0.12693	0.11726	0.129256	0.143871	0.155538	0.159741	0.165073	0.189478	0.232269	
-0.0912293	-0.111985	-0.105781	-0.082864	-0.0677604	-0.0663011	-0.0744205	-0.0972432	-0.11293	-0.101924	-0.071615	-0.0348284	0.00176249	0.0100545	-0.00175034	-0.0206658	-0.0363565	-0.0354029	-0.0237329	-0.00210769	0.0177923	0.0452952	0.0813978	0.130766	0.190414	
-0.329186	-0.352486	-0.35379	-0.339373	-0.327173	-0.326743	-0.332604	-0.349313	-0.355312	-0.341468	-0.304031	-0.256868	-0.215182	-0.195814	-0.196218	-0.200068	-0.200792	-0.193419	-0.17873	-0.156102	-0.123886	-0.0760744	-0.00997013	0.0699594	0.14214	
-0.539754	-0.565579	-0.5706	-0.564156	-0.554212	-0.552835	-0.559832	-0.569234	-0.569291	-0.553607	-0.511823	-0.45786	-0.411004	-0.385378	-0.376859	-0.374003	-0.366733	-0.350227	-0.331406	-0.301186	-0.254331	-0.182811	-0.0930632	0.00170098	0.0792482	
-0.693447	-0.724081	-0.73629	-0.738451	-0.730849	-0.730534	-0.735216	-0.738651	-0.730231	-0.709174	-0.66155	-0.60157	-0.55609	-0.530311	-0.521229	-0.514521	-0.505339	-0.482612	-0.455574	-0.413738	-0.351137	-0.265153	-0.160425	-0.0610609	0.0142913	
-0.768382	-0.806241	-0.831253	-0.845684	-0.848472	-0.849936	-0.847148	-0.838566	-0.816843	-0.786192	-0.73548	-0.676465	-0.636989	-0.616153	-0.610361	-0.598802	-0.582903	-0.555788	-0.524293	-0.482104	-0.412965	-0.321739	-0.21341	-0.120181	-0.0584123	
-0.756192	-0.798771	-0.838458	-0.869649	-0.890726	-0.895634	-0.879296	-0.852353	-0.814938	-0.773793	-0.727862	-0.681285	-0.651349	-0.635808	-0.631531	-0.617379	-0.597697	-0.5729	-0.54425	-0.51262	-0.451713	-0.36712	-0.265212	-0.18197	-0.13149	
-0.671963	-0.713661	-0.758441	-0.798804	-0.834768	-0.841253	-0.815226	-0.775112	-0.731569	-0.688134	-0.651487	-0.627694	-0.606497	-0.601758	-0.598047	-0.583929	-0.569731	-0.554329	-0.539828	-0.517297	-0.474875	-0.405319	-0.319792	-0.246134	-0.205011	
-0.551661	-0.591315	-0.632316	-0.670617	-0.706621	-0.715428	-0.685887	-0.647893	-0.608483	-0.565242	-0.538692	-0.525058	-0.51293	-0.513505	-0.515065	-0.504852	-0.494407	-0.495981	-0.50063	-0.497619	-0.477868	-0.425723	-0.363026	-0.302573	-0.266067	
-0.423105	-0.460526	-0.496419	-0.528393	-0.559428	-0.567589	-0.541043	-0.509457	-0.475893	-0.435454	-0.412184	-0.401243	-0.390306	-0.389236	-0.391558	-0.384909	-0.383858	-0.401621	-0.427805	-0.450134	-0.457917	-0.429755	-0.385857	-0.333896	-0.30094	
