-0.398055	-0.328079	-0.227526	-0.0958882	0.0699613	0.253043	0.43942	0.612766	0.741079	0.808994	0.830876	0.81911	0.788367	0.776017	0.78952	0.803177	0.792477	0.750221	0.679571	0.575522	0.446107	0.30817	0.1674	0.0279006	-0.0980826	
-0.543188	-0.482269	-0.390322	-0.263869	-0.105713	0.079205	0.28274	0.477768	0.637349	0.745644	0.80743	0.832851	0.840463	0.849868	0.86856	0.878579	0.861186	0.807967	0.717811	0.594908	0.448987	0.299601	0.15616	0.0133889	-0.110907	
-0.647185	-0.599012	-0.528611	-0.423173	-0.27998	-0.0978831	0.109525	0.31392	0.487301	0.625705	0.729398	0.799842	0.850457	0.895473	0.929902	0.938644	0.917134	0.85552	0.754888	0.619029	0.466574	0.314986	0.162991	0.0172882	-0.101163	
-0.719309	-0.680932	-0.633813	-0.558666	-0.441342	-0.277757	-0.0800247	0.118886	0.297396	0.454914	0.593145	0.71124	0.809529	0.89269	0.95531	0.976083	0.956247	0.896832	0.792117	0.652531	0.497249	0.340789	0.182005	0.0336093	-0.0690364	
-0.767387	-0.742356	-0.712206	-0.665232	-0.581282	-0.444708	-0.273856	-0.0899354	0.0898376	0.261304	0.425945	0.583123	0.723613	0.84313	0.939517	0.988037	0.982089	0.927646	0.824436	0.682017	0.521945	0.35934	0.199718	0.063121	-0.0179231	
-0.791806	-0.785711	-0.775372	-0.74848	-0.691515	-0.586247	-0.445027	-0.280872	-0.105634	0.0722731	0.24895	0.429526	0.599268	0.747245	0.876495	0.961758	0.981113	0.937499	0.838329	0.697694	0.534696	0.370412	0.221149	0.107672	0.0500999	
-0.799494	-0.809288	-0.811767	-0.797776	-0.756869	-0.678104	-0.568037	-0.432446	-0.271998	-0.101613	0.0740027	0.265443	0.454663	0.627684	0.7822	0.896242	0.942286	0.913406	0.821595	0.686776	0.527646	0.367821	0.235566	0.149122	0.115046	
-0.793357	-0.812621	-0.823583	-0.817222	-0.787457	-0.727456	-0.646445	-0.541848	-0.406193	-0.247127	-0.0715283	0.122095	0.32425	0.513661	0.6785	0.801632	0.860906	0.851187	0.773395	0.650028	0.504487	0.355066	0.23938	0.175496	0.166027	
-0.771223	-0.808409	-0.818827	-0.815998	-0.796976	-0.754055	-0.6925	-0.613583	-0.503048	-0.358508	-0.182644	0.0151637	0.216346	0.411823	0.574852	0.689697	0.754791	0.761805	0.703561	0.594623	0.464881	0.332565	0.228558	0.18352	0.201299	
-0.7281	-0.77705	-0.798611	-0.804224	-0.797568	-0.773999	-0.729306	-0.663714	-0.569362	-0.438239	-0.264923	-0.0696606	0.127294	0.315202	0.471084	0.574899	0.63862	0.65821	0.613054	0.515929	0.403092	0.291369	0.205685	0.180913	0.230768	
-0.66766	-0.721452	-0.763602	-0.78888	-0.79478	-0.784282	-0.752169	-0.697958	-0.611528	-0.489525	-0.327023	-0.140071	0.0474093	0.226804	0.374166	0.470915	0.530394	0.546854	0.503298	0.40865	0.309443	0.221599	0.162604	0.169828	0.256123	
-0.598453	-0.654455	-0.710638	-0.759575	-0.784969	-0.784102	-0.760217	-0.718532	-0.643676	-0.530987	-0.379037	-0.204168	-0.0245545	0.145794	0.287137	0.381713	0.436288	0.440624	0.388182	0.294757	0.202911	0.137536	0.109366	0.154217	0.278707	
-0.518337	-0.580258	-0.646207	-0.7058	-0.751872	-0.769372	-0.758998	-0.734219	-0.672903	-0.567978	-0.423855	-0.254342	-0.0772782	0.0877101	0.224285	0.320001	0.370015	0.361938	0.29727	0.200969	0.10985	0.0517559	0.0497253	0.126105	0.283333	
-0.443101	-0.504388	-0.576447	-0.644335	-0.704855	-0.743095	-0.759573	-0.749373	-0.700667	-0.595096	-0.449056	-0.280442	-0.0998179	0.0643149	0.199725	0.297165	0.345537	0.329564	0.256878	0.154048	0.0525781	-0.010605	-0.00495962	0.0886383	0.263202	
-0.387764	-0.443648	-0.516816	-0.595069	-0.667371	-0.721432	-0.751438	-0.753709	-0.711682	-0.605278	-0.457011	-0.287721	-0.109452	0.0554467	0.19678	0.299521	0.353039	0.340016	0.269283	0.162287	0.0476261	-0.0272061	-0.030001	0.0587835	0.226021	
-0.343413	-0.401424	-0.476099	-0.555064	-0.635836	-0.701512	-0.736626	-0.741073	-0.700193	-0.600031	-0.4562	-0.289485	-0.115328	0.0495862	0.199748	0.312217	0.372096	0.36855	0.305985	0.196149	0.0751865	-0.0117602	-0.0285731	0.0392438	0.179735	
-0.28366	-0.356075	-0.438768	-0.521589	-0.605346	-0.676751	-0.715351	-0.720849	-0.677032	-0.58922	-0.460608	-0.303565	-0.136949	0.0305037	0.188034	0.317153	0.38795	0.402276	0.352238	0.246844	0.125604	0.0310062	-0.00291228	0.0328497	0.139183	
-0.200645	-0.283595	-0.37204	-0.472875	-0.571333	-0.64615	-0.694716	-0.704875	-0.664216	-0.58731	-0.474752	-0.329928	-0.168897	0.0027934	0.172107	0.320242	0.414881	0.449978	0.41639	0.318944	0.198569	0.0964214	0.0386198	0.0406218	0.106474	
-0.0978349	-0.181092	-0.273126	-0.386821	-0.506363	-0.60055	-0.659929	-0.678926	-0.649645	-0.584672	-0.490883	-0.360753	-0.203536	-0.02843	0.154985	0.325872	0.453569	0.513295	0.496088	0.405771	0.286403	0.169264	0.0844129	0.0539954	0.077981	
0.0113366	-0.064913	-0.160663	-0.28319	-0.417168	-0.531978	-0.60567	-0.634677	-0.618737	-0.567287	-0.491182	-0.381011	-0.230534	-0.0554879	0.136186	0.325277	0.483857	0.567185	0.564038	0.483909	0.366752	0.236458	0.126582	0.0696609	0.0551268	
0.108045	0.0459319	-0.0494386	-0.177057	-0.317648	-0.443705	-0.525078	-0.568229	-0.565044	-0.529067	-0.468776	-0.38056	-0.246499	-0.0793777	0.109251	0.302481	0.478221	0.580432	0.58914	0.529094	0.418741	0.28698	0.161731	0.0827785	0.0380759	
0.179635	0.135119	0.0539887	-0.0618111	-0.200835	-0.328477	-0.415089	-0.467344	-0.483854	-0.466618	-0.427649	-0.362103	-0.255471	-0.107266	0.0649318	0.248385	0.426217	0.53949	0.568266	0.531795	0.441629	0.317815	0.189417	0.0933139	0.0208726	
0.235077	0.214406	0.152181	0.0561512	-0.065289	-0.184008	-0.273686	-0.331982	-0.366029	-0.371991	-0.357218	-0.323561	-0.253318	-0.139152	0.000868893	0.164536	0.327764	0.449149	0.503304	0.495126	0.434061	0.328725	0.20992	0.101768	0.00795195	
0.271095	0.276963	0.244564	0.176492	0.0843992	-0.0083999	-0.0929317	-0.156107	-0.206289	-0.239139	-0.255989	-0.263479	-0.237277	-0.172005	-0.0725459	0.0589563	0.196117	0.316084	0.390846	0.407568	0.374959	0.297462	0.200822	0.0973072	-0.00323491	
0.275101	0.304301	0.307815	0.278666	0.227924	0.169326	0.10946	0.0471913	-0.0173351	-0.0771746	-0.136924	-0.188309	-0.21275	-0.204543	-0.149766	-0.060453	0.0450978	0.152801	0.236251	0.273387	0.263654	0.222923	0.159785	0.0795349	-0.00497457	
0.250713	0.29892	0.33276	0.348913	0.347922	0.332833	0.303946	0.248758	0.176329	0.093357	-0.00629606	-0.0969043	-0.169618	-0.212958	-0.208927	-0.166549	-0.0995347	-0.0187525	0.0597612	0.103822	0.114244	0.109328	0.0851226	0.0438131	-0.00773358	
0.209776	0.272116	0.33412	0.393603	0.439537	0.471567	0.475967	0.431712	0.360781	0.254663	0.128363	0.000445754	-0.114288	-0.202757	-0.252581	-0.257004	-0.228952	-0.177427	-0.111724	-0.0644775	-0.0354557	-0.0110525	-0.0014919	-0.0032637	-0.0182324	
0.174782	0.245164	0.330648	0.422287	0.506395	0.576467	0.613052	0.589499	0.520446	0.403671	0.256564	0.0970205	-0.0553881	-0.189037	-0.290534	-0.341259	-0.345972	-0.316503	-0.262342	-0.20948	-0.159521	-0.11696	-0.0833526	-0.0551861	-0.0403109	
0.164591	0.238693	0.331957	0.438271	0.55035	0.643241	0.70387	0.704203	0.640937	0.526594	0.366518	0.183747	-0.00156222	-0.177441	-0.325084	-0.418957	-0.44888	-0.432862	-0.388085	-0.323801	-0.256775	-0.201818	-0.154249	-0.107278	-0.067065	
0.167026	0.23909	0.332609	0.446791	0.567669	0.677607	0.751503	0.770776	0.714964	0.601306	0.436166	0.235546	0.026922	-0.177437	-0.357231	-0.477553	-0.520874	-0.509994	-0.466715	-0.39294	-0.313056	-0.251352	-0.19846	-0.140844	-0.0868775	
0.166868	0.238789	0.333373	0.448194	0.568241	0.682281	0.758404	0.780892	0.728185	0.61265	0.448903	0.244168	0.0311785	-0.177973	-0.364081	-0.489128	-0.534081	-0.524179	-0.480545	-0.404082	-0.322494	-0.258436	-0.205718	-0.145917	-0.0899118	
0.165335	0.239349	0.332488	0.44338	0.560137	0.661495	0.72825	0.737478	0.677081	0.563093	0.400841	0.209299	0.0134907	-0.176011	-0.339194	-0.445699	-0.482681	-0.469937	-0.426228	-0.358331	-0.284873	-0.227105	-0.176722	-0.123805	-0.0773364	
0.168183	0.239976	0.329702	0.429744	0.527512	0.606913	0.654943	0.640675	0.573654	0.457138	0.303268	0.134178	-0.0324698	-0.183734	-0.30457	-0.373791	-0.389258	-0.366214	-0.316579	-0.258806	-0.201787	-0.153543	-0.113055	-0.076505	-0.0505098	
0.192878	0.259936	0.332853	0.407342	0.469066	0.518111	0.536068	0.499597	0.428396	0.316519	0.180963	0.0394317	-0.0906273	-0.197446	-0.268261	-0.291116	-0.277238	-0.235588	-0.174812	-0.126244	-0.0884827	-0.0562855	-0.0353105	-0.0238987	-0.0259071	
0.234999	0.28964	0.335703	0.368758	0.387496	0.392044	0.375717	0.324096	0.251931	0.158677	0.0479278	-0.0582392	-0.148434	-0.210083	-0.227709	-0.204138	-0.153136	-0.084611	-0.0107716	0.0347299	0.0521081	0.0606711	0.0506461	0.0259753	-0.010369	
0.268937	0.305212	0.321236	0.310427	0.279601	0.237082	0.189307	0.129589	0.0605909	-0.00817464	-0.0859283	-0.153412	-0.197837	-0.211625	-0.176266	-0.105327	-0.0148881	0.0839893	0.167054	0.208122	0.207152	0.180922	0.133439	0.0673581	-0.00564782	
0.276382	0.292777	0.275509	0.221055	0.144014	0.0632669	-0.0128424	-0.0772627	-0.133122	-0.177162	-0.210173	-0.234595	-0.228768	-0.185684	-0.103516	0.0114079	0.136894	0.253144	0.333081	0.359294	0.335835	0.273214	0.188351	0.0918957	-0.00478492	
0.252176	0.243194	0.190611	0.10466	-0.00630204	-0.115813	-0.204976	-0.265875	-0.306816	-0.323014	-0.319667	-0.302085	-0.248358	-0.152316	-0.027744	0.124505	0.278298	0.400421	0.464224	0.466193	0.417399	0.321833	0.210377	0.10184	0.00251774	
0.203822	0.16731	0.0930425	-0.0152738	-0.148973	-0.274813	-0.363697	-0.418262	-0.441941	-0.433303	-0.403546	-0.349456	-0.256451	-0.119544	0.0410106	0.217806	0.391863	0.508725	0.547699	0.522531	0.44346	0.32605	0.199939	0.0978996	0.015707	
0.139355	0.084317	-0.00694637	-0.131201	-0.273128	-0.400786	-0.484231	-0.531441	-0.536126	-0.506867	-0.45479	-0.375523	-0.250672	-0.0900008	0.093858	0.284887	0.463041	0.570641	0.585691	0.534542	0.430852	0.300346	0.172999	0.0864459	0.0308163	
0.052382	-0.0187526	-0.115393	-0.241759	-0.379239	-0.499582	-0.57707	-0.611886	-0.600228	-0.55492	-0.484674	-0.383205	-0.238366	-0.0648636	0.126542	0.319315	0.487229	0.578428	0.580341	0.507297	0.391753	0.259836	0.14179	0.0758841	0.048341	
-0.0535938	-0.135038	-0.229241	-0.345683	-0.47222	-0.575309	-0.640752	-0.663249	-0.639458	-0.579343	-0.493635	-0.37085	-0.21534	-0.0400097	0.148093	0.327196	0.468362	0.53786	0.526701	0.439291	0.321012	0.197252	0.101742	0.0600368	0.067694	
-0.161659	-0.245323	-0.334849	-0.442744	-0.54907	-0.630546	-0.683492	-0.69644	-0.659854	-0.587508	-0.482162	-0.342527	-0.182865	-0.00949759	0.165618	0.322436	0.429679	0.474191	0.447213	0.352811	0.232738	0.125749	0.0569772	0.0456114	0.0947917	
-0.253483	-0.331263	-0.41698	-0.50612	-0.593742	-0.666339	-0.706944	-0.71427	-0.670592	-0.587489	-0.465588	-0.313181	-0.14939	0.0195865	0.18151	0.317906	0.396498	0.419171	0.375263	0.273235	0.152422	0.0555307	0.0129087	0.0349713	0.125556	
-0.321642	-0.385255	-0.462257	-0.54101	-0.623507	-0.691843	-0.728678	-0.732996	-0.690955	-0.595473	-0.456331	-0.293032	-0.121788	0.0441005	0.196953	0.315339	0.378544	0.380666	0.323067	0.213748	0.0919982	0.00194396	-0.0214245	0.0349251	0.162208	
-0.371031	-0.425083	-0.498567	-0.577789	-0.654609	-0.71362	-0.745867	-0.750234	-0.709677	-0.604322	-0.457056	-0.288336	-0.111016	0.0532062	0.198749	0.304697	0.360489	0.35095	0.282662	0.174364	0.055861	-0.0246152	-0.0321473	0.0493087	0.207662	
-0.418248	-0.477639	-0.550192	-0.623335	-0.688525	-0.734168	-0.758008	-0.753109	-0.708149	-0.601403	-0.454367	-0.284807	-0.104933	0.059915	0.196402	0.295893	0.3458	0.32958	0.257347	0.152365	0.0454164	-0.0219537	-0.0185384	0.075723	0.250061	
-0.485932	-0.549586	-0.618292	-0.680497	-0.733208	-0.759113	-0.758914	-0.7403	-0.684572	-0.580398	-0.436487	-0.26727	-0.0893925	0.075281	0.210549	0.306861	0.355512	0.342707	0.274086	0.174657	0.0807284	0.0216106	0.0249781	0.110787	0.277498	
-0.567899	-0.625067	-0.685731	-0.740991	-0.775157	-0.78055	-0.760343	-0.724984	-0.655888	-0.546546	-0.398241	-0.227451	-0.0490267	0.118152	0.257891	0.352458	0.405124	0.404652	0.346869	0.25339	0.163025	0.103063	0.0866208	0.145155	0.284122	
-0.641114	-0.695842	-0.744766	-0.779727	-0.792359	-0.785642	-0.756486	-0.707452	-0.624631	-0.505758	-0.349112	-0.166412	0.0170788	0.193242	0.337986	0.432744	0.491006	0.502893	0.456394	0.362181	0.266653	0.188945	0.142017	0.164202	0.266204	
