0.0103848	-0.0619456	-0.110216	-0.14588	-0.196358	-0.274769	-0.365288	-0.455437	-0.53119	-0.582048	-0.588819	-0.53205	-0.416675	-0.255308	-0.0726953	0.121627	0.316934	0.496422	0.635398	0.709321	0.70413	0.632697	0.510458	0.375844	0.242677	
-0.0619456	-0.125728	-0.159588	-0.177418	-0.20852	-0.269442	-0.351398	-0.441632	-0.523264	-0.584916	-0.611151	-0.576552	-0.479441	-0.331068	-0.152322	0.0405141	0.239937	0.429781	0.588017	0.686486	0.708926	0.657187	0.549939	0.41708	0.28294	
-0.110216	-0.159588	-0.181589	-0.188453	-0.205299	-0.252282	-0.327364	-0.420938	-0.506418	-0.581631	-0.625245	-0.611983	-0.53781	-0.401821	-0.231958	-0.0412167	0.159479	0.356027	0.529565	0.650207	0.697265	0.667857	0.574423	0.447549	0.311479	
-0.14588	-0.177418	-0.188453	-0.186447	-0.192435	-0.224131	-0.294332	-0.385617	-0.475702	-0.5633	-0.619421	-0.631835	-0.57849	-0.461343	-0.303469	-0.118131	0.0794002	0.278485	0.463319	0.600632	0.672115	0.662671	0.58587	0.465712	0.329418	
-0.196358	-0.20852	-0.205299	-0.192435	-0.180748	-0.195835	-0.2529	-0.335898	-0.430803	-0.523191	-0.594837	-0.629373	-0.598899	-0.504454	-0.360245	-0.18377	0.00804386	0.20801	0.399014	0.551214	0.644305	0.653887	0.596078	0.481583	0.349353	
-0.274769	-0.269442	-0.252282	-0.224131	-0.195835	-0.189795	-0.225852	-0.29763	-0.386079	-0.478944	-0.558363	-0.607314	-0.597154	-0.522195	-0.391846	-0.225049	-0.0396177	0.159008	0.351414	0.517085	0.624654	0.655892	0.611685	0.507863	0.376244	
-0.365288	-0.351398	-0.327364	-0.294332	-0.2529	-0.225852	-0.241545	-0.291432	-0.367954	-0.452628	-0.529994	-0.586782	-0.589493	-0.530552	-0.411427	-0.253173	-0.0711824	0.12425	0.320995	0.495186	0.620132	0.669699	0.642975	0.54975	0.421979	
-0.455437	-0.441632	-0.420938	-0.385617	-0.335898	-0.29763	-0.291432	-0.323818	-0.389195	-0.462502	-0.537992	-0.596204	-0.60776	-0.559766	-0.448438	-0.292998	-0.112447	0.0865939	0.287274	0.474422	0.615914	0.686928	0.679562	0.600067	0.479366	
-0.53119	-0.523264	-0.506418	-0.475702	-0.430803	-0.386079	-0.367954	-0.389195	-0.442689	-0.508841	-0.580559	-0.638232	-0.65713	-0.618895	-0.513611	-0.363072	-0.180407	0.0204006	0.22703	0.42648	0.583753	0.678474	0.690075	0.62924	0.516477	
-0.582048	-0.584916	-0.581631	-0.5633	-0.523191	-0.478944	-0.452628	-0.462502	-0.508841	-0.570249	-0.640934	-0.701426	-0.730725	-0.703293	-0.609819	-0.464629	-0.283169	-0.0820356	0.130861	0.33851	0.513405	0.627928	0.661875	0.618736	0.517742	
-0.588819	-0.611151	-0.625245	-0.619421	-0.594837	-0.558363	-0.529994	-0.537992	-0.580559	-0.640934	-0.713033	-0.777599	-0.815836	-0.801559	-0.719743	-0.58224	-0.405021	-0.203512	0.0104298	0.226127	0.412796	0.546491	0.599311	0.574582	0.484314	
-0.53205	-0.576552	-0.611983	-0.631835	-0.629373	-0.607314	-0.586782	-0.596204	-0.638232	-0.701426	-0.777599	-0.847572	-0.898808	-0.898818	-0.832417	-0.707493	-0.535759	-0.33984	-0.124983	0.0930978	0.290168	0.438732	0.509636	0.501392	0.423042	
-0.416675	-0.479441	-0.53781	-0.57849	-0.598899	-0.597154	-0.589493	-0.60776	-0.65713	-0.730725	-0.815836	-0.898808	-0.965334	-0.983027	-0.936863	-0.825164	-0.664817	-0.474596	-0.262902	-0.0444334	0.159847	0.320368	0.40713	0.414522	0.34689	
-0.255308	-0.331068	-0.401821	-0.461343	-0.504454	-0.522195	-0.530552	-0.559766	-0.618895	-0.703293	-0.801559	-0.898818	-0.983027	-1.0233	-0.998987	-0.907891	-0.762399	-0.583599	-0.379871	-0.165632	0.0407234	0.20824	0.307803	0.326751	0.269748	
-0.0726953	-0.152322	-0.231958	-0.303469	-0.360245	-0.391846	-0.411427	-0.448438	-0.513611	-0.609819	-0.719743	-0.832417	-0.936863	-0.998987	-1.00121	-0.932251	-0.805698	-0.641805	-0.449109	-0.24279	-0.0386604	0.132931	0.240533	0.269993	0.220554	
0.121627	0.0405141	-0.0412167	-0.118131	-0.18377	-0.225049	-0.253173	-0.292998	-0.363072	-0.464629	-0.58224	-0.707493	-0.825164	-0.907891	-0.932251	-0.884407	-0.776924	-0.627643	-0.447177	-0.251037	-0.0502341	0.120618	0.235507	0.271219	0.229168	
0.316934	0.239937	0.159479	0.0794002	0.00804386	-0.0396177	-0.0711824	-0.112447	-0.180407	-0.283169	-0.405021	-0.535759	-0.664817	-0.762399	-0.805698	-0.776924	-0.686136	-0.5499	-0.381735	-0.193075	0.00173638	0.174008	0.293286	0.336413	0.301086	
0.496422	0.429781	0.356027	0.278485	0.20801	0.159008	0.12425	0.0865939	0.0204006	-0.0820356	-0.203512	-0.33984	-0.474596	-0.583599	-0.641805	-0.627643	-0.5499	-0.424646	-0.263713	-0.0829058	0.110296	0.282633	0.408306	0.458735	0.430649	
0.635398	0.588017	0.529565	0.463319	0.399014	0.351414	0.320995	0.287274	0.22703	0.130861	0.0104298	-0.124983	-0.262902	-0.379871	-0.449109	-0.447177	-0.381735	-0.263713	-0.111896	0.0651629	0.25461	0.428772	0.560134	0.617539	0.598047	
0.709321	0.686486	0.650207	0.600632	0.551214	0.517085	0.495186	0.474422	0.42648	0.33851	0.226127	0.0930978	-0.0444334	-0.165632	-0.24279	-0.251037	-0.193075	-0.0829058	0.0651629	0.237931	0.426496	0.603214	0.73986	0.806245	0.793937	
0.70413	0.708926	0.697265	0.672115	0.644305	0.624654	0.620132	0.615914	0.583753	0.513405	0.412796	0.290168	0.159847	0.0407234	-0.0386604	-0.0502341	0.00173638	0.110296	0.25461	0.426496	0.61516	0.793984	0.937826	1.0108	1.00797	
0.632697	0.657187	0.667857	0.662671	0.653887	0.655892	0.669699	0.686928	0.678474	0.627928	0.546491	0.438732	0.320368	0.20824	0.132931	0.120618	0.174008	0.282633	0.428772	0.603214	0.793984	0.979597	1.12971	1.21371	1.21899	
0.510458	0.549939	0.574423	0.58587	0.596078	0.611685	0.642975	0.679562	0.690075	0.661875	0.599311	0.509636	0.40713	0.307803	0.240533	0.235507	0.293286	0.408306	0.560134	0.73986	0.937826	1.12971	1.2908	1.38401	1.40102	
0.375844	0.41708	0.447549	0.465712	0.481583	0.507863	0.54975	0.600067	0.62924	0.618736	0.574582	0.501392	0.414522	0.326751	0.269993	0.271219	0.336413	0.458735	0.617539	0.806245	1.0108	1.21371	1.38401	1.49051	1.51766	
0.242677	0.28294	0.311479	0.329418	0.349353	0.376244	0.421979	0.479366	0.516477	0.517742	0.484314	0.423042	0.34689	0.269748	0.220554	0.229168	0.301086	0.430649	0.598047	0.793937	1.00797	1.21899	1.40102	1.51766	1.55687	
0.136901	0.168859	0.191217	0.204441	0.217346	0.24074	0.283763	0.340775	0.381909	0.387974	0.361114	0.305477	0.236347	0.163598	0.118992	0.13034	0.205396	0.339721	0.511296	0.71384	0.932906	1.15236	1.34178	1.46899	1.51641	
0.054153	0.0798159	0.0949618	0.10027	0.108252	0.124487	0.1618	0.214955	0.253401	0.259236	0.231353	0.17691	0.107679	0.0360038	-0.00867125	0.00225563	0.0782165	0.213466	0.388099	0.593238	0.816631	1.04032	1.23639	1.3697	1.42497	
0.00128013	0.0196602	0.027435	0.026704	0.0262895	0.0350374	0.0649023	0.112133	0.146418	0.148897	0.119549	0.062116	-0.00793697	-0.082095	-0.129283	-0.120803	-0.0477026	0.0865932	0.260315	0.465951	0.690003	0.916014	1.11467	1.25272	1.31141	
-0.0325707	-0.0184785	-0.0150916	-0.0218606	-0.0273492	-0.0243066	0.000429754	0.042281	0.0726367	0.0718944	0.0378384	-0.0219378	-0.096223	-0.173686	-0.224077	-0.219872	-0.149231	-0.0174991	0.154734	0.359797	0.583323	0.81006	1.01025	1.15004	1.21189	
-0.0483109	-0.0367038	-0.0367914	-0.0458084	-0.0541708	-0.0548923	-0.0345491	0.00457764	0.0312778	0.0275393	-0.00767929	-0.0707993	-0.146199	-0.225669	-0.278765	-0.276124	-0.208102	-0.0781241	0.0931057	0.296397	0.519869	0.745823	0.946395	1.08712	1.14932	
-0.0507071	-0.0398531	-0.0397323	-0.0497379	-0.0598536	-0.0608239	-0.0400064	-0.00225919	0.0252981	0.0217107	-0.0150492	-0.0774337	-0.154228	-0.234658	-0.287787	-0.286746	-0.218917	-0.0892142	0.0809078	0.285125	0.507351	0.734222	0.934417	1.07539	1.13818	
-0.0409836	-0.0278263	-0.0264702	-0.0341268	-0.0401921	-0.0392021	-0.0171819	0.0238927	0.051591	0.0490801	0.0149433	-0.0470617	-0.121376	-0.19949	-0.251378	-0.247331	-0.177955	-0.047173	0.125228	0.328721	0.553042	0.778753	0.979574	1.11964	1.18162	
-0.0141286	0.0019809	0.00803273	0.00454894	0.000482227	0.0070965	0.0353192	0.0796331	0.113418	0.114678	0.0830534	0.0252765	-0.0468765	-0.12273	-0.170922	-0.164922	-0.0927252	0.040629	0.213177	0.419471	0.642534	0.869784	1.0687	1.20801	1.26814	
0.0293525	0.0524281	0.0642018	0.0672807	0.072944	0.0857256	0.119581	0.171067	0.206801	0.211277	0.1833	0.127317	0.0585294	-0.0135822	-0.0592213	-0.0484641	0.0265785	0.161524	0.336793	0.541484	0.766422	0.99037	1.18845	1.32344	1.38055	
0.101143	0.130199	0.149836	0.159976	0.169308	0.190733	0.232171	0.287507	0.329381	0.335585	0.308882	0.254558	0.185699	0.113464	0.0695394	0.0803555	0.156262	0.29128	0.463885	0.668543	0.888758	1.11116	1.30282	1.43346	1.48393	
0.196194	0.234194	0.260408	0.277318	0.296067	0.321424	0.36664	0.424915	0.463207	0.467143	0.436958	0.378387	0.306043	0.231559	0.184564	0.195241	0.268786	0.4006	0.570595	0.768769	0.986012	1.19982	1.38585	1.50637	1.54951	
0.321514	0.362606	0.393032	0.411787	0.428384	0.456693	0.501071	0.55497	0.589403	0.583876	0.545233	0.477383	0.39551	0.312018	0.258939	0.262699	0.331006	0.456207	0.618333	0.810473	1.01827	1.22529	1.39969	1.51111	1.54261	
0.456031	0.498348	0.525994	0.541678	0.555909	0.575808	0.612664	0.655331	0.673322	0.652842	0.597764	0.515254	0.419283	0.325136	0.26189	0.259759	0.32027	0.438256	0.592932	0.775879	0.976749	1.17253	1.33764	1.43575	1.45704	
0.588543	0.619716	0.636902	0.639006	0.637396	0.64637	0.667576	0.693323	0.693341	0.651426	0.578138	0.477079	0.365357	0.25744	0.185298	0.174845	0.229753	0.340212	0.488211	0.664415	0.857522	1.04563	1.1996	1.28751	1.29695	
0.681728	0.696645	0.694211	0.677983	0.6583	0.646691	0.650186	0.653672	0.630761	0.56758	0.473903	0.357093	0.23059	0.114225	0.0353724	0.0232495	0.074972	0.183266	0.327699	0.500413	0.68934	0.870903	1.01674	1.09429	1.09424	
0.716935	0.705022	0.678622	0.638224	0.596542	0.568015	0.552521	0.538231	0.495712	0.414183	0.305944	0.176032	0.0413616	-0.0804668	-0.158738	-0.169489	-0.114397	-0.00550785	0.140601	0.312546	0.500975	0.678114	0.817756	0.886449	0.878058	
0.673012	0.636288	0.585563	0.525274	0.466031	0.422797	0.395397	0.365486	0.309909	0.215343	0.0977449	-0.0372322	-0.176042	-0.294535	-0.368151	-0.370246	-0.308346	-0.193575	-0.0435087	0.131944	0.320555	0.496373	0.629068	0.691006	0.673436	
0.558566	0.498484	0.430102	0.355819	0.286647	0.237127	0.203977	0.167282	0.102533	0.00284786	-0.119137	-0.255076	-0.391055	-0.50427	-0.566707	-0.558321	-0.485809	-0.363578	-0.206939	-0.0275802	0.163822	0.336665	0.464939	0.517572	0.493524	
0.391407	0.318549	0.239393	0.159206	0.0879664	0.0395014	0.0061711	-0.0337415	-0.101342	-0.205358	-0.32665	-0.460563	-0.592315	-0.694348	-0.744788	-0.721501	-0.636467	-0.504775	-0.339365	-0.15423	0.0400547	0.212443	0.333906	0.380584	0.347247	
0.200502	0.120305	0.0390224	-0.0399463	-0.109048	-0.153314	-0.182422	-0.223858	-0.293084	-0.394988	-0.515358	-0.642164	-0.76518	-0.854621	-0.886703	-0.847673	-0.747157	-0.603415	-0.428808	-0.235235	-0.0377565	0.134136	0.25048	0.289101	0.24999	
0.00395886	-0.0762809	-0.157852	-0.232176	-0.291893	-0.327998	-0.351522	-0.389507	-0.458366	-0.557575	-0.670756	-0.789859	-0.899566	-0.970366	-0.982295	-0.921148	-0.802836	-0.644448	-0.456303	-0.254488	-0.0506617	0.120072	0.231489	0.263195	0.216941	
-0.183703	-0.261892	-0.336382	-0.402329	-0.4528	-0.475811	-0.48931	-0.522539	-0.583412	-0.673255	-0.776321	-0.879164	-0.972395	-1.0214	-1.00779	-0.926278	-0.787676	-0.61523	-0.415629	-0.203952	0.00126124	0.171678	0.274079	0.298282	0.244084	
-0.356537	-0.425209	-0.490062	-0.538028	-0.567379	-0.574559	-0.57282	-0.595976	-0.650475	-0.727861	-0.818416	-0.906967	-0.97962	-1.00619	-0.968217	-0.863509	-0.709136	-0.522026	-0.313376	-0.0959019	0.110105	0.273354	0.366445	0.377978	0.315436	
-0.491818	-0.544536	-0.589633	-0.619589	-0.6264	-0.610991	-0.595811	-0.607303	-0.651166	-0.718391	-0.796822	-0.87157	-0.928959	-0.93548	-0.87713	-0.75749	-0.589217	-0.396144	-0.181169	0.0368174	0.237732	0.39154	0.469031	0.467734	0.393415	
-0.574186	-0.605155	-0.627743	-0.630005	-0.614385	-0.583107	-0.556363	-0.565768	-0.607189	-0.668095	-0.741382	-0.80714	-0.849875	-0.841051	-0.764568	-0.631578	-0.456411	-0.256114	-0.0423518	0.175503	0.365851	0.506398	0.566172	0.54838	0.462602	
