0.397506	0.284728	0.170104	0.0644965	-0.00767491	-0.0214545	0.0304917	0.125303	0.23885	0.35321	0.460742	0.559504	0.640688	0.689665	0.695911	0.659398	0.583162	0.467937	0.333888	0.215877	0.121266	0.0708603	0.0766045	0.131033	0.22718	
0.349633	0.236781	0.121607	0.0117614	-0.0641797	-0.0774326	-0.0246169	0.0757023	0.191121	0.304985	0.41382	0.507986	0.584445	0.629389	0.638151	0.605438	0.52708	0.412144	0.293806	0.198057	0.135525	0.117092	0.148455	0.227269	0.337722	
0.295136	0.188904	0.0783217	-0.0249466	-0.0938199	-0.104891	-0.0583785	0.03486	0.145065	0.252795	0.357327	0.444483	0.509757	0.541983	0.53868	0.494076	0.409905	0.302477	0.205286	0.135782	0.109654	0.125956	0.18808	0.297052	0.431245	
0.253955	0.16028	0.0606496	-0.024147	-0.0754491	-0.0855388	-0.0488527	0.0239304	0.119589	0.218153	0.303869	0.371998	0.408296	0.418911	0.398453	0.339063	0.249958	0.16104	0.0909049	0.0587807	0.0727756	0.128549	0.228843	0.365811	0.520731	
0.223385	0.161826	0.0924216	0.0348451	-0.000484058	-0.00780681	0.0178887	0.0673008	0.133277	0.200789	0.251911	0.28067	0.277898	0.259351	0.222115	0.158584	0.0774946	0.00988512	-0.0247696	-0.0174963	0.040883	0.145113	0.285312	0.442085	0.595622	
0.202851	0.190791	0.163337	0.129889	0.102954	0.0970384	0.117802	0.149957	0.181164	0.200674	0.19882	0.174558	0.136869	0.0865955	0.0265922	-0.0365338	-0.0972013	-0.129448	-0.12117	-0.0715426	0.0298954	0.178719	0.34873	0.51828	0.662311	
0.187684	0.22621	0.239735	0.233061	0.215639	0.211773	0.226019	0.239272	0.234162	0.207288	0.146888	0.0703604	-0.00163901	-0.0776586	-0.155992	-0.219845	-0.260935	-0.252112	-0.196642	-0.104234	0.034508	0.210217	0.402085	0.581645	0.715447	
0.175691	0.260946	0.311941	0.333793	0.328875	0.326349	0.333894	0.32463	0.284919	0.215053	0.10544	-0.0187072	-0.1321	-0.237108	-0.325178	-0.381432	-0.39968	-0.359624	-0.263499	-0.131793	0.0390197	0.239356	0.441251	0.617571	0.742172	
0.149953	0.281854	0.366252	0.412598	0.42087	0.418372	0.419803	0.389723	0.31987	0.209076	0.0537041	-0.10869	-0.258096	-0.389302	-0.481874	-0.525439	-0.513128	-0.44198	-0.315677	-0.148644	0.0528158	0.274883	0.476324	0.638956	0.751269	
0.11255	0.278462	0.39068	0.457273	0.481833	0.483612	0.471481	0.422218	0.329716	0.184793	-0.00240719	-0.196669	-0.371106	-0.512973	-0.607515	-0.642824	-0.603805	-0.498766	-0.338901	-0.146147	0.0718007	0.299969	0.496687	0.651796	0.753651	
0.0803688	0.256495	0.387237	0.475266	0.518175	0.524262	0.497411	0.428107	0.314006	0.155326	-0.0391648	-0.248038	-0.437203	-0.588558	-0.679087	-0.704277	-0.65029	-0.520647	-0.33723	-0.131114	0.0909573	0.304114	0.484723	0.63354	0.730564	
0.0583566	0.235719	0.382672	0.491175	0.550712	0.561018	0.521256	0.431396	0.29894	0.131098	-0.0551118	-0.256893	-0.444998	-0.595575	-0.68034	-0.69351	-0.625803	-0.493269	-0.313402	-0.10814	0.101659	0.287356	0.439387	0.568673	0.658226	
0.0398012	0.220667	0.381353	0.508874	0.582517	0.593913	0.545943	0.437795	0.286979	0.114148	-0.0717992	-0.25197	-0.415571	-0.541622	-0.613889	-0.618573	-0.546394	-0.417865	-0.256094	-0.0766849	0.102531	0.250022	0.36637	0.462324	0.531439	
0.0206969	0.201889	0.371741	0.51155	0.592757	0.604994	0.552565	0.432921	0.271799	0.0933987	-0.0817499	-0.239822	-0.369767	-0.462824	-0.51219	-0.50967	-0.441746	-0.325854	-0.185187	-0.0402244	0.0911906	0.198942	0.274997	0.332165	0.372254	
0.0162939	0.187966	0.360917	0.503479	0.587078	0.600549	0.545205	0.423689	0.257661	0.0840646	-0.0778171	-0.211241	-0.317145	-0.388064	-0.418283	-0.403905	-0.348244	-0.255708	-0.139921	-0.0290286	0.0599809	0.12236	0.156872	0.176046	0.182041	
0.0276737	0.192211	0.357542	0.494847	0.579028	0.593554	0.536803	0.417481	0.25924	0.092361	-0.061618	-0.181925	-0.269964	-0.326306	-0.34931	-0.332402	-0.285865	-0.214082	-0.129253	-0.0533208	-0.0024046	0.0166368	0.00554285	-0.0158483	-0.0344446	
0.0471459	0.203716	0.358537	0.492849	0.575775	0.589238	0.533633	0.41661	0.265901	0.10922	-0.0389159	-0.153591	-0.22883	-0.27699	-0.298695	-0.29412	-0.261194	-0.202616	-0.144331	-0.106267	-0.0916055	-0.108459	-0.162307	-0.21753	-0.250091	
0.0732281	0.211042	0.355319	0.48629	0.566824	0.579822	0.525972	0.411501	0.268612	0.12739	-0.00327353	-0.108259	-0.183977	-0.233237	-0.261734	-0.273127	-0.261796	-0.22579	-0.185997	-0.17513	-0.195225	-0.242784	-0.321875	-0.402475	-0.445432	
0.0875207	0.204081	0.330252	0.454928	0.533775	0.546929	0.494483	0.382283	0.253283	0.133225	0.0238901	-0.0674223	-0.135649	-0.190684	-0.227523	-0.249928	-0.260301	-0.255624	-0.241047	-0.247747	-0.289592	-0.362769	-0.460364	-0.553021	-0.603119	
0.0717589	0.166494	0.271981	0.380097	0.450364	0.46307	0.414894	0.316442	0.206814	0.108606	0.0198636	-0.0551751	-0.106775	-0.156654	-0.198709	-0.227147	-0.247997	-0.266404	-0.277499	-0.300396	-0.353119	-0.444954	-0.556934	-0.651015	-0.695587	
0.011278	0.0824645	0.167445	0.253426	0.306905	0.316216	0.27988	0.203437	0.115685	0.0370859	-0.0247827	-0.0752493	-0.111316	-0.145188	-0.175485	-0.201547	-0.226056	-0.256606	-0.286427	-0.325865	-0.385883	-0.476087	-0.584232	-0.673661	-0.704783	
-0.0894805	-0.0428829	0.0188301	0.0805111	0.121095	0.127925	0.0997482	0.0452287	-0.0192619	-0.0740879	-0.106711	-0.125066	-0.140921	-0.153758	-0.156451	-0.166058	-0.193798	-0.231236	-0.271228	-0.319158	-0.376607	-0.453314	-0.54306	-0.620835	-0.644852	
-0.220959	-0.200355	-0.164577	-0.12762	-0.0955321	-0.0881827	-0.11336	-0.149836	-0.186251	-0.216642	-0.218097	-0.20128	-0.181096	-0.158104	-0.131495	-0.121954	-0.142963	-0.187007	-0.234055	-0.276695	-0.327521	-0.386816	-0.448502	-0.498772	-0.513656	
-0.356688	-0.376481	-0.37533	-0.368149	-0.354629	-0.350816	-0.363257	-0.373173	-0.3777	-0.367395	-0.333155	-0.277461	-0.218329	-0.154798	-0.104457	-0.0788524	-0.085446	-0.122582	-0.171359	-0.207776	-0.241135	-0.282619	-0.312352	-0.330609	-0.335159	
-0.497374	-0.572162	-0.620929	-0.65258	-0.664709	-0.666287	-0.659905	-0.635818	-0.593758	-0.530331	-0.443579	-0.349778	-0.253106	-0.151571	-0.0696785	-0.021236	-0.00976829	-0.0321671	-0.0756781	-0.104827	-0.126733	-0.143428	-0.147113	-0.1381	-0.129292	
-0.640271	-0.778863	-0.895517	-0.980772	-1.01963	-1.02507	-1.00229	-0.934112	-0.828943	-0.697317	-0.554806	-0.411633	-0.275983	-0.139925	-0.024755	0.0530302	0.0849672	0.081781	0.0569561	0.0345652	0.0193346	0.017083	0.0314635	0.0511972	0.0703696	
-0.778863	-0.98683	-1.17798	-1.32545	-1.39793	-1.40862	-1.36356	-1.24454	-1.06602	-0.862777	-0.653879	-0.451904	-0.26948	-0.10252	0.0368271	0.138712	0.193132	0.211416	0.207357	0.197326	0.187156	0.1947	0.2141	0.229215	0.247236	
-0.895517	-1.17798	-1.43712	-1.64128	-1.75587	-1.77441	-1.69918	-1.52801	-1.28577	-1.00908	-0.728608	-0.469514	-0.245122	-0.0510773	0.112148	0.236184	0.311226	0.349125	0.358237	0.35766	0.358432	0.366653	0.378592	0.383338	0.383729	
-0.980772	-1.32545	-1.64128	-1.89359	-2.04529	-2.07095	-1.96806	-1.75252	-1.45688	-1.11939	-0.779549	-0.476457	-0.21971	0.00105739	0.188273	0.336262	0.431433	0.477642	0.491166	0.49367	0.499407	0.508322	0.512097	0.499094	0.480982	
-1.01963	-1.39793	-1.75587	-2.04529	-2.22176	-2.25185	-2.13142	-1.88283	-1.54606	-1.17068	-0.801127	-0.472714	-0.19363	0.038449	0.236495	0.400154	0.507318	0.558059	0.573814	0.57688	0.583821	0.591799	0.589557	0.564742	0.530928	
-1.02507	-1.40862	-1.77441	-2.07095	-2.25185	-2.28296	-2.1595	-1.9039	-1.55924	-1.17791	-0.804356	-0.471146	-0.187262	0.0454422	0.244549	0.411513	0.520193	0.571721	0.587602	0.590799	0.597805	0.604741	0.6014	0.575753	0.538624	
-1.00229	-1.36356	-1.69918	-1.96806	-2.13142	-2.1595	-2.04858	-1.81744	-1.50271	-1.14772	-0.791867	-0.475914	-0.208484	0.0184676	0.211998	0.36771	0.469505	0.517446	0.531632	0.534868	0.541514	0.550104	0.551111	0.532164	0.506668	
-0.934112	-1.24454	-1.52801	-1.75252	-1.88283	-1.9039	-1.81744	-1.62749	-1.36298	-1.05873	-0.751786	-0.47344	-0.235375	-0.0290885	0.144339	0.277655	0.36096	0.403512	0.415701	0.416582	0.420932	0.428557	0.437369	0.434984	0.427859	
-0.828943	-1.06602	-1.28577	-1.45688	-1.54606	-1.55924	-1.50271	-1.36298	-1.15702	-0.924381	-0.686113	-0.461332	-0.260224	-0.0824743	0.0661677	0.175988	0.238858	0.265777	0.267728	0.262513	0.256033	0.264634	0.282197	0.294614	0.306472	
-0.697317	-0.862777	-1.00908	-1.11939	-1.17068	-1.17791	-1.14772	-1.05873	-0.924381	-0.764415	-0.597375	-0.430341	-0.276651	-0.128031	-0.00305226	0.0858249	0.127693	0.132492	0.116576	0.0984121	0.085654	0.087844	0.106166	0.124011	0.144696	
-0.554806	-0.653879	-0.728608	-0.779549	-0.801127	-0.804356	-0.791867	-0.751786	-0.686113	-0.597375	-0.488653	-0.3768	-0.265117	-0.149236	-0.0530931	0.00697505	0.0267106	0.010957	-0.0266421	-0.0532761	-0.072264	-0.0817569	-0.0773858	-0.061433	-0.0467512	
-0.411633	-0.451904	-0.469514	-0.476457	-0.472714	-0.471146	-0.475914	-0.47344	-0.461332	-0.430341	-0.3768	-0.30622	-0.232452	-0.153381	-0.0914635	-0.058964	-0.0582956	-0.0894597	-0.137736	-0.171165	-0.198538	-0.230435	-0.248983	-0.254858	-0.254815	
-0.275983	-0.26948	-0.245122	-0.21971	-0.19363	-0.187262	-0.208484	-0.235375	-0.260224	-0.276651	-0.265117	-0.232452	-0.196561	-0.156645	-0.121093	-0.104858	-0.120001	-0.163815	-0.212304	-0.25281	-0.297378	-0.349401	-0.398324	-0.436205	-0.446562	
-0.139925	-0.10252	-0.0510773	0.00105739	0.038449	0.0454422	0.0184676	-0.0290885	-0.0824743	-0.128031	-0.149236	-0.153381	-0.156645	-0.157509	-0.147354	-0.14871	-0.175011	-0.216232	-0.259116	-0.305634	-0.361345	-0.431742	-0.51119	-0.57928	-0.600544	
-0.024755	0.0368271	0.112148	0.188273	0.236495	0.244549	0.211998	0.144339	0.0661677	-0.00305226	-0.0530931	-0.0914635	-0.121093	-0.147354	-0.167612	-0.188533	-0.214491	-0.248577	-0.282884	-0.327074	-0.387684	-0.472634	-0.574757	-0.661118	-0.68842	
0.0530302	0.138712	0.236184	0.336262	0.400154	0.411513	0.36771	0.277655	0.175988	0.0858249	0.00697505	-0.058964	-0.104858	-0.14871	-0.188533	-0.218283	-0.240434	-0.264986	-0.284299	-0.314577	-0.370633	-0.464542	-0.577058	-0.669884	-0.70899	
0.0849672	0.193132	0.311226	0.431433	0.507318	0.520193	0.469505	0.36096	0.238858	0.127693	0.0267106	-0.0582956	-0.120001	-0.175011	-0.214491	-0.240434	-0.256337	-0.2626	-0.25909	-0.271842	-0.318556	-0.401172	-0.505365	-0.599331	-0.648888	
0.081781	0.211416	0.349125	0.477642	0.558059	0.571721	0.517446	0.403512	0.265777	0.132492	0.010957	-0.0894597	-0.163815	-0.216232	-0.248577	-0.264986	-0.2626	-0.239313	-0.208329	-0.205289	-0.235424	-0.293833	-0.38068	-0.468016	-0.515544	
0.0569561	0.207357	0.358237	0.491166	0.573814	0.587602	0.531632	0.415701	0.267728	0.116576	-0.0266421	-0.137736	-0.212304	-0.259116	-0.282884	-0.284299	-0.25909	-0.208329	-0.157435	-0.132662	-0.132574	-0.162266	-0.227582	-0.294258	-0.330998	
0.0345652	0.197326	0.35766	0.49367	0.57688	0.590799	0.534868	0.416582	0.262513	0.0984121	-0.0532761	-0.171165	-0.25281	-0.305634	-0.327074	-0.314577	-0.271842	-0.205289	-0.132662	-0.0714114	-0.0351414	-0.0313669	-0.0609193	-0.0973375	-0.122377	
0.0193346	0.187156	0.358432	0.499407	0.583821	0.597805	0.541514	0.420932	0.256033	0.085654	-0.072264	-0.198538	-0.297378	-0.361345	-0.387684	-0.370633	-0.318556	-0.235424	-0.132574	-0.0351414	0.0383765	0.0826492	0.0997051	0.102491	0.0968518	
0.017083	0.1947	0.366653	0.508322	0.591799	0.604741	0.550104	0.428557	0.264634	0.087844	-0.0817569	-0.230435	-0.349401	-0.431742	-0.472634	-0.464542	-0.401172	-0.293833	-0.162266	-0.0313669	0.0826492	0.172185	0.231756	0.274076	0.300684	
0.0314635	0.2141	0.378592	0.512097	0.589557	0.6014	0.551111	0.437369	0.282197	0.106166	-0.0773858	-0.248983	-0.398324	-0.51119	-0.574757	-0.577058	-0.505365	-0.38068	-0.227582	-0.0609193	0.0997051	0.231756	0.331821	0.412539	0.470626	
0.0511972	0.229215	0.383338	0.499094	0.564742	0.575753	0.532164	0.434984	0.294614	0.124011	-0.061433	-0.254858	-0.436205	-0.57928	-0.661118	-0.669884	-0.599331	-0.468016	-0.294258	-0.0973375	0.102491	0.274076	0.412539	0.529902	0.613472	
0.0703696	0.247236	0.383729	0.480982	0.530928	0.538624	0.506668	0.427859	0.306472	0.144696	-0.0467512	-0.254815	-0.446562	-0.600544	-0.68842	-0.70899	-0.648888	-0.515544	-0.330998	-0.122377	0.0968518	0.300684	0.470626	0.613472	0.708516	
