-0.246348	-0.20089	-0.197478	-0.205555	-0.201637	-0.184737	-0.153928	-0.136319	-0.141954	-0.146983	-0.138824	-0.120481	-0.111871	-0.112058	-0.113737	-0.110722	-0.108939	-0.107507	-0.102583	-0.09943	-0.0962459	-0.0936652	-0.0904897	-0.0906743	-0.0880353	
-0.29935	-0.226617	-0.19822	-0.202833	-0.207115	-0.200084	-0.177043	-0.150476	-0.139199	-0.141549	-0.14757	-0.138136	-0.125111	-0.115207	-0.109986	-0.110675	-0.107544	-0.11033	-0.107818	-0.108133	-0.103852	-0.104161	-0.0988773	-0.0982151	-0.0952128	
-0.369878	-0.275941	-0.215544	-0.198938	-0.204352	-0.21074	-0.19956	-0.171266	-0.15011	-0.13781	-0.141208	-0.14671	-0.140055	-0.134038	-0.120902	-0.11489	-0.107507	-0.105321	-0.104557	-0.104819	-0.105141	-0.10519	-0.106307	-0.104635	-0.104791	
-0.452174	-0.346139	-0.259612	-0.212517	-0.198109	-0.203639	-0.213998	-0.199558	-0.173986	-0.152256	-0.135796	-0.138616	-0.139882	-0.140929	-0.138642	-0.131477	-0.125677	-0.115176	-0.110898	-0.104438	-0.10339	-0.0992433	-0.100842	-0.0989842	-0.100111	
-0.539514	-0.432131	-0.327526	-0.251299	-0.213241	-0.19662	-0.203285	-0.21246	-0.200061	-0.182163	-0.158055	-0.140726	-0.136607	-0.133449	-0.136187	-0.134951	-0.136157	-0.132179	-0.127529	-0.121882	-0.117282	-0.111834	-0.10797	-0.104838	-0.102428	
-0.619361	-0.524984	-0.419002	-0.315941	-0.248858	-0.213567	-0.197249	-0.20381	-0.208115	-0.201295	-0.188642	-0.16638	-0.150549	-0.139583	-0.13409	-0.131798	-0.13059	-0.132706	-0.131719	-0.130894	-0.128518	-0.126922	-0.122799	-0.121107	-0.117578	
-0.680386	-0.607702	-0.518321	-0.413195	-0.313917	-0.24987	-0.2127	-0.198744	-0.20329	-0.205507	-0.20394	-0.193686	-0.176243	-0.160556	-0.146795	-0.138885	-0.132099	-0.129572	-0.129198	-0.129309	-0.128695	-0.129548	-0.128308	-0.128027	-0.126769	
-0.711758	-0.673636	-0.603043	-0.51736	-0.415797	-0.321993	-0.255459	-0.213688	-0.198513	-0.199276	-0.203072	-0.205765	-0.200026	-0.188577	-0.173535	-0.159318	-0.147812	-0.137634	-0.131397	-0.128215	-0.126028	-0.125363	-0.12577	-0.125439	-0.126188	
-0.696405	-0.711533	-0.672324	-0.605025	-0.5216	-0.426274	-0.338262	-0.268534	-0.221229	-0.199069	-0.193364	-0.196728	-0.201682	-0.202727	-0.198764	-0.189089	-0.177968	-0.16589	-0.153693	-0.14385	-0.13637	-0.129995	-0.126598	-0.123611	-0.122248	
-0.631581	-0.697284	-0.71151	-0.677	-0.613791	-0.532613	-0.443513	-0.360164	-0.289455	-0.237507	-0.206339	-0.192036	-0.189551	-0.192329	-0.196734	-0.198694	-0.196776	-0.192568	-0.185514	-0.176527	-0.167905	-0.159103	-0.151345	-0.144987	-0.139498	
-0.528636	-0.630068	-0.693748	-0.711317	-0.685771	-0.629303	-0.55255	-0.468403	-0.387715	-0.316831	-0.261129	-0.222535	-0.199831	-0.188901	-0.185812	-0.187696	-0.190379	-0.192508	-0.193722	-0.19264	-0.189948	-0.186317	-0.181464	-0.176804	-0.172026	
-0.38367	-0.522795	-0.623035	-0.686253	-0.709571	-0.695208	-0.649381	-0.581254	-0.502959	-0.424364	-0.352442	-0.292377	-0.247091	-0.216356	-0.197161	-0.187189	-0.183608	-0.183162	-0.184646	-0.186767	-0.188238	-0.189315	-0.189461	-0.188908	-0.187937	
-0.190999	-0.368393	-0.508351	-0.610082	-0.675288	-0.705245	-0.702248	-0.669747	-0.614535	-0.545935	-0.472388	-0.400716	-0.336574	-0.284108	-0.244238	-0.215823	-0.197528	-0.186785	-0.181154	-0.179216	-0.17925	-0.180274	-0.181797	-0.183156	-0.184373	
0.0287897	-0.165745	-0.340307	-0.483021	-0.589469	-0.660152	-0.697896	-0.70572	-0.68684	-0.646492	-0.591357	-0.527769	-0.461283	-0.397277	-0.340174	-0.292083	-0.253808	-0.225152	-0.204617	-0.190705	-0.181954	-0.176771	-0.174159	-0.173141	-0.173068	
0.251733	0.0594102	-0.1273	-0.298585	-0.444208	-0.557733	-0.637613	-0.685762	-0.705208	-0.699612	-0.673827	-0.633245	-0.582679	-0.526395	-0.468704	-0.413266	-0.362571	-0.318386	-0.281435	-0.251512	-0.228112	-0.210307	-0.197097	-0.187582	-0.180866	
0.474268	0.287635	0.102629	-0.0764584	-0.243324	-0.390288	-0.510947	-0.60213	-0.663728	-0.697503	-0.706671	-0.695741	-0.669617	-0.632625	-0.58856	-0.540935	-0.492628	-0.445913	-0.402584	-0.363705	-0.329807	-0.30103	-0.277116	-0.257682	-0.242215	
0.689689	0.516995	0.337304	0.158829	-0.0135359	-0.175329	-0.321431	-0.44695	-0.548485	-0.624453	-0.674937	-0.701721	-0.708135	-0.698247	-0.676051	-0.645269	-0.609194	-0.570511	-0.53141	-0.49359	-0.45823	-0.426135	-0.397748	-0.373243	-0.352623	
0.870901	0.732753	0.572196	0.401179	0.229148	0.0623652	-0.0948164	-0.238748	-0.366245	-0.474799	-0.562678	-0.629068	-0.674399	-0.700423	-0.709796	-0.705612	-0.69109	-0.669262	-0.642787	-0.613927	-0.58449	-0.555865	-0.529079	-0.504835	-0.483596	
0.994803	0.904233	0.782871	0.637744	0.478515	0.314537	0.153203	-0.000215544	-0.142097	-0.270015	-0.382363	-0.478027	-0.55633	-0.61723	-0.661458	-0.690428	-0.706079	-0.710684	-0.706602	-0.696113	-0.681308	-0.663998	-0.645697	-0.627624	-0.610719	
1.06201	1.01528	0.939807	0.836655	0.709927	0.566428	0.414064	0.260283	0.111168	-0.0288754	-0.157044	-0.271773	-0.37228	-0.458275	-0.52987	-0.587568	-0.632237	-0.665079	-0.687558	-0.701291	-0.707953	-0.709179	-0.706495	-0.701269	-0.694678	
1.08037	1.07158	1.03617	0.975537	0.89074	0.784099	0.659826	0.523622	0.381769	0.240221	0.103919	-0.0235508	-0.139925	-0.244006	-0.335365	-0.414115	-0.480734	-0.535967	-0.580757	-0.616186	-0.64343	-0.663704	-0.678214	-0.688119	-0.694484	
1.04443	1.07673	1.07928	1.05605	1.00986	0.942569	0.855999	0.752738	0.636432	0.511582	0.383039	0.255409	0.132578	0.0174706	-0.0879712	-0.182676	-0.26627	-0.33889	-0.401034	-0.453437	-0.496976	-0.532603	-0.561292	-0.584	-0.601628	
0.943054	1.02032	1.06598	1.08223	1.0728	1.04131	0.990607	0.922959	0.840499	0.745682	0.641488	0.531341	0.418835	0.307389	0.199964	0.0988903	0.00581268	-0.0782769	-0.152946	-0.218207	-0.274401	-0.322091	-0.361974	-0.394806	-0.421349	
0.781394	0.894975	0.983674	1.04403	1.07626	1.08295	1.06762	1.0337	0.984177	0.921529	0.848019	0.765916	0.677637	0.585735	0.492781	0.401194	0.313093	0.230188	0.153738	0.0845495	0.023029	-0.0307516	-0.076975	-0.115999	-0.148287	
0.5878	0.715742	0.833044	0.931695	1.00675	1.0565	1.08186	1.08543	1.07048	1.04035	0.99803	0.946134	0.886945	0.822539	0.754865	0.685775	0.616997	0.550082	0.486354	0.42687	0.372404	0.323462	0.28031	0.243016	0.211504	
0.400033	0.518103	0.640127	0.75781	0.86362	0.951947	1.01966	1.06603	1.09225	1.10076	1.09453	1.07661	1.04982	1.01659	0.978968	0.938662	0.897094	0.855456	0.814745	0.775781	0.739223	0.705582	0.675226	0.648408	0.625276	
0.246785	0.339448	0.445128	0.558577	0.673474	0.78349	0.883246	0.968963	1.03869	1.09219	1.13053	1.1556	1.16969	1.1751	1.17393	1.16794	1.15857	1.14694	1.13394	1.12022	1.10634	1.09272	1.07973	1.06767	1.0568	
0.139219	0.203059	0.282444	0.37589	0.480355	0.591662	0.705137	0.816267	0.921256	1.01734	1.1029	1.17731	1.24076	1.29398	1.33795	1.37379	1.40257	1.42527	1.44278	1.45588	1.46528	1.47162	1.4755	1.47748	1.47807	
0.0742199	0.114856	0.16963	0.23978	0.325402	0.42533	0.537232	0.657881	0.783544	0.910389	1.03484	1.15382	1.26492	1.36644	1.45732	1.53709	1.60579	1.66381	1.71184	1.75076	1.78157	1.80536	1.82319	1.83613	1.84516	
0.0428632	0.070187	0.109648	0.163802	0.234593	0.322962	0.428583	0.549784	0.683658	0.826357	0.973491	1.12056	1.26336	1.39827	1.52247	1.63403	1.73186	1.81568	1.88583	1.94317	1.98889	2.02442	2.05125	2.07091	2.08482	
0.0379433	0.0630231	0.0998201	0.151093	0.219093	0.305141	0.409297	0.530207	0.665166	0.810372	0.961329	1.11331	1.26177	1.40276	1.53312	1.65061	1.75392	1.84261	1.91694	1.97776	2.02628	2.064	2.0925	2.11337	2.12814	
0.0581048	0.0921102	0.139373	0.20182	0.280472	0.375181	0.484545	0.606016	0.736175	0.871105	1.00678	1.13942	1.26576	1.3832	1.48989	1.58471	1.66717	1.73739	1.79591	1.84359	1.88154	1.91099	1.9332	1.94945	1.96092	
0.10851	0.162051	0.230867	0.31474	0.411991	0.519655	0.633893	0.750529	0.865587	0.975691	1.0783	1.17176	1.25521	1.32843	1.39168	1.4455	1.49061	1.52779	1.55789	1.58173	1.60014	1.61393	1.62385	1.63066	1.63505	
0.198137	0.279081	0.374769	0.481501	0.594146	0.706963	0.814511	0.912395	0.997698	1.06906	1.1265	1.17101	1.2042	1.2279	1.24392	1.25386	1.25909	1.26072	1.25964	1.25653	1.25199	1.24649	1.24045	1.23425	1.22822	
0.33351	0.442642	0.560212	0.678861	0.791111	0.890605	0.972962	1.03607	1.0799	1.10594	1.11665	1.11482	1.10322	1.08435	1.06033	1.03293	1.00356	0.973374	0.943288	0.914044	0.886233	0.86032	0.836665	0.815534	0.79712	
0.510047	0.636726	0.758977	0.868097	0.957611	1.02399	1.06657	1.08684	1.08758	1.072	1.04328	1.00427	0.957438	0.904953	0.848741	0.790541	0.731929	0.674307	0.618882	0.566642	0.518353	0.474555	0.435589	0.401625	0.372698	
0.705788	0.828254	0.930913	1.00805	1.05777	1.08125	1.08144	1.06181	1.02568	0.975838	0.91472	0.844559	0.767579	0.68606	0.602303	0.518527	0.436755	0.358711	0.285754	0.218864	0.158651	0.105405	0.0591501	0.019715	-0.0132019	
0.884684	0.978408	1.04192	1.07541	1.08182	1.06493	1.02818	0.974235	0.905272	0.823439	0.731214	0.631489	0.527428	0.422212	0.318777	0.219618	0.126675	0.0413092	-0.0356684	-0.103916	-0.163467	-0.214637	-0.257929	-0.293957	-0.32338	
1.01217	1.06235	1.08129	1.07305	1.04139	0.98888	0.917325	0.828621	0.725458	0.611487	0.490996	0.368371	0.247607	0.131996	0.0239894	-0.0747941	-0.163467	-0.241737	-0.309761	-0.368021	-0.417211	-0.458153	-0.49173	-0.518831	-0.54031	
1.07327	1.07996	1.05933	1.01412	0.945704	0.855413	0.745865	0.621405	0.487633	0.350437	0.215081	0.085718	-0.0347119	-0.144362	-0.242277	-0.328168	-0.402231	-0.465007	-0.517283	-0.560008	-0.594238	-0.621078	-0.641634	-0.65698	-0.668116	
1.07501	1.04361	0.985128	0.899951	0.789988	0.659815	0.516231	0.366819	0.218418	0.0762311	-0.0562702	-0.176942	-0.28456	-0.37856	-0.45887	-0.525813	-0.580066	-0.622609	-0.654656	-0.677588	-0.69287	-0.701972	-0.706306	-0.707176	-0.705743	
1.02769	0.955812	0.853329	0.724049	0.575435	0.416715	0.256577	0.101658	-0.0437636	-0.177112	-0.296653	-0.40106	-0.489481	-0.561653	-0.61792	-0.659234	-0.687072	-0.703261	-0.70982	-0.708808	-0.702198	-0.691787	-0.679151	-0.665612	-0.652251	
0.927719	0.808378	0.661672	0.498168	0.328579	0.161356	0.00206049	-0.145906	-0.280064	-0.398024	-0.497539	-0.577199	-0.636864	-0.677509	-0.700997	-0.709842	-0.706835	-0.694775	-0.676304	-0.653765	-0.629138	-0.604038	-0.579716	-0.557107	-0.536879	
0.768145	0.606896	0.432201	0.254792	0.0817996	-0.0821322	-0.233332	-0.368065	-0.482492	-0.573518	-0.639912	-0.682703	-0.704396	-0.708185	-0.697681	-0.676503	-0.647921	-0.614833	-0.57968	-0.544381	-0.510412	-0.478821	-0.450284	-0.425205	-0.40376	
0.562732	0.37968	0.195727	0.0163839	-0.153317	-0.307777	-0.441198	-0.548665	-0.627442	-0.677732	-0.702488	-0.705897	-0.692032	-0.664959	-0.628718	-0.586803	-0.542228	-0.497578	-0.454776	-0.415184	-0.379673	-0.348626	-0.322117	-0.299983	-0.281905	
0.341018	0.150497	-0.0364299	-0.212458	-0.3688	-0.49814	-0.59598	-0.661332	-0.696349	-0.70536	-0.693347	-0.664487	-0.622838	-0.573095	-0.519492	-0.465483	-0.414072	-0.367332	-0.326368	-0.29169	-0.263168	-0.240275	-0.222356	-0.208599	-0.198267	
0.118272	-0.0770579	-0.25908	-0.41539	-0.538923	-0.62725	-0.681245	-0.704118	-0.700118	-0.674124	-0.630706	-0.574618	-0.512162	-0.449204	-0.389695	-0.336711	-0.292133	-0.256206	-0.228495	-0.208074	-0.193553	-0.183719	-0.17739	-0.173522	-0.171393	
-0.104917	-0.292407	-0.447702	-0.565907	-0.647571	-0.69369	-0.706832	-0.690559	-0.649937	-0.591605	-0.522429	-0.450609	-0.38361	-0.325046	-0.27686	-0.240145	-0.213857	-0.196148	-0.185386	-0.179535	-0.176955	-0.176546	-0.177202	-0.17841	-0.179746	
-0.312211	-0.467354	-0.582528	-0.661401	-0.70245	-0.706196	-0.67716	-0.621963	-0.55057	-0.472702	-0.397059	-0.33146	-0.278492	-0.238097	-0.21058	-0.193999	-0.18506	-0.181594	-0.181518	-0.182821	-0.184781	-0.186558	-0.187761	-0.188525	-0.188634	
-0.476472	-0.591565	-0.670787	-0.708539	-0.702461	-0.661274	-0.594538	-0.514097	-0.432178	-0.356401	-0.293742	-0.24681	-0.213861	-0.194609	-0.186559	-0.184776	-0.186161	-0.189024	-0.191193	-0.192157	-0.191965	-0.190206	-0.187713	-0.184577	-0.181172	
