0.781183	0.734686	0.672666	0.620329	0.594391	0.589851	0.607206	0.648787	0.71059	0.765709	0.794672	0.79895	0.802315	0.819469	0.85527	0.901341	0.947965	0.988744	1.03455	1.0968	1.15866	1.17987	1.13322	1.02344	0.871766	
0.792265	0.74198	0.67625	0.622202	0.59615	0.592227	0.608506	0.651753	0.715802	0.776092	0.804347	0.802008	0.787106	0.778392	0.780677	0.793775	0.814684	0.839235	0.873761	0.923228	0.970831	0.979785	0.925476	0.819627	0.682401	
0.76641	0.721097	0.656423	0.604158	0.578838	0.575468	0.590605	0.632807	0.695336	0.753061	0.772771	0.754285	0.713483	0.674791	0.644303	0.63173	0.635269	0.653433	0.681706	0.721718	0.759147	0.763837	0.715956	0.625346	0.509032	
0.718687	0.687452	0.632816	0.586782	0.565097	0.561979	0.575194	0.611881	0.666407	0.711387	0.713787	0.670188	0.600846	0.532044	0.477249	0.447362	0.444319	0.462067	0.489115	0.524807	0.559308	0.571909	0.540541	0.469812	0.373579	
0.658589	0.653304	0.618515	0.587483	0.571955	0.571045	0.57848	0.605176	0.64029	0.662944	0.6363	0.564176	0.464563	0.373424	0.301996	0.265336	0.261267	0.282626	0.313338	0.351423	0.393921	0.423028	0.412371	0.36092	0.27869	
0.585147	0.616644	0.615489	0.607823	0.605757	0.60571	0.606256	0.612076	0.618601	0.603553	0.541748	0.435884	0.31204	0.204473	0.126194	0.0881375	0.086054	0.114646	0.155148	0.207154	0.267435	0.317681	0.328905	0.292241	0.226958	
0.51331	0.591962	0.635381	0.663335	0.679149	0.683078	0.670361	0.6484	0.612116	0.550245	0.44595	0.308988	0.166853	0.0508825	-0.0280494	-0.0660723	-0.0641837	-0.0265591	0.031728	0.105073	0.184753	0.252765	0.276296	0.252357	0.20071	
0.442669	0.57265	0.671593	0.743256	0.784635	0.792015	0.763416	0.703769	0.615759	0.498686	0.351038	0.188119	0.0354002	-0.0812898	-0.158267	-0.193227	-0.185186	-0.13162	-0.0469763	0.0516514	0.150059	0.22619	0.258493	0.2437	0.203091	
0.362535	0.545072	0.704063	0.826451	0.89773	0.9096	0.861817	0.757999	0.612747	0.436848	0.250072	0.0668387	-0.0870705	-0.201288	-0.271908	-0.300922	-0.279199	-0.200368	-0.0836266	0.0432497	0.15393	0.234718	0.272623	0.265312	0.229973	
0.27884	0.510703	0.7296	0.905446	1.00816	1.02603	0.956045	0.807106	0.601636	0.370784	0.147943	-0.0478258	-0.200484	-0.310003	-0.373341	-0.392384	-0.348907	-0.241583	-0.0911568	0.0568569	0.175099	0.256523	0.297197	0.294478	0.253533	
0.202524	0.474797	0.748982	0.972969	1.10725	1.12932	1.03953	0.846662	0.587567	0.307792	0.0566435	-0.147051	-0.29669	-0.399536	-0.453459	-0.453599	-0.383691	-0.245126	-0.0682227	0.0942142	0.215395	0.292477	0.330759	0.319582	0.264343	
0.131423	0.436069	0.75192	1.01625	1.1749	1.20186	1.09455	0.866995	0.564821	0.247647	-0.0239046	-0.232665	-0.376878	-0.471679	-0.508128	-0.482664	-0.380625	-0.214578	-0.0191294	0.152939	0.272923	0.343155	0.366993	0.33769	0.263021	
0.065103	0.389097	0.733158	1.02223	1.19738	1.22721	1.1084	0.859075	0.528295	0.188309	-0.0983539	-0.308231	-0.447993	-0.528611	-0.542167	-0.484475	-0.350676	-0.164402	0.0432339	0.219057	0.337523	0.393447	0.393991	0.342133	0.250216	
0.0089144	0.341579	0.696136	0.993587	1.1739	1.20475	1.08219	0.825781	0.484764	0.135402	-0.158861	-0.3681	-0.501038	-0.56153	-0.548065	-0.455218	-0.297016	-0.0964004	0.113292	0.289212	0.398897	0.431671	0.402192	0.326552	0.223887	
-0.0364433	0.293994	0.640742	0.929697	1.10335	1.13333	1.0151	0.767066	0.434586	0.0896541	-0.202837	-0.408578	-0.527868	-0.564584	-0.518826	-0.396035	-0.218134	-0.0120632	0.193766	0.361848	0.453098	0.456022	0.39358	0.297737	0.189376	
-0.0719337	0.241872	0.565713	0.829735	0.986968	1.01425	0.907005	0.681989	0.373554	0.0489273	-0.233503	-0.426723	-0.52823	-0.534933	-0.459668	-0.311428	-0.121754	0.0841606	0.279119	0.42835	0.492736	0.462858	0.371583	0.261672	0.150131	
-0.105071	0.180434	0.465218	0.693358	0.826028	0.849485	0.758713	0.566423	0.297208	0.00565621	-0.252604	-0.425234	-0.501191	-0.477324	-0.376102	-0.20921	-0.0144001	0.187213	0.361654	0.481993	0.512924	0.453768	0.342722	0.223347	0.113087	
-0.129265	0.112828	0.347329	0.530074	0.635461	0.652901	0.582865	0.428191	0.210669	-0.0358323	-0.253517	-0.397139	-0.440003	-0.390452	-0.266573	-0.0916819	0.104522	0.291942	0.436374	0.515935	0.510194	0.427922	0.304876	0.17947	0.076551	
-0.145811	0.0378164	0.211907	0.345318	0.421017	0.434033	0.383154	0.271461	0.110754	-0.0746839	-0.239754	-0.3407	-0.350122	-0.276271	-0.138008	0.0396955	0.229651	0.39412	0.49852	0.530522	0.489142	0.391873	0.262316	0.138145	0.0442024	
-0.159257	-0.0467431	0.0580529	0.140311	0.186834	0.19551	0.163401	0.0948061	-0.00280744	-0.115891	-0.213571	-0.262337	-0.236039	-0.141218	0.00683308	0.182687	0.35899	0.491847	0.550358	0.533805	0.462494	0.355176	0.226585	0.107939	0.0246222	
-0.16656	-0.137127	-0.104472	-0.0761633	-0.0552163	-0.0525859	-0.0654091	-0.0932644	-0.123237	-0.156985	-0.176008	-0.167479	-0.104647	0.00610878	0.159841	0.326073	0.479091	0.570233	0.580112	0.518171	0.422109	0.308411	0.188324	0.0802811	0.0119867	
-0.168384	-0.226899	-0.270395	-0.294335	-0.300684	-0.301082	-0.298352	-0.282396	-0.246565	-0.19279	-0.130759	-0.0576425	0.0390125	0.166508	0.319817	0.471268	0.589684	0.633925	0.596106	0.4967	0.37867	0.262538	0.152513	0.0614969	0.00173157	
-0.165343	-0.310979	-0.431771	-0.507766	-0.542544	-0.546163	-0.527022	-0.466938	-0.364719	-0.223511	-0.0792803	0.0603962	0.191996	0.336851	0.485618	0.616076	0.691617	0.68722	0.60781	0.478338	0.34316	0.223887	0.125984	0.0509314	-0.00798974	
-0.164734	-0.392583	-0.585681	-0.715606	-0.778255	-0.788406	-0.748066	-0.646269	-0.476246	-0.256614	-0.031492	0.1701	0.340262	0.499923	0.640113	0.741742	0.768413	0.718238	0.603309	0.453524	0.305936	0.185014	0.102266	0.0391715	-0.0164649	
-0.161247	-0.460735	-0.721147	-0.903287	-0.997594	-1.0136	-0.950896	-0.805201	-0.571651	-0.282491	0.0159629	0.27569	0.487606	0.660095	0.788767	0.854457	0.832174	0.740889	0.596294	0.434651	0.27582	0.155703	0.080286	0.0239011	-0.0301477	
-0.15562	-0.515579	-0.834191	-1.06692	-1.19497	-1.21664	-1.131	-0.939638	-0.650405	-0.301255	0.0579801	0.372995	0.626474	0.811025	0.925377	0.95046	0.88592	0.75656	0.592492	0.420909	0.257676	0.136852	0.0603454	0.00590714	-0.0478136	
-0.155995	-0.563904	-0.929171	-1.20882	-1.36968	-1.39743	-1.28862	-1.05363	-0.717756	-0.320524	0.0854234	0.450946	0.741612	0.938382	1.03379	1.02066	0.920007	0.760038	0.583697	0.40493	0.245949	0.122635	0.0418979	-0.0138979	-0.0624712	
-0.155446	-0.59514	-0.998764	-1.31566	-1.50808	-1.53996	-1.41078	-1.13736	-0.764309	-0.332362	0.108893	0.51549	0.839019	1.04545	1.12121	1.07603	0.945003	0.764538	0.575969	0.395396	0.24024	0.114429	0.0233441	-0.0374011	-0.0781949	
-0.154674	-0.615464	-1.0448	-1.39034	-1.60636	-1.64268	-1.49623	-1.19487	-0.794077	-0.340803	0.125698	0.56101	0.911088	1.12324	1.18373	1.1143	0.96224	0.769217	0.57078	0.391688	0.239345	0.112114	0.00901072	-0.0575033	-0.0889421	
-0.154341	-0.63059	-1.06938	-1.43534	-1.66172	-1.70358	-1.54463	-1.22862	-0.811619	-0.347499	0.132051	0.584567	0.948685	1.16535	1.21489	1.13287	0.968585	0.769629	0.566089	0.388064	0.239558	0.110681	0.00142998	-0.0694597	-0.0920808	
-0.153908	-0.633203	-1.07303	-1.44277	-1.67067	-1.71356	-1.55251	-1.23381	-0.814527	-0.34812	0.132851	0.589139	0.954609	1.1729	1.21933	1.13594	0.968804	0.769289	0.564571	0.386526	0.238995	0.109349	-0.000440956	-0.0723849	-0.0929656	
-0.15481	-0.622536	-1.05749	-1.41228	-1.63415	-1.67246	-1.52049	-1.21142	-0.803076	-0.343959	0.128986	0.573193	0.930184	1.14449	1.19947	1.12374	0.965786	0.769837	0.568873	0.390065	0.239505	0.111418	0.00535371	-0.0633442	-0.0907826	
-0.155106	-0.604092	-1.01991	-1.3491	-1.55226	-1.58575	-1.44917	-1.16339	-0.777883	-0.336265	0.117097	0.536368	0.872374	1.08049	1.15009	1.0933	0.953682	0.766979	0.574395	0.393847	0.239864	0.113511	0.0172604	-0.0458816	-0.0831377	
-0.156115	-0.578495	-0.960263	-1.25578	-1.42974	-1.45905	-1.34197	-1.09059	-0.739204	-0.326101	0.0950622	0.479037	0.782989	0.98414	1.07067	1.04411	0.930348	0.761245	0.579848	0.399442	0.242502	0.117945	0.0339838	-0.0236925	-0.0691149	
-0.155594	-0.536549	-0.875104	-1.12719	-1.26852	-1.29244	-1.1977	-0.988321	-0.679835	-0.309424	0.0698579	0.406752	0.675152	0.865033	0.971453	0.981196	0.901404	0.759038	0.589439	0.414438	0.252608	0.130945	0.0532179	-0.00160466	-0.0538392	
-0.158365	-0.483727	-0.768453	-0.97139	-1.07853	-1.0973	-1.02486	-0.861849	-0.60422	-0.290661	0.0350143	0.316478	0.546315	0.722528	0.846559	0.895617	0.855995	0.74879	0.594813	0.429478	0.267319	0.147982	0.0719241	0.0169458	-0.0374461	
-0.164081	-0.422296	-0.642776	-0.794047	-0.86843	-0.881382	-0.831797	-0.713336	-0.516751	-0.268647	-0.0123515	0.212511	0.399477	0.563952	0.70002	0.787868	0.79453	0.72732	0.599317	0.444441	0.292013	0.171752	0.0928948	0.0332621	-0.0213571	
-0.164845	-0.344474	-0.494915	-0.592235	-0.638182	-0.643862	-0.617138	-0.539876	-0.410955	-0.236529	-0.0599261	0.105717	0.251763	0.403312	0.548923	0.668954	0.725368	0.701711	0.607817	0.468615	0.328827	0.208046	0.116782	0.0467251	-0.0110928	
-0.167169	-0.260847	-0.335617	-0.380129	-0.397883	-0.399243	-0.390452	-0.356583	-0.29439	-0.204849	-0.110073	-0.0100697	0.100035	0.234885	0.386785	0.530935	0.632576	0.65734	0.601878	0.489687	0.364032	0.246492	0.141142	0.0568686	-0.00212293	
-0.168479	-0.173722	-0.171355	-0.163918	-0.15378	-0.152511	-0.159005	-0.169459	-0.173029	-0.172121	-0.159224	-0.125397	-0.0493365	0.0684979	0.222389	0.383775	0.523387	0.596483	0.586594	0.509195	0.403624	0.288766	0.172792	0.0717859	0.0080608	
-0.162782	-0.0820433	-0.00622799	0.054914	0.0905944	0.0971266	0.0725842	0.0206645	-0.0501222	-0.132138	-0.199331	-0.226076	-0.18488	-0.0833694	0.0681419	0.24057	0.40902	0.525736	0.565375	0.529942	0.447968	0.337433	0.211406	0.0967715	0.0192718	
-0.151744	0.00471589	0.151989	0.265034	0.32888	0.340139	0.296888	0.202605	0.0667353	-0.0909508	-0.230679	-0.311948	-0.307208	-0.224328	-0.0814871	0.096193	0.281346	0.434451	0.520963	0.533707	0.479334	0.377404	0.247431	0.125054	0.0354083	
-0.136158	0.0837013	0.295729	0.458534	0.552537	0.567731	0.505748	0.367881	0.172548	-0.0511606	-0.249718	-0.377711	-0.407618	-0.34776	-0.217441	-0.0408858	0.153605	0.332648	0.462498	0.523009	0.503132	0.413327	0.287547	0.161498	0.0624845	
-0.115982	0.154381	0.419947	0.630887	0.752806	0.773918	0.691397	0.513501	0.264252	-0.0112225	-0.254638	-0.417498	-0.480108	-0.445986	-0.334274	-0.163765	0.0328828	0.229568	0.393615	0.498534	0.515009	0.445792	0.328857	0.206276	0.0979502	
-0.0861181	0.218178	0.527823	0.778972	0.926822	0.953049	0.851607	0.639058	0.34444	0.0317483	-0.243199	-0.428965	-0.521563	-0.515403	-0.429876	-0.272655	-0.0808228	0.124788	0.312076	0.451422	0.502725	0.461136	0.360747	0.246592	0.134627	
-0.0509057	0.274095	0.613762	0.894212	1.06254	1.09161	0.977032	0.7368	0.411948	0.073507	-0.216443	-0.418114	-0.530998	-0.556259	-0.498208	-0.364879	-0.180845	0.0253256	0.228172	0.389275	0.471141	0.460842	0.386294	0.283713	0.173484	
-0.0108962	0.322636	0.67587	0.972062	1.15115	1.18178	1.06037	0.805085	0.465853	0.115891	-0.178064	-0.387163	-0.514561	-0.566769	-0.540088	-0.435046	-0.267735	-0.0639916	0.144799	0.31874	0.421916	0.443888	0.400959	0.316747	0.210783	
0.0413709	0.369968	0.72046	1.01504	1.19361	1.22434	1.10281	0.849082	0.511473	0.166436	-0.124809	-0.334101	-0.472259	-0.544881	-0.549028	-0.476646	-0.332855	-0.139416	0.0695329	0.246206	0.361895	0.40988	0.398996	0.337876	0.240866	
0.104175	0.417487	0.746946	1.02271	1.1896	1.21759	1.10525	0.866903	0.551623	0.223171	-0.0547214	-0.264622	-0.406448	-0.496808	-0.524145	-0.486947	-0.371153	-0.196479	0.00518159	0.179137	0.298939	0.364339	0.379907	0.341796	0.260083	
0.173521	0.459959	0.752661	0.994007	1.13929	1.16306	1.06619	0.85765	0.58016	0.28337	0.023537	-0.182751	-0.330098	-0.430067	-0.478051	-0.468536	-0.386559	-0.235888	-0.0510356	0.11624	0.236955	0.311764	0.345508	0.3281	0.265414	
