6.54896e-33	2.77433e-34	1.12102e-35	4.32456e-37	1.61092e-38	5.41217e-39	1.33505e-37	3.51125e-36	8.81992e-35	2.11375e-33	4.82857e-32	1.05034e-30	2.17335e-29	4.27313e-28	7.97398e-27	1.41055e-25	2.36228e-24	3.74037e-23	5.5914e-22	7.87943e-21	1.04508e-19	1.30242e-18	1.52242e-17	1.66604e-16	1.70352e-15	
9.20488e-32	3.99416e-33	1.65243e-34	6.52419e-36	2.48688e-37	8.34605e-38	2.00767e-36	5.16142e-35	1.26685e-33	2.96549e-32	6.61392e-31	1.40401e-29	2.83379e-28	5.43198e-27	9.87704e-26	1.70149e-24	2.77328e-23	4.27083e-22	6.20508e-21	8.49225e-20	1.09301e-18	1.32068e-17	1.49535e-16	1.5835e-15	1.56506e-14	
1.21479e-30	5.40133e-32	2.28876e-33	9.25175e-35	3.60988e-36	1.21036e-36	2.83817e-35	7.1299e-34	1.70939e-32	3.90689e-31	8.5039e-30	1.76096e-28	3.46532e-27	6.4729e-26	1.14626e-24	1.92191e-23	3.0469e-22	4.56071e-21	6.4357e-20	8.54765e-19	1.06671e-17	1.24855e-16	1.36805e-15	1.40038e-14	1.33633e-13	
1.50259e-29	6.84867e-31	2.97351e-32	1.23104e-33	4.91846e-35	1.64792e-35	3.76526e-34	9.23977e-33	2.16304e-31	4.82507e-30	1.02456e-28	2.06868e-27	3.96717e-26	7.2174e-25	1.24406e-23	2.02903e-22	3.12682e-21	4.54612e-20	6.22608e-19	8.0186e-18	9.69441e-17	1.09816e-15	1.16323e-14	1.14974e-13	1.05801e-12	
1.73866e-28	8.12689e-30	3.61679e-31	1.53412e-32	6.27855e-34	2.10269e-34	4.67937e-33	1.1213e-31	2.56214e-30	5.57596e-29	1.15455e-27	2.27194e-26	4.2439e-25	7.51589e-24	1.26031e-22	1.99826e-21	2.99138e-20	4.22148e-19	5.60683e-18	6.99637e-17	8.18704e-16	8.96655e-15	9.17193e-14	8.74311e-13	7.74844e-12	
1.87823e-27	9.00722e-29	4.11052e-30	1.78703e-31	7.49433e-33	2.50962e-33	5.43743e-32	1.27185e-30	2.83551e-29	6.0179e-28	1.21452e-26	2.32815e-25	4.23389e-24	7.29516e-23	1.18935e-21	1.83206e-20	2.66238e-19	3.64416e-18	4.69008e-17	5.66537e-16	6.41062e-15	6.7811e-14	6.69074e-13	6.14332e-12	5.23602e-11	
1.89028e-26	9.30445e-28	4.35596e-29	1.9417e-30	8.34731e-32	2.79621e-32	5.8959e-31	1.34567e-29	2.92601e-28	6.05343e-27	1.19023e-25	2.22151e-24	3.93107e-23	6.58631e-22	1.04336e-20	1.5604e-19	2.19972e-18	2.91808e-17	3.63619e-16	4.24807e-15	4.64353e-14	4.73887e-13	4.50467e-12	3.97865e-11	3.25641e-10	
1.7684e-25	8.93846e-27	4.2946e-28	1.96361e-29	8.65658e-31	2.90234e-31	5.95312e-30	1.32531e-28	2.80943e-27	5.66331e-26	1.08435e-24	1.96962e-23	3.38958e-22	5.51904e-21	8.48987e-20	1.23193e-18	1.68346e-17	2.16266e-16	2.60695e-15	2.94282e-14	3.10424e-13	3.05289e-12	2.79232e-11	2.36904e-10	1.85909e-09	
1.53427e-24	7.96698e-26	3.93009e-27	1.84391e-28	8.33915e-30	2.80012e-30	5.58492e-29	1.21229e-27	2.50437e-26	4.91685e-25	9.16333e-24	1.61899e-22	2.70817e-21	4.28278e-20	6.39346e-19	8.99509e-18	1.19065e-16	1.48006e-15	1.72437e-14	1.879e-13	1.91068e-12	1.80868e-11	1.58969e-10	1.29365e-09	9.71758e-09	
1.23148e-23	6.57239e-25	3.33012e-26	1.60386e-27	7.44403e-29	2.50516e-29	4.85689e-28	1.02755e-26	2.06779e-25	3.95225e-24	7.16598e-23	1.23091e-21	2.00028e-20	3.07058e-19	4.44559e-18	6.06018e-17	7.76433e-16	9.33143e-15	1.04983e-13	1.1032e-12	1.08023e-11	9.83064e-11	8.29173e-10	6.46242e-09	4.63888e-08	
9.12135e-23	5.00547e-24	2.60605e-25	1.28892e-26	6.14163e-28	2.07326e-28	3.90577e-27	8.05085e-26	1.57757e-24	2.93422e-23	5.17358e-22	8.63552e-21	1.36256e-19	2.02915e-18	2.84742e-17	3.75837e-16	4.65731e-15	5.40729e-14	5.86929e-13	5.942e-12	5.59655e-11	4.89052e-10	3.95316e-09	2.94633e-08	2.01757e-07	
6.21808e-22	3.51002e-23	1.87852e-24	9.54431e-26	4.67064e-27	1.58306e-27	2.897e-26	5.81598e-25	1.1093e-23	2.00697e-22	3.43967e-21	5.57643e-20	8.53892e-19	1.23297e-17	1.67594e-16	2.14049e-15	2.56364e-14	2.87317e-13	3.00627e-12	2.92937e-11	2.65112e-10	2.22189e-09	1.71895e-08	1.22331e-07	7.97774e-07	
3.89095e-21	2.26016e-22	1.24383e-23	6.49406e-25	3.26484e-26	1.1122e-26	1.97659e-25	3.86358e-24	7.1704e-23	1.26143e-21	2.10058e-20	3.30622e-19	4.91082e-18	6.87185e-17	9.04283e-16	1.11687e-14	1.29201e-13	1.39674e-12	1.40764e-11	1.31902e-10	1.14589e-09	9.20054e-09	6.80404e-08	4.61708e-07	2.86293e-06	
2.22885e-20	1.33269e-21	7.54391e-23	4.04852e-24	2.0916e-25	7.169e-26	1.23707e-24	2.35364e-23	4.24904e-22	7.26595e-21	1.17522e-19	1.79514e-18	2.58535e-17	3.50439e-16	4.46229e-15	5.32686e-14	5.9484e-13	6.19889e-12	6.01306e-11	5.41411e-10	4.51109e-09	3.4666e-08	2.44789e-07	1.58191e-06	9.31341e-06	
1.16563e-19	7.17599e-21	4.17915e-22	2.30579e-23	1.22443e-24	4.22697e-25	7.0812e-24	1.31109e-22	2.30183e-21	3.82515e-20	6.00762e-19	8.90307e-18	1.24284e-16	1.63128e-15	2.00919e-14	2.31722e-13	2.49668e-12	2.50682e-11	2.33919e-10	2.02257e-09	1.61517e-08	1.18703e-07	7.99668e-07	4.91656e-06	2.74531e-05	
5.55086e-19	3.51893e-20	2.10867e-21	1.19625e-22	6.53014e-24	2.27269e-24	3.69607e-23	6.65859e-22	1.13671e-20	1.83539e-19	2.79856e-18	4.02297e-17	5.44239e-16	6.91556e-15	8.23688e-14	9.17539e-13	9.53591e-12	9.22214e-11	8.27536e-10	6.86849e-09	5.25479e-08	3.69157e-07	2.37132e-06	1.38627e-05	7.33651e-05	
2.40106e-18	1.5674e-19	9.66426e-21	5.63715e-22	3.16341e-23	1.11069e-23	1.75362e-22	3.07386e-21	5.10232e-20	8.00449e-19	1.18489e-17	1.65215e-16	2.16591e-15	2.6643e-14	3.0686e-13	3.30139e-12	3.30942e-11	3.08251e-10	2.65977e-09	2.11898e-08	1.55298e-07	1.0428e-06	6.38669e-06	3.54978e-05	0.000178041	
9.41266e-18	6.32617e-19	4.01279e-20	2.40628e-21	1.38797e-22	4.91776e-23	7.53896e-22	1.28593e-20	2.07575e-19	3.16439e-18	4.54817e-17	6.15229e-16	7.81723e-15	9.31069e-14	1.03717e-12	1.07795e-11	1.0425e-10	9.35465e-10	7.76387e-09	5.93899e-08	4.17117e-07	2.67827e-06	1.56469e-05	8.27292e-05	0.000393487	
3.33766e-17	2.30864e-18	1.50599e-19	9.28073e-21	5.50064e-22	1.96617e-22	2.92736e-21	4.86047e-20	7.6323e-19	1.13104e-17	1.57905e-16	2.07303e-15	2.5541e-14	2.94688e-13	3.17661e-12	3.19115e-11	2.97929e-10	2.57724e-09	2.0589e-08	1.51346e-07	1.01955e-06	6.26609e-06	3.49586e-05	0.000176048	0.000795194	
1.06883e-16	7.60387e-18	5.09807e-19	3.22689e-20	1.96417e-21	7.07528e-22	1.02347e-20	1.65507e-19	2.52974e-18	3.64655e-17	4.94841e-16	6.30954e-15	7.54371e-14	8.43846e-13	8.81023e-12	8.56292e-11	7.72552e-10	6.44983e-09	4.96582e-08	3.51244e-07	2.27288e-06	1.33923e-05	7.14776e-05	0.000343524	0.00147682	
3.08749e-16	2.25713e-17	1.55405e-18	1.00951e-19	6.3055e-21	2.28453e-21	3.2124e-20	5.06395e-19	7.54096e-18	1.05837e-16	1.39744e-15	1.73245e-14	2.01235e-13	2.1851e-12	2.21253e-11	2.08347e-10	1.81923e-09	1.46822e-08	1.09133e-07	7.4418e-07	4.63515e-06	2.62424e-05	0.000134316	0.000617702	0.00253485	
8.0391e-16	6.03204e-17	4.26006e-18	2.83703e-19	1.81642e-20	6.6005e-21	9.02871e-20	1.38909e-18	2.01791e-17	2.76123e-16	3.55241e-15	4.28838e-14	4.84703e-13	5.11748e-12	5.03423e-11	4.60157e-10	3.89642e-09	3.0463e-08	2.19099e-07	1.44383e-06	8.67851e-06	4.73426e-05	0.000233073	0.001029	0.00404495	
1.886e-15	1.45026e-16	1.04911e-17	7.1528e-19	4.68773e-20	1.70253e-20	2.26771e-19	3.41061e-18	4.84132e-17	6.47007e-16	8.1254e-15	9.56941e-14	1.05457e-12	1.08487e-11	1.03912e-10	9.24103e-10	7.60671e-09	5.77594e-08	4.03064e-07	2.57425e-06	1.49779e-05	7.89837e-05	0.000375313	0.00159658	0.00603588	
3.98606e-15	3.13545e-16	2.31915e-17	1.61608e-18	1.08227e-19	3.91419e-20	5.08351e-19	7.48871e-18	1.04085e-16	1.36146e-15	1.67268e-14	1.92628e-13	2.07468e-12	2.08474e-11	1.94931e-10	1.69117e-09	1.35708e-08	1.00377e-07	6.81729e-07	4.23354e-06	2.39255e-05	0.000122402	0.000563531	0.00231923	0.00846847	
7.5897e-15	6.09366e-16	4.59886e-17	3.26873e-18	2.23228e-19	8.01381e-20	1.01665e-18	1.47034e-17	2.00579e-16	2.57417e-15	3.10187e-14	3.50214e-13	3.69641e-12	3.63829e-11	3.3306e-10	2.82741e-09	2.21874e-08	1.60379e-07	1.06372e-06	6.44566e-06	3.55127e-05	0.000176945	0.000792503	0.00316895	0.0112266	
1.30204e-14	1.06431e-15	8.17542e-17	5.91285e-18	4.10788e-19	1.46086e-19	1.81456e-18	2.58308e-17	3.46766e-16	4.37823e-15	5.18883e-14	5.76003e-13	5.97544e-12	5.7786e-11	5.19526e-10	4.32952e-09	3.3336e-08	2.36307e-07	1.53609e-06	9.11652e-06	4.9158e-05	0.000239515	0.00104803	0.00408982	0.0141236	
2.01283e-14	1.67023e-15	1.30213e-16	9.55641e-18	6.73551e-19	2.37175e-19	2.89303e-18	4.06468e-17	5.38487e-16	6.70813e-15	7.84224e-14	8.58542e-13	8.78131e-12	8.37033e-11	7.41519e-10	6.08695e-09	4.61478e-08	3.21964e-07	2.0589e-06	1.20144e-05	6.36592e-05	0.000304579	0.0013077	0.0050031	0.0169226	
2.80438e-14	2.35462e-15	1.85718e-16	1.37878e-17	9.82848e-19	3.43082e-19	4.12437e-18	5.73572e-17	7.52078e-16	9.27171e-15	1.07253e-13	1.16164e-12	1.17525e-11	1.10788e-10	9.704e-10	7.87406e-09	5.89926e-08	4.06595e-07	2.56768e-06	1.47905e-05	7.73248e-05	0.000364845	0.00154389	0.00581785	0.0193685	
3.52191e-14	2.98164e-15	2.37105e-16	1.77458e-17	1.2751e-18	4.42279e-19	5.26182e-18	7.26499e-17	9.45736e-16	1.15744e-14	1.32907e-13	1.42879e-12	1.43464e-11	1.34203e-10	1.16632e-09	9.38838e-09	6.9764e-08	4.76809e-07	2.98513e-06	1.70422e-05	8.8276e-05	0.000412534	0.0017283	0.00644501	0.0212228	
3.98728e-14	3.39108e-15	2.70887e-16	2.03651e-17	1.46976e-18	5.08111e-19	6.01014e-18	8.26485e-17	1.07157e-15	1.30616e-14	1.49373e-13	1.59922e-12	1.59909e-11	1.48956e-10	1.28898e-09	1.03303e-08	7.64197e-08	5.19899e-07	3.23952e-06	1.84043e-05	9.48503e-05	0.000440933	0.00183719	0.00681203	0.0222975	
4.06959e-14	3.46371e-15	2.76896e-16	2.08324e-17	1.50461e-18	5.20153e-19	6.14713e-18	8.44717e-17	1.09443e-15	1.33307e-14	1.52342e-13	1.62983e-12	1.62852e-11	1.51586e-10	1.31077e-09	1.0497e-08	7.75936e-08	5.27471e-07	3.28406e-06	1.8642e-05	9.5993e-05	0.00044585	0.00185598	0.00687508	0.0224813	
3.74437e-14	3.1771e-15	2.53212e-16	1.89931e-17	1.36775e-18	4.74432e-19	5.62973e-18	7.75652e-17	1.00759e-15	1.23053e-14	1.40999e-13	1.51255e-12	1.51546e-11	1.41454e-10	1.22661e-09	9.85148e-09	7.30373e-08	4.98009e-07	3.11036e-06	1.77132e-05	9.15169e-05	0.000426547	0.00178209	0.00662654	0.0217551	
3.1053e-14	2.61683e-15	2.07148e-16	1.54339e-17	1.10416e-18	3.85556e-19	4.61592e-18	6.39728e-17	8.35938e-16	1.02699e-14	1.18385e-13	1.27769e-12	1.28806e-11	1.20984e-10	1.05582e-09	8.53523e-09	6.37026e-08	4.37348e-07	2.75084e-06	1.57804e-05	8.21494e-05	0.000385904	0.00162553	0.0060963	0.0201943	
2.32079e-14	1.9353e-15	1.51616e-16	1.1181e-17	7.91888e-19	2.79172e-19	3.38707e-18	4.73666e-17	6.24571e-16	7.74368e-15	9.00952e-14	9.81549e-13	9.99007e-12	9.47494e-11	8.35107e-10	6.81966e-09	5.1429e-08	3.56864e-07	2.26936e-06	1.31666e-05	6.93511e-05	0.000329776	0.00140686	0.00534667	0.017959	
1.56268e-14	1.28513e-15	9.93068e-17	7.22467e-18	5.04914e-19	1.80084e-19	2.22285e-18	3.14595e-17	4.19857e-16	5.26962e-15	6.20764e-14	6.84886e-13	7.06079e-12	6.78495e-11	6.06063e-10	5.01737e-09	3.83714e-08	2.70119e-07	1.74339e-06	1.02711e-05	5.49643e-05	0.000265705	0.00115314	0.00446176	0.015271	
9.47775e-15	7.66299e-16	5.82305e-17	4.16682e-18	2.86515e-19	1.03465e-19	1.30362e-18	1.87242e-17	2.53651e-16	3.23224e-15	3.86682e-14	4.33382e-13	4.5401e-12	4.43469e-11	4.02808e-10	3.39231e-09	2.64033e-08	1.89256e-07	1.24444e-06	7.47382e-06	4.07996e-05	0.000201353	0.000892901	0.00353356	0.0123832	
5.17673e-15	4.1037e-16	3.05838e-17	2.14703e-18	1.44879e-19	5.29359e-20	6.82645e-19	9.97688e-18	1.37556e-16	1.78458e-15	2.17433e-14	2.48278e-13	2.65095e-12	2.64029e-11	2.44648e-10	2.10288e-09	1.67144e-08	1.22423e-07	8.23113e-07	5.05855e-06	2.82813e-05	0.000143077	0.000651088	0.0026472	0.00954371	
2.54607e-15	1.97419e-16	1.43972e-17	9.89383e-19	6.53739e-20	2.41208e-20	3.19032e-19	4.75571e-18	6.6899e-17	8.85862e-16	1.10211e-14	1.28561e-13	1.40297e-12	1.42892e-11	1.35472e-10	1.19217e-09	9.70797e-09	7.29004e-08	5.02929e-07	3.17426e-06	1.82439e-05	9.49883e-05	0.000445413	0.00186869	0.00696259	
1.12758e-15	8.5349e-17	6.07905e-18	4.08195e-19	2.63619e-20	9.79462e-21	1.33079e-19	2.02759e-18	2.91635e-17	3.95044e-16	5.03018e-15	6.00866e-14	6.71865e-13	7.01573e-12	6.82402e-11	6.16556e-10	5.15879e-09	3.98394e-08	2.82921e-07	1.84007e-06	1.09105e-05	5.86806e-05	0.00028465	0.0012374	0.00478582	
4.49746e-16	3.31775e-17	2.30438e-18	1.5097e-19	9.5152e-21	3.54867e-21	4.95868e-20	7.73532e-19	1.13967e-17	1.58222e-16	2.06603e-15	2.53241e-14	2.90758e-13	3.11982e-12	3.12063e-11	2.90193e-10	2.50134e-09	1.99198e-08	1.46036e-07	9.81695e-07	6.02444e-06	3.35846e-05	0.000169142	0.000764798	0.00308309	
1.61636e-16	1.1606e-17	7.85122e-19	5.01278e-20	3.07971e-21	1.14924e-21	1.65283e-20	2.64354e-19	3.99542e-18	5.6936e-17	7.63626e-16	9.62067e-15	1.13621e-13	1.25506e-12	1.29351e-11	1.24057e-10	1.10398e-09	9.08703e-09	6.89424e-08	4.8027e-07	3.0589e-06	1.77279e-05	9.29929e-05	0.000438871	0.0018509	
5.23874e-17	3.6578e-18	2.40784e-19	1.49694e-20	8.9569e-22	3.33449e-22	4.93826e-21	8.10646e-20	1.25823e-18	1.84258e-17	2.54139e-16	3.2952e-15	4.00849e-14	4.56479e-13	4.85486e-12	4.80991e-11	4.42676e-10	3.77307e-09	2.9683e-08	2.14739e-07	1.42274e-06	8.5933e-06	4.70757e-05	0.000232562	0.00102938	
1.53315e-17	1.04025e-18	6.65931e-20	4.02889e-21	2.34638e-22	8.69145e-23	1.32578e-21	2.23537e-20	3.56592e-19	5.37078e-18	7.62453e-17	1.01838e-15	1.27725e-14	1.50107e-13	1.64927e-12	1.68996e-11	1.61058e-10	1.42343e-09	1.16288e-08	8.75063e-08	6.04142e-07	3.81012e-06	2.18434e-05	0.000113217	0.00052727	
4.05826e-18	2.67472e-19	1.66452e-20	9.79654e-22	5.55117e-23	2.04125e-23	3.20723e-22	5.55696e-21	9.11527e-20	1.41276e-18	2.06547e-17	2.84354e-16	3.67937e-15	4.46556e-14	5.07243e-13	5.37974e-12	5.31362e-11	4.87396e-10	4.139e-09	3.24311e-08	2.33591e-07	1.5402e-06	9.25389e-06	5.04022e-05	0.000247418	
9.73582e-19	6.23188e-20	3.76942e-21	2.15784e-22	1.18947e-23	4.33323e-24	7.01209e-23	1.24881e-21	2.10698e-20	3.36135e-19	5.06258e-18	7.1862e-17	9.59635e-16	1.20322e-14	1.41352e-13	1.55236e-12	1.58979e-11	1.51418e-10	1.33732e-09	1.09173e-08	8.2088e-08	5.66279e-07	3.56845e-06	2.04419e-05	0.000105875	
2.12171e-19	1.31898e-20	7.75429e-22	4.31764e-23	2.31525e-24	8.34149e-25	1.38987e-23	2.54449e-22	4.41605e-21	7.25244e-20	1.12536e-18	1.64719e-17	2.27032e-16	2.94108e-15	3.5738e-14	4.06453e-13	4.31645e-12	4.26942e-11	3.9222e-10	3.33647e-09	2.61934e-08	1.89081e-07	1.24993e-06	7.53254e-06	4.11738e-05	
4.21081e-20	2.54267e-21	1.45311e-22	7.87074e-24	4.10611e-25	1.46084e-25	2.50545e-24	4.7148e-23	8.41665e-22	1.42284e-20	2.27445e-19	3.43256e-18	4.88268e-17	6.53452e-16	8.21203e-15	9.67087e-14	1.06485e-12	1.09361e-11	1.04483e-10	9.25958e-10	7.58815e-09	5.73036e-08	3.97264e-07	2.51769e-06	1.45185e-05	
7.63044e-21	4.47666e-22	2.48753e-23	1.31098e-24	6.65521e-26	2.335e-26	4.1204e-25	7.96895e-24	1.463e-22	2.54535e-21	4.19076e-20	6.51971e-19	9.5688e-18	1.32262e-16	1.71853e-15	2.09492e-14	2.39079e-13	2.54846e-12	2.53103e-11	2.33572e-10	1.99696e-09	1.57667e-08	1.14552e-07	7.62877e-07	4.63692e-06	
1.26589e-21	7.21813e-23	3.90102e-24	2.00096e-25	9.88725e-27	3.41706e-27	6.20126e-26	1.23231e-24	2.32606e-23	4.16379e-22	7.05878e-21	1.13166e-19	1.7131e-18	2.44462e-17	3.28275e-16	4.14043e-15	4.89498e-14	5.41263e-13	5.58462e-12	5.36288e-11	4.77989e-10	3.94225e-09	2.99877e-08	2.09627e-07	1.34132e-06	
1.92782e-22	1.06877e-23	5.61996e-25	2.80655e-26	1.35026e-27	4.59213e-28	8.56657e-27	1.74864e-25	3.3925e-24	6.24603e-23	1.08989e-21	1.7999e-20	2.80906e-19	4.13655e-18	5.73783e-17	7.48355e-16	9.15966e-15	1.04994e-13	1.12459e-12	1.12284e-11	1.04234e-10	8.97101e-10	7.13636e-09	5.2295e-08	3.51723e-07	
