0.115562	0.0670883	0.016368	-0.023736	-0.033008	-0.0322026	-0.031232	-0.00301158	0.0475994	0.0954043	0.148737	0.209027	0.269037	0.323445	0.331371	0.286696	0.22883	0.179755	0.145103	0.126724	0.127362	0.145227	0.175081	0.209432	0.239437	
0.0407368	-0.0574653	-0.153253	-0.235673	-0.27706	-0.283218	-0.257528	-0.18984	-0.0956508	0.000217516	0.105146	0.214028	0.313489	0.389639	0.409787	0.375682	0.32105	0.261237	0.208609	0.172761	0.159336	0.167765	0.195519	0.229062	0.263054	
-0.0130163	-0.167027	-0.305292	-0.416289	-0.479705	-0.489421	-0.448298	-0.353614	-0.225018	-0.0761431	0.0849274	0.23965	0.367827	0.461836	0.498389	0.47948	0.428869	0.359611	0.290327	0.241627	0.210366	0.202713	0.216466	0.246506	0.285365	
-0.0566434	-0.260756	-0.434553	-0.566321	-0.643272	-0.655328	-0.604906	-0.492822	-0.334692	-0.140709	0.0715421	0.270995	0.431871	0.542569	0.590874	0.57688	0.5271	0.450344	0.369786	0.30927	0.266966	0.241911	0.241095	0.264206	0.303149	
-0.0962257	-0.334156	-0.528378	-0.676549	-0.764599	-0.779318	-0.720015	-0.59406	-0.41685	-0.195779	0.0572332	0.298659	0.489579	0.616776	0.676319	0.672388	0.621059	0.531795	0.436993	0.360984	0.308973	0.272531	0.260939	0.276361	0.30946	
-0.120667	-0.383904	-0.59609	-0.757879	-0.855335	-0.872161	-0.805527	-0.667293	-0.474762	-0.231314	0.0518972	0.321646	0.531841	0.672714	0.748514	0.757905	0.701079	0.597351	0.486306	0.392814	0.332161	0.289544	0.272511	0.284414	0.316068	
-0.13314	-0.41144	-0.639408	-0.810521	-0.914321	-0.932695	-0.861334	-0.71428	-0.509823	-0.248955	0.0475142	0.334799	0.560269	0.716295	0.808756	0.827355	0.771893	0.659788	0.534582	0.425445	0.346044	0.300372	0.280893	0.290493	0.322722	
-0.13644	-0.422699	-0.659211	-0.839165	-0.951613	-0.971675	-0.893849	-0.737419	-0.524694	-0.255231	0.0482029	0.3455	0.585537	0.752907	0.853662	0.880296	0.826226	0.711221	0.583045	0.46941	0.379301	0.326446	0.299881	0.304702	0.332651	
-0.126383	-0.414517	-0.655518	-0.839934	-0.960302	-0.982181	-0.897562	-0.735897	-0.517941	-0.245513	0.0572648	0.354147	0.600501	0.776536	0.883425	0.914499	0.861931	0.755627	0.639182	0.534534	0.443461	0.380599	0.345649	0.338778	0.352784	
-0.102439	-0.386443	-0.625232	-0.814076	-0.935855	-0.958577	-0.872478	-0.707894	-0.487386	-0.219978	0.0733387	0.354575	0.599015	0.776213	0.885666	0.920541	0.881513	0.796874	0.701104	0.608265	0.521969	0.45474	0.413795	0.39191	0.387515	
-0.073779	-0.341416	-0.574134	-0.76198	-0.882329	-0.903855	-0.820552	-0.654978	-0.439925	-0.183069	0.091149	0.352734	0.579057	0.747806	0.855731	0.903147	0.886502	0.829591	0.750448	0.669825	0.590306	0.519639	0.468752	0.435256	0.41391	
-0.037803	-0.282417	-0.504673	-0.681448	-0.794607	-0.814838	-0.73575	-0.581851	-0.374961	-0.137564	0.114616	0.352854	0.548174	0.704963	0.810628	0.868482	0.876222	0.841981	0.781822	0.706028	0.62532	0.547838	0.480881	0.436988	0.40278	
0.00576764	-0.214867	-0.420899	-0.582627	-0.68344	-0.701868	-0.631277	-0.492307	-0.299396	-0.0842801	0.143455	0.355669	0.52434	0.662674	0.761026	0.819257	0.841299	0.824914	0.774027	0.696696	0.610218	0.519311	0.444087	0.389027	0.349052	
0.0562274	-0.145788	-0.328622	-0.479567	-0.56868	-0.584646	-0.523999	-0.394414	-0.221476	-0.0266275	0.180314	0.36752	0.517571	0.630948	0.714874	0.765111	0.784297	0.767918	0.71113	0.629657	0.539102	0.443692	0.36242	0.29829	0.256735	
0.108703	-0.0811464	-0.249028	-0.387974	-0.470842	-0.485253	-0.428774	-0.30911	-0.151187	0.0313428	0.222283	0.390934	0.523285	0.613987	0.678984	0.707977	0.706852	0.670114	0.602314	0.515042	0.420991	0.328907	0.25097	0.189858	0.146975	
0.155494	-0.0298825	-0.190738	-0.32219	-0.401405	-0.416486	-0.360802	-0.247789	-0.0980281	0.0808107	0.261248	0.41895	0.539929	0.613943	0.654208	0.654455	0.622275	0.556875	0.472199	0.38205	0.287387	0.206926	0.141933	0.0920606	0.0522178	
0.182303	-0.0018709	-0.164154	-0.294473	-0.377664	-0.393287	-0.334405	-0.220329	-0.0707933	0.108949	0.285623	0.438622	0.55589	0.621762	0.642515	0.620185	0.555465	0.461874	0.362038	0.270085	0.18479	0.113949	0.0579881	0.0101787	-0.0287641	
0.175246	-0.0145806	-0.18551	-0.324043	-0.414986	-0.431268	-0.367654	-0.245376	-0.0868639	0.099808	0.281593	0.4367	0.556904	0.625157	0.639132	0.599388	0.507973	0.392432	0.284935	0.196075	0.117054	0.0517148	0.000942277	-0.0438938	-0.0853202	
0.13307	-0.0686946	-0.254917	-0.404337	-0.499338	-0.51779	-0.449578	-0.321053	-0.145872	0.0521448	0.247801	0.413872	0.540271	0.611817	0.624049	0.57376	0.476992	0.355073	0.246169	0.154946	0.078863	0.0155308	-0.0330936	-0.0787936	-0.126281	
0.0650066	-0.149935	-0.35187	-0.511421	-0.607299	-0.62549	-0.557659	-0.422575	-0.233459	-0.0211909	0.190594	0.370504	0.497602	0.569142	0.581432	0.53556	0.448767	0.340398	0.234718	0.143597	0.0672717	0.00525194	-0.0464367	-0.099901	-0.160296	
-0.00972599	-0.24105	-0.459729	-0.638337	-0.741648	-0.758814	-0.689869	-0.538009	-0.33101	-0.102497	0.123335	0.308812	0.435741	0.505544	0.523257	0.488963	0.418571	0.332569	0.239512	0.154575	0.0815661	0.0181527	-0.0381244	-0.0979211	-0.169179	
-0.0943368	-0.34059	-0.581331	-0.785319	-0.903372	-0.923421	-0.844651	-0.670338	-0.438515	-0.191902	0.0437906	0.235627	0.367122	0.441271	0.469473	0.450708	0.407909	0.345377	0.26716	0.185382	0.112463	0.0445493	-0.0189705	-0.0862397	-0.164325	
-0.193843	-0.464143	-0.732171	-0.960161	-1.09367	-1.11668	-1.02675	-0.830856	-0.573749	-0.299715	-0.0437706	0.166058	0.310849	0.395797	0.43501	0.437859	0.422154	0.38464	0.321195	0.24071	0.158329	0.0817789	0.00696809	-0.0726991	-0.164295	
-0.313243	-0.615187	-0.912903	-1.15686	-1.30449	-1.32913	-1.22973	-1.01928	-0.737922	-0.431811	-0.14618	0.0920047	0.262643	0.367946	0.423554	0.451003	0.46059	0.446996	0.400726	0.32482	0.235251	0.14081	0.0461437	-0.0529568	-0.16196	
-0.451191	-0.778317	-1.09539	-1.35528	-1.51392	-1.54128	-1.43299	-1.20894	-0.908927	-0.579879	-0.270782	-0.00819149	0.199484	0.33927	0.425585	0.483438	0.518485	0.524652	0.494756	0.429227	0.338197	0.228939	0.106276	-0.0250997	-0.15472	
-0.592666	-0.929515	-1.26097	-1.52893	-1.69687	-1.72756	-1.60958	-1.37846	-1.06597	-0.724825	-0.404065	-0.119718	0.121978	0.306166	0.435613	0.526379	0.581721	0.599663	0.585255	0.531973	0.442578	0.323932	0.181409	0.023484	-0.127687	
-0.725338	-1.06747	-1.39756	-1.65964	-1.82232	-1.85128	-1.73841	-1.51323	-1.20436	-0.860736	-0.530094	-0.227129	0.0438095	0.266083	0.433027	0.556909	0.632435	0.669103	0.667196	0.626096	0.539372	0.417778	0.2625	0.090933	-0.0796147	
-0.847596	-1.18759	-1.50222	-1.74093	-1.88205	-1.90577	-1.81036	-1.60841	-1.31921	-0.983627	-0.646768	-0.328239	-0.0362057	0.213245	0.412062	0.56677	0.670307	0.733268	0.748477	0.714171	0.631956	0.507474	0.345564	0.159157	-0.0348435	
-0.93938	-1.27263	-1.57293	-1.79406	-1.91661	-1.93729	-1.85527	-1.67276	-1.39963	-1.07439	-0.736237	-0.408161	-0.105191	0.165883	0.393146	0.57022	0.693841	0.771778	0.803405	0.777469	0.700334	0.57878	0.414767	0.217008	0.00120394	
-0.99197	-1.31543	-1.60679	-1.82151	-1.93852	-1.95694	-1.88125	-1.70329	-1.43885	-1.12305	-0.791851	-0.463005	-0.152276	0.137237	0.386007	0.579974	0.71181	0.796533	0.829625	0.806273	0.734145	0.613967	0.446874	0.243543	0.0152862	
-1.00072	-1.32237	-1.61231	-1.82652	-1.94362	-1.96165	-1.88623	-1.70873	-1.4445	-1.1314	-0.801809	-0.473746	-0.161241	0.132136	0.385222	0.581731	0.71479	0.799941	0.833367	0.809129	0.739094	0.61835	0.450666	0.246716	0.0165895	
-0.964914	-1.2948	-1.58997	-1.80813	-1.92692	-1.94622	-1.86803	-1.68818	-1.41973	-1.09902	-0.762621	-0.433929	-0.127136	0.15212	0.389569	0.574342	0.701618	0.783284	0.817193	0.793289	0.71828	0.597037	0.432418	0.231529	0.00927413	
-0.889453	-1.22658	-1.53511	-1.76493	-1.89715	-1.91968	-1.83021	-1.63819	-1.35631	-1.02508	-0.686963	-0.362877	-0.0659558	0.192052	0.403043	0.56719	0.681351	0.751721	0.774264	0.743339	0.663251	0.539319	0.376058	0.184784	-0.0182623	
-0.776185	-1.1188	-1.44311	-1.69728	-1.85239	-1.87897	-1.77296	-1.5553	-1.25355	-0.912283	-0.578212	-0.268793	0.0117103	0.246007	0.426032	0.563142	0.649181	0.696892	0.701082	0.662617	0.577097	0.454275	0.296248	0.1194	-0.0605887	
-0.646776	-0.986073	-1.3194	-1.58712	-1.75591	-1.7864	-1.66819	-1.43698	-1.12366	-0.780317	-0.455434	-0.163193	0.0906479	0.291873	0.437273	0.541765	0.603479	0.627458	0.618399	0.570223	0.482035	0.361079	0.213412	0.0494457	-0.109755	
-0.509086	-0.840457	-1.16466	-1.42872	-1.592	-1.62141	-1.50765	-1.28009	-0.973956	-0.638934	-0.325003	-0.0524376	0.168883	0.326549	0.429238	0.500117	0.544668	0.555325	0.531694	0.471872	0.380976	0.268196	0.134852	-0.00914406	-0.147145	
-0.367186	-0.680513	-0.987269	-1.23732	-1.38963	-1.41497	-1.31256	-1.09609	-0.807428	-0.489885	-0.193622	0.0551864	0.239752	0.357473	0.422773	0.46241	0.48165	0.477357	0.438082	0.365536	0.274525	0.173344	0.0678302	-0.0428849	-0.160649	
-0.238625	-0.522048	-0.802164	-1.03716	-1.17703	-1.20088	-1.10661	-0.904593	-0.636852	-0.350008	-0.0816967	0.138841	0.292074	0.38363	0.427991	0.440317	0.434727	0.406295	0.350213	0.270384	0.184755	0.10167	0.0205169	-0.0655765	-0.163611	
-0.1325	-0.386298	-0.637048	-0.85122	-0.975616	-0.997136	-0.913521	-0.72983	-0.488351	-0.232128	0.00930653	0.206981	0.342457	0.420015	0.4527	0.442351	0.411236	0.35882	0.285347	0.204607	0.128582	0.0581554	-0.00945048	-0.0818106	-0.164289	
-0.0415873	-0.278834	-0.506021	-0.694777	-0.803598	-0.821481	-0.749527	-0.58871	-0.372018	-0.136659	0.093412	0.280425	0.408175	0.478856	0.500375	0.471178	0.410427	0.333509	0.247498	0.164284	0.0927417	0.0276577	-0.0314374	-0.0929987	-0.166979	
0.0354316	-0.186275	-0.393937	-0.559466	-0.657243	-0.674286	-0.607417	-0.466902	-0.271992	-0.0537214	0.164704	0.347731	0.474122	0.544784	0.558825	0.517729	0.436403	0.336879	0.234897	0.145885	0.0704493	0.00770422	-0.0455614	-0.102582	-0.16759	
0.10763	-0.099086	-0.291754	-0.445323	-0.54058	-0.55966	-0.490659	-0.359958	-0.178755	0.0247758	0.227212	0.399653	0.526967	0.5982	0.609829	0.559829	0.465852	0.347432	0.238278	0.146533	0.0711144	0.00832842	-0.0410192	-0.0891468	-0.141414	
0.162174	-0.0314865	-0.208308	-0.350988	-0.444187	-0.461649	-0.395243	-0.270676	-0.105582	0.0850067	0.271064	0.430025	0.5521	0.622916	0.636291	0.590584	0.494663	0.373744	0.266066	0.176864	0.0983377	0.0342936	-0.0153375	-0.0590398	-0.102171	
0.183678	-0.00187758	-0.166537	-0.299212	-0.385862	-0.401323	-0.340805	-0.223297	-0.0719982	0.109995	0.287851	0.440424	0.557995	0.623765	0.640383	0.611647	0.533964	0.430097	0.32657	0.235468	0.154305	0.0857433	0.0317188	-0.0151338	-0.0549048	
0.169743	-0.0147023	-0.175104	-0.304929	-0.385392	-0.400773	-0.343686	-0.231315	-0.0828223	0.0959338	0.273732	0.429584	0.548036	0.617139	0.648305	0.638745	0.593552	0.516026	0.423702	0.333356	0.241515	0.165942	0.105165	0.0566938	0.0179856	
0.12848	-0.058663	-0.22254	-0.357779	-0.438856	-0.453415	-0.397692	-0.281183	-0.127788	0.0524046	0.238331	0.401415	0.528716	0.612174	0.667423	0.6849	0.671493	0.62411	0.550892	0.462091	0.366329	0.27827	0.205497	0.149442	0.106802	
0.0771094	-0.119202	-0.294412	-0.440387	-0.526616	-0.542041	-0.483035	-0.358079	-0.191588	-0.00365491	0.196925	0.375726	0.518305	0.621892	0.699078	0.742299	0.755851	0.732341	0.672418	0.588202	0.496987	0.401743	0.319522	0.254656	0.213104	
0.0253822	-0.187018	-0.383829	-0.541416	-0.63682	-0.654742	-0.588133	-0.453038	-0.268319	-0.0613411	0.157463	0.359544	0.520483	0.64825	0.74193	0.798102	0.82112	0.807685	0.755113	0.676512	0.588187	0.493643	0.416702	0.357094	0.316313	
-0.021234	-0.25594	-0.472874	-0.643627	-0.752174	-0.771555	-0.695717	-0.547726	-0.345572	-0.117012	0.125297	0.352913	0.53666	0.687427	0.790699	0.8498	0.864858	0.839341	0.78494	0.708775	0.62534	0.543143	0.471818	0.424063	0.386448	
-0.0602308	-0.318921	-0.548509	-0.732016	-0.850939	-0.871791	-0.789485	-0.627999	-0.415418	-0.165888	0.0997132	0.352785	0.567039	0.731606	0.838944	0.891175	0.885134	0.837766	0.766153	0.688688	0.610184	0.537578	0.47976	0.441263	0.414856	
