0.137693	0.249034	0.365694	0.457906	0.509893	0.519294	0.483309	0.40722	0.296725	0.180096	0.0825342	0.00163969	-0.0779516	-0.148182	-0.192661	-0.203291	-0.180692	-0.132772	-0.0586015	0.0314211	0.110075	0.137686	0.107798	0.0252151	-0.0847038	
-0.0680977	0.00295421	0.0922738	0.167278	0.203167	0.20868	0.185801	0.126318	0.0372845	-0.0427571	-0.0991732	-0.142298	-0.180574	-0.221535	-0.25045	-0.244617	-0.20953	-0.150259	-0.0673355	0.0275013	0.107411	0.132678	0.0942372	0.00484211	-0.121121	
-0.261036	-0.231291	-0.179149	-0.13306	-0.115244	-0.112236	-0.122896	-0.158398	-0.211869	-0.252817	-0.268433	-0.274539	-0.273978	-0.279461	-0.2835	-0.265514	-0.223634	-0.163278	-0.0825533	0.0111688	0.0896165	0.120431	0.0907638	0.0100795	-0.111135	
-0.418884	-0.427787	-0.420503	-0.410038	-0.410154	-0.4109	-0.408957	-0.41547	-0.426387	-0.424676	-0.406164	-0.3798	-0.344738	-0.316436	-0.290386	-0.25562	-0.21527	-0.162346	-0.0881527	-0.00159322	0.0772385	0.119998	0.111043	0.049719	-0.0559381	
-0.526409	-0.570238	-0.607344	-0.634846	-0.653945	-0.656361	-0.6442	-0.619647	-0.58547	-0.545321	-0.494487	-0.435705	-0.369198	-0.311796	-0.258238	-0.214494	-0.176118	-0.129624	-0.0621813	0.0210496	0.100344	0.153089	0.161153	0.120491	0.0322717	
-0.569421	-0.651199	-0.728753	-0.790456	-0.826095	-0.832407	-0.808197	-0.756466	-0.68346	-0.602321	-0.518977	-0.425558	-0.328107	-0.245341	-0.178118	-0.131165	-0.0984135	-0.052147	0.0149053	0.0951175	0.17274	0.230881	0.249387	0.220883	0.150119	
-0.538411	-0.660693	-0.775441	-0.867886	-0.918462	-0.926562	-0.893714	-0.816353	-0.708303	-0.587769	-0.465503	-0.344468	-0.227299	-0.127406	-0.0571866	-0.0120721	0.0223824	0.0709623	0.141662	0.220988	0.293391	0.345514	0.365927	0.343347	0.279299	
-0.446291	-0.607509	-0.757669	-0.872608	-0.938997	-0.950663	-0.90564	-0.808576	-0.670503	-0.509973	-0.355934	-0.212639	-0.0848495	0.0203801	0.09337	0.142842	0.184908	0.237896	0.304167	0.380907	0.451149	0.496819	0.511558	0.492255	0.429186	
-0.308546	-0.495924	-0.671341	-0.806	-0.883225	-0.897339	-0.844173	-0.730693	-0.569802	-0.381598	-0.205394	-0.0486099	0.0799322	0.182431	0.251369	0.305728	0.359644	0.414223	0.471884	0.540536	0.609535	0.655846	0.667141	0.644766	0.584945	
-0.14524	-0.340771	-0.528028	-0.671761	-0.752265	-0.766994	-0.711251	-0.592605	-0.418884	-0.22221	-0.0353732	0.124904	0.249705	0.339109	0.397153	0.448813	0.504268	0.557068	0.608633	0.669974	0.736921	0.792245	0.808662	0.785041	0.72448	
0.0150557	-0.174198	-0.356648	-0.494645	-0.571421	-0.58458	-0.532574	-0.419014	-0.250486	-0.0590102	0.121712	0.28137	0.397849	0.468249	0.509405	0.547124	0.591302	0.635841	0.68792	0.751877	0.824649	0.892221	0.920023	0.902055	0.840094	
0.153964	-0.0154578	-0.184536	-0.313173	-0.387174	-0.401221	-0.349017	-0.24291	-0.0856013	0.088005	0.249968	0.390618	0.491185	0.539214	0.560438	0.580904	0.613723	0.653262	0.706833	0.778186	0.860809	0.939174	0.980466	0.97322	0.918038	
0.252026	0.108674	-0.0379245	-0.156098	-0.228414	-0.242346	-0.190661	-0.0905928	0.0487464	0.197101	0.328627	0.435757	0.510985	0.544885	0.55046	0.556763	0.580602	0.619003	0.674296	0.748129	0.838698	0.931253	0.985079	0.992563	0.952053	
0.308619	0.195315	0.0662622	-0.0433191	-0.117441	-0.132625	-0.0779394	0.0193605	0.143254	0.266916	0.361316	0.426151	0.468093	0.486085	0.486455	0.485307	0.505649	0.549455	0.608501	0.685488	0.781003	0.877831	0.9441	0.966101	0.936709	
0.320607	0.241333	0.138843	0.0406175	-0.0288646	-0.0428385	0.00820475	0.09799	0.201319	0.293665	0.347824	0.375233	0.387274	0.389941	0.386164	0.387182	0.406796	0.454546	0.521139	0.600886	0.69597	0.790902	0.859697	0.893843	0.878241	
0.285514	0.248685	0.182487	0.107486	0.0566509	0.0467792	0.0834452	0.151227	0.224649	0.275185	0.291665	0.290603	0.283876	0.277439	0.271385	0.279509	0.303501	0.355116	0.425189	0.50875	0.599653	0.690363	0.761253	0.804221	0.799544	
0.230926	0.22633	0.192581	0.148905	0.1213	0.116713	0.135534	0.174735	0.215079	0.234161	0.218169	0.195052	0.170437	0.153601	0.149064	0.165618	0.198207	0.256688	0.333249	0.420631	0.513779	0.604343	0.678155	0.726516	0.727847	
0.170792	0.182749	0.171255	0.153372	0.141909	0.139439	0.147993	0.16388	0.18014	0.179516	0.148399	0.102439	0.0575323	0.0289072	0.0247259	0.0508827	0.0964101	0.163678	0.248652	0.34321	0.439939	0.536816	0.615348	0.664362	0.669541	
0.102318	0.122179	0.126321	0.122195	0.114195	0.111199	0.119111	0.125592	0.125339	0.113079	0.076336	0.0162969	-0.0464743	-0.0851669	-0.0914439	-0.0591864	0.00261405	0.0847507	0.177818	0.279849	0.381224	0.483741	0.569086	0.620642	0.624121	
0.0188314	0.0418327	0.050332	0.0480799	0.0351857	0.0310562	0.0436021	0.0511095	0.0462693	0.0309574	-0.00778038	-0.070258	-0.1411	-0.189442	-0.198111	-0.159324	-0.0775394	0.0240797	0.132504	0.242981	0.349695	0.452487	0.539396	0.587084	0.583731	
-0.0934554	-0.0702844	-0.0660357	-0.0699822	-0.0805869	-0.0835672	-0.0735853	-0.0672768	-0.066771	-0.0817377	-0.115935	-0.170477	-0.229487	-0.27445	-0.274402	-0.223067	-0.127757	-0.0149315	0.104613	0.226168	0.340676	0.447414	0.529695	0.56819	0.549385	
-0.220324	-0.202513	-0.201523	-0.209377	-0.213261	-0.213713	-0.211618	-0.204665	-0.200052	-0.210701	-0.238178	-0.27288	-0.308201	-0.324714	-0.30273	-0.235573	-0.135208	-0.0234194	0.0987116	0.225737	0.344699	0.451044	0.53082	0.55629	0.520711	
-0.334021	-0.322601	-0.324273	-0.333696	-0.344538	-0.347299	-0.338582	-0.327367	-0.321679	-0.328601	-0.341796	-0.353899	-0.355937	-0.336601	-0.28098	-0.200528	-0.105832	-0.00173807	0.113521	0.234108	0.348015	0.445709	0.515793	0.530417	0.473	
-0.412018	-0.41182	-0.411621	-0.428943	-0.454442	-0.459277	-0.43996	-0.416185	-0.410505	-0.413158	-0.40776	-0.396428	-0.373691	-0.319782	-0.232452	-0.136691	-0.0459839	0.0446156	0.144544	0.247734	0.346524	0.423752	0.466071	0.45893	0.382657	
-0.456999	-0.465573	-0.473916	-0.499806	-0.527657	-0.534011	-0.512089	-0.481505	-0.467874	-0.462223	-0.445056	-0.418883	-0.374605	-0.293242	-0.182386	-0.0693415	0.0216042	0.100342	0.176735	0.259046	0.33703	0.383138	0.38677	0.343259	0.242941	
-0.480644	-0.498687	-0.522844	-0.555066	-0.577536	-0.579978	-0.56679	-0.535339	-0.506725	-0.488165	-0.468574	-0.43313	-0.369792	-0.269059	-0.14401	-0.02305	0.0720041	0.144624	0.207382	0.264472	0.311557	0.318967	0.279083	0.199066	0.0740502	
-0.498687	-0.523565	-0.554343	-0.58757	-0.608309	-0.611337	-0.598178	-0.567979	-0.534525	-0.509208	-0.480311	-0.43748	-0.362142	-0.253334	-0.122963	0.00104662	0.0935594	0.160653	0.210817	0.242352	0.249361	0.218578	0.147141	0.0392956	-0.108563	
-0.522844	-0.554343	-0.573109	-0.599563	-0.624036	-0.628221	-0.611057	-0.582584	-0.562277	-0.537899	-0.494837	-0.438329	-0.363689	-0.253641	-0.119738	0.00790851	0.10054	0.156004	0.18738	0.190473	0.160263	0.0984438	0.00870429	-0.121358	-0.286446	
-0.555066	-0.58757	-0.599563	-0.609655	-0.628291	-0.632524	-0.617155	-0.602827	-0.593964	-0.57151	-0.52378	-0.4598	-0.375324	-0.262836	-0.124731	0.00496861	0.0980406	0.144918	0.155682	0.127691	0.0694861	-0.00759015	-0.105847	-0.245495	-0.42096	
-0.577536	-0.608309	-0.624036	-0.628291	-0.630376	-0.63038	-0.62959	-0.626359	-0.615537	-0.592121	-0.549732	-0.48796	-0.391704	-0.267691	-0.132014	-0.00800023	0.0892741	0.136809	0.135629	0.0866813	0.00625643	-0.0812781	-0.179202	-0.318804	-0.496315	
-0.579978	-0.611337	-0.628221	-0.632524	-0.63038	-0.629699	-0.632333	-0.631032	-0.619609	-0.594055	-0.555327	-0.49356	-0.395848	-0.268262	-0.134555	-0.0120068	0.0857641	0.134175	0.131889	0.0789321	-0.00615262	-0.0965544	-0.193073	-0.333324	-0.50885	
-0.56679	-0.598178	-0.611057	-0.617155	-0.62959	-0.632333	-0.621845	-0.613239	-0.604662	-0.582451	-0.53582	-0.472113	-0.382149	-0.265763	-0.127303	0.000416313	0.0952368	0.141596	0.145763	0.108081	0.0398822	-0.041882	-0.140833	-0.280496	-0.458069	
-0.535339	-0.567979	-0.582584	-0.602827	-0.626359	-0.631032	-0.613239	-0.589246	-0.574852	-0.551521	-0.504531	-0.444128	-0.366992	-0.257273	-0.121562	0.00782831	0.100995	0.15177	0.174352	0.164519	0.12252	0.0536677	-0.0414048	-0.177377	-0.3475	
-0.506725	-0.534525	-0.562277	-0.593964	-0.615537	-0.619609	-0.604662	-0.574852	-0.545045	-0.519033	-0.484728	-0.436492	-0.361306	-0.251416	-0.119769	0.00513397	0.0973395	0.160685	0.203363	0.224327	0.215338	0.170643	0.0911861	-0.0270499	-0.182986	
-0.488165	-0.509208	-0.537899	-0.57151	-0.592121	-0.594055	-0.582451	-0.551521	-0.519033	-0.496622	-0.47469	-0.436273	-0.366748	-0.260967	-0.132842	-0.0108368	0.0834753	0.154548	0.213506	0.260305	0.291389	0.283138	0.228867	0.137135	0.00226808	
-0.468574	-0.480311	-0.494837	-0.52378	-0.549732	-0.555327	-0.53582	-0.504531	-0.484728	-0.47469	-0.455569	-0.425681	-0.372944	-0.283056	-0.165404	-0.0477628	0.0446239	0.120429	0.189722	0.262478	0.329587	0.360912	0.346907	0.288278	0.177432	
-0.43313	-0.43748	-0.438329	-0.4598	-0.48796	-0.49356	-0.472113	-0.444128	-0.436492	-0.436273	-0.425681	-0.406222	-0.375717	-0.309131	-0.211951	-0.108798	-0.0177394	0.0673773	0.15732	0.252785	0.34417	0.409999	0.437575	0.416508	0.331889	
-0.369792	-0.362142	-0.363689	-0.375324	-0.391704	-0.395848	-0.382149	-0.366992	-0.361306	-0.366748	-0.372944	-0.375717	-0.365864	-0.33202	-0.263111	-0.177004	-0.0852	0.0144846	0.124745	0.238791	0.348013	0.439053	0.499731	0.508286	0.443354	
-0.269059	-0.253334	-0.253641	-0.262836	-0.267691	-0.268262	-0.265763	-0.257273	-0.251416	-0.260967	-0.283056	-0.309131	-0.33202	-0.3337	-0.2991	-0.227258	-0.127734	-0.0180576	0.102839	0.229193	0.346729	0.450538	0.528064	0.549177	0.504768	
-0.14401	-0.122963	-0.119738	-0.124731	-0.132014	-0.134555	-0.127303	-0.121562	-0.119769	-0.132842	-0.165404	-0.211951	-0.263111	-0.2991	-0.291965	-0.233841	-0.135844	-0.0225207	0.0987373	0.223525	0.341225	0.449606	0.530627	0.56298	0.538383	
-0.02305	0.00104662	0.00790851	0.00496861	-0.00800023	-0.0120068	0.000416313	0.00782831	0.00513397	-0.0108368	-0.0477628	-0.108798	-0.177004	-0.227258	-0.233841	-0.19082	-0.101501	0.00603444	0.119312	0.234608	0.344611	0.448395	0.53283	0.577708	0.568508	
0.0720041	0.0935594	0.10054	0.0980406	0.0892741	0.0857641	0.0952368	0.100995	0.0973395	0.0834753	0.0446239	-0.0177394	-0.0852	-0.127734	-0.135844	-0.101501	-0.0317083	0.0578649	0.156425	0.261801	0.364848	0.467756	0.55517	0.606076	0.608157	
0.144624	0.160653	0.156004	0.144918	0.136809	0.134175	0.141596	0.15177	0.160685	0.154548	0.120429	0.0673773	0.0144846	-0.0180576	-0.0225207	0.00603444	0.0578649	0.130715	0.218239	0.315936	0.413927	0.51371	0.59471	0.644816	0.650022	
0.207382	0.210817	0.18738	0.155682	0.135629	0.131889	0.145763	0.174352	0.203363	0.213506	0.189722	0.15732	0.124745	0.102839	0.0987373	0.119312	0.156425	0.218239	0.297965	0.387778	0.482663	0.575774	0.650762	0.69925	0.702314	
0.264472	0.242352	0.190473	0.127691	0.0866813	0.0789321	0.108081	0.164519	0.224327	0.260305	0.262478	0.252785	0.238791	0.229193	0.223525	0.234608	0.261801	0.315936	0.387778	0.472907	0.564252	0.653355	0.725872	0.771355	0.769896	
0.311557	0.249361	0.160263	0.0694861	0.00625643	-0.00615262	0.0398822	0.12252	0.215338	0.291389	0.329587	0.34417	0.348013	0.346729	0.341225	0.344611	0.364848	0.413927	0.482663	0.564252	0.656668	0.750225	0.819027	0.857842	0.846843	
0.318967	0.218578	0.0984438	-0.00759015	-0.0812781	-0.0965544	-0.041882	0.0536677	0.170643	0.283138	0.360912	0.409999	0.439053	0.450538	0.449606	0.448395	0.467756	0.51371	0.575774	0.653355	0.750225	0.846187	0.91537	0.942053	0.917783	
0.279083	0.147141	0.00870429	-0.105847	-0.179202	-0.193073	-0.140833	-0.0414048	0.0911861	0.228867	0.346907	0.437575	0.499731	0.528064	0.530627	0.53283	0.55517	0.59471	0.650762	0.725872	0.819027	0.91537	0.974641	0.987661	0.951624	
0.199066	0.0392956	-0.121358	-0.245495	-0.318804	-0.333324	-0.280496	-0.177377	-0.0270499	0.137135	0.288278	0.416508	0.508286	0.549177	0.56298	0.577708	0.606076	0.644816	0.69925	0.771355	0.857842	0.942053	0.987661	0.986243	0.937488	
0.0740502	-0.108563	-0.286446	-0.42096	-0.496315	-0.50885	-0.458069	-0.3475	-0.182986	0.00226808	0.177432	0.331889	0.443354	0.504768	0.538383	0.568508	0.608157	0.650022	0.702314	0.769896	0.846843	0.917783	0.951624	0.937488	0.875987	
