-0.206962	-0.316292	-0.411371	-0.4747	-0.50172	-0.505689	-0.489147	-0.441759	-0.35665	-0.252007	-0.136418	-0.0220815	0.0736348	0.115024	0.0969255	0.0318623	-0.0515127	-0.138074	-0.216945	-0.290454	-0.357302	-0.419567	-0.489799	-0.578079	-0.671644	
-0.372648	-0.517699	-0.645837	-0.738027	-0.782461	-0.789653	-0.761128	-0.688708	-0.571697	-0.431882	-0.281371	-0.127511	0.0095924	0.088949	0.0923138	0.0316505	-0.0598905	-0.158151	-0.248866	-0.335437	-0.414004	-0.482544	-0.550093	-0.636597	-0.735105	
-0.511178	-0.680551	-0.835111	-0.952893	-1.01588	-1.02663	-0.984689	-0.888598	-0.74467	-0.580274	-0.403866	-0.220901	-0.0502553	0.0581623	0.0813133	0.0312916	-0.0539322	-0.149668	-0.24423	-0.337792	-0.423077	-0.493865	-0.564464	-0.660138	-0.77025	
-0.610535	-0.798393	-0.970144	-1.10644	-1.1826	-1.19625	-1.14423	-1.03111	-0.869213	-0.687244	-0.49279	-0.29065	-0.101049	0.0248405	0.0666138	0.0375489	-0.0250443	-0.106461	-0.19466	-0.287153	-0.371472	-0.447103	-0.530821	-0.642461	-0.761357	
-0.665391	-0.865416	-1.04724	-1.1895	-1.27036	-1.28418	-1.22972	-1.11039	-0.941122	-0.746817	-0.541292	-0.331211	-0.140177	-0.00686451	0.0528796	0.0564418	0.0265115	-0.0289968	-0.101696	-0.182718	-0.264856	-0.353405	-0.458536	-0.585222	-0.706266	
-0.670581	-0.87721	-1.0596	-1.19662	-1.27041	-1.28353	-1.23321	-1.12154	-0.953763	-0.75516	-0.544585	-0.341031	-0.160856	-0.029506	0.0512071	0.0910307	0.101177	0.0788644	0.0324458	-0.0319497	-0.116038	-0.224376	-0.35172	-0.487265	-0.605658	
-0.629641	-0.833396	-1.00822	-1.12863	-1.18912	-1.19825	-1.15981	-1.06335	-0.908826	-0.712244	-0.508314	-0.318782	-0.158498	-0.0286713	0.0723086	0.150994	0.203889	0.223537	0.21131	0.164222	0.0751195	-0.0526628	-0.19637	-0.335847	-0.453965	
-0.544946	-0.734031	-0.889693	-0.987811	-1.03033	-1.03679	-1.01031	-0.936386	-0.802136	-0.621773	-0.433654	-0.266123	-0.124773	0.00311279	0.122944	0.236834	0.332399	0.397901	0.419732	0.38781	0.294371	0.154743	0.00234449	-0.141662	-0.259068	
-0.427222	-0.587616	-0.713729	-0.784784	-0.811631	-0.814702	-0.800059	-0.748542	-0.644181	-0.492599	-0.331691	-0.187736	-0.0621532	0.0644826	0.199692	0.342691	0.478693	0.585462	0.636755	0.618296	0.527775	0.387785	0.22956	0.0815205	-0.0384487	
-0.285781	-0.406485	-0.493201	-0.535808	-0.5498	-0.55075	-0.544527	-0.514588	-0.446792	-0.335598	-0.210158	-0.0889141	0.0229958	0.148722	0.292936	0.459365	0.625595	0.762305	0.833713	0.828855	0.750848	0.61568	0.453301	0.297504	0.171414	
-0.147096	-0.222459	-0.264202	-0.278595	-0.281662	-0.2821	-0.280669	-0.272318	-0.243135	-0.180462	-0.0921213	0.0049678	0.106056	0.227279	0.378123	0.559339	0.743209	0.895314	0.979655	0.993866	0.934647	0.809673	0.643434	0.479297	0.344573	
-0.0372437	-0.0670801	-0.0658819	-0.0517574	-0.0460277	-0.0444653	-0.0489632	-0.0596252	-0.070042	-0.0532659	-0.00294014	0.0711344	0.158805	0.27444	0.428832	0.615978	0.8041	0.958147	1.05483	1.09084	1.055	0.94207	0.774871	0.605208	0.459734	
0.026717	0.0348116	0.0742918	0.11261	0.130253	0.132327	0.122518	0.091529	0.0484028	0.0247155	0.0413851	0.0898473	0.160976	0.268686	0.421693	0.605735	0.784462	0.934575	1.04259	1.10117	1.08806	0.988988	0.829324	0.658141	0.511281	
0.0432403	0.0816276	0.146915	0.206077	0.235332	0.239663	0.221913	0.17321	0.106198	0.0530594	0.0416518	0.0625222	0.115799	0.2117	0.359512	0.530332	0.694737	0.839187	0.958183	1.03547	1.03987	0.959463	0.812783	0.64988	0.510317	
0.0160957	0.0739994	0.153636	0.225867	0.266149	0.272888	0.246627	0.185271	0.104522	0.0349231	-0.000401937	-0.00491781	0.0279029	0.110272	0.245224	0.398144	0.548816	0.689606	0.818477	0.905871	0.926566	0.867571	0.744721	0.601777	0.480841	
-0.0411938	0.0276616	0.111376	0.187371	0.235322	0.243272	0.211393	0.143631	0.060543	-0.0166899	-0.0703881	-0.0982886	-0.086198	-0.0215328	0.0924445	0.226719	0.365545	0.506319	0.637187	0.728961	0.762277	0.729347	0.640794	0.530283	0.439701	
-0.105023	-0.0298062	0.0488139	0.120175	0.168254	0.176838	0.143547	0.0786924	0.00198896	-0.076224	-0.143227	-0.191015	-0.197807	-0.156656	-0.0670854	0.0470541	0.179329	0.316141	0.442523	0.530759	0.57367	0.56834	0.519731	0.451984	0.394212	
-0.164311	-0.088454	-0.018816	0.0384269	0.0794105	0.0865162	0.0579971	0.00527105	-0.0592343	-0.133325	-0.210366	-0.271295	-0.296909	-0.279256	-0.217037	-0.119339	0.00634517	0.135504	0.251806	0.332518	0.38482	0.40627	0.403641	0.383095	0.358711	
-0.213516	-0.137298	-0.0810603	-0.0418733	-0.0162028	-0.011063	-0.030013	-0.0636644	-0.112491	-0.180875	-0.263861	-0.334352	-0.376683	-0.381866	-0.346291	-0.26379	-0.150685	-0.0333357	0.0661035	0.140978	0.198911	0.248483	0.291978	0.320229	0.331415	
-0.242414	-0.168378	-0.12607	-0.107827	-0.100794	-0.0989508	-0.104628	-0.116345	-0.147801	-0.20949	-0.294198	-0.371588	-0.426494	-0.451459	-0.437642	-0.374055	-0.279666	-0.181955	-0.100523	-0.0324882	0.0293729	0.103878	0.188248	0.261877	0.310406	
-0.254007	-0.186877	-0.156722	-0.159771	-0.170186	-0.172313	-0.164476	-0.154968	-0.170393	-0.222877	-0.307205	-0.386785	-0.451676	-0.487787	-0.493418	-0.451062	-0.384527	-0.310261	-0.246568	-0.185194	-0.118564	-0.0244439	0.0950389	0.209065	0.299013	
-0.259541	-0.199633	-0.182203	-0.201214	-0.225245	-0.230804	-0.211701	-0.187036	-0.187273	-0.231216	-0.309627	-0.390805	-0.458241	-0.501404	-0.521353	-0.506985	-0.473049	-0.42606	-0.378334	-0.323041	-0.250473	-0.14064	0.00749432	0.159104	0.295747	
-0.255327	-0.204341	-0.198788	-0.226614	-0.258086	-0.265301	-0.24024	-0.207684	-0.196146	-0.230916	-0.298516	-0.378621	-0.441447	-0.4892	-0.519671	-0.539552	-0.539185	-0.523318	-0.490602	-0.442555	-0.36504	-0.243407	-0.0761671	0.110537	0.292384	
-0.251018	-0.211652	-0.215674	-0.243787	-0.276748	-0.281929	-0.259294	-0.224338	-0.208938	-0.230788	-0.286957	-0.357272	-0.414842	-0.461643	-0.506372	-0.557318	-0.593305	-0.605441	-0.590886	-0.547533	-0.466767	-0.333561	-0.153321	0.0674531	0.289152	
-0.249999	-0.226547	-0.233967	-0.258211	-0.282908	-0.287486	-0.269726	-0.242315	-0.226193	-0.236949	-0.276482	-0.331674	-0.381116	-0.42735	-0.487597	-0.565412	-0.634843	-0.673312	-0.677585	-0.639559	-0.553757	-0.411743	-0.217389	0.0293453	0.286859	
-0.248359	-0.242643	-0.248093	-0.264618	-0.274457	-0.279227	-0.26818	-0.255593	-0.242146	-0.244574	-0.262957	-0.29971	-0.338866	-0.389574	-0.464216	-0.566084	-0.661897	-0.728503	-0.750648	-0.721817	-0.629956	-0.481846	-0.272468	-0.00969408	0.277135	
-0.255058	-0.262339	-0.267251	-0.268074	-0.265863	-0.265583	-0.26736	-0.268111	-0.264881	-0.257187	-0.256076	-0.268697	-0.300509	-0.356848	-0.446542	-0.564259	-0.681035	-0.77183	-0.812121	-0.790556	-0.694571	-0.536223	-0.314616	-0.0392248	0.264588	
-0.262909	-0.281481	-0.283936	-0.268927	-0.254971	-0.250138	-0.263712	-0.278024	-0.286048	-0.27036	-0.250802	-0.238948	-0.265923	-0.328301	-0.432611	-0.557869	-0.691469	-0.800753	-0.858731	-0.842873	-0.744342	-0.57536	-0.343141	-0.0617385	0.250312	
-0.268677	-0.297566	-0.294311	-0.268863	-0.242552	-0.237225	-0.256935	-0.285621	-0.300556	-0.282724	-0.245493	-0.216789	-0.238385	-0.309753	-0.423569	-0.554278	-0.69828	-0.822624	-0.894368	-0.883827	-0.78373	-0.606024	-0.364662	-0.0827214	0.235641	
-0.274632	-0.307263	-0.302338	-0.268977	-0.236606	-0.230268	-0.253742	-0.291395	-0.309617	-0.292513	-0.241919	-0.206003	-0.220541	-0.301697	-0.41636	-0.552984	-0.698744	-0.833411	-0.912124	-0.903631	-0.804552	-0.617993	-0.374396	-0.0908665	0.228694	
-0.275859	-0.308584	-0.303808	-0.268825	-0.235566	-0.229055	-0.252984	-0.292494	-0.310737	-0.294476	-0.240673	-0.204457	-0.216535	-0.300516	-0.414177	-0.552745	-0.697936	-0.834657	-0.91456	-0.906027	-0.807985	-0.61878	-0.375995	-0.0914411	0.227407	
-0.271484	-0.302551	-0.298037	-0.269161	-0.239469	-0.23396	-0.255275	-0.288525	-0.304978	-0.287559	-0.244085	-0.211567	-0.229974	-0.30563	-0.420724	-0.554048	-0.699566	-0.828455	-0.904068	-0.894543	-0.795008	-0.612956	-0.370167	-0.0875673	0.23167	
-0.26501	-0.288174	-0.288278	-0.268676	-0.249547	-0.244107	-0.260887	-0.280818	-0.292486	-0.274998	-0.248791	-0.228359	-0.253746	-0.318665	-0.428577	-0.555592	-0.694682	-0.80981	-0.874223	-0.860816	-0.76141	-0.588949	-0.35231	-0.0709673	0.24401	
-0.258609	-0.270494	-0.274584	-0.269021	-0.26186	-0.259779	-0.266308	-0.27277	-0.27378	-0.263002	-0.254049	-0.256797	-0.285823	-0.344765	-0.440583	-0.562334	-0.686214	-0.784712	-0.832566	-0.813167	-0.716358	-0.553132	-0.32747	-0.0486646	0.259002	
-0.2506	-0.250345	-0.255471	-0.266357	-0.271017	-0.274245	-0.267809	-0.260822	-0.25076	-0.249466	-0.259762	-0.287314	-0.32281	-0.375968	-0.456663	-0.566196	-0.670608	-0.747632	-0.776934	-0.751427	-0.657458	-0.505692	-0.291241	-0.0227452	0.272345	
-0.248898	-0.232179	-0.239517	-0.260781	-0.280422	-0.284691	-0.26978	-0.247236	-0.232255	-0.23903	-0.270867	-0.318472	-0.364136	-0.411502	-0.47796	-0.565896	-0.646459	-0.696504	-0.707798	-0.673663	-0.58489	-0.441066	-0.240685	0.013178	0.283694	
-0.251237	-0.21781	-0.223806	-0.250689	-0.28147	-0.2862	-0.265253	-0.232244	-0.216246	-0.233502	-0.283449	-0.348166	-0.402764	-0.449198	-0.50028	-0.562117	-0.612215	-0.634531	-0.628012	-0.58585	-0.503503	-0.366024	-0.180642	0.051945	0.289097	
-0.252741	-0.206494	-0.204677	-0.233769	-0.26648	-0.273401	-0.248265	-0.214059	-0.200196	-0.230136	-0.293232	-0.370295	-0.431211	-0.479212	-0.514946	-0.547788	-0.561713	-0.557739	-0.531768	-0.486162	-0.40695	-0.281171	-0.108101	0.0922123	0.290992	
-0.258805	-0.201936	-0.189606	-0.212795	-0.24088	-0.247223	-0.225011	-0.196162	-0.191272	-0.231646	-0.306065	-0.38739	-0.453597	-0.499292	-0.523149	-0.522523	-0.501376	-0.46734	-0.424778	-0.373067	-0.297928	-0.183611	-0.0264034	0.139332	0.294322	
-0.25769	-0.19322	-0.168263	-0.178291	-0.195021	-0.198547	-0.185764	-0.169217	-0.178491	-0.227371	-0.310122	-0.390295	-0.457703	-0.496522	-0.508927	-0.476109	-0.423278	-0.358451	-0.302033	-0.242073	-0.174075	-0.0725364	0.0593585	0.189191	0.297348	
-0.247416	-0.176418	-0.138577	-0.129714	-0.129598	-0.129793	-0.129432	-0.132581	-0.157093	-0.215475	-0.300105	-0.379126	-0.438515	-0.468956	-0.462868	-0.407463	-0.323336	-0.234829	-0.160286	-0.0951618	-0.0318541	0.0507646	0.150003	0.240341	0.304431	
-0.2279	-0.151949	-0.101502	-0.0705651	-0.0521646	-0.0484023	-0.0619385	-0.0873216	-0.128666	-0.195136	-0.278442	-0.353211	-0.400205	-0.415044	-0.387282	-0.313052	-0.205581	-0.096362	-0.00313606	0.0686513	0.128387	0.188443	0.248942	0.29662	0.321984	
-0.185821	-0.109482	-0.0453344	0.0054	0.0404697	0.0474335	0.0216577	-0.0234256	-0.0825657	-0.153745	-0.234381	-0.298899	-0.332483	-0.323368	-0.27275	-0.180166	-0.0594301	0.0662198	0.175873	0.254499	0.309339	0.342126	0.358284	0.357344	0.347121	
-0.128949	-0.0533983	0.022267	0.0885275	0.134857	0.14296	0.110909	0.0499592	-0.0224689	-0.0992312	-0.170837	-0.224376	-0.239019	-0.207155	-0.128501	-0.0211122	0.108938	0.243115	0.366059	0.451177	0.498269	0.503452	0.472807	0.423015	0.378802	
-0.0670112	0.00499383	0.0876654	0.162526	0.21191	0.219739	0.187243	0.118786	0.03806	-0.0410645	-0.0999577	-0.137088	-0.132066	-0.0769349	0.027728	0.153677	0.289584	0.429675	0.558838	0.650375	0.687347	0.666308	0.592652	0.498606	0.421092	
-0.00436611	0.058656	0.141143	0.215938	0.259883	0.267331	0.238179	0.173561	0.0903462	0.0170134	-0.0267349	-0.0403877	-0.0160952	0.0602803	0.18698	0.332747	0.478189	0.619369	0.74978	0.839566	0.86576	0.816958	0.706751	0.575269	0.46534	
0.0371838	0.0846086	0.157097	0.222444	0.256456	0.26167	0.240491	0.185913	0.112234	0.0508239	0.0293776	0.0396647	0.0855915	0.176187	0.319992	0.483263	0.642401	0.784861	0.90869	0.990539	1.00179	0.929371	0.791018	0.634367	0.500979	
0.0386198	0.0602976	0.111435	0.158981	0.181152	0.18412	0.171155	0.132782	0.0786976	0.0418239	0.0461625	0.0839748	0.147999	0.252023	0.402924	0.582827	0.755311	0.903708	1.01602	1.08316	1.0774	0.98517	0.830059	0.660774	0.515929	
-0.00596253	-0.0192929	-0.00215212	0.0225949	0.0324285	0.0346833	0.0276304	0.00932323	-0.015644	-0.0156015	0.0200991	0.0846362	0.16589	0.27925	0.433637	0.620564	0.805944	0.958697	1.06042	1.10573	1.07944	0.971469	0.806206	0.635186	0.48771	
-0.0984331	-0.1552	-0.179316	-0.182127	-0.181538	-0.181329	-0.182104	-0.181707	-0.16847	-0.124896	-0.0517885	0.0358395	0.13212	0.251324	0.404308	0.588938	0.775792	0.929822	1.01907	1.04225	0.99206	0.87165	0.704363	0.537411	0.398232	
