0.422161	0.517976	0.605644	0.67942	0.747233	0.808662	0.841246	0.845906	0.814888	0.765115	0.689336	0.579662	0.446867	0.302442	0.157277	0.0368779	-0.0282272	-0.0338586	0.023183	0.133435	0.266651	0.396456	0.515582	0.594348	0.609214	
0.352689	0.456605	0.562879	0.657799	0.737315	0.808607	0.849772	0.860584	0.84377	0.812817	0.767177	0.691183	0.575877	0.448477	0.320814	0.209153	0.141058	0.126065	0.174792	0.271787	0.397729	0.524469	0.63579	0.705092	0.714393	
0.265504	0.37336	0.499444	0.613539	0.704721	0.77989	0.832942	0.858551	0.860617	0.84685	0.817588	0.760785	0.66546	0.556777	0.450014	0.354264	0.289257	0.2685	0.3084	0.394792	0.509107	0.635798	0.738322	0.796045	0.798393	
0.173978	0.281763	0.412588	0.538193	0.641812	0.724459	0.792429	0.836303	0.855252	0.853626	0.828328	0.783375	0.713964	0.63482	0.552717	0.465569	0.39875	0.376642	0.413364	0.492559	0.592313	0.709529	0.80486	0.856343	0.858717	
0.0876527	0.185735	0.312094	0.438037	0.546907	0.645183	0.727566	0.786086	0.822484	0.831146	0.810765	0.773818	0.726207	0.675609	0.614088	0.536323	0.470209	0.445157	0.473466	0.545494	0.640769	0.744227	0.828627	0.87536	0.884604	
0.0132099	0.0975928	0.207425	0.324488	0.435841	0.545559	0.644898	0.716702	0.759461	0.774522	0.764985	0.735966	0.701522	0.666453	0.620173	0.557198	0.495054	0.466779	0.485896	0.545754	0.6337	0.727109	0.80453	0.858533	0.879868	
-0.0352461	0.0295168	0.116835	0.218061	0.32514	0.438462	0.546062	0.627982	0.678438	0.702416	0.706014	0.68732	0.658877	0.626457	0.58668	0.532892	0.477586	0.444383	0.449486	0.495903	0.572316	0.654449	0.73015	0.795407	0.841364	
-0.0476723	-0.0103275	0.045721	0.121061	0.212212	0.320199	0.426371	0.518439	0.583657	0.625585	0.643553	0.634028	0.607959	0.571479	0.527373	0.477146	0.425138	0.386474	0.379085	0.407375	0.470839	0.543421	0.625288	0.704663	0.775092	
-0.0319044	-0.0282616	-0.00402926	0.0391904	0.105908	0.195432	0.292512	0.388147	0.470988	0.536587	0.571096	0.567188	0.537053	0.496965	0.450348	0.401015	0.352438	0.312103	0.296762	0.310376	0.359302	0.428753	0.516328	0.608864	0.696636	
0.000415737	-0.0269474	-0.0364457	-0.0266672	0.0172423	0.0889787	0.177488	0.268479	0.359435	0.436284	0.482747	0.478597	0.447503	0.407742	0.361765	0.308979	0.263583	0.233022	0.220366	0.231744	0.269574	0.333997	0.417206	0.518845	0.611889	
0.0410735	-0.00928816	-0.0464406	-0.0623355	-0.0398696	0.017095	0.0927726	0.176281	0.264809	0.344608	0.390952	0.38968	0.354904	0.311186	0.266455	0.214066	0.169811	0.151226	0.146778	0.162931	0.202634	0.263977	0.336169	0.42374	0.50984	
0.082201	0.0150705	-0.0352193	-0.0668444	-0.0605449	-0.0166115	0.0443445	0.115693	0.196016	0.270607	0.314245	0.311488	0.271202	0.217405	0.170675	0.126426	0.0882272	0.0742518	0.0757534	0.096102	0.134229	0.19057	0.252583	0.32287	0.394412	
0.126951	0.0532617	-0.00980473	-0.0503414	-0.0560595	-0.0260749	0.026847	0.0867531	0.159238	0.225078	0.26069	0.249857	0.204988	0.14571	0.0914596	0.0512839	0.0214012	0.00658903	0.00326943	0.0182363	0.0519973	0.100459	0.15409	0.213321	0.273392	
0.176629	0.0988417	0.0280085	-0.0150175	-0.0254419	-0.0102748	0.0301551	0.0869397	0.157612	0.217615	0.242832	0.22027	0.165548	0.100049	0.0450079	0.00441149	-0.0321491	-0.0561055	-0.0708544	-0.0665726	-0.0427676	-0.00624457	0.040879	0.0894814	0.138767	
0.221323	0.145143	0.0747797	0.0339099	0.0270532	0.0391909	0.0703471	0.121176	0.190898	0.250135	0.26542	0.228679	0.163092	0.0948089	0.0370519	-0.00977199	-0.05745	-0.0997219	-0.127382	-0.13968	-0.13931	-0.124684	-0.0913904	-0.0572864	-0.0148175	
0.256653	0.184254	0.114118	0.0763737	0.0765274	0.0939805	0.127171	0.175867	0.243974	0.299376	0.312118	0.26819	0.199225	0.131214	0.0660507	0.00591765	-0.057856	-0.121382	-0.16694	-0.199911	-0.225203	-0.236516	-0.227508	-0.207985	-0.174103	
0.254567	0.192248	0.130872	0.102332	0.112144	0.14022	0.184114	0.24065	0.308322	0.360784	0.370943	0.331321	0.269503	0.199542	0.12469	0.0470209	-0.0364141	-0.118994	-0.185395	-0.234745	-0.283177	-0.322884	-0.343725	-0.345913	-0.320345	
0.216044	0.171456	0.129977	0.117674	0.137488	0.176057	0.225619	0.29108	0.357359	0.405336	0.415605	0.386895	0.338887	0.272645	0.186252	0.0897227	-0.00887257	-0.106244	-0.188144	-0.253177	-0.317042	-0.3727	-0.417559	-0.441641	-0.429434	
0.168312	0.152187	0.133459	0.138565	0.167144	0.212852	0.263745	0.325947	0.382913	0.418266	0.423347	0.403746	0.370237	0.311208	0.222465	0.118244	0.0122599	-0.0951043	-0.18591	-0.257624	-0.328401	-0.397833	-0.456251	-0.492564	-0.4967	
0.133344	0.147506	0.147752	0.166344	0.208683	0.263497	0.314674	0.362887	0.39204	0.40008	0.39068	0.370767	0.345546	0.296903	0.216549	0.116772	0.0102575	-0.0919555	-0.180342	-0.257176	-0.334705	-0.412854	-0.478681	-0.524104	-0.543118	
0.127508	0.156075	0.170026	0.195415	0.242822	0.300336	0.347274	0.37524	0.374656	0.354068	0.322514	0.290414	0.260832	0.221166	0.163848	0.0825806	-0.0131515	-0.10662	-0.184402	-0.259159	-0.346724	-0.435581	-0.503404	-0.547484	-0.570033	
0.134285	0.168081	0.186626	0.211844	0.256163	0.308777	0.348396	0.356823	0.331678	0.283067	0.226113	0.169218	0.127463	0.0986072	0.0675671	0.0222524	-0.0411878	-0.116784	-0.188102	-0.267784	-0.364761	-0.464081	-0.534857	-0.573216	-0.587356	
0.130572	0.168187	0.189742	0.215462	0.255473	0.293994	0.319947	0.307835	0.256929	0.183432	0.103101	0.0287202	-0.0210328	-0.0411956	-0.046771	-0.0552736	-0.0834492	-0.130675	-0.19172	-0.274637	-0.376497	-0.480791	-0.557065	-0.593939	-0.593321	
0.106149	0.145849	0.180848	0.211652	0.244288	0.266753	0.268101	0.228327	0.152323	0.055348	-0.043021	-0.126078	-0.169527	-0.177552	-0.162973	-0.145009	-0.137739	-0.154842	-0.200191	-0.274859	-0.375058	-0.476005	-0.55361	-0.590713	-0.582583	
0.0741028	0.116915	0.165415	0.206164	0.227738	0.228974	0.198516	0.127501	0.0250679	-0.0916974	-0.204331	-0.290944	-0.326071	-0.312599	-0.274842	-0.225707	-0.186411	-0.182926	-0.215642	-0.277908	-0.362185	-0.453251	-0.530001	-0.570963	-0.560551	
0.0722534	0.111682	0.161797	0.198735	0.205629	0.184417	0.125226	0.0220946	-0.11518	-0.254573	-0.37402	-0.455122	-0.47611	-0.446165	-0.382497	-0.309507	-0.251598	-0.223008	-0.232401	-0.275776	-0.345867	-0.425882	-0.493828	-0.534249	-0.529427	
0.112243	0.14881	0.19016	0.209281	0.191889	0.146534	0.0572883	-0.0820918	-0.254689	-0.419144	-0.544774	-0.61701	-0.626572	-0.581801	-0.502734	-0.411864	-0.333561	-0.282233	-0.262712	-0.275816	-0.325041	-0.392352	-0.45333	-0.490306	-0.484181	
0.185349	0.218091	0.248192	0.248749	0.206133	0.12852	0.00497762	-0.167934	-0.368886	-0.556552	-0.693791	-0.768233	-0.775547	-0.724452	-0.629536	-0.516239	-0.412311	-0.334973	-0.290706	-0.281062	-0.310545	-0.365685	-0.420287	-0.451487	-0.44239	
0.261906	0.292831	0.309179	0.290429	0.230342	0.122307	-0.0330325	-0.235259	-0.457871	-0.662486	-0.812799	-0.892217	-0.899516	-0.843064	-0.738131	-0.606547	-0.480641	-0.37806	-0.316332	-0.295047	-0.310382	-0.352047	-0.398948	-0.422699	-0.399846	
0.311578	0.339324	0.345956	0.313876	0.243904	0.120735	-0.0542795	-0.276667	-0.512669	-0.731334	-0.891277	-0.97108	-0.974146	-0.913621	-0.806389	-0.666161	-0.521941	-0.403296	-0.33351	-0.305709	-0.312079	-0.346	-0.392192	-0.410279	-0.374514	
0.319874	0.347653	0.352793	0.317954	0.24568	0.120297	-0.0565482	-0.283249	-0.522288	-0.743633	-0.904929	-0.985146	-0.986139	-0.924706	-0.816575	-0.676115	-0.528922	-0.407622	-0.335221	-0.305292	-0.312201	-0.346723	-0.392785	-0.409066	-0.37056	
0.286256	0.315727	0.327482	0.301988	0.23678	0.121157	-0.0440468	-0.255693	-0.485006	-0.696167	-0.850765	-0.930327	-0.936445	-0.87809	-0.77211	-0.635927	-0.501581	-0.390638	-0.325015	-0.301225	-0.311581	-0.348706	-0.394547	-0.415591	-0.386827	
0.217092	0.248982	0.274778	0.267398	0.21681	0.125197	-0.0119551	-0.197241	-0.407603	-0.60196	-0.745008	-0.821584	-0.829991	-0.776721	-0.675993	-0.554166	-0.441214	-0.353662	-0.301476	-0.28561	-0.309114	-0.359	-0.409938	-0.438472	-0.424903	
0.139155	0.17345	0.210757	0.222455	0.194417	0.13725	0.0346884	-0.118513	-0.303226	-0.478478	-0.608032	-0.680512	-0.687073	-0.638681	-0.553947	-0.455292	-0.366553	-0.304566	-0.274191	-0.277062	-0.317746	-0.380062	-0.438952	-0.473531	-0.467336	
0.0832935	0.121831	0.168095	0.199557	0.197531	0.167061	0.096185	-0.0210218	-0.172785	-0.321803	-0.443836	-0.519762	-0.536129	-0.499547	-0.428669	-0.348045	-0.283188	-0.245845	-0.243234	-0.275274	-0.337756	-0.41313	-0.477102	-0.516881	-0.511896	
0.0682717	0.110175	0.161682	0.202609	0.219001	0.211296	0.169008	0.0856915	-0.0294715	-0.155096	-0.271054	-0.35788	-0.386307	-0.365922	-0.317301	-0.258019	-0.209745	-0.195642	-0.220908	-0.27735	-0.356371	-0.442465	-0.516892	-0.557883	-0.55036	
0.0919363	0.133858	0.174171	0.210291	0.238662	0.252724	0.241253	0.188908	0.102952	-0.00135206	-0.106159	-0.190722	-0.232675	-0.231598	-0.208832	-0.178233	-0.157446	-0.166841	-0.206349	-0.27631	-0.370204	-0.468034	-0.545639	-0.584863	-0.573971	
0.123056	0.161989	0.188223	0.21468	0.251811	0.284687	0.302534	0.280172	0.218926	0.135503	0.0471953	-0.0321727	-0.0790819	-0.0962815	-0.0931976	-0.0913758	-0.10538	-0.138496	-0.192932	-0.274293	-0.3782	-0.482052	-0.55891	-0.595105	-0.591805	
0.135042	0.170567	0.18922	0.214079	0.257425	0.304999	0.339863	0.340727	0.305203	0.246736	0.179597	0.115033	0.0678299	0.0428701	0.022075	-0.00687751	-0.0555073	-0.121318	-0.190342	-0.271856	-0.370419	-0.472431	-0.546134	-0.584131	-0.590822	
0.130331	0.161164	0.178141	0.203907	0.250748	0.306793	0.351246	0.37174	0.361092	0.328601	0.286729	0.245383	0.211992	0.17699	0.129966	0.0609301	-0.0242713	-0.111416	-0.185475	-0.26211	-0.35403	-0.447503	-0.515373	-0.556743	-0.578548	
0.127548	0.149428	0.156628	0.178876	0.224351	0.281277	0.33146	0.371418	0.388177	0.384661	0.367419	0.344027	0.318462	0.273002	0.200976	0.107137	0.00328718	-0.0965152	-0.181826	-0.257587	-0.33863	-0.420521	-0.487654	-0.534062	-0.555709	
0.151889	0.149195	0.138362	0.148512	0.18248	0.232942	0.283998	0.341973	0.389397	0.414758	0.414859	0.397205	0.367912	0.313107	0.22533	0.121302	0.0145722	-0.0911786	-0.182713	-0.257372	-0.330526	-0.404094	-0.466	-0.506539	-0.517739	
0.196448	0.162057	0.129774	0.124695	0.147951	0.188943	0.239544	0.304748	0.368949	0.413788	0.424077	0.398502	0.3567	0.293422	0.205371	0.10428	0.000707476	-0.102339	-0.187882	-0.256117	-0.32376	-0.385041	-0.436147	-0.465224	-0.459798	
0.242179	0.185517	0.131005	0.109271	0.122984	0.156256	0.202697	0.263234	0.331486	0.382396	0.391754	0.357074	0.299944	0.230761	0.150298	0.0647828	-0.0245142	-0.113383	-0.187373	-0.243916	-0.299785	-0.34695	-0.378573	-0.391131	-0.370231	
0.261235	0.192046	0.124137	0.0892191	0.0926939	0.113479	0.150955	0.202538	0.269175	0.323641	0.335596	0.29194	0.22489	0.156041	0.08769	0.0202626	-0.0523277	-0.123341	-0.177014	-0.216531	-0.251796	-0.275369	-0.278211	-0.266006	-0.234612	
0.238016	0.163193	0.0924406	0.0523787	0.0484678	0.0618945	0.0923332	0.140868	0.210117	0.267911	0.281498	0.240622	0.172555	0.104415	0.0432492	-0.00790866	-0.0602606	-0.110822	-0.145264	-0.166404	-0.176271	-0.170768	-0.146422	-0.11783	-0.0795364	
0.195201	0.117577	0.0465428	0.00437368	-0.00584513	0.00598103	0.0423366	0.0971442	0.167931	0.227605	0.247724	0.219748	0.160014	0.0926571	0.0379085	-0.00420279	-0.0451932	-0.0767899	-0.0961847	-0.0968012	-0.0813532	-0.0535574	-0.010214	0.0322546	0.0796274	
0.14684	0.0705179	0.00387245	-0.038806	-0.0476412	-0.0237903	0.0239694	0.08283	0.153852	0.216397	0.248491	0.232765	0.18506	0.123492	0.068285	0.0279774	-0.00286607	-0.0192113	-0.0272331	-0.0166895	0.0148716	0.0601576	0.110837	0.166826	0.221706	
0.0984985	0.0292394	-0.0266432	-0.0624617	-0.0607928	-0.022568	0.0353479	0.100247	0.177219	0.248462	0.28985	0.285025	0.242319	0.185832	0.135967	0.0943874	0.0604201	0.0464737	0.0479549	0.0675658	0.10325	0.156012	0.21519	0.280145	0.346643	
0.0583577	-0.000759252	-0.04391	-0.0676044	-0.0527049	-0.000378677	0.0689432	0.148079	0.234218	0.312287	0.35783	0.355843	0.319577	0.272379	0.227488	0.177419	0.134515	0.118675	0.117516	0.136681	0.176939	0.236852	0.303328	0.384404	0.464987	
