-0.431288	-0.334215	-0.241605	-0.179344	-0.150287	-0.145862	-0.164363	-0.212145	-0.294729	-0.394259	-0.478985	-0.527018	-0.533198	-0.52365	-0.512948	-0.489383	-0.427847	-0.329261	-0.212244	-0.0913644	0.0217951	0.106615	0.158785	0.178002	0.156984	
-0.462403	-0.363802	-0.268225	-0.207581	-0.181117	-0.17717	-0.193643	-0.239671	-0.322122	-0.42593	-0.509403	-0.552095	-0.545624	-0.511594	-0.470851	-0.418252	-0.334206	-0.222949	-0.10355	0.0073894	0.104143	0.167218	0.193036	0.18555	0.141195	
-0.491004	-0.398118	-0.313027	-0.261675	-0.243779	-0.243002	-0.25062	-0.288176	-0.360396	-0.456078	-0.533364	-0.563739	-0.541818	-0.48518	-0.411139	-0.332667	-0.239426	-0.12818	-0.0159238	0.0822641	0.164526	0.21415	0.230422	0.204274	0.137521	
-0.502823	-0.430354	-0.365136	-0.332819	-0.326102	-0.324633	-0.328391	-0.348568	-0.400923	-0.475742	-0.533831	-0.55073	-0.51842	-0.443587	-0.347992	-0.242008	-0.139905	-0.0325417	0.0701213	0.153582	0.216752	0.256858	0.267753	0.227121	0.141514	
-0.511709	-0.466111	-0.425136	-0.407172	-0.405648	-0.405583	-0.40521	-0.416146	-0.447257	-0.495147	-0.529077	-0.529879	-0.483584	-0.39738	-0.283745	-0.157138	-0.0395717	0.0647646	0.155579	0.219201	0.26363	0.289497	0.29284	0.238328	0.140595	
-0.510458	-0.49659	-0.484437	-0.484274	-0.489364	-0.490483	-0.485931	-0.483711	-0.490465	-0.505862	-0.512307	-0.494143	-0.436005	-0.343926	-0.225841	-0.092212	0.0377898	0.147849	0.226825	0.276804	0.30378	0.308071	0.292878	0.224741	0.120822	
-0.50817	-0.52152	-0.531713	-0.544449	-0.555571	-0.557411	-0.549695	-0.536631	-0.52553	-0.514609	-0.496123	-0.459227	-0.387019	-0.287938	-0.16995	-0.0369308	0.0964215	0.205856	0.277004	0.311811	0.32099	0.304508	0.260124	0.182354	0.0865433	
-0.513457	-0.542456	-0.561957	-0.578894	-0.590365	-0.592099	-0.584768	-0.569036	-0.550603	-0.526642	-0.491012	-0.43744	-0.355469	-0.247944	-0.123932	0.00703161	0.135331	0.234965	0.292011	0.313583	0.306033	0.268516	0.200595	0.114681	0.0293748	
-0.504746	-0.542856	-0.56832	-0.586059	-0.596724	-0.598904	-0.591386	-0.575993	-0.553967	-0.52145	-0.474551	-0.409852	-0.324922	-0.216391	-0.0885894	0.039398	0.153495	0.235297	0.278269	0.290018	0.27025	0.217578	0.132792	0.0385248	-0.0442881	
-0.476663	-0.520925	-0.548119	-0.566011	-0.575595	-0.577069	-0.571144	-0.556632	-0.533536	-0.496363	-0.440751	-0.366903	-0.278366	-0.169197	-0.0443574	0.0749052	0.168648	0.227442	0.253458	0.254082	0.222951	0.16011	0.0697113	-0.0199769	-0.0965893	
-0.433646	-0.487078	-0.524346	-0.546345	-0.558714	-0.560065	-0.552662	-0.53392	-0.504307	-0.456806	-0.390696	-0.306222	-0.213441	-0.105486	0.0038397	0.101498	0.174774	0.216511	0.22684	0.217268	0.178959	0.110095	0.0241484	-0.0493099	-0.104807	
-0.386247	-0.461805	-0.51574	-0.551133	-0.56907	-0.572324	-0.559924	-0.532135	-0.485538	-0.419364	-0.33304	-0.237735	-0.137231	-0.0330531	0.0567069	0.127622	0.181682	0.212854	0.211279	0.187575	0.148884	0.0844575	0.00830824	-0.0458526	-0.0728132	
-0.345681	-0.447818	-0.529732	-0.583243	-0.613048	-0.618506	-0.598254	-0.55383	-0.484257	-0.388163	-0.277784	-0.164452	-0.0550272	0.046481	0.124835	0.175936	0.21054	0.231932	0.221693	0.189464	0.151843	0.0981621	0.0353448	-0.00897183	-0.0157169	
-0.314276	-0.446981	-0.556872	-0.64095	-0.689094	-0.696755	-0.665294	-0.594314	-0.493574	-0.36957	-0.228316	-0.0914746	0.0322467	0.137202	0.209587	0.251946	0.267944	0.268005	0.252648	0.221221	0.182171	0.135791	0.0877044	0.0564245	0.0623247	
-0.296025	-0.45279	-0.59204	-0.705238	-0.775094	-0.788325	-0.739039	-0.641765	-0.511045	-0.360473	-0.194483	-0.0264059	0.122848	0.231711	0.305216	0.343218	0.346273	0.328869	0.306755	0.277513	0.237494	0.184822	0.143448	0.125258	0.140058	
-0.275746	-0.45478	-0.615995	-0.752153	-0.837414	-0.85222	-0.793677	-0.674495	-0.521633	-0.349345	-0.160417	0.0339116	0.208046	0.329598	0.403452	0.442513	0.445058	0.421479	0.388664	0.345341	0.287915	0.226776	0.183739	0.170147	0.191149	
-0.233185	-0.434599	-0.615756	-0.762319	-0.853284	-0.869032	-0.806607	-0.679699	-0.509979	-0.315821	-0.106999	0.103641	0.289732	0.422801	0.499206	0.53548	0.538452	0.515315	0.472997	0.405466	0.324503	0.260523	0.219485	0.202608	0.214361	
-0.168627	-0.384102	-0.576799	-0.727877	-0.819706	-0.836326	-0.772409	-0.643309	-0.464876	-0.256041	-0.0362773	0.178232	0.364614	0.497754	0.57587	0.606705	0.602321	0.577609	0.53034	0.447708	0.35292	0.28267	0.242787	0.220276	0.218188	
-0.0884872	-0.296876	-0.485865	-0.638444	-0.734615	-0.750787	-0.685259	-0.552233	-0.375474	-0.172829	0.0412567	0.253185	0.432957	0.55806	0.625282	0.650556	0.641374	0.611792	0.561012	0.477972	0.376688	0.294629	0.238329	0.204431	0.194815	
0.0121612	-0.175385	-0.349841	-0.500003	-0.599449	-0.6173	-0.547814	-0.414351	-0.246781	-0.0646612	0.131923	0.335944	0.50743	0.615732	0.660184	0.672279	0.660657	0.627611	0.571222	0.486837	0.386841	0.294336	0.21562	0.16437	0.13932	
0.141411	-0.0272787	-0.186598	-0.32672	-0.422101	-0.439325	-0.372213	-0.245786	-0.0919866	0.07268	0.249122	0.432457	0.582165	0.665614	0.686291	0.67584	0.652203	0.615377	0.55152	0.462637	0.364384	0.266676	0.179235	0.108795	0.0609282	
0.291779	0.145442	0.0108892	-0.105233	-0.18207	-0.195605	-0.142473	-0.038514	0.090073	0.232004	0.382338	0.524407	0.632099	0.689001	0.689872	0.657713	0.610738	0.559363	0.49223	0.402942	0.303618	0.207388	0.1147	0.0341686	-0.0355876	
0.453078	0.353882	0.261337	0.183745	0.131892	0.122332	0.158962	0.228046	0.315388	0.413422	0.512372	0.596442	0.647906	0.665612	0.643479	0.586678	0.517539	0.451452	0.381517	0.300257	0.208705	0.115694	0.022874	-0.062777	-0.14168	
0.615871	0.594678	0.570527	0.539233	0.51424	0.509644	0.527546	0.558771	0.585301	0.608152	0.62832	0.639051	0.630738	0.595296	0.53112	0.446324	0.361107	0.286886	0.212821	0.137296	0.0649554	-0.00925636	-0.0888044	-0.167843	-0.242339	
0.788173	0.864655	0.922034	0.947287	0.952185	0.952109	0.950717	0.93583	0.890656	0.820028	0.742155	0.666999	0.585773	0.487563	0.37132	0.255019	0.160259	0.0812976	0.00688047	-0.0586112	-0.110385	-0.151399	-0.206719	-0.269702	-0.333503	
0.965579	1.14044	1.2832	1.37544	1.4198	1.42642	1.39823	1.327	1.2024	1.03823	0.857793	0.684014	0.517878	0.355654	0.199587	0.0602638	-0.0509822	-0.13807	-0.209926	-0.261343	-0.290042	-0.305195	-0.331732	-0.369071	-0.414659	
1.14044	1.4019	1.62282	1.78021	1.86671	1.88106	1.82327	1.69409	1.49653	1.2486	0.974746	0.700676	0.446489	0.224354	0.0383844	-0.119269	-0.251512	-0.353475	-0.41878	-0.449783	-0.45545	-0.448347	-0.446104	-0.455113	-0.475502	
1.2832	1.62282	1.9086	2.12053	2.24118	2.26127	2.18051	2.00357	1.74449	1.4241	1.0668	0.707893	0.378245	0.104176	-0.112974	-0.287365	-0.435515	-0.546976	-0.605542	-0.619052	-0.604619	-0.570278	-0.53975	-0.5186	-0.518335	
1.37544	1.78021	2.12053	2.37136	2.51303	2.53752	2.44203	2.23268	1.92578	1.54299	1.11822	0.698169	0.318099	0.00196844	-0.245026	-0.434929	-0.588142	-0.698795	-0.754411	-0.760819	-0.727401	-0.667638	-0.603808	-0.56044	-0.544519	
1.4198	1.86671	2.24118	2.51303	2.6648	2.69028	2.58874	2.36337	2.02726	1.60427	1.13815	0.683822	0.277234	-0.0650464	-0.335066	-0.533859	-0.686042	-0.79213	-0.845669	-0.850226	-0.804699	-0.724327	-0.640412	-0.582465	-0.559246	
1.42642	1.88106	2.26127	2.53752	2.69028	2.71588	2.61386	2.38545	2.04483	1.61409	1.14023	0.681062	0.269421	-0.0767322	-0.351315	-0.552195	-0.702499	-0.808354	-0.861789	-0.86507	-0.819214	-0.733425	-0.646314	-0.586568	-0.561295	
1.39823	1.82327	2.18051	2.44203	2.58874	2.61386	2.51464	2.29775	1.97623	1.57389	1.12867	0.691606	0.298858	-0.0302549	-0.28831	-0.482162	-0.63588	-0.743649	-0.798858	-0.804681	-0.764674	-0.696125	-0.622287	-0.57133	-0.552089	
1.327	1.69409	2.00357	2.23268	2.36337	2.38545	2.29775	2.10585	1.82621	1.47884	1.09283	0.705671	0.353024	0.0603561	-0.168918	-0.350279	-0.501607	-0.614035	-0.670667	-0.68003	-0.657684	-0.61318	-0.568317	-0.53792	-0.530047	
1.2024	1.49653	1.74449	1.92578	2.02726	2.04483	1.97623	1.82621	1.60176	1.32422	1.01552	0.705084	0.417724	0.174534	-0.0235075	-0.187094	-0.32796	-0.434385	-0.497142	-0.519696	-0.517514	-0.499682	-0.487239	-0.483027	-0.495227	
1.03823	1.2486	1.4241	1.54299	1.60427	1.61409	1.57389	1.47884	1.32422	1.12502	0.906459	0.691478	0.489776	0.302216	0.134026	-0.0133904	-0.13255	-0.22535	-0.29515	-0.33895	-0.357831	-0.364794	-0.378933	-0.40616	-0.441246	
0.857793	0.974746	1.0668	1.11822	1.13815	1.14023	1.12867	1.09283	1.01552	0.906459	0.786952	0.673558	0.560159	0.436095	0.301218	0.175286	0.0749548	-0.00586113	-0.0800507	-0.141024	-0.183332	-0.212448	-0.256905	-0.310102	-0.368091	
0.684014	0.700676	0.707893	0.698169	0.683822	0.681062	0.691606	0.705671	0.705084	0.691478	0.673558	0.652104	0.616029	0.556615	0.471242	0.373036	0.28446	0.207876	0.133139	0.0615519	-0.00328089	-0.0642731	-0.135033	-0.208597	-0.279131	
0.517878	0.446489	0.378245	0.318099	0.277234	0.269421	0.298858	0.353024	0.417724	0.489776	0.560159	0.616029	0.644425	0.642106	0.606424	0.538896	0.461543	0.391723	0.320741	0.241828	0.157618	0.0684801	-0.0208012	-0.104972	-0.183506	
0.355654	0.224354	0.104176	0.00196844	-0.0650464	-0.0767322	-0.0302549	0.0603561	0.174534	0.302216	0.436095	0.556615	0.642106	0.68601	0.679102	0.637559	0.581441	0.522533	0.455043	0.368794	0.270153	0.175257	0.0813479	-0.00234572	-0.0772881	
0.199587	0.0383844	-0.112974	-0.245026	-0.335066	-0.351315	-0.28831	-0.168918	-0.0235075	0.134026	0.301218	0.471242	0.606424	0.679102	0.691274	0.672026	0.639934	0.599002	0.532898	0.44245	0.344398	0.247009	0.156914	0.0818092	0.023847	
0.0602638	-0.119269	-0.287365	-0.434929	-0.533859	-0.552195	-0.482162	-0.350279	-0.187094	-0.0133904	0.175286	0.373036	0.538896	0.637559	0.672026	0.675443	0.661789	0.627162	0.567696	0.481418	0.38249	0.287117	0.20385	0.143475	0.1105	
-0.0509822	-0.251512	-0.435515	-0.588142	-0.686042	-0.702499	-0.63588	-0.501607	-0.32796	-0.13255	0.0749548	0.28446	0.461543	0.581441	0.639934	0.661789	0.650972	0.620087	0.567761	0.485125	0.383697	0.296672	0.23003	0.190406	0.175799	
-0.13807	-0.353475	-0.546976	-0.698795	-0.79213	-0.808354	-0.743649	-0.614035	-0.434385	-0.22535	-0.00586113	0.207876	0.391723	0.522533	0.599002	0.627162	0.620087	0.593192	0.545081	0.461569	0.363142	0.288467	0.244463	0.218139	0.213014	
-0.209926	-0.41878	-0.605542	-0.754411	-0.845669	-0.861789	-0.798858	-0.670667	-0.497142	-0.29515	-0.0800507	0.133139	0.320741	0.455043	0.532898	0.567696	0.567761	0.545081	0.499882	0.424218	0.336489	0.270709	0.23173	0.212275	0.218094	
-0.261343	-0.449783	-0.619052	-0.760819	-0.850226	-0.86507	-0.804681	-0.68003	-0.519696	-0.33895	-0.141024	0.0615519	0.241828	0.368794	0.44245	0.481418	0.485125	0.461569	0.424218	0.371352	0.303938	0.241759	0.198417	0.184207	0.203046	
-0.290042	-0.45545	-0.604619	-0.727401	-0.804699	-0.819214	-0.764674	-0.657684	-0.517514	-0.357831	-0.183332	-0.00328089	0.157618	0.270153	0.344398	0.38249	0.383697	0.363142	0.336489	0.303938	0.259427	0.202523	0.1609	0.145743	0.164066	
-0.305195	-0.448347	-0.570278	-0.667638	-0.724327	-0.733425	-0.696125	-0.61318	-0.499682	-0.364794	-0.212448	-0.0642731	0.0684801	0.175257	0.247009	0.287117	0.296672	0.288467	0.270709	0.241759	0.202523	0.155017	0.111352	0.0854783	0.0952803	
-0.331732	-0.446104	-0.53975	-0.603808	-0.640412	-0.646314	-0.622287	-0.568317	-0.487239	-0.378933	-0.256905	-0.135033	-0.0208012	0.0813479	0.156914	0.20385	0.23003	0.244463	0.23173	0.198417	0.1609	0.111352	0.0542393	0.0146215	0.0133088	
-0.369071	-0.455113	-0.5186	-0.56044	-0.582465	-0.586568	-0.57133	-0.53792	-0.483027	-0.40616	-0.310102	-0.208597	-0.104972	-0.00234572	0.0818092	0.143475	0.190406	0.218139	0.212275	0.184207	0.145743	0.0854783	0.0146215	-0.0346776	-0.0522921	
-0.414659	-0.475502	-0.518335	-0.544519	-0.559246	-0.561295	-0.552089	-0.530047	-0.495227	-0.441246	-0.368091	-0.279131	-0.183506	-0.0772881	0.023847	0.1105	0.175799	0.213014	0.218094	0.203046	0.164066	0.0952803	0.0133088	-0.0522921	-0.0955841	
