0.302445	0.159	0.0196111	-0.117206	-0.249016	-0.372367	-0.46476	-0.515009	-0.537305	-0.532981	-0.509003	-0.46644	-0.402845	-0.328901	-0.274217	-0.237522	-0.203857	-0.183612	-0.176836	-0.182998	-0.194297	-0.198918	-0.198482	-0.191113	-0.176522	
0.408737	0.279217	0.155414	0.0266527	-0.11657	-0.257752	-0.37994	-0.460229	-0.509102	-0.534112	-0.538851	-0.521344	-0.474488	-0.405293	-0.340789	-0.28855	-0.23827	-0.20305	-0.18413	-0.177062	-0.178747	-0.183611	-0.197191	-0.208443	-0.203963	
0.502996	0.394126	0.281689	0.163583	0.0198114	-0.130831	-0.269416	-0.379795	-0.459093	-0.510978	-0.542063	-0.548392	-0.523397	-0.47532	-0.417892	-0.354216	-0.286005	-0.236473	-0.204322	-0.182905	-0.178478	-0.18122	-0.192891	-0.209949	-0.216464	
0.577028	0.493515	0.398491	0.288249	0.151825	0.00449833	-0.140802	-0.270387	-0.380189	-0.464234	-0.519387	-0.546289	-0.542381	-0.517689	-0.47955	-0.423706	-0.351538	-0.29246	-0.251232	-0.215275	-0.195392	-0.190199	-0.195493	-0.204507	-0.207935	
0.619279	0.568344	0.49445	0.397468	0.270215	0.135962	6.26224e-05	-0.136179	-0.263026	-0.375745	-0.46166	-0.511574	-0.532221	-0.53696	-0.522958	-0.486765	-0.429525	-0.370881	-0.320729	-0.27274	-0.2374	-0.212699	-0.196833	-0.190849	-0.187719	
0.626016	0.618501	0.574484	0.495763	0.384836	0.264044	0.143087	0.0132438	-0.12154	-0.252209	-0.365655	-0.447545	-0.496986	-0.533282	-0.549686	-0.538486	-0.5063	-0.460626	-0.405057	-0.338559	-0.281319	-0.240675	-0.20845	-0.186958	-0.179472	
0.601199	0.638443	0.635023	0.583513	0.494846	0.391877	0.283531	0.161346	0.0279025	-0.115295	-0.250089	-0.36174	-0.447528	-0.512941	-0.551126	-0.559637	-0.548242	-0.519842	-0.474913	-0.410547	-0.342326	-0.285899	-0.242014	-0.212952	-0.200878	
0.550955	0.625371	0.659718	0.640396	0.579162	0.495113	0.400415	0.286541	0.159283	0.0214938	-0.119146	-0.246216	-0.357291	-0.45414	-0.515544	-0.542216	-0.552664	-0.542702	-0.515172	-0.471469	-0.4194	-0.369439	-0.318487	-0.275695	-0.250891	
0.466469	0.566935	0.63367	0.649141	0.624125	0.569455	0.493449	0.393895	0.278242	0.15224	0.0246442	-0.10169	-0.224017	-0.339556	-0.4292	-0.48451	-0.525455	-0.546091	-0.545093	-0.528711	-0.498253	-0.462301	-0.416805	-0.364327	-0.320106	
0.355253	0.466893	0.558709	0.608489	0.627462	0.614653	0.572584	0.497222	0.400784	0.291577	0.176895	0.0599795	-0.0674494	-0.197808	-0.310556	-0.40073	-0.477793	-0.529839	-0.557073	-0.568142	-0.561367	-0.541228	-0.503859	-0.453542	-0.401797	
0.246555	0.359917	0.464907	0.54281	0.60166	0.633971	0.630377	0.587679	0.513247	0.421146	0.320045	0.209705	0.0861456	-0.0481124	-0.176035	-0.290772	-0.402178	-0.48767	-0.541458	-0.577504	-0.590473	-0.586351	-0.563668	-0.522329	-0.475369	
0.156802	0.262196	0.366785	0.458673	0.546713	0.615946	0.651647	0.644161	0.599231	0.526955	0.439249	0.33746	0.217393	0.090802	-0.0362679	-0.161452	-0.288641	-0.399903	-0.482412	-0.545557	-0.582797	-0.595657	-0.587894	-0.561904	-0.526186	
0.0935677	0.179181	0.271203	0.360403	0.459614	0.55278	0.618449	0.64837	0.638789	0.59822	0.532901	0.445385	0.335665	0.217758	0.1002	-0.0220747	-0.152601	-0.271953	-0.372342	-0.460926	-0.523429	-0.559445	-0.573823	-0.569813	-0.55775	
0.0467775	0.112181	0.181829	0.259894	0.355575	0.456647	0.541592	0.600221	0.627669	0.624089	0.592224	0.529268	0.438158	0.338086	0.232693	0.121574	0.00179061	-0.115282	-0.219202	-0.321419	-0.409897	-0.47625	-0.525366	-0.558025	-0.580114	
0.0182917	0.0598422	0.107134	0.164388	0.247862	0.343579	0.43337	0.512058	0.570037	0.605497	0.613465	0.587256	0.526224	0.452414	0.369075	0.271422	0.166458	0.0607226	-0.044191	-0.155621	-0.2634	-0.361435	-0.452608	-0.533343	-0.601562	
0.00741044	0.0288635	0.0521447	0.0908137	0.153648	0.235792	0.319536	0.404134	0.484113	0.55324	0.602578	0.619797	0.601225	0.562388	0.504087	0.423721	0.328802	0.22778	0.123661	0.00354662	-0.123915	-0.247786	-0.372063	-0.491561	-0.599233	
0.0153687	0.0218459	0.0281032	0.0491126	0.0968021	0.161584	0.233659	0.315923	0.403191	0.492312	0.571687	0.624994	0.645468	0.645536	0.615928	0.551082	0.466659	0.365477	0.252482	0.126027	-0.0092691	-0.1464	-0.289122	-0.431516	-0.563153	
0.0633633	0.0586267	0.0531935	0.0632224	0.0940158	0.142833	0.197273	0.265595	0.347363	0.437723	0.526341	0.598427	0.644033	0.670163	0.666648	0.621802	0.550394	0.458223	0.347504	0.217156	0.0769656	-0.0614759	-0.204789	-0.35132	-0.490789	
0.157875	0.148886	0.134558	0.134952	0.15285	0.180425	0.212542	0.256935	0.314489	0.386381	0.462823	0.530353	0.584688	0.629156	0.646048	0.624079	0.576637	0.5011	0.402183	0.285153	0.154431	0.0202884	-0.119323	-0.260199	-0.392504	
0.293294	0.275676	0.253232	0.242241	0.242652	0.249834	0.255187	0.270741	0.300026	0.341959	0.392039	0.44167	0.486259	0.532465	0.564156	0.563684	0.544762	0.501374	0.428447	0.331159	0.217601	0.100907	-0.0220928	-0.148265	-0.263689	
0.429905	0.407501	0.375555	0.355122	0.341403	0.327113	0.309448	0.29752	0.295589	0.307915	0.328106	0.351332	0.381176	0.419936	0.452382	0.46549	0.469314	0.454074	0.415098	0.356433	0.278119	0.190196	0.094806	-0.00216662	-0.0888824	
0.531036	0.503659	0.468245	0.44163	0.418775	0.393327	0.359616	0.329611	0.307619	0.293653	0.286957	0.284136	0.289139	0.311591	0.337478	0.353656	0.375177	0.389039	0.384445	0.366138	0.333905	0.295171	0.245867	0.188539	0.138158	
0.566898	0.542609	0.50841	0.484036	0.460248	0.429425	0.390196	0.35075	0.315555	0.28827	0.263161	0.241184	0.231227	0.237603	0.252518	0.267715	0.297552	0.332512	0.362436	0.390458	0.409301	0.42062	0.421978	0.412964	0.4019	
0.51426	0.496516	0.470736	0.454155	0.43736	0.413292	0.378303	0.342821	0.310392	0.280246	0.252076	0.224503	0.207099	0.209721	0.222477	0.24019	0.281107	0.333402	0.386996	0.447024	0.506471	0.564758	0.612376	0.645726	0.674161	
0.366818	0.359244	0.345085	0.342142	0.339268	0.328235	0.309285	0.289417	0.272374	0.259937	0.245659	0.232169	0.22918	0.240624	0.26182	0.287695	0.33669	0.401214	0.470657	0.552102	0.636516	0.720994	0.800311	0.868568	0.929507	
0.136077	0.140672	0.141797	0.157072	0.174173	0.186571	0.192163	0.199885	0.212375	0.227282	0.242449	0.255823	0.277597	0.313102	0.352998	0.395141	0.457221	0.529992	0.606354	0.694794	0.789271	0.889224	0.986627	1.07668	1.16463	
-0.127886	-0.110791	-0.093368	-0.0590991	-0.0194846	0.0166412	0.050943	0.0892402	0.133949	0.184517	0.233032	0.280664	0.335223	0.397886	0.462227	0.523224	0.600013	0.684919	0.768523	0.863611	0.964083	1.06851	1.17445	1.27655	1.37781	
-0.370193	-0.340836	-0.308976	-0.256893	-0.198756	-0.140307	-0.0828167	-0.0186737	0.0542107	0.132037	0.210578	0.287115	0.370744	0.462159	0.551702	0.637182	0.733837	0.833671	0.930473	1.03419	1.14053	1.25077	1.36041	1.46613	1.57227	
-0.544674	-0.507042	-0.464881	-0.402534	-0.331384	-0.260794	-0.188082	-0.107752	-0.0180838	0.0795173	0.177238	0.275257	0.380946	0.494286	0.606725	0.713009	0.831208	0.951236	1.0628	1.18009	1.29706	1.4118	1.52286	1.62641	1.727	
-0.638508	-0.595889	-0.549048	-0.480298	-0.404842	-0.327613	-0.24918	-0.162426	-0.0644943	0.0408137	0.148709	0.257559	0.37619	0.503307	0.629853	0.752818	0.885187	1.01864	1.14518	1.27282	1.39593	1.5151	1.62693	1.72857	1.82464	
-0.653901	-0.610866	-0.562846	-0.494569	-0.417002	-0.339778	-0.259943	-0.17149	-0.0729867	0.034222	0.143374	0.253955	0.373949	0.503773	0.633421	0.757912	0.894737	1.03189	1.15835	1.28806	1.41446	1.5346	1.64614	1.74606	1.8401	
-0.591868	-0.551547	-0.507265	-0.440969	-0.368304	-0.293927	-0.218318	-0.135085	-0.0407843	0.0607331	0.163782	0.267492	0.380135	0.499989	0.618999	0.733894	0.857837	0.983703	1.10381	1.22604	1.34486	1.46135	1.57296	1.6764	1.77534	
-0.44969	-0.416731	-0.379804	-0.323624	-0.258601	-0.194505	-0.129558	-0.0571314	0.0235084	0.110593	0.19811	0.284155	0.376976	0.478531	0.578152	0.671787	0.778411	0.886833	0.987781	1.09631	1.20781	1.32036	1.43045	1.53496	1.63918	
-0.230429	-0.207838	-0.184622	-0.141918	-0.0951149	-0.0491408	-0.00465818	0.0442035	0.101478	0.164035	0.225547	0.285887	0.353379	0.427557	0.50167	0.572807	0.655913	0.745587	0.835519	0.933932	1.0355	1.14158	1.24945	1.35472	1.45936	
0.0310906	0.0404904	0.048583	0.0708156	0.0975642	0.119621	0.136838	0.157477	0.182839	0.211719	0.240387	0.266926	0.300654	0.347303	0.396763	0.445532	0.514107	0.591783	0.669286	0.75935	0.857172	0.960369	1.06191	1.15725	1.25183	
0.282434	0.280012	0.27127	0.27588	0.279732	0.277186	0.267393	0.256782	0.250447	0.248035	0.244228	0.240473	0.246936	0.266516	0.293763	0.325817	0.378524	0.445774	0.519936	0.605895	0.695258	0.786514	0.874352	0.953603	1.02648	
0.466478	0.452232	0.431074	0.418854	0.406993	0.387511	0.357598	0.327304	0.299501	0.273876	0.249465	0.225012	0.210196	0.215092	0.230015	0.249956	0.294962	0.353315	0.413585	0.482709	0.554343	0.626207	0.688454	0.736483	0.778709	
0.557397	0.53574	0.503985	0.48242	0.460106	0.430461	0.391815	0.351867	0.315649	0.285709	0.257407	0.231225	0.217302	0.220404	0.232851	0.248692	0.281885	0.323808	0.365257	0.40842	0.445609	0.476472	0.497015	0.506535	0.5114	
0.554478	0.527349	0.491925	0.46522	0.440778	0.412684	0.3756	0.34067	0.312573	0.291173	0.275963	0.264057	0.260892	0.276551	0.297887	0.313752	0.339876	0.363422	0.37308	0.372796	0.360746	0.342761	0.314038	0.275337	0.240613	
0.476541	0.451965	0.417932	0.394384	0.375997	0.355864	0.33065	0.310307	0.298561	0.299706	0.308788	0.321045	0.341974	0.374871	0.40535	0.420961	0.431788	0.428346	0.403381	0.360491	0.300463	0.230362	0.151042	0.069179	-0.00408229	
0.349559	0.329706	0.303285	0.288445	0.282314	0.280764	0.276629	0.280353	0.297284	0.326648	0.364862	0.404518	0.443222	0.487756	0.521163	0.527389	0.519021	0.487427	0.427645	0.344141	0.241926	0.134602	0.0213379	-0.0949777	-0.199948	
0.209126	0.196857	0.179703	0.175561	0.186425	0.205906	0.226941	0.260443	0.306459	0.367006	0.434645	0.496024	0.54867	0.595579	0.619608	0.607143	0.570022	0.506493	0.416657	0.305324	0.180899	0.0527506	-0.082118	-0.218123	-0.345317	
0.094867	0.0882673	0.0790459	0.0855679	0.111145	0.151723	0.198593	0.258129	0.332054	0.417085	0.502965	0.575779	0.626557	0.661427	0.666641	0.630569	0.568207	0.481194	0.37351	0.247554	0.109459	-0.0290547	-0.171368	-0.316716	-0.454713	
0.0293598	0.03041	0.0317996	0.0479408	0.0881371	0.147136	0.212061	0.290534	0.377392	0.469002	0.555545	0.618796	0.651665	0.663493	0.644919	0.588047	0.506817	0.408227	0.295399	0.165171	0.0271027	-0.110658	-0.254956	-0.400736	-0.537786	
0.00689212	0.0216839	0.0374187	0.0684007	0.125248	0.199965	0.280356	0.365403	0.449691	0.529228	0.592373	0.625532	0.623467	0.60057	0.553615	0.47893	0.388693	0.287698	0.179447	0.0575008	-0.0733823	-0.205123	-0.339269	-0.470502	-0.589955	
0.0124024	0.0451704	0.0826102	0.132709	0.207202	0.298619	0.386491	0.4688	0.537308	0.586779	0.612119	0.603355	0.558699	0.497653	0.423913	0.333793	0.232429	0.129445	0.0267595	-0.0887991	-0.206136	-0.315258	-0.420647	-0.518349	-0.603789	
0.0330673	0.0885489	0.149816	0.21952	0.312174	0.412068	0.500714	0.569671	0.609664	0.622027	0.605491	0.555551	0.474606	0.383934	0.286755	0.180238	0.0670681	-0.0450358	-0.150849	-0.257115	-0.352574	-0.431926	-0.498345	-0.550274	-0.590333	
0.0729976	0.150964	0.234298	0.321	0.419636	0.517681	0.59282	0.634645	0.640483	0.614053	0.560668	0.481903	0.378796	0.266585	0.153001	0.0353791	-0.0925763	-0.21315	-0.315013	-0.409758	-0.484303	-0.532321	-0.55848	-0.566563	-0.566304	
0.128947	0.226397	0.327954	0.419794	0.514825	0.595719	0.644239	0.65305	0.621632	0.560462	0.480592	0.383357	0.265967	0.142498	0.0191911	-0.10664	-0.236674	-0.352184	-0.444477	-0.51973	-0.566145	-0.586308	-0.586086	-0.568351	-0.541277	
0.20736	0.319564	0.425605	0.511742	0.584269	0.63197	0.64504	0.615473	0.551659	0.466831	0.370335	0.263115	0.141607	0.00975099	-0.120191	-0.240431	-0.360508	-0.459313	-0.524468	-0.569683	-0.591796	-0.594962	-0.578407	-0.542166	-0.498384	
