0.292276	0.382598	0.458239	0.504173	0.516928	0.518785	0.511735	0.481458	0.415325	0.329233	0.236407	0.136489	0.0286358	-0.0733358	-0.13209	-0.144413	-0.111464	-0.0632667	0.00181169	0.0890332	0.193488	0.302672	0.414099	0.530501	0.628689	
0.286516	0.404051	0.498089	0.557651	0.582338	0.586096	0.570662	0.527177	0.444696	0.33513	0.211961	0.0873172	-0.033606	-0.132433	-0.179943	-0.176318	-0.13051	-0.0656842	0.0183465	0.115135	0.227073	0.34519	0.462617	0.576084	0.67647	
0.27718	0.414247	0.527445	0.604946	0.643153	0.649859	0.623623	0.56378	0.462576	0.334135	0.189854	0.0468647	-0.0789964	-0.169583	-0.208606	-0.203152	-0.154585	-0.0782808	0.0202703	0.126143	0.242365	0.364875	0.481365	0.593176	0.695614	
0.284848	0.435099	0.554915	0.644676	0.699095	0.708651	0.671025	0.594912	0.486527	0.347784	0.187733	0.0309462	-0.0961628	-0.177112	-0.214508	-0.213062	-0.175395	-0.105039	-0.00664385	0.107153	0.231782	0.356886	0.472943	0.587035	0.694919	
0.309322	0.462837	0.587564	0.684946	0.746456	0.759658	0.713683	0.630917	0.515576	0.373947	0.209425	0.0512982	-0.0707682	-0.150361	-0.191751	-0.207541	-0.191243	-0.137123	-0.0439515	0.0703878	0.19171	0.31409	0.435468	0.558917	0.680043	
0.350886	0.497817	0.623252	0.729746	0.800155	0.812278	0.764016	0.668619	0.550554	0.412183	0.256999	0.108023	-0.00898878	-0.0891808	-0.147791	-0.181049	-0.181951	-0.142086	-0.0673982	0.0321599	0.142186	0.254722	0.376437	0.507796	0.637169	
0.420488	0.56472	0.688509	0.794286	0.867176	0.880693	0.829148	0.733031	0.616475	0.480239	0.32989	0.188103	0.070928	-0.0192007	-0.0853953	-0.129196	-0.14397	-0.126527	-0.0804012	-0.00870892	0.0801306	0.181787	0.299196	0.42737	0.555157	
0.521312	0.667244	0.788887	0.889591	0.958635	0.972525	0.921859	0.831903	0.718465	0.581698	0.42867	0.284891	0.163869	0.0628107	-0.0164243	-0.074579	-0.0975673	-0.0987512	-0.0871225	-0.0529838	0.00475436	0.0845551	0.1893	0.311669	0.435916	
0.636027	0.780336	0.906421	1.00547	1.0683	1.07851	1.03636	0.948948	0.833705	0.695444	0.546714	0.402918	0.269656	0.152106	0.0536153	-0.017907	-0.054561	-0.0735215	-0.0919522	-0.0961003	-0.0749957	-0.0233982	0.0630678	0.168682	0.278567	
0.757033	0.900536	1.0178	1.10818	1.16919	1.18045	1.13743	1.05664	0.950782	0.817048	0.664736	0.515303	0.373123	0.238123	0.119561	0.0334851	-0.0193504	-0.062205	-0.11142	-0.15031	-0.159944	-0.131383	-0.0666457	0.0114786	0.0944962	
0.859022	1.0022	1.11311	1.18979	1.2357	1.24352	1.21202	1.14783	1.05077	0.919696	0.762636	0.600337	0.444642	0.297602	0.168392	0.0667284	-0.00706467	-0.0720874	-0.141435	-0.204893	-0.245052	-0.246438	-0.216744	-0.165144	-0.0987415	
0.908172	1.04662	1.15094	1.21962	1.258	1.26378	1.23922	1.18194	1.09273	0.967729	0.812261	0.643116	0.477976	0.324009	0.186756	0.0812289	-0.00513179	-0.0811951	-0.164499	-0.252219	-0.323651	-0.363018	-0.36792	-0.338561	-0.275443	
0.8875	1.0242	1.12367	1.19158	1.23412	1.24102	1.21238	1.1541	1.06799	0.946205	0.791727	0.627987	0.472289	0.322471	0.186983	0.0809144	-0.00838843	-0.0924885	-0.18198	-0.283117	-0.377987	-0.449101	-0.487279	-0.475781	-0.422147	
0.815655	0.948562	1.05365	1.12872	1.1704	1.17734	1.14964	1.08775	0.993822	0.872079	0.724611	0.567196	0.422609	0.290133	0.172945	0.0744535	-0.0141295	-0.099994	-0.193203	-0.300201	-0.403188	-0.489356	-0.552307	-0.562242	-0.523545	
0.712928	0.850544	0.959348	1.03758	1.08334	1.09096	1.06052	0.994383	0.897454	0.770893	0.621867	0.473831	0.346128	0.230449	0.132029	0.0533331	-0.0195631	-0.0977761	-0.186357	-0.290674	-0.393272	-0.484885	-0.557205	-0.582785	-0.559974	
0.580612	0.716917	0.828441	0.912416	0.962857	0.97153	0.93715	0.865862	0.764318	0.637142	0.493703	0.359585	0.252808	0.164297	0.0936896	0.0382383	-0.006908	-0.0605637	-0.135341	-0.232781	-0.328897	-0.418698	-0.494891	-0.532468	-0.534466	
0.421618	0.553489	0.670873	0.763501	0.819706	0.829099	0.790847	0.711315	0.602642	0.475452	0.343301	0.229467	0.148154	0.0926778	0.0595029	0.0397869	0.0270935	0.00280786	-0.0481332	-0.124734	-0.207811	-0.289099	-0.367714	-0.428148	-0.468717	
0.251064	0.380348	0.499436	0.59643	0.657425	0.66851	0.625998	0.541864	0.429776	0.302341	0.179017	0.0877512	0.0397897	0.0225034	0.0278997	0.0465251	0.0724223	0.086583	0.0695869	0.0230481	-0.0417221	-0.122451	-0.215351	-0.310389	-0.395211	
0.0850197	0.202123	0.315263	0.412364	0.47829	0.488702	0.444261	0.356337	0.248651	0.131094	0.0233746	-0.0482816	-0.0724597	-0.0509835	-0.0022575	0.0616552	0.129623	0.187983	0.210818	0.193198	0.138181	0.0467136	-0.0718359	-0.202843	-0.331386	
-0.0711981	0.0279042	0.132314	0.225407	0.286764	0.29761	0.254836	0.171837	0.0700817	-0.0329958	-0.119275	-0.169104	-0.171653	-0.124518	-0.0385412	0.0734205	0.189624	0.292155	0.350869	0.355989	0.301973	0.197907	0.0568544	-0.105121	-0.267609	
-0.205261	-0.1252	-0.0379381	0.0438534	0.102574	0.11225	0.0722329	-0.00401623	-0.0905137	-0.175485	-0.241861	-0.271807	-0.254025	-0.184999	-0.0713706	0.0775097	0.232487	0.371966	0.462986	0.490791	0.444737	0.330164	0.164566	-0.027063	-0.217456	
-0.303357	-0.244594	-0.173193	-0.10374	-0.0543039	-0.046207	-0.079562	-0.144668	-0.216834	-0.281877	-0.328325	-0.345707	-0.321515	-0.24183	-0.110131	0.063878	0.245866	0.41277	0.529746	0.575213	0.538755	0.421562	0.239079	0.0238843	-0.188613	
-0.356875	-0.303804	-0.245099	-0.194131	-0.161245	-0.155816	-0.177823	-0.223287	-0.280277	-0.337385	-0.381245	-0.397324	-0.37089	-0.294139	-0.158252	0.0303979	0.232341	0.41391	0.544449	0.600619	0.568741	0.453275	0.265704	0.0380294	-0.189268	
-0.359239	-0.302209	-0.247692	-0.206171	-0.180882	-0.176942	-0.193409	-0.229686	-0.279581	-0.336601	-0.390052	-0.42236	-0.409656	-0.340882	-0.206711	-0.0198519	0.185362	0.372188	0.505836	0.560845	0.53285	0.422852	0.237881	0.0100156	-0.224584	
-0.322329	-0.244167	-0.176769	-0.130848	-0.10567	-0.102078	-0.117804	-0.156119	-0.215054	-0.290512	-0.368496	-0.423123	-0.428563	-0.37642	-0.261655	-0.0926893	0.0985318	0.276958	0.410381	0.467688	0.442162	0.335983	0.158645	-0.0644501	-0.301366	
-0.261115	-0.153335	-0.0634621	-0.00423693	0.0254621	0.0303836	0.0110061	-0.0358176	-0.11418	-0.21709	-0.325373	-0.406655	-0.432717	-0.403046	-0.313603	-0.175336	-0.00974208	0.151324	0.276347	0.333065	0.311231	0.212449	0.0440758	-0.168592	-0.39882	
-0.189634	-0.0591504	0.0486442	0.127189	0.175837	0.183905	0.151046	0.0830141	-0.0126596	-0.135232	-0.269571	-0.379485	-0.430303	-0.421081	-0.357714	-0.252233	-0.118402	0.0198362	0.127674	0.175078	0.155244	0.0669014	-0.0851761	-0.279489	-0.495492	
-0.135072	0.0141032	0.145215	0.246605	0.308471	0.318747	0.276952	0.189743	0.0696137	-0.0746082	-0.223163	-0.342612	-0.410191	-0.425846	-0.397214	-0.324051	-0.221038	-0.109578	-0.0232067	0.0128485	-0.0066291	-0.0836262	-0.214171	-0.386095	-0.582354	
-0.0916772	0.0628608	0.203955	0.325741	0.409752	0.424796	0.36605	0.255503	0.120995	-0.0294454	-0.182298	-0.309454	-0.388212	-0.422719	-0.419818	-0.378308	-0.3051	-0.217698	-0.153458	-0.129273	-0.14763	-0.210973	-0.326338	-0.48167	-0.65827	
-0.0687903	0.0870883	0.234937	0.367314	0.460211	0.476595	0.411843	0.290428	0.147463	-0.00610737	-0.15872	-0.2868	-0.373165	-0.41844	-0.43229	-0.407861	-0.35235	-0.281824	-0.233892	-0.219293	-0.23539	-0.290701	-0.396803	-0.54365	-0.709499	
-0.0664905	0.0915907	0.241096	0.374003	0.46597	0.481923	0.418143	0.297107	0.152688	-0.00375357	-0.157089	-0.283041	-0.368614	-0.416297	-0.434655	-0.412001	-0.359602	-0.292964	-0.247319	-0.233113	-0.250359	-0.305366	-0.408825	-0.55506	-0.719687	
-0.0798358	0.0745902	0.21878	0.346786	0.436877	0.453016	0.3898	0.272374	0.133606	-0.0174152	-0.169775	-0.298193	-0.381438	-0.421269	-0.425986	-0.393516	-0.329132	-0.249239	-0.192985	-0.173647	-0.190829	-0.249599	-0.360767	-0.511391	-0.682122	
-0.115385	0.0368442	0.173241	0.283136	0.354222	0.366481	0.317678	0.220846	0.0940064	-0.053762	-0.205623	-0.329052	-0.401134	-0.424553	-0.407336	-0.348723	-0.258427	-0.156965	-0.0793202	-0.0478863	-0.0673356	-0.13901	-0.262771	-0.427145	-0.614995	
-0.166873	-0.0267185	0.0915746	0.178855	0.231198	0.23957	0.204725	0.130101	0.0241806	-0.109337	-0.250758	-0.364703	-0.423501	-0.424897	-0.375811	-0.281921	-0.16045	-0.0332391	0.066059	0.109387	0.0895869	0.00604718	-0.136813	-0.322253	-0.531187	
-0.230853	-0.114893	-0.0190276	0.0475696	0.0862454	0.0931012	0.0665946	0.0108118	-0.0734664	-0.182591	-0.302375	-0.397793	-0.433833	-0.411135	-0.330557	-0.206683	-0.0535503	0.0995858	0.218687	0.272083	0.251124	0.156391	-0.00669234	-0.21343	-0.438646	
-0.301347	-0.210366	-0.132478	-0.082205	-0.0580676	-0.0547295	-0.0693103	-0.108921	-0.176427	-0.264631	-0.354178	-0.417306	-0.430681	-0.388337	-0.284543	-0.126457	0.0562273	0.228201	0.359357	0.417203	0.393444	0.289826	0.115933	-0.103289	-0.338805	
-0.34752	-0.2839	-0.227565	-0.18596	-0.160627	-0.156561	-0.173166	-0.209435	-0.260025	-0.321927	-0.383942	-0.425708	-0.420047	-0.356578	-0.227759	-0.0457704	0.155179	0.339802	0.47396	0.5296	0.502083	0.39397	0.211977	-0.0154358	-0.251713	
-0.363543	-0.311034	-0.255292	-0.209558	-0.181204	-0.176416	-0.195354	-0.235574	-0.288539	-0.343632	-0.389223	-0.410591	-0.388456	-0.313975	-0.177342	0.0123556	0.218586	0.403688	0.53571	0.591746	0.562462	0.448922	0.261245	0.0326896	-0.198035	
-0.331564	-0.27587	-0.209636	-0.147598	-0.105328	-0.0985782	-0.126863	-0.183678	-0.249874	-0.311665	-0.354849	-0.368693	-0.342049	-0.263159	-0.129051	0.0525502	0.2436	0.417463	0.542447	0.593623	0.558647	0.441365	0.255812	0.0341082	-0.185192	
-0.248982	-0.1782	-0.0985298	-0.0206686	0.0360583	0.0455526	0.00683177	-0.066846	-0.146798	-0.222531	-0.279935	-0.304982	-0.283713	-0.208181	-0.0855636	0.0747602	0.241166	0.393041	0.494999	0.531283	0.489809	0.373297	0.198862	-0.00323029	-0.202654	
-0.128284	-0.0367254	0.0621321	0.150678	0.21021	0.22047	0.179281	0.099786	0.00280782	-0.0936563	-0.172414	-0.213098	-0.206119	-0.149599	-0.0515802	0.0762859	0.210002	0.328577	0.401081	0.414852	0.363243	0.253504	0.102955	-0.0711713	-0.245127	
0.0202959	0.131163	0.241289	0.337934	0.402628	0.413004	0.36922	0.281934	0.176137	0.0636209	-0.0354395	-0.0980993	-0.114212	-0.0819045	-0.0169965	0.0673719	0.154254	0.230396	0.268049	0.260405	0.20584	0.109909	-0.0183805	-0.161922	-0.305858	
0.184382	0.309353	0.426192	0.523845	0.58828	0.599504	0.554858	0.468224	0.357745	0.234193	0.115253	0.0313176	-0.00532521	-0.00553985	0.0166858	0.0517757	0.0936478	0.125869	0.124572	0.0898329	0.0306877	-0.0540376	-0.156328	-0.266509	-0.368554	
0.353342	0.484655	0.604516	0.699459	0.756553	0.766309	0.727634	0.64645	0.534493	0.406008	0.277744	0.173996	0.10525	0.0636967	0.04605	0.0420685	0.0444022	0.033644	-0.00512274	-0.0700986	-0.145292	-0.224565	-0.307022	-0.380258	-0.438885	
0.520119	0.654368	0.766904	0.854249	0.908059	0.917248	0.880194	0.805221	0.701998	0.575781	0.436136	0.308681	0.211627	0.136336	0.0804561	0.0376858	0.0049555	-0.0371157	-0.103342	-0.194806	-0.28698	-0.373128	-0.45018	-0.495579	-0.511639	
0.663484	0.801373	0.911377	0.99173	1.03919	1.04735	1.0155	0.947344	0.848733	0.721198	0.57385	0.4306	0.310707	0.204102	0.114922	0.0451857	-0.0173151	-0.0873341	-0.172197	-0.2741	-0.375001	-0.467119	-0.540786	-0.570209	-0.555458	
0.777853	0.912268	1.01971	1.09627	1.13868	1.14548	1.11744	1.05455	0.958545	0.834636	0.687037	0.53288	0.394155	0.268801	0.159597	0.0671149	-0.0174402	-0.101983	-0.193749	-0.300875	-0.404625	-0.493546	-0.561984	-0.579708	-0.546672	
0.863348	0.99865	1.09875	1.16901	1.21195	1.21974	1.19014	1.13022	1.04238	0.921267	0.769629	0.607867	0.457253	0.313409	0.184175	0.0795389	-0.0101078	-0.0961841	-0.187731	-0.291231	-0.391665	-0.470142	-0.520236	-0.517133	-0.469607	
0.907623	1.04489	1.14704	1.21482	1.25398	1.25943	1.23437	1.17761	1.09031	0.966594	0.811889	0.644499	0.480939	0.326801	0.187613	0.0819069	-0.00615556	-0.0852376	-0.171451	-0.266468	-0.349141	-0.403425	-0.420625	-0.398802	-0.338175	
0.886266	1.02842	1.13709	1.20956	1.24982	1.25672	1.22968	1.17011	1.07601	0.947218	0.790204	0.623166	0.462362	0.311869	0.179813	0.0743032	-0.00593977	-0.0767524	-0.15215	-0.224872	-0.277978	-0.294072	-0.279317	-0.236918	-0.172346	
