-0.735055	-0.603215	-0.436471	-0.229042	-0.00142862	0.203511	0.350089	0.431032	0.442697	0.408405	0.351111	0.295917	0.259699	0.242243	0.250532	0.283068	0.327643	0.382584	0.453832	0.528988	0.611788	0.704806	0.794148	0.880452	0.96064	
-0.603215	-0.455702	-0.267357	-0.0392251	0.197	0.397054	0.528804	0.595499	0.601629	0.565069	0.508723	0.455841	0.420035	0.401673	0.402532	0.4226	0.453979	0.494593	0.549752	0.609306	0.671185	0.732046	0.787183	0.838281	0.881869	
-0.436471	-0.267357	-0.0537624	0.183941	0.416938	0.604102	0.722512	0.78075	0.778752	0.738872	0.679805	0.623668	0.582239	0.55174	0.534447	0.536377	0.551838	0.57545	0.612615	0.649624	0.680146	0.708234	0.731777	0.749179	0.766101	
-0.229042	-0.0392251	0.183941	0.414755	0.631568	0.802385	0.908511	0.950939	0.938687	0.892794	0.82836	0.764606	0.707394	0.65934	0.625476	0.611795	0.611833	0.61656	0.625257	0.630033	0.630641	0.628979	0.630095	0.631959	0.631127	
-0.00142862	0.197	0.416938	0.631568	0.830492	0.984791	1.06928	1.09078	1.06188	1.00203	0.921066	0.835008	0.758048	0.699299	0.657818	0.634879	0.622001	0.603637	0.583333	0.564335	0.542492	0.523066	0.512088	0.495959	0.478754	
0.203511	0.397054	0.604102	0.802385	0.984791	1.11545	1.17845	1.17863	1.13142	1.05002	0.942642	0.836607	0.748904	0.684724	0.634647	0.596338	0.562729	0.526475	0.494073	0.46785	0.44263	0.416116	0.391794	0.362241	0.332448	
0.350089	0.528804	0.722512	0.908511	1.06928	1.17845	1.22261	1.2027	1.13181	1.02222	0.897756	0.786051	0.694749	0.62392	0.560965	0.505319	0.461137	0.42211	0.386569	0.361619	0.334253	0.299284	0.270392	0.238379	0.209645	
0.431032	0.595499	0.78075	0.950939	1.09078	1.17863	1.2027	1.15552	1.05477	0.9291	0.805218	0.69659	0.602441	0.525258	0.455413	0.396556	0.353186	0.31587	0.281304	0.252598	0.220087	0.18798	0.165315	0.141181	0.120803	
0.442697	0.601629	0.778752	0.938687	1.06188	1.13142	1.13181	1.05477	0.938517	0.812743	0.693248	0.582114	0.482419	0.403262	0.338204	0.285636	0.248243	0.218459	0.184403	0.156277	0.130968	0.103574	0.0836169	0.0658514	0.0510071	
0.408405	0.565069	0.738872	0.892794	1.00203	1.05002	1.02222	0.9291	0.812743	0.689741	0.569276	0.456004	0.359727	0.28851	0.232898	0.18842	0.158655	0.13269	0.101952	0.0795815	0.0595297	0.0414846	0.0291658	0.0146635	0.00306053	
0.351111	0.508723	0.679805	0.82836	0.921066	0.942642	0.897756	0.805218	0.693248	0.569276	0.449787	0.3436	0.257283	0.192604	0.14591	0.110958	0.0821213	0.0588098	0.037567	0.0229608	0.0133536	0.00338829	-0.00909162	-0.0187282	-0.0263698	
0.295917	0.455841	0.623668	0.764606	0.835008	0.836607	0.786051	0.69659	0.582114	0.456004	0.3436	0.248733	0.171837	0.117007	0.0839141	0.0532848	0.0249499	0.00920957	-0.0041538	-0.0142073	-0.0195576	-0.0262573	-0.0368218	-0.0429218	-0.0459865	
0.259699	0.420035	0.582239	0.707394	0.758048	0.748904	0.694749	0.602441	0.482419	0.359727	0.257283	0.171837	0.107613	0.0662666	0.0372658	0.00723418	-0.0139993	-0.0208328	-0.0259898	-0.0352379	-0.0434933	-0.04928	-0.0558617	-0.0544062	-0.0531207	
0.242243	0.401673	0.55174	0.65934	0.699299	0.684724	0.62392	0.525258	0.403262	0.28851	0.192604	0.117007	0.0662666	0.0246362	-0.00751008	-0.0268619	-0.0349697	-0.03652	-0.0409933	-0.0510902	-0.0555516	-0.0558162	-0.0603841	-0.0609531	-0.0622007	
0.250532	0.402532	0.534447	0.625476	0.657818	0.634647	0.560965	0.455413	0.338204	0.232898	0.14591	0.0839141	0.0372658	-0.00751008	-0.031483	-0.0371507	-0.044304	-0.054107	-0.0591588	-0.0642314	-0.0631848	-0.0574628	-0.0587422	-0.0605013	-0.0648425	
0.283068	0.4226	0.536377	0.611795	0.634879	0.596338	0.505319	0.396556	0.285636	0.18842	0.110958	0.0532848	0.00723418	-0.0268619	-0.0371507	-0.0395813	-0.0547406	-0.0669045	-0.0634236	-0.0635334	-0.0638396	-0.0630506	-0.0681865	-0.0684111	-0.0654275	
0.327643	0.453979	0.551838	0.611833	0.622001	0.562729	0.461137	0.353186	0.248243	0.158655	0.0821213	0.0249499	-0.0139993	-0.0349697	-0.044304	-0.0547406	-0.0653176	-0.0648733	-0.0581547	-0.0612649	-0.0654657	-0.068461	-0.069787	-0.0677141	-0.0671805	
0.382584	0.494593	0.57545	0.61656	0.603637	0.526475	0.42211	0.31587	0.218459	0.13269	0.0588098	0.00920957	-0.0208328	-0.03652	-0.054107	-0.0669045	-0.0648733	-0.0635365	-0.0659517	-0.0662663	-0.0669139	-0.0685648	-0.0614319	-0.0595759	-0.0672554	
0.453832	0.549752	0.612615	0.625257	0.583333	0.494073	0.386569	0.281304	0.184403	0.101952	0.037567	-0.0041538	-0.0259898	-0.0409933	-0.0591588	-0.0634236	-0.0581547	-0.0659517	-0.072018	-0.0674865	-0.0688448	-0.0665725	-0.0600193	-0.0676056	-0.0692431	
0.528988	0.609306	0.649624	0.630033	0.564335	0.46785	0.361619	0.252598	0.156277	0.0795815	0.0229608	-0.0142073	-0.0352379	-0.0510902	-0.0642314	-0.0635334	-0.0612649	-0.0662663	-0.0674865	-0.0632213	-0.0644597	-0.0654758	-0.0682916	-0.0712327	-0.0626534	
0.611788	0.671185	0.680146	0.630641	0.542492	0.44263	0.334253	0.220087	0.130968	0.0595297	0.0133536	-0.0195576	-0.0434933	-0.0555516	-0.0631848	-0.0638396	-0.0654657	-0.0669139	-0.0688448	-0.0644597	-0.0615494	-0.0675314	-0.0674192	-0.0626636	-0.06095	
0.704806	0.732046	0.708234	0.628979	0.523066	0.416116	0.299284	0.18798	0.103574	0.0414846	0.00338829	-0.0262573	-0.04928	-0.0558162	-0.0574628	-0.0630506	-0.068461	-0.0685648	-0.0665725	-0.0654758	-0.0675314	-0.0681933	-0.0611678	-0.0594892	-0.067107	
0.794148	0.787183	0.731777	0.630095	0.512088	0.391794	0.270392	0.165315	0.0836169	0.0291658	-0.00909162	-0.0368218	-0.0558617	-0.0603841	-0.0587422	-0.0681865	-0.069787	-0.0614319	-0.0600193	-0.0682916	-0.0674192	-0.0611678	-0.0671772	-0.0669026	-0.0642127	
0.880452	0.838281	0.749179	0.631959	0.495959	0.362241	0.238379	0.141181	0.0658514	0.0146635	-0.0187282	-0.0429218	-0.0544062	-0.0609531	-0.0605013	-0.0684111	-0.0677141	-0.0595759	-0.0676056	-0.0712327	-0.0626636	-0.0594892	-0.0669026	-0.0672622	-0.0610564	
0.96064	0.881869	0.766101	0.631127	0.478754	0.332448	0.209645	0.120803	0.0510071	0.00306053	-0.0263698	-0.0459865	-0.0531207	-0.0622007	-0.0648425	-0.0654275	-0.0671805	-0.0672554	-0.0692431	-0.0626534	-0.06095	-0.067107	-0.0642127	-0.0610564	-0.0628383	
1.03145	0.923901	0.786998	0.630975	0.467521	0.308523	0.19048	0.103768	0.0371856	-0.00777438	-0.0387341	-0.0512031	-0.056942	-0.0641506	-0.0690196	-0.0621973	-0.0637359	-0.0675003	-0.0611016	-0.0641369	-0.0668963	-0.0663591	-0.0647687	-0.0613948	-0.0642641	
1.08847	0.962649	0.800939	0.625745	0.449407	0.287106	0.171741	0.0864143	0.0249814	-0.0158266	-0.043697	-0.0507458	-0.056643	-0.0647903	-0.0690117	-0.0617615	-0.0636005	-0.0701198	-0.0629512	-0.0653821	-0.0678257	-0.0616373	-0.0608594	-0.064807	-0.0657113	
1.13194	0.99583	0.811407	0.619867	0.432328	0.275589	0.158726	0.073197	0.0174796	-0.0212382	-0.0436172	-0.051694	-0.0604712	-0.0664777	-0.0677306	-0.0651867	-0.0652524	-0.0714244	-0.0656577	-0.0578505	-0.064162	-0.0649359	-0.0610193	-0.065949	-0.0644632	
1.16624	1.0236	0.824361	0.615041	0.423002	0.270197	0.149365	0.0610981	0.00831415	-0.0282893	-0.0462817	-0.0576727	-0.0654663	-0.0627457	-0.0637263	-0.0667116	-0.0634041	-0.0629967	-0.0648411	-0.0652878	-0.0676944	-0.0656248	-0.0620185	-0.0629662	-0.0621928	
1.18294	1.03599	0.830341	0.606092	0.416792	0.266041	0.142969	0.0576331	0.00269231	-0.0266327	-0.0437537	-0.0598925	-0.0642499	-0.063316	-0.0638956	-0.069065	-0.0677638	-0.0607853	-0.0660613	-0.0679246	-0.0609278	-0.0621968	-0.0661127	-0.0619613	-0.061772	
1.18533	1.03774	0.831396	0.603736	0.415959	0.265299	0.141848	0.0579782	0.00127856	-0.0250384	-0.0429487	-0.0602022	-0.0630866	-0.0650241	-0.0639603	-0.0688924	-0.0697297	-0.061611	-0.0672209	-0.0665063	-0.0571555	-0.0623146	-0.0683831	-0.0620991	-0.0610655	
1.17525	1.03068	0.828004	0.611342	0.420144	0.26822	0.146188	0.058234	0.00503988	-0.0285803	-0.0460877	-0.0592678	-0.065166	-0.0622245	-0.063152	-0.0669618	-0.0642152	-0.0610903	-0.065553	-0.0678623	-0.0662147	-0.064753	-0.0629947	-0.0620746	-0.0623787	
1.14683	1.0078	0.816528	0.618006	0.427704	0.273462	0.155139	0.0679545	0.0146831	-0.0241439	-0.0443895	-0.0539901	-0.0633209	-0.0649403	-0.0669241	-0.0670259	-0.0644451	-0.0681408	-0.0649051	-0.0593182	-0.0655262	-0.065609	-0.0609576	-0.0649127	-0.0638294	
1.10751	0.976623	0.805264	0.623173	0.441813	0.281301	0.165295	0.0809822	0.0210222	-0.0179516	-0.0436282	-0.0507667	-0.0571115	-0.0660367	-0.0677108	-0.0626859	-0.0652609	-0.0710779	-0.0648011	-0.0625079	-0.0659075	-0.0623871	-0.0609953	-0.0659355	-0.063986	
1.05609	0.939971	0.79318	0.629489	0.460916	0.299089	0.182511	0.0967513	0.0318344	-0.0119002	-0.0417436	-0.0511767	-0.0570489	-0.0648702	-0.0690606	-0.0608595	-0.0632582	-0.0681721	-0.0609255	-0.0657896	-0.0681054	-0.0639026	-0.0631392	-0.0634479	-0.0658921	
0.990127	0.898682	0.774065	0.63154	0.47465	0.322345	0.201925	0.11399	0.0465526	-0.0015638	-0.0315514	-0.0476346	-0.0552205	-0.0631453	-0.0677663	-0.0644076	-0.0655643	-0.0684841	-0.0653429	-0.0612808	-0.0631346	-0.068532	-0.0641632	-0.0593176	-0.0641652	
0.913952	0.856399	0.755606	0.631378	0.488545	0.349397	0.225137	0.132081	0.0590195	0.00979237	-0.0217133	-0.044364	-0.0525094	-0.0604424	-0.0617398	-0.0672343	-0.0674635	-0.0623873	-0.0699693	-0.0692503	-0.0613994	-0.0619531	-0.0660037	-0.0644971	-0.0604906	
0.829078	0.80808	0.739273	0.630995	0.506298	0.380955	0.258158	0.155951	0.0762	0.0238404	-0.0131792	-0.0403365	-0.0565807	-0.0610147	-0.0594343	-0.0693021	-0.0687677	-0.0595379	-0.0621816	-0.0697254	-0.065061	-0.0588496	-0.0686318	-0.0693144	-0.062819	
0.740888	0.754715	0.718347	0.629229	0.51804	0.406571	0.287964	0.178284	0.0948493	0.0364337	-0.00134541	-0.0301368	-0.0528641	-0.0576579	-0.0572447	-0.0651642	-0.0692839	-0.0664617	-0.0630668	-0.0656252	-0.0690633	-0.0665648	-0.0621432	-0.0611273	-0.067084	
0.648502	0.696183	0.691881	0.629886	0.533217	0.431527	0.319761	0.20625	0.119221	0.0511227	0.010008	-0.0220121	-0.0448835	-0.0550203	-0.06092	-0.0625211	-0.0669151	-0.06773	-0.069131	-0.0664622	-0.0635055	-0.067652	-0.0641642	-0.0602713	-0.0635689	
0.560204	0.633576	0.66245	0.630786	0.556159	0.458191	0.352176	0.240561	0.146856	0.0718613	0.0185967	-0.016904	-0.0392683	-0.054233	-0.0649038	-0.0643741	-0.0632746	-0.0661339	-0.0673269	-0.0620388	-0.0617922	-0.0667628	-0.0701048	-0.068486	-0.0604116	
0.483626	0.573388	0.627993	0.62747	0.57587	0.4827	0.375619	0.269265	0.171994	0.092656	0.0304671	-0.00836954	-0.0292933	-0.0451771	-0.0604709	-0.0630921	-0.0585221	-0.0664509	-0.0708104	-0.0652058	-0.0685001	-0.066261	-0.0623838	-0.0706328	-0.0672113	
0.409976	0.515647	0.589153	0.619955	0.595208	0.512845	0.406752	0.30097	0.204945	0.119712	0.0500561	0.00386968	-0.022531	-0.0371019	-0.0569341	-0.0659175	-0.0611494	-0.0647919	-0.0700644	-0.0688038	-0.0677762	-0.0661738	-0.0596055	-0.0621581	-0.068251	
0.347692	0.468381	0.559852	0.612949	0.615649	0.54847	0.445813	0.3384	0.23686	0.148891	0.0722611	0.017673	-0.0182045	-0.0362907	-0.0490688	-0.0616199	-0.0668457	-0.0634829	-0.0588127	-0.0622784	-0.0662475	-0.0697887	-0.0672868	-0.0630289	-0.066788	
0.300467	0.434252	0.541748	0.610622	0.62932	0.582624	0.485485	0.377821	0.268355	0.17502	0.0985882	0.0405945	-0.00193481	-0.0311281	-0.0386586	-0.0441256	-0.06033	-0.0671211	-0.0612336	-0.0619094	-0.0646136	-0.0661633	-0.0694472	-0.0701798	-0.0670035	
0.26106	0.408665	0.532704	0.618026	0.646694	0.618389	0.537556	0.429999	0.316009	0.213489	0.130925	0.071677	0.0247045	-0.0168497	-0.0347819	-0.0372982	-0.0476287	-0.0609024	-0.0639177	-0.065129	-0.0630135	-0.0593142	-0.0622546	-0.0633671	-0.0644785	
0.242201	0.399361	0.54266	0.643314	0.680812	0.663169	0.598257	0.496507	0.375775	0.265461	0.172278	0.102374	0.0539864	0.00996056	-0.0203672	-0.0339286	-0.0394268	-0.042966	-0.0481097	-0.0573753	-0.0595207	-0.0557567	-0.0589211	-0.0609166	-0.0643452	
0.2508	0.410875	0.568973	0.687022	0.731913	0.721112	0.664141	0.569643	0.447865	0.32762	0.229159	0.146861	0.0889417	0.049386	0.0185209	-0.00807331	-0.0242547	-0.027725	-0.0318409	-0.0424656	-0.0499303	-0.0539352	-0.0591868	-0.0572249	-0.0564324	
0.278517	0.439285	0.605035	0.740702	0.802228	0.798607	0.747643	0.657286	0.540837	0.41494	0.306425	0.21596	0.143203	0.0941698	0.0642282	0.0334575	0.00663975	-0.00492223	-0.0142638	-0.0236983	-0.029498	-0.0371557	-0.0470933	-0.04864	-0.049167	
0.327675	0.486205	0.656524	0.802224	0.886369	0.898519	0.850505	0.760138	0.647652	0.522619	0.40522	0.303291	0.221212	0.159842	0.118319	0.0860335	0.0567047	0.035634	0.0179807	0.00558739	-0.000800828	-0.00797683	-0.0203975	-0.0301697	-0.0364955	
