0.0362241	0.00105948	-0.0300672	-0.064328	-0.0871986	-0.0796448	-0.0400462	0.0297145	0.106992	0.182399	0.264262	0.336234	0.380818	0.401561	0.408686	0.392685	0.350893	0.280309	0.190501	0.0937327	0.000387448	-0.0937744	-0.198973	-0.308353	-0.416433	
0.0369217	-0.00678948	-0.0454476	-0.0822783	-0.111546	-0.109435	-0.0691184	-0.00588215	0.0547366	0.111923	0.177543	0.245876	0.304568	0.349587	0.390673	0.421659	0.418678	0.37407	0.304267	0.22236	0.124327	0.0118568	-0.115845	-0.243966	-0.368362	
0.0272398	-0.0193021	-0.0654149	-0.0997541	-0.121973	-0.122399	-0.0879443	-0.0356882	0.00545184	0.0422363	0.0928236	0.156023	0.227067	0.29678	0.366724	0.431335	0.463072	0.444164	0.396587	0.32886	0.232774	0.10808	-0.0328159	-0.175461	-0.310294	
0.0214017	-0.0278286	-0.0806309	-0.121182	-0.136868	-0.132471	-0.111631	-0.0786796	-0.0530823	-0.0285794	0.0128876	0.0725387	0.155066	0.245388	0.330995	0.409284	0.461145	0.470807	0.446538	0.398052	0.311285	0.19198	0.0488396	-0.0992128	-0.242084	
0.0194566	-0.0382544	-0.0890414	-0.130697	-0.151784	-0.148403	-0.134149	-0.118056	-0.105124	-0.0827758	-0.0414391	0.0161882	0.098022	0.193958	0.280185	0.353588	0.410687	0.444074	0.446932	0.41825	0.349637	0.247886	0.118501	-0.0241442	-0.16475	
0.0218576	-0.047719	-0.0993534	-0.133707	-0.152843	-0.155812	-0.143198	-0.128841	-0.120747	-0.101637	-0.0602997	-0.00467799	0.0661426	0.144096	0.216233	0.27626	0.330249	0.376745	0.401451	0.391733	0.344455	0.270632	0.168692	0.0502436	-0.0726607	
0.0123279	-0.0594135	-0.114331	-0.134856	-0.139822	-0.144486	-0.136091	-0.118502	-0.100817	-0.0860209	-0.056437	-0.00849413	0.0490512	0.101439	0.147208	0.19417	0.242058	0.291544	0.327153	0.332767	0.311615	0.272475	0.214444	0.137188	0.053729	
-0.013291	-0.0753888	-0.12015	-0.12937	-0.118711	-0.110077	-0.103086	-0.0892987	-0.0678003	-0.0500591	-0.0337592	-0.00196312	0.0399689	0.0683277	0.0887575	0.121083	0.160851	0.203038	0.239315	0.258724	0.266663	0.269506	0.26367	0.241871	0.20993	
-0.0274734	-0.0778635	-0.0979346	-0.0908652	-0.0768277	-0.0629334	-0.0537445	-0.0436494	-0.0295227	-0.0158167	-0.00784154	0.00860657	0.0326438	0.0391447	0.0372573	0.0569409	0.0855167	0.117823	0.149138	0.186102	0.224827	0.273401	0.319079	0.35611	0.378052	
-0.0132084	-0.0490184	-0.0455467	-0.0261962	-0.00893007	-0.00591231	-0.00111616	0.00603926	0.0153383	0.0227714	0.018723	0.0216788	0.0274308	0.0171715	-0.00148769	0.00488082	0.0261764	0.0505311	0.083601	0.137128	0.208488	0.295291	0.385806	0.471346	0.542466	
0.040667	0.0171183	0.0274837	0.0502335	0.0648688	0.0605274	0.0559044	0.0535016	0.0591986	0.0621507	0.0510637	0.0354362	0.0229156	0.00231463	-0.0196663	-0.0217366	-0.0036655	0.022566	0.065829	0.135311	0.232301	0.345058	0.467711	0.5861	0.697867	
0.117906	0.111427	0.121551	0.137296	0.139494	0.129182	0.120314	0.110158	0.106223	0.0980332	0.0800589	0.0522492	0.0220661	-0.00166108	-0.0162276	-0.0144607	0.00353809	0.0399533	0.0974027	0.179996	0.29028	0.415719	0.556057	0.694236	0.834877	
0.209997	0.20621	0.216366	0.223204	0.214086	0.194626	0.172478	0.159249	0.147446	0.12847	0.0982465	0.0656662	0.0328985	0.0142599	0.0170555	0.0292081	0.0538028	0.101767	0.17309	0.263854	0.375714	0.504881	0.649567	0.800036	0.95476	
0.297215	0.291162	0.292791	0.284666	0.266532	0.242202	0.20916	0.181767	0.165451	0.143618	0.108627	0.0767368	0.0538109	0.0514052	0.0736403	0.0988406	0.131635	0.189504	0.271192	0.364719	0.473427	0.599016	0.741891	0.894951	1.05201	
0.358405	0.345062	0.329679	0.302159	0.271894	0.240621	0.204389	0.170506	0.149716	0.132638	0.102967	0.0841014	0.0774083	0.096285	0.133607	0.170753	0.212048	0.27703	0.3651	0.458625	0.563737	0.6816	0.817541	0.962736	1.1092	
0.383697	0.352692	0.31819	0.272697	0.227187	0.188316	0.149229	0.115817	0.0991101	0.0884952	0.0721914	0.0666298	0.0808548	0.117259	0.16386	0.209257	0.259652	0.332602	0.422113	0.517314	0.617256	0.726743	0.847586	0.975422	1.09747	
0.36772	0.309765	0.249342	0.186857	0.137293	0.0981305	0.062985	0.0315523	0.0226488	0.021381	0.022439	0.0277706	0.0579861	0.106265	0.157963	0.207692	0.268563	0.347818	0.435797	0.529004	0.621209	0.716943	0.813776	0.913398	0.999324	
0.292242	0.213313	0.136482	0.0702011	0.0189641	-0.0135318	-0.0398961	-0.0569804	-0.0638146	-0.0577849	-0.0413283	-0.0243361	0.0157583	0.068786	0.126374	0.177595	0.250548	0.330037	0.414758	0.496551	0.577602	0.649562	0.717114	0.777681	0.824189	
0.150371	0.0666779	-0.01314	-0.0746353	-0.112591	-0.131568	-0.147396	-0.151449	-0.15214	-0.138008	-0.10921	-0.0773112	-0.032348	0.0267472	0.0879521	0.145674	0.223239	0.300247	0.372895	0.437895	0.498409	0.542093	0.574896	0.595195	0.602631	
-0.0334742	-0.118951	-0.189893	-0.23654	-0.255003	-0.260424	-0.258537	-0.24945	-0.239726	-0.215187	-0.170802	-0.118268	-0.0678763	-0.0012749	0.0623796	0.130016	0.202807	0.272487	0.324148	0.368881	0.401	0.416555	0.41394	0.400093	0.374654	
-0.228975	-0.300832	-0.357373	-0.3843	-0.387945	-0.375881	-0.356299	-0.333465	-0.309085	-0.27335	-0.209518	-0.141447	-0.0806516	-0.0146949	0.0522303	0.121062	0.183182	0.234232	0.262705	0.282484	0.286602	0.275332	0.245428	0.205565	0.160699	
-0.386453	-0.444989	-0.485183	-0.495897	-0.481591	-0.453492	-0.419916	-0.383665	-0.343576	-0.291541	-0.213944	-0.134664	-0.068261	-0.00866498	0.0540257	0.115882	0.159455	0.185047	0.189353	0.185575	0.164694	0.133732	0.0848931	0.0321035	-0.0220635	
-0.476208	-0.521138	-0.539114	-0.532947	-0.508112	-0.468619	-0.416418	-0.366646	-0.316646	-0.252478	-0.171109	-0.0890577	-0.0283893	0.017558	0.0640336	0.110062	0.129217	0.126019	0.108893	0.0838815	0.0461313	0.000963197	-0.0551954	-0.112605	-0.16503	
-0.474184	-0.499358	-0.503234	-0.481447	-0.444202	-0.394835	-0.335	-0.280554	-0.223932	-0.158261	-0.0855122	-0.0194778	0.027593	0.0513511	0.0749745	0.096107	0.0907268	0.0613002	0.0282701	-0.0120736	-0.0583908	-0.110455	-0.164833	-0.219843	-0.263576	
-0.374436	-0.383124	-0.368193	-0.336847	-0.295916	-0.244952	-0.186171	-0.13361	-0.0855034	-0.03012	0.0210226	0.0616735	0.0854183	0.0849813	0.0825062	0.0782228	0.0510673	0.00489119	-0.0389785	-0.0851569	-0.134733	-0.184497	-0.233547	-0.278874	-0.313892	
-0.186675	-0.175114	-0.145284	-0.109594	-0.0721304	-0.0311481	0.0168517	0.0560605	0.0851195	0.11735	0.135328	0.144993	0.1399	0.117466	0.089816	0.061196	0.0194941	-0.0359459	-0.0822774	-0.131173	-0.176043	-0.221667	-0.259944	-0.295941	-0.320933	
0.0704271	0.101276	0.135856	0.171009	0.201806	0.224883	0.24561	0.260255	0.267056	0.266745	0.248546	0.222998	0.192158	0.151654	0.104803	0.0565943	0.00619903	-0.0484964	-0.0940219	-0.13989	-0.17883	-0.216413	-0.244506	-0.270521	-0.288071	
0.33972	0.38994	0.43514	0.463408	0.475616	0.479097	0.474656	0.464449	0.443986	0.409733	0.361103	0.306732	0.254084	0.200887	0.140965	0.080127	0.0241666	-0.0233011	-0.0683534	-0.107899	-0.143398	-0.171302	-0.193156	-0.209723	-0.224421	
0.574929	0.640331	0.687788	0.711803	0.714682	0.697575	0.6671	0.634841	0.595417	0.534483	0.459345	0.384209	0.316822	0.256137	0.18947	0.118254	0.0626222	0.0201266	-0.0206054	-0.0582745	-0.0882936	-0.111347	-0.127012	-0.138722	-0.151589	
0.720437	0.796202	0.846227	0.866316	0.860729	0.833394	0.786906	0.741127	0.690114	0.612871	0.524439	0.437243	0.362541	0.298245	0.228746	0.153117	0.0970973	0.0598637	0.0202332	-0.0146874	-0.0431906	-0.0622233	-0.0756826	-0.0842472	-0.097089	
0.743657	0.822293	0.874783	0.893507	0.883684	0.855201	0.808553	0.760299	0.707126	0.626192	0.537358	0.448276	0.372167	0.307689	0.237177	0.162194	0.104503	0.0698478	0.0286922	-0.00431707	-0.0340805	-0.0513182	-0.0654731	-0.072943	-0.0863587	
0.647336	0.716752	0.764533	0.787415	0.787715	0.764517	0.725415	0.686226	0.641849	0.572816	0.49024	0.409076	0.337862	0.275489	0.207324	0.133557	0.0777093	0.0378322	-0.00209343	-0.0387427	-0.0678014	-0.0887796	-0.103264	-0.113326	-0.126232	
0.44099	0.498141	0.545074	0.570461	0.578285	0.573831	0.558192	0.538368	0.508958	0.463709	0.402997	0.339563	0.279833	0.223206	0.160325	0.0943552	0.0383462	-0.00708711	-0.0499522	-0.0891973	-0.122029	-0.147817	-0.166682	-0.181191	-0.194898	
0.178969	0.21783	0.256676	0.289761	0.312946	0.327982	0.339164	0.343204	0.339673	0.324766	0.294485	0.256107	0.21592	0.169874	0.116955	0.0634578	0.00941085	-0.0416659	-0.0877893	-0.130625	-0.168789	-0.201681	-0.227334	-0.249075	-0.265342	
-0.0880847	-0.0695146	-0.0380986	-0.00152087	0.0350495	0.0691515	0.106684	0.136792	0.15742	0.177628	0.180428	0.175643	0.159841	0.129499	0.0936973	0.055924	0.0104228	-0.0460085	-0.0916336	-0.140369	-0.182596	-0.225395	-0.259092	-0.291128	-0.312839	
-0.310347	-0.310274	-0.28819	-0.255333	-0.21564	-0.166493	-0.10985	-0.0614225	-0.0206457	0.0278903	0.0668566	0.0957647	0.108049	0.0985299	0.0858373	0.0712437	0.037644	-0.0138006	-0.0587821	-0.107124	-0.155096	-0.204026	-0.248547	-0.290616	-0.321292	
-0.445278	-0.463918	-0.461466	-0.433874	-0.393929	-0.343367	-0.283108	-0.228389	-0.172903	-0.110499	-0.0444208	0.0115366	0.0509849	0.064534	0.078097	0.0889573	0.0742415	0.0369261	-0.00120951	-0.0444352	-0.0931464	-0.144846	-0.197613	-0.249097	-0.28943	
-0.486842	-0.524491	-0.536102	-0.523748	-0.493836	-0.449687	-0.392613	-0.339839	-0.286932	-0.220243	-0.140869	-0.0630972	-0.00694378	0.0307927	0.0686868	0.105541	0.11478	0.10002	0.0759674	0.0440087	0.0017789	-0.0470714	-0.10354	-0.160531	-0.210274	
-0.43282	-0.485727	-0.516789	-0.521392	-0.502605	-0.468857	-0.42752	-0.385965	-0.341399	-0.283133	-0.20259	-0.120212	-0.0553341	0.000327811	0.0572414	0.114737	0.148465	0.162913	0.15774	0.14544	0.116608	0.0791803	0.0260859	-0.0295759	-0.0838691	
-0.298287	-0.364334	-0.415209	-0.434803	-0.430899	-0.412526	-0.388358	-0.359096	-0.328085	-0.286675	-0.216817	-0.143254	-0.079144	-0.0151775	0.051202	0.118247	0.174163	0.215369	0.234214	0.24414	0.238083	0.217637	0.17932	0.132445	0.0832604	
-0.113144	-0.194525	-0.259404	-0.299086	-0.311762	-0.310116	-0.300048	-0.285206	-0.270875	-0.242223	-0.189539	-0.129723	-0.0757155	-0.00847811	0.0569153	0.126037	0.195742	0.258945	0.301451	0.336367	0.3573	0.361492	0.346739	0.321265	0.286429	
0.0801246	-0.00453955	-0.0821128	-0.138897	-0.16873	-0.182066	-0.191908	-0.191427	-0.187773	-0.170022	-0.135135	-0.0958419	-0.048942	0.0135555	0.0755851	0.137435	0.214048	0.289453	0.353901	0.411693	0.461159	0.493812	0.511655	0.517669	0.510487	
0.242535	0.160438	0.0809762	0.0158119	-0.031264	-0.0601778	-0.0830972	-0.0936074	-0.0982969	-0.0898014	-0.0689978	-0.0461859	-0.00386655	0.0515907	0.110246	0.163506	0.239345	0.31851	0.399231	0.47496	0.548881	0.609933	0.663983	0.708166	0.738539	
0.346125	0.277645	0.208872	0.143009	0.0916047	0.0545708	0.0235793	-0.00347418	-0.0119828	-0.00990853	-0.00164234	0.00808222	0.0429278	0.093441	0.147735	0.197799	0.263885	0.343784	0.43108	0.520663	0.609052	0.696483	0.782151	0.86716	0.937148	
0.383079	0.341242	0.296983	0.244729	0.196312	0.156765	0.117555	0.0834826	0.0708605	0.0643789	0.0544129	0.0526989	0.0744971	0.116568	0.165567	0.212855	0.267142	0.343135	0.432457	0.527449	0.624643	0.729628	0.841951	0.959747	1.06847	
0.372985	0.353642	0.331254	0.296353	0.260037	0.224812	0.186935	0.153139	0.133885	0.118779	0.0930811	0.0803367	0.0821671	0.108866	0.150408	0.191616	0.236059	0.304639	0.393599	0.487899	0.590838	0.705956	0.836629	0.976374	1.11448	
0.325747	0.318082	0.31325	0.297124	0.27445	0.248605	0.214041	0.182736	0.163318	0.142896	0.109278	0.0817047	0.0642573	0.0698013	0.0994625	0.12924	0.165724	0.226131	0.311435	0.404427	0.512097	0.634518	0.775473	0.926512	1.08109	
0.247424	0.241666	0.249425	0.252455	0.24014	0.218151	0.189854	0.171319	0.158139	0.137377	0.1039	0.0699297	0.0397871	0.0269741	0.0376561	0.0549691	0.0824951	0.135142	0.210874	0.303509	0.414284	0.542737	0.687235	0.839932	0.997202	
0.153356	0.150578	0.160884	0.172604	0.169662	0.155677	0.142833	0.131881	0.124518	0.111261	0.0884794	0.0579316	0.0252383	0.00218584	-0.00635687	-0.00117946	0.0191228	0.0601081	0.12333	0.209948	0.321905	0.449819	0.593041	0.73713	0.884855	
0.0698332	0.0529907	0.0636433	0.0844799	0.0946246	0.0881842	0.0820754	0.0758094	0.0774848	0.0767732	0.0630846	0.0421323	0.0213298	-0.00139237	-0.0220699	-0.0236712	-0.00609042	0.0232004	0.0722302	0.147141	0.251533	0.370317	0.502499	0.629399	0.754794	
