-0.0183033	0.0890966	0.17651	0.235137	0.261962	0.266444	0.24923	0.203622	0.127216	0.0256337	-0.0852726	-0.191514	-0.276728	-0.326806	-0.337964	-0.311136	-0.263121	-0.192403	-0.110946	-0.0136423	0.0931947	0.183651	0.241029	0.25734	0.221494	
0.0380663	0.13928	0.2278	0.292744	0.328907	0.33559	0.310332	0.257477	0.176487	0.07953	-0.0254708	-0.125003	-0.199859	-0.234806	-0.234115	-0.20533	-0.149269	-0.0683214	0.0210757	0.122697	0.230687	0.312115	0.346137	0.336618	0.275584	
0.077444	0.168261	0.252134	0.320198	0.362835	0.370986	0.340765	0.282227	0.202827	0.114457	0.021475	-0.0622233	-0.116324	-0.134912	-0.125716	-0.0923161	-0.0304243	0.0651724	0.170795	0.275557	0.373358	0.435119	0.438934	0.399167	0.313602	
0.101152	0.181921	0.258038	0.321679	0.36709	0.37703	0.342359	0.285736	0.213115	0.133861	0.055042	-0.0101285	-0.0427375	-0.0449349	-0.0234731	0.0220055	0.0976689	0.207849	0.322902	0.422979	0.499224	0.534684	0.512208	0.447301	0.344084	
0.0931466	0.162544	0.23704	0.304043	0.354503	0.365742	0.326725	0.265258	0.192181	0.11972	0.0586491	0.0202014	0.0188006	0.0375593	0.0739648	0.133565	0.223308	0.341328	0.460506	0.550603	0.608232	0.626179	0.585786	0.499129	0.379663	
0.0714201	0.127418	0.198577	0.267777	0.318512	0.328358	0.291612	0.227048	0.154766	0.0912934	0.0504689	0.0429958	0.0729567	0.121608	0.17832	0.256965	0.360704	0.479497	0.58821	0.661358	0.701462	0.705702	0.660235	0.560099	0.426196	
0.0554413	0.0891862	0.152847	0.224561	0.271422	0.279216	0.247989	0.18259	0.111537	0.0650356	0.0503862	0.0734238	0.136221	0.21245	0.287284	0.382301	0.493481	0.605788	0.695978	0.750459	0.768849	0.758374	0.70261	0.596847	0.4672	
0.0621446	0.0677594	0.113764	0.177526	0.218473	0.225783	0.19806	0.139549	0.0817419	0.0594937	0.0776566	0.134291	0.2219	0.319045	0.408341	0.504505	0.610197	0.705873	0.766466	0.795679	0.794978	0.763662	0.695869	0.595911	0.484322	
0.101334	0.0682983	0.0791418	0.12026	0.151303	0.155211	0.136276	0.0935156	0.0673993	0.0831901	0.140235	0.230285	0.336139	0.441043	0.530971	0.617848	0.701882	0.768238	0.800868	0.800296	0.775549	0.723234	0.647802	0.558201	0.47862	
0.155929	0.077716	0.0426133	0.0456564	0.060543	0.062979	0.0523893	0.0399242	0.0585351	0.120118	0.218365	0.337325	0.45469	0.553589	0.637023	0.706552	0.759298	0.793496	0.800318	0.778803	0.732533	0.668641	0.588648	0.514373	0.465549	
0.195169	0.076852	-0.00519686	-0.0429395	-0.0494747	-0.0495037	-0.0477558	-0.0258224	0.039088	0.143939	0.280353	0.426275	0.551109	0.646847	0.721907	0.771729	0.796837	0.801303	0.784225	0.748728	0.693975	0.624401	0.549924	0.491169	0.460722	
0.20824	0.0530275	-0.067271	-0.14054	-0.173679	-0.179599	-0.156972	-0.1028	0.000318138	0.142612	0.311255	0.47796	0.613642	0.708343	0.773766	0.809651	0.818445	0.804969	0.774705	0.726128	0.666695	0.599229	0.533827	0.488157	0.474609	
0.193899	0.00938933	-0.140142	-0.245453	-0.303976	-0.315368	-0.274566	-0.187765	-0.0555078	0.116988	0.3123	0.496572	0.636667	0.730161	0.785437	0.809475	0.81658	0.801846	0.764213	0.710418	0.651353	0.593538	0.542591	0.514061	0.516818	
0.16304	-0.0477965	-0.226055	-0.357658	-0.438867	-0.454667	-0.396898	-0.284739	-0.123726	0.0764092	0.291335	0.485237	0.62919	0.720741	0.770991	0.796748	0.811179	0.798987	0.757692	0.701481	0.647195	0.604531	0.577541	0.568873	0.583449	
0.112718	-0.112328	-0.314451	-0.470012	-0.565423	-0.582482	-0.515966	-0.383166	-0.197333	0.022461	0.244698	0.441943	0.588103	0.6831	0.74296	0.785573	0.813024	0.807769	0.769059	0.712662	0.663916	0.634487	0.626636	0.633292	0.655045	
0.0471452	-0.18007	-0.392312	-0.563894	-0.665367	-0.683093	-0.613135	-0.468073	-0.268454	-0.0432294	0.179084	0.375827	0.528872	0.63672	0.716096	0.782237	0.827731	0.831061	0.800678	0.75175	0.704976	0.680148	0.682525	0.69583	0.717257	
-0.0231681	-0.243473	-0.452296	-0.621453	-0.720763	-0.738565	-0.670068	-0.527213	-0.329651	-0.111164	0.105148	0.299339	0.461901	0.58844	0.690794	0.779113	0.839489	0.858219	0.838981	0.799296	0.759489	0.737058	0.739617	0.751569	0.765771	
-0.0831432	-0.294306	-0.490531	-0.643951	-0.73237	-0.747076	-0.688183	-0.55867	-0.375625	-0.167781	0.0399487	0.227396	0.396573	0.545551	0.670891	0.771058	0.839232	0.873261	0.86512	0.835292	0.804878	0.787172	0.787366	0.793965	0.796452	
-0.12766	-0.316254	-0.490011	-0.624917	-0.695128	-0.707504	-0.661161	-0.55026	-0.388462	-0.204542	-0.0122055	0.162336	0.325086	0.489684	0.631559	0.735472	0.806773	0.851163	0.857656	0.84196	0.821827	0.810558	0.812398	0.815371	0.807905	
-0.143677	-0.291482	-0.430677	-0.543009	-0.60376	-0.614187	-0.573214	-0.480931	-0.348351	-0.204158	-0.0508789	0.10027	0.248385	0.40406	0.552404	0.666438	0.743578	0.793298	0.807511	0.80566	0.800314	0.800493	0.81093	0.81876	0.8013	
-0.129132	-0.221183	-0.31685	-0.401912	-0.447542	-0.454269	-0.425537	-0.354269	-0.25856	-0.16722	-0.0624892	0.0609655	0.183286	0.315848	0.449107	0.564849	0.651628	0.704729	0.722675	0.737487	0.754	0.773411	0.793094	0.797701	0.768382	
-0.0628092	-0.108614	-0.162957	-0.218164	-0.246025	-0.25065	-0.233025	-0.186491	-0.128428	-0.081804	-0.027011	0.0484301	0.128504	0.223384	0.327845	0.427595	0.520164	0.583768	0.617925	0.654605	0.695023	0.73316	0.755717	0.750038	0.707844	
0.0385899	0.0309481	0.0165677	-0.00268348	-0.0175952	-0.0219871	-0.00905305	0.00835985	0.0266881	0.0351681	0.0458273	0.065495	0.0910503	0.138948	0.205944	0.279003	0.359775	0.434134	0.493519	0.552165	0.611157	0.657934	0.680581	0.668732	0.622251	
0.156328	0.191537	0.223955	0.239447	0.237015	0.234939	0.240043	0.232473	0.205639	0.169616	0.137721	0.107527	0.0792651	0.0743608	0.0955776	0.137763	0.198767	0.269164	0.339299	0.413468	0.483345	0.536328	0.559513	0.549886	0.507906	
0.295429	0.378483	0.449552	0.492345	0.508721	0.510524	0.501438	0.470684	0.409217	0.329124	0.244596	0.158563	0.0800825	0.0183823	-0.0126296	-0.00319333	0.0387093	0.094345	0.157201	0.232002	0.303347	0.358057	0.386314	0.387103	0.360432	
0.440509	0.569496	0.672562	0.750897	0.79882	0.805614	0.775709	0.706152	0.614527	0.494997	0.353892	0.209218	0.084129	-0.0248155	-0.10899	-0.142408	-0.137648	-0.10387	-0.0484234	0.0182858	0.0886959	0.144637	0.184267	0.204988	0.20419	
0.569496	0.740325	0.887556	1.00721	1.08283	1.09676	1.04384	0.939349	0.802	0.640798	0.456328	0.263656	0.0929426	-0.0556606	-0.180854	-0.268336	-0.312607	-0.307034	-0.266328	-0.205933	-0.139251	-0.0729118	-0.0125863	0.037616	0.0704769	
0.672562	0.887556	1.08794	1.24777	1.33899	1.35396	1.29326	1.15898	0.970344	0.759513	0.539964	0.313156	0.0967031	-0.0940876	-0.259033	-0.39073	-0.473673	-0.496651	-0.470751	-0.418032	-0.347808	-0.261755	-0.17318	-0.0952146	-0.0287755	
0.750897	1.00721	1.24777	1.43939	1.5478	1.56408	1.49424	1.33201	1.10715	0.853938	0.595577	0.340039	0.0919794	-0.135787	-0.331903	-0.493413	-0.600044	-0.643112	-0.633953	-0.591762	-0.510903	-0.403908	-0.289582	-0.181865	-0.0810196	
0.79882	1.08283	1.33899	1.5478	1.67809	1.70162	1.61148	1.42965	1.18995	0.914615	0.623233	0.343439	0.0817623	-0.158227	-0.370301	-0.548985	-0.665513	-0.723858	-0.730742	-0.693077	-0.609823	-0.491064	-0.35784	-0.22552	-0.097743	
0.805614	1.09676	1.35396	1.56408	1.70162	1.72706	1.63005	1.44545	1.20445	0.924411	0.62701	0.342835	0.0775119	-0.162323	-0.376166	-0.558347	-0.676639	-0.737517	-0.747915	-0.71088	-0.627274	-0.507223	-0.371518	-0.233248	-0.100046	
0.775709	1.04384	1.29326	1.49424	1.61148	1.63005	1.55346	1.38069	1.14765	0.884205	0.610278	0.342954	0.0889548	-0.147606	-0.352105	-0.52118	-0.633293	-0.684395	-0.681183	-0.641287	-0.558633	-0.446199	-0.323059	-0.203635	-0.0900278	
0.706152	0.939349	1.15898	1.33201	1.42965	1.44545	1.38069	1.23553	1.03044	0.799546	0.565494	0.327366	0.0952214	-0.111895	-0.290615	-0.436534	-0.530608	-0.561567	-0.542907	-0.494786	-0.419748	-0.324994	-0.225343	-0.135716	-0.055717	
0.614527	0.802	0.970344	1.10715	1.18995	1.20445	1.14765	1.03044	0.871651	0.691893	0.492703	0.284526	0.0958098	-0.0691709	-0.210775	-0.317698	-0.379268	-0.385967	-0.350586	-0.293681	-0.22687	-0.152499	-0.081558	-0.0202981	0.0258352	
0.494997	0.640798	0.759513	0.853938	0.914615	0.924411	0.884205	0.799546	0.691893	0.556445	0.396295	0.230482	0.0872451	-0.0379653	-0.139024	-0.194152	-0.209171	-0.185684	-0.135299	-0.0711504	-0.00215546	0.0560204	0.102519	0.134213	0.146989	
0.353892	0.456328	0.539964	0.595577	0.623233	0.62701	0.610278	0.565494	0.492703	0.396295	0.288037	0.17893	0.0805947	-0.000919517	-0.0542129	-0.0597136	-0.0300607	0.0174252	0.077376	0.149363	0.220621	0.275191	0.307072	0.314987	0.297057	
0.209218	0.263656	0.313156	0.340039	0.343439	0.342835	0.342954	0.327366	0.284526	0.230482	0.17893	0.127651	0.0799503	0.0517366	0.0523348	0.0816541	0.135874	0.201274	0.269099	0.346061	0.416821	0.471167	0.495916	0.488764	0.45185	
0.084129	0.0929426	0.0967031	0.0919794	0.0817623	0.0775119	0.0889548	0.0952214	0.0958098	0.0872451	0.0805947	0.0799503	0.0828761	0.110665	0.159786	0.220953	0.294174	0.369078	0.436009	0.50172	0.566505	0.615785	0.637898	0.626597	0.58094	
-0.0248155	-0.0556606	-0.0940876	-0.135787	-0.158227	-0.162323	-0.147606	-0.111895	-0.0691709	-0.0379653	-0.000919517	0.0517366	0.110665	0.1878	0.27896	0.368292	0.457879	0.526645	0.570684	0.617265	0.665798	0.707856	0.730378	0.721134	0.676654	
-0.10899	-0.180854	-0.259033	-0.331903	-0.370301	-0.376166	-0.352105	-0.290615	-0.210775	-0.139024	-0.0542129	0.0523348	0.159786	0.27896	0.401905	0.513675	0.603858	0.659583	0.682599	0.705695	0.73209	0.760087	0.782027	0.782808	0.747731	
-0.142408	-0.268336	-0.39073	-0.493413	-0.548985	-0.558347	-0.52118	-0.436534	-0.317698	-0.194152	-0.0597136	0.0816541	0.220953	0.368292	0.513675	0.630286	0.710927	0.76181	0.777205	0.780948	0.783801	0.790969	0.80498	0.813293	0.791343	
-0.137648	-0.312607	-0.473673	-0.600044	-0.665513	-0.676639	-0.633293	-0.530608	-0.379268	-0.209171	-0.0300607	0.135874	0.294174	0.457879	0.603858	0.710927	0.7842	0.831028	0.841973	0.832918	0.818292	0.810042	0.815007	0.819308	0.808038	
-0.10387	-0.307034	-0.496651	-0.643112	-0.723858	-0.737517	-0.684395	-0.561567	-0.385967	-0.185684	0.0174252	0.201274	0.369078	0.526645	0.659583	0.76181	0.831028	0.870099	0.867284	0.842324	0.815676	0.800439	0.799947	0.804579	0.803071	
-0.0484234	-0.266328	-0.470751	-0.633953	-0.730742	-0.747915	-0.681183	-0.542907	-0.350586	-0.135299	0.077376	0.269099	0.436009	0.570684	0.682599	0.777205	0.841973	0.867284	0.851864	0.816162	0.779927	0.759345	0.761017	0.770319	0.78002	
0.0182858	-0.205933	-0.418032	-0.591762	-0.693077	-0.71088	-0.641287	-0.494786	-0.293681	-0.0711504	0.149363	0.346061	0.50172	0.617265	0.705695	0.780948	0.832918	0.842324	0.816162	0.770365	0.726185	0.702312	0.705537	0.719121	0.738472	
0.0886959	-0.139251	-0.347808	-0.510903	-0.609823	-0.627274	-0.558633	-0.419748	-0.22687	-0.00215546	0.220621	0.416821	0.566505	0.665798	0.73209	0.783801	0.818292	0.815676	0.779927	0.726185	0.677802	0.650817	0.648417	0.658963	0.681949	
0.144637	-0.0729118	-0.261755	-0.403908	-0.491064	-0.507223	-0.446199	-0.324994	-0.152499	0.0560204	0.275191	0.471167	0.615785	0.707856	0.760087	0.790969	0.810042	0.800439	0.759345	0.702312	0.650817	0.614239	0.595926	0.594519	0.612247	
0.184267	-0.0125863	-0.17318	-0.289582	-0.35784	-0.371518	-0.323059	-0.225343	-0.081558	0.102519	0.307072	0.495916	0.637898	0.730378	0.782027	0.80498	0.815007	0.799947	0.761017	0.705537	0.648417	0.595926	0.55419	0.533695	0.541261	
0.204988	0.037616	-0.0952146	-0.181865	-0.22552	-0.233248	-0.203635	-0.135716	-0.0202981	0.134213	0.314987	0.488764	0.626597	0.721134	0.782808	0.813293	0.819308	0.804579	0.770319	0.719121	0.658963	0.594519	0.533695	0.494399	0.487763	
0.20419	0.0704769	-0.0287755	-0.0810196	-0.097743	-0.100046	-0.0900278	-0.055717	0.0258352	0.146989	0.297057	0.45185	0.58094	0.676654	0.747731	0.791343	0.808038	0.803071	0.78002	0.738472	0.681949	0.612247	0.541261	0.487763	0.463793	
