-0.200128	-0.178157	-0.166348	-0.18174	-0.204235	-0.210477	-0.190836	-0.170039	-0.170087	-0.192531	-0.208548	-0.212417	-0.21248	-0.210779	-0.192882	-0.175756	-0.175895	-0.192023	-0.216587	-0.266885	-0.334304	-0.39171	-0.415496	-0.403591	-0.354917	
-0.222532	-0.20078	-0.193246	-0.204268	-0.217838	-0.220756	-0.210375	-0.196025	-0.194816	-0.213955	-0.232187	-0.236243	-0.229422	-0.217788	-0.19537	-0.183177	-0.19489	-0.222579	-0.250117	-0.293766	-0.352359	-0.398152	-0.400287	-0.350934	-0.260348	
-0.245062	-0.22929	-0.22459	-0.22834	-0.226897	-0.226898	-0.227854	-0.226482	-0.225122	-0.238601	-0.25328	-0.254838	-0.240667	-0.223142	-0.204466	-0.200971	-0.220025	-0.253548	-0.285895	-0.323225	-0.363986	-0.388642	-0.364438	-0.281886	-0.152554	
-0.260322	-0.251979	-0.249462	-0.242606	-0.228901	-0.225232	-0.236974	-0.248147	-0.250514	-0.256841	-0.26279	-0.256991	-0.236295	-0.217189	-0.207832	-0.216032	-0.237227	-0.267976	-0.301245	-0.332593	-0.350744	-0.343424	-0.290191	-0.178653	-0.0243232	
-0.260798	-0.261242	-0.256809	-0.241745	-0.221375	-0.216276	-0.232848	-0.252466	-0.260578	-0.261606	-0.255921	-0.239603	-0.215351	-0.199034	-0.202153	-0.222411	-0.244724	-0.265838	-0.293187	-0.316073	-0.311469	-0.268936	-0.185057	-0.0525921	0.115035	
-0.249468	-0.256752	-0.250491	-0.232541	-0.213647	-0.209394	-0.223856	-0.244707	-0.256117	-0.254367	-0.236812	-0.210734	-0.184479	-0.173888	-0.185803	-0.214848	-0.235938	-0.245196	-0.255918	-0.262683	-0.234488	-0.161193	-0.0504609	0.0942456	0.262773	
-0.220089	-0.232689	-0.229112	-0.215687	-0.205094	-0.202143	-0.211048	-0.224075	-0.233427	-0.227045	-0.203299	-0.170518	-0.145819	-0.137953	-0.154202	-0.183083	-0.202625	-0.199628	-0.18965	-0.16937	-0.118783	-0.0251373	0.0989701	0.244929	0.401352	
-0.178032	-0.19617	-0.202574	-0.202097	-0.200999	-0.200422	-0.201883	-0.202884	-0.199964	-0.186504	-0.16113	-0.131273	-0.108313	-0.100348	-0.111974	-0.135016	-0.147484	-0.136264	-0.10514	-0.0550809	0.0194243	0.11908	0.239661	0.37405	0.510464	
-0.141195	-0.165424	-0.190063	-0.206107	-0.213985	-0.21432	-0.210662	-0.197549	-0.175975	-0.149932	-0.12793	-0.108261	-0.0899246	-0.075552	-0.0780136	-0.0888777	-0.0914813	-0.070038	-0.025225	0.0506558	0.145186	0.244551	0.34584	0.459422	0.574363	
-0.106318	-0.138951	-0.183297	-0.21586	-0.230269	-0.23107	-0.223925	-0.198298	-0.157265	-0.116186	-0.0978249	-0.0916334	-0.0794328	-0.057312	-0.0478417	-0.0476368	-0.0378296	-0.00665961	0.0461077	0.129895	0.233195	0.326533	0.404019	0.487443	0.580294	
-0.067978	-0.108134	-0.166629	-0.210588	-0.230131	-0.232019	-0.220782	-0.186987	-0.131762	-0.0799409	-0.0607731	-0.064842	-0.0583489	-0.0326548	-0.0144925	-0.00675942	0.0114618	0.0518769	0.106055	0.182293	0.273059	0.355246	0.414251	0.470734	0.537858	
-0.0188201	-0.0633261	-0.124458	-0.171739	-0.196391	-0.198939	-0.184438	-0.145356	-0.0885783	-0.0322609	-0.0104756	-0.0133773	-0.0119731	0.0112953	0.0286889	0.039137	0.0599659	0.103258	0.155467	0.215496	0.280788	0.341381	0.390034	0.433315	0.478189	
0.0330334	-0.0097225	-0.0617876	-0.104609	-0.13073	-0.135108	-0.117233	-0.0804684	-0.0307167	0.0185758	0.0459474	0.0499977	0.0530912	0.0655673	0.0744874	0.0806188	0.100984	0.140166	0.186036	0.233429	0.275727	0.313818	0.351701	0.393007	0.427041	
0.0797035	0.0451269	0.0092541	-0.0207974	-0.0425634	-0.0462892	-0.031511	-0.00315976	0.030118	0.0677724	0.0931845	0.105889	0.109513	0.112117	0.103999	0.101991	0.117229	0.149784	0.186106	0.226066	0.26123	0.287417	0.314592	0.349093	0.376831	
0.123511	0.103127	0.0861837	0.0752382	0.0671727	0.0654709	0.0712032	0.0812265	0.0956548	0.116059	0.132461	0.139711	0.141402	0.133854	0.11357	0.0981189	0.106626	0.130866	0.160162	0.196632	0.235045	0.264588	0.283861	0.301261	0.310542	
0.164818	0.16422	0.168656	0.181536	0.193432	0.195622	0.186894	0.173135	0.164615	0.165417	0.160258	0.147446	0.133801	0.120812	0.0951983	0.0733648	0.0708509	0.0884201	0.114516	0.152504	0.196341	0.232112	0.249902	0.24749	0.229576	
0.198191	0.225691	0.255566	0.29444	0.325513	0.331747	0.308989	0.27083	0.236168	0.210155	0.175049	0.129221	0.0926146	0.0719628	0.0537638	0.0353042	0.0294876	0.039055	0.0661884	0.108858	0.156606	0.193313	0.206792	0.192331	0.152834	
0.22172	0.28484	0.347484	0.409559	0.454261	0.461972	0.431325	0.373046	0.309467	0.247881	0.176308	0.0968607	0.0355073	0.00766611	-0.00146908	-0.00351463	-0.00307174	0.00566782	0.0309991	0.0772561	0.126282	0.158139	0.163923	0.140111	0.0943634	
0.237711	0.341923	0.439118	0.521448	0.571245	0.579868	0.545882	0.475052	0.38161	0.280284	0.171093	0.0648691	-0.0126445	-0.0481223	-0.0516316	-0.0397296	-0.0231035	-0.00870294	0.0165437	0.0578107	0.102092	0.127121	0.123585	0.0933712	0.0458505	
0.238785	0.375497	0.502337	0.598373	0.651697	0.659232	0.62538	0.545006	0.428951	0.293762	0.156408	0.0345252	-0.0482983	-0.0870021	-0.0922253	-0.0740939	-0.0448623	-0.0150609	0.0164243	0.0547441	0.0892711	0.106061	0.0976116	0.0632001	0.0172358	
0.227126	0.376629	0.515102	0.620098	0.676494	0.68524	0.648285	0.562244	0.434635	0.28714	0.140113	0.0160675	-0.0655072	-0.105151	-0.114199	-0.0997872	-0.0649046	-0.0218125	0.0266385	0.0704085	0.0994156	0.105158	0.088582	0.0516351	0.00551101	
0.216729	0.350391	0.479934	0.583314	0.644021	0.653052	0.613743	0.525162	0.404272	0.269712	0.138606	0.0241883	-0.0547566	-0.0977553	-0.112274	-0.102706	-0.0704332	-0.0204508	0.0407323	0.0967975	0.12517	0.11968	0.0882159	0.0402076	-0.0071307	
0.213073	0.31	0.409082	0.49778	0.554117	0.563574	0.525436	0.447123	0.349793	0.251351	0.154784	0.0615359	-0.014481	-0.0643691	-0.0847582	-0.0785307	-0.0483893	-0.00261789	0.0583446	0.114163	0.141126	0.12651	0.0808374	0.0197846	-0.0341086	
0.212876	0.261709	0.316555	0.3713	0.409501	0.415426	0.390234	0.339193	0.283222	0.231903	0.179803	0.116041	0.0515795	0.000950271	-0.0213693	-0.0135663	0.0148994	0.0520729	0.095117	0.133092	0.145707	0.124785	0.0755342	0.0100427	-0.0479388	
0.20556	0.207368	0.210241	0.216683	0.221701	0.221783	0.219422	0.212566	0.208122	0.206592	0.1978	0.169842	0.131588	0.0973434	0.0845929	0.0948727	0.118224	0.137161	0.152757	0.157646	0.146292	0.115814	0.071329	0.0140365	-0.0426401	
0.182723	0.141193	0.0940761	0.0490257	0.0174979	0.0105121	0.0343021	0.0749925	0.12293	0.167355	0.199088	0.211161	0.213374	0.21437	0.222521	0.234906	0.24022	0.22952	0.208498	0.17953	0.140607	0.0971567	0.0524223	0.00208088	-0.0489537	
0.141193	0.0587775	-0.0300194	-0.11363	-0.171266	-0.18314	-0.140995	-0.0655217	0.0238518	0.109492	0.183256	0.240802	0.29166	0.3351	0.368859	0.379441	0.359354	0.308705	0.249763	0.188936	0.127847	0.067474	0.0122605	-0.0425166	-0.0917989	
0.0940761	-0.0300194	-0.148034	-0.248434	-0.313501	-0.326266	-0.279752	-0.191492	-0.0782641	0.044475	0.16546	0.2754	0.374363	0.454814	0.506177	0.513566	0.469479	0.385589	0.291708	0.203203	0.118787	0.0391464	-0.0340528	-0.101374	-0.152745	
0.0490257	-0.11363	-0.248434	-0.34721	-0.404017	-0.415078	-0.374845	-0.292985	-0.171143	-0.0186362	0.15064	0.31165	0.451705	0.553976	0.611983	0.613596	0.558063	0.455785	0.340337	0.225907	0.117028	0.0157266	-0.0724181	-0.147576	-0.19888	
0.0174979	-0.171266	-0.313501	-0.404017	-0.449935	-0.458131	-0.426897	-0.355518	-0.234101	-0.0622221	0.140452	0.338189	0.502695	0.614922	0.670602	0.668667	0.609382	0.503733	0.377561	0.246196	0.116236	-0.00135168	-0.0977627	-0.173165	-0.220457	
0.0105121	-0.18314	-0.326266	-0.415078	-0.458131	-0.466235	-0.436389	-0.368113	-0.246479	-0.0719167	0.137836	0.341584	0.51133	0.624007	0.679773	0.676261	0.617778	0.511536	0.384715	0.249756	0.116167	-0.0046206	-0.101905	-0.176491	-0.22261	
0.0343021	-0.140995	-0.279752	-0.374845	-0.426897	-0.436389	-0.400516	-0.322966	-0.201279	-0.0389448	0.145927	0.32499	0.476603	0.58453	0.641352	0.64169	0.58355	0.47929	0.357877	0.235352	0.116425	0.0075402	-0.0846957	-0.160455	-0.210315	
0.0749925	-0.0655217	-0.191492	-0.292985	-0.355518	-0.368113	-0.322966	-0.236299	-0.117695	0.0175061	0.159048	0.289803	0.407234	0.497635	0.55344	0.558109	0.508558	0.41501	0.311139	0.211547	0.117553	0.029365	-0.0504136	-0.121748	-0.173821	
0.12293	0.0238518	-0.0782641	-0.171143	-0.234101	-0.246479	-0.201279	-0.117695	-0.017028	0.0844524	0.175993	0.254416	0.324537	0.384635	0.426217	0.436114	0.405035	0.339739	0.265432	0.193307	0.12319	0.0554318	-0.0068072	-0.0666626	-0.116708	
0.167355	0.109492	0.044475	-0.0186362	-0.0622221	-0.0719167	-0.0389448	0.0175061	0.0844524	0.145309	0.193762	0.222587	0.24444	0.261927	0.281047	0.292718	0.288633	0.2621	0.225968	0.184066	0.136029	0.0864343	0.038524	-0.0120336	-0.0616748	
0.199088	0.183256	0.16546	0.15064	0.140452	0.137836	0.145927	0.159048	0.175993	0.193762	0.200708	0.188509	0.164697	0.143273	0.13744	0.149079	0.166457	0.175077	0.176632	0.167652	0.145108	0.109647	0.0661667	0.0125595	-0.0418975	
0.211161	0.240802	0.2754	0.31165	0.338189	0.341584	0.32499	0.289803	0.254416	0.222587	0.188509	0.137821	0.0825682	0.0357489	0.0160418	0.0245949	0.0523316	0.0836385	0.116651	0.142521	0.146108	0.122159	0.0745062	0.0117058	-0.0465392	
0.213374	0.29166	0.374363	0.451705	0.502695	0.51133	0.476603	0.407234	0.324537	0.24444	0.164697	0.0825682	0.00953339	-0.0419562	-0.0643763	-0.0579312	-0.0281829	0.0147861	0.0702711	0.12058	0.143436	0.126131	0.0778028	0.0134566	-0.0429141	
0.21437	0.3351	0.454814	0.553976	0.614922	0.624007	0.58453	0.497635	0.384635	0.261927	0.143273	0.0357489	-0.0419562	-0.0880545	-0.105075	-0.0972509	-0.0657569	-0.016136	0.0465505	0.104752	0.13322	0.12418	0.0861975	0.032569	-0.017061	
0.222521	0.368859	0.506177	0.611983	0.670602	0.679773	0.641352	0.55344	0.426217	0.281047	0.13744	0.0160418	-0.0643763	-0.105075	-0.116285	-0.104067	-0.0691836	-0.0225001	0.0323024	0.0808426	0.109625	0.110699	0.0884904	0.0479749	0.00148654	
0.234906	0.379441	0.513566	0.613596	0.668667	0.676261	0.64169	0.558109	0.436114	0.292718	0.149079	0.0245949	-0.0579312	-0.0972509	-0.104067	-0.0865611	-0.0541339	-0.0181919	0.0191094	0.0589302	0.0906248	0.103357	0.0921489	0.0568788	0.0113104	
0.24022	0.359354	0.469479	0.558063	0.609382	0.617778	0.58355	0.508558	0.405035	0.288633	0.166457	0.0523316	-0.0281829	-0.0657569	-0.0691836	-0.0541339	-0.0313636	-0.0118765	0.0150243	0.0542929	0.0949265	0.116746	0.110491	0.0785528	0.0310778	
0.22952	0.308705	0.385589	0.455785	0.503733	0.511536	0.47929	0.41501	0.339739	0.2621	0.175077	0.0836385	0.0147861	-0.016136	-0.0225001	-0.0181919	-0.0118765	-0.00154898	0.0232692	0.068258	0.116198	0.145307	0.147491	0.120582	0.0740122	
0.208498	0.249763	0.291708	0.340337	0.377561	0.384715	0.357877	0.311139	0.265432	0.225968	0.176632	0.116651	0.0702711	0.0465505	0.0323024	0.0191094	0.0150243	0.0232692	0.04984	0.0942849	0.142896	0.178777	0.18938	0.171393	0.127353	
0.17953	0.188936	0.203203	0.225907	0.246196	0.249756	0.235352	0.211547	0.193307	0.184066	0.167652	0.142521	0.12058	0.104752	0.0808426	0.0589302	0.0542929	0.068258	0.0942849	0.133327	0.179698	0.216709	0.233729	0.224972	0.197137	
0.140607	0.127847	0.118787	0.117028	0.116236	0.116167	0.116425	0.117553	0.12319	0.136029	0.145108	0.146108	0.143436	0.13322	0.109625	0.0906248	0.0949265	0.116198	0.142896	0.179698	0.220485	0.253385	0.270789	0.279977	0.278514	
0.0971567	0.067474	0.0391464	0.0157266	-0.00135168	-0.0046206	0.0075402	0.029365	0.0554318	0.0864343	0.109647	0.122159	0.126131	0.12418	0.110699	0.103357	0.116746	0.145307	0.178777	0.216709	0.253385	0.278922	0.302329	0.330811	0.353231	
0.0524223	0.0122605	-0.0340528	-0.0724181	-0.0977627	-0.101905	-0.0846957	-0.0504136	-0.0068072	0.038524	0.0661667	0.0745062	0.0778028	0.0861975	0.0884904	0.0921489	0.110491	0.147491	0.18938	0.233729	0.270789	0.302329	0.335511	0.375599	0.407663	
0.00208088	-0.0425166	-0.101374	-0.147576	-0.173165	-0.176491	-0.160455	-0.121748	-0.0666626	-0.0120336	0.0125595	0.0117058	0.0134566	0.032569	0.0479749	0.0568788	0.0785528	0.120582	0.171393	0.224972	0.279977	0.330811	0.375599	0.417569	0.456464	
-0.0489537	-0.0917989	-0.152745	-0.19888	-0.220457	-0.22261	-0.210315	-0.173821	-0.116708	-0.0616748	-0.0418975	-0.0465392	-0.0429141	-0.017061	0.00148654	0.0113104	0.0310778	0.0740122	0.127353	0.197137	0.278514	0.353231	0.407663	0.456464	0.514083	
