-0.116471	-0.187575	-0.210719	-0.202505	-0.19203	-0.189468	-0.197177	-0.209966	-0.202299	-0.150811	-0.0562242	0.0556951	0.180615	0.307873	0.416555	0.473419	0.476777	0.435597	0.377384	0.32709	0.295817	0.308283	0.365254	0.448454	0.540303	
-0.0698098	-0.124997	-0.145942	-0.149227	-0.138246	-0.133993	-0.145957	-0.149197	-0.136191	-0.0961712	-0.0207832	0.0863051	0.207024	0.340853	0.449701	0.5078	0.511213	0.478096	0.429571	0.386994	0.362378	0.376315	0.431287	0.508729	0.593873	
-0.05363	-0.0880893	-0.101286	-0.103668	-0.100938	-0.100304	-0.102673	-0.10304	-0.0955537	-0.0701024	-0.0182956	0.072738	0.184604	0.311406	0.410714	0.464532	0.47551	0.453663	0.416087	0.384428	0.36858	0.384379	0.432052	0.505796	0.584057	
-0.059491	-0.0730603	-0.0700473	-0.06342	-0.0594572	-0.0589866	-0.0614316	-0.0669951	-0.073623	-0.0667707	-0.0415772	0.023868	0.119132	0.21807	0.294086	0.350114	0.369623	0.351909	0.32377	0.302528	0.28743	0.298456	0.341079	0.412624	0.49299	
-0.0871312	-0.073573	-0.0482539	-0.0224961	-0.00430656	-0.00198422	-0.0142399	-0.0364201	-0.0642751	-0.0836038	-0.0869211	-0.0570007	0.00434816	0.0659219	0.121071	0.169083	0.190532	0.181674	0.159958	0.13571	0.113006	0.117029	0.158445	0.235961	0.326792	
-0.127785	-0.0818277	-0.0269342	0.0215964	0.0535422	0.0592175	0.0368509	-0.00575115	-0.0606184	-0.110764	-0.148301	-0.161951	-0.1486	-0.119396	-0.087087	-0.0650141	-0.049642	-0.0479421	-0.0622667	-0.0844534	-0.109304	-0.111266	-0.0712448	0.0150692	0.121168	
-0.159561	-0.0802559	0.00551982	0.079486	0.125682	0.133898	0.102069	0.0379793	-0.0460226	-0.128732	-0.203012	-0.265902	-0.302194	-0.310872	-0.307477	-0.309906	-0.303347	-0.296993	-0.304508	-0.318896	-0.33753	-0.339362	-0.297395	-0.211639	-0.112999	
-0.166993	-0.057324	0.05492	0.148905	0.200758	0.208908	0.175252	0.0965416	-0.0121453	-0.123909	-0.23241	-0.339902	-0.418157	-0.46369	-0.495367	-0.518995	-0.523118	-0.514215	-0.511474	-0.519655	-0.532309	-0.533072	-0.496741	-0.427907	-0.348353	
-0.149333	-0.021225	0.106087	0.213935	0.2659	0.273106	0.241889	0.153815	0.0302416	-0.0981891	-0.227616	-0.361855	-0.476375	-0.557033	-0.620106	-0.659496	-0.664555	-0.655462	-0.649496	-0.656116	-0.667916	-0.669939	-0.647588	-0.60312	-0.542112	
-0.105427	0.0362308	0.171813	0.285256	0.343723	0.351755	0.315535	0.222141	0.0918649	-0.0492001	-0.190794	-0.339344	-0.478713	-0.588825	-0.669015	-0.711043	-0.71673	-0.707195	-0.701808	-0.712464	-0.728758	-0.742995	-0.738619	-0.714503	-0.675995	
-0.0270754	0.125867	0.266926	0.38222	0.448504	0.46011	0.415084	0.317181	0.185123	0.0344161	-0.120999	-0.280413	-0.428038	-0.547449	-0.637566	-0.684446	-0.689546	-0.677065	-0.672438	-0.68771	-0.7093	-0.737677	-0.752964	-0.747946	-0.731967	
0.0858192	0.242852	0.383522	0.499235	0.566105	0.577722	0.532846	0.433601	0.301904	0.149339	-0.0111404	-0.176803	-0.32171	-0.443037	-0.532547	-0.582515	-0.592238	-0.587805	-0.586034	-0.596806	-0.620823	-0.65775	-0.688132	-0.705331	-0.717165	
0.212671	0.364588	0.497451	0.601004	0.660002	0.669833	0.630563	0.543605	0.420058	0.275496	0.115801	-0.0405405	-0.1763	-0.288544	-0.369761	-0.418075	-0.441139	-0.448312	-0.447289	-0.450589	-0.472956	-0.513827	-0.559664	-0.607178	-0.647657	
0.328765	0.469048	0.588428	0.671359	0.717156	0.725263	0.69383	0.62648	0.520135	0.385892	0.241889	0.107992	-0.00742003	-0.108699	-0.181931	-0.226336	-0.255108	-0.268972	-0.267353	-0.264414	-0.279316	-0.32299	-0.386863	-0.455814	-0.519464	
0.423029	0.539954	0.647693	0.71922	0.75095	0.755679	0.736094	0.681518	0.585846	0.469301	0.356328	0.251406	0.149344	0.0624487	0.00836799	-0.0254058	-0.0509425	-0.0646369	-0.0627203	-0.0537025	-0.0658313	-0.109305	-0.179777	-0.261834	-0.343392	
0.508821	0.600652	0.684491	0.738687	0.766032	0.770177	0.752405	0.710627	0.636279	0.54523	0.456918	0.377771	0.295689	0.224654	0.178665	0.157177	0.14421	0.139845	0.14785	0.160016	0.150012	0.104481	0.0326247	-0.0566327	-0.149496	
0.577074	0.641497	0.695443	0.733033	0.753047	0.756574	0.743072	0.712646	0.665461	0.602471	0.54196	0.486056	0.423138	0.36324	0.324302	0.309794	0.314555	0.327929	0.349229	0.361468	0.345685	0.29578	0.217492	0.124231	0.0314272	
0.624545	0.653143	0.675646	0.69443	0.707539	0.710201	0.700821	0.683114	0.662676	0.636018	0.607627	0.568324	0.520695	0.475523	0.445797	0.438191	0.454983	0.484593	0.512576	0.520489	0.49983	0.445099	0.362283	0.266022	0.177279	
0.632013	0.635179	0.629965	0.628917	0.632157	0.632922	0.630352	0.628466	0.633584	0.633501	0.631288	0.6207	0.597374	0.567444	0.548933	0.547862	0.570174	0.599506	0.624089	0.625831	0.598093	0.539495	0.454313	0.358979	0.272531	
0.606756	0.578347	0.558481	0.547458	0.540881	0.539664	0.544314	0.552915	0.569226	0.594333	0.627512	0.650966	0.653023	0.641291	0.636269	0.638202	0.65236	0.672733	0.68706	0.677182	0.637186	0.566869	0.480021	0.392975	0.317427	
0.560871	0.501401	0.46592	0.444326	0.42701	0.423714	0.436773	0.45629	0.484571	0.534418	0.603003	0.660817	0.687825	0.694483	0.698359	0.698705	0.701315	0.708314	0.710618	0.687086	0.629011	0.54935	0.463585	0.385331	0.31929	
0.508619	0.432841	0.375885	0.336111	0.312717	0.307873	0.324516	0.358279	0.407401	0.476745	0.559001	0.639607	0.692674	0.719549	0.732014	0.73169	0.72331	0.718183	0.709001	0.676382	0.607557	0.517887	0.425088	0.341377	0.275328	
0.45471	0.369035	0.297716	0.245344	0.216331	0.211807	0.230518	0.274296	0.338148	0.419982	0.507682	0.597673	0.669029	0.717596	0.73718	0.733871	0.722187	0.714604	0.701373	0.662568	0.588451	0.488552	0.379572	0.27892	0.203627	
0.384897	0.295942	0.209982	0.149376	0.122613	0.119482	0.135268	0.181672	0.259813	0.349364	0.438676	0.531127	0.623819	0.695747	0.72711	0.724946	0.71605	0.710868	0.699917	0.662644	0.586877	0.477254	0.34791	0.22531	0.1317	
0.302744	0.212435	0.123317	0.0560265	0.025251	0.0204866	0.039293	0.0925381	0.175929	0.267193	0.359237	0.46365	0.574177	0.664766	0.711572	0.724029	0.72282	0.717915	0.70606	0.672471	0.599072	0.480029	0.332052	0.181087	0.0619666	
0.220218	0.116901	0.0244463	-0.0401312	-0.0739092	-0.0790431	-0.0572108	-0.00539544	0.0777954	0.176713	0.288992	0.406281	0.531643	0.638991	0.708608	0.735748	0.744585	0.74227	0.733845	0.699518	0.620942	0.488418	0.318573	0.141566	-0.0106284	
0.141938	0.0153352	-0.0792191	-0.141146	-0.178482	-0.185468	-0.159224	-0.107292	-0.0258994	0.0872119	0.230072	0.376204	0.516058	0.633423	0.715609	0.756363	0.773811	0.778557	0.772182	0.733666	0.642488	0.49259	0.302923	0.100822	-0.078789	
0.0837238	-0.0645406	-0.170663	-0.235335	-0.26969	-0.276374	-0.252725	-0.200887	-0.112322	0.0198043	0.18591	0.355341	0.513545	0.644001	0.736668	0.790696	0.815608	0.819404	0.802438	0.750973	0.649064	0.488902	0.285752	0.0634641	-0.144838	
0.0460861	-0.122421	-0.2419	-0.308805	-0.344252	-0.350222	-0.326171	-0.27392	-0.176855	-0.0256736	0.156744	0.339067	0.510805	0.660928	0.769271	0.82976	0.858624	0.85919	0.823008	0.749202	0.637873	0.480377	0.274396	0.0355579	-0.201251	
0.0239834	-0.156499	-0.287556	-0.359684	-0.389204	-0.393275	-0.37544	-0.322881	-0.216638	-0.0512298	0.138614	0.332275	0.518788	0.681177	0.790698	0.854914	0.885144	0.881771	0.830177	0.741007	0.623963	0.467249	0.262363	0.0190597	-0.227481	
0.0200029	-0.161804	-0.296566	-0.368872	-0.396895	-0.400863	-0.384362	-0.332712	-0.222981	-0.0556244	0.135348	0.332192	0.521729	0.685339	0.79469	0.858598	0.889492	0.884588	0.830219	0.739073	0.620164	0.464353	0.258983	0.0156331	-0.231627	
0.0352455	-0.139824	-0.263384	-0.33291	-0.366717	-0.372044	-0.349992	-0.296742	-0.196962	-0.0384517	0.148322	0.334895	0.512678	0.669508	0.780009	0.842831	0.872003	0.871369	0.827432	0.745701	0.63225	0.474901	0.270007	0.0277145	-0.215412	
0.0662121	-0.0897218	-0.201895	-0.26719	-0.30211	-0.308195	-0.284871	-0.232801	-0.139909	-0.000670477	0.172145	0.348311	0.512477	0.65038	0.749074	0.806403	0.834103	0.835603	0.811812	0.752315	0.646106	0.48644	0.280696	0.050699	-0.169508	
0.116005	-0.0197875	-0.117757	-0.180366	-0.21655	-0.223788	-0.198121	-0.146366	-0.0635692	0.0571318	0.211112	0.36747	0.514369	0.635905	0.722239	0.768772	0.789135	0.794684	0.785439	0.743172	0.647642	0.491649	0.295611	0.0848855	-0.105405	
0.187209	0.0750125	-0.0169024	-0.0803688	-0.116423	-0.122426	-0.0979945	-0.0458913	0.0355788	0.139557	0.263623	0.391597	0.522284	0.634315	0.709681	0.74256	0.75539	0.756486	0.749096	0.713627	0.630447	0.490779	0.312787	0.125427	-0.0381601	
0.269772	0.176529	0.0847502	0.0179958	-0.0136727	-0.0183839	0.0011577	0.0538236	0.138968	0.231775	0.329976	0.437957	0.555127	0.652556	0.709341	0.727682	0.730164	0.724857	0.714601	0.681346	0.606997	0.483384	0.325899	0.16492	0.0329986	
0.352645	0.263178	0.176284	0.112154	0.0834236	0.0791823	0.0970828	0.146904	0.226776	0.317444	0.406787	0.504771	0.604075	0.683588	0.719754	0.722895	0.716735	0.712392	0.700288	0.664743	0.590373	0.477074	0.340895	0.206612	0.103737	
0.429004	0.341511	0.263045	0.207408	0.179662	0.175812	0.192872	0.237446	0.308004	0.393547	0.482365	0.571599	0.652284	0.710805	0.735239	0.730528	0.719043	0.712538	0.700726	0.661674	0.586468	0.482122	0.36408	0.256024	0.174046	
0.487757	0.407715	0.344895	0.299509	0.272173	0.267118	0.285709	0.324944	0.380297	0.454536	0.539701	0.627322	0.687287	0.721395	0.736108	0.73551	0.725707	0.717481	0.704911	0.669118	0.598086	0.504896	0.406399	0.316575	0.248329	
0.539967	0.471967	0.427315	0.39853	0.379399	0.375635	0.38982	0.414949	0.450838	0.510456	0.586649	0.654828	0.6929	0.708771	0.716148	0.715488	0.712886	0.715221	0.712691	0.684582	0.621365	0.537304	0.450339	0.371319	0.307215	
0.589931	0.548337	0.523826	0.509664	0.497692	0.495595	0.504272	0.517081	0.536996	0.571237	0.620995	0.658799	0.670681	0.665025	0.663983	0.66532	0.675519	0.690769	0.700259	0.684794	0.63747	0.56352	0.476834	0.394089	0.322983	
0.625408	0.616871	0.604366	0.597689	0.59799	0.598529	0.59751	0.600422	0.61163	0.621992	0.632058	0.634534	0.621351	0.599038	0.585954	0.587479	0.607438	0.633436	0.65474	0.652982	0.620825	0.557775	0.472391	0.378957	0.296261	
0.632163	0.649762	0.660444	0.671053	0.678923	0.680455	0.675257	0.664491	0.654745	0.639449	0.622302	0.593166	0.554212	0.51472	0.488979	0.483635	0.50409	0.53589	0.563512	0.569187	0.545935	0.490289	0.406571	0.310165	0.221664	
0.599963	0.649688	0.691185	0.721147	0.739599	0.742975	0.730088	0.704003	0.66772	0.619872	0.572	0.522188	0.465322	0.410696	0.375419	0.364421	0.374484	0.395064	0.419746	0.431405	0.413704	0.360976	0.28037	0.185909	0.0950539	
0.537548	0.620622	0.692674	0.740181	0.764097	0.768021	0.752159	0.715075	0.652322	0.570351	0.492262	0.423763	0.350272	0.283358	0.239766	0.221497	0.21602	0.218031	0.231599	0.243638	0.232159	0.185973	0.110619	0.0197262	-0.0743426	
0.459193	0.565066	0.664666	0.730198	0.76018	0.764298	0.745974	0.695939	0.606518	0.501402	0.398782	0.304567	0.209067	0.129166	0.079338	0.0509298	0.0291836	0.0183773	0.0216078	0.0320225	0.0212007	-0.0234418	-0.0929732	-0.178563	-0.266209	
0.36819	0.500833	0.615219	0.692983	0.732496	0.739048	0.712859	0.651095	0.550177	0.421652	0.289163	0.166351	0.0573015	-0.0389949	-0.104888	-0.145895	-0.173639	-0.189145	-0.187536	-0.18171	-0.194997	-0.238425	-0.30753	-0.382024	-0.453325	
0.261501	0.409815	0.538055	0.632965	0.686515	0.695651	0.659593	0.580804	0.463738	0.322293	0.167196	0.0183332	-0.109737	-0.217494	-0.295631	-0.342936	-0.370478	-0.380715	-0.378972	-0.380451	-0.3998	-0.442067	-0.495376	-0.552769	-0.603661	
0.136697	0.291899	0.43046	0.54315	0.608419	0.61931	0.576048	0.479569	0.349813	0.200399	0.0388533	-0.124446	-0.26763	-0.386155	-0.472922	-0.52261	-0.537582	-0.537821	-0.536851	-0.544053	-0.568555	-0.607386	-0.642885	-0.672034	-0.696111	
0.0143491	0.170681	0.313005	0.428534	0.495889	0.507544	0.461973	0.36316	0.230694	0.077067	-0.0812508	-0.244373	-0.39142	-0.512682	-0.603786	-0.652265	-0.658099	-0.647497	-0.644196	-0.658422	-0.681133	-0.713773	-0.736103	-0.739158	-0.733377	
