0.629832	0.592783	0.51084	0.395211	0.263584	0.134193	-0.000228152	-0.145128	-0.288978	-0.405955	-0.486095	-0.532349	-0.553511	-0.55488	-0.536054	-0.485294	-0.412886	-0.353942	-0.30043	-0.250201	-0.221636	-0.207676	-0.204101	-0.207639	-0.211947	
0.639801	0.636345	0.581576	0.484927	0.372102	0.261608	0.136609	-0.00536829	-0.156463	-0.293296	-0.400136	-0.474217	-0.52366	-0.552384	-0.555497	-0.532134	-0.484702	-0.433572	-0.378353	-0.317783	-0.271932	-0.23924	-0.215762	-0.201361	-0.195295	
0.610531	0.646076	0.623436	0.560266	0.470881	0.379466	0.268707	0.134179	-0.00921664	-0.150651	-0.278455	-0.382645	-0.464793	-0.526856	-0.556981	-0.560737	-0.545783	-0.514133	-0.460089	-0.391252	-0.332802	-0.281983	-0.236744	-0.206157	-0.192373	
0.547035	0.620539	0.637828	0.614758	0.563327	0.492145	0.395077	0.271348	0.136218	-0.00192097	-0.140148	-0.271477	-0.386408	-0.478765	-0.534666	-0.562829	-0.573526	-0.563241	-0.525678	-0.461361	-0.394854	-0.335501	-0.281539	-0.242412	-0.223849	
0.468572	0.564669	0.619344	0.637969	0.626004	0.582654	0.499639	0.386907	0.265354	0.1354	-0.00100374	-0.141855	-0.279989	-0.398587	-0.476982	-0.527093	-0.559913	-0.565535	-0.549559	-0.51646	-0.471076	-0.417694	-0.361568	-0.315109	-0.28402	
0.374389	0.48049	0.55879	0.615436	0.644455	0.631231	0.572548	0.476748	0.370825	0.259002	0.135773	0.00308391	-0.133875	-0.265548	-0.368543	-0.44807	-0.513879	-0.548005	-0.557549	-0.55396	-0.538523	-0.509751	-0.463246	-0.410436	-0.362583	
0.26169	0.363842	0.457097	0.542551	0.613615	0.640743	0.617794	0.556681	0.476438	0.383004	0.277668	0.155769	0.0246632	-0.106505	-0.227931	-0.33884	-0.43989	-0.509022	-0.553154	-0.582507	-0.588558	-0.575726	-0.545088	-0.498396	-0.443766	
0.155029	0.245027	0.343399	0.44892	0.551469	0.617145	0.637039	0.616794	0.572043	0.50265	0.410957	0.301547	0.177139	0.0474093	-0.0825724	-0.216054	-0.346193	-0.444577	-0.515948	-0.572647	-0.602883	-0.607704	-0.591697	-0.559719	-0.514521	
0.0701053	0.14631	0.240701	0.353533	0.473958	0.565948	0.621301	0.643657	0.63329	0.590733	0.516361	0.415574	0.302931	0.184335	0.0570834	-0.0785427	-0.219398	-0.340141	-0.438939	-0.522033	-0.572799	-0.597222	-0.602102	-0.587207	-0.558474	
0.0124645	0.0695604	0.150447	0.25542	0.374472	0.476908	0.556226	0.614467	0.644783	0.635319	0.588262	0.508077	0.407429	0.303462	0.186591	0.0578089	-0.0741683	-0.197397	-0.311222	-0.41814	-0.496487	-0.544659	-0.573838	-0.585457	-0.580473	
-0.0296782	0.00742789	0.0713862	0.160017	0.264995	0.362252	0.451219	0.534728	0.597988	0.628146	0.616975	0.569839	0.49762	0.412752	0.311492	0.196257	0.0773516	-0.0375137	-0.151866	-0.267786	-0.366362	-0.445653	-0.510334	-0.558524	-0.592875	
-0.0687193	-0.0473656	-0.00186771	0.0692161	0.153353	0.237821	0.325247	0.421881	0.510384	0.573203	0.603342	0.596572	0.561605	0.509661	0.429962	0.334352	0.236262	0.132776	0.0232932	-0.0955739	-0.210522	-0.318288	-0.424588	-0.520079	-0.598412	
-0.102464	-0.0943117	-0.0626041	-0.0107077	0.0521467	0.117272	0.195296	0.293138	0.39466	0.484094	0.550567	0.590902	0.601818	0.589672	0.542942	0.468096	0.38717	0.293673	0.184485	0.0628038	-0.0644368	-0.195593	-0.332739	-0.467187	-0.588009	
-0.136654	-0.135825	-0.113627	-0.0729724	-0.0290906	0.0209967	0.0867045	0.178841	0.282021	0.383923	0.476096	0.552081	0.607282	0.635838	0.622546	0.574758	0.50875	0.418437	0.307713	0.181707	0.0460398	-0.0965401	-0.248432	-0.399303	-0.539639	
-0.161085	-0.160648	-0.142514	-0.109553	-0.0765958	-0.040264	0.0152268	0.0964705	0.191275	0.290597	0.389105	0.482409	0.561471	0.619861	0.636248	0.613326	0.569923	0.490388	0.380922	0.258433	0.124819	-0.0165937	-0.166307	-0.318122	-0.462079	
-0.158879	-0.157588	-0.138145	-0.109444	-0.0873625	-0.0617605	-0.0216199	0.0417923	0.116436	0.197226	0.282362	0.371983	0.457449	0.527124	0.565683	0.570296	0.552718	0.499076	0.41143	0.30487	0.18269	0.051267	-0.0865312	-0.224801	-0.357518	
-0.131884	-0.12821	-0.113154	-0.0904247	-0.0796322	-0.0693366	-0.0448059	-0.00447288	0.0427454	0.0955451	0.155138	0.224576	0.300463	0.371834	0.422529	0.452681	0.468942	0.447179	0.391393	0.319251	0.225637	0.116114	-0.00181112	-0.120166	-0.230497	
-0.0906964	-0.0931235	-0.0836736	-0.0740906	-0.0785325	-0.0839476	-0.0793421	-0.0613506	-0.0400722	-0.0154274	0.0176661	0.0651044	0.122605	0.182612	0.237041	0.28204	0.32456	0.341906	0.32818	0.297404	0.244394	0.174207	0.0946642	0.0121762	-0.0651391	
-0.0594193	-0.0686627	-0.0710884	-0.0724398	-0.0917093	-0.112107	-0.121446	-0.123678	-0.125429	-0.124133	-0.11627	-0.0929382	-0.0534578	-0.0086338	0.039002	0.0918026	0.151063	0.19466	0.222226	0.245366	0.248677	0.232442	0.205745	0.173431	0.14054	
-0.0358976	-0.0549953	-0.0670184	-0.0832826	-0.115092	-0.14757	-0.170448	-0.186024	-0.203837	-0.221221	-0.230868	-0.226743	-0.208516	-0.180908	-0.142965	-0.0915012	-0.0202461	0.0502693	0.11433	0.183649	0.243827	0.290976	0.327406	0.352228	0.368243	
-0.0160244	-0.043308	-0.0657096	-0.0913917	-0.135076	-0.177635	-0.209212	-0.238102	-0.268916	-0.298077	-0.321722	-0.329176	-0.319938	-0.3036	-0.271646	-0.218951	-0.143738	-0.0594695	0.0336058	0.144426	0.251812	0.349098	0.440186	0.519391	0.582861	
0.00631542	-0.0278549	-0.0581099	-0.0946189	-0.145526	-0.194383	-0.231953	-0.264349	-0.299939	-0.333731	-0.358569	-0.370142	-0.365672	-0.351526	-0.321118	-0.266781	-0.185744	-0.0921708	0.0125389	0.139795	0.273251	0.404778	0.533521	0.652891	0.758148	
0.0338647	-0.00250138	-0.0350879	-0.0733486	-0.126566	-0.175016	-0.210112	-0.242708	-0.275288	-0.304145	-0.325225	-0.329396	-0.318716	-0.302982	-0.270409	-0.216584	-0.141147	-0.051772	0.0530482	0.183683	0.321555	0.461344	0.607865	0.751505	0.883995	
0.0701988	0.0408026	0.0145717	-0.0182242	-0.0625452	-0.101053	-0.126117	-0.146424	-0.169236	-0.188376	-0.198423	-0.197161	-0.182219	-0.163844	-0.132861	-0.0815701	-0.0127143	0.0659114	0.156891	0.272372	0.400142	0.534879	0.679426	0.828062	0.972651	
0.124473	0.11157	0.101961	0.0856762	0.0573431	0.0356248	0.0276139	0.020115	0.0114945	0.00485642	0.00405818	0.0153331	0.0349049	0.0529298	0.0812801	0.124091	0.179639	0.243181	0.318177	0.416394	0.523314	0.636935	0.764813	0.898229	1.02938	
0.188267	0.199048	0.212685	0.218313	0.21313	0.213957	0.226026	0.238556	0.245016	0.251729	0.262669	0.279278	0.302985	0.321633	0.346883	0.385324	0.430185	0.478495	0.533821	0.606486	0.686658	0.770902	0.865183	0.965804	1.06503	
0.24571	0.282543	0.321394	0.352112	0.371264	0.395823	0.431502	0.46323	0.489547	0.513375	0.538412	0.568543	0.599988	0.622981	0.648617	0.681366	0.716596	0.749677	0.784385	0.831326	0.877278	0.92118	0.97195	1.02373	1.07254	
0.274665	0.334707	0.398147	0.452704	0.497146	0.5476	0.607269	0.664064	0.712042	0.756768	0.801116	0.845921	0.890494	0.921469	0.951239	0.983845	1.00948	1.02736	1.03992	1.05483	1.06329	1.0636	1.06467	1.06569	1.06251	
0.275042	0.354059	0.435929	0.511	0.576836	0.649114	0.732797	0.811401	0.882747	0.949386	1.01374	1.07702	1.13505	1.17646	1.21035	1.2409	1.2603	1.26304	1.25328	1.24122	1.21526	1.17569	1.13356	1.08738	1.03772	
0.263199	0.352285	0.447162	0.534743	0.614653	0.702789	0.800975	0.896221	0.982798	1.06456	1.14327	1.21883	1.28763	1.33529	1.37366	1.40431	1.41626	1.40985	1.38707	1.35474	1.30538	1.23988	1.16995	1.09701	1.02001	
0.259952	0.351873	0.44744	0.537596	0.620219	0.71018	0.81253	0.910238	1.00017	1.0851	1.16648	1.24404	1.31406	1.36398	1.40177	1.43205	1.44559	1.43622	1.4088	1.37403	1.3215	1.25186	1.1768	1.09715	1.0149	
0.270605	0.354104	0.443058	0.524135	0.596623	0.677017	0.766974	0.853555	0.932123	1.00577	1.07687	1.14646	1.2099	1.25377	1.29042	1.32092	1.33531	1.33417	1.31938	1.29725	1.25935	1.20688	1.15142	1.093	1.03005	
0.277403	0.34642	0.417083	0.480587	0.534594	0.593795	0.664354	0.730298	0.788074	0.842077	0.894659	0.94644	0.996074	1.03189	1.06252	1.09433	1.11907	1.12997	1.13175	1.13542	1.12996	1.1138	1.09598	1.07586	1.0526	
0.261504	0.307573	0.357262	0.397832	0.426924	0.462365	0.506867	0.548053	0.582883	0.614436	0.646536	0.6829	0.719489	0.744801	0.772426	0.804688	0.834369	0.861662	0.889106	0.923471	0.953799	0.979843	1.01099	1.04319	1.07101	
0.213237	0.23495	0.257835	0.273229	0.278181	0.287797	0.309609	0.32976	0.34373	0.356978	0.373127	0.393754	0.41949	0.43995	0.464134	0.500202	0.542864	0.584791	0.630784	0.693245	0.761039	0.83086	0.908392	0.990141	1.07081	
0.149898	0.145553	0.144982	0.137209	0.117226	0.104417	0.103646	0.103044	0.100466	0.098747	0.101993	0.116182	0.1376	0.155338	0.182743	0.223323	0.273015	0.330247	0.398841	0.487955	0.584458	0.686869	0.803136	0.926123	1.04661	
0.0896982	0.0661291	0.0449205	0.01736	-0.0209024	-0.0536732	-0.072301	-0.0873935	-0.104731	-0.118982	-0.125003	-0.120516	-0.104194	-0.0852685	-0.055934	-0.00763471	0.0576745	0.130579	0.214677	0.322938	0.443562	0.572234	0.711594	0.856205	0.998798	
0.0469282	0.0121328	-0.019157	-0.0559802	-0.107078	-0.152556	-0.184595	-0.214084	-0.243172	-0.26856	-0.286103	-0.287296	-0.274293	-0.257353	-0.22466	-0.171612	-0.0992871	-0.0140443	0.0868465	0.213601	0.348994	0.487848	0.635695	0.784197	0.923388	
0.0164282	-0.0193403	-0.0517496	-0.0902886	-0.142833	-0.192298	-0.230043	-0.262984	-0.297944	-0.330894	-0.354498	-0.364491	-0.35876	-0.343889	-0.313415	-0.258715	-0.177987	-0.0845765	0.0218024	0.15139	0.288577	0.426761	0.564703	0.695773	0.814623	
-0.00736457	-0.0375006	-0.0636835	-0.0938309	-0.140889	-0.186835	-0.221266	-0.25324	-0.287019	-0.318818	-0.3447	-0.354482	-0.347638	-0.332912	-0.301775	-0.248664	-0.171204	-0.08254	0.0168509	0.137341	0.258653	0.37185	0.480239	0.577884	0.658291	
-0.0279489	-0.0504514	-0.0670425	-0.087346	-0.124368	-0.160526	-0.18757	-0.208846	-0.231772	-0.255124	-0.270816	-0.27276	-0.259823	-0.237406	-0.203345	-0.151346	-0.0774566	-0.000384584	0.077518	0.164763	0.244971	0.314468	0.374052	0.421443	0.457892	
-0.0490675	-0.0619326	-0.0683525	-0.0759032	-0.0999743	-0.125823	-0.140829	-0.149163	-0.158397	-0.164889	-0.16505	-0.150104	-0.119185	-0.0812696	-0.0370928	0.0153536	0.0797361	0.135001	0.177252	0.219308	0.246915	0.256114	0.254243	0.245033	0.230437	
-0.0768918	-0.0816751	-0.0772917	-0.0716859	-0.0827721	-0.0937585	-0.0951141	-0.0861839	-0.0738729	-0.059495	-0.0367633	0.000656755	0.0507342	0.105389	0.157107	0.206603	0.257381	0.285533	0.289392	0.28021	0.247862	0.197369	0.136909	0.0726353	0.0128935	
-0.115399	-0.113509	-0.0998142	-0.0825303	-0.0771984	-0.0731511	-0.0571832	-0.0257874	0.0101362	0.0514595	0.100495	0.161069	0.230374	0.298364	0.352337	0.389467	0.41672	0.411816	0.371986	0.3139	0.235335	0.13988	0.0351744	-0.0700246	-0.169182	
-0.151013	-0.147881	-0.13045	-0.103132	-0.0855442	-0.0654903	-0.0306132	0.0232787	0.0878397	0.158189	0.233888	0.31637	0.39942	0.471566	0.515348	0.531031	0.527649	0.485008	0.408569	0.315137	0.20273	0.0778801	-0.0538424	-0.185831	-0.310428	
-0.16346	-0.163138	-0.143803	-0.113125	-0.0846179	-0.0518123	-0.00297103	0.0721965	0.159962	0.253291	0.348935	0.44319	0.52706	0.591603	0.618517	0.606476	0.571446	0.501646	0.399601	0.280239	0.149206	0.0110592	-0.134443	-0.281203	-0.422309	
-0.148953	-0.148357	-0.129143	-0.0922187	-0.0530012	-0.00916476	0.0534503	0.141836	0.242835	0.346229	0.443473	0.52846	0.595576	0.638522	0.637314	0.599183	0.542547	0.454665	0.341761	0.21645	0.0814714	-0.0618518	-0.215015	-0.368807	-0.512619	
-0.116272	-0.112078	-0.0843214	-0.0375423	0.0162733	0.0757442	0.148233	0.244061	0.347704	0.443594	0.522271	0.579195	0.609378	0.613615	0.580851	0.516836	0.440245	0.348228	0.240123	0.116509	-0.0157637	-0.153401	-0.29846	-0.441486	-0.572619	
-0.0824542	-0.0666729	-0.0272921	0.0348653	0.110954	0.187343	0.272028	0.370944	0.46572	0.540688	0.586742	0.5984	0.580484	0.544375	0.476774	0.388388	0.29884	0.200727	0.0908646	-0.0295904	-0.149194	-0.266547	-0.38717	-0.500997	-0.597979	
-0.0460197	-0.0153681	0.0409867	0.12356	0.220034	0.313358	0.403217	0.492661	0.56725	0.611279	0.616043	0.584386	0.526547	0.453003	0.359316	0.252325	0.140544	0.0292044	-0.0822663	-0.198885	-0.30473	-0.396748	-0.478624	-0.544568	-0.595668	
