-0.0980206	-0.0111221	0.0598489	0.12862	0.186634	0.197854	0.154709	0.0874412	0.0187691	-0.061589	-0.156801	-0.273878	-0.407585	-0.543745	-0.649691	-0.711503	-0.735171	-0.729913	-0.678264	-0.581002	-0.463274	-0.350696	-0.242951	-0.145975	-0.0519607	
0.0553791	0.172794	0.25936	0.331995	0.385538	0.395335	0.357096	0.289225	0.211205	0.105313	-0.0263655	-0.185268	-0.360898	-0.53587	-0.681298	-0.782869	-0.838897	-0.85317	-0.809522	-0.716327	-0.603457	-0.489036	-0.380321	-0.276991	-0.172733	
0.258125	0.406266	0.512314	0.590386	0.642776	0.652738	0.615357	0.546019	0.453329	0.322585	0.150496	-0.0489925	-0.269031	-0.486019	-0.681029	-0.828653	-0.924167	-0.965524	-0.945368	-0.871512	-0.765003	-0.646334	-0.532369	-0.426071	-0.312698	
0.486401	0.66246	0.792656	0.879349	0.928464	0.937199	0.903273	0.832258	0.720159	0.562727	0.359123	0.124514	-0.136458	-0.400574	-0.640454	-0.827344	-0.962702	-1.03657	-1.05065	-1.01234	-0.92743	-0.815073	-0.696686	-0.582091	-0.459934	
0.723139	0.921531	1.06721	1.16272	1.21223	1.22062	1.18765	1.11145	0.985737	0.809443	0.577834	0.311242	0.0195013	-0.272117	-0.535298	-0.751908	-0.922041	-1.03161	-1.09224	-1.10284	-1.05683	-0.966574	-0.855823	-0.73782	-0.603859	
0.951669	1.16433	1.31815	1.41641	1.46411	1.47233	1.44108	1.36398	1.23281	1.04367	0.797841	0.511657	0.206847	-0.0959724	-0.366066	-0.595619	-0.789452	-0.935913	-1.04757	-1.1126	-1.11482	-1.06002	-0.968904	-0.8568	-0.727365	
1.1544	1.37156	1.53488	1.63526	1.67917	1.6848	1.65856	1.58262	1.44385	1.24685	1.00249	0.72321	0.426221	0.131144	-0.133957	-0.367245	-0.580686	-0.762981	-0.919	-1.0342	-1.08594	-1.07563	-1.01619	-0.920935	-0.814979	
1.32441	1.53496	1.69378	1.79285	1.83556	1.83992	1.816	1.74088	1.60497	1.414	1.18049	0.926936	0.65998	0.394975	0.139586	-0.106076	-0.334237	-0.537016	-0.714722	-0.861267	-0.954897	-0.988983	-0.972416	-0.916473	-0.85076	
1.45031	1.6475	1.79464	1.88723	1.92542	1.92972	1.90842	1.83866	1.71335	1.53328	1.32244	1.10039	0.878087	0.644171	0.404266	0.154531	-0.0766523	-0.285657	-0.469222	-0.625897	-0.747601	-0.822032	-0.85274	-0.84653	-0.832566	
1.52085	1.69351	1.8283	1.9089	1.93938	1.94408	1.92538	1.8676	1.75309	1.59317	1.40784	1.21815	1.03055	0.829862	0.609603	0.379221	0.16259	-0.0328293	-0.207017	-0.362223	-0.494648	-0.599801	-0.673315	-0.723132	-0.762268	
1.51591	1.66557	1.7833	1.8561	1.88779	1.89281	1.87305	1.818	1.71736	1.57885	1.41797	1.25434	1.09697	0.92908	0.737561	0.538759	0.352063	0.189585	0.033667	-0.109119	-0.23619	-0.356674	-0.466466	-0.57003	-0.665313	
1.43271	1.56341	1.67046	1.74063	1.77696	1.78397	1.75911	1.70257	1.61057	1.48616	1.34964	1.21441	1.08177	0.939918	0.777186	0.613082	0.4657	0.342109	0.222637	0.107275	0.000232506	-0.120626	-0.259732	-0.405797	-0.552382	
1.28033	1.39938	1.50005	1.57312	1.61179	1.61722	1.59292	1.53317	1.44258	1.32794	1.21077	1.09951	0.985219	0.861367	0.732249	0.602443	0.494734	0.417622	0.342206	0.2641	0.182079	0.0730627	-0.0693968	-0.242134	-0.432537	
1.08456	1.19037	1.28494	1.35567	1.39167	1.39714	1.37376	1.31709	1.23029	1.12669	1.02355	0.923829	0.818556	0.712411	0.608929	0.516843	0.448682	0.407126	0.376092	0.341218	0.293147	0.213108	0.0853118	-0.0923063	-0.308206	
0.866668	0.9592	1.04304	1.10698	1.13899	1.14383	1.12311	1.07178	0.993979	0.904316	0.810183	0.714086	0.617045	0.521099	0.430668	0.359871	0.315642	0.310829	0.327945	0.344197	0.340963	0.29817	0.200379	0.0374689	-0.186117	
0.638078	0.720474	0.801182	0.863946	0.897899	0.904099	0.881084	0.829422	0.753706	0.671575	0.585997	0.494484	0.398239	0.302455	0.217319	0.158157	0.130369	0.158857	0.223424	0.292464	0.339668	0.33997	0.27898	0.139938	-0.0652082	
0.42691	0.503994	0.579074	0.645895	0.689501	0.697721	0.66694	0.607588	0.534805	0.457442	0.376985	0.282368	0.177121	0.0720477	-0.00474251	-0.0471869	-0.0535891	-0.00238959	0.0939639	0.207986	0.307696	0.360865	0.341642	0.239321	0.0611711	
0.276586	0.353627	0.415582	0.480048	0.527823	0.536148	0.502614	0.441535	0.378543	0.309998	0.219554	0.108564	-0.0110294	-0.124256	-0.198555	-0.22913	-0.211773	-0.141825	-0.0242126	0.12153	0.267386	0.372735	0.400952	0.341671	0.201823	
0.201317	0.284382	0.345015	0.404103	0.44372	0.450173	0.424285	0.369175	0.308901	0.239549	0.134546	0.00347645	-0.135911	-0.260138	-0.342219	-0.363324	-0.32472	-0.237685	-0.103646	0.0637848	0.243083	0.39065	0.459563	0.442661	0.347808	
0.193048	0.28451	0.351792	0.40886	0.444069	0.450299	0.426493	0.376203	0.313082	0.233692	0.118368	-0.0340733	-0.197541	-0.337346	-0.421797	-0.435474	-0.38864	-0.285631	-0.12913	0.0602566	0.26155	0.435888	0.53657	0.562224	0.506784	
0.239124	0.344824	0.41545	0.46655	0.502963	0.510366	0.482772	0.437861	0.37681	0.286265	0.15378	-0.0151627	-0.195335	-0.346346	-0.432775	-0.446919	-0.397421	-0.280316	-0.1055	0.102898	0.319927	0.50868	0.644171	0.707979	0.690375	
0.329413	0.447787	0.524064	0.570672	0.601685	0.607744	0.584894	0.54491	0.483002	0.382026	0.239121	0.0609105	-0.124972	-0.280847	-0.373661	-0.392778	-0.339016	-0.221545	-0.0477692	0.172821	0.39964	0.600346	0.761749	0.860452	0.873765	
0.45745	0.570098	0.649433	0.702105	0.728198	0.731849	0.71562	0.673615	0.604894	0.507686	0.369366	0.190324	0.000725019	-0.149047	-0.242236	-0.269164	-0.223867	-0.118837	0.0500713	0.26847	0.492489	0.699447	0.878983	1.00068	1.03992	
0.604216	0.712524	0.791674	0.848298	0.881916	0.887583	0.865143	0.816863	0.747337	0.651816	0.520812	0.352344	0.175268	0.0297031	-0.064498	-0.102161	-0.078633	0.00758804	0.162284	0.369458	0.588765	0.801524	0.992805	1.12846	1.18833	
0.757793	0.872759	0.951579	1.00448	1.04636	1.05603	1.02321	0.974516	0.908965	0.807714	0.67384	0.521562	0.362565	0.218635	0.114978	0.0658239	0.0679617	0.13125	0.268173	0.462414	0.68292	0.902392	1.09794	1.2507	1.33853	
0.903114	1.02729	1.11524	1.17223	1.21505	1.22439	1.19159	1.14005	1.06707	0.956262	0.817589	0.665736	0.51484	0.376939	0.270609	0.205314	0.190722	0.237952	0.357839	0.549359	0.775362	0.999213	1.2054	1.37918	1.49191	
1.02729	1.16054	1.26407	1.33459	1.37643	1.38369	1.35493	1.29591	1.20546	1.08373	0.936259	0.775999	0.623987	0.494234	0.382924	0.301592	0.277197	0.316778	0.433637	0.62917	0.863618	1.099	1.31992	1.50429	1.63286	
1.11524	1.26407	1.3837	1.46802	1.51847	1.52693	1.49243	1.42169	1.31647	1.17749	1.01716	0.854356	0.703783	0.572814	0.455758	0.370274	0.340409	0.376659	0.503195	0.708664	0.945162	1.18999	1.4184	1.60919	1.74535	
1.17223	1.33459	1.46802	1.56321	1.62226	1.63327	1.59184	1.51029	1.39229	1.23939	1.07034	0.909623	0.758955	0.620933	0.503903	0.425715	0.398211	0.438527	0.570459	0.772551	1.00776	1.25778	1.49166	1.67961	1.81689	
1.21505	1.37643	1.51847	1.62226	1.68155	1.69194	1.65171	1.56479	1.4366	1.28114	1.11374	0.947221	0.787399	0.648781	0.538057	0.461787	0.434862	0.483312	0.617731	0.810384	1.03912	1.29236	1.52971	1.71738	1.85012	
1.22439	1.38369	1.52693	1.63327	1.69194	1.70159	1.66252	1.57482	1.44444	1.28968	1.12371	0.954705	0.79151	0.654011	0.545484	0.468591	0.440882	0.491014	0.62659	0.817768	1.0442	1.29769	1.53465	1.7242	1.85616	
1.19159	1.35493	1.49243	1.59184	1.65171	1.66252	1.62122	1.53684	1.41377	1.25872	1.08934	0.927651	0.773506	0.634363	0.519389	0.442664	0.41681	0.460466	0.592591	0.7909	1.02375	1.27516	1.51152	1.69832	1.83448	
1.14005	1.29591	1.42169	1.51029	1.56479	1.57482	1.53684	1.46133	1.35083	1.20469	1.04036	0.878477	0.728964	0.594556	0.477159	0.394325	0.364454	0.40141	0.530804	0.737217	0.973553	1.22065	1.45141	1.64156	1.77873	
1.06707	1.20546	1.31647	1.39229	1.4366	1.44444	1.41377	1.35083	1.25363	1.12544	0.973419	0.811084	0.65875	0.530272	0.416115	0.331593	0.303111	0.340704	0.462148	0.66201	0.897605	1.13694	1.36207	1.55003	1.68237	
0.956262	1.08373	1.17749	1.23939	1.28114	1.28968	1.25872	1.20469	1.12544	1.01011	0.868928	0.713823	0.563478	0.42889	0.320737	0.248003	0.229842	0.273546	0.38878	0.581281	0.811334	1.03915	1.25132	1.42965	1.55029	
0.817589	0.936259	1.01716	1.07034	1.11374	1.12371	1.08934	1.04036	0.973419	0.868928	0.733031	0.582822	0.428477	0.287253	0.181941	0.126525	0.12128	0.176419	0.306331	0.498672	0.720521	0.941144	1.13997	1.3013	1.40083	
0.665736	0.775999	0.854356	0.909623	0.947221	0.954705	0.927651	0.878477	0.811084	0.713823	0.582822	0.421399	0.252233	0.106641	0.00910231	-0.0335791	-0.0190124	0.0580061	0.205546	0.407611	0.626339	0.842277	1.03584	1.17726	1.2471	
0.51484	0.623987	0.703783	0.758955	0.787399	0.79151	0.773506	0.728964	0.65875	0.563478	0.428477	0.252233	0.0661422	-0.0814936	-0.174683	-0.205232	-0.167768	-0.0690083	0.0953525	0.308575	0.531029	0.740197	0.925852	1.05286	1.10012	
0.376939	0.494234	0.572814	0.620933	0.648781	0.654011	0.634363	0.594556	0.530272	0.42889	0.287253	0.106641	-0.0814936	-0.235779	-0.328785	-0.350353	-0.29842	-0.185453	-0.0130204	0.209289	0.436629	0.640013	0.808362	0.918924	0.943638	
0.270609	0.382924	0.455758	0.503903	0.538057	0.545484	0.519389	0.477159	0.416115	0.320737	0.181941	0.00910231	-0.174683	-0.328785	-0.418243	-0.434208	-0.38223	-0.262839	-0.0869545	0.126744	0.348943	0.54314	0.691282	0.768854	0.76434	
0.205314	0.301592	0.370274	0.425715	0.461787	0.468591	0.442664	0.394325	0.331593	0.248003	0.126525	-0.0335791	-0.205232	-0.350353	-0.434208	-0.447067	-0.399137	-0.290066	-0.123976	0.0745915	0.281997	0.461852	0.57713	0.618716	0.579417	
0.190722	0.277197	0.340409	0.398211	0.434862	0.440882	0.41681	0.364454	0.303111	0.229842	0.12128	-0.0190124	-0.167768	-0.29842	-0.38223	-0.399137	-0.355897	-0.263145	-0.120951	0.0549545	0.244502	0.405207	0.486179	0.486398	0.407703	
0.237952	0.316778	0.376659	0.438527	0.483312	0.491014	0.460466	0.40141	0.340704	0.273546	0.176419	0.0580061	-0.0690083	-0.185453	-0.262839	-0.290066	-0.263145	-0.185644	-0.062006	0.0932045	0.254317	0.377898	0.42418	0.381554	0.260277	
0.357839	0.433637	0.503195	0.570459	0.617731	0.62659	0.592591	0.530804	0.462148	0.38878	0.306331	0.205546	0.0953525	-0.0130204	-0.0869545	-0.123976	-0.120951	-0.062006	0.0437124	0.172191	0.291239	0.365708	0.36585	0.280475	0.116591	
0.549359	0.62917	0.708664	0.772551	0.810384	0.817768	0.7909	0.737217	0.66201	0.581281	0.498672	0.407611	0.308575	0.209289	0.126744	0.0745915	0.0549545	0.0932045	0.172191	0.260525	0.329614	0.350452	0.305382	0.178698	-0.0171072	
0.775362	0.863618	0.945162	1.00776	1.03912	1.0442	1.02375	0.973553	0.897605	0.811334	0.720521	0.626339	0.531029	0.436629	0.348943	0.281997	0.244502	0.254317	0.291239	0.329614	0.345883	0.31878	0.235346	0.0808514	-0.137054	
0.999213	1.099	1.18999	1.25778	1.29236	1.29769	1.27516	1.22065	1.13694	1.03915	0.941144	0.842277	0.740197	0.640013	0.54314	0.461852	0.405207	0.377898	0.365708	0.350452	0.31878	0.253425	0.135853	-0.0373849	-0.259322	
1.2054	1.31992	1.4184	1.49166	1.52971	1.53465	1.51152	1.45141	1.36207	1.25132	1.13997	1.03584	0.925852	0.808362	0.691282	0.57713	0.486179	0.42418	0.36585	0.305382	0.235346	0.135853	-0.00289633	-0.180577	-0.382968	
1.37918	1.50429	1.60919	1.67961	1.71738	1.7242	1.69832	1.64156	1.55003	1.42965	1.3013	1.17726	1.05286	0.918924	0.768854	0.618716	0.486398	0.381554	0.280475	0.178698	0.0808514	-0.0373849	-0.180577	-0.339691	-0.504976	
1.49191	1.63286	1.74535	1.81689	1.85012	1.85616	1.83448	1.77873	1.68237	1.55029	1.40083	1.2471	1.10012	0.943638	0.76434	0.579417	0.407703	0.260277	0.116591	-0.0171072	-0.137054	-0.259322	-0.382968	-0.504976	-0.621129	
