-0.556869	-0.526453	-0.46379	-0.354605	-0.220592	-0.092898	-0.000457764	0.0667638	0.115154	0.142702	0.143973	0.115287	0.0629212	-0.00866664	-0.088281	-0.164101	-0.231839	-0.272103	-0.271509	-0.227226	-0.153799	-0.0680639	0.0119916	0.0887553	0.171389	
-0.397084	-0.359789	-0.290618	-0.182602	-0.0602229	0.0471642	0.115927	0.148124	0.153612	0.140075	0.107506	0.0594652	0.000335824	-0.0682259	-0.139119	-0.205893	-0.259215	-0.2771	-0.259145	-0.207985	-0.136891	-0.061419	0.00249537	0.0565475	0.106231	
-0.200812	-0.164419	-0.094871	0.00810295	0.115114	0.193438	0.229832	0.219454	0.17524	0.114785	0.0505614	-0.00915618	-0.0731489	-0.142978	-0.203342	-0.254098	-0.281625	-0.27261	-0.233655	-0.175044	-0.103734	-0.0401896	0.0036595	0.030291	0.0473939	
0.00947104	0.0428111	0.1	0.181373	0.266752	0.314021	0.312306	0.263036	0.17481	0.0689035	-0.0240296	-0.0948625	-0.16077	-0.224736	-0.275825	-0.301326	-0.295796	-0.258726	-0.202688	-0.1371	-0.0622085	-0.00705895	0.0151156	0.0128289	-0.00275019	
0.217405	0.245231	0.284797	0.333906	0.378795	0.386881	0.348073	0.260222	0.134018	-0.00150786	-0.116939	-0.200044	-0.264505	-0.318225	-0.353169	-0.352888	-0.313973	-0.247267	-0.173954	-0.0919776	-0.0118999	0.0367325	0.0422638	0.013391	-0.0327462	
0.422936	0.440148	0.455102	0.463079	0.453345	0.413176	0.335772	0.212349	0.0526071	-0.109085	-0.241026	-0.330968	-0.390793	-0.424067	-0.428262	-0.397252	-0.326475	-0.236568	-0.140284	-0.0392619	0.0477931	0.0903792	0.0847889	0.0370344	-0.0331106	
0.585007	0.593924	0.585923	0.559427	0.497418	0.401011	0.275669	0.122056	-0.0594328	-0.239084	-0.38159	-0.476284	-0.527999	-0.533457	-0.49956	-0.421919	-0.312695	-0.19357	-0.0751527	0.0401784	0.125247	0.160217	0.145837	0.0831675	-0.00217429	
0.689356	0.691755	0.665177	0.609955	0.512166	0.369536	0.200733	0.0203651	-0.17354	-0.360068	-0.509241	-0.601963	-0.637748	-0.610806	-0.533926	-0.414054	-0.26873	-0.116191	0.0257103	0.148739	0.227913	0.25576	0.23348	0.156772	0.0568659	
0.744669	0.747059	0.711183	0.636441	0.511592	0.336838	0.141981	-0.059537	-0.26151	-0.442204	-0.589131	-0.679605	-0.695574	-0.638234	-0.524255	-0.367842	-0.194182	-0.0170608	0.145815	0.267399	0.336085	0.358863	0.335579	0.255193	0.149982	
0.749028	0.757722	0.721161	0.637287	0.501165	0.310982	0.102704	-0.105365	-0.309939	-0.48795	-0.625684	-0.701082	-0.697684	-0.616008	-0.471895	-0.289368	-0.0939094	0.100255	0.26596	0.378676	0.434471	0.448888	0.429649	0.358611	0.259436	
0.712858	0.736441	0.707362	0.62068	0.482772	0.290847	0.0805413	-0.130004	-0.330994	-0.501214	-0.627948	-0.687747	-0.662146	-0.558396	-0.396488	-0.192129	0.0260601	0.22917	0.389434	0.490145	0.530951	0.534967	0.515754	0.451548	0.360819	
0.650806	0.693755	0.675755	0.595821	0.466499	0.287015	0.0788505	-0.131778	-0.32606	-0.482621	-0.595649	-0.641673	-0.601358	-0.482455	-0.304509	-0.0858637	0.146834	0.355828	0.509114	0.598157	0.625932	0.617796	0.590189	0.533876	0.456583	
0.580265	0.647716	0.650132	0.587918	0.472903	0.305684	0.100155	-0.10974	-0.30266	-0.450958	-0.544406	-0.575137	-0.523929	-0.394956	-0.206451	0.0157522	0.249851	0.452879	0.597956	0.687954	0.713215	0.697876	0.66414	0.611765	0.550493	
0.515474	0.614681	0.642739	0.595768	0.490773	0.329445	0.125019	-0.0863383	-0.276888	-0.420684	-0.501888	-0.511407	-0.446533	-0.308005	-0.113296	0.110069	0.333922	0.523189	0.659632	0.746573	0.778005	0.76364	0.727301	0.68115	0.634498	
0.457358	0.593253	0.641806	0.607907	0.50332	0.338015	0.131188	-0.0830447	-0.269902	-0.407198	-0.477921	-0.468989	-0.384542	-0.23061	-0.0270461	0.196355	0.404504	0.576555	0.696402	0.76986	0.80025	0.791683	0.763143	0.728314	0.700966	
0.408615	0.568627	0.641412	0.615442	0.501921	0.322976	0.113073	-0.0992905	-0.282782	-0.411307	-0.468145	-0.442356	-0.33957	-0.170268	0.0403722	0.258495	0.452107	0.599919	0.700839	0.759903	0.783875	0.784187	0.772869	0.754847	0.746443	
0.361759	0.535509	0.621978	0.60002	0.477318	0.286765	0.0746214	-0.13311	-0.309373	-0.429478	-0.474917	-0.433673	-0.315878	-0.139315	0.0684333	0.277858	0.451092	0.578772	0.66454	0.715354	0.744155	0.758886	0.766557	0.76949	0.778543	
0.29503	0.476794	0.563445	0.541341	0.416249	0.22635	0.0136901	-0.187364	-0.350978	-0.459007	-0.495641	-0.450706	-0.331603	-0.159298	0.035955	0.232351	0.39317	0.514979	0.599305	0.656639	0.703699	0.738115	0.76662	0.788321	0.80588	
0.182412	0.361782	0.448633	0.428383	0.312415	0.13704	-0.0629009	-0.250978	-0.404104	-0.499875	-0.528053	-0.487641	-0.382866	-0.226548	-0.0497156	0.134501	0.29564	0.423868	0.522456	0.598946	0.666532	0.72617	0.776344	0.814625	0.837814	
0.033045	0.200635	0.289587	0.288008	0.191598	0.0382192	-0.14384	-0.317286	-0.456842	-0.545192	-0.567204	-0.53399	-0.448403	-0.314381	-0.153813	0.0223504	0.191089	0.337902	0.45748	0.557378	0.643864	0.724142	0.79438	0.847596	0.882636	
-0.1345	0.0170573	0.111035	0.132582	0.0703679	-0.0558704	-0.21939	-0.377525	-0.501322	-0.581638	-0.60811	-0.580013	-0.505636	-0.38324	-0.230239	-0.0631165	0.106663	0.266293	0.407945	0.530941	0.638053	0.735608	0.818784	0.882447	0.92742	
-0.305047	-0.165147	-0.0646343	-0.0199822	-0.0455789	-0.13497	-0.261556	-0.402059	-0.520304	-0.59406	-0.625515	-0.604243	-0.534535	-0.421129	-0.272592	-0.111952	0.0542389	0.223118	0.382952	0.523776	0.64743	0.751911	0.839786	0.908514	0.959177	
-0.465915	-0.32088	-0.207466	-0.147925	-0.137976	-0.179537	-0.25926	-0.366406	-0.47803	-0.560696	-0.595668	-0.579723	-0.518892	-0.414817	-0.273699	-0.120028	0.0430428	0.21274	0.375967	0.52311	0.651105	0.75649	0.845594	0.913379	0.956234	
-0.602956	-0.452354	-0.314616	-0.220613	-0.171751	-0.172603	-0.212124	-0.288796	-0.385514	-0.466373	-0.501176	-0.495448	-0.442721	-0.35286	-0.227599	-0.0811948	0.0790774	0.240716	0.39433	0.528896	0.639077	0.732908	0.80854	0.864282	0.892141	
-0.704016	-0.540586	-0.374826	-0.238932	-0.153128	-0.116536	-0.124638	-0.17637	-0.250946	-0.318437	-0.356668	-0.358246	-0.316634	-0.236031	-0.118846	0.0177659	0.160034	0.29895	0.429159	0.539789	0.623376	0.688166	0.726515	0.748712	0.74366	
-0.751701	-0.580522	-0.391254	-0.220678	-0.099282	-0.0263561	-0.0014457	-0.0236429	-0.0742365	-0.123756	-0.164736	-0.178594	-0.154009	-0.0873457	0.0242138	0.143098	0.26256	0.371119	0.470292	0.549323	0.599877	0.616685	0.602802	0.578367	0.534192	
-0.752111	-0.585229	-0.378291	-0.182894	-0.0220072	0.0856801	0.137315	0.142906	0.119117	0.0848521	0.045174	0.0237266	0.0332623	0.0835351	0.170076	0.26031	0.351866	0.433009	0.500085	0.543037	0.552004	0.519005	0.459044	0.392584	0.313003	
-0.729458	-0.56195	-0.345563	-0.130657	0.0533075	0.188165	0.264067	0.287537	0.290076	0.270303	0.242818	0.219162	0.222236	0.252639	0.302656	0.360724	0.420954	0.484753	0.527087	0.53021	0.494976	0.421384	0.327262	0.232183	0.130932	
-0.698641	-0.527631	-0.303941	-0.0811957	0.112365	0.264426	0.362179	0.403518	0.4205	0.416532	0.399462	0.378357	0.380399	0.399625	0.418163	0.442157	0.474794	0.518741	0.546105	0.521416	0.450358	0.346894	0.225151	0.111364	-0.00647931	
-0.668732	-0.497654	-0.277081	-0.0488343	0.150192	0.310434	0.417561	0.479518	0.509992	0.517897	0.499085	0.477953	0.479929	0.493563	0.496882	0.492855	0.505091	0.535944	0.555202	0.520686	0.434652	0.310666	0.16796	0.0393719	-0.0920726	
-0.662622	-0.491763	-0.272994	-0.0430821	0.157998	0.319225	0.426693	0.493269	0.527587	0.537611	0.517115	0.495456	0.497013	0.51022	0.511571	0.501643	0.510165	0.53842	0.556845	0.520726	0.433436	0.305577	0.158089	0.0269204	-0.107682	
-0.685611	-0.514465	-0.290386	-0.0655658	0.13088	0.287223	0.389941	0.440128	0.462001	0.464672	0.447443	0.426645	0.428791	0.445348	0.455645	0.467189	0.489801	0.527229	0.550821	0.520159	0.440791	0.328103	0.196192	0.0761402	-0.0479836	
-0.717551	-0.548535	-0.328564	-0.109457	0.0785487	0.221657	0.307414	0.33766	0.346701	0.333337	0.311552	0.288653	0.291156	0.315631	0.351287	0.395591	0.444205	0.500894	0.535788	0.52617	0.474491	0.387446	0.282133	0.178575	0.0703171	
-0.744483	-0.578609	-0.367315	-0.163178	0.00997046	0.129949	0.190564	0.204159	0.1923	0.162407	0.126826	0.104364	0.110153	0.152849	0.225319	0.302081	0.381742	0.455158	0.511656	0.537875	0.528716	0.47847	0.403314	0.324058	0.234614	
-0.755893	-0.58659	-0.38896	-0.207033	-0.0702654	0.0174721	0.0541108	0.0434823	0.00365111	-0.0388788	-0.0803321	-0.0986865	-0.0808504	-0.0203512	0.0831813	0.191812	0.300969	0.397479	0.483692	0.548877	0.583488	0.5795	0.545887	0.503083	0.44368	
-0.729796	-0.561269	-0.385735	-0.234835	-0.135012	-0.0840597	-0.0792467	-0.119502	-0.184794	-0.245391	-0.285266	-0.290427	-0.255825	-0.179702	-0.063414	0.0673447	0.200145	0.327229	0.44529	0.544027	0.616146	0.66324	0.68116	0.685556	0.664286	
-0.649165	-0.494814	-0.345486	-0.233697	-0.169311	-0.155441	-0.182146	-0.248675	-0.336865	-0.412961	-0.448714	-0.446739	-0.39706	-0.312378	-0.191059	-0.0480711	0.107111	0.261503	0.407603	0.533233	0.633253	0.717475	0.781148	0.826249	0.843322	
-0.523811	-0.376626	-0.254297	-0.184833	-0.159439	-0.183181	-0.245377	-0.338442	-0.445922	-0.529717	-0.565344	-0.553397	-0.495601	-0.396717	-0.26203	-0.111053	0.051113	0.219122	0.379511	0.524256	0.647006	0.750148	0.836638	0.901512	0.939635	
-0.37197	-0.230462	-0.126157	-0.0755902	-0.087718	-0.158201	-0.265845	-0.394853	-0.51097	-0.587745	-0.620387	-0.601049	-0.534198	-0.42516	-0.2783	-0.120195	0.0443704	0.21536	0.378592	0.523138	0.651183	0.756385	0.845216	0.914494	0.964001	
-0.202845	-0.0580382	0.0386116	0.0698459	0.0231332	-0.090734	-0.241391	-0.393888	-0.514617	-0.590558	-0.620013	-0.594194	-0.52183	-0.402545	-0.250904	-0.0870938	0.0814585	0.245251	0.394457	0.526294	0.641538	0.742242	0.82852	0.894816	0.942132	
-0.0321918	0.128789	0.218905	0.227045	0.143017	-0.000330561	-0.176118	-0.343443	-0.47591	-0.560709	-0.583689	-0.553393	-0.473215	-0.345975	-0.188787	-0.0162997	0.153293	0.30695	0.435525	0.544449	0.639538	0.726795	0.803173	0.861348	0.901797	
0.12563	0.301445	0.389498	0.37442	0.2646	0.0977277	-0.0952963	-0.277138	-0.425604	-0.518295	-0.543029	-0.505572	-0.408741	-0.261039	-0.0917963	0.0882749	0.253014	0.387279	0.494586	0.580023	0.655336	0.724249	0.782434	0.827546	0.854582	
0.255806	0.437557	0.523681	0.501771	0.37895	0.193316	-0.0163334	-0.212248	-0.371558	-0.473974	-0.507673	-0.464046	-0.348456	-0.18171	0.00623313	0.198071	0.357177	0.480956	0.568548	0.632684	0.687709	0.732004	0.769391	0.79814	0.817672	
0.339598	0.517668	0.604651	0.583029	0.458845	0.266505	0.0531626	-0.152727	-0.324185	-0.440206	-0.4821	-0.437331	-0.316786	-0.140444	0.0632501	0.267783	0.433798	0.55798	0.640532	0.692329	0.727822	0.74906	0.764901	0.775938	0.78909	
0.390397	0.556304	0.637677	0.613007	0.494989	0.310811	0.100352	-0.110517	-0.291286	-0.416272	-0.468698	-0.43582	-0.326483	-0.153271	0.0580071	0.272714	0.458849	0.596926	0.691317	0.745719	0.769884	0.77527	0.77109	0.761313	0.760703	
0.43743	0.58398	0.641904	0.612852	0.505134	0.335092	0.126133	-0.0876504	-0.273283	-0.407007	-0.472824	-0.457408	-0.364991	-0.204012	0.00303236	0.225002	0.42779	0.590491	0.70228	0.769733	0.797219	0.791871	0.769809	0.740843	0.721516	
0.491389	0.605306	0.641512	0.600468	0.497068	0.335409	0.129889	-0.0822278	-0.271275	-0.412888	-0.489947	-0.491239	-0.419403	-0.27506	-0.0775534	0.146079	0.36395	0.547169	0.677619	0.759991	0.792635	0.780334	0.745524	0.703616	0.663539	
0.55296	0.632488	0.645964	0.589974	0.479497	0.316346	0.111948	-0.0985967	-0.291435	-0.43817	-0.525309	-0.548447	-0.491432	-0.359685	-0.168482	0.0545779	0.285053	0.483585	0.625712	0.715648	0.743198	0.727014	0.691643	0.640945	0.58578	
0.623312	0.674548	0.663348	0.589509	0.466754	0.292077	0.0853675	-0.124871	-0.318271	-0.47037	-0.575948	-0.616221	-0.572212	-0.447863	-0.265151	-0.0443615	0.190679	0.398902	0.548987	0.637539	0.66256	0.650306	0.619407	0.565205	0.494491	
0.690089	0.72183	0.695577	0.610389	0.474216	0.286827	0.0765762	-0.134921	-0.331838	-0.497125	-0.61895	-0.6735	-0.639882	-0.529826	-0.360923	-0.149864	0.07526	0.281217	0.439345	0.534369	0.569481	0.568603	0.546811	0.48513	0.399759	
