0.210245	0.361494	0.513015	0.649547	0.759757	0.812042	0.809523	0.783593	0.752852	0.701953	0.640571	0.592315	0.571237	0.553166	0.53655	0.529363	0.516137	0.483206	0.426483	0.351962	0.26545	0.165476	0.0545056	-0.0497965	-0.127106	
0.361494	0.489141	0.630271	0.768225	0.875956	0.920762	0.908778	0.874755	0.837603	0.777984	0.709588	0.658619	0.624957	0.595124	0.563687	0.53586	0.495094	0.433237	0.350513	0.262472	0.171296	0.0702995	-0.0326952	-0.123813	-0.183235	
0.513015	0.630271	0.763012	0.89506	0.99507	1.03585	1.02612	0.990206	0.940645	0.871859	0.795227	0.732861	0.68137	0.632799	0.587517	0.53407	0.462687	0.366514	0.254173	0.144504	0.0416473	-0.0575204	-0.14868	-0.215383	-0.244521	
0.649547	0.768225	0.89506	1.0171	1.11156	1.15039	1.14332	1.10995	1.05133	0.976722	0.896779	0.821603	0.751494	0.680583	0.605144	0.520855	0.417671	0.287248	0.14929	0.0152342	-0.100497	-0.20276	-0.283765	-0.323659	-0.318062	
0.759757	0.875956	0.99507	1.11156	1.20015	1.24234	1.241	1.2154	1.15693	1.08024	0.998321	0.913774	0.823626	0.72426	0.609129	0.487704	0.35317	0.197658	0.036889	-0.114781	-0.243317	-0.344547	-0.416804	-0.43877	-0.404577	
0.812042	0.920762	1.03585	1.15039	1.24234	1.29728	1.30802	1.29389	1.24486	1.16371	1.07375	0.979437	0.869857	0.73379	0.577628	0.419124	0.259233	0.0881773	-0.0919036	-0.252613	-0.385791	-0.484723	-0.546807	-0.555329	-0.503571	
0.809523	0.908778	1.02612	1.14332	1.241	1.30802	1.33804	1.33145	1.28687	1.21544	1.12682	1.01957	0.877637	0.702806	0.511083	0.320809	0.138513	-0.0418405	-0.225537	-0.393384	-0.525421	-0.616501	-0.668023	-0.663552	-0.60287	
0.783593	0.874755	0.990206	1.10995	1.2154	1.29389	1.33145	1.325	1.28991	1.23159	1.14595	1.02134	0.854449	0.647923	0.420765	0.196917	-0.00439556	-0.188259	-0.364034	-0.522011	-0.639267	-0.71884	-0.755434	-0.740314	-0.673889	
0.752852	0.837603	0.940645	1.05133	1.15693	1.24486	1.28687	1.28991	1.26802	1.21921	1.13258	0.995102	0.810409	0.58111	0.324899	0.0733171	-0.145876	-0.335838	-0.499537	-0.634528	-0.732814	-0.794952	-0.808626	-0.777637	-0.70213	
0.701953	0.777984	0.871859	0.976722	1.08024	1.16371	1.21544	1.23159	1.21921	1.17027	1.06923	0.920872	0.728761	0.486273	0.212404	-0.0537034	-0.282508	-0.468952	-0.617193	-0.724792	-0.800146	-0.838307	-0.835089	-0.784411	-0.689713	
0.640571	0.709588	0.795227	0.896779	0.998321	1.07375	1.12682	1.14595	1.13258	1.06923	0.953152	0.800948	0.601765	0.354515	0.0768006	-0.184441	-0.410328	-0.58518	-0.710294	-0.787852	-0.829179	-0.83729	-0.81254	-0.74701	-0.646172	
0.592315	0.658619	0.732861	0.821603	0.913774	0.979437	1.01957	1.02134	0.995102	0.920872	0.800948	0.642868	0.439234	0.190976	-0.0830346	-0.337868	-0.543432	-0.694848	-0.783912	-0.822559	-0.826441	-0.801031	-0.749927	-0.680261	-0.581065	
0.571237	0.624957	0.68137	0.751494	0.823626	0.869857	0.877637	0.854449	0.810409	0.728761	0.601765	0.439234	0.238861	-0.000524436	-0.25395	-0.488358	-0.66757	-0.781624	-0.834701	-0.840991	-0.812385	-0.75522	-0.677588	-0.594636	-0.493401	
0.553166	0.595124	0.632799	0.680583	0.72426	0.73379	0.702806	0.647923	0.58111	0.486273	0.354515	0.190976	-0.000524436	-0.212891	-0.419009	-0.607354	-0.745673	-0.820082	-0.843089	-0.822391	-0.772313	-0.692949	-0.598006	-0.500861	-0.393814	
0.53655	0.563687	0.587517	0.605144	0.609129	0.577628	0.511083	0.420765	0.324899	0.212404	0.0768006	-0.0830346	-0.25395	-0.419009	-0.564919	-0.687657	-0.769679	-0.803993	-0.79867	-0.756751	-0.696353	-0.614333	-0.518696	-0.416887	-0.304657	
0.529363	0.53586	0.53407	0.520855	0.487704	0.419124	0.320809	0.196917	0.0733171	-0.0537034	-0.184441	-0.337868	-0.488358	-0.607354	-0.687657	-0.732591	-0.750212	-0.747751	-0.722639	-0.673233	-0.609101	-0.531963	-0.44107	-0.342432	-0.227941	
0.516137	0.495094	0.462687	0.417671	0.35317	0.259233	0.138513	-0.00439556	-0.145876	-0.282508	-0.410328	-0.543432	-0.66757	-0.745673	-0.769679	-0.750212	-0.716004	-0.674501	-0.633325	-0.587075	-0.52342	-0.450427	-0.367339	-0.271764	-0.155778	
0.483206	0.433237	0.366514	0.287248	0.197658	0.0881773	-0.0418405	-0.188259	-0.335838	-0.468952	-0.58518	-0.694848	-0.781624	-0.820082	-0.803993	-0.747751	-0.674501	-0.603287	-0.548365	-0.497087	-0.44059	-0.37779	-0.30541	-0.215089	-0.104814	
0.426483	0.350513	0.254173	0.14929	0.036889	-0.0919036	-0.225537	-0.364034	-0.499537	-0.617193	-0.710294	-0.783912	-0.834701	-0.843089	-0.79867	-0.722639	-0.633325	-0.548365	-0.475036	-0.418747	-0.371489	-0.323941	-0.266019	-0.190561	-0.100008	
0.351962	0.262472	0.144504	0.0152342	-0.114781	-0.252613	-0.393384	-0.522011	-0.634528	-0.724792	-0.787852	-0.822559	-0.840991	-0.822391	-0.756751	-0.673233	-0.587075	-0.497087	-0.418747	-0.365242	-0.329663	-0.302044	-0.266054	-0.210556	-0.141027	
0.26545	0.171296	0.0416473	-0.100497	-0.243317	-0.385791	-0.525421	-0.639267	-0.732814	-0.800146	-0.829179	-0.826441	-0.812385	-0.772313	-0.696353	-0.609101	-0.52342	-0.44059	-0.371489	-0.329663	-0.314755	-0.307881	-0.292205	-0.256496	-0.200882	
0.165476	0.0702995	-0.0575204	-0.20276	-0.344547	-0.484723	-0.616501	-0.71884	-0.794952	-0.838307	-0.83729	-0.801031	-0.75522	-0.692949	-0.614333	-0.531963	-0.450427	-0.37779	-0.323941	-0.302044	-0.307881	-0.315897	-0.319042	-0.300428	-0.25312	
0.0545056	-0.0326952	-0.14868	-0.283765	-0.416804	-0.546807	-0.668023	-0.755434	-0.808626	-0.835089	-0.81254	-0.749927	-0.677588	-0.598006	-0.518696	-0.44107	-0.367339	-0.30541	-0.266019	-0.266054	-0.292205	-0.319042	-0.335111	-0.325059	-0.28072	
-0.0497965	-0.123813	-0.215383	-0.323659	-0.43877	-0.555329	-0.663552	-0.740314	-0.777637	-0.784411	-0.74701	-0.680261	-0.594636	-0.500861	-0.416887	-0.342432	-0.271764	-0.215089	-0.190561	-0.210556	-0.256496	-0.300428	-0.325059	-0.319113	-0.274824	
-0.127106	-0.183235	-0.244521	-0.318062	-0.404577	-0.503571	-0.60287	-0.673889	-0.70213	-0.689713	-0.646172	-0.581065	-0.493401	-0.393814	-0.304657	-0.227941	-0.155778	-0.104814	-0.100008	-0.141027	-0.200882	-0.25312	-0.28072	-0.274824	-0.235593	
-0.169757	-0.198299	-0.233001	-0.277995	-0.342465	-0.429238	-0.513875	-0.57521	-0.593724	-0.570961	-0.528836	-0.464219	-0.37892	-0.28629	-0.195118	-0.113617	-0.0413309	0.000240345	-0.0101269	-0.0631504	-0.130754	-0.184634	-0.21369	-0.209846	-0.170119	
-0.197907	-0.20079	-0.20772	-0.232211	-0.283758	-0.355995	-0.42503	-0.471453	-0.477081	-0.448161	-0.405624	-0.344527	-0.265314	-0.174301	-0.0861276	-0.00613545	0.057457	0.088266	0.0626267	0.00326638	-0.0571358	-0.111355	-0.138578	-0.129388	-0.0807562	
-0.211367	-0.195997	-0.185078	-0.19425	-0.23496	-0.296355	-0.347319	-0.37237	-0.363741	-0.329909	-0.28951	-0.236547	-0.162445	-0.0788504	0.00753486	0.0851272	0.138197	0.149576	0.113658	0.0583951	0.00235244	-0.0428078	-0.0602189	-0.0406761	0.0198458	
-0.210709	-0.180316	-0.159896	-0.166284	-0.195772	-0.23944	-0.271521	-0.277971	-0.257104	-0.230823	-0.202821	-0.155804	-0.0870492	-0.00824008	0.0743903	0.145726	0.186631	0.185671	0.147884	0.09358	0.0426441	0.012041	0.00976927	0.0392231	0.108424	
-0.204013	-0.168363	-0.143373	-0.146546	-0.167819	-0.196774	-0.21563	-0.212788	-0.189083	-0.168234	-0.141741	-0.100672	-0.0374155	0.0350157	0.10914	0.175255	0.209763	0.2022	0.160005	0.106629	0.0610936	0.0439453	0.0582543	0.0938449	0.163465	
-0.203211	-0.166941	-0.141298	-0.141379	-0.162624	-0.189845	-0.205577	-0.200538	-0.175561	-0.157616	-0.130335	-0.090236	-0.0268665	0.0436291	0.114395	0.178747	0.213156	0.204915	0.16191	0.107192	0.0631112	0.0492408	0.0670554	0.103997	0.174086	
-0.208047	-0.17351	-0.151476	-0.158124	-0.183654	-0.219298	-0.244365	-0.246354	-0.224749	-0.20067	-0.173923	-0.129956	-0.0639372	0.0122385	0.0918793	0.161522	0.198664	0.194453	0.154386	0.100706	0.052591	0.0280409	0.0324795	0.0647882	0.134538	
-0.212544	-0.19041	-0.175102	-0.181545	-0.217779	-0.273397	-0.317065	-0.333084	-0.318619	-0.28716	-0.252479	-0.200595	-0.128189	-0.0474547	0.0377899	0.113534	0.161335	0.167076	0.130181	0.0756394	0.0210059	-0.0185282	-0.0302485	-0.00642451	0.0582741	
-0.205711	-0.200056	-0.198238	-0.215755	-0.263157	-0.331092	-0.392097	-0.431301	-0.432055	-0.399434	-0.356583	-0.299299	-0.222685	-0.13318	-0.0453719	0.0332245	0.0924563	0.115834	0.0852476	0.0272482	-0.0309877	-0.0829917	-0.107719	-0.0942335	-0.040624	
-0.182051	-0.200105	-0.222961	-0.259443	-0.317858	-0.398309	-0.477791	-0.532978	-0.546056	-0.521941	-0.479576	-0.416241	-0.33272	-0.241186	-0.151273	-0.0696102	-0.000238931	0.0380161	0.0217317	-0.0350514	-0.100645	-0.15597	-0.184508	-0.179273	-0.13667	
-0.147378	-0.193109	-0.243698	-0.304491	-0.380927	-0.475254	-0.56826	-0.636824	-0.661901	-0.644096	-0.60056	-0.535354	-0.447996	-0.351005	-0.259846	-0.181561	-0.108075	-0.0613597	-0.0629987	-0.109587	-0.174724	-0.227048	-0.255061	-0.250861	-0.212124	
-0.0853397	-0.153554	-0.231804	-0.326518	-0.430775	-0.539597	-0.645343	-0.719526	-0.752329	-0.750824	-0.710159	-0.643556	-0.557088	-0.458762	-0.373019	-0.298102	-0.226828	-0.171469	-0.155469	-0.184599	-0.236026	-0.284842	-0.311167	-0.304919	-0.262844	
0.010986	-0.0711306	-0.179555	-0.305144	-0.433023	-0.558732	-0.673803	-0.755802	-0.801719	-0.820722	-0.791172	-0.725221	-0.644986	-0.559352	-0.478973	-0.40329	-0.331603	-0.272712	-0.238595	-0.245865	-0.281181	-0.315009	-0.335256	-0.327433	-0.282658	
0.120709	0.0287361	-0.0957647	-0.238541	-0.377605	-0.513935	-0.642397	-0.739034	-0.805678	-0.84256	-0.831811	-0.782892	-0.725619	-0.655685	-0.576692	-0.496619	-0.418414	-0.349872	-0.302018	-0.290024	-0.303341	-0.318732	-0.327102	-0.312971	-0.267372	
0.228146	0.132352	0.00201103	-0.142652	-0.286455	-0.430014	-0.5663	-0.675711	-0.76309	-0.81964	-0.836702	-0.820268	-0.792795	-0.744406	-0.666268	-0.580098	-0.49527	-0.41647	-0.352927	-0.31764	-0.311985	-0.311333	-0.303611	-0.275356	-0.224175	
0.317774	0.225832	0.102079	-0.0334834	-0.169579	-0.309681	-0.450957	-0.574174	-0.678062	-0.759293	-0.808451	-0.827233	-0.832961	-0.804784	-0.734512	-0.64924	-0.56359	-0.475026	-0.399178	-0.350303	-0.321644	-0.302516	-0.274956	-0.22724	-0.164545	
0.399264	0.315657	0.209306	0.0941011	-0.0251702	-0.159563	-0.296903	-0.431126	-0.557476	-0.664313	-0.745858	-0.804794	-0.842358	-0.83966	-0.784997	-0.704573	-0.616509	-0.528552	-0.451322	-0.39403	-0.350836	-0.310989	-0.260848	-0.194163	-0.112743	
0.462766	0.40189	0.322432	0.232724	0.132557	0.0161074	-0.114659	-0.259232	-0.404131	-0.53348	-0.642169	-0.738221	-0.809028	-0.835051	-0.806872	-0.741207	-0.657732	-0.578928	-0.516399	-0.463324	-0.410343	-0.352987	-0.285704	-0.200252	-0.0957209	
0.505918	0.47314	0.427081	0.367651	0.292826	0.192747	0.0670617	-0.079724	-0.225555	-0.361872	-0.485787	-0.610156	-0.721169	-0.782501	-0.788264	-0.751391	-0.699315	-0.645284	-0.598706	-0.551085	-0.489119	-0.419916	-0.34115	-0.246388	-0.132019	
0.525684	0.521177	0.508578	0.482982	0.436389	0.355451	0.246542	0.114312	-0.017994	-0.150835	-0.280374	-0.426678	-0.567333	-0.670522	-0.72702	-0.742795	-0.737525	-0.719148	-0.687247	-0.639395	-0.575148	-0.498813	-0.410434	-0.313513	-0.1979	
0.53253	0.55322	0.567565	0.572412	0.560969	0.514586	0.434559	0.328759	0.22084	0.103218	-0.031057	-0.189352	-0.352683	-0.497496	-0.617031	-0.708784	-0.765446	-0.785374	-0.771163	-0.723453	-0.660895	-0.581261	-0.488026	-0.386383	-0.273057	
0.54574	0.581764	0.614628	0.651581	0.679978	0.672167	0.625873	0.558156	0.4808	0.378841	0.244161	0.0821159	-0.10155	-0.296628	-0.480146	-0.643566	-0.761846	-0.819462	-0.830679	-0.800971	-0.745586	-0.662619	-0.565892	-0.465622	-0.355854	
0.564384	0.613983	0.661516	0.723107	0.785228	0.818766	0.811731	0.776058	0.723178	0.637161	0.509097	0.344778	0.146262	-0.0845893	-0.321695	-0.541179	-0.705194	-0.804018	-0.844753	-0.83913	-0.800342	-0.732856	-0.646688	-0.557117	-0.454046	
0.581681	0.643429	0.711577	0.792747	0.878986	0.938759	0.96695	0.959984	0.92718	0.849584	0.726608	0.567723	0.365029	0.117615	-0.151184	-0.400353	-0.596555	-0.733428	-0.807279	-0.833035	-0.822241	-0.783414	-0.721427	-0.648134	-0.548377	
0.618499	0.686918	0.767828	0.866	0.964843	1.03625	1.0876	1.1017	1.08347	1.01485	0.896492	0.741677	0.540647	0.292087	0.015244	-0.24339	-0.462022	-0.630045	-0.742125	-0.804184	-0.831113	-0.825641	-0.790359	-0.722611	-0.62244	
