0.0921778	-0.0466348	-0.15495	-0.197387	-0.187833	-0.150916	-0.0997296	-0.029693	0.0363898	0.0882305	0.125353	0.162992	0.19503	0.212144	0.196356	0.150982	0.0954531	0.0479366	0.01748	0.0029887	0.0149433	0.0324803	0.0566497	0.103364	0.165705	
-0.0466348	-0.207728	-0.325855	-0.380603	-0.38476	-0.351986	-0.28705	-0.205888	-0.124316	-0.0590726	-0.00425367	0.0598148	0.126785	0.185854	0.202845	0.189432	0.154482	0.122319	0.103106	0.0983515	0.119296	0.14101	0.16697	0.200477	0.245339	
-0.15495	-0.325855	-0.455017	-0.525824	-0.541397	-0.518334	-0.457423	-0.378316	-0.292617	-0.21344	-0.137977	-0.0429989	0.0561764	0.141705	0.191885	0.210782	0.205565	0.189716	0.180978	0.184694	0.212155	0.246808	0.275851	0.296777	0.317863	
-0.197387	-0.380603	-0.525824	-0.607387	-0.634182	-0.622202	-0.582414	-0.520299	-0.442449	-0.357773	-0.262765	-0.153775	-0.0361795	0.0696116	0.15508	0.207644	0.226517	0.226742	0.230262	0.25385	0.293136	0.337412	0.365835	0.373516	0.379121	
-0.187833	-0.38476	-0.541397	-0.634182	-0.674698	-0.67185	-0.651438	-0.608809	-0.546916	-0.46991	-0.381094	-0.276975	-0.151798	-0.0269877	0.0801459	0.157101	0.201297	0.225743	0.253567	0.297731	0.350075	0.399601	0.431643	0.437756	0.432477	
-0.150916	-0.351986	-0.518334	-0.622202	-0.67185	-0.686967	-0.686984	-0.665592	-0.61962	-0.564272	-0.492082	-0.396821	-0.277106	-0.148682	-0.0303947	0.0714459	0.147406	0.203471	0.258282	0.321658	0.385601	0.440067	0.477359	0.486782	0.477918	
-0.0997296	-0.28705	-0.457423	-0.582414	-0.651438	-0.686984	-0.701712	-0.699758	-0.677674	-0.641584	-0.584092	-0.50026	-0.392495	-0.270025	-0.146969	-0.0314898	0.074626	0.163922	0.248387	0.334051	0.410029	0.467287	0.50386	0.516544	0.507262	
-0.029693	-0.205888	-0.378316	-0.520299	-0.608809	-0.665592	-0.699758	-0.715816	-0.721494	-0.698338	-0.648413	-0.572782	-0.477617	-0.368432	-0.251233	-0.131606	-0.00899527	0.109199	0.221837	0.328989	0.416063	0.475423	0.512848	0.523741	0.510581	
0.0363898	-0.124316	-0.292617	-0.442449	-0.546916	-0.61962	-0.677674	-0.721494	-0.741626	-0.724195	-0.678731	-0.610936	-0.52553	-0.429015	-0.323907	-0.206609	-0.079689	0.0539111	0.181296	0.300296	0.397051	0.463848	0.499031	0.502591	0.482676	
0.0882305	-0.0590726	-0.21344	-0.357773	-0.46991	-0.564272	-0.641584	-0.698338	-0.724195	-0.712776	-0.671162	-0.603224	-0.523674	-0.436762	-0.339709	-0.230259	-0.111589	0.0143199	0.141855	0.261298	0.35904	0.425867	0.452193	0.449434	0.422377	
0.125353	-0.00425367	-0.137977	-0.262765	-0.381094	-0.492082	-0.584092	-0.648413	-0.678731	-0.671162	-0.628668	-0.557363	-0.474919	-0.39234	-0.297204	-0.197419	-0.0902715	0.0195655	0.133734	0.236989	0.31548	0.369014	0.382159	0.3662	0.322363	
0.162992	0.0598148	-0.0429989	-0.153775	-0.276975	-0.396821	-0.50026	-0.572782	-0.610936	-0.603224	-0.557363	-0.478463	-0.394346	-0.31172	-0.21953	-0.121791	-0.0227914	0.0703347	0.157132	0.228893	0.279044	0.304588	0.293704	0.246014	0.179243	
0.19503	0.126785	0.0561764	-0.0361795	-0.151798	-0.277106	-0.392495	-0.477617	-0.52553	-0.523674	-0.474919	-0.394346	-0.310746	-0.221456	-0.126459	-0.023594	0.0699831	0.146678	0.204719	0.244933	0.263148	0.245415	0.19108	0.103936	0.00574522	
0.212144	0.185854	0.141705	0.0696116	-0.0269877	-0.148682	-0.270025	-0.368432	-0.429015	-0.436762	-0.39234	-0.31172	-0.221456	-0.124092	-0.0235931	0.0822061	0.174503	0.233527	0.261557	0.269251	0.248774	0.185642	0.0825341	-0.044009	-0.178072	
0.196356	0.202845	0.191885	0.15508	0.0801459	-0.0303947	-0.146969	-0.251233	-0.323907	-0.339709	-0.297204	-0.21953	-0.126459	-0.0235931	0.086904	0.194527	0.2778	0.314871	0.312308	0.284111	0.224206	0.120025	-0.0257463	-0.187828	-0.347402	
0.150982	0.189432	0.210782	0.207644	0.157101	0.0714459	-0.0314898	-0.131606	-0.206609	-0.230259	-0.197419	-0.121791	-0.023594	0.0822061	0.194527	0.29251	0.357386	0.369568	0.339123	0.27673	0.180303	0.0398546	-0.138131	-0.320998	-0.489448	
0.0954531	0.154482	0.205565	0.226517	0.201297	0.147406	0.074626	-0.00899527	-0.079689	-0.111589	-0.0902715	-0.0227914	0.0699831	0.174503	0.2778	0.357386	0.392285	0.38254	0.328168	0.2376	0.109725	-0.0562907	-0.246442	-0.442201	-0.611491	
0.0479366	0.122319	0.189716	0.226742	0.225743	0.203471	0.163922	0.109199	0.0539111	0.0143199	0.0195655	0.0703347	0.146678	0.233527	0.314871	0.369568	0.38254	0.347752	0.268775	0.152962	0.00665403	-0.167323	-0.362758	-0.559346	-0.723009	
0.01748	0.103106	0.180978	0.230262	0.253567	0.258282	0.248387	0.221837	0.181296	0.141855	0.133734	0.157132	0.204719	0.261557	0.312308	0.339123	0.328168	0.268775	0.165933	0.0393253	-0.11828	-0.302509	-0.496226	-0.675095	-0.81084	
0.0029887	0.0983515	0.184694	0.25385	0.297731	0.321658	0.334051	0.328989	0.300296	0.261298	0.236989	0.228893	0.244933	0.269251	0.284111	0.27673	0.2376	0.152962	0.0393253	-0.0918431	-0.259252	-0.449397	-0.625455	-0.768437	-0.876322	
0.0149433	0.119296	0.212155	0.293136	0.350075	0.385601	0.410029	0.416063	0.397051	0.35904	0.31548	0.279044	0.263148	0.248774	0.224206	0.180303	0.109725	0.00665403	-0.11828	-0.259252	-0.425513	-0.591486	-0.728529	-0.836856	-0.914843	
0.0324803	0.14101	0.246808	0.337412	0.399601	0.440067	0.467287	0.475423	0.463848	0.425867	0.369014	0.304588	0.245415	0.185642	0.120025	0.0398546	-0.0562907	-0.167323	-0.302509	-0.449397	-0.591486	-0.710314	-0.803272	-0.871903	-0.903496	
0.0566497	0.16697	0.275851	0.365835	0.431643	0.477359	0.50386	0.512848	0.499031	0.452193	0.382159	0.293704	0.19108	0.0825341	-0.0257463	-0.138131	-0.246442	-0.362758	-0.496226	-0.625455	-0.728529	-0.803272	-0.852546	-0.865997	-0.848557	
0.103364	0.200477	0.296777	0.373516	0.437756	0.486782	0.516544	0.523741	0.502591	0.449434	0.3662	0.246014	0.103936	-0.044009	-0.187828	-0.320998	-0.442201	-0.559346	-0.675095	-0.768437	-0.836856	-0.871903	-0.865997	-0.83127	-0.785446	
0.165705	0.245339	0.317863	0.379121	0.432477	0.477918	0.507262	0.510581	0.482676	0.422377	0.322363	0.179243	0.00574522	-0.178072	-0.347402	-0.489448	-0.611491	-0.723009	-0.81084	-0.876322	-0.914843	-0.903496	-0.848557	-0.785446	-0.730086	
0.239838	0.295679	0.342769	0.382129	0.421967	0.45875	0.480773	0.476427	0.445424	0.381057	0.267067	0.105126	-0.0880484	-0.291372	-0.474984	-0.625364	-0.749699	-0.841886	-0.905605	-0.947317	-0.95162	-0.902168	-0.820706	-0.741277	-0.668522	
0.331666	0.359843	0.372141	0.380679	0.394437	0.414188	0.426605	0.419286	0.384553	0.310959	0.187989	0.021183	-0.176424	-0.379129	-0.567729	-0.729048	-0.851301	-0.929783	-0.97425	-0.987098	-0.951947	-0.879138	-0.789236	-0.690808	-0.600922	
0.429731	0.43218	0.408389	0.377365	0.358617	0.353731	0.35112	0.340101	0.304121	0.228863	0.103798	-0.0649249	-0.25857	-0.453149	-0.641625	-0.806682	-0.92573	-0.995167	-1.02292	-1.00564	-0.939546	-0.848222	-0.742107	-0.629238	-0.538366	
0.518994	0.497243	0.444301	0.378455	0.326025	0.295111	0.27792	0.261311	0.225371	0.15226	0.0278185	-0.139518	-0.328481	-0.517341	-0.701764	-0.863363	-0.982972	-1.04492	-1.05096	-1.01042	-0.926252	-0.814491	-0.689193	-0.572039	-0.486451	
0.587933	0.548841	0.470434	0.376339	0.296528	0.25055	0.226319	0.205463	0.167761	0.0922087	-0.0343692	-0.194567	-0.375291	-0.559293	-0.73644	-0.896257	-1.02114	-1.07938	-1.06462	-1.00924	-0.914059	-0.787824	-0.656589	-0.540573	-0.452212	
0.603406	0.558119	0.47522	0.374557	0.29187	0.242318	0.215643	0.193648	0.156397	0.0819839	-0.044473	-0.205414	-0.38418	-0.565809	-0.741158	-0.900674	-1.02997	-1.08603	-1.06793	-1.0096	-0.91206	-0.783805	-0.651892	-0.536741	-0.445819	
0.549561	0.521197	0.456673	0.378829	0.312742	0.274	0.253709	0.235711	0.198277	0.123236	-0.00157872	-0.164744	-0.351032	-0.53885	-0.720088	-0.880329	-1.00026	-1.06083	-1.05737	-1.00993	-0.9203	-0.801291	-0.672824	-0.555526	-0.469635	
0.467203	0.459182	0.423209	0.377154	0.345497	0.329769	0.320517	0.307229	0.27178	0.198167	0.073129	-0.0965432	-0.288174	-0.479818	-0.667345	-0.831571	-0.950779	-1.01699	-1.03664	-1.0088	-0.934563	-0.835427	-0.720262	-0.604214	-0.51627	
0.371056	0.388409	0.386209	0.378987	0.379885	0.390569	0.397837	0.389262	0.353293	0.277778	0.15327	-0.0141794	-0.210535	-0.410073	-0.59908	-0.762771	-0.883423	-0.95797	-0.996025	-0.996394	-0.947207	-0.867002	-0.77199	-0.667018	-0.574984	
0.27397	0.319725	0.35377	0.382444	0.412742	0.444379	0.462941	0.456522	0.424428	0.356485	0.238225	0.0732553	-0.123598	-0.329038	-0.515484	-0.671043	-0.794421	-0.879993	-0.935412	-0.96706	-0.955245	-0.89445	-0.809631	-0.722718	-0.641428	
0.194486	0.2642	0.3272	0.380164	0.430126	0.472319	0.499144	0.499658	0.469916	0.408233	0.302388	0.15066	-0.0324836	-0.227001	-0.403142	-0.547402	-0.671431	-0.775583	-0.853106	-0.90889	-0.934655	-0.90682	-0.83791	-0.767564	-0.706107	
0.126366	0.217946	0.305058	0.376193	0.435356	0.483722	0.514963	0.521269	0.496935	0.439691	0.349666	0.220112	0.0649581	-0.0987013	-0.254106	-0.391487	-0.512986	-0.63046	-0.73516	-0.815563	-0.872051	-0.888803	-0.861507	-0.81266	-0.763041	
0.0731026	0.178674	0.284417	0.369766	0.43797	0.485017	0.511903	0.52031	0.50357	0.455185	0.380369	0.279004	0.159656	0.0344373	-0.0895447	-0.211973	-0.326403	-0.443106	-0.57157	-0.687347	-0.775604	-0.834756	-0.862653	-0.855038	-0.822931	
0.0392786	0.150507	0.259732	0.352027	0.414469	0.457087	0.484852	0.493802	0.482146	0.439646	0.377985	0.305038	0.227883	0.14812	0.0654697	-0.0287401	-0.130218	-0.243347	-0.379022	-0.522568	-0.649691	-0.749686	-0.826639	-0.874229	-0.884475	
0.0225828	0.128634	0.22609	0.310691	0.3709	0.409303	0.435296	0.442136	0.4275	0.390899	0.341412	0.292731	0.260779	0.229201	0.188674	0.130165	0.047299	-0.0601676	-0.190188	-0.335046	-0.493867	-0.642508	-0.762141	-0.855725	-0.916884	
0.00466199	0.104034	0.193721	0.268498	0.318494	0.347445	0.366748	0.367779	0.342173	0.302911	0.270925	0.251504	0.255701	0.264794	0.26374	0.242431	0.191082	0.0983294	-0.0200153	-0.154043	-0.322982	-0.507661	-0.669993	-0.798931	-0.896028	
0.00929538	0.0987935	0.179949	0.237005	0.269439	0.282758	0.282886	0.26573	0.230751	0.191711	0.177536	0.188243	0.223379	0.267821	0.304413	0.317471	0.295699	0.226193	0.118475	-0.0102286	-0.17268	-0.361132	-0.550489	-0.715679	-0.83944	
0.0339763	0.113622	0.184887	0.226114	0.235716	0.224418	0.197144	0.154882	0.105384	0.065405	0.0643121	0.106108	0.171594	0.246833	0.317487	0.362503	0.36602	0.320546	0.231736	0.110068	-0.0410738	-0.218685	-0.414578	-0.606704	-0.760975	
0.0743503	0.13982	0.199111	0.228371	0.212177	0.171573	0.11252	0.0392171	-0.0255108	-0.0617427	-0.0459621	0.0154477	0.103476	0.203044	0.298157	0.368476	0.393962	0.374233	0.310202	0.208173	0.0717375	-0.0983984	-0.291091	-0.489019	-0.658068	
0.129197	0.177395	0.210788	0.217655	0.178471	0.105309	0.0129055	-0.0824662	-0.157593	-0.184108	-0.155151	-0.0819102	0.0157518	0.122255	0.232264	0.323408	0.376663	0.380874	0.340052	0.266096	0.156046	0.00322293	-0.181796	-0.370827	-0.539485	
0.181001	0.200093	0.203555	0.181228	0.115183	0.0122022	-0.100445	-0.203653	-0.278176	-0.297888	-0.258214	-0.181033	-0.0862418	0.0183281	0.131283	0.236584	0.313604	0.341252	0.326775	0.284394	0.209263	0.0899593	-0.0705793	-0.242694	-0.407007	
0.210654	0.198034	0.166043	0.10623	0.0182748	-0.0986812	-0.21956	-0.322289	-0.388326	-0.398461	-0.355357	-0.275563	-0.184103	-0.0842496	0.0197486	0.126801	0.217166	0.267885	0.283485	0.276572	0.24025	0.160402	0.0395491	-0.101923	-0.248878	
0.204483	0.152862	0.0929513	0.0090311	-0.100465	-0.225916	-0.344729	-0.435027	-0.488148	-0.490537	-0.443388	-0.362147	-0.276092	-0.183463	-0.0866121	0.0178284	0.111052	0.18062	0.227417	0.255249	0.258537	0.221837	0.147815	0.0448604	-0.0678287	
0.177733	0.0871763	-0.00280909	-0.10724	-0.228871	-0.351444	-0.459799	-0.536957	-0.578345	-0.572033	-0.523833	-0.444324	-0.360531	-0.275601	-0.183414	-0.0838108	0.0121598	0.0988181	0.173494	0.232508	0.270384	0.280017	0.253927	0.190266	0.112413	
0.139411	0.020062	-0.102307	-0.220672	-0.341343	-0.456583	-0.553526	-0.620744	-0.653559	-0.646695	-0.603402	-0.528302	-0.444552	-0.362948	-0.269793	-0.171617	-0.0670394	0.0360668	0.139687	0.231424	0.298794	0.343509	0.34943	0.322551	0.269845	
