-0.143426	-0.159695	-0.159041	-0.139025	-0.109128	-0.070076	-0.0335707	-0.00679154	0.0235519	0.0608934	0.100787	0.131695	0.14954	0.162261	0.173784	0.174116	0.188059	0.22601	0.282483	0.354064	0.430394	0.514799	0.608205	0.697333	0.769497	
-0.283478	-0.318136	-0.32921	-0.3163	-0.283539	-0.241165	-0.1882	-0.130811	-0.0656848	0.00870585	0.0774356	0.125411	0.157263	0.17704	0.188656	0.192192	0.209836	0.251754	0.320976	0.409713	0.50279	0.595696	0.686717	0.760159	0.810343	
-0.454332	-0.508724	-0.530305	-0.521452	-0.485142	-0.428741	-0.351345	-0.257902	-0.151752	-0.0381601	0.0599331	0.128827	0.17069	0.193821	0.207977	0.220253	0.237978	0.287877	0.372834	0.470219	0.569659	0.673721	0.769574	0.839437	0.866724	
-0.610683	-0.681924	-0.713989	-0.709752	-0.67142	-0.602311	-0.500008	-0.372749	-0.226435	-0.0773448	0.0497847	0.137715	0.189993	0.218871	0.238144	0.256397	0.2823	0.342086	0.435422	0.541189	0.648576	0.755126	0.853833	0.919309	0.929287	
-0.732651	-0.815608	-0.860953	-0.864877	-0.823157	-0.737491	-0.620606	-0.469539	-0.292355	-0.118849	0.0281681	0.125591	0.186773	0.226476	0.255172	0.285579	0.328089	0.400954	0.505279	0.624737	0.740187	0.847672	0.939866	0.992288	0.988228	
-0.810463	-0.90168	-0.962143	-0.978278	-0.933888	-0.840511	-0.710943	-0.54162	-0.345131	-0.159477	-0.0099195	0.0901685	0.15771	0.210785	0.251496	0.298827	0.359861	0.447743	0.565195	0.696816	0.824785	0.93197	1.01485	1.05589	1.04406	
-0.830629	-0.928784	-0.998401	-1.0308	-0.99904	-0.904538	-0.765087	-0.588878	-0.385503	-0.19317	-0.0469545	0.0468653	0.113861	0.171045	0.225008	0.280271	0.353288	0.457581	0.590722	0.742961	0.889375	1.00463	1.0763	1.10511	1.08789	
-0.793665	-0.896457	-0.974735	-1.01468	-1.00127	-0.916936	-0.781248	-0.60961	-0.407353	-0.215761	-0.0772874	0.00772367	0.0677817	0.121862	0.176427	0.234921	0.315545	0.434196	0.589528	0.762186	0.92208	1.04522	1.11706	1.13921	1.10949	
-0.724995	-0.82909	-0.909597	-0.954697	-0.949671	-0.881632	-0.760672	-0.596026	-0.402704	-0.220358	-0.0932195	-0.020206	0.0260206	0.0727089	0.123964	0.186573	0.2747	0.400817	0.571712	0.761286	0.928934	1.0547	1.129	1.14211	1.08681	
-0.637976	-0.734907	-0.811565	-0.863658	-0.866672	-0.80768	-0.699108	-0.54872	-0.372075	-0.203954	-0.093696	-0.0367957	-0.00303313	0.0347125	0.0850516	0.151506	0.245939	0.375691	0.551289	0.742946	0.908252	1.03059	1.09957	1.10072	1.01966	
-0.530118	-0.624569	-0.702985	-0.754863	-0.759946	-0.704974	-0.604129	-0.467498	-0.312929	-0.169396	-0.0846498	-0.0407948	-0.0108798	0.0244182	0.0713638	0.138563	0.235149	0.360155	0.52669	0.711955	0.871216	0.980333	1.03563	1.01717	0.907456	
-0.418195	-0.515882	-0.591922	-0.637748	-0.63926	-0.589085	-0.49639	-0.372655	-0.238078	-0.120814	-0.0489284	-0.00744282	0.0149373	0.0446144	0.0875985	0.152745	0.24915	0.367594	0.518309	0.685766	0.829244	0.916092	0.945317	0.904222	0.775013	
-0.317608	-0.417641	-0.486485	-0.523279	-0.521215	-0.47352	-0.394355	-0.286198	-0.170178	-0.0699267	-0.00291668	0.0408102	0.0657664	0.0898432	0.126692	0.191447	0.286138	0.40135	0.536862	0.679381	0.796717	0.859215	0.856342	0.783182	0.630195	
-0.235996	-0.33047	-0.393786	-0.41871	-0.410843	-0.370124	-0.306605	-0.220246	-0.121779	-0.0325896	0.0366332	0.0889458	0.124444	0.153935	0.192672	0.261716	0.356477	0.459666	0.583776	0.704336	0.790765	0.823259	0.782705	0.672002	0.484124	
-0.168598	-0.261248	-0.317841	-0.338605	-0.331326	-0.295088	-0.239513	-0.171028	-0.0956076	-0.014277	0.0656004	0.12791	0.179658	0.226012	0.274514	0.349063	0.441145	0.540817	0.650993	0.750067	0.808761	0.811485	0.739171	0.583266	0.35008	
-0.114679	-0.205076	-0.260771	-0.285163	-0.281282	-0.247191	-0.197813	-0.143855	-0.0862007	-0.0140912	0.0707085	0.148353	0.216634	0.285167	0.352799	0.426837	0.514962	0.610483	0.709473	0.793961	0.833134	0.810572	0.705496	0.512096	0.238021	
-0.0677231	-0.155221	-0.216997	-0.251301	-0.257574	-0.229123	-0.183997	-0.139045	-0.0917502	-0.0323181	0.0495427	0.139033	0.226824	0.314637	0.3989	0.473798	0.55437	0.642875	0.732968	0.803963	0.830891	0.794636	0.668086	0.445914	0.148233	
-0.0308589	-0.117473	-0.184795	-0.233681	-0.252856	-0.232067	-0.190864	-0.149132	-0.109889	-0.058474	0.0170144	0.114109	0.214043	0.311897	0.403097	0.483012	0.558097	0.640444	0.720287	0.776684	0.79465	0.750093	0.611968	0.380343	0.0795206	
0.00069991	-0.0773545	-0.152499	-0.209852	-0.239733	-0.233813	-0.20225	-0.163442	-0.12088	-0.0662576	-0.00131979	0.0838889	0.177697	0.270597	0.362259	0.450474	0.536463	0.619233	0.692776	0.73762	0.7428	0.687767	0.546808	0.325568	0.0385617	
0.0329269	-0.0267727	-0.103506	-0.167279	-0.20556	-0.21555	-0.192227	-0.15234	-0.112807	-0.0657799	-0.0151467	0.0482204	0.119835	0.198174	0.285804	0.384142	0.487425	0.577172	0.647731	0.689673	0.690942	0.631955	0.501393	0.297818	0.0267564	
0.0579585	0.0162995	-0.0487862	-0.113026	-0.1521	-0.164751	-0.154168	-0.128157	-0.101205	-0.0733849	-0.0446224	-0.00363608	0.0450033	0.11211	0.197199	0.298631	0.408542	0.509935	0.585772	0.631666	0.64314	0.595227	0.48361	0.305072	0.0519143	
0.0810861	0.0533956	0.00315518	-0.0505194	-0.0866734	-0.104558	-0.115925	-0.121753	-0.12198	-0.114391	-0.104823	-0.0809345	-0.0432208	0.013805	0.0952451	0.199463	0.318533	0.433096	0.525427	0.587227	0.612397	0.586128	0.498668	0.33933	0.100049	
0.0849009	0.0791959	0.0460093	0.00502922	-0.0311689	-0.0642935	-0.100219	-0.141769	-0.175341	-0.195623	-0.201471	-0.188124	-0.153377	-0.0980825	-0.0165336	0.0968766	0.23416	0.371119	0.487236	0.565847	0.60707	0.605102	0.539704	0.392668	0.165876	
0.0552008	0.0720463	0.0534241	0.0194111	-0.0144698	-0.0552684	-0.118117	-0.187856	-0.250352	-0.29394	-0.311308	-0.304354	-0.266006	-0.199311	-0.106364	0.0228065	0.175824	0.33357	0.465695	0.561919	0.619331	0.634488	0.585895	0.446032	0.222125	
-0.00933641	0.0322407	0.0275231	0.000957586	-0.031484	-0.0847054	-0.161028	-0.246329	-0.322777	-0.383213	-0.408701	-0.400021	-0.354761	-0.278985	-0.16712	-0.0157663	0.163731	0.334988	0.475875	0.578522	0.641791	0.665081	0.622727	0.491068	0.276257	
-0.0885041	-0.0268625	-0.011031	-0.031062	-0.0702402	-0.130048	-0.214004	-0.303463	-0.387499	-0.456195	-0.480695	-0.464117	-0.405504	-0.312788	-0.17958	-0.00575334	0.186234	0.367244	0.510436	0.617473	0.684063	0.704664	0.659924	0.528342	0.313493	
-0.176725	-0.0931322	-0.0566573	-0.0657364	-0.108859	-0.176345	-0.259902	-0.348758	-0.433749	-0.500099	-0.517767	-0.48565	-0.406105	-0.287694	-0.134603	0.0476627	0.236828	0.410266	0.551099	0.663358	0.740453	0.757461	0.699546	0.556996	0.330578	
-0.261502	-0.155973	-0.0971501	-0.0886148	-0.130932	-0.206589	-0.288947	-0.375452	-0.461553	-0.521771	-0.527453	-0.475515	-0.370314	-0.232506	-0.0694521	0.106246	0.283343	0.449412	0.593474	0.71446	0.797162	0.812983	0.739003	0.573128	0.327089	
-0.331278	-0.202514	-0.122883	-0.100045	-0.134664	-0.211509	-0.300545	-0.389706	-0.472989	-0.524072	-0.517686	-0.452217	-0.333166	-0.178562	-0.0127611	0.15208	0.314214	0.479202	0.628307	0.755828	0.84987	0.86239	0.772088	0.581597	0.314893	
-0.376431	-0.231875	-0.138557	-0.108475	-0.137646	-0.21261	-0.304504	-0.395059	-0.474865	-0.520617	-0.510688	-0.435976	-0.304433	-0.13847	0.0308917	0.184253	0.330976	0.48994	0.641907	0.774168	0.874853	0.89231	0.794648	0.587149	0.304052	
-0.38592	-0.237643	-0.142121	-0.110221	-0.138707	-0.214854	-0.304867	-0.394304	-0.474737	-0.520617	-0.510906	-0.434045	-0.29785	-0.130748	0.0376129	0.188452	0.33405	0.491074	0.642596	0.775908	0.878056	0.897934	0.79982	0.58814	0.301867	
-0.352834	-0.216029	-0.130056	-0.10368	-0.135271	-0.211215	-0.302776	-0.393844	-0.474786	-0.522529	-0.513141	-0.443899	-0.320227	-0.160035	0.00769712	0.167311	0.322253	0.485814	0.636948	0.766666	0.863535	0.876896	0.782215	0.584077	0.310326	
-0.291389	-0.176516	-0.109044	-0.0938454	-0.133567	-0.210178	-0.295312	-0.382023	-0.468079	-0.524566	-0.524751	-0.466568	-0.354637	-0.209617	-0.045584	0.126783	0.297622	0.463045	0.608649	0.732995	0.820316	0.834389	0.753752	0.577442	0.321871	
-0.212545	-0.119368	-0.0741651	-0.0764745	-0.120307	-0.192279	-0.273361	-0.361492	-0.446566	-0.511587	-0.52516	-0.484929	-0.393841	-0.267373	-0.108842	0.0714016	0.256949	0.426823	0.568442	0.683314	0.762418	0.779873	0.715523	0.564972	0.332408	
-0.122804	-0.0530822	-0.0289902	-0.0457995	-0.0869591	-0.148617	-0.233878	-0.323561	-0.408948	-0.477442	-0.498808	-0.477237	-0.41198	-0.30874	-0.166235	0.0133309	0.204831	0.384408	0.525859	0.635608	0.706633	0.724713	0.675686	0.540952	0.321878	
-0.0401139	0.0100163	0.0133179	-0.0102737	-0.0455759	-0.10266	-0.182006	-0.26995	-0.349653	-0.4152	-0.44206	-0.430855	-0.380751	-0.299699	-0.180402	-0.0192527	0.168879	0.345359	0.488106	0.591665	0.655881	0.67928	0.637689	0.507534	0.294453	
0.0324916	0.0597029	0.0458896	0.0145642	-0.0178121	-0.0633844	-0.132652	-0.210665	-0.280476	-0.331641	-0.352429	-0.345363	-0.304495	-0.234299	-0.133556	0.00316524	0.166114	0.329116	0.464839	0.566043	0.626656	0.646322	0.601215	0.464286	0.243862	
0.0780912	0.0809539	0.0536662	0.0162431	-0.0191733	-0.0558706	-0.103498	-0.15797	-0.20356	-0.234266	-0.245357	-0.235131	-0.200165	-0.141121	-0.0566643	0.0626364	0.20603	0.352521	0.476914	0.562138	0.610828	0.616115	0.558795	0.414983	0.189977	
0.086066	0.0659704	0.023058	-0.0251191	-0.0618795	-0.0855662	-0.10571	-0.126083	-0.140043	-0.143495	-0.140483	-0.120523	-0.0849604	-0.0306445	0.0503226	0.157153	0.282912	0.405634	0.507553	0.576704	0.606904	0.591154	0.512866	0.359196	0.125553	
0.0673412	0.0320302	-0.0277776	-0.0889643	-0.126532	-0.139954	-0.136886	-0.122828	-0.104746	-0.0845557	-0.0636619	-0.0308149	0.0112545	0.0750318	0.159181	0.260443	0.373099	0.478718	0.559653	0.611124	0.628214	0.587941	0.486206	0.315601	0.0682759	
0.0442651	-0.00785323	-0.0811225	-0.146609	-0.186479	-0.197982	-0.179281	-0.142849	-0.106613	-0.0668219	-0.0243564	0.030151	0.0912448	0.164583	0.251309	0.351665	0.458019	0.552821	0.624573	0.667187	0.670311	0.614107	0.490955	0.296959	0.0327607	
0.0134877	-0.0571888	-0.135065	-0.194344	-0.228152	-0.23037	-0.201642	-0.162077	-0.119738	-0.0658834	-0.00638995	0.0706137	0.157196	0.244534	0.334057	0.426938	0.521351	0.605954	0.676639	0.719541	0.721804	0.664108	0.525419	0.310513	0.0300612	
-0.0181252	-0.10269	-0.173631	-0.226323	-0.249827	-0.234101	-0.196574	-0.156972	-0.11636	-0.0642927	0.00780024	0.102248	0.202203	0.300156	0.393137	0.475572	0.551912	0.633316	0.711025	0.76195	0.774481	0.725566	0.584912	0.355985	0.0598459	
-0.0516459	-0.139159	-0.202769	-0.243205	-0.254856	-0.229165	-0.184926	-0.140554	-0.0982378	-0.0438145	0.0360748	0.130213	0.224714	0.317094	0.404133	0.481582	0.559773	0.645848	0.731081	0.796634	0.820172	0.780455	0.648391	0.419668	0.11809	
-0.0947767	-0.183573	-0.241595	-0.269105	-0.268824	-0.236413	-0.18901	-0.140263	-0.0865666	-0.0191423	0.0654628	0.147866	0.22373	0.301365	0.377358	0.450405	0.535571	0.627973	0.72414	0.803431	0.836213	0.806457	0.691602	0.48526	0.19922	
-0.145978	-0.237732	-0.293191	-0.314901	-0.308035	-0.272616	-0.219343	-0.157023	-0.0897544	-0.0121156	0.0710721	0.139239	0.196691	0.251629	0.30812	0.38246	0.473026	0.572486	0.67695	0.768999	0.819442	0.811428	0.72605	0.553736	0.302349	
-0.207038	-0.300613	-0.361154	-0.382952	-0.374774	-0.336524	-0.27658	-0.198408	-0.109593	-0.0230455	0.0497628	0.1056	0.148955	0.183639	0.223507	0.295964	0.390595	0.491133	0.610144	0.72114	0.79564	0.815547	0.762573	0.63411	0.428185	
-0.283374	-0.381094	-0.447448	-0.479949	-0.475112	-0.429437	-0.357156	-0.257622	-0.147976	-0.0526786	0.0143281	0.0605159	0.0879848	0.113056	0.150937	0.216283	0.310288	0.420994	0.551751	0.685693	0.790803	0.842508	0.823805	0.736459	0.57107	
-0.376304	-0.475467	-0.548244	-0.591026	-0.591615	-0.542327	-0.454402	-0.335692	-0.209089	-0.100232	-0.0311729	0.0117188	0.0341601	0.060435	0.0990384	0.164261	0.260824	0.378254	0.522642	0.679408	0.813701	0.890929	0.908908	0.855848	0.718228	
-0.484217	-0.579914	-0.658383	-0.708356	-0.712434	-0.658999	-0.560794	-0.429908	-0.283793	-0.151173	-0.0730529	-0.0314164	-0.00495246	0.0291663	0.0763337	0.14198	0.237771	0.359427	0.519936	0.700836	0.854713	0.955622	1.00098	0.974156	0.855987	
