0.55911	0.404595	0.260461	0.144293	0.0787924	0.0670645	0.111384	0.209611	0.344585	0.496308	0.652301	0.791806	0.894595	0.937473	0.919265	0.872251	0.811064	0.754972	0.696709	0.608871	0.485453	0.334713	0.158532	-0.0368783	-0.243701	
0.505256	0.355971	0.219653	0.105329	0.0400507	0.0302304	0.0723594	0.169995	0.299622	0.444363	0.597534	0.744244	0.86082	0.922708	0.933618	0.916764	0.880509	0.84239	0.800862	0.721098	0.591437	0.436058	0.254643	0.0415105	-0.196018	
0.461333	0.321682	0.195311	0.0890055	0.0244549	0.012759	0.0576489	0.148496	0.270006	0.403738	0.548572	0.693522	0.813806	0.89144	0.928775	0.939645	0.924988	0.905814	0.869346	0.795453	0.672163	0.511638	0.321429	0.0950493	-0.162831	
0.419806	0.297853	0.189431	0.0968125	0.0430898	0.0335394	0.070151	0.149186	0.253288	0.369526	0.497679	0.63467	0.751459	0.838606	0.895912	0.929706	0.940846	0.936665	0.905737	0.844593	0.732778	0.57136	0.374573	0.133179	-0.132958	
0.366451	0.274456	0.193445	0.125949	0.090576	0.0839793	0.107859	0.163214	0.241022	0.328426	0.429556	0.549146	0.664834	0.761388	0.834661	0.888525	0.920737	0.935534	0.921396	0.874525	0.777236	0.62428	0.423605	0.176065	-0.0955471	
0.30646	0.24763	0.200613	0.170293	0.157072	0.155215	0.163066	0.186919	0.226894	0.281516	0.348611	0.444576	0.556953	0.655237	0.734562	0.80274	0.855578	0.897591	0.914639	0.887488	0.806281	0.662259	0.462481	0.222138	-0.0430675	
0.242596	0.217611	0.20671	0.20592	0.208929	0.209336	0.207357	0.205308	0.211963	0.23044	0.267164	0.333457	0.432474	0.528141	0.606176	0.680591	0.753408	0.826336	0.877772	0.880731	0.813964	0.679892	0.495303	0.273632	0.0218667	
0.174739	0.179105	0.199551	0.214394	0.229612	0.232606	0.220848	0.205794	0.187279	0.172826	0.186042	0.227913	0.299072	0.381273	0.455949	0.535247	0.630396	0.731952	0.812471	0.843271	0.798784	0.680953	0.517998	0.322365	0.0970079	
0.0915443	0.117175	0.158446	0.185557	0.198931	0.200654	0.192482	0.171927	0.133894	0.0979852	0.0913453	0.106172	0.150349	0.220144	0.296725	0.389886	0.504298	0.626837	0.728258	0.776402	0.754614	0.669827	0.536508	0.369316	0.179461	
-0.0310972	0.00364768	0.0569002	0.0995394	0.112519	0.112838	0.107877	0.0771576	0.023608	-0.0196726	-0.0402371	-0.0410217	-0.0127403	0.0479426	0.132128	0.245631	0.381118	0.523029	0.635584	0.697857	0.703299	0.652163	0.553726	0.42181	0.270567	
-0.19845	-0.158793	-0.101673	-0.0506583	-0.0363311	-0.0349263	-0.0412541	-0.0778392	-0.137699	-0.185042	-0.212759	-0.220556	-0.199613	-0.134365	-0.026037	0.104291	0.259615	0.420651	0.545632	0.621822	0.65356	0.639032	0.576802	0.483274	0.365385	
-0.397771	-0.362059	-0.304215	-0.247623	-0.225283	-0.22347	-0.233884	-0.279609	-0.340829	-0.38659	-0.409621	-0.414703	-0.385957	-0.306014	-0.184213	-0.0367002	0.138296	0.319555	0.462286	0.558031	0.609227	0.623012	0.594665	0.540413	0.470049	
-0.599113	-0.565785	-0.505695	-0.447723	-0.415256	-0.412099	-0.429907	-0.481557	-0.543878	-0.588829	-0.60778	-0.599347	-0.553457	-0.455428	-0.323958	-0.165753	0.0181168	0.208891	0.369962	0.485742	0.559874	0.596624	0.602512	0.585279	0.558031	
-0.766311	-0.731634	-0.671507	-0.609756	-0.575098	-0.57019	-0.59232	-0.64467	-0.709951	-0.756149	-0.77361	-0.755272	-0.688113	-0.577509	-0.441744	-0.278476	-0.0886989	0.102556	0.270345	0.399593	0.49325	0.555046	0.592743	0.611992	0.618926	
-0.881127	-0.842435	-0.780575	-0.722518	-0.685497	-0.677079	-0.705425	-0.754767	-0.818914	-0.869312	-0.887112	-0.861304	-0.785942	-0.672362	-0.536079	-0.375028	-0.183591	0.00314324	0.171056	0.306771	0.416563	0.495862	0.557105	0.60525	0.639949	
-0.92843	-0.886032	-0.826197	-0.773015	-0.735649	-0.728661	-0.756038	-0.803141	-0.862647	-0.915312	-0.936862	-0.91934	-0.851435	-0.746244	-0.616761	-0.458225	-0.273507	-0.0950309	0.0625252	0.19772	0.312767	0.407486	0.489061	0.559853	0.616551	
-0.918929	-0.877913	-0.822686	-0.770021	-0.735102	-0.729263	-0.753067	-0.799816	-0.856877	-0.905079	-0.934279	-0.93157	-0.880462	-0.793974	-0.673152	-0.520545	-0.354905	-0.195365	-0.0506914	0.0745054	0.186171	0.288953	0.384578	0.474666	0.551445	
-0.869885	-0.829585	-0.774464	-0.720794	-0.686455	-0.682288	-0.70333	-0.752068	-0.808429	-0.856533	-0.885597	-0.898432	-0.873647	-0.807403	-0.709351	-0.580427	-0.441359	-0.303919	-0.181819	-0.0714867	0.0325496	0.133981	0.235341	0.341802	0.439913	
-0.790501	-0.749481	-0.693696	-0.646264	-0.618265	-0.61396	-0.631948	-0.673398	-0.727672	-0.776621	-0.807876	-0.833201	-0.832673	-0.793175	-0.724573	-0.632243	-0.528769	-0.42496	-0.326652	-0.23495	-0.145168	-0.0502175	0.0514412	0.16628	0.280617	
-0.69902	-0.656153	-0.60134	-0.561265	-0.54491	-0.542775	-0.552721	-0.581768	-0.635058	-0.683081	-0.7213	-0.754579	-0.769976	-0.754166	-0.719136	-0.672353	-0.615573	-0.552505	-0.481247	-0.415389	-0.336026	-0.243212	-0.141943	-0.0219956	0.11076	
-0.612918	-0.571165	-0.51729	-0.479431	-0.469369	-0.467626	-0.473885	-0.498043	-0.550995	-0.596678	-0.636485	-0.671724	-0.694509	-0.698371	-0.702222	-0.70514	-0.695997	-0.674489	-0.634978	-0.583058	-0.511234	-0.420863	-0.312467	-0.184248	-0.037749	
-0.523771	-0.480952	-0.43737	-0.412648	-0.403902	-0.40366	-0.407097	-0.425412	-0.462529	-0.50692	-0.548847	-0.588316	-0.625037	-0.650591	-0.682772	-0.724946	-0.761274	-0.77304	-0.762824	-0.721649	-0.652757	-0.56619	-0.457176	-0.322643	-0.162731	
-0.429003	-0.393242	-0.367517	-0.347001	-0.336806	-0.33621	-0.340857	-0.358762	-0.38157	-0.41424	-0.453653	-0.502131	-0.553845	-0.6118	-0.672287	-0.740078	-0.802345	-0.841391	-0.854919	-0.83095	-0.775341	-0.68954	-0.574879	-0.427147	-0.253739	
-0.344677	-0.316573	-0.305069	-0.292519	-0.281517	-0.279109	-0.287145	-0.30052	-0.310829	-0.331056	-0.370758	-0.425006	-0.490911	-0.572037	-0.650321	-0.732132	-0.809015	-0.875473	-0.912329	-0.911057	-0.866353	-0.781135	-0.650778	-0.482285	-0.293797	
-0.282749	-0.262358	-0.26697	-0.272241	-0.266797	-0.265712	-0.270712	-0.270471	-0.261927	-0.271595	-0.30654	-0.362604	-0.437833	-0.527577	-0.618168	-0.702101	-0.785873	-0.866034	-0.92561	-0.942115	-0.909767	-0.823454	-0.678084	-0.49382	-0.29552	
-0.242601	-0.232156	-0.256332	-0.288003	-0.299594	-0.300018	-0.295484	-0.270184	-0.238354	-0.234025	-0.264264	-0.317002	-0.392655	-0.485977	-0.578505	-0.663573	-0.754303	-0.841182	-0.903348	-0.930214	-0.908095	-0.819425	-0.67137	-0.480358	-0.275467	
-0.232156	-0.237724	-0.282215	-0.3364	-0.367655	-0.371688	-0.353578	-0.304266	-0.252291	-0.229031	-0.246924	-0.292123	-0.360649	-0.445407	-0.535874	-0.621484	-0.711676	-0.801254	-0.862731	-0.888354	-0.867559	-0.783429	-0.638188	-0.445768	-0.237493	
-0.256332	-0.282215	-0.343634	-0.412186	-0.4564	-0.462686	-0.43467	-0.371474	-0.304094	-0.261389	-0.259332	-0.286602	-0.340335	-0.408812	-0.484634	-0.566669	-0.656172	-0.745558	-0.807832	-0.830145	-0.806143	-0.722718	-0.577527	-0.387015	-0.179981	
-0.288003	-0.3364	-0.412186	-0.482833	-0.526651	-0.534607	-0.503868	-0.443185	-0.364806	-0.303477	-0.274882	-0.279405	-0.322672	-0.386194	-0.451771	-0.52691	-0.613488	-0.692835	-0.755089	-0.777921	-0.749852	-0.662058	-0.517373	-0.330791	-0.125548	
-0.299594	-0.367655	-0.4564	-0.526651	-0.573949	-0.582263	-0.548331	-0.487815	-0.402773	-0.323187	-0.275062	-0.270106	-0.311053	-0.377886	-0.441502	-0.515043	-0.588989	-0.660594	-0.720211	-0.741292	-0.712288	-0.626437	-0.483589	-0.303103	-0.109737	
-0.300018	-0.371688	-0.462686	-0.534607	-0.582263	-0.590867	-0.556562	-0.494595	-0.408002	-0.324469	-0.274443	-0.267676	-0.30954	-0.377687	-0.440303	-0.51331	-0.584941	-0.656701	-0.714419	-0.73501	-0.703785	-0.620277	-0.479786	-0.301039	-0.108249	
-0.295484	-0.353578	-0.43467	-0.503868	-0.548331	-0.556562	-0.524578	-0.465477	-0.384756	-0.315044	-0.276245	-0.275273	-0.316549	-0.380437	-0.445978	-0.520234	-0.601176	-0.676089	-0.738017	-0.76072	-0.732932	-0.644761	-0.499557	-0.315044	-0.114829	
-0.270184	-0.304266	-0.371474	-0.443185	-0.487815	-0.494595	-0.465477	-0.401866	-0.328399	-0.278795	-0.267298	-0.284466	-0.333351	-0.398441	-0.468289	-0.54667	-0.636858	-0.723449	-0.7856	-0.807557	-0.78152	-0.69612	-0.552134	-0.363079	-0.155054	
-0.238354	-0.252291	-0.304094	-0.364806	-0.402773	-0.408002	-0.384756	-0.328399	-0.270148	-0.238445	-0.248716	-0.288533	-0.351361	-0.429108	-0.51594	-0.600789	-0.689826	-0.779849	-0.841887	-0.865607	-0.84393	-0.761016	-0.616259	-0.424093	-0.216237	
-0.234025	-0.229031	-0.261389	-0.303477	-0.323187	-0.324469	-0.315044	-0.278795	-0.238445	-0.226982	-0.254055	-0.304558	-0.378357	-0.469792	-0.561859	-0.647603	-0.739025	-0.828272	-0.889358	-0.917005	-0.895666	-0.80873	-0.661598	-0.469842	-0.26294	
-0.264264	-0.246924	-0.259332	-0.274882	-0.275062	-0.274443	-0.276245	-0.267298	-0.248716	-0.254055	-0.287065	-0.342408	-0.418542	-0.510683	-0.602941	-0.686435	-0.7737	-0.856852	-0.919618	-0.941506	-0.914248	-0.826709	-0.678841	-0.490796	-0.289427	
-0.317002	-0.292123	-0.286602	-0.279405	-0.270106	-0.267676	-0.275273	-0.284466	-0.288533	-0.304558	-0.342408	-0.398468	-0.468665	-0.553992	-0.638381	-0.722394	-0.802188	-0.875675	-0.92314	-0.929465	-0.890182	-0.804182	-0.666878	-0.490345	-0.297978	
-0.392655	-0.360649	-0.340335	-0.322672	-0.311053	-0.30954	-0.316549	-0.333351	-0.351361	-0.378357	-0.418542	-0.468665	-0.527356	-0.596802	-0.665983	-0.740292	-0.809703	-0.860578	-0.882191	-0.867482	-0.816265	-0.731508	-0.611594	-0.456355	-0.27535	
-0.485977	-0.445407	-0.408812	-0.386194	-0.377886	-0.377687	-0.380437	-0.398441	-0.429108	-0.469792	-0.510683	-0.553992	-0.596802	-0.633986	-0.677989	-0.732216	-0.78073	-0.803835	-0.804013	-0.768673	-0.704742	-0.618451	-0.50704	-0.36894	-0.205313	
-0.578505	-0.535874	-0.484634	-0.451771	-0.441502	-0.440303	-0.445978	-0.468289	-0.51594	-0.561859	-0.602941	-0.638381	-0.665983	-0.677989	-0.693809	-0.713352	-0.724686	-0.717968	-0.690601	-0.642252	-0.570173	-0.481534	-0.37387	-0.243173	-0.0897234	
-0.663573	-0.621484	-0.566669	-0.52691	-0.515043	-0.51331	-0.520234	-0.54667	-0.600789	-0.647603	-0.686435	-0.722394	-0.740292	-0.732216	-0.713352	-0.686977	-0.649054	-0.602787	-0.544256	-0.485135	-0.410534	-0.317637	-0.213728	-0.0900355	0.0473817	
-0.754303	-0.711676	-0.656172	-0.613488	-0.588989	-0.584941	-0.601176	-0.636858	-0.689826	-0.739025	-0.7737	-0.802188	-0.809703	-0.78073	-0.724686	-0.649054	-0.563586	-0.476588	-0.388247	-0.306559	-0.220471	-0.127502	-0.0267717	0.0895464	0.211284	
-0.841182	-0.801254	-0.745558	-0.692835	-0.660594	-0.656701	-0.676089	-0.723449	-0.779849	-0.828272	-0.856852	-0.875675	-0.860578	-0.803835	-0.717968	-0.602787	-0.476588	-0.350659	-0.237512	-0.134711	-0.0363477	0.0626364	0.164572	0.276262	0.381247	
-0.903348	-0.862731	-0.807832	-0.755089	-0.720211	-0.714419	-0.738017	-0.7856	-0.841887	-0.889358	-0.919618	-0.92314	-0.882191	-0.804013	-0.690601	-0.544256	-0.388247	-0.237512	-0.101417	0.0183766	0.12787	0.23132	0.330036	0.427079	0.51278	
-0.930214	-0.888354	-0.830145	-0.777921	-0.741292	-0.73501	-0.76072	-0.807557	-0.865607	-0.917005	-0.941506	-0.929465	-0.867482	-0.768673	-0.642252	-0.485135	-0.306559	-0.134711	0.0183766	0.150926	0.264936	0.363655	0.452372	0.530946	0.5957	
-0.908095	-0.867559	-0.806143	-0.749852	-0.712288	-0.703785	-0.732932	-0.78152	-0.84393	-0.895666	-0.914248	-0.890182	-0.816265	-0.704742	-0.570173	-0.410534	-0.220471	-0.0363477	0.12787	0.264936	0.378743	0.464938	0.534164	0.591545	0.634971	
-0.819425	-0.783429	-0.722718	-0.662058	-0.626437	-0.620277	-0.644761	-0.69612	-0.761016	-0.80873	-0.826709	-0.804182	-0.731508	-0.618451	-0.481534	-0.317637	-0.127502	0.0626364	0.23132	0.363655	0.464938	0.5342	0.581873	0.614502	0.633306	
-0.67137	-0.638188	-0.577527	-0.517373	-0.483589	-0.479786	-0.499557	-0.552134	-0.616259	-0.661598	-0.678841	-0.666878	-0.611594	-0.50704	-0.37387	-0.213728	-0.0267717	0.164572	0.330036	0.452372	0.534164	0.581873	0.601423	0.59899	0.585445	
-0.480358	-0.445768	-0.387015	-0.330791	-0.303103	-0.301039	-0.315044	-0.363079	-0.424093	-0.469842	-0.490796	-0.490345	-0.456355	-0.36894	-0.243173	-0.0900355	0.0895464	0.276262	0.427079	0.530946	0.591545	0.614502	0.59899	0.558871	0.50846	
-0.275467	-0.237493	-0.179981	-0.125548	-0.109737	-0.108249	-0.114829	-0.155054	-0.216237	-0.26294	-0.289427	-0.297978	-0.27535	-0.205313	-0.0897234	0.0473817	0.211284	0.381247	0.51278	0.5957	0.634971	0.633306	0.585445	0.50846	0.406964	
