0.573669	0.748888	0.910356	1.04722	1.14714	1.20115	1.20963	1.1792	1.11139	0.999531	0.841053	0.650419	0.456974	0.290165	0.166393	0.0863395	0.0406745	0.0174656	0.00686404	0.00247888	0.000825798	0.000254679	7.29561e-05	1.94723e-05	4.85617e-06	
0.30468	0.499158	0.68768	0.863306	1.01673	1.13302	1.19811	1.21109	1.18147	1.11254	0.99662	0.831068	0.633295	0.436233	0.270538	0.151125	0.0762614	0.0349059	0.0145563	0.00555514	0.00194842	0.000630592	0.000189014	5.26502e-05	1.36716e-05	
0.0246978	0.232485	0.442061	0.643128	0.829747	0.995751	1.12437	1.1967	1.21132	1.18043	1.10758	0.983839	0.808335	0.603279	0.405147	0.244228	0.132374	0.0647567	0.0287247	0.0116096	0.00429549	0.00146137	0.000459019	0.000133615	3.61677e-05	
-0.245071	-0.043366	0.176993	0.402014	0.615336	0.811216	0.986774	1.12297	1.19744	1.21036	1.17594	1.09586	0.960179	0.772377	0.561054	0.365339	0.213094	0.111655	0.0527949	0.0226425	0.00885295	0.00317096	0.00104516	0.000318309	8.99134e-05	
-0.470988	-0.295564	-0.0903527	0.140386	0.379568	0.603854	0.808044	0.990752	1.12911	1.20007	1.20801	1.16737	1.07584	0.924077	0.722905	0.507969	0.319066	0.179322	0.0905307	0.0412663	0.0170756	0.00644788	0.00223278	0.000712221	0.000210137	
-0.647716	-0.503704	-0.324658	-0.115483	0.124952	0.375683	0.608494	0.820285	1.00725	1.1415	1.20362	1.20369	1.15325	1.04513	0.873847	0.660312	0.446241	0.269116	0.1452	0.0704245	0.0308752	0.012304	0.00448047	0.00149818	0.000462053	
-0.76867	-0.671318	-0.521347	-0.335829	-0.11944	0.131748	0.390623	0.629464	0.847859	1.03439	1.15764	1.2068	1.19624	1.13103	1.00073	0.80835	0.586151	0.378993	0.21856	0.112853	0.0524558	0.022076	0.00845924	0.00296686	0.00095697	
-0.817134	-0.778051	-0.681647	-0.524397	-0.331004	-0.102569	0.160212	0.423683	0.667245	0.88984	1.06873	1.1746	1.2082	1.18346	1.09688	0.939698	0.727785	0.503414	0.310033	0.170396	0.0839836	0.0373359	0.015059	0.00554137	0.00186985	
-0.810945	-0.815949	-0.779474	-0.677335	-0.512672	-0.309379	-0.0643377	0.208433	0.474067	0.722055	0.943371	1.10572	1.18981	1.20598	1.16148	1.04626	0.86025	0.634344	0.416439	0.243396	0.127149	0.0596981	0.0253425	0.00978372	0.00345361	
-0.757154	-0.810516	-0.816515	-0.77367	-0.65886	-0.486083	-0.267943	-0.00472149	0.274105	0.541788	0.792545	1.0032	1.14083	1.20124	1.19696	1.12477	0.975028	0.762941	0.532423	0.33038	0.182739	0.090552	0.040438	0.0163722	0.00604381	
-0.654899	-0.758277	-0.812169	-0.817286	-0.758321	-0.627898	-0.442821	-0.20362	0.0744729	0.356105	0.627041	0.874241	1.06267	1.17072	1.2066	1.17571	1.06707	0.881268	0.651423	0.428162	0.250359	0.130783	0.0613838	0.0260441	0.0100477	
-0.544574	-0.66625	-0.764296	-0.817196	-0.812429	-0.731303	-0.584421	-0.378449	-0.116101	0.170673	0.455194	0.72769	0.959364	1.11587	1.19325	1.20158	1.13469	0.983472	0.766831	0.532333	0.328381	0.180553	0.0889545	0.0395087	0.0159145	
-0.438786	-0.564319	-0.686846	-0.777787	-0.823315	-0.796165	-0.692276	-0.523787	-0.288987	-0.00842126	0.283233	0.571851	0.836909	1.03911	1.1593	1.20557	1.17875	1.06623	0.872992	0.637954	0.414146	0.23921	0.123511	0.0573452	0.0240881	
-0.348473	-0.459568	-0.594695	-0.713282	-0.797834	-0.822649	-0.766689	-0.638589	-0.438465	-0.175055	0.116412	0.413711	0.702034	0.944022	1.107	1.19079	1.20158	1.12855	0.965813	0.740283	0.504336	0.305331	0.164908	0.0799067	0.0349502	
-0.292767	-0.372605	-0.497552	-0.632368	-0.746733	-0.815835	-0.808462	-0.723216	-0.562023	-0.324604	-0.0408447	0.258929	0.561341	0.835189	1.03889	1.16004	1.20616	1.17127	1.04297	0.835328	0.595422	0.376901	0.212482	0.10725	0.0487627	
-0.258722	-0.30962	-0.412501	-0.546543	-0.6788	-0.783061	-0.82098	-0.778926	-0.658874	-0.454215	-0.185341	0.111737	0.420699	0.717705	0.957957	1.11587	1.19555	1.19635	1.10376	0.920189	0.684088	0.451555	0.265111	0.139105	0.0656208	
-0.249324	-0.268707	-0.3427	-0.465537	-0.603924	-0.732531	-0.809815	-0.808772	-0.729486	-0.562112	-0.314914	-0.0251255	0.28475	0.59666	0.867664	1.06075	1.17259	1.20634	1.14877	0.993156	0.767545	0.52685	0.32134	0.174889	0.0854255	
-0.247883	-0.249844	-0.292948	-0.394924	-0.528987	-0.671162	-0.780973	-0.817755	-0.776409	-0.647646	-0.427887	-0.149962	0.156699	0.476566	0.771745	0.997224	1.13984	1.20394	1.17947	1.05362	0.843717	0.600506	0.379529	0.213755	0.107879	
-0.249644	-0.242812	-0.260459	-0.338579	-0.461083	-0.605597	-0.738906	-0.810268	-0.803854	-0.712141	-0.5233	-0.261581	0.0385878	0.361006	0.673848	0.92795	1.0997	1.19176	1.19782	1.10187	0.911298	0.670578	0.43801	0.254672	0.132501	
-0.247225	-0.243863	-0.243583	-0.295403	-0.402708	-0.542803	-0.689397	-0.789729	-0.815472	-0.758262	-0.601471	-0.359335	-0.0683324	0.252607	0.577245	0.855598	1.05439	1.1722	1.206	1.13884	0.969696	0.735561	0.495214	0.296508	0.158668	
-0.24287	-0.243243	-0.236399	-0.265987	-0.354216	-0.48549	-0.63809	-0.760688	-0.814645	-0.788776	-0.663587	-0.443247	-0.163463	0.153152	0.48467	0.782725	1.00603	1.14746	1.20618	1.1659	1.01893	0.794421	0.549772	0.338121	0.185655	
-0.237245	-0.243918	-0.233932	-0.247274	-0.316747	-0.435213	-0.587812	-0.727027	-0.805137	-0.806775	-0.711309	-0.513793	-0.246704	0.0637022	0.398256	0.711659	0.956617	1.11951	1.2004	1.18459	1.05946	0.846565	0.600568	0.378425	0.212687	
-0.229713	-0.242866	-0.233628	-0.234998	-0.288817	-0.394062	-0.541514	-0.691374	-0.789799	-0.815349	-0.7468	-0.571871	-0.318287	-0.015225	0.319548	0.644407	0.907977	1.09009	1.19054	1.19653	1.09207	0.891783	0.646755	0.416443	0.238987	
-0.220595	-0.241312	-0.236326	-0.228342	-0.26709	-0.360353	-0.501276	-0.656891	-0.771203	-0.817026	-0.77225	-0.618711	-0.378729	-0.0835016	0.249593	0.582617	0.861765	1.06077	1.17825	1.20328	1.11772	0.930159	0.687747	0.451341	0.263815	
-0.213246	-0.236491	-0.236767	-0.225878	-0.252708	-0.333618	-0.466743	-0.625203	-0.751811	-0.814247	-0.789738	-0.655634	-0.428716	-0.141276	0.189026	0.527585	0.81941	1.03292	1.16497	1.20626	1.13741	0.961984	0.72318	0.482437	0.286495	
-0.20613	-0.233855	-0.238115	-0.224101	-0.242042	-0.313463	-0.438844	-0.597504	-0.733174	-0.808983	-0.801232	-0.684012	-0.469008	-0.188853	0.138184	0.480282	0.782115	1.0077	1.15193	1.20673	1.15214	0.987668	0.752871	0.509196	0.306438	
-0.201123	-0.229507	-0.238117	-0.22438	-0.235204	-0.298159	-0.416854	-0.574736	-0.716771	-0.802817	-0.808363	-0.705123	-0.500382	-0.226616	0.0971932	0.441404	0.75085	0.986113	1.14013	1.20576	1.1628	1.00767	0.776761	0.531221	0.323154	
-0.19565	-0.226544	-0.238519	-0.224619	-0.230682	-0.287422	-0.400563	-0.557167	-0.703533	-0.797026	-0.812496	-0.720078	-0.523546	-0.254955	0.0660552	0.411429	0.726367	0.968932	1.13039	1.20421	1.17017	1.02242	0.794874	0.548227	0.336248	
-0.194423	-0.224478	-0.237725	-0.224677	-0.228139	-0.280602	-0.389633	-0.544996	-0.694081	-0.792508	-0.814678	-0.729776	-0.539091	-0.274213	0.0447122	0.390664	0.709213	0.956756	1.12332	1.20274	1.17486	1.03232	0.807268	0.560023	0.345429	
-0.19114	-0.222735	-0.238279	-0.225412	-0.226696	-0.276668	-0.383705	-0.538468	-0.688883	-0.789836	-0.8156	-0.734859	-0.547453	-0.28465	0.0330962	0.379291	0.699751	0.94999	1.11933	1.2018	1.17728	1.03762	0.814005	0.566491	0.350496	
-0.19192	-0.223234	-0.237648	-0.224718	-0.226689	-0.276404	-0.382679	-0.537299	-0.688052	-0.789374	-0.815682	-0.73568	-0.548873	-0.286411	0.0311598	0.377401	0.698173	0.948856	1.11866	1.20164	1.17767	1.0385	0.815128	0.567571	0.351344	
-0.192826	-0.223297	-0.238029	-0.225405	-0.227529	-0.278349	-0.386461	-0.54192	-0.691705	-0.791092	-0.814962	-0.732316	-0.543395	-0.279519	0.0388967	0.385006	0.704509	0.953389	1.12134	1.20229	1.17609	1.03499	0.810644	0.563255	0.347955	
-0.194119	-0.226052	-0.238365	-0.224222	-0.229583	-0.284305	-0.395357	-0.551838	-0.699565	-0.794863	-0.813237	-0.724526	-0.530844	-0.263866	0.0563404	0.402048	0.718632	0.963443	1.12722	1.20359	1.17235	1.02696	0.800524	0.55358	0.340399	
-0.199668	-0.228342	-0.237824	-0.224723	-0.233551	-0.292972	-0.409296	-0.567477	-0.711453	-0.800123	-0.809895	-0.711795	-0.510861	-0.239231	0.0835555	0.428383	0.740247	0.978686	1.13595	1.20518	1.16613	1.0142	0.78471	0.53864	0.328838	
-0.202855	-0.2319	-0.238537	-0.224156	-0.238906	-0.306452	-0.429206	-0.588266	-0.726596	-0.80617	-0.804098	-0.693322	-0.482897	-0.205296	0.120607	0.463756	0.768884	0.998598	1.14701	1.20648	1.15687	0.996353	0.763139	0.518593	0.313527	
-0.210583	-0.235899	-0.237091	-0.225055	-0.248164	-0.324511	-0.454697	-0.614089	-0.7444	-0.811907	-0.794572	-0.668055	-0.446281	-0.161686	0.167523	0.507763	0.803873	1.02247	1.15967	1.2067	1.14388	0.973003	0.735769	0.493685	0.294818	
-0.217723	-0.239351	-0.236606	-0.227288	-0.260514	-0.348463	-0.486841	-0.644288	-0.763489	-0.815877	-0.779804	-0.634765	-0.400253	-0.108014	0.22423	0.559802	0.844335	1.0494	1.173	1.20487	1.1263	0.943693	0.702619	0.464266	0.273165	
-0.226114	-0.24177	-0.234966	-0.231852	-0.278943	-0.379641	-0.525004	-0.677579	-0.782474	-0.816352	-0.757921	-0.592071	-0.344038	-0.0439437	0.290486	0.619021	0.889162	1.07828	1.18585	1.1998	1.10316	0.907984	0.663817	0.430812	0.249117	
-0.232875	-0.244453	-0.234134	-0.241118	-0.304426	-0.418041	-0.568823	-0.712759	-0.799419	-0.81102	-0.726802	-0.538612	-0.276931	0.0307363	0.365787	0.68426	0.937016	1.10784	1.19687	1.19013	1.07346	0.865528	0.619649	0.393947	0.223317	
-0.242345	-0.243967	-0.234541	-0.25703	-0.338096	-0.464716	-0.617613	-0.747428	-0.811687	-0.797298	-0.684273	-0.473123	-0.198354	0.116021	0.449267	0.754017	0.986331	1.13659	1.2045	1.17434	1.03621	0.816147	0.570606	0.354443	0.196482	
-0.245261	-0.243474	-0.239417	-0.281748	-0.382632	-0.519528	-0.668449	-0.778601	-0.816628	-0.772312	-0.628105	-0.394567	-0.107963	0.211563	0.539594	0.826427	1.03534	1.16284	1.20696	1.15083	0.990538	0.759923	0.517428	0.313223	0.16938	
-0.249266	-0.242065	-0.251738	-0.320494	-0.437317	-0.579437	-0.718872	-0.803493	-0.810713	-0.732727	-0.556414	-0.302347	-0.00572471	0.31655	0.634881	0.899283	1.08212	1.18472	1.20225	1.11802	0.935838	0.697285	0.461124	0.271336	0.142792	
-0.247268	-0.246095	-0.279107	-0.371015	-0.50022	-0.644294	-0.765312	-0.817065	-0.789899	-0.67574	-0.467957	-0.196258	0.108012	0.429517	0.73263	0.970105	1.12459	1.20014	1.18824	1.07442	0.871895	0.629087	0.402968	0.229908	0.117469	
-0.249339	-0.259818	-0.320089	-0.435205	-0.573275	-0.708828	-0.800318	-0.815006	-0.75108	-0.598827	-0.361988	-0.0766104	0.232284	0.54818	0.829769	1.03625	1.16057	1.20677	1.16274	1.01893	0.799039	0.556644	0.344456	0.190087	0.0940806	
-0.252253	-0.289969	-0.382459	-0.513071	-0.649173	-0.764606	-0.819178	-0.794012	-0.690309	-0.499889	-0.238888	0.0555996	0.365379	0.669345	0.922773	1.09505	1.18775	1.20207	1.12367	0.950947	0.718281	0.481735	0.287233	0.152953	0.0731704	
-0.276451	-0.345134	-0.461225	-0.597648	-0.721328	-0.805554	-0.816767	-0.74909	-0.604083	-0.378763	-0.100135	0.198886	0.504606	0.788859	1.0079	1.14391	1.20363	1.18335	1.06933	0.8707	0.63139	0.406523	0.232968	0.119438	0.0551118	
-0.32243	-0.420978	-0.555244	-0.682925	-0.780272	-0.823374	-0.787236	-0.676315	-0.491103	-0.236859	0.0522968	0.350998	0.645923	0.901809	1.08155	1.18032	1.20549	1.14798	0.998725	0.779439	0.540882	0.333413	0.18321	0.0902394	0.0400844	
-0.398484	-0.522402	-0.651892	-0.754453	-0.816801	-0.811154	-0.726226	-0.573579	-0.351698	-0.076612	0.215681	0.508356	0.783915	1.00302	1.14051	1.2018	1.19033	1.09369	0.911989	0.679589	0.449897	0.264833	0.139231	0.0657554	0.0280681	
-0.50252	-0.62625	-0.735387	-0.805657	-0.821991	-0.761821	-0.631643	-0.4404	-0.18767	0.0981335	0.386111	0.665869	0.9122	1.08765	1.18208	1.20567	1.15511	1.01911	0.810768	0.574729	0.361924	0.202972	0.10189	0.0460589	0.0188631	
-0.609962	-0.724073	-0.79845	-0.8228	-0.784975	-0.673649	-0.503763	-0.277044	-0.00320083	0.281776	0.558627	0.81707	1.024	1.15164	1.20393	1.18894	1.09713	0.924437	0.698447	0.46936	0.280422	0.149517	0.0715427	0.0309086	0.0121286	
