0.40326	0.517233	0.621905	0.694492	0.741601	0.752321	0.715617	0.655121	0.562214	0.447243	0.344671	0.264612	0.194424	0.140755	0.0943737	0.0373672	-0.0192375	-0.080625	-0.143567	-0.207587	-0.257411	-0.284538	-0.292728	-0.292129	-0.287933	
0.352919	0.491565	0.62717	0.72804	0.794021	0.808368	0.75771	0.672718	0.54852	0.405978	0.282729	0.19324	0.130756	0.0890643	0.0577392	0.0169672	-0.0241632	-0.0749608	-0.131197	-0.178403	-0.211099	-0.224413	-0.232373	-0.240203	-0.24644	
0.317703	0.472459	0.624343	0.739926	0.812947	0.824886	0.775713	0.675247	0.535945	0.377111	0.239795	0.138425	0.0709719	0.0365911	0.0106087	-0.0197203	-0.0588742	-0.105462	-0.147285	-0.170609	-0.182168	-0.187456	-0.190265	-0.19213	-0.191045	
0.296162	0.455747	0.607393	0.722809	0.790762	0.80142	0.757103	0.658259	0.519727	0.358366	0.21046	0.0927315	0.0169716	-0.0202986	-0.0520913	-0.0884309	-0.127972	-0.161384	-0.183195	-0.187015	-0.182214	-0.173816	-0.160217	-0.146655	-0.13537	
0.271734	0.425629	0.568396	0.674839	0.734617	0.745727	0.704335	0.616181	0.485887	0.332659	0.183384	0.0582413	-0.028126	-0.0824802	-0.127237	-0.171916	-0.205776	-0.227945	-0.236457	-0.228909	-0.210795	-0.184551	-0.152547	-0.121963	-0.101966	
0.234178	0.374494	0.502641	0.597785	0.654235	0.664228	0.625658	0.54512	0.428342	0.290456	0.152436	0.0306043	-0.0660676	-0.134266	-0.186701	-0.233926	-0.270736	-0.291004	-0.296532	-0.281234	-0.252317	-0.214965	-0.173735	-0.138653	-0.102055	
0.195604	0.322207	0.431365	0.514266	0.565277	0.574723	0.538949	0.467585	0.369303	0.246357	0.1211	0.00434382	-0.0914068	-0.158988	-0.213768	-0.266164	-0.315235	-0.340645	-0.345212	-0.331333	-0.300369	-0.264277	-0.219861	-0.179108	-0.132959	
0.177629	0.290208	0.379809	0.445024	0.48791	0.493077	0.46678	0.407713	0.329997	0.223586	0.109648	0.00294257	-0.088411	-0.154042	-0.213898	-0.269604	-0.32782	-0.363983	-0.379772	-0.37727	-0.357851	-0.329222	-0.289406	-0.249535	-0.200549	
0.197061	0.283385	0.351663	0.401908	0.435283	0.439639	0.419085	0.37324	0.313121	0.233292	0.138519	0.0392636	-0.0534018	-0.130904	-0.198114	-0.257712	-0.318004	-0.365262	-0.395866	-0.412331	-0.416745	-0.400668	-0.373544	-0.340069	-0.297739	
0.240859	0.292599	0.331949	0.367961	0.393233	0.396351	0.380905	0.346404	0.309037	0.264358	0.196915	0.105031	0.0106115	-0.0817032	-0.160111	-0.225987	-0.289726	-0.346899	-0.395638	-0.43243	-0.460881	-0.46291	-0.452621	-0.436319	-0.410628	
0.285544	0.305866	0.315906	0.334183	0.346534	0.348717	0.340222	0.322372	0.309488	0.297015	0.254983	0.174315	0.083187	-0.0150999	-0.100508	-0.17112	-0.242799	-0.317332	-0.384127	-0.43547	-0.471254	-0.489159	-0.502323	-0.518805	-0.521791	
0.311688	0.307566	0.292472	0.291439	0.291733	0.291662	0.292092	0.290332	0.30062	0.314252	0.293959	0.231344	0.146549	0.0578317	-0.0258858	-0.0995657	-0.183284	-0.275278	-0.352946	-0.416386	-0.459536	-0.495763	-0.532625	-0.579294	-0.609888	
0.310889	0.284684	0.252515	0.238107	0.236152	0.23559	0.236954	0.243958	0.270392	0.303946	0.307622	0.266436	0.194618	0.114996	0.0370082	-0.0372264	-0.124638	-0.220898	-0.312535	-0.390605	-0.452886	-0.507798	-0.56613	-0.62749	-0.675908	
0.278529	0.235804	0.193407	0.174009	0.176478	0.177356	0.173836	0.182267	0.217227	0.263488	0.289508	0.271176	0.212207	0.140747	0.0727594	0.00498187	-0.0767819	-0.173709	-0.279527	-0.377337	-0.46245	-0.533921	-0.606954	-0.679909	-0.741958	
0.211678	0.162384	0.11509	0.092394	0.0956562	0.0983306	0.0915274	0.1024	0.142005	0.192962	0.23149	0.228863	0.18455	0.130935	0.0832946	0.0279657	-0.0476487	-0.146216	-0.257557	-0.36871	-0.467369	-0.557363	-0.648513	-0.730165	-0.79665	
0.108943	0.0576581	0.00743834	-0.0222651	-0.0223001	-0.0215571	-0.0246056	-0.00811089	0.0364424	0.0896056	0.133178	0.145413	0.122716	0.0948742	0.0685346	0.0279845	-0.0381008	-0.129116	-0.238598	-0.352057	-0.460683	-0.567067	-0.673295	-0.766775	-0.8351	
-0.0202844	-0.0746655	-0.125599	-0.155644	-0.160065	-0.160071	-0.159517	-0.140929	-0.0961465	-0.0419611	0.00780936	0.0329752	0.0319635	0.0217306	0.00900824	-0.0166258	-0.0663592	-0.136032	-0.226438	-0.327754	-0.441286	-0.56189	-0.680124	-0.782753	-0.852666	
-0.165208	-0.22251	-0.272865	-0.297937	-0.305663	-0.305808	-0.302312	-0.28608	-0.244586	-0.188608	-0.133761	-0.0995384	-0.084749	-0.0827606	-0.0886935	-0.0993112	-0.126324	-0.164591	-0.220847	-0.302553	-0.407817	-0.535005	-0.658627	-0.765339	-0.831331	
-0.315208	-0.373724	-0.422194	-0.446628	-0.45818	-0.461541	-0.451466	-0.435021	-0.395639	-0.338172	-0.283857	-0.241402	-0.209822	-0.190736	-0.183967	-0.174061	-0.173511	-0.180148	-0.205858	-0.264625	-0.3562	-0.476337	-0.595849	-0.699219	-0.761885	
-0.447963	-0.503618	-0.548267	-0.571335	-0.588097	-0.593126	-0.577693	-0.559876	-0.523697	-0.469727	-0.418048	-0.368889	-0.318984	-0.27865	-0.250955	-0.219043	-0.194896	-0.176398	-0.17385	-0.206103	-0.279285	-0.380103	-0.48326	-0.571537	-0.629059	
-0.529112	-0.579409	-0.615884	-0.633567	-0.649208	-0.653265	-0.639319	-0.624437	-0.596716	-0.549498	-0.499606	-0.444101	-0.377024	-0.320795	-0.276567	-0.232603	-0.190335	-0.148936	-0.120472	-0.127959	-0.174274	-0.244971	-0.326642	-0.397275	-0.448601	
-0.525529	-0.570646	-0.598044	-0.609949	-0.619912	-0.622326	-0.613807	-0.60336	-0.584592	-0.544292	-0.496973	-0.436091	-0.361472	-0.299263	-0.246784	-0.197353	-0.141439	-0.0825804	-0.0316305	-0.0120292	-0.0311069	-0.0730015	-0.131657	-0.18543	-0.23388	
-0.421122	-0.457608	-0.481906	-0.49328	-0.500149	-0.502821	-0.495786	-0.48762	-0.469335	-0.436929	-0.394733	-0.337637	-0.269908	-0.206535	-0.14939	-0.0921407	-0.0282554	0.0418387	0.108064	0.146385	0.151884	0.134957	0.0968719	0.0545913	0.00979168	
-0.219425	-0.249647	-0.273511	-0.288466	-0.296189	-0.296694	-0.292824	-0.280274	-0.260404	-0.23262	-0.197609	-0.152819	-0.0964325	-0.03861	0.0226192	0.0847329	0.152925	0.227418	0.294055	0.336959	0.357358	0.363108	0.350583	0.324759	0.289615	
0.0533076	0.0304904	0.011488	0.000220316	-0.00132914	-0.000944483	-0.00152166	0.00629049	0.022282	0.0436328	0.069651	0.102729	0.142614	0.190616	0.247853	0.310637	0.375797	0.442561	0.502081	0.546851	0.580669	0.605044	0.619372	0.618719	0.597865	
0.36286	0.347284	0.334657	0.335258	0.343868	0.345349	0.339217	0.333143	0.341758	0.355575	0.375469	0.398581	0.423049	0.463031	0.510768	0.568132	0.619215	0.671317	0.720958	0.764762	0.81381	0.861305	0.903664	0.919335	0.905176	
0.677431	0.664715	0.65761	0.666255	0.680903	0.683973	0.672711	0.659189	0.660431	0.67182	0.685152	0.696645	0.711525	0.742951	0.786052	0.835398	0.871404	0.902433	0.934582	0.976187	1.03999	1.11127	1.17439	1.2019	1.18881	
0.964079	0.954313	0.950778	0.963674	0.97934	0.983078	0.970176	0.954357	0.950939	0.961129	0.96435	0.959455	0.961563	0.982227	1.02418	1.0696	1.09519	1.10523	1.12046	1.16238	1.23487	1.3227	1.40095	1.44592	1.44228	
1.18451	1.17676	1.17144	1.18718	1.20448	1.20625	1.19602	1.17506	1.17253	1.18324	1.18135	1.16468	1.15335	1.16699	1.20376	1.24806	1.26804	1.26758	1.27286	1.30358	1.37572	1.47329	1.56581	1.62551	1.63352	
1.31341	1.302	1.29824	1.31801	1.3371	1.34105	1.32704	1.30438	1.29747	1.31093	1.30799	1.28468	1.26837	1.27111	1.30561	1.34782	1.36958	1.36626	1.36498	1.39274	1.45967	1.55797	1.65535	1.72979	1.75168	
1.33533	1.3232	1.32011	1.34078	1.36085	1.3649	1.35009	1.32676	1.31854	1.33269	1.32956	1.30532	1.28804	1.28832	1.32262	1.36418	1.38673	1.3827	1.38091	1.40904	1.47441	1.57208	1.66867	1.74729	1.77231	
1.24821	1.23942	1.23408	1.25158	1.26951	1.27177	1.26068	1.23858	1.23489	1.24651	1.24417	1.22387	1.20976	1.21906	1.25446	1.29777	1.3176	1.31614	1.31833	1.34697	1.41612	1.51512	1.61116	1.67728	1.69134	
1.06192	1.05354	1.0493	1.06326	1.07926	1.08201	1.0705	1.053	1.0499	1.05994	1.06033	1.05	1.04635	1.06435	1.10411	1.14939	1.17222	1.17618	1.1865	1.22394	1.29867	1.39076	1.47481	1.52599	1.52651	
0.79767	0.786031	0.78096	0.791926	0.807132	0.810915	0.798104	0.783807	0.78219	0.793036	0.802211	0.806685	0.817237	0.844125	0.887574	0.934382	0.965278	0.987512	1.01234	1.05587	1.12301	1.20228	1.27181	1.30625	1.29651	
0.489527	0.475507	0.464989	0.469276	0.481381	0.482866	0.474998	0.464499	0.470437	0.483037	0.500832	0.520384	0.54052	0.578004	0.622619	0.676674	0.721403	0.765321	0.809071	0.850486	0.906107	0.963744	1.01555	1.03561	1.02056	
0.174858	0.155114	0.139233	0.132596	0.134825	0.135983	0.132686	0.13554	0.148267	0.166273	0.189131	0.217906	0.250974	0.294967	0.348327	0.409812	0.470531	0.532166	0.58835	0.633922	0.674229	0.706229	0.732005	0.739293	0.723519	
-0.116967	-0.144445	-0.167167	-0.182312	-0.188665	-0.188774	-0.186243	-0.173897	-0.154468	-0.128591	-0.0974867	-0.0575052	-0.00733887	0.0472836	0.108275	0.170758	0.23868	0.31139	0.376324	0.419503	0.444312	0.457819	0.456075	0.440111	0.410641	
-0.351012	-0.384883	-0.408875	-0.422041	-0.429277	-0.43122	-0.425071	-0.415273	-0.395988	-0.365822	-0.326396	-0.273772	-0.210076	-0.148287	-0.0887689	-0.0287498	0.0372248	0.110273	0.177915	0.219654	0.232227	0.225078	0.196521	0.159284	0.117052	
-0.496189	-0.538002	-0.563337	-0.574032	-0.582002	-0.584589	-0.577015	-0.568632	-0.550817	-0.513831	-0.46831	-0.407273	-0.334466	-0.271105	-0.217035	-0.164116	-0.104487	-0.0408615	0.0176041	0.046011	0.0384348	0.00629618	-0.0444473	-0.0929137	-0.140023	
-0.539148	-0.58768	-0.620327	-0.634907	-0.648733	-0.651539	-0.64037	-0.627173	-0.603662	-0.559003	-0.509505	-0.451986	-0.379519	-0.320586	-0.271756	-0.22597	-0.178157	-0.127565	-0.0902148	-0.0863644	-0.123237	-0.180641	-0.252281	-0.316205	-0.365807	
-0.48871	-0.542148	-0.583976	-0.605553	-0.622498	-0.627963	-0.611613	-0.594726	-0.561367	-0.509769	-0.459271	-0.407009	-0.35024	-0.302109	-0.267053	-0.22857	-0.196252	-0.169462	-0.155378	-0.178363	-0.240148	-0.330222	-0.426244	-0.507089	-0.562665	
-0.371911	-0.430001	-0.477509	-0.501687	-0.515827	-0.519963	-0.507309	-0.489822	-0.451494	-0.394713	-0.341461	-0.296515	-0.257213	-0.229885	-0.215071	-0.195802	-0.185213	-0.180872	-0.195314	-0.242895	-0.3282	-0.44229	-0.556265	-0.654705	-0.715298	
-0.22546	-0.283673	-0.334057	-0.357918	-0.366812	-0.368002	-0.3622	-0.346686	-0.306091	-0.248886	-0.193368	-0.155851	-0.134754	-0.126511	-0.128809	-0.132092	-0.148061	-0.173005	-0.216236	-0.290361	-0.390608	-0.516059	-0.639036	-0.74642	-0.811134	
-0.076858	-0.13271	-0.182954	-0.210938	-0.216337	-0.216334	-0.214961	-0.197316	-0.154313	-0.0993744	-0.0472306	-0.017974	-0.0128082	-0.0186191	-0.0283303	-0.0478115	-0.0887161	-0.147384	-0.224431	-0.318228	-0.429204	-0.554536	-0.675855	-0.779904	-0.848908	
0.0595474	0.00725145	-0.0436816	-0.0749595	-0.0767667	-0.0768373	-0.0778573	-0.0598327	-0.0141004	0.0395354	0.0853111	0.103727	0.0904293	0.0715234	0.0513067	0.0166101	-0.0436262	-0.12759	-0.232019	-0.342878	-0.454944	-0.567326	-0.678226	-0.776092	-0.845783	
0.174728	0.124685	0.0759339	0.0506288	0.0527531	0.0553933	0.0491002	0.0622039	0.103899	0.155396	0.196557	0.198988	0.163193	0.119651	0.0813821	0.0316388	-0.0416901	-0.137636	-0.249984	-0.362667	-0.465869	-0.562456	-0.660431	-0.747115	-0.813845	
0.256311	0.209416	0.164745	0.144235	0.148166	0.149718	0.144397	0.15309	0.189854	0.239345	0.271307	0.261112	0.206146	0.140723	0.0797595	0.0167978	-0.0624449	-0.161663	-0.269741	-0.37458	-0.465432	-0.545014	-0.625152	-0.701124	-0.765414	
0.30219	0.267711	0.231024	0.213924	0.21343	0.213737	0.212797	0.221416	0.251595	0.291642	0.304853	0.272839	0.207069	0.129233	0.0545475	-0.0183455	-0.103591	-0.19931	-0.297885	-0.384083	-0.456376	-0.516928	-0.581041	-0.647462	-0.7025	
0.314911	0.301903	0.278703	0.271364	0.269479	0.268453	0.2711	0.273373	0.291589	0.313961	0.302615	0.248117	0.167863	0.0840069	0.00219788	-0.0721807	-0.159159	-0.254411	-0.336204	-0.405197	-0.454693	-0.498893	-0.54566	-0.598956	-0.637198	
0.29888	0.308788	0.307795	0.318467	0.324772	0.32612	0.321934	0.310871	0.3079	0.306577	0.273469	0.199065	0.110079	0.0143235	-0.0711225	-0.14262	-0.219963	-0.302744	-0.373896	-0.429684	-0.467542	-0.49253	-0.515562	-0.545468	-0.560101	
