0.227598	0.298005	0.3751	0.443254	0.487076	0.494719	0.464983	0.40386	0.329278	0.253457	0.196496	0.168783	0.174192	0.206162	0.26772	0.349686	0.450536	0.546688	0.61499	0.637821	0.610013	0.518597	0.369368	0.179857	-0.0221198	
0.0991701	0.168259	0.247721	0.326532	0.380507	0.389767	0.352651	0.280182	0.199039	0.125103	0.0657856	0.0314654	0.0288534	0.0511327	0.104793	0.191924	0.304565	0.422843	0.526458	0.600776	0.633273	0.599677	0.492741	0.328744	0.148014	
-0.0516271	0.0066252	0.0807033	0.157637	0.21186	0.221573	0.18389	0.112221	0.0349809	-0.030735	-0.0788319	-0.108573	-0.110455	-0.0845957	-0.0190189	0.0780115	0.199683	0.332047	0.461136	0.576675	0.66799	0.692605	0.637043	0.514821	0.364173	
-0.221178	-0.181204	-0.123802	-0.0547516	0.00252433	0.0136575	-0.0278697	-0.097044	-0.160414	-0.206905	-0.238348	-0.252916	-0.236968	-0.196192	-0.120204	-0.014279	0.111884	0.254631	0.406655	0.55627	0.695145	0.776109	0.77779	0.708582	0.597781	
-0.391188	-0.374645	-0.336755	-0.285865	-0.242452	-0.234197	-0.266175	-0.316629	-0.362258	-0.386937	-0.393811	-0.386785	-0.354844	-0.3004	-0.219451	-0.112714	0.0148403	0.16866	0.345187	0.532463	0.716296	0.841497	0.889562	0.870038	0.806151	
-0.532542	-0.540837	-0.53568	-0.514979	-0.488755	-0.482935	-0.503652	-0.529039	-0.541367	-0.536665	-0.525545	-0.510527	-0.474849	-0.415496	-0.330052	-0.220986	-0.0935642	0.0704481	0.265656	0.479515	0.693265	0.856931	0.946799	0.981412	0.967796	
-0.649574	-0.670952	-0.688335	-0.692785	-0.68572	-0.683549	-0.690913	-0.691374	-0.679636	-0.658156	-0.63839	-0.618408	-0.580364	-0.522108	-0.442241	-0.336057	-0.207085	-0.0410699	0.161709	0.382471	0.607861	0.801731	0.940588	1.02916	1.07386	
-0.732206	-0.761045	-0.785287	-0.799959	-0.801634	-0.800919	-0.801829	-0.792055	-0.771647	-0.743732	-0.716999	-0.696331	-0.666487	-0.614342	-0.54295	-0.444603	-0.318484	-0.157636	0.0365423	0.257255	0.47973	0.686274	0.865699	1.01486	1.11779	
-0.761723	-0.784768	-0.815638	-0.841313	-0.852749	-0.852564	-0.847673	-0.8273	-0.797043	-0.769262	-0.752403	-0.741693	-0.725158	-0.685423	-0.62396	-0.539785	-0.427725	-0.279647	-0.103129	0.10088	0.316861	0.531712	0.738176	0.933439	1.08931	
-0.731392	-0.754038	-0.791531	-0.82397	-0.84473	-0.849095	-0.833773	-0.805891	-0.76852	-0.738478	-0.726863	-0.728808	-0.730851	-0.720843	-0.682042	-0.616681	-0.522501	-0.400564	-0.251759	-0.0749357	0.127446	0.346936	0.572756	0.796633	0.994459	
-0.657987	-0.683044	-0.727226	-0.763589	-0.792192	-0.797645	-0.776903	-0.742562	-0.700334	-0.664505	-0.657152	-0.668919	-0.69379	-0.713002	-0.703806	-0.665782	-0.604295	-0.516888	-0.403098	-0.256639	-0.0818333	0.126046	0.362193	0.604368	0.830871	
-0.574183	-0.596984	-0.639721	-0.679405	-0.711342	-0.717245	-0.693576	-0.656698	-0.613311	-0.579608	-0.5766	-0.602149	-0.642755	-0.682735	-0.699664	-0.691809	-0.663253	-0.620397	-0.552372	-0.446699	-0.305309	-0.12219	0.104232	0.356749	0.607849	
-0.496001	-0.506156	-0.537806	-0.57726	-0.604263	-0.608557	-0.590287	-0.554237	-0.516011	-0.49659	-0.504268	-0.538759	-0.590091	-0.6411	-0.674128	-0.689015	-0.694556	-0.70002	-0.685636	-0.624987	-0.514362	-0.359197	-0.152022	0.0966003	0.361761	
-0.422916	-0.423356	-0.439495	-0.461947	-0.482072	-0.484911	-0.471141	-0.447746	-0.428838	-0.420081	-0.433962	-0.4729	-0.533274	-0.593118	-0.636525	-0.674079	-0.717733	-0.754189	-0.775199	-0.755664	-0.676937	-0.548145	-0.369362	-0.138536	0.119035	
-0.364218	-0.349083	-0.356143	-0.367106	-0.378787	-0.381407	-0.372461	-0.359989	-0.351234	-0.35441	-0.3858	-0.429439	-0.483364	-0.546458	-0.60246	-0.653924	-0.724985	-0.79164	-0.838077	-0.841901	-0.790823	-0.686024	-0.533655	-0.329083	-0.0957845	
-0.329095	-0.306701	-0.29794	-0.298329	-0.304955	-0.307527	-0.301041	-0.296332	-0.302405	-0.318509	-0.350271	-0.394115	-0.443082	-0.498056	-0.557923	-0.621103	-0.705026	-0.799916	-0.867255	-0.882755	-0.853591	-0.776121	-0.650814	-0.475502	-0.271332	
-0.318024	-0.295102	-0.276395	-0.268889	-0.264734	-0.262665	-0.267222	-0.272001	-0.287042	-0.30848	-0.332096	-0.364436	-0.402466	-0.438296	-0.495112	-0.569885	-0.661742	-0.764461	-0.849269	-0.881053	-0.864352	-0.80626	-0.716272	-0.579574	-0.414756	
-0.312637	-0.294695	-0.27656	-0.264156	-0.255526	-0.251945	-0.260452	-0.270725	-0.286649	-0.306396	-0.319596	-0.330658	-0.347248	-0.368184	-0.411471	-0.485	-0.582711	-0.688766	-0.778372	-0.826338	-0.825595	-0.786192	-0.72904	-0.64129	-0.525902	
-0.307562	-0.300607	-0.290292	-0.275671	-0.262276	-0.259204	-0.269315	-0.285349	-0.295846	-0.306045	-0.306217	-0.292706	-0.286734	-0.297281	-0.323187	-0.384564	-0.477716	-0.584398	-0.676083	-0.731442	-0.752836	-0.744517	-0.713048	-0.669944	-0.605783	
-0.31496	-0.326398	-0.32271	-0.29548	-0.280538	-0.277462	-0.287201	-0.312768	-0.32911	-0.320104	-0.30284	-0.274872	-0.251821	-0.242951	-0.255544	-0.302755	-0.380559	-0.481182	-0.576151	-0.635448	-0.67146	-0.689376	-0.691063	-0.689797	-0.663628	
-0.335821	-0.355348	-0.353114	-0.322431	-0.300261	-0.29717	-0.311155	-0.342284	-0.359032	-0.344875	-0.3205	-0.283649	-0.248382	-0.22728	-0.225767	-0.249448	-0.309165	-0.398767	-0.492625	-0.560861	-0.608081	-0.639287	-0.669054	-0.695827	-0.696773	
-0.352486	-0.377399	-0.370317	-0.336306	-0.304894	-0.299635	-0.321538	-0.358951	-0.37849	-0.365609	-0.331811	-0.291901	-0.261352	-0.240335	-0.225699	-0.232405	-0.277358	-0.349927	-0.428987	-0.497512	-0.552814	-0.596284	-0.639349	-0.680789	-0.707778	
-0.345685	-0.368318	-0.360623	-0.330737	-0.295988	-0.286782	-0.315714	-0.351225	-0.368706	-0.35742	-0.323414	-0.291834	-0.276227	-0.259418	-0.241718	-0.239044	-0.268418	-0.325919	-0.393115	-0.446477	-0.489897	-0.536913	-0.590478	-0.640529	-0.686534	
-0.316554	-0.334955	-0.331522	-0.306537	-0.27522	-0.265156	-0.294632	-0.322699	-0.336878	-0.325584	-0.299274	-0.284006	-0.286228	-0.2811	-0.272776	-0.262832	-0.275658	-0.317191	-0.365066	-0.39978	-0.434295	-0.474621	-0.532866	-0.594261	-0.654333	
-0.291872	-0.304926	-0.300139	-0.277354	-0.250791	-0.24577	-0.266017	-0.292401	-0.30561	-0.29836	-0.283266	-0.283795	-0.300962	-0.315635	-0.312997	-0.296355	-0.29573	-0.314352	-0.335374	-0.356391	-0.387752	-0.426123	-0.486704	-0.555597	-0.629573	
-0.27974	-0.281987	-0.275716	-0.253593	-0.23759	-0.23674	-0.244572	-0.268494	-0.281561	-0.280009	-0.284176	-0.306048	-0.334727	-0.353667	-0.343923	-0.3227	-0.307708	-0.310508	-0.316236	-0.322554	-0.346909	-0.397623	-0.465259	-0.54215	-0.624632	
-0.281987	-0.267224	-0.260463	-0.247645	-0.240786	-0.239135	-0.24365	-0.256137	-0.264272	-0.274435	-0.295767	-0.321386	-0.356896	-0.37765	-0.365538	-0.339083	-0.308598	-0.295473	-0.295151	-0.298933	-0.327714	-0.392269	-0.470843	-0.561894	-0.648837	
-0.275716	-0.260463	-0.260204	-0.258672	-0.263816	-0.26336	-0.261374	-0.258939	-0.26004	-0.267237	-0.290895	-0.316226	-0.351504	-0.369291	-0.363182	-0.335683	-0.302056	-0.279341	-0.275402	-0.284039	-0.329607	-0.404116	-0.496771	-0.600698	-0.693893	
-0.253593	-0.247645	-0.258672	-0.279807	-0.305604	-0.310902	-0.290836	-0.2654	-0.251212	-0.24842	-0.266666	-0.294677	-0.323821	-0.335497	-0.330451	-0.306022	-0.282869	-0.266688	-0.265866	-0.281518	-0.336063	-0.420296	-0.531211	-0.640494	-0.73274	
-0.23759	-0.240786	-0.263816	-0.305604	-0.336927	-0.342731	-0.320168	-0.280067	-0.246753	-0.237347	-0.243561	-0.265286	-0.288148	-0.303474	-0.303988	-0.289571	-0.268095	-0.256691	-0.258211	-0.284719	-0.345155	-0.437639	-0.555541	-0.67193	-0.763292	
-0.23674	-0.239135	-0.26336	-0.310902	-0.342731	-0.348064	-0.326319	-0.282204	-0.24444	-0.236751	-0.240719	-0.256555	-0.277595	-0.297338	-0.299429	-0.286784	-0.265603	-0.253245	-0.253945	-0.286485	-0.347371	-0.440183	-0.55858	-0.677398	-0.768477	
-0.244572	-0.24365	-0.261374	-0.290836	-0.320168	-0.326319	-0.303666	-0.271621	-0.249281	-0.241485	-0.255499	-0.283411	-0.309203	-0.321092	-0.317785	-0.296597	-0.275496	-0.262454	-0.262738	-0.283242	-0.339906	-0.428144	-0.543232	-0.654476	-0.746912	
-0.268494	-0.256137	-0.258939	-0.2654	-0.280067	-0.282204	-0.271621	-0.259705	-0.257157	-0.260869	-0.28286	-0.308987	-0.342682	-0.35746	-0.35221	-0.324967	-0.295703	-0.27383	-0.270743	-0.281096	-0.33117	-0.40965	-0.510934	-0.617489	-0.7103	
-0.281561	-0.264272	-0.26004	-0.251212	-0.246753	-0.24444	-0.249281	-0.257157	-0.261993	-0.272637	-0.296696	-0.321725	-0.357982	-0.378414	-0.369202	-0.342232	-0.306981	-0.287898	-0.286657	-0.292076	-0.32799	-0.39638	-0.478581	-0.576006	-0.66633	
-0.280009	-0.274435	-0.267237	-0.24842	-0.237347	-0.236751	-0.241485	-0.260869	-0.272637	-0.277059	-0.289436	-0.313917	-0.346104	-0.366551	-0.353694	-0.330155	-0.308993	-0.305867	-0.308015	-0.31247	-0.335826	-0.3925	-0.463916	-0.546673	-0.630538	
-0.284176	-0.295767	-0.290895	-0.266666	-0.243561	-0.240719	-0.255499	-0.28286	-0.296696	-0.289436	-0.280481	-0.291628	-0.31375	-0.331184	-0.327341	-0.30854	-0.301923	-0.314149	-0.327258	-0.340853	-0.370141	-0.412297	-0.475421	-0.546541	-0.624964	
-0.306048	-0.321386	-0.316226	-0.294677	-0.265286	-0.256555	-0.283411	-0.308987	-0.321725	-0.313917	-0.291628	-0.281141	-0.289425	-0.292927	-0.288199	-0.275814	-0.282888	-0.314689	-0.351658	-0.382209	-0.415036	-0.452396	-0.511675	-0.576659	-0.642143	
-0.334727	-0.356896	-0.351504	-0.323821	-0.288148	-0.277595	-0.309203	-0.342682	-0.357982	-0.346104	-0.31375	-0.289425	-0.28141	-0.267972	-0.252659	-0.24685	-0.268901	-0.321715	-0.382659	-0.427938	-0.466203	-0.511851	-0.567683	-0.621886	-0.674209	
-0.353667	-0.37765	-0.369291	-0.335497	-0.303474	-0.297338	-0.321092	-0.35746	-0.378414	-0.366551	-0.331184	-0.292927	-0.267972	-0.24753	-0.230152	-0.232499	-0.272197	-0.338113	-0.411811	-0.475188	-0.52734	-0.574392	-0.622082	-0.667158	-0.702181	
-0.343923	-0.365538	-0.363182	-0.330451	-0.303988	-0.299429	-0.317785	-0.35221	-0.369202	-0.353694	-0.327341	-0.288199	-0.252659	-0.230152	-0.223682	-0.238447	-0.292391	-0.374681	-0.464753	-0.534674	-0.5873	-0.622728	-0.659035	-0.692514	-0.704827	
-0.3227	-0.339083	-0.335683	-0.306022	-0.289571	-0.286784	-0.296597	-0.324967	-0.342232	-0.330155	-0.30854	-0.275814	-0.24685	-0.232499	-0.238447	-0.277508	-0.348217	-0.445053	-0.540221	-0.603452	-0.64276	-0.667644	-0.682352	-0.6946	-0.679617	
-0.307708	-0.308598	-0.302056	-0.282869	-0.268095	-0.265603	-0.275496	-0.295703	-0.306981	-0.308993	-0.301923	-0.282888	-0.268901	-0.272197	-0.292391	-0.348217	-0.435751	-0.542279	-0.63465	-0.690998	-0.71999	-0.723648	-0.704282	-0.678709	-0.631271	
-0.310508	-0.295473	-0.279341	-0.266688	-0.256691	-0.253245	-0.262454	-0.27383	-0.287898	-0.305867	-0.314149	-0.314689	-0.321715	-0.338113	-0.374681	-0.445053	-0.542279	-0.64879	-0.738593	-0.791519	-0.799164	-0.771222	-0.724144	-0.655673	-0.56088	
-0.316236	-0.295151	-0.275402	-0.265866	-0.258211	-0.253945	-0.262738	-0.270743	-0.286657	-0.308015	-0.327258	-0.351658	-0.382659	-0.411811	-0.464753	-0.540221	-0.63465	-0.738593	-0.82727	-0.866002	-0.854656	-0.80284	-0.726872	-0.609026	-0.463785	
-0.322554	-0.298933	-0.284039	-0.281518	-0.284719	-0.286485	-0.283242	-0.281096	-0.292076	-0.31247	-0.340853	-0.382209	-0.427938	-0.475188	-0.534674	-0.603452	-0.690998	-0.791519	-0.866002	-0.887096	-0.863873	-0.795212	-0.683761	-0.522018	-0.332254	
-0.346909	-0.327714	-0.329607	-0.336063	-0.345155	-0.347371	-0.339906	-0.33117	-0.32799	-0.335826	-0.370141	-0.415036	-0.466203	-0.52734	-0.5873	-0.64276	-0.71999	-0.799164	-0.854656	-0.863873	-0.822629	-0.728062	-0.585866	-0.392848	-0.170976	
-0.397623	-0.392269	-0.404116	-0.420296	-0.437639	-0.440183	-0.428144	-0.40965	-0.39638	-0.3925	-0.412297	-0.452396	-0.511851	-0.574392	-0.622728	-0.667644	-0.723648	-0.771222	-0.80284	-0.795212	-0.728062	-0.609391	-0.441041	-0.220679	0.0282294	
-0.465259	-0.470843	-0.496771	-0.531211	-0.555541	-0.55858	-0.543232	-0.510934	-0.478581	-0.463916	-0.475421	-0.511675	-0.567683	-0.622082	-0.659035	-0.682352	-0.704282	-0.724144	-0.726872	-0.683761	-0.585866	-0.441041	-0.244888	-0.00171162	0.263119	
-0.54215	-0.561894	-0.600698	-0.640494	-0.67193	-0.677398	-0.654476	-0.617489	-0.576006	-0.546673	-0.546541	-0.576659	-0.621886	-0.667158	-0.692514	-0.6946	-0.678709	-0.655673	-0.609026	-0.522018	-0.392848	-0.220679	-0.00171162	0.251056	0.510256	
-0.624632	-0.648837	-0.693893	-0.73274	-0.763292	-0.768477	-0.746912	-0.7103	-0.66633	-0.630538	-0.624964	-0.642143	-0.674209	-0.702181	-0.704827	-0.679617	-0.631271	-0.56088	-0.463785	-0.332254	-0.170976	0.0282294	0.263119	0.510256	0.746828	
