-0.188568	-0.0546561	0.0900548	0.240624	0.389353	0.531726	0.661474	0.749064	0.790122	0.791319	0.769128	0.744618	0.734103	0.735425	0.736611	0.729044	0.700503	0.650107	0.602054	0.561212	0.528127	0.508439	0.495819	0.475883	0.451534	
-0.0546561	0.103652	0.261677	0.409925	0.541988	0.656508	0.745463	0.794028	0.808425	0.793371	0.763578	0.733857	0.719681	0.728296	0.74234	0.739945	0.709675	0.652708	0.593063	0.542026	0.49753	0.470923	0.458822	0.445016	0.428364	
0.0900548	0.261677	0.419331	0.551959	0.660695	0.738784	0.78383	0.793869	0.779547	0.747568	0.707096	0.674978	0.665531	0.679991	0.701339	0.699915	0.667791	0.611335	0.545219	0.482495	0.427349	0.390251	0.375861	0.372728	0.367008	
0.240624	0.409925	0.551959	0.660131	0.737231	0.777179	0.777911	0.752123	0.702339	0.644413	0.593963	0.565112	0.558979	0.582248	0.609936	0.611634	0.57531	0.512353	0.438165	0.366276	0.307037	0.263811	0.246089	0.247375	0.258805	
0.389353	0.541988	0.660695	0.737231	0.771756	0.765941	0.723135	0.652841	0.569445	0.494887	0.441107	0.4122	0.408255	0.437407	0.473467	0.476198	0.431764	0.355426	0.270542	0.192975	0.13187	0.0839624	0.0645096	0.0724643	0.102709	
0.531726	0.656508	0.738784	0.777179	0.765941	0.711119	0.617944	0.503772	0.397446	0.317204	0.261688	0.233731	0.234906	0.267058	0.303763	0.301177	0.246201	0.159823	0.0638393	-0.0205681	-0.0905333	-0.146357	-0.164065	-0.141462	-0.0816886	
0.661474	0.745463	0.78383	0.777911	0.723135	0.617944	0.482041	0.339309	0.217705	0.125354	0.0635886	0.0360694	0.0440432	0.0756733	0.105179	0.0968253	0.040687	-0.0522666	-0.155	-0.248602	-0.334142	-0.398272	-0.412276	-0.36909	-0.278296	
0.749064	0.794028	0.793869	0.752123	0.652841	0.503772	0.339309	0.177385	0.0404969	-0.0648615	-0.13173	-0.154947	-0.14384	-0.120365	-0.102565	-0.112065	-0.167619	-0.259744	-0.364009	-0.467504	-0.563451	-0.62731	-0.637484	-0.580433	-0.461875	
0.790122	0.808425	0.779547	0.702339	0.569445	0.397446	0.217705	0.0404969	-0.116556	-0.235983	-0.305609	-0.325775	-0.314166	-0.296173	-0.283362	-0.294091	-0.346712	-0.434877	-0.545052	-0.655103	-0.749518	-0.80552	-0.807511	-0.741492	-0.610868	
0.791319	0.793371	0.747568	0.644413	0.494887	0.317204	0.125354	-0.0648615	-0.235983	-0.363706	-0.432553	-0.456023	-0.446545	-0.432781	-0.424587	-0.432059	-0.474093	-0.553947	-0.659436	-0.768636	-0.857931	-0.907236	-0.909008	-0.839607	-0.707527	
0.769128	0.763578	0.707096	0.593963	0.441107	0.261688	0.0635886	-0.13173	-0.305609	-0.432553	-0.508014	-0.536731	-0.535279	-0.526561	-0.520865	-0.520567	-0.549952	-0.610775	-0.696728	-0.793258	-0.87316	-0.924927	-0.925865	-0.858363	-0.729765	
0.744618	0.733857	0.674978	0.565112	0.4122	0.233731	0.0360694	-0.154947	-0.325775	-0.456023	-0.536731	-0.57494	-0.579088	-0.570174	-0.55607	-0.545154	-0.555709	-0.591926	-0.655095	-0.73341	-0.807601	-0.861331	-0.858606	-0.78857	-0.669428	
0.734103	0.719681	0.665531	0.558979	0.408255	0.234906	0.0440432	-0.14384	-0.314166	-0.446545	-0.535279	-0.579088	-0.584297	-0.568658	-0.539312	-0.507681	-0.496293	-0.504987	-0.53942	-0.598768	-0.661999	-0.714697	-0.714113	-0.651014	-0.545048	
0.735425	0.728296	0.679991	0.582248	0.437407	0.267058	0.0756733	-0.120365	-0.296173	-0.432781	-0.526561	-0.570174	-0.568658	-0.532968	-0.472693	-0.412942	-0.374083	-0.3569	-0.365155	-0.403703	-0.45625	-0.506236	-0.51417	-0.465794	-0.374966	
0.736611	0.74234	0.701339	0.609936	0.473467	0.303763	0.105179	-0.102565	-0.283362	-0.424587	-0.520865	-0.55607	-0.539312	-0.472693	-0.374464	-0.281246	-0.215329	-0.165189	-0.147727	-0.165455	-0.205507	-0.254194	-0.274664	-0.246934	-0.180707	
0.729044	0.739945	0.699915	0.611634	0.476198	0.301177	0.0968253	-0.112065	-0.294091	-0.432059	-0.520567	-0.545154	-0.507681	-0.412942	-0.281246	-0.154377	-0.0462045	0.0432052	0.0944806	0.100654	0.0709868	0.0234561	-0.0121974	-0.00978768	0.0226145	
0.700503	0.709675	0.667791	0.57531	0.431764	0.246201	0.040687	-0.167619	-0.346712	-0.474093	-0.549952	-0.555709	-0.496293	-0.374083	-0.215329	-0.0462045	0.107255	0.237877	0.32593	0.359259	0.341524	0.29579	0.251341	0.226895	0.226889	
0.650107	0.652708	0.611335	0.512353	0.355426	0.159823	-0.0522666	-0.259744	-0.434877	-0.553947	-0.610775	-0.591926	-0.504987	-0.3569	-0.165189	0.0432052	0.237877	0.406176	0.523604	0.579721	0.573216	0.530973	0.482427	0.438404	0.404251	
0.602054	0.593063	0.545219	0.438165	0.270542	0.0638393	-0.155	-0.364009	-0.545052	-0.659436	-0.696728	-0.655095	-0.53942	-0.365155	-0.147727	0.0944806	0.32593	0.523604	0.6654	0.734937	0.740612	0.707854	0.658075	0.597756	0.54006	
0.561212	0.542026	0.482495	0.366276	0.192975	-0.0205681	-0.248602	-0.467504	-0.655103	-0.768636	-0.793258	-0.73341	-0.598768	-0.403703	-0.165455	0.100654	0.359259	0.579721	0.734937	0.817542	0.840215	0.815297	0.761535	0.690448	0.620134	
0.528127	0.49753	0.427349	0.307037	0.13187	-0.0905333	-0.334142	-0.563451	-0.749518	-0.857931	-0.87316	-0.807601	-0.661999	-0.45625	-0.205507	0.0709868	0.341524	0.573216	0.740612	0.840215	0.877911	0.853193	0.788381	0.707898	0.623968	
0.508439	0.470923	0.390251	0.263811	0.0839624	-0.146357	-0.398272	-0.62731	-0.80552	-0.907236	-0.924927	-0.861331	-0.714697	-0.506236	-0.254194	0.0234561	0.29579	0.530973	0.707854	0.815297	0.853193	0.821264	0.743987	0.644234	0.542063	
0.495819	0.458822	0.375861	0.246089	0.0645096	-0.164065	-0.412276	-0.637484	-0.807511	-0.909008	-0.925865	-0.858606	-0.714113	-0.51417	-0.274664	-0.0121974	0.251341	0.482427	0.658075	0.761535	0.788381	0.743987	0.642782	0.511466	0.381738	
0.475883	0.445016	0.372728	0.247375	0.0724643	-0.141462	-0.36909	-0.580433	-0.741492	-0.839607	-0.858363	-0.78857	-0.651014	-0.465794	-0.246934	-0.00978768	0.226895	0.438404	0.597756	0.690448	0.707898	0.644234	0.511466	0.349032	0.193672	
0.451534	0.428364	0.367008	0.258805	0.102709	-0.0816886	-0.278296	-0.461875	-0.610868	-0.707527	-0.729765	-0.669428	-0.545048	-0.374966	-0.180707	0.0226145	0.226889	0.404251	0.54006	0.620134	0.623968	0.542063	0.381738	0.193672	0.0169691	
0.439014	0.416933	0.366894	0.276618	0.153259	0.00970997	-0.141864	-0.295364	-0.427915	-0.523894	-0.55723	-0.50717	-0.399455	-0.249962	-0.0838288	0.0874173	0.256531	0.401225	0.503538	0.553441	0.534505	0.435993	0.262333	0.0555825	-0.149086	
0.455834	0.432735	0.386861	0.319743	0.235193	0.137463	0.0244396	-0.0986462	-0.217132	-0.311439	-0.346173	-0.306746	-0.214606	-0.090084	0.0466484	0.184348	0.319161	0.426493	0.489291	0.497227	0.442115	0.326748	0.14482	-0.0780795	-0.31147	
0.492658	0.465621	0.421797	0.376519	0.330518	0.273471	0.197284	0.104728	0.00240703	-0.0840796	-0.121476	-0.101049	-0.0343995	0.065869	0.177051	0.286721	0.388864	0.460574	0.490343	0.463615	0.373421	0.230523	0.0349857	-0.205485	-0.462274	
0.527839	0.494982	0.455959	0.426771	0.409294	0.385282	0.339492	0.268503	0.184831	0.108176	0.070715	0.0711464	0.108903	0.1781	0.263758	0.348589	0.425796	0.477942	0.491604	0.448561	0.338997	0.175185	-0.0390056	-0.295333	-0.574812	
0.548414	0.512134	0.47343	0.452506	0.45403	0.452755	0.426204	0.368195	0.289748	0.220448	0.18899	0.178979	0.198532	0.243509	0.304748	0.371258	0.439534	0.483666	0.489895	0.440437	0.325601	0.154908	-0.0665183	-0.334941	-0.635366	
0.552149	0.516484	0.476417	0.456997	0.461181	0.46538	0.441946	0.38544	0.30718	0.239221	0.20852	0.198321	0.214451	0.254978	0.310425	0.374371	0.441583	0.485365	0.489647	0.438726	0.323509	0.152407	-0.0692184	-0.341087	-0.644543	
0.538088	0.50308	0.464744	0.439668	0.431484	0.418179	0.381898	0.317185	0.237281	0.163907	0.128856	0.123292	0.152305	0.210033	0.284521	0.360378	0.433341	0.481211	0.490999	0.444624	0.331843	0.163679	-0.0548365	-0.316404	-0.605463	
0.508036	0.478616	0.437663	0.398559	0.365351	0.322536	0.259402	0.176798	0.0827851	0.000335711	-0.0381663	-0.0267653	0.028292	0.116948	0.218494	0.318048	0.407684	0.469565	0.491339	0.455926	0.355762	0.202809	-0.000632508	-0.247007	-0.512821	
0.469292	0.445328	0.399628	0.342324	0.273308	0.193048	0.0948439	-0.0155436	-0.128208	-0.220424	-0.2551	-0.222349	-0.139539	-0.0241767	0.102086	0.227554	0.348753	0.44043	0.488894	0.481409	0.410411	0.284569	0.0989343	-0.131477	-0.374666	
0.442224	0.419427	0.372299	0.290007	0.182091	0.0570797	-0.0776862	-0.218983	-0.346003	-0.44172	-0.47687	-0.430431	-0.328502	-0.189563	-0.0354295	0.122912	0.27789	0.408671	0.49548	0.52872	0.496628	0.392024	0.215948	0.00269495	-0.214654	
0.443905	0.421525	0.365588	0.264488	0.120197	-0.0487761	-0.229055	-0.400622	-0.542923	-0.639391	-0.6654	-0.610307	-0.491934	-0.329144	-0.14588	0.0443746	0.234743	0.39855	0.52251	0.5932	0.589055	0.500561	0.332897	0.137254	-0.0504348	
0.465772	0.438711	0.370386	0.251311	0.0823158	-0.121688	-0.338597	-0.539664	-0.696474	-0.79284	-0.81289	-0.746194	-0.613491	-0.433401	-0.22353	0.000346227	0.223817	0.422614	0.573047	0.661789	0.675234	0.60269	0.45814	0.284532	0.121233	
0.489596	0.453919	0.37434	0.24483	0.0648824	-0.15917	-0.401299	-0.622891	-0.789566	-0.89036	-0.907083	-0.838018	-0.695165	-0.501478	-0.269857	-0.0159267	0.238273	0.463776	0.634803	0.73416	0.756751	0.706022	0.591764	0.447427	0.306901	
0.503378	0.465247	0.38208	0.252857	0.0724281	-0.158826	-0.411202	-0.63833	-0.813374	-0.915054	-0.932701	-0.868302	-0.722473	-0.516149	-0.267676	0.00613729	0.277311	0.51195	0.689758	0.796541	0.830478	0.794028	0.709208	0.598074	0.484629	
0.518389	0.484814	0.409955	0.288128	0.110485	-0.115458	-0.36443	-0.59525	-0.778042	-0.883067	-0.898534	-0.83326	-0.686187	-0.478442	-0.225984	0.0525222	0.323861	0.55761	0.729967	0.834973	0.87492	0.848124	0.779009	0.692162	0.602499	
0.547083	0.522365	0.459307	0.340175	0.166745	-0.0501498	-0.283545	-0.507034	-0.695409	-0.807988	-0.827468	-0.764591	-0.624515	-0.423633	-0.179078	0.092698	0.358325	0.584033	0.744042	0.83355	0.862978	0.838762	0.780607	0.706856	0.631204	
0.585024	0.572319	0.519661	0.408593	0.237954	0.028525	-0.19397	-0.405769	-0.590116	-0.704695	-0.735883	-0.685078	-0.560934	-0.377611	-0.151799	0.101591	0.345459	0.553745	0.701767	0.775863	0.788379	0.759547	0.708804	0.64311	0.580204	
0.629932	0.627694	0.584552	0.48341	0.321626	0.121145	-0.0937369	-0.301246	-0.477282	-0.593933	-0.642345	-0.614242	-0.514755	-0.356481	-0.15329	0.0694752	0.279969	0.460413	0.588214	0.650644	0.648457	0.609463	0.560617	0.509601	0.464182	
0.681799	0.689427	0.648413	0.551877	0.40387	0.214684	0.00616543	-0.201393	-0.378298	-0.501781	-0.570859	-0.567554	-0.497828	-0.365197	-0.193277	-0.00705541	0.162944	0.309195	0.410115	0.453767	0.44083	0.39568	0.349151	0.316239	0.302435	
0.720236	0.73114	0.690173	0.601516	0.462969	0.284462	0.080392	-0.128544	-0.309998	-0.44402	-0.527806	-0.546225	-0.500423	-0.394653	-0.252098	-0.109013	0.0175959	0.123468	0.189737	0.207248	0.181737	0.134672	0.0950487	0.086403	0.105336	
0.735812	0.744633	0.704791	0.615014	0.480317	0.309231	0.107725	-0.101095	-0.28388	-0.424655	-0.518842	-0.550428	-0.524932	-0.446814	-0.333753	-0.227547	-0.146997	-0.0817015	-0.0517086	-0.0608983	-0.0964569	-0.145078	-0.171357	-0.153196	-0.100556	
0.736342	0.734393	0.689473	0.59434	0.453142	0.283504	0.0895137	-0.112138	-0.289408	-0.428326	-0.523875	-0.564905	-0.558824	-0.511041	-0.435799	-0.36239	-0.313823	-0.284421	-0.282827	-0.312599	-0.360658	-0.409499	-0.422516	-0.381405	-0.298801	
0.733711	0.7214	0.668839	0.565107	0.416439	0.244714	0.0551277	-0.134559	-0.307148	-0.44071	-0.531901	-0.576619	-0.58023	-0.558135	-0.518279	-0.476376	-0.453943	-0.45256	-0.47585	-0.526876	-0.585165	-0.637537	-0.639456	-0.581731	-0.481406	
0.738516	0.72559	0.668474	0.559799	0.406487	0.230417	0.0357305	-0.153716	-0.323087	-0.454449	-0.538583	-0.579341	-0.584289	-0.574183	-0.555183	-0.537125	-0.53979	-0.56446	-0.616331	-0.687882	-0.758941	-0.811906	-0.809285	-0.7402	-0.62606	
0.758501	0.75067	0.691746	0.579149	0.427211	0.246715	0.0481016	-0.145954	-0.319189	-0.447006	-0.524317	-0.556477	-0.55863	-0.549588	-0.542134	-0.538606	-0.561062	-0.612524	-0.689385	-0.778682	-0.856618	-0.909981	-0.908424	-0.840066	-0.715005	
