0.89859	0.922428	0.91665	0.887237	0.862764	0.858714	0.874992	0.907103	0.923099	0.912567	0.868391	0.801415	0.708539	0.579728	0.418939	0.249604	0.0746004	-0.095722	-0.243481	-0.364731	-0.453339	-0.501287	-0.513395	-0.493634	-0.444429	
1.11839	1.1658	1.18121	1.17193	1.16094	1.1591	1.1666	1.17953	1.1755	1.14168	1.07691	0.989893	0.877271	0.726234	0.548384	0.365567	0.186906	0.0239303	-0.120039	-0.242819	-0.329484	-0.377919	-0.384948	-0.370539	-0.345447	
1.27567	1.34129	1.37862	1.39451	1.39676	1.39683	1.39631	1.38707	1.35964	1.30516	1.22518	1.12242	1.00024	0.839364	0.65059	0.458101	0.282494	0.129651	-0.00988848	-0.134676	-0.223095	-0.2626	-0.263854	-0.256683	-0.252052	
1.37244	1.45062	1.50304	1.53292	1.54526	1.54728	1.53933	1.51749	1.47484	1.40589	1.31661	1.20494	1.07064	0.904041	0.712817	0.516648	0.349612	0.209899	0.0791957	-0.0433057	-0.125674	-0.160487	-0.163817	-0.162579	-0.171571	
1.42419	1.51142	1.57337	1.61356	1.63101	1.63356	1.62297	1.59205	1.53941	1.46152	1.36295	1.24084	1.09423	0.922967	0.735989	0.548803	0.391753	0.259591	0.136356	0.0242978	-0.0533883	-0.088589	-0.0966171	-0.101286	-0.123923	
1.427	1.52955	1.61104	1.67048	1.70221	1.70674	1.6867	1.63721	1.56498	1.46937	1.36087	1.23377	1.08526	0.919519	0.743749	0.569207	0.41751	0.285187	0.167578	0.0652247	-0.00929549	-0.0438071	-0.0563823	-0.0685541	-0.10219	
1.40898	1.52777	1.62974	1.70808	1.75293	1.76088	1.72986	1.66477	1.57065	1.45845	1.33431	1.20404	1.05544	0.89801	0.732466	0.567838	0.421565	0.29393	0.181673	0.0850415	0.0132035	-0.0229824	-0.0425381	-0.0623778	-0.0996495	
1.38062	1.50716	1.61932	1.71101	1.76468	1.77327	1.7377	1.65964	1.55352	1.43376	1.30088	1.16954	1.02529	0.870249	0.703871	0.539057	0.394362	0.27352	0.171966	0.083534	0.0182656	-0.0185147	-0.0437925	-0.0743498	-0.114128	
1.34292	1.47148	1.58158	1.67324	1.72888	1.73779	1.70053	1.62174	1.51732	1.39604	1.26385	1.13024	0.985963	0.831554	0.663167	0.491292	0.348715	0.229694	0.130485	0.0519776	-0.00221562	-0.0343958	-0.0546755	-0.0836392	-0.126923	
1.29876	1.42111	1.52013	1.60442	1.65184	1.65765	1.62966	1.55558	1.46331	1.35027	1.21857	1.08176	0.936341	0.776405	0.604645	0.435808	0.289342	0.172192	0.0768422	0.00930086	-0.0377739	-0.0572168	-0.065436	-0.0830032	-0.117989	
1.24623	1.36408	1.44933	1.51225	1.5446	1.54847	1.52984	1.47691	1.40181	1.29682	1.16469	1.02343	0.868308	0.703373	0.532069	0.365077	0.220523	0.10397	0.0167909	-0.0362858	-0.0742841	-0.0835305	-0.0759764	-0.0784441	-0.104196	
1.16673	1.27821	1.35194	1.3953	1.41344	1.4152	1.40524	1.37246	1.3118	1.21562	1.08792	0.947762	0.791736	0.626051	0.456594	0.293854	0.151765	0.0390034	-0.0335523	-0.0750516	-0.102954	-0.103029	-0.0824708	-0.0680219	-0.075947	
1.04924	1.1463	1.20768	1.23792	1.24791	1.24952	1.24335	1.22355	1.17505	1.09201	0.979683	0.853166	0.709305	0.552366	0.390564	0.23538	0.100441	-0.00549017	-0.0659455	-0.100141	-0.11768	-0.102127	-0.0666544	-0.0358956	-0.0185893	
0.8972	0.970045	1.01153	1.03358	1.03919	1.03921	1.03678	1.02293	0.989606	0.929365	0.844378	0.740432	0.620591	0.480441	0.335077	0.196458	0.07456	-0.0172343	-0.0737032	-0.106522	-0.108927	-0.0766709	-0.0298575	0.0183826	0.055011	
0.718953	0.758319	0.780195	0.788091	0.791875	0.791784	0.790111	0.784619	0.768569	0.737255	0.684375	0.613161	0.523258	0.414875	0.296529	0.183495	0.081665	0.00324036	-0.0526143	-0.0828007	-0.0720522	-0.0317328	0.0202142	0.0707486	0.112091	
0.538164	0.549416	0.544933	0.53328	0.526333	0.524485	0.530155	0.540681	0.549225	0.544423	0.52177	0.475589	0.417769	0.346767	0.267247	0.189204	0.113602	0.0436455	-0.0110978	-0.0372819	-0.0247216	0.0154668	0.0607296	0.100758	0.131594	
0.369786	0.356066	0.325328	0.295157	0.272182	0.268529	0.28471	0.312707	0.34482	0.367035	0.36621	0.344754	0.314877	0.276424	0.236492	0.193743	0.143854	0.0852566	0.041008	0.0214234	0.0327296	0.0600703	0.0862274	0.106792	0.119781	
0.221922	0.187263	0.139172	0.0966124	0.067185	0.0636212	0.0821292	0.120771	0.168405	0.210668	0.232213	0.237003	0.226754	0.210664	0.197796	0.180172	0.151341	0.111418	0.084066	0.0783803	0.0880638	0.100513	0.103901	0.098974	0.0948753	
0.117856	0.0700023	0.0187472	-0.0228919	-0.0451559	-0.048831	-0.0345339	0.000578789	0.0485405	0.10004	0.140554	0.162419	0.162202	0.155765	0.147519	0.141061	0.127908	0.106091	0.0985349	0.108999	0.122745	0.121842	0.106021	0.0776523	0.0560663	
0.0647693	0.0166123	-0.0246611	-0.0524283	-0.0617546	-0.063628	-0.0579531	-0.0377996	-0.00145818	0.0454675	0.0913462	0.119306	0.122977	0.113894	0.102268	0.096018	0.0900124	0.084829	0.0932182	0.11395	0.130176	0.122457	0.0841784	0.0347606	-0.000709257	
0.0621978	0.0290709	0.00203715	-0.00761902	-0.00982307	-0.0104374	-0.0085709	-0.00354736	0.0166873	0.0487243	0.0810445	0.102391	0.105324	0.0926242	0.0804941	0.0689724	0.0630418	0.0659565	0.078882	0.104593	0.127685	0.116233	0.0626277	-0.00648872	-0.068825	
0.102482	0.0893788	0.077596	0.0793051	0.0791158	0.0795159	0.0798942	0.0771582	0.083748	0.0972132	0.110577	0.118711	0.116323	0.101065	0.0859682	0.0677107	0.0572467	0.0595275	0.0707843	0.0952457	0.120421	0.110305	0.0526847	-0.0309152	-0.122562	
0.169975	0.171993	0.17433	0.176657	0.178462	0.180385	0.177385	0.175332	0.172498	0.171049	0.169462	0.166181	0.150809	0.131343	0.106258	0.0795334	0.06892	0.0697063	0.0829595	0.107193	0.126048	0.114681	0.0585388	-0.0435327	-0.162451	
0.226809	0.237212	0.246334	0.257111	0.262462	0.262839	0.260394	0.250426	0.240562	0.231074	0.224009	0.214519	0.195734	0.166583	0.131476	0.104067	0.0978075	0.108754	0.133207	0.156611	0.162734	0.144533	0.0815764	-0.0321826	-0.170271	
0.255254	0.267549	0.281262	0.29819	0.3069	0.307731	0.303407	0.287664	0.272486	0.260372	0.250195	0.243547	0.226293	0.192756	0.157885	0.134434	0.139235	0.168792	0.207223	0.234591	0.236803	0.208199	0.13871	0.0197843	-0.136872	
0.262756	0.277539	0.288121	0.29968	0.304581	0.305082	0.301866	0.293314	0.281798	0.26854	0.257071	0.247307	0.232919	0.204298	0.177637	0.16557	0.185326	0.231099	0.282717	0.321464	0.330694	0.302334	0.232451	0.111698	-0.066324	
0.25876	0.274285	0.280798	0.280633	0.277377	0.276121	0.279154	0.281994	0.278055	0.265297	0.24851	0.233536	0.222571	0.209022	0.195899	0.20098	0.234078	0.287801	0.349269	0.399306	0.423633	0.407614	0.348962	0.231755	0.0379436	
0.250688	0.26941	0.272173	0.262601	0.252053	0.250513	0.257415	0.269806	0.272789	0.259383	0.235848	0.21777	0.208562	0.208861	0.214686	0.23303	0.276894	0.337149	0.405169	0.465507	0.503708	0.507516	0.463506	0.350478	0.147071	
0.244608	0.261933	0.261931	0.252524	0.23983	0.236096	0.247666	0.258927	0.263788	0.253592	0.228487	0.209162	0.203743	0.210314	0.225151	0.25529	0.306958	0.377484	0.456007	0.522035	0.566068	0.580197	0.547054	0.438377	0.234318	
0.23865	0.2545	0.256171	0.24798	0.238848	0.236802	0.243778	0.253622	0.256569	0.246577	0.226246	0.209349	0.205576	0.214045	0.232139	0.264736	0.321539	0.401382	0.489151	0.560191	0.604933	0.623399	0.594265	0.485949	0.282892	
0.237748	0.252379	0.254897	0.247437	0.239548	0.237525	0.243549	0.253173	0.25409	0.245113	0.225831	0.209412	0.2064	0.215828	0.233245	0.266608	0.324503	0.405429	0.495576	0.567651	0.612721	0.631398	0.603807	0.494835	0.291569	
0.241881	0.258419	0.259021	0.250202	0.238738	0.235482	0.2454	0.256056	0.260446	0.250086	0.227536	0.208954	0.20432	0.211665	0.228297	0.260077	0.313881	0.38944	0.47254	0.539969	0.58439	0.601102	0.569328	0.461682	0.258885	
0.248461	0.266296	0.268316	0.25766	0.245242	0.242861	0.252076	0.265311	0.269214	0.257112	0.23193	0.213266	0.205138	0.209404	0.219832	0.243338	0.290762	0.354746	0.426472	0.489774	0.531377	0.540846	0.502273	0.390502	0.185744	
0.255195	0.272953	0.277248	0.272806	0.266196	0.264494	0.2696	0.276941	0.276355	0.262574	0.243448	0.226292	0.216701	0.209103	0.203657	0.214788	0.252334	0.308578	0.372742	0.427	0.45693	0.449404	0.396221	0.280988	0.083109	
0.262569	0.277172	0.286482	0.292854	0.294387	0.294375	0.293806	0.28977	0.281423	0.268585	0.254545	0.243146	0.229825	0.206796	0.184821	0.17962	0.205098	0.255102	0.310321	0.354179	0.369517	0.343917	0.278174	0.158391	-0.0275664	
0.259982	0.273904	0.28655	0.302825	0.310846	0.311919	0.307156	0.293134	0.278433	0.265614	0.255134	0.247785	0.23196	0.198521	0.166163	0.146392	0.157292	0.194073	0.237894	0.26935	0.272603	0.24239	0.171797	0.0521225	-0.113377	
0.241611	0.252397	0.264603	0.278598	0.285872	0.286329	0.283306	0.269741	0.256769	0.246125	0.237525	0.229169	0.21062	0.179063	0.142152	0.116086	0.113691	0.131419	0.161698	0.185421	0.188886	0.165815	0.100127	-0.0161584	-0.161157	
0.19508	0.202034	0.207853	0.212527	0.215575	0.217479	0.213658	0.209827	0.204276	0.197871	0.194321	0.187132	0.169085	0.145634	0.116016	0.0875886	0.0781876	0.0814442	0.0985022	0.122522	0.135564	0.123219	0.0643809	-0.0433984	-0.170928	
0.128321	0.121877	0.11596	0.118889	0.11939	0.11978	0.119664	0.116777	0.118584	0.125777	0.132139	0.135026	0.127927	0.1117	0.0928969	0.0714805	0.0597648	0.0607434	0.0723044	0.0957604	0.12016	0.11001	0.0530382	-0.0376986	-0.140456	
0.0736825	0.0486721	0.0277468	0.023837	0.0224967	0.0225175	0.0235982	0.0244119	0.0392882	0.0635016	0.0879004	0.10492	0.105972	0.09217	0.0806276	0.0657982	0.058334	0.0620157	0.0740787	0.100012	0.125053	0.113791	0.0574116	-0.0182813	-0.0927046	
0.0582055	0.0145688	-0.0217264	-0.0417539	-0.0471313	-0.0488424	-0.0449469	-0.0315037	-0.00188196	0.0405587	0.0826004	0.109127	0.112885	0.102432	0.0900289	0.0818227	0.0773051	0.0762898	0.0872358	0.111277	0.129639	0.119589	0.0743606	0.0168414	-0.028025	
0.0904395	0.0407943	-0.00782925	-0.0452849	-0.0622005	-0.0653171	-0.0544188	-0.0247116	0.0200809	0.0714496	0.115898	0.142016	0.143789	0.136759	0.127849	0.122336	0.112914	0.0983376	0.0985781	0.113302	0.128495	0.124359	0.0991628	0.0622284	0.0358421	
0.173812	0.132733	0.0816939	0.0378656	0.0102671	0.00656289	0.0241668	0.0627833	0.112201	0.159607	0.190007	0.202833	0.19786	0.187602	0.178578	0.166982	0.145296	0.112967	0.0931743	0.0950253	0.105297	0.111882	0.107366	0.0932562	0.0817692	
0.306889	0.284366	0.245038	0.208567	0.181527	0.177495	0.195685	0.229659	0.26921	0.300857	0.308716	0.298046	0.277433	0.249191	0.222339	0.191334	0.14984	0.098008	0.0611845	0.0460094	0.0562339	0.0775484	0.0941222	0.104175	0.110654	
0.469116	0.469768	0.454898	0.434708	0.421486	0.418808	0.428769	0.446717	0.465483	0.471571	0.457914	0.421684	0.375179	0.318835	0.255871	0.192323	0.127308	0.0614133	0.00906733	-0.0144662	-0.00241395	0.0331933	0.0728847	0.106058	0.129799	
0.645714	0.673344	0.684656	0.686099	0.686708	0.685961	0.686488	0.686004	0.679461	0.658927	0.61886	0.558274	0.481997	0.388049	0.28467	0.184608	0.0925499	0.0177886	-0.0384933	-0.0666845	-0.0547121	-0.0127261	0.0379661	0.0855344	0.124215	
0.828713	0.887492	0.921535	0.938402	0.943669	0.943569	0.941524	0.930332	0.903539	0.855383	0.782306	0.691436	0.582281	0.453769	0.317436	0.188423	0.0737334	-0.0120392	-0.068018	-0.100804	-0.0963728	-0.0598433	-0.00976291	0.041165	0.0825047	
0.992097	1.08096	1.13525	1.16185	1.16966	1.17137	1.16579	1.14937	1.10664	1.03087	0.929439	0.809757	0.674513	0.523205	0.366711	0.216553	0.0865314	-0.0147623	-0.0727795	-0.105661	-0.118116	-0.0950415	-0.0546569	-0.0159453	0.0100518	
1.12424	1.23103	1.30015	1.33783	1.35216	1.35348	1.34581	1.31903	1.26277	1.17151	1.04831	0.912063	0.759773	0.596282	0.428957	0.269054	0.128017	0.0180595	-0.0482857	-0.0869483	-0.11033	-0.105325	-0.0789912	-0.0580887	-0.0563411	
1.21895	1.33455	1.41523	1.46929	1.49514	1.49833	1.4832	1.43922	1.37077	1.2693	1.13752	0.995691	0.83809	0.671829	0.501402	0.33553	0.192036	0.0764097	-0.0052519	-0.0529733	-0.087137	-0.0937414	-0.0801032	-0.0759321	-0.096273	
