-0.194323	-0.195074	-0.19568	-0.195919	-0.196127	-0.196109	-0.196032	-0.195789	-0.1954	-0.194717	-0.193881	-0.192607	-0.191354	-0.190133	-0.189524	-0.190802	-0.194786	-0.203735	-0.220158	-0.245262	-0.282156	-0.331416	-0.392128	-0.463697	-0.541702	
-0.199047	-0.197826	-0.196513	-0.195489	-0.194998	-0.194695	-0.195272	-0.195782	-0.197211	-0.198209	-0.199767	-0.200603	-0.201109	-0.200852	-0.199509	-0.197342	-0.195332	-0.193319	-0.195115	-0.202419	-0.218274	-0.247196	-0.290132	-0.34736	-0.418914	
-0.179561	-0.175671	-0.172305	-0.170318	-0.168978	-0.168838	-0.169678	-0.171381	-0.174231	-0.17785	-0.182221	-0.187422	-0.192569	-0.197766	-0.20251	-0.20514	-0.206797	-0.205771	-0.202195	-0.199423	-0.198399	-0.204511	-0.223474	-0.258733	-0.312308	
-0.146418	-0.142706	-0.140419	-0.138892	-0.137873	-0.138122	-0.138194	-0.140113	-0.141494	-0.145329	-0.14872	-0.154608	-0.161042	-0.168837	-0.177967	-0.187639	-0.196136	-0.205204	-0.209828	-0.211345	-0.20938	-0.205428	-0.203709	-0.212156	-0.237106	
-0.131573	-0.130479	-0.130537	-0.129756	-0.130055	-0.129861	-0.129803	-0.130329	-0.130203	-0.131279	-0.132202	-0.134041	-0.137127	-0.141643	-0.147164	-0.156595	-0.165859	-0.17796	-0.191237	-0.202617	-0.210738	-0.214401	-0.213487	-0.20925	-0.211256	
-0.133977	-0.134538	-0.134186	-0.134291	-0.134451	-0.134015	-0.134668	-0.133806	-0.134872	-0.133504	-0.134674	-0.133459	-0.133907	-0.134414	-0.135336	-0.137863	-0.144035	-0.150296	-0.161949	-0.175759	-0.191786	-0.203536	-0.214051	-0.215947	-0.21361	
-0.135345	-0.134732	-0.13265	-0.133348	-0.131626	-0.132398	-0.132491	-0.132584	-0.134494	-0.134354	-0.13652	-0.136957	-0.138054	-0.137781	-0.138979	-0.13645	-0.138122	-0.138527	-0.142462	-0.148796	-0.163365	-0.180057	-0.197007	-0.213321	-0.216679	
-0.123401	-0.120614	-0.119386	-0.117841	-0.117205	-0.117326	-0.117381	-0.118922	-0.119638	-0.122951	-0.124194	-0.128721	-0.131632	-0.135197	-0.139237	-0.141853	-0.14233	-0.143434	-0.142126	-0.142054	-0.141709	-0.153095	-0.165733	-0.190762	-0.210743	
-0.10809	-0.106106	-0.107366	-0.104167	-0.106783	-0.104557	-0.105843	-0.106405	-0.105684	-0.108776	-0.108071	-0.111937	-0.113683	-0.118811	-0.122091	-0.130646	-0.134586	-0.14279	-0.144949	-0.149947	-0.14718	-0.146338	-0.147269	-0.155804	-0.183226	
-0.109697	-0.109421	-0.109499	-0.109511	-0.109623	-0.109476	-0.109379	-0.109477	-0.109337	-0.108925	-0.109662	-0.108634	-0.109533	-0.110202	-0.110801	-0.114263	-0.118008	-0.124584	-0.133232	-0.139439	-0.149267	-0.151704	-0.153637	-0.146471	-0.154958	
-0.110533	-0.110318	-0.107597	-0.10956	-0.106442	-0.108706	-0.107644	-0.108229	-0.110199	-0.108969	-0.112458	-0.111115	-0.113666	-0.112963	-0.114383	-0.113177	-0.115366	-0.113607	-0.120759	-0.124841	-0.133167	-0.143754	-0.15428	-0.153905	-0.147023	
-0.100671	-0.0998239	-0.098195	-0.0979192	-0.0970632	-0.09745	-0.0975119	-0.0981838	-0.0994139	-0.100613	-0.10269	-0.104881	-0.107297	-0.110409	-0.112689	-0.114873	-0.117843	-0.116741	-0.116515	-0.119695	-0.120616	-0.126731	-0.143305	-0.156095	-0.153065	
-0.0941257	-0.0946358	-0.0935161	-0.0939537	-0.0933496	-0.0935575	-0.0934572	-0.0933017	-0.0939691	-0.0937399	-0.0947322	-0.0962652	-0.0966179	-0.100689	-0.103182	-0.105864	-0.112923	-0.116519	-0.118702	-0.122609	-0.123245	-0.116202	-0.121384	-0.143642	-0.1556	
-0.0955752	-0.0976503	-0.0955726	-0.0963779	-0.0964315	-0.0952478	-0.097532	-0.0951987	-0.0975947	-0.0968542	-0.0962039	-0.0983254	-0.0963948	-0.0963564	-0.0998613	-0.096749	-0.100789	-0.107162	-0.107799	-0.116009	-0.128518	-0.128845	-0.11596	-0.123526	-0.143397	
-0.0958243	-0.0922943	-0.093171	-0.0907718	-0.092231	-0.0904672	-0.0916307	-0.0926771	-0.091251	-0.0962492	-0.0936877	-0.0976545	-0.100087	-0.09779	-0.102671	-0.103229	-0.0983171	-0.10549	-0.104891	-0.0997481	-0.110622	-0.128201	-0.126056	-0.119628	-0.130487	
-0.0901339	-0.0832922	-0.0872646	-0.084694	-0.084352	-0.0865895	-0.0826126	-0.087926	-0.0831227	-0.0874939	-0.0873753	-0.086519	-0.0927552	-0.0917867	-0.0941141	-0.102691	-0.0994837	-0.102208	-0.11163	-0.10707	-0.0994742	-0.114489	-0.123119	-0.120806	-0.121585	
-0.089383	-0.0853814	-0.0901042	-0.0864372	-0.087584	-0.0893369	-0.0855256	-0.0905095	-0.0865084	-0.0887296	-0.0891741	-0.0876334	-0.0878949	-0.092323	-0.0848221	-0.0955132	-0.0952733	-0.0949504	-0.102203	-0.113346	-0.103537	-0.106139	-0.118386	-0.119472	-0.120316	
-0.0845497	-0.0885535	-0.0854287	-0.0849762	-0.0856145	-0.0839933	-0.0860795	-0.0836618	-0.0884	-0.0845121	-0.0895582	-0.0902557	-0.0869904	-0.0961979	-0.0893752	-0.0907074	-0.0963834	-0.0922366	-0.0917713	-0.103826	-0.108428	-0.104781	-0.113815	-0.116118	-0.116141	
-0.0776618	-0.0847651	-0.0775379	-0.081173	-0.0809279	-0.0774102	-0.0840788	-0.076084	-0.0845901	-0.0791362	-0.0823186	-0.0848037	-0.0836744	-0.0866493	-0.0930317	-0.0891162	-0.0962862	-0.0983369	-0.0949347	-0.0953271	-0.100279	-0.100891	-0.112461	-0.116942	-0.115753	
-0.0827949	-0.0833658	-0.0814952	-0.0830448	-0.0820915	-0.081802	-0.0829531	-0.0816401	-0.0829436	-0.0825673	-0.0829615	-0.0826541	-0.0841511	-0.0821938	-0.0853234	-0.0846437	-0.0889965	-0.091163	-0.096474	-0.101281	-0.104076	-0.0957474	-0.103436	-0.114098	-0.115365	
-0.0812036	-0.0824713	-0.0792833	-0.0808089	-0.0795536	-0.0791877	-0.0810208	-0.078776	-0.0823622	-0.0806869	-0.0829924	-0.0843179	-0.0847926	-0.0858081	-0.0896814	-0.084877	-0.089803	-0.0899975	-0.0865414	-0.0908868	-0.10381	-0.100465	-0.101682	-0.110319	-0.115113	
-0.0781452	-0.077846	-0.0763981	-0.0771951	-0.0770035	-0.0759613	-0.077804	-0.0761519	-0.0774699	-0.0780694	-0.0775555	-0.0792115	-0.0816488	-0.0787952	-0.0874169	-0.0843113	-0.088021	-0.0927829	-0.0940511	-0.0885859	-0.0983182	-0.0977171	-0.0983778	-0.107762	-0.112605	
-0.0811799	-0.0788443	-0.0783773	-0.079904	-0.0775179	-0.0796539	-0.077946	-0.0797318	-0.0783531	-0.0801116	-0.0798861	-0.0787161	-0.0833231	-0.0774679	-0.0840758	-0.0822804	-0.0832182	-0.0873719	-0.0913762	-0.0906929	-0.0962787	-0.098829	-0.096289	-0.105128	-0.112674	
-0.080139	-0.0754844	-0.0774811	-0.07622	-0.074831	-0.0775776	-0.0737151	-0.0786128	-0.0748272	-0.0788912	-0.0783676	-0.0791823	-0.0821367	-0.0817786	-0.0833878	-0.0851218	-0.0838839	-0.0861261	-0.0873021	-0.0873842	-0.0966782	-0.0985227	-0.0951258	-0.101116	-0.109919	
-0.0761563	-0.0750426	-0.0746416	-0.0755038	-0.0743666	-0.075324	-0.0747331	-0.0753464	-0.0748418	-0.0758637	-0.0754615	-0.0755907	-0.0787219	-0.075493	-0.0823095	-0.08249	-0.083357	-0.0891371	-0.091987	-0.084872	-0.0897936	-0.0983251	-0.0952781	-0.100784	-0.108254	
-0.0814628	-0.0746883	-0.0786858	-0.0765425	-0.0751165	-0.0788408	-0.0732041	-0.0802216	-0.0742364	-0.0794588	-0.0786597	-0.0774825	-0.0818115	-0.0795865	-0.0785015	-0.0831899	-0.0792945	-0.081036	-0.0878374	-0.090173	-0.0927541	-0.0974086	-0.0933573	-0.0977706	-0.106792	
-0.0746883	-0.0730975	-0.0735347	-0.0731711	-0.0723982	-0.0737528	-0.0722452	-0.0739748	-0.0731164	-0.0743111	-0.0744949	-0.0756623	-0.0768971	-0.0783792	-0.0808141	-0.0837669	-0.0834682	-0.0872842	-0.0875932	-0.0830496	-0.0876192	-0.0972832	-0.0950281	-0.0972438	-0.105558	
-0.0786858	-0.0735347	-0.0771382	-0.0748433	-0.0746363	-0.0766756	-0.0729711	-0.0778615	-0.0734353	-0.0772389	-0.0766281	-0.0754562	-0.0790519	-0.0771757	-0.0766197	-0.0814545	-0.0790095	-0.0811851	-0.0892054	-0.0887657	-0.0892633	-0.096731	-0.0931284	-0.0963216	-0.103498	
-0.0765425	-0.0731711	-0.0748433	-0.0737577	-0.0727097	-0.0750309	-0.0720044	-0.0756361	-0.0731626	-0.0756118	-0.0755013	-0.0762518	-0.0775999	-0.07924	-0.0787712	-0.0834868	-0.0809665	-0.083575	-0.0860483	-0.0857491	-0.0866337	-0.0958088	-0.0943468	-0.0954638	-0.10451	
-0.0751165	-0.0723982	-0.0746363	-0.0727097	-0.0730064	-0.074005	-0.0718035	-0.0747595	-0.0723876	-0.0744337	-0.0747284	-0.0744923	-0.0765664	-0.0775306	-0.077142	-0.0816304	-0.0814415	-0.0831505	-0.0875919	-0.0854105	-0.0876836	-0.0968241	-0.0938104	-0.0954878	-0.102013	
-0.0788408	-0.0737528	-0.0766756	-0.0750309	-0.074005	-0.0767879	-0.072786	-0.0778797	-0.0736134	-0.0775908	-0.0764709	-0.0764675	-0.0787643	-0.0781557	-0.0770301	-0.0823705	-0.0781926	-0.0809292	-0.0875261	-0.088954	-0.0867609	-0.0950775	-0.0934344	-0.0951266	-0.103938	
-0.0732041	-0.0722452	-0.0729711	-0.0720044	-0.0718035	-0.072786	-0.0711545	-0.0730434	-0.0720644	-0.0729783	-0.0739038	-0.0745131	-0.0756306	-0.0784042	-0.0786648	-0.0825535	-0.083455	-0.0853768	-0.0861591	-0.0830769	-0.0868131	-0.0970454	-0.0947014	-0.0955272	-0.102923	
-0.0802216	-0.0739748	-0.0778615	-0.0756361	-0.0747595	-0.0778797	-0.0730434	-0.0793585	-0.0737862	-0.0787053	-0.0774129	-0.0764908	-0.0800208	-0.0779464	-0.0767446	-0.0820325	-0.0776918	-0.0797887	-0.0883013	-0.0902837	-0.0888224	-0.0961889	-0.0928404	-0.0956653	-0.104101	
-0.0742364	-0.0731164	-0.0734353	-0.0731626	-0.0723876	-0.0736134	-0.0720644	-0.0737862	-0.0726668	-0.0741613	-0.0739755	-0.0753437	-0.0764709	-0.0777557	-0.0800151	-0.0831468	-0.0831966	-0.0871582	-0.0879209	-0.0835225	-0.0868316	-0.0966281	-0.0949605	-0.0968879	-0.105326	
-0.0794588	-0.0743111	-0.0772389	-0.0756118	-0.0744337	-0.0775908	-0.0729783	-0.0787053	-0.0741613	-0.077824	-0.0780561	-0.0764581	-0.0806517	-0.0790168	-0.0790299	-0.0825245	-0.0804793	-0.0817934	-0.0875382	-0.0883671	-0.0915919	-0.0988657	-0.0935779	-0.0973577	-0.105816	
-0.0786597	-0.0744949	-0.0766281	-0.0755013	-0.0747284	-0.0764709	-0.0739038	-0.0774129	-0.0739755	-0.0780561	-0.075954	-0.0771256	-0.0799396	-0.0773519	-0.0809622	-0.0837347	-0.0816835	-0.0862669	-0.0903911	-0.0872579	-0.0904534	-0.096365	-0.0941323	-0.0994663	-0.108334	
-0.0774825	-0.0756623	-0.0754562	-0.0762518	-0.0744923	-0.0764675	-0.0745131	-0.0764908	-0.0753437	-0.0764581	-0.0771256	-0.0767442	-0.0799688	-0.0781531	-0.0832165	-0.0825528	-0.0839669	-0.0882062	-0.089872	-0.0854832	-0.0930943	-0.0998471	-0.0958911	-0.101335	-0.108864	
-0.0818115	-0.0768971	-0.0790519	-0.0775999	-0.0765664	-0.0787643	-0.0756306	-0.0800208	-0.0764709	-0.0806517	-0.0799396	-0.0799688	-0.0840657	-0.0811956	-0.0837236	-0.0848989	-0.0839238	-0.0850234	-0.0877258	-0.0899394	-0.0980052	-0.0984163	-0.0949878	-0.102777	-0.111781	
-0.0795865	-0.0783792	-0.0771757	-0.07924	-0.0775306	-0.0781557	-0.0784042	-0.0779464	-0.0777557	-0.0790168	-0.0773519	-0.0781531	-0.0811956	-0.0755484	-0.0855342	-0.0821048	-0.0845823	-0.0919937	-0.0962058	-0.0898549	-0.0961193	-0.0972621	-0.0976016	-0.107487	-0.112296	
-0.0785015	-0.0808141	-0.0766197	-0.0787712	-0.077142	-0.0770301	-0.0786648	-0.0767446	-0.0800151	-0.0790299	-0.0809622	-0.0832165	-0.0837236	-0.0855342	-0.0898723	-0.0859607	-0.090778	-0.0916112	-0.0861106	-0.0881231	-0.102046	-0.0999779	-0.10176	-0.108436	-0.114584	
-0.0831899	-0.0837669	-0.0814545	-0.0834868	-0.0816304	-0.0823705	-0.0825535	-0.0820325	-0.0831468	-0.0825245	-0.0837347	-0.0825528	-0.0848989	-0.0821048	-0.0859607	-0.0835444	-0.087824	-0.0892537	-0.0935676	-0.0998019	-0.104471	-0.098136	-0.101183	-0.111812	-0.115357	
-0.0792945	-0.0834682	-0.0790095	-0.0809665	-0.0814415	-0.0781926	-0.083455	-0.0776918	-0.0831966	-0.0804793	-0.0816835	-0.0839669	-0.0839238	-0.0845823	-0.090778	-0.087824	-0.0940737	-0.0964513	-0.0963278	-0.0965136	-0.100611	-0.0973837	-0.108869	-0.116983	-0.11645	
-0.081036	-0.0872842	-0.0811851	-0.083575	-0.0831505	-0.0809292	-0.0853768	-0.0797887	-0.0871582	-0.0817934	-0.0862669	-0.0882062	-0.0850234	-0.0919937	-0.0916112	-0.0892537	-0.0964513	-0.0953554	-0.0923264	-0.0992964	-0.105493	-0.104527	-0.114282	-0.116311	-0.115038	
-0.0878374	-0.0875932	-0.0892054	-0.0860483	-0.0875919	-0.0875261	-0.0861591	-0.0883013	-0.0879209	-0.0875382	-0.0903911	-0.089872	-0.0877258	-0.0962058	-0.0861106	-0.0935676	-0.0963278	-0.0923264	-0.0956878	-0.110739	-0.107388	-0.104658	-0.115742	-0.117325	-0.118752	
-0.090173	-0.0830496	-0.0887657	-0.0857491	-0.0854105	-0.088954	-0.0830769	-0.0902837	-0.0835225	-0.0883671	-0.0872579	-0.0854832	-0.0899394	-0.0898549	-0.0881231	-0.0998019	-0.0965136	-0.0992964	-0.110739	-0.112604	-0.0986962	-0.109856	-0.121606	-0.12082	-0.121375	
-0.0927541	-0.0876192	-0.0892633	-0.0866337	-0.0876836	-0.0867609	-0.0868131	-0.0888224	-0.0868316	-0.0915919	-0.0904534	-0.0930943	-0.0980052	-0.0961193	-0.102046	-0.104471	-0.100611	-0.105493	-0.107388	-0.0986962	-0.103898	-0.123884	-0.126209	-0.120229	-0.125908	
-0.0974086	-0.0972832	-0.096731	-0.0958088	-0.0968241	-0.0950775	-0.0970454	-0.0961889	-0.0966281	-0.0988657	-0.096365	-0.0998471	-0.0984163	-0.0972621	-0.0999779	-0.098136	-0.0973837	-0.104527	-0.104658	-0.109856	-0.123884	-0.131178	-0.120199	-0.119772	-0.13793	
-0.0933573	-0.0950281	-0.0931284	-0.0943468	-0.0938104	-0.0934344	-0.0947014	-0.0928404	-0.0949605	-0.0935779	-0.0941323	-0.0958911	-0.0949878	-0.0976016	-0.10176	-0.101183	-0.108869	-0.114282	-0.115742	-0.121606	-0.126209	-0.120199	-0.1155	-0.134618	-0.152117	
-0.0977706	-0.0972438	-0.0963216	-0.0954638	-0.0954878	-0.0951266	-0.0955272	-0.0956653	-0.0968879	-0.0973577	-0.0994663	-0.101335	-0.102777	-0.107487	-0.108436	-0.111812	-0.116983	-0.116311	-0.117325	-0.12082	-0.120229	-0.119772	-0.134618	-0.153828	-0.156019	
-0.106792	-0.105558	-0.103498	-0.10451	-0.102013	-0.103938	-0.102923	-0.104101	-0.105326	-0.105816	-0.108334	-0.108864	-0.111781	-0.112296	-0.114584	-0.115357	-0.11645	-0.115038	-0.118752	-0.121375	-0.125908	-0.13793	-0.152117	-0.156019	-0.148332	
