0.595851	0.442316	0.289078	0.144274	0.0389199	0.00670434	0.0411944	0.123268	0.251063	0.394335	0.511025	0.586329	0.625798	0.616495	0.564156	0.47875	0.380477	0.285906	0.218364	0.178677	0.155874	0.141515	0.132051	0.101799	0.039935	
0.442316	0.31555	0.172018	0.027064	-0.0783326	-0.111582	-0.0829445	-0.00310242	0.117788	0.254744	0.373466	0.453659	0.494263	0.485191	0.425002	0.340213	0.246461	0.170694	0.130965	0.119344	0.118179	0.114902	0.112451	0.0932705	0.0351606	
0.289078	0.172018	0.0409793	-0.092642	-0.195465	-0.236213	-0.21126	-0.135208	-0.0282085	0.097744	0.221339	0.305407	0.346951	0.340636	0.290116	0.214825	0.13118	0.0700766	0.0505873	0.0635323	0.0751618	0.0878989	0.101175	0.0903172	0.0404899	
0.144274	0.027064	-0.092642	-0.211807	-0.304608	-0.351205	-0.335888	-0.278509	-0.190439	-0.076743	0.0414643	0.128287	0.170741	0.174087	0.144462	0.0930546	0.0340366	-0.0018321	-0.00107596	0.021506	0.0456199	0.0692871	0.0938406	0.095499	0.0493569	
0.0389199	-0.0783326	-0.195465	-0.304608	-0.394535	-0.453574	-0.464827	-0.437009	-0.372475	-0.278388	-0.172436	-0.0814081	-0.0294935	-0.00863853	-0.0106554	-0.0331968	-0.0555996	-0.0534103	-0.0224894	0.0106927	0.0431342	0.0712108	0.095376	0.100216	0.0561734	
0.00670434	-0.111582	-0.236213	-0.351205	-0.453574	-0.539255	-0.594093	-0.603453	-0.567464	-0.494317	-0.401394	-0.314544	-0.247935	-0.199683	-0.172048	-0.161112	-0.137447	-0.0964927	-0.0427724	0.00291205	0.0372755	0.0634712	0.087974	0.0927011	0.0546163	
0.0411944	-0.0829445	-0.21126	-0.335888	-0.464827	-0.594093	-0.699494	-0.753912	-0.758402	-0.713498	-0.635359	-0.543765	-0.4637	-0.392736	-0.334224	-0.281079	-0.218649	-0.145635	-0.0718742	-0.015149	0.0124954	0.0366932	0.0609043	0.0677292	0.0367607	
0.123268	-0.00310242	-0.135208	-0.278509	-0.437009	-0.603453	-0.753912	-0.870653	-0.925006	-0.90925	-0.839023	-0.746209	-0.660523	-0.571507	-0.48111	-0.391508	-0.297732	-0.198131	-0.107497	-0.0463338	-0.0203305	0.0023159	0.0210183	0.0226967	-0.00513393	
0.251063	0.117788	-0.0282085	-0.190439	-0.372475	-0.567464	-0.758402	-0.925006	-1.02803	-1.04225	-0.984511	-0.901002	-0.814616	-0.718215	-0.616555	-0.505555	-0.386272	-0.268955	-0.162238	-0.0912191	-0.0602916	-0.045732	-0.0375667	-0.0470598	-0.0808401	
0.394335	0.254744	0.097744	-0.076743	-0.278388	-0.494317	-0.713498	-0.90925	-1.04225	-1.08575	-1.05599	-0.992939	-0.913363	-0.826154	-0.725438	-0.609157	-0.482278	-0.361278	-0.25434	-0.179898	-0.142135	-0.13039	-0.129872	-0.148651	-0.182801	
0.511025	0.373466	0.221339	0.0414643	-0.172436	-0.401394	-0.635359	-0.839023	-0.984511	-1.05599	-1.06388	-1.02523	-0.960843	-0.893113	-0.804014	-0.693891	-0.579275	-0.469288	-0.379349	-0.303261	-0.25731	-0.246909	-0.254317	-0.275471	-0.306383	
0.586329	0.453659	0.305407	0.128287	-0.0814081	-0.314544	-0.543765	-0.746209	-0.901002	-0.992939	-1.02523	-1.00945	-0.969762	-0.923068	-0.84962	-0.756374	-0.662556	-0.575141	-0.501775	-0.435426	-0.392085	-0.382673	-0.396257	-0.422363	-0.450581	
0.625798	0.494263	0.346951	0.170741	-0.0294935	-0.247935	-0.4637	-0.660523	-0.814616	-0.913363	-0.960843	-0.969762	-0.957388	-0.92793	-0.87102	-0.796183	-0.725027	-0.656657	-0.600047	-0.555404	-0.529111	-0.533677	-0.552902	-0.580993	-0.603247	
0.616495	0.485191	0.340636	0.174087	-0.00863853	-0.199683	-0.392736	-0.571507	-0.718215	-0.826154	-0.893113	-0.923068	-0.92793	-0.908269	-0.871663	-0.818443	-0.765485	-0.712239	-0.667027	-0.640396	-0.639843	-0.664427	-0.690012	-0.716504	-0.724801	
0.564156	0.425002	0.290116	0.144462	-0.0106554	-0.172048	-0.334224	-0.48111	-0.616555	-0.725438	-0.804014	-0.84962	-0.87102	-0.871663	-0.853633	-0.823341	-0.784634	-0.739444	-0.701137	-0.684008	-0.700343	-0.735054	-0.770995	-0.792211	-0.784468	
0.47875	0.340213	0.214825	0.0930546	-0.0331968	-0.161112	-0.281079	-0.391508	-0.505555	-0.609157	-0.693891	-0.756374	-0.796183	-0.818443	-0.823341	-0.810811	-0.777058	-0.736356	-0.700117	-0.685224	-0.704311	-0.74193	-0.778254	-0.793153	-0.77623	
0.380477	0.246461	0.13118	0.0340366	-0.0555996	-0.137447	-0.218649	-0.297732	-0.386272	-0.482278	-0.579275	-0.662556	-0.725027	-0.765485	-0.784634	-0.777058	-0.74184	-0.696557	-0.661949	-0.650856	-0.668388	-0.697389	-0.718811	-0.723333	-0.700892	
0.285906	0.170694	0.0700766	-0.0018321	-0.0534103	-0.0964927	-0.145635	-0.198131	-0.268955	-0.361278	-0.469288	-0.575141	-0.656657	-0.712239	-0.739444	-0.736356	-0.696557	-0.637703	-0.600476	-0.592542	-0.607173	-0.62191	-0.621588	-0.60507	-0.568574	
0.218364	0.130965	0.0505873	-0.00107596	-0.0224894	-0.0427724	-0.0718742	-0.107497	-0.162238	-0.25434	-0.379349	-0.501775	-0.600047	-0.667027	-0.701137	-0.700117	-0.661949	-0.600476	-0.552904	-0.533174	-0.529378	-0.52156	-0.494454	-0.450163	-0.400121	
0.178677	0.119344	0.0635323	0.021506	0.0106927	0.00291205	-0.015149	-0.0463338	-0.0912191	-0.179898	-0.303261	-0.435426	-0.555404	-0.640396	-0.684008	-0.685224	-0.650856	-0.592542	-0.533174	-0.486801	-0.449029	-0.407236	-0.344899	-0.276435	-0.213945	
0.155874	0.118179	0.0751618	0.0456199	0.0431342	0.0372755	0.0124954	-0.0203305	-0.0602916	-0.142135	-0.25731	-0.392085	-0.529111	-0.639843	-0.700343	-0.704311	-0.668388	-0.607173	-0.529378	-0.449029	-0.368641	-0.284642	-0.192534	-0.108093	-0.0336078	
0.141515	0.114902	0.0878989	0.0692871	0.0712108	0.0634712	0.0366932	0.0023159	-0.045732	-0.13039	-0.246909	-0.382673	-0.533677	-0.664427	-0.735054	-0.74193	-0.697389	-0.62191	-0.52156	-0.407236	-0.284642	-0.156155	-0.0437033	0.048545	0.127935	
0.132051	0.112451	0.101175	0.0938406	0.095376	0.087974	0.0609043	0.0210183	-0.0375667	-0.129872	-0.254317	-0.396257	-0.552902	-0.690012	-0.770995	-0.778254	-0.718811	-0.621588	-0.494454	-0.344899	-0.192534	-0.0437033	0.0807432	0.181644	0.272786	
0.101799	0.0932705	0.0903172	0.095499	0.100216	0.0927011	0.0677292	0.0226967	-0.0470598	-0.148651	-0.275471	-0.422363	-0.580993	-0.716504	-0.792211	-0.793153	-0.723333	-0.60507	-0.450163	-0.276435	-0.108093	0.048545	0.181644	0.296474	0.410376	
0.039935	0.0351606	0.0404899	0.0493569	0.0561734	0.0546163	0.0367607	-0.00513393	-0.0808401	-0.182801	-0.306383	-0.450581	-0.603247	-0.724801	-0.784468	-0.77623	-0.700892	-0.568574	-0.400121	-0.213945	-0.0336078	0.127935	0.272786	0.410376	0.540923	
-0.0528195	-0.0523652	-0.0425015	-0.0308997	-0.0233254	-0.0184468	-0.0239824	-0.0628176	-0.136791	-0.232519	-0.347357	-0.481076	-0.616692	-0.724231	-0.775573	-0.757333	-0.669405	-0.528291	-0.352982	-0.160964	0.0240544	0.193596	0.356919	0.514066	0.6611	
-0.161631	-0.14964	-0.13373	-0.124825	-0.121136	-0.114559	-0.11016	-0.130777	-0.189093	-0.276855	-0.380055	-0.502207	-0.626726	-0.723222	-0.765021	-0.73558	-0.641243	-0.493549	-0.318313	-0.128799	0.0640311	0.246061	0.430004	0.60692	0.770913	
-0.270796	-0.24769	-0.231338	-0.224995	-0.22609	-0.219587	-0.205379	-0.203396	-0.236148	-0.306674	-0.405196	-0.523687	-0.637083	-0.726012	-0.757781	-0.719908	-0.621945	-0.475328	-0.299226	-0.107458	0.0902885	0.287295	0.49	0.686703	0.866934	
-0.357607	-0.335935	-0.322171	-0.325976	-0.33335	-0.325556	-0.306466	-0.284659	-0.289038	-0.330381	-0.421209	-0.537075	-0.6513	-0.733504	-0.756606	-0.712347	-0.612499	-0.465517	-0.286079	-0.0920576	0.104227	0.309056	0.528319	0.744116	0.933148	
-0.416593	-0.395485	-0.390866	-0.402787	-0.414342	-0.407622	-0.3839	-0.344824	-0.326206	-0.34921	-0.433332	-0.54915	-0.660503	-0.738062	-0.754293	-0.706908	-0.60914	-0.462936	-0.280689	-0.0849244	0.109184	0.320757	0.553371	0.777957	0.969323	
-0.42698	-0.405548	-0.405762	-0.418418	-0.429593	-0.422474	-0.399072	-0.357549	-0.332367	-0.352208	-0.435562	-0.551788	-0.663008	-0.739642	-0.753281	-0.704863	-0.609087	-0.463584	-0.279846	-0.0852774	0.109872	0.32395	0.55809	0.783086	0.975059	
-0.385583	-0.364908	-0.353107	-0.361087	-0.371413	-0.364763	-0.342572	-0.31238	-0.306713	-0.33971	-0.42684	-0.542005	-0.654984	-0.736092	-0.756472	-0.710802	-0.610503	-0.463078	-0.282586	-0.0884665	0.106634	0.314324	0.539694	0.760571	0.950723	
-0.308476	-0.285575	-0.269177	-0.266665	-0.269265	-0.261413	-0.246094	-0.236259	-0.257387	-0.315984	-0.412554	-0.530733	-0.643109	-0.728629	-0.756737	-0.715751	-0.616892	-0.470473	-0.293639	-0.100365	0.0979393	0.298381	0.508422	0.712822	0.897281	
-0.206622	-0.18886	-0.172638	-0.163894	-0.162315	-0.156765	-0.147641	-0.158595	-0.207525	-0.290353	-0.390878	-0.510423	-0.630601	-0.723997	-0.761249	-0.728122	-0.632575	-0.484507	-0.308802	-0.119515	0.07554	0.26443	0.455955	0.640733	0.812173	
-0.0946957	-0.0905855	-0.0785452	-0.0683254	-0.06142	-0.0542568	-0.0562941	-0.0900221	-0.159183	-0.251784	-0.361446	-0.490295	-0.620672	-0.723255	-0.771432	-0.748691	-0.657766	-0.513035	-0.337466	-0.14598	0.0422081	0.215525	0.38676	0.552699	0.705784	
0.00554757	0.00266413	0.00919564	0.0201682	0.0275888	0.0285792	0.0163651	-0.0253256	-0.102157	-0.201667	-0.322706	-0.463183	-0.609829	-0.725466	-0.780991	-0.768555	-0.687552	-0.552233	-0.380515	-0.190849	-0.00880521	0.156862	0.308673	0.453295	0.590575	
0.0814032	0.0749464	0.0761773	0.0824892	0.0887938	0.0832504	0.0594538	0.0159308	-0.057526	-0.160563	-0.286525	-0.432651	-0.590853	-0.721104	-0.79122	-0.789041	-0.717252	-0.591455	-0.430293	-0.250308	-0.0761019	0.0814057	0.218315	0.342195	0.463271	
0.123162	0.108522	0.100279	0.0993364	0.101749	0.0936981	0.0678921	0.024289	-0.0386741	-0.135062	-0.261414	-0.406393	-0.563697	-0.702374	-0.783259	-0.788587	-0.723848	-0.618083	-0.478452	-0.317708	-0.158036	-0.00430494	0.123154	0.228213	0.328922	
0.138588	0.11416	0.0950687	0.0796136	0.0809787	0.0736261	0.0466576	0.0111165	-0.040982	-0.128489	-0.247882	-0.385393	-0.539462	-0.673461	-0.74871	-0.756777	-0.707066	-0.623546	-0.513286	-0.384321	-0.24725	-0.108925	0.00945887	0.105049	0.187338	
0.148817	0.116861	0.0797902	0.0551006	0.0553784	0.0484335	0.0219875	-0.0117128	-0.0546967	-0.136136	-0.250149	-0.384965	-0.528133	-0.649546	-0.714449	-0.719264	-0.680222	-0.614323	-0.528205	-0.433458	-0.33577	-0.232661	-0.131286	-0.043361	0.0336681	
0.168123	0.118661	0.0683991	0.0314436	0.0235859	0.018142	-0.00207992	-0.0333807	-0.0744378	-0.159789	-0.279779	-0.41338	-0.541791	-0.636002	-0.685771	-0.687617	-0.654887	-0.59675	-0.530693	-0.471952	-0.416996	-0.358962	-0.284355	-0.208142	-0.140155	
0.199442	0.124578	0.0541701	0.00676837	-0.00902667	-0.0227749	-0.0451232	-0.0779126	-0.128631	-0.220331	-0.347256	-0.474935	-0.580524	-0.654234	-0.691611	-0.691529	-0.654236	-0.594395	-0.542351	-0.512469	-0.497014	-0.477192	-0.435831	-0.381126	-0.326617	
0.25549	0.150053	0.0569527	-0.00506319	-0.0427961	-0.0755092	-0.11603	-0.160341	-0.223738	-0.315351	-0.430838	-0.544266	-0.632882	-0.692218	-0.721451	-0.72026	-0.680519	-0.618873	-0.577704	-0.567584	-0.577143	-0.584064	-0.574229	-0.547389	-0.504223	
0.340065	0.21214	0.102631	0.0151235	-0.0590086	-0.123719	-0.19014	-0.257532	-0.338805	-0.433327	-0.534366	-0.625525	-0.696741	-0.743559	-0.767332	-0.761339	-0.723502	-0.673063	-0.63866	-0.629544	-0.646886	-0.670392	-0.683362	-0.679987	-0.653879	
0.441046	0.30304	0.180527	0.0688175	-0.0432626	-0.153515	-0.257845	-0.355788	-0.458472	-0.558194	-0.647504	-0.718829	-0.766777	-0.796952	-0.808853	-0.799017	-0.766432	-0.725197	-0.689267	-0.675013	-0.693663	-0.728834	-0.760805	-0.773528	-0.754198	
0.532424	0.392552	0.262028	0.126894	-0.0182145	-0.167302	-0.312745	-0.444764	-0.573341	-0.681245	-0.761458	-0.813278	-0.842127	-0.851565	-0.842722	-0.821124	-0.784568	-0.74167	-0.70508	-0.689343	-0.707922	-0.745339	-0.782491	-0.800786	-0.788882	
0.600295	0.466238	0.324637	0.164364	-0.00648692	-0.185035	-0.367643	-0.535719	-0.678238	-0.787283	-0.860775	-0.8979	-0.908637	-0.896027	-0.865877	-0.822412	-0.776493	-0.72702	-0.684185	-0.66298	-0.670958	-0.700851	-0.731063	-0.755548	-0.757063	
0.627993	0.497453	0.350637	0.176838	-0.0185212	-0.227365	-0.434317	-0.625287	-0.777523	-0.880057	-0.934232	-0.952415	-0.947895	-0.922544	-0.874515	-0.807578	-0.743567	-0.682032	-0.630362	-0.594593	-0.578687	-0.591374	-0.612614	-0.640364	-0.658159	
0.607012	0.474499	0.327349	0.149809	-0.0559767	-0.284718	-0.510025	-0.711063	-0.867178	-0.962328	-1.00109	-0.99497	-0.966787	-0.928032	-0.860565	-0.774249	-0.690459	-0.610472	-0.544581	-0.486229	-0.447803	-0.442221	-0.457911	-0.485199	-0.512544	
0.545588	0.410947	0.260293	0.0821604	-0.132225	-0.365154	-0.598897	-0.802267	-0.951608	-1.03324	-1.05311	-1.02365	-0.968261	-0.908759	-0.826062	-0.721506	-0.614669	-0.513552	-0.430378	-0.355766	-0.309515	-0.298911	-0.309267	-0.332277	-0.361751	
