-0.0306554	-0.0400448	-0.0440695	-0.051854	-0.0616705	-0.0699548	-0.0831888	-0.0821166	-0.0780021	-0.0819218	-0.0889367	-0.0997766	-0.0942996	-0.0671631	-0.0316318	0.0170195	0.0904204	0.207657	0.377095	0.561771	0.707183	0.770573	0.721458	0.565329	0.344205	
-0.052041	-0.0563362	-0.0616156	-0.0616203	-0.0656055	-0.0657511	-0.0749309	-0.0868497	-0.0840873	-0.0797003	-0.0799544	-0.0861146	-0.0844661	-0.0564953	-0.00511491	0.0692138	0.16796	0.294043	0.456188	0.629868	0.75944	0.803255	0.74	0.571075	0.328598	
-0.0569259	-0.0600257	-0.0649293	-0.0678231	-0.0706783	-0.0692834	-0.0667921	-0.0778854	-0.0870077	-0.0830664	-0.072731	-0.0697175	-0.0686757	-0.0404083	0.0236192	0.120005	0.245803	0.387752	0.540026	0.687917	0.78779	0.804428	0.726933	0.554005	0.301233	
-0.0555561	-0.0598294	-0.062141	-0.0651719	-0.0716303	-0.0750107	-0.0680146	-0.0669902	-0.077154	-0.0855179	-0.0762676	-0.0559555	-0.0428574	-0.0151895	0.0555628	0.170732	0.320747	0.479919	0.623488	0.738278	0.79833	0.78128	0.687106	0.513995	0.259681	
-0.0590473	-0.0594926	-0.0617617	-0.0591019	-0.0622467	-0.0750628	-0.0757818	-0.0681634	-0.0664137	-0.0732688	-0.0754629	-0.0534989	-0.0199043	0.0215637	0.0978424	0.223357	0.390362	0.564079	0.700181	0.780265	0.796187	0.741898	0.627275	0.452871	0.202778	
-0.0603966	-0.0605636	-0.0655544	-0.0657536	-0.0555218	-0.0612431	-0.0736684	-0.0729377	-0.0669909	-0.0643843	-0.0637774	-0.0448981	-0.00182255	0.0584019	0.149097	0.282848	0.45614	0.636001	0.764429	0.811983	0.784403	0.69296	0.554794	0.374615	0.131101	
-0.0560084	-0.0542832	-0.0573535	-0.0698026	-0.0670857	-0.0577838	-0.0636589	-0.0701421	-0.0657537	-0.0582606	-0.0543087	-0.0331767	0.0201164	0.0969815	0.20354	0.347185	0.520256	0.695164	0.812551	0.831646	0.764714	0.638816	0.475887	0.284672	0.047246	
-0.0589513	-0.0582761	-0.0500138	-0.0562809	-0.066327	-0.0638751	-0.061229	-0.0656157	-0.0658961	-0.0519299	-0.0388117	-0.0183141	0.0411531	0.136582	0.260762	0.414166	0.582936	0.742705	0.843075	0.837865	0.73823	0.582147	0.394979	0.18869	-0.0446345	
-0.052625	-0.0631426	-0.0586118	-0.0541074	-0.0594514	-0.0609463	-0.0608729	-0.060297	-0.0617454	-0.0507643	-0.0261661	0.00379214	0.0672235	0.175995	0.317039	0.480334	0.643507	0.781208	0.857328	0.829963	0.705137	0.524364	0.314996	0.0917327	-0.1397	
-0.0477243	-0.0529819	-0.0594528	-0.0556234	-0.0597152	-0.0596336	-0.058443	-0.0584882	-0.0561941	-0.0441117	-0.0138838	0.0261868	0.0964905	0.21727	0.372946	0.543217	0.698966	0.811632	0.858499	0.809364	0.665532	0.465705	0.237483	-0.00213885	-0.233172	
-0.0534488	-0.0501103	-0.0553741	-0.0540519	-0.0571864	-0.0602539	-0.05621	-0.0530348	-0.0514128	-0.0402664	-0.00182277	0.053179	0.130651	0.258137	0.42569	0.60204	0.748879	0.83444	0.8489	0.77818	0.62025	0.406265	0.162991	-0.0902089	-0.321009	
-0.0529933	-0.0525981	-0.0551309	-0.0520996	-0.0532937	-0.0592851	-0.0579568	-0.0509262	-0.0416347	-0.0299547	0.00797603	0.0764706	0.168813	0.303191	0.475487	0.653182	0.791302	0.851205	0.83176	0.738527	0.569952	0.346232	0.0918217	-0.170912	-0.400346	
-0.0497029	-0.0487967	-0.056848	-0.0560569	-0.0501266	-0.0541608	-0.0551555	-0.0499871	-0.0379192	-0.0192344	0.023791	0.101346	0.205486	0.348302	0.52448	0.698234	0.824275	0.861042	0.809905	0.69356	0.515661	0.285631	0.0240729	-0.243498	-0.469506	
-0.0524763	-0.0459767	-0.0481132	-0.0563324	-0.053484	-0.0533736	-0.0530051	-0.0458768	-0.0297869	-0.00816384	0.0371965	0.126295	0.244705	0.393177	0.569643	0.737357	0.849231	0.864027	0.784379	0.645732	0.458985	0.224891	-0.0402413	-0.307904	-0.527876	
-0.0523618	-0.0532252	-0.0492664	-0.0516349	-0.0496426	-0.0510005	-0.0513631	-0.0447334	-0.0252612	0.00572159	0.0555789	0.15009	0.281713	0.438158	0.612281	0.769814	0.866012	0.861124	0.756704	0.596861	0.401211	0.164646	-0.100938	-0.364445	-0.575708	
-0.0453669	-0.0481106	-0.0490097	-0.0554028	-0.0517721	-0.0477946	-0.0477489	-0.040318	-0.018574	0.0174353	0.0733496	0.1751	0.317715	0.480864	0.652093	0.797259	0.875361	0.85224	0.727689	0.548782	0.343758	0.105515	-0.157869	-0.413634	-0.613799	
-0.0502412	-0.0497939	-0.0446006	-0.0495309	-0.0517844	-0.0479607	-0.0445961	-0.0375938	-0.0140549	0.0312506	0.0942699	0.19985	0.351339	0.520694	0.687987	0.820032	0.879274	0.838526	0.697492	0.502344	0.287961	0.0483579	-0.210856	-0.456132	-0.643282	
-0.0451609	-0.0517028	-0.04782	-0.0499723	-0.0502634	-0.0461031	-0.0421968	-0.0312853	-0.00690105	0.0415218	0.113125	0.225424	0.384139	0.557992	0.72	0.837843	0.878295	0.821306	0.666972	0.458166	0.234663	-0.00609062	-0.259678	-0.492597	-0.665438	
-0.0438045	-0.0482956	-0.0464034	-0.0474811	-0.050803	-0.0449349	-0.0392099	-0.0290727	-0.000896273	0.0555267	0.13399	0.249393	0.413214	0.591527	0.748811	0.852335	0.873667	0.801128	0.636375	0.416785	0.184705	-0.0571949	-0.304225	-0.523684	-0.681534	
-0.0458121	-0.0486094	-0.0464416	-0.0466195	-0.0494226	-0.0449611	-0.03606	-0.0216635	0.00538125	0.0642516	0.152791	0.274909	0.441788	0.621297	0.772808	0.863055	0.866842	0.77965	0.60616	0.378196	0.138548	-0.104375	-0.344391	-0.550018	-0.692769	
-0.0424995	-0.0493894	-0.0476383	-0.0445461	-0.0479939	-0.0432768	-0.0350954	-0.0190292	0.0134855	0.0769916	0.170884	0.296983	0.466893	0.648229	0.794093	0.870852	0.857895	0.757461	0.577024	0.342704	0.096471	-0.147315	-0.380167	-0.572152	-0.700205	
-0.0428977	-0.0445164	-0.0473897	-0.0454771	-0.0477835	-0.0427073	-0.0311828	-0.0132404	0.0190875	0.085739	0.188044	0.319852	0.490516	0.670856	0.811164	0.876368	0.848399	0.735553	0.549181	0.3103	0.0586899	-0.185758	-0.411622	-0.590611	-0.704759	
-0.0449969	-0.0483265	-0.0469629	-0.0424624	-0.0455528	-0.0421435	-0.0307218	-0.00956945	0.0267033	0.0961068	0.203303	0.339273	0.511261	0.691115	0.825666	0.879585	0.838265	0.714674	0.523345	0.281102	0.0251897	-0.219635	-0.438872	-0.605851	-0.707201	
-0.0404106	-0.04322	-0.0485245	-0.0448735	-0.045384	-0.0404303	-0.0279749	-0.00548506	0.0328678	0.104326	0.216784	0.357853	0.530098	0.707691	0.836999	0.881509	0.828506	0.695259	0.499738	0.255215	-0.00398927	-0.248959	-0.462106	-0.618284	-0.70816	
-0.0462079	-0.0455899	-0.0463614	-0.0417074	-0.0438175	-0.0404844	-0.0265602	-0.0024502	0.0379603	0.112901	0.229583	0.373279	0.545689	0.721907	0.846266	0.882124	0.819232	0.677892	0.478822	0.232697	-0.0289312	-0.273812	-0.481525	-0.628277	-0.708149	
-0.040743	-0.0432022	-0.0483468	-0.0443045	-0.0432489	-0.0389435	-0.0255209	0.00138142	0.0442384	0.118811	0.238649	0.3872	0.559817	0.733238	0.85307	0.882037	0.811003	0.662852	0.460848	0.213659	-0.049698	-0.294334	-0.497357	-0.636143	-0.707572	
-0.0451952	-0.0436353	-0.0465691	-0.0417212	-0.0424436	-0.0385587	-0.0236378	0.00233846	0.0468894	0.125957	0.248398	0.397587	0.569984	0.742295	0.858574	0.881592	0.803939	0.650372	0.446051	0.198183	-0.0663528	-0.310666	-0.509822	-0.642154	-0.706743	
-0.0426579	-0.0428554	-0.0472424	-0.0437869	-0.0419982	-0.0381446	-0.0234791	0.00622849	0.0517218	0.128759	0.25337	0.406607	0.579148	0.749003	0.862017	0.880829	0.798435	0.640785	0.434634	0.186303	-0.0789884	-0.32295	-0.51911	-0.646527	-0.705902	
-0.0434088	-0.0431058	-0.047276	-0.04209	-0.0413969	-0.0371412	-0.0222132	0.00530882	0.0526665	0.133688	0.259173	0.411781	0.584051	0.753497	0.864763	0.880409	0.794464	0.633985	0.426695	0.17814	-0.0876272	-0.331318	-0.525394	-0.649434	-0.705219	
-0.0445867	-0.0423047	-0.0460354	-0.0432288	-0.0415994	-0.0378386	-0.0222414	0.00825687	0.0549221	0.133809	0.260474	0.415393	0.587945	0.756108	0.865737	0.879836	0.792349	0.630398	0.42236	0.173632	-0.0923505	-0.335845	-0.528778	-0.650993	-0.704808	
-0.0418157	-0.04319	-0.0480763	-0.0427636	-0.0409592	-0.03667	-0.0220897	0.00652255	0.0545343	0.135319	0.26174	0.415693	0.587843	0.756248	0.866185	0.880045	0.791955	0.629647	0.421623	0.172926	-0.0931331	-0.336605	-0.529348	-0.651267	-0.704728	
-0.0459826	-0.0423975	-0.0453537	-0.0425029	-0.0417287	-0.0380572	-0.0221809	0.00739568	0.0537757	0.133505	0.259668	0.413437	0.586203	0.755048	0.865141	0.879988	0.793423	0.632239	0.424569	0.175876	-0.0900334	-0.333578	-0.527095	-0.65027	-0.70499	
-0.0406925	-0.0430356	-0.0485223	-0.0436937	-0.0414767	-0.0371933	-0.0231152	0.00563842	0.0522851	0.130979	0.256038	0.409133	0.58137	0.750793	0.863205	0.880872	0.796697	0.637588	0.431052	0.182627	-0.0829678	-0.326758	-0.522001	-0.647955	-0.705548	
-0.0465879	-0.0436214	-0.045718	-0.0418044	-0.042104	-0.0388311	-0.0233221	0.00406931	0.0483473	0.12751	0.250956	0.401013	0.573932	0.745619	0.860087	0.881157	0.80152	0.646212	0.441171	0.192987	-0.0719799	-0.316041	-0.513944	-0.644228	-0.706315	
-0.0404809	-0.0426655	-0.048089	-0.0444395	-0.0431073	-0.0386104	-0.0251993	0.00223519	0.046125	0.121466	0.242239	0.391939	0.564602	0.736853	0.855176	0.882137	0.808135	0.657418	0.454577	0.207056	-0.0569222	-0.301339	-0.502807	-0.638937	-0.707136	
-0.0458165	-0.0454693	-0.0472635	-0.0418815	-0.0428096	-0.0399664	-0.0255152	-0.00113976	0.0391897	0.115873	0.234402	0.378651	0.551261	0.727002	0.849353	0.882135	0.815696	0.671555	0.471413	0.224653	-0.0378363	-0.282503	-0.488379	-0.631876	-0.707808	
-0.0417893	-0.0433111	-0.0468003	-0.0443033	-0.0454306	-0.0407403	-0.0281682	-0.00381453	0.0363253	0.1078	0.221006	0.364321	0.537402	0.713572	0.84055	0.882024	0.824831	0.687997	0.491096	0.245776	-0.0145307	-0.259389	-0.470475	-0.622795	-0.708046	
-0.0436447	-0.0465199	-0.048871	-0.0435075	-0.0445505	-0.0411769	-0.02864	-0.00791171	0.0275713	0.0994467	0.210024	0.346983	0.518591	0.698	0.830731	0.880656	0.834159	0.70664	0.513756	0.270334	0.0129499	-0.231878	-0.448842	-0.611385	-0.707492	
-0.0439496	-0.0463942	-0.0459879	-0.0435737	-0.0473293	-0.0430419	-0.0318907	-0.0119127	0.0234215	0.0905426	0.193362	0.327444	0.499724	0.679459	0.81703	0.877862	0.8444	0.727093	0.53867	0.298181	0.0447668	-0.199832	-0.423272	-0.597307	-0.705686	
-0.0424251	-0.0461783	-0.0482768	-0.0460431	-0.0479071	-0.0426596	-0.0325719	-0.016333	0.0148049	0.080038	0.178417	0.306751	0.476419	0.657353	0.801421	0.873525	0.854088	0.748582	0.56577	0.32936	0.0808728	-0.163252	-0.393554	-0.580155	-0.702056	
-0.0443136	-0.0506469	-0.0471022	-0.0447316	-0.0482708	-0.0444457	-0.0364526	-0.020918	0.00912716	0.0697896	0.159951	0.283627	0.452171	0.632626	0.781771	0.866423	0.863359	0.770867	0.594432	0.363618	0.121262	-0.122126	-0.359523	-0.559503	-0.695902	
-0.0455734	-0.0468764	-0.04531	-0.0474956	-0.0511314	-0.0451388	-0.0373489	-0.0259674	0.00128476	0.0590876	0.141729	0.259686	0.424914	0.603832	0.758811	0.857026	0.871229	0.792684	0.624208	0.40103	0.165839	-0.0766502	-0.321096	-0.534864	-0.686367	
-0.0425744	-0.0513076	-0.0484584	-0.0496676	-0.0499509	-0.0449118	-0.0415952	-0.0302033	-0.00398338	0.0466378	0.121252	0.235377	0.396082	0.571722	0.732008	0.844122	0.876783	0.81346	0.654751	0.44137	0.214289	-0.0270995	-0.27823	-0.50571	-0.67245	
-0.0507644	-0.0508834	-0.0448411	-0.0486769	-0.0506995	-0.0479445	-0.0434268	-0.035053	-0.0124112	0.0357833	0.102882	0.209662	0.364252	0.536298	0.701314	0.827524	0.879391	0.832053	0.685362	0.48445	0.266279	0.0260974	-0.231014	-0.471472	-0.652985	
-0.0452608	-0.0476298	-0.047009	-0.0540949	-0.0529303	-0.0476325	-0.0466934	-0.0392648	-0.0155157	0.0232414	0.0804295	0.184712	0.332144	0.497192	0.666517	0.807027	0.877686	0.847164	0.715741	0.530077	0.321141	0.0822956	-0.17959	-0.431508	-0.626696	
-0.0507337	-0.0523777	-0.0499974	-0.0535924	-0.0488412	-0.049291	-0.0497334	-0.0423732	-0.0241184	0.00946496	0.0637685	0.160636	0.295792	0.455264	0.628811	0.781534	0.870369	0.858146	0.745437	0.577527	0.377992	0.140829	-0.124149	-0.385161	-0.592266	
-0.0528453	-0.0481456	-0.0477328	-0.0531115	-0.0522765	-0.0537095	-0.0526457	-0.0463042	-0.0275125	-0.000792247	0.0438939	0.13452	0.260086	0.411779	0.586791	0.750939	0.85691	0.863653	0.773622	0.626108	0.435856	0.200854	-0.0649614	-0.331742	-0.548442	
-0.0506025	-0.0469971	-0.0534614	-0.0576393	-0.0523883	-0.0531726	-0.053414	-0.0476484	-0.0344636	-0.0160843	0.0282391	0.112256	0.221635	0.36569	0.542866	0.714937	0.835123	0.862966	0.800145	0.674559	0.493226	0.261537	-0.00217328	-0.270601	-0.49426	
-0.0507713	-0.0517376	-0.0569117	-0.053266	-0.0505435	-0.0566385	-0.0575787	-0.0516133	-0.0404426	-0.0252355	0.0146418	0.0862685	0.183087	0.321284	0.495579	0.671771	0.805406	0.856195	0.823541	0.720826	0.548778	0.322279	0.0640724	-0.201297	-0.429246	
-0.0552746	-0.0516961	-0.0537963	-0.0526815	-0.0558908	-0.0611421	-0.0574117	-0.0510777	-0.0469421	-0.036813	0.00173237	0.0627263	0.145724	0.275778	0.445829	0.623376	0.767001	0.841981	0.842552	0.763086	0.601021	0.382434	0.133733	-0.123669	-0.353686	
