-0.075795	-0.0887064	-0.0843094	-0.0797859	-0.088665	-0.0970732	-0.0921572	-0.0928945	-0.109197	-0.118381	-0.116647	-0.113665	-0.121631	-0.14882	-0.170742	-0.167994	-0.152358	-0.134543	-0.12711	-0.140497	-0.151427	-0.124952	-0.0486619	0.079342	0.250844	
-0.0887064	-0.086361	-0.075964	-0.0838225	-0.0959485	-0.0979861	-0.0942601	-0.100764	-0.115123	-0.119181	-0.116245	-0.117722	-0.135348	-0.163931	-0.1754	-0.166245	-0.154652	-0.151638	-0.171912	-0.215369	-0.246599	-0.230563	-0.151083	0.00320091	0.221793	
-0.0843094	-0.075964	-0.0817169	-0.0974142	-0.101505	-0.0963556	-0.093936	-0.10874	-0.122979	-0.119623	-0.116108	-0.126549	-0.152251	-0.175207	-0.175069	-0.163936	-0.161222	-0.178352	-0.227783	-0.295392	-0.339535	-0.328954	-0.242345	-0.0611601	0.199749	
-0.0797859	-0.0838225	-0.0974142	-0.102455	-0.0956162	-0.0920713	-0.104281	-0.123794	-0.123503	-0.114827	-0.121971	-0.142822	-0.168496	-0.179961	-0.171033	-0.164213	-0.176455	-0.218243	-0.294174	-0.37695	-0.426033	-0.414901	-0.316308	-0.109055	0.186901	
-0.088665	-0.0959485	-0.101505	-0.0956162	-0.0922965	-0.10371	-0.120531	-0.125347	-0.116741	-0.119246	-0.136937	-0.159995	-0.179296	-0.178268	-0.166759	-0.172112	-0.205158	-0.272703	-0.368	-0.455522	-0.501589	-0.482727	-0.367103	-0.136524	0.185496	
-0.0970732	-0.0979861	-0.0963556	-0.0920713	-0.10371	-0.118269	-0.12487	-0.121803	-0.118273	-0.131071	-0.153706	-0.175518	-0.183161	-0.171707	-0.168196	-0.193677	-0.250244	-0.34002	-0.444334	-0.526154	-0.561257	-0.526664	-0.389959	-0.140692	0.197904	
-0.0921572	-0.0942601	-0.093936	-0.104281	-0.120531	-0.12487	-0.124646	-0.118661	-0.124558	-0.149969	-0.173474	-0.184087	-0.17709	-0.167374	-0.184049	-0.232681	-0.311325	-0.415877	-0.516981	-0.583452	-0.599761	-0.541646	-0.381934	-0.11985	0.22656	
-0.0928945	-0.100764	-0.10874	-0.123794	-0.125347	-0.121803	-0.118661	-0.121474	-0.148029	-0.174445	-0.182659	-0.179554	-0.170109	-0.177372	-0.218859	-0.289103	-0.385656	-0.493477	-0.57863	-0.621925	-0.612059	-0.524136	-0.342225	-0.0733296	0.273581	
-0.109197	-0.115123	-0.122979	-0.123503	-0.116741	-0.118273	-0.124558	-0.148029	-0.175461	-0.181351	-0.178948	-0.174173	-0.174846	-0.207374	-0.273097	-0.361606	-0.467066	-0.563162	-0.622142	-0.636712	-0.593815	-0.472687	-0.272103	-0.00140426	0.340045	
-0.118381	-0.119181	-0.119623	-0.114827	-0.119246	-0.131071	-0.149969	-0.174445	-0.181351	-0.178156	-0.176896	-0.175334	-0.198728	-0.261246	-0.345695	-0.444481	-0.544549	-0.615061	-0.642262	-0.623342	-0.541795	-0.388462	-0.174534	0.0946831	0.425075	
-0.116647	-0.116245	-0.116108	-0.121971	-0.136937	-0.153706	-0.173474	-0.182659	-0.178948	-0.176896	-0.175998	-0.194087	-0.253221	-0.336631	-0.428865	-0.527044	-0.606004	-0.642116	-0.634907	-0.577237	-0.455095	-0.275421	-0.0534015	0.21241	0.524973	
-0.113665	-0.117722	-0.126549	-0.142822	-0.159995	-0.175518	-0.184087	-0.179554	-0.174173	-0.175334	-0.194087	-0.250281	-0.332592	-0.420377	-0.513768	-0.597197	-0.640983	-0.639882	-0.595631	-0.495021	-0.336654	-0.139358	0.0872857	0.347166	0.632882	
-0.121631	-0.135348	-0.152251	-0.168496	-0.179296	-0.183161	-0.17709	-0.170109	-0.174846	-0.198728	-0.253221	-0.332592	-0.41778	-0.506707	-0.590658	-0.639967	-0.642757	-0.605407	-0.519762	-0.377197	-0.193137	0.0140758	0.243187	0.491215	0.739568	
-0.14882	-0.163931	-0.175207	-0.179961	-0.178268	-0.171707	-0.167374	-0.177372	-0.207374	-0.261246	-0.336631	-0.420377	-0.506707	-0.588224	-0.639357	-0.644603	-0.610577	-0.534644	-0.404829	-0.230027	-0.0323669	0.180577	0.407932	0.633537	0.83558	
-0.170742	-0.1754	-0.175069	-0.171033	-0.166759	-0.168196	-0.184049	-0.218859	-0.273097	-0.345695	-0.428865	-0.513768	-0.590658	-0.639357	-0.645275	-0.612873	-0.542504	-0.422291	-0.255427	-0.0637345	0.140097	0.355669	0.57121	0.761788	0.913875	
-0.167994	-0.166245	-0.163936	-0.164213	-0.172112	-0.193677	-0.232681	-0.289103	-0.361606	-0.444481	-0.527044	-0.597197	-0.639967	-0.644603	-0.612873	-0.544945	-0.430743	-0.270602	-0.0839984	0.113596	0.321003	0.530868	0.719411	0.866123	0.971036	
-0.152358	-0.154652	-0.161222	-0.176455	-0.205158	-0.250244	-0.311325	-0.385656	-0.467066	-0.544549	-0.606004	-0.640983	-0.642757	-0.610577	-0.542504	-0.430743	-0.275669	-0.0940865	0.0982531	0.299058	0.503886	0.692028	0.840184	0.942161	1.00564	
-0.134543	-0.151638	-0.178352	-0.218243	-0.272703	-0.34002	-0.415877	-0.493477	-0.563162	-0.615061	-0.642116	-0.639882	-0.605407	-0.534644	-0.422291	-0.270602	-0.0940865	0.0932019	0.288309	0.487937	0.674343	0.824188	0.927688	0.989892	1.0148	
-0.12711	-0.171912	-0.227783	-0.294174	-0.368	-0.444334	-0.516981	-0.57863	-0.622142	-0.642262	-0.634907	-0.595631	-0.519762	-0.404829	-0.255427	-0.0839984	0.0982531	0.288309	0.482629	0.665457	0.814837	0.919527	0.982749	1.00879	0.992342	
-0.140497	-0.215369	-0.295392	-0.37695	-0.455522	-0.526154	-0.583452	-0.621925	-0.636712	-0.623342	-0.577237	-0.495021	-0.377197	-0.230027	-0.0637345	0.113596	0.299058	0.487937	0.665457	0.811705	0.915602	0.979191	1.00675	0.993968	0.931307	
-0.151427	-0.246599	-0.339535	-0.426033	-0.501589	-0.561257	-0.599761	-0.612059	-0.593815	-0.541795	-0.455095	-0.336654	-0.193137	-0.0323669	0.140097	0.321003	0.503886	0.674343	0.814837	0.915602	0.978058	1.00597	0.995722	0.938107	0.829753	
-0.124952	-0.230563	-0.328954	-0.414901	-0.482727	-0.526664	-0.541646	-0.524136	-0.472687	-0.388462	-0.275421	-0.139358	0.0140758	0.180577	0.355669	0.530868	0.692028	0.824188	0.919527	0.979191	1.00597	0.99635	0.941783	0.838373	0.695208	
-0.0486619	-0.151083	-0.242345	-0.316308	-0.367103	-0.389959	-0.381934	-0.342225	-0.272103	-0.174534	-0.0534015	0.0872857	0.243187	0.407932	0.57121	0.719411	0.840184	0.927688	0.982749	1.00675	0.995722	0.941783	0.841335	0.702333	0.544072	
0.079342	0.00320091	-0.0611601	-0.109055	-0.136524	-0.140692	-0.11985	-0.0733296	-0.00140426	0.0946831	0.21241	0.347166	0.491215	0.633537	0.761788	0.866123	0.942161	0.989892	1.00879	0.993968	0.938107	0.838373	0.702333	0.547712	0.39615	
0.250844	0.221793	0.199749	0.186901	0.185496	0.197904	0.22656	0.273581	0.340045	0.425075	0.524973	0.632882	0.739568	0.83558	0.913875	0.971036	1.00564	1.0148	0.992342	0.931307	0.829753	0.695208	0.544072	0.39615	0.26793	
0.430526	0.457885	0.487056	0.518339	0.552585	0.591123	0.635379	0.686235	0.743331	0.804599	0.866325	0.923899	0.973074	1.01096	1.03581	1.04533	1.03475	0.996782	0.924747	0.817393	0.682072	0.533704	0.389957	0.265501	0.168356	
0.581727	0.666865	0.752798	0.837676	0.919404	0.995606	1.06364	1.12079	1.16461	1.19352	1.20727	1.20714	1.1953	1.17345	1.14092	1.09368	1.02539	0.930697	0.809236	0.667892	0.519589	0.379214	0.258935	0.165217	0.098502	
0.703194	0.840001	0.97792	1.11264	1.23877	1.35018	1.44072	1.50518	1.54031	1.54557	1.52315	1.47708	1.41157	1.32929	1.2305	1.11382	0.978615	0.827682	0.668512	0.512195	0.370376	0.25191	0.160832	0.0963052	0.0540832	
0.809039	0.981331	1.1521	1.31611	1.46731	1.5992	1.70543	1.78044	1.82009	1.82203	1.78573	1.71219	1.60362	1.46338	1.29637	1.10973	0.91324	0.718766	0.538474	0.382462	0.256762	0.16258	0.0969716	0.054452	0.0287859	
0.885914	1.0743	1.25706	1.42971	1.58773	1.72656	1.84142	1.92717	1.97814	1.98835	1.95231	1.86629	1.73011	1.54863	1.33252	1.09745	0.861733	0.642929	0.454521	0.303829	0.191759	0.114169	0.0640977	0.0339361	0.0169502	
0.90052	1.09113	1.27522	1.44858	1.60711	1.74673	1.86308	1.9511	2.00477	2.01729	1.98202	1.89417	1.75302	1.56383	1.33852	1.09453	0.851843	0.62899	0.439546	0.29017	0.180747	0.106164	0.0587892	0.0306986	0.0151237	
0.844795	1.02558	1.20323	1.3727	1.52842	1.66447	1.77503	1.85467	1.89871	1.90344	1.86635	1.78642	1.66468	1.50497	1.31465	1.10473	0.889056	0.682347	0.497604	0.343761	0.224458	0.138307	0.0803512	0.0439981	0.0227101	
0.747294	0.900618	1.05442	1.20381	1.34275	1.46448	1.5623	1.63057	1.66578	1.66713	1.63647	1.57727	1.49324	1.38708	1.26035	1.11455	0.953056	0.782548	0.612937	0.455425	0.319644	0.211299	0.131324	0.0766775	0.0420573	
0.633158	0.740351	0.848493	0.954709	1.05552	1.14692	1.22463	1.28461	1.32386	1.34123	1.33793	1.31714	1.28266	1.23688	1.17907	1.10535	1.0107	0.892588	0.754036	0.604351	0.456736	0.324136	0.215496	0.134076	0.0780635	
0.495408	0.546215	0.597885	0.649874	0.702035	0.75455	0.807609	0.860893	0.913104	0.961907	1.00448	1.03845	1.06256	1.07646	1.07931	1.06793	1.03605	0.97614	0.883494	0.760343	0.617102	0.469617	0.333933	0.221509	0.137031	
0.324125	0.317025	0.314648	0.318328	0.329721	0.350902	0.384266	0.432032	0.495254	0.572647	0.659883	0.749999	0.835015	0.908109	0.965057	1.00372	1.02158	1.01344	0.971862	0.891478	0.77416	0.631219	0.480559	0.34057	0.224434	
0.144251	0.0848064	0.0357863	0.000966295	-0.0164394	-0.0139968	0.00995919	0.0565479	0.126403	0.219131	0.332161	0.459603	0.592054	0.718039	0.826967	0.912155	0.971493	1.00451	1.0081	0.975499	0.900646	0.784805	0.639869	0.485431	0.341737	
-0.00343678	-0.0983426	-0.181353	-0.246581	-0.288632	-0.303342	-0.288505	-0.244106	-0.171785	-0.0739294	0.0468026	0.186981	0.341072	0.500123	0.651854	0.783396	0.885859	0.95688	0.997743	1.00724	0.979018	0.906159	0.789387	0.641347	0.483326	
-0.100758	-0.207092	-0.304503	-0.38733	-0.44969	-0.485868	-0.491087	-0.462704	-0.401028	-0.30909	-0.191445	-0.0527928	0.102652	0.27042	0.443552	0.61051	0.756727	0.87072	0.949191	0.994604	1.00716	0.980548	0.907074	0.787397	0.635479	
-0.146753	-0.247298	-0.343263	-0.4301	-0.503042	-0.557201	-0.587316	-0.58811	-0.555571	-0.488395	-0.388681	-0.261419	-0.113027	0.0506072	0.225241	0.406037	0.582797	0.739476	0.861813	0.94535	0.993431	1.00715	0.979859	0.903329	0.779014	
-0.147108	-0.23158	-0.318129	-0.402721	-0.480457	-0.546528	-0.596454	-0.625439	-0.628162	-0.599507	-0.536018	-0.437357	-0.307207	-0.153149	0.0161976	0.195498	0.381567	0.565584	0.730063	0.858193	0.944759	0.993954	1.00716	0.977019	0.895338	
-0.130332	-0.187654	-0.254286	-0.328581	-0.406479	-0.481925	-0.54863	-0.600898	-0.633478	-0.641239	-0.619093	-0.562608	-0.468914	-0.339002	-0.180772	-0.0061451	0.177584	0.368417	0.558443	0.728493	0.859819	0.947368	0.99626	1.0075	0.972928	
-0.12945	-0.1565	-0.194265	-0.244746	-0.30843	-0.38214	-0.459311	-0.531841	-0.591474	-0.631012	-0.644652	-0.628023	-0.577682	-0.489189	-0.360089	-0.19796	-0.0180854	0.170315	0.366159	0.56143	0.734813	0.86668	0.953432	1.00119	1.01018	
-0.144829	-0.151556	-0.165381	-0.189461	-0.227455	-0.281839	-0.351059	-0.429595	-0.508585	-0.577384	-0.625875	-0.645641	-0.632602	-0.585988	-0.500885	-0.371391	-0.204975	-0.0200115	0.173359	0.374759	0.574529	0.748921	0.879141	0.964627	1.01275	
-0.162809	-0.160689	-0.160644	-0.166672	-0.182319	-0.212322	-0.25987	-0.324659	-0.402858	-0.48591	-0.562685	-0.620496	-0.646217	-0.635161	-0.589969	-0.505505	-0.373216	-0.201788	-0.011981	0.186854	0.394475	0.597859	0.771439	0.899945	0.987725	
-0.172964	-0.17409	-0.170326	-0.166134	-0.166001	-0.175198	-0.200021	-0.243456	-0.305846	-0.383596	-0.468067	-0.550294	-0.616118	-0.646543	-0.636224	-0.590713	-0.503664	-0.365615	-0.188468	0.00616633	0.211554	0.426332	0.633031	0.806723	0.939357	
-0.159114	-0.172142	-0.178861	-0.178119	-0.172956	-0.167518	-0.170343	-0.190027	-0.230377	-0.29322	-0.372132	-0.456913	-0.542684	-0.613961	-0.6465	-0.635799	-0.588343	-0.495043	-0.348413	-0.165016	0.0353797	0.249796	0.474065	0.687144	0.86927	
-0.130323	-0.145841	-0.163141	-0.176252	-0.18211	-0.179838	-0.171763	-0.169682	-0.183198	-0.21994	-0.28524	-0.366794	-0.452521	-0.541371	-0.614758	-0.646115	-0.633895	-0.582098	-0.478456	-0.321056	-0.130392	0.0792141	0.30838	0.549004	0.779712	
-0.115603	-0.122437	-0.135018	-0.152558	-0.169054	-0.181478	-0.183227	-0.175937	-0.172436	-0.179921	-0.213401	-0.281794	-0.366016	-0.454505	-0.546594	-0.618252	-0.645555	-0.630278	-0.570114	-0.451815	-0.28159	-0.0798068	0.147967	0.40414	0.676243	
-0.115033	-0.115899	-0.118989	-0.129258	-0.145086	-0.162902	-0.179502	-0.182485	-0.17785	-0.175529	-0.179029	-0.212237	-0.283296	-0.369481	-0.462963	-0.55731	-0.6234	-0.644865	-0.623503	-0.548792	-0.411013	-0.223324	0.000639964	0.264497	0.567623	
