-0.326667	-0.237562	-0.13564	-0.0544636	-0.00803693	-0.000517074	-0.0308782	-0.100266	-0.196183	-0.29494	-0.36111	-0.382524	-0.354939	-0.269366	-0.132204	0.0399805	0.223373	0.400775	0.560608	0.679697	0.720336	0.69146	0.602426	0.451546	0.245955	
-0.278379	-0.181168	-0.0691356	0.0205916	0.0634517	0.069658	0.0432002	-0.0280798	-0.136632	-0.242677	-0.320289	-0.348145	-0.328581	-0.253514	-0.133846	0.0174023	0.181195	0.338846	0.476644	0.566341	0.58117	0.526623	0.411831	0.242919	0.0348044	
-0.214598	-0.114653	-0.0021821	0.0892077	0.134654	0.140847	0.112887	0.0389952	-0.0691726	-0.178102	-0.258331	-0.297565	-0.294908	-0.236061	-0.131205	0.00562656	0.154484	0.290621	0.395564	0.458417	0.455248	0.379771	0.245776	0.0686015	-0.134543	
-0.160815	-0.0618955	0.0475834	0.139923	0.192898	0.201239	0.166607	0.0881304	-0.0174438	-0.124051	-0.207612	-0.25805	-0.270159	-0.228922	-0.136374	-0.00639652	0.131444	0.244729	0.326092	0.367033	0.352712	0.269367	0.127422	-0.0481258	-0.235626	
-0.129001	-0.0299279	0.0691297	0.150519	0.202099	0.211303	0.175607	0.10452	0.0110235	-0.0912105	-0.177088	-0.236409	-0.261422	-0.240729	-0.162534	-0.0413194	0.089313	0.198287	0.274	0.308693	0.286235	0.200971	0.0588821	-0.106895	-0.273596	
-0.125159	-0.0336147	0.0511428	0.11565	0.156905	0.164059	0.135805	0.0795736	0.00210774	-0.0893896	-0.172163	-0.231573	-0.264287	-0.260917	-0.199155	-0.0934691	0.0274099	0.138271	0.21878	0.252746	0.234626	0.155287	0.0295959	-0.11583	-0.254444	
-0.150552	-0.0780478	-0.0110228	0.0371557	0.0663182	0.0712429	0.0513947	0.010057	-0.0493155	-0.122437	-0.190083	-0.245459	-0.280771	-0.285781	-0.234179	-0.137444	-0.0240428	0.0859281	0.164563	0.199222	0.189535	0.13653	0.0412737	-0.0701631	-0.168772	
-0.191134	-0.141806	-0.0915862	-0.0549183	-0.032133	-0.0290326	-0.0442748	-0.0747593	-0.121225	-0.171713	-0.221202	-0.268019	-0.303881	-0.307997	-0.263028	-0.171775	-0.0602883	0.0470476	0.119586	0.158542	0.162961	0.134616	0.0794275	0.0119453	-0.0437636	
-0.233339	-0.196847	-0.156976	-0.124874	-0.109338	-0.106535	-0.117074	-0.142115	-0.181128	-0.218255	-0.259558	-0.296103	-0.320647	-0.318386	-0.275946	-0.192031	-0.0863892	0.0152721	0.0881647	0.134967	0.156817	0.152726	0.139313	0.118025	0.101442	
-0.277375	-0.239485	-0.19761	-0.168888	-0.155359	-0.153178	-0.161837	-0.183754	-0.222481	-0.262506	-0.300593	-0.324954	-0.330053	-0.311893	-0.273524	-0.199703	-0.103912	-0.00748688	0.0751697	0.137646	0.17762	0.196526	0.217662	0.236111	0.255049	
-0.317007	-0.274506	-0.229434	-0.20043	-0.187601	-0.185828	-0.192996	-0.216052	-0.255369	-0.301235	-0.336634	-0.35076	-0.337955	-0.309081	-0.268552	-0.201216	-0.112181	-0.0142118	0.0802272	0.162307	0.219613	0.263337	0.309347	0.357621	0.402637	
-0.357125	-0.317562	-0.271763	-0.240611	-0.225185	-0.2229	-0.232553	-0.257792	-0.298799	-0.343213	-0.370765	-0.372963	-0.350589	-0.311937	-0.262818	-0.194385	-0.105789	-0.0061899	0.0967695	0.190157	0.266477	0.334733	0.403372	0.474554	0.540036	
-0.389687	-0.360062	-0.320075	-0.289637	-0.27619	-0.275215	-0.282043	-0.306109	-0.344335	-0.379826	-0.398321	-0.392964	-0.364613	-0.31801	-0.256727	-0.180378	-0.088726	0.0141227	0.120026	0.221119	0.311461	0.396997	0.482744	0.572889	0.650661	
-0.409331	-0.384563	-0.351124	-0.326019	-0.318238	-0.318414	-0.320521	-0.33951	-0.370659	-0.401584	-0.41469	-0.407391	-0.375947	-0.32168	-0.248934	-0.165075	-0.0695954	0.0347951	0.143304	0.253386	0.355121	0.450927	0.545889	0.645405	0.728331	
-0.413506	-0.38827	-0.355078	-0.328941	-0.321131	-0.320975	-0.323861	-0.342198	-0.375579	-0.404824	-0.42133	-0.414908	-0.383806	-0.32494	-0.245733	-0.153165	-0.0517112	0.0526363	0.165615	0.287727	0.398603	0.503268	0.607265	0.705807	0.784339	
-0.396529	-0.367245	-0.329648	-0.292844	-0.276319	-0.274442	-0.283557	-0.313335	-0.3534	-0.385568	-0.408422	-0.409036	-0.387256	-0.337774	-0.259373	-0.157471	-0.0445055	0.0675412	0.193328	0.326388	0.448014	0.560487	0.671104	0.76188	0.830176	
-0.361745	-0.321764	-0.275962	-0.227466	-0.199695	-0.194802	-0.212898	-0.256533	-0.303539	-0.346921	-0.379316	-0.397434	-0.396585	-0.364553	-0.287842	-0.175095	-0.0414218	0.0907351	0.233064	0.374161	0.499521	0.616413	0.726334	0.811474	0.873941	
-0.329175	-0.272856	-0.211282	-0.151911	-0.114436	-0.108564	-0.132933	-0.187106	-0.248102	-0.308035	-0.356915	-0.396706	-0.41221	-0.387348	-0.306069	-0.177708	-0.0241944	0.131449	0.286808	0.431177	0.554299	0.67003	0.774388	0.857236	0.914914	
-0.298547	-0.226782	-0.149935	-0.0844124	-0.0431276	-0.036281	-0.0641529	-0.121647	-0.195821	-0.271321	-0.335852	-0.390455	-0.413409	-0.384313	-0.294109	-0.154503	0.010567	0.183623	0.347406	0.49131	0.614003	0.726377	0.819988	0.893774	0.940717	
-0.255301	-0.177139	-0.0910702	-0.0213497	0.0221083	0.0292961	-0.000531551	-0.059596	-0.143296	-0.225431	-0.298125	-0.354691	-0.378449	-0.343477	-0.249366	-0.109229	0.060057	0.240718	0.407381	0.548597	0.667491	0.764974	0.845219	0.903579	0.936573	
-0.21567	-0.137755	-0.0482104	0.032531	0.0805991	0.0891212	0.0560208	-0.012516	-0.102861	-0.186505	-0.254641	-0.295846	-0.301745	-0.258496	-0.16146	-0.0298368	0.128191	0.303337	0.463617	0.599295	0.707551	0.784209	0.845765	0.888394	0.906922	
-0.172123	-0.100924	-0.0118126	0.0649025	0.116289	0.126477	0.0889962	0.0212967	-0.0651223	-0.14774	-0.199651	-0.218859	-0.201732	-0.141124	-0.0453265	0.0766853	0.21605	0.371317	0.516079	0.637931	0.722442	0.772001	0.814354	0.844416	0.860395	
-0.113874	-0.062241	0.0124306	0.07391	0.115853	0.1241	0.0932791	0.0392761	-0.0327561	-0.0974629	-0.130761	-0.123575	-0.0745221	0.0039961	0.0996053	0.211998	0.316668	0.434136	0.551762	0.644542	0.703911	0.735883	0.759106	0.782575	0.796652	
-0.0432038	-0.0214459	0.0226502	0.054288	0.078521	0.0832525	0.065432	0.0363027	-0.00336298	-0.0392371	-0.0394574	0.000547364	0.0774702	0.175062	0.274188	0.367349	0.437503	0.507239	0.576214	0.631485	0.661566	0.674601	0.686803	0.703049	0.712941	
0.0380547	0.0131314	0.0110372	0.0116635	0.0119363	0.0115226	0.011918	0.0119247	0.0104858	0.0242639	0.0687166	0.15045	0.256969	0.369456	0.471372	0.544709	0.5837	0.605638	0.618419	0.624966	0.616319	0.602872	0.597808	0.601854	0.603793	
0.116614	0.0317015	-0.0200893	-0.052777	-0.0759522	-0.0802989	-0.0638507	-0.0337927	0.00686129	0.0787932	0.183151	0.314771	0.455998	0.585555	0.685058	0.74045	0.749662	0.72735	0.685758	0.637554	0.58437	0.533123	0.495672	0.477587	0.465939	
0.187022	0.034969	-0.0714307	-0.148192	-0.196828	-0.205446	-0.17159	-0.105125	-0.0122822	0.121337	0.292566	0.476261	0.65228	0.800226	0.89639	0.940755	0.927329	0.869618	0.780918	0.679708	0.577457	0.478486	0.398459	0.346415	0.316287	
0.236043	0.0199184	-0.144938	-0.266031	-0.341454	-0.355211	-0.302259	-0.198926	-0.0516029	0.144596	0.377195	0.612079	0.824826	0.98811	1.08864	1.12772	1.09946	1.01245	0.882856	0.736866	0.589948	0.447572	0.328236	0.237606	0.17641	
0.259331	-0.0050909	-0.222883	-0.383575	-0.48073	-0.498147	-0.430169	-0.295127	-0.0977808	0.14887	0.430216	0.707238	0.94647	1.12261	1.23401	1.27735	1.24765	1.14027	0.976819	0.792884	0.604228	0.430411	0.282062	0.156239	0.0684607	
0.264911	-0.0292172	-0.279715	-0.461784	-0.570855	-0.59033	-0.514637	-0.360925	-0.137014	0.144296	0.452216	0.756345	1.01303	1.19705	1.31655	1.36953	1.34135	1.2204	1.03939	0.827081	0.612348	0.424036	0.255777	0.109564	0.00365449	
0.264852	-0.0348486	-0.291048	-0.475722	-0.587024	-0.60647	-0.529676	-0.373394	-0.145272	0.142355	0.454699	0.764049	1.02457	1.20965	1.33089	1.38643	1.35769	1.23421	1.05065	0.831914	0.612938	0.423853	0.250945	0.10217	-0.00665025	
0.263227	-0.0158276	-0.248966	-0.421982	-0.524678	-0.543112	-0.471717	-0.326425	-0.115257	0.147422	0.442833	0.73271	0.979188	1.15994	1.27451	1.32199	1.29385	1.18007	1.00752	0.810112	0.608588	0.426339	0.269196	0.133344	0.0368199	
0.2483	0.0107472	-0.177348	-0.314597	-0.400147	-0.415781	-0.355377	-0.238631	-0.0701841	0.148448	0.401889	0.655456	0.880969	1.04914	1.15387	1.19359	1.16256	1.06658	0.922409	0.759766	0.595633	0.439706	0.306667	0.201304	0.128353	
0.209181	0.0314322	-0.0983551	-0.193754	-0.253433	-0.263887	-0.222466	-0.140537	-0.0253949	0.132876	0.330005	0.534731	0.725405	0.880201	0.97738	1.01771	0.998196	0.927882	0.821998	0.702609	0.581569	0.463389	0.367202	0.299266	0.25806	
0.145873	0.0350782	-0.0383276	-0.0869494	-0.119933	-0.12619	-0.102585	-0.0589915	0.000874721	0.0977413	0.227854	0.380921	0.536456	0.673274	0.770996	0.820988	0.819723	0.781957	0.720955	0.650926	0.578006	0.508761	0.454744	0.423901	0.406255	
0.0703815	0.0228127	0.000946296	-0.011014	-0.0205658	-0.0223884	-0.0154287	-0.00381433	0.011339	0.0478868	0.114466	0.215893	0.334886	0.453607	0.555489	0.620506	0.648335	0.652055	0.642197	0.627235	0.601239	0.573543	0.557683	0.554398	0.551476	
-0.0115532	-0.00660482	0.020208	0.03975	0.0548336	0.0573614	0.046872	0.0286598	0.00395986	-0.0140765	0.00198018	0.0576445	0.146067	0.250066	0.3507	0.436262	0.493355	0.54346	0.590262	0.626875	0.642347	0.646792	0.653809	0.665871	0.673499	
-0.0869198	-0.0456921	0.0191366	0.069317	0.105438	0.112438	0.0857811	0.0413964	-0.0197693	-0.074898	-0.096351	-0.0777188	-0.0167929	0.069638	0.16627	0.27189	0.361894	0.460847	0.561057	0.639816	0.688656	0.713608	0.731419	0.753128	0.764971	
-0.1505	-0.0859152	-0.000588104	0.0711342	0.120408	0.130239	0.0940078	0.0304394	-0.0516017	-0.129048	-0.174006	-0.183511	-0.154105	-0.0862791	0.00906859	0.127923	0.254673	0.396857	0.533169	0.645	0.719166	0.760637	0.794512	0.820854	0.837265	
-0.199657	-0.123652	-0.0334255	0.0485439	0.0992006	0.108319	0.0728964	0.00231138	-0.0882765	-0.171741	-0.234753	-0.266916	-0.264172	-0.214717	-0.117543	0.0097929	0.161287	0.330316	0.48509	0.616919	0.717325	0.782984	0.8373	0.87442	0.890229	
-0.238537	-0.160064	-0.0726695	0.00204372	0.0465328	0.0545687	0.0237668	-0.0394118	-0.125402	-0.208522	-0.280825	-0.333337	-0.351915	-0.314963	-0.219395	-0.0815121	0.0850613	0.265313	0.430752	0.570084	0.685023	0.775409	0.848239	0.900175	0.927205	
-0.282117	-0.206951	-0.124577	-0.0589183	-0.0161456	-0.00905875	-0.0383838	-0.0953307	-0.174023	-0.253496	-0.322321	-0.379903	-0.405044	-0.372509	-0.281069	-0.139683	0.0284783	0.205499	0.371074	0.514384	0.636621	0.743657	0.833632	0.901404	0.942373	
-0.317884	-0.254689	-0.187078	-0.124066	-0.0850369	-0.0788947	-0.104103	-0.160833	-0.227327	-0.294101	-0.349877	-0.397318	-0.415223	-0.39029	-0.304884	-0.170734	-0.0125254	0.151932	0.311086	0.455508	0.577911	0.693935	0.79341	0.874604	0.928411	
-0.347455	-0.301436	-0.249393	-0.19734	-0.164893	-0.159392	-0.180806	-0.228493	-0.280571	-0.330391	-0.36864	-0.395614	-0.403259	-0.375201	-0.297983	-0.179805	-0.0367826	0.104814	0.253086	0.396096	0.520843	0.637095	0.745984	0.829726	0.890802	
-0.384117	-0.351003	-0.311686	-0.268838	-0.247779	-0.245156	-0.25736	-0.293547	-0.336439	-0.371656	-0.397751	-0.404168	-0.389254	-0.347341	-0.269852	-0.163767	-0.043938	0.0751033	0.2076	0.343923	0.468189	0.583596	0.694418	0.782521	0.848075	
-0.409314	-0.383098	-0.348406	-0.319074	-0.308774	-0.307821	-0.312956	-0.334369	-0.370169	-0.399683	-0.41913	-0.413606	-0.385702	-0.32845	-0.248657	-0.152829	-0.0470908	0.0590833	0.175805	0.30271	0.418428	0.525541	0.633367	0.728765	0.803263	
-0.41307	-0.388556	-0.356173	-0.331785	-0.325421	-0.325635	-0.326899	-0.344578	-0.375418	-0.405302	-0.419324	-0.411759	-0.379525	-0.322296	-0.246585	-0.159553	-0.0619384	0.0416386	0.151959	0.26689	0.371662	0.471398	0.56984	0.669795	0.752363	
-0.399854	-0.371984	-0.335371	-0.30724	-0.296118	-0.295687	-0.300473	-0.322454	-0.357227	-0.390924	-0.405692	-0.399941	-0.369369	-0.320078	-0.253496	-0.174273	-0.0808529	0.0229383	0.130032	0.234538	0.329155	0.419807	0.508687	0.605195	0.685881	
-0.371718	-0.336113	-0.29184	-0.259909	-0.244219	-0.242211	-0.251665	-0.277286	-0.318471	-0.359147	-0.383158	-0.381359	-0.356555	-0.314266	-0.260468	-0.189194	-0.0994734	0.000553673	0.105265	0.201597	0.284613	0.360303	0.437496	0.516564	0.588652	
-0.332725	-0.290392	-0.245049	-0.21471	-0.200826	-0.199296	-0.206998	-0.231354	-0.271479	-0.316963	-0.350723	-0.359249	-0.342769	-0.310324	-0.266068	-0.199689	-0.111518	-0.0120487	0.0855805	0.173589	0.239058	0.292481	0.34773	0.405088	0.459601	
