0.107424	0.0878824	0.0896617	0.116959	0.163727	0.228	0.290626	0.336931	0.348103	0.315687	0.262697	0.203734	0.151464	0.108511	0.0626301	0.010122	-0.0397798	-0.0728601	-0.076406	-0.039454	0.016643	0.0770897	0.123141	0.134222	0.107781	
0.26691	0.258821	0.262935	0.281286	0.310366	0.354299	0.395457	0.416754	0.402645	0.362164	0.297069	0.224343	0.155965	0.10031	0.0465744	-0.010584	-0.0616547	-0.089988	-0.0954073	-0.0766538	-0.0283705	0.0223443	0.0567665	0.06846	0.0578951	
0.384479	0.388056	0.393975	0.411411	0.433338	0.459569	0.477839	0.472951	0.436714	0.378648	0.292767	0.197712	0.112415	0.0439452	-0.0148914	-0.0648438	-0.105467	-0.127806	-0.132807	-0.118083	-0.0780952	-0.0326202	0.00296709	0.0245364	0.0332623	
0.446202	0.473528	0.492881	0.509069	0.52142	0.533273	0.526595	0.497806	0.439621	0.351524	0.247103	0.134787	0.0332598	-0.0470713	-0.109369	-0.155067	-0.181902	-0.191465	-0.188201	-0.165878	-0.12693	-0.0823773	-0.0451514	-0.0149461	0.00855471	
0.462142	0.53007	0.577479	0.597632	0.598229	0.586847	0.553699	0.497898	0.415148	0.302452	0.178931	0.0526136	-0.0598921	-0.147832	-0.219872	-0.265322	-0.286048	-0.287854	-0.272089	-0.241588	-0.198219	-0.150251	-0.105642	-0.0614053	-0.0276443	
0.450234	0.555038	0.635619	0.671696	0.662205	0.620309	0.555975	0.478958	0.378209	0.243978	0.103688	-0.0309861	-0.146411	-0.24402	-0.326592	-0.377328	-0.403626	-0.402957	-0.382612	-0.348574	-0.3009	-0.247525	-0.189901	-0.134106	-0.0916404	
0.41569	0.549836	0.653672	0.702299	0.691331	0.631254	0.548909	0.459691	0.34854	0.19714	0.0386543	-0.109095	-0.241445	-0.351665	-0.440449	-0.502634	-0.536751	-0.535241	-0.515713	-0.485002	-0.438546	-0.376165	-0.304737	-0.234478	-0.182873	
0.351062	0.502712	0.615697	0.674789	0.671568	0.619029	0.537886	0.441685	0.326115	0.169277	-0.0101513	-0.181648	-0.3387	-0.467107	-0.564552	-0.630812	-0.675067	-0.680569	-0.660119	-0.631322	-0.588916	-0.519759	-0.439064	-0.362335	-0.296654	
0.247785	0.402126	0.520337	0.586549	0.598339	0.572183	0.512591	0.429106	0.317884	0.158796	-0.0295224	-0.227158	-0.409444	-0.557702	-0.670857	-0.746786	-0.796973	-0.813645	-0.800462	-0.776821	-0.738061	-0.664939	-0.580383	-0.499482	-0.417428	
0.116392	0.260915	0.379294	0.454348	0.486969	0.494964	0.475826	0.420491	0.317027	0.167211	-0.0171455	-0.224186	-0.427291	-0.596401	-0.724523	-0.814716	-0.877812	-0.911008	-0.914101	-0.897325	-0.861118	-0.794567	-0.709227	-0.617746	-0.522333	
-0.026294	0.1008	0.215814	0.304297	0.366711	0.409914	0.427497	0.407117	0.328594	0.192165	0.0124794	-0.189315	-0.392175	-0.570482	-0.713262	-0.824664	-0.904921	-0.952873	-0.97613	-0.971133	-0.935033	-0.875961	-0.795279	-0.696052	-0.584881	
-0.15489	-0.0498407	0.063259	0.165565	0.252116	0.325985	0.374832	0.387735	0.339854	0.223012	0.0591894	-0.125432	-0.317566	-0.499224	-0.649387	-0.773306	-0.867116	-0.929703	-0.965506	-0.971379	-0.942014	-0.889914	-0.810271	-0.704584	-0.585766	
-0.238792	-0.161398	-0.0563009	0.0500954	0.149713	0.243144	0.316597	0.352573	0.33474	0.254702	0.119547	-0.0414038	-0.211032	-0.382458	-0.531095	-0.657684	-0.757202	-0.828065	-0.870161	-0.882177	-0.860434	-0.81317	-0.741271	-0.634848	-0.513771	
-0.268822	-0.213577	-0.131205	-0.0349195	0.0607364	0.156425	0.246276	0.307228	0.318449	0.277291	0.18796	0.0614013	-0.0829691	-0.231769	-0.372019	-0.492631	-0.590459	-0.664875	-0.709564	-0.725107	-0.706736	-0.660454	-0.584782	-0.481704	-0.364452	
-0.250801	-0.219342	-0.166327	-0.0964634	-0.018399	0.0683218	0.165337	0.250544	0.290323	0.287675	0.251569	0.170569	0.0598308	-0.0613463	-0.178517	-0.290875	-0.385072	-0.462854	-0.513155	-0.527159	-0.501571	-0.442867	-0.360342	-0.255948	-0.147735	
-0.182554	-0.18236	-0.162092	-0.124304	-0.070612	0.00221029	0.0934809	0.186962	0.259259	0.296722	0.303621	0.270567	0.198606	0.114252	0.0246537	-0.0711462	-0.16068	-0.233054	-0.28484	-0.296802	-0.259797	-0.189407	-0.101992	-0.00109818	0.103353	
-0.0800881	-0.111584	-0.128718	-0.117273	-0.0865656	-0.0318103	0.0443713	0.134196	0.221202	0.288779	0.329273	0.336441	0.31505	0.276845	0.219417	0.144877	0.0682598	0.00195135	-0.0406297	-0.048625	-0.0097607	0.0702502	0.159228	0.25324	0.352009	
0.0441323	-0.0105752	-0.0586019	-0.0734219	-0.0683571	-0.0405353	0.00611233	0.0753446	0.165606	0.255542	0.325482	0.367638	0.390672	0.400682	0.382329	0.336912	0.280673	0.22804	0.197074	0.203337	0.247596	0.322617	0.402666	0.487042	0.573593	
0.178408	0.111077	0.0349576	-0.0127878	-0.0374381	-0.0450972	-0.0352393	0.00886276	0.0919558	0.19296	0.284815	0.355273	0.411864	0.462377	0.483522	0.473236	0.44448	0.417799	0.413007	0.437036	0.484436	0.555013	0.627346	0.6961	0.762437	
0.302143	0.228713	0.133449	0.0554874	-0.00526534	-0.0475128	-0.0720308	-0.0549564	0.00700029	0.0994129	0.203528	0.302502	0.385499	0.457418	0.510595	0.540583	0.55047	0.554575	0.580666	0.631366	0.690847	0.757301	0.820844	0.874157	0.91139	
0.398648	0.322386	0.222997	0.120628	0.0246279	-0.0539282	-0.111028	-0.124427	-0.0853957	-0.00762593	0.098118	0.213658	0.318144	0.409843	0.494041	0.563077	0.61116	0.652203	0.707802	0.778924	0.849345	0.915172	0.967621	0.99809	1.00466	
0.477599	0.407136	0.306541	0.186382	0.054838	-0.068887	-0.162099	-0.20312	-0.189024	-0.129567	-0.0314658	0.0949351	0.22147	0.337929	0.451793	0.563824	0.656097	0.730656	0.805229	0.878989	0.946309	1.00722	1.04981	1.05704	1.03503	
0.549458	0.490468	0.386223	0.245594	0.0796998	-0.0878941	-0.228204	-0.308839	-0.322545	-0.278906	-0.185603	-0.0529181	0.10293	0.257173	0.41108	0.557099	0.683594	0.783068	0.865239	0.932728	0.991127	1.03975	1.06456	1.05314	1.01381	
0.596537	0.550484	0.445783	0.2813	0.0847126	-0.125605	-0.313325	-0.437807	-0.478684	-0.449521	-0.358283	-0.210859	-0.0219853	0.180873	0.375739	0.549205	0.69114	0.802247	0.88452	0.942639	0.989552	1.02552	1.04024	1.01862	0.972064	
0.614269	0.579809	0.475643	0.296831	0.0684947	-0.180393	-0.408243	-0.565967	-0.628712	-0.606187	-0.513818	-0.35638	-0.14043	0.0979666	0.330501	0.528594	0.681026	0.792724	0.874296	0.926443	0.962115	0.985974	0.99128	0.971045	0.928177	
0.612586	0.579758	0.472735	0.281814	0.0310284	-0.243029	-0.492694	-0.66922	-0.746493	-0.73235	-0.637182	-0.470995	-0.243529	0.0175881	0.276854	0.495049	0.655039	0.76422	0.841879	0.894492	0.925004	0.934499	0.931949	0.916796	0.880813	
0.596429	0.556192	0.439109	0.238258	-0.0253465	-0.31131	-0.565088	-0.746999	-0.837884	-0.835436	-0.73903	-0.559237	-0.315464	-0.0383062	0.236588	0.466212	0.627131	0.7339	0.811192	0.861681	0.884146	0.886342	0.877059	0.859249	0.825202	
0.576993	0.530939	0.402065	0.193843	-0.0803727	-0.370725	-0.626341	-0.809197	-0.907682	-0.910584	-0.813051	-0.626463	-0.375568	-0.0891852	0.195632	0.435577	0.610118	0.718995	0.788005	0.829877	0.844807	0.838175	0.818686	0.796476	0.763324	
0.559854	0.508124	0.373771	0.157843	-0.122254	-0.413708	-0.668606	-0.855865	-0.959777	-0.967821	-0.871649	-0.683126	-0.426707	-0.129696	0.164219	0.412785	0.598206	0.717187	0.781412	0.805254	0.804452	0.794196	0.772348	0.743642	0.712538	
0.547744	0.494607	0.354597	0.134062	-0.147968	-0.435824	-0.689525	-0.88127	-0.993531	-1.00551	-0.911469	-0.718364	-0.452004	-0.144493	0.152166	0.401503	0.594028	0.717968	0.775928	0.788591	0.781382	0.771826	0.746472	0.710874	0.678461	
0.54545	0.492408	0.350108	0.129182	-0.153588	-0.439082	-0.692453	-0.886703	-1.00103	-1.01322	-0.91751	-0.724287	-0.456053	-0.146331	0.153007	0.401863	0.594405	0.717723	0.775416	0.787129	0.779444	0.768916	0.741945	0.705001	0.672027	
0.554226	0.501059	0.364865	0.146501	-0.13425	-0.425184	-0.679195	-0.867836	-0.975206	-0.985827	-0.89126	-0.700057	-0.440419	-0.138476	0.15616	0.405951	0.595689	0.718008	0.778857	0.79678	0.792021	0.781979	0.759437	0.727522	0.69635	
0.570096	0.521107	0.38987	0.178738	-0.0989929	-0.39048	-0.646012	-0.830833	-0.930928	-0.934893	-0.837646	-0.65106	-0.398092	-0.108093	0.181474	0.425556	0.604394	0.71699	0.784169	0.819769	0.828156	0.819608	0.797815	0.772986	0.741508	
0.588266	0.545805	0.423278	0.218955	-0.0487693	-0.336493	-0.590661	-0.773386	-0.868268	-0.869184	-0.77172	-0.587047	-0.34047	-0.0583161	0.220711	0.454092	0.619866	0.725709	0.799457	0.848395	0.868956	0.866963	0.854074	0.834647	0.799962	
0.608044	0.57201	0.46191	0.266545	0.0100006	-0.27024	-0.522816	-0.703094	-0.785507	-0.775789	-0.68094	-0.509738	-0.275266	-0.00732885	0.259184	0.482727	0.642098	0.751327	0.829911	0.881598	0.90764	0.914589	0.909746	0.894018	0.860554	
0.615301	0.583404	0.478563	0.294855	0.0563395	-0.204536	-0.443893	-0.610623	-0.679786	-0.660388	-0.56659	-0.405753	-0.185084	0.0639941	0.308965	0.515819	0.672885	0.782808	0.861663	0.914572	0.948661	0.965793	0.967501	0.950152	0.90905	
0.606511	0.565599	0.461704	0.290721	0.0803776	-0.146658	-0.351223	-0.490602	-0.541227	-0.516076	-0.424698	-0.27218	-0.0702114	0.148988	0.359635	0.543232	0.689092	0.801881	0.884963	0.939005	0.980132	1.01182	1.02353	1.00082	0.954891	
0.572139	0.517947	0.413102	0.262567	0.0844729	-0.100315	-0.260255	-0.358149	-0.383515	-0.34578	-0.254278	-0.116408	0.0528926	0.226283	0.396087	0.553801	0.688871	0.794488	0.876596	0.940772	0.995393	1.0387	1.05756	1.04081	0.997587	
0.507647	0.441887	0.339806	0.21189	0.0657969	-0.0754831	-0.186276	-0.242089	-0.238779	-0.186138	-0.0895447	0.0384285	0.175962	0.305335	0.435209	0.562619	0.669926	0.755343	0.834864	0.90644	0.970333	1.02674	1.06277	1.06245	1.03163	
0.431228	0.356619	0.256828	0.14697	0.0369142	-0.0591579	-0.130489	-0.153596	-0.124119	-0.0533325	0.0491311	0.170107	0.282948	0.383828	0.478518	0.564436	0.630117	0.685608	0.750213	0.823568	0.895242	0.960398	1.00871	1.02897	1.02411	
0.344412	0.268489	0.169981	0.0814572	0.00725097	-0.0489001	-0.0869281	-0.0826182	-0.0300114	0.0574372	0.164485	0.270332	0.362678	0.441941	0.508561	0.554389	0.578613	0.596876	0.635847	0.697386	0.761569	0.826789	0.885883	0.931704	0.956062	
0.230229	0.160529	0.0748833	0.0146566	-0.0243571	-0.0461998	-0.0503625	-0.0161182	0.0594653	0.158112	0.256168	0.339094	0.406407	0.467141	0.5012	0.506934	0.493855	0.478825	0.485687	0.518926	0.571013	0.639857	0.709505	0.772157	0.827342	
0.0977777	0.0365358	-0.0229738	-0.0505123	-0.056487	-0.0429562	-0.010934	0.0484124	0.137481	0.234741	0.313955	0.367394	0.406282	0.434424	0.432347	0.400668	0.353134	0.309719	0.288457	0.301371	0.346059	0.418994	0.495273	0.573472	0.653561	
-0.0324145	-0.0745783	-0.104893	-0.103651	-0.0822688	-0.0366056	0.0296116	0.112545	0.201567	0.278232	0.331889	0.354128	0.351058	0.331966	0.289554	0.22602	0.157306	0.0948444	0.0552181	0.0518403	0.0932881	0.172628	0.258639	0.350326	0.44452	
-0.144569	-0.157967	-0.152274	-0.125478	-0.0817409	-0.0154463	0.0710831	0.16434	0.245671	0.296858	0.317415	0.300978	0.248961	0.18275	0.104546	0.0160714	-0.0692599	-0.138749	-0.18724	-0.198893	-0.160816	-0.0853149	0.00381424	0.101549	0.205236	
-0.229086	-0.209236	-0.168858	-0.112396	-0.0434046	0.0382556	0.133949	0.224745	0.278402	0.291983	0.27421	0.213168	0.116643	0.00957849	-0.096089	-0.203204	-0.296001	-0.3731	-0.425674	-0.437872	-0.406911	-0.343645	-0.259111	-0.155203	-0.0500959	
-0.267355	-0.220937	-0.149634	-0.0622075	0.0275409	0.119804	0.214735	0.285672	0.30794	0.282041	0.214882	0.105004	-0.0269587	-0.165853	-0.298722	-0.416086	-0.51245	-0.587654	-0.634347	-0.65018	-0.630802	-0.580322	-0.501467	-0.398108	-0.28428	
-0.257323	-0.189685	-0.0921484	0.0132629	0.112966	0.209363	0.289868	0.335936	0.329713	0.265641	0.146465	-0.00232137	-0.161961	-0.325087	-0.471464	-0.596606	-0.695937	-0.769287	-0.811747	-0.826034	-0.805741	-0.759945	-0.689008	-0.583742	-0.463404	
-0.194758	-0.101098	0.0110035	0.115241	0.209219	0.292923	0.35282	0.375143	0.339079	0.235544	0.0825229	-0.0937454	-0.278281	-0.457812	-0.608114	-0.733	-0.830876	-0.898108	-0.93718	-0.945309	-0.920368	-0.869853	-0.792591	-0.685791	-0.565974	
-0.080981	0.0380605	0.151797	0.246916	0.319679	0.376869	0.406989	0.400625	0.334894	0.204136	0.0289814	-0.166777	-0.366495	-0.5473	-0.694405	-0.813028	-0.898579	-0.952999	-0.982432	-0.982259	-0.947274	-0.891373	-0.811366	-0.708984	-0.593279	
