0.239576	0.0713607	-0.10945	-0.261239	-0.352999	-0.369896	-0.305872	-0.176096	-0.00225653	0.176681	0.317385	0.39656	0.406963	0.345772	0.23139	0.0875046	-0.0417715	-0.141667	-0.205758	-0.221896	-0.195324	-0.147226	-0.0902384	-0.0529848	-0.0451728	
0.231978	0.0378224	-0.167563	-0.334019	-0.429492	-0.44379	-0.382206	-0.24082	-0.0459404	0.158677	0.322721	0.418143	0.436192	0.378695	0.266061	0.12058	-0.0123537	-0.120502	-0.207401	-0.261185	-0.279827	-0.277276	-0.265525	-0.260477	-0.275742	
0.20408	-0.0121576	-0.234312	-0.40975	-0.506165	-0.52119	-0.459185	-0.312223	-0.1043	0.123113	0.306541	0.416789	0.452749	0.415873	0.313484	0.17564	0.0433369	-0.0783573	-0.18732	-0.277083	-0.336599	-0.370985	-0.401199	-0.434128	-0.474456	
0.155835	-0.0697086	-0.297922	-0.477677	-0.573357	-0.589307	-0.526437	-0.378477	-0.163762	0.0704525	0.26569	0.391139	0.451511	0.442238	0.361337	0.236443	0.100112	-0.0297772	-0.151571	-0.266148	-0.35412	-0.418664	-0.485337	-0.563939	-0.630998	
0.0832118	-0.136989	-0.362249	-0.539803	-0.635681	-0.652024	-0.587593	-0.442414	-0.22867	-0.00166122	0.196262	0.336058	0.418616	0.439733	0.383526	0.275829	0.144649	0.0166527	-0.104833	-0.22803	-0.340083	-0.439181	-0.53966	-0.651495	-0.748419	
-0.0149929	-0.229416	-0.443652	-0.610579	-0.701714	-0.715616	-0.656859	-0.518242	-0.31771	-0.098292	0.101043	0.259324	0.367587	0.417671	0.390543	0.300364	0.180651	0.0592266	-0.0631641	-0.188327	-0.322733	-0.454712	-0.585583	-0.717387	-0.83277	
-0.122127	-0.330812	-0.534234	-0.687473	-0.772342	-0.784843	-0.730286	-0.603031	-0.415348	-0.203733	-0.0065273	0.166089	0.301185	0.377774	0.381929	0.309477	0.194882	0.0719771	-0.0549943	-0.186024	-0.332121	-0.480683	-0.626922	-0.770087	-0.890557	
-0.221688	-0.425128	-0.622883	-0.763136	-0.843533	-0.858366	-0.802385	-0.687152	-0.507773	-0.301493	-0.107124	0.0715031	0.21937	0.314688	0.331384	0.265815	0.150382	0.0229089	-0.111099	-0.248746	-0.390557	-0.539859	-0.684254	-0.821326	-0.932613	
-0.304466	-0.496151	-0.679959	-0.815512	-0.892353	-0.906485	-0.85316	-0.74216	-0.572271	-0.380617	-0.194255	-0.0213546	0.123928	0.219794	0.235167	0.163741	0.0461771	-0.084858	-0.221161	-0.357952	-0.492066	-0.626018	-0.752446	-0.871859	-0.960271	
-0.380166	-0.552773	-0.710856	-0.835374	-0.903676	-0.91526	-0.869458	-0.766518	-0.618831	-0.449286	-0.279396	-0.11814	0.0207566	0.106413	0.11437	0.0381672	-0.0818955	-0.225122	-0.368987	-0.50265	-0.624015	-0.731192	-0.829988	-0.916718	-0.978033	
-0.452058	-0.597534	-0.720879	-0.811939	-0.859239	-0.866412	-0.836574	-0.760689	-0.651166	-0.511557	-0.362248	-0.215073	-0.0920841	-0.0243914	-0.0299899	-0.102967	-0.222358	-0.37052	-0.519537	-0.648379	-0.750596	-0.827626	-0.899544	-0.950754	-0.980298	
-0.497841	-0.61185	-0.70118	-0.760649	-0.789615	-0.792619	-0.77649	-0.728124	-0.651548	-0.545597	-0.423007	-0.305538	-0.211266	-0.164701	-0.181373	-0.249001	-0.360741	-0.507231	-0.655315	-0.774074	-0.850762	-0.901556	-0.944714	-0.968495	-0.970193	
-0.509703	-0.595193	-0.656499	-0.69733	-0.712599	-0.713995	-0.706704	-0.675456	-0.622258	-0.546686	-0.452763	-0.365197	-0.302579	-0.2814	-0.304532	-0.376658	-0.481391	-0.615096	-0.750718	-0.860775	-0.920693	-0.949105	-0.966588	-0.964423	-0.939281	
-0.495483	-0.550935	-0.591402	-0.615963	-0.630467	-0.633904	-0.622713	-0.602656	-0.569587	-0.518765	-0.458205	-0.397801	-0.35761	-0.351464	-0.386011	-0.460534	-0.562696	-0.682891	-0.798394	-0.90033	-0.955701	-0.970444	-0.964515	-0.937905	-0.885459	
-0.458542	-0.487391	-0.508959	-0.526672	-0.539861	-0.542594	-0.532283	-0.516607	-0.496841	-0.470647	-0.438546	-0.402953	-0.378709	-0.385838	-0.423122	-0.493633	-0.585888	-0.691941	-0.799446	-0.892988	-0.952585	-0.969637	-0.950423	-0.900379	-0.822025	
-0.399975	-0.407133	-0.415907	-0.424929	-0.433104	-0.434638	-0.427946	-0.419639	-0.410059	-0.403382	-0.392362	-0.376092	-0.367013	-0.376737	-0.410337	-0.470044	-0.551578	-0.651007	-0.756449	-0.845828	-0.908128	-0.930811	-0.911045	-0.847636	-0.743798	
-0.330106	-0.323602	-0.317708	-0.312249	-0.31021	-0.309076	-0.311425	-0.315543	-0.320744	-0.327569	-0.330499	-0.325343	-0.320318	-0.327575	-0.352391	-0.403039	-0.482897	-0.584286	-0.684747	-0.768055	-0.826757	-0.846329	-0.822144	-0.749817	-0.629688	
-0.262574	-0.247572	-0.228522	-0.21238	-0.205172	-0.203917	-0.208971	-0.221019	-0.240156	-0.257206	-0.267834	-0.267505	-0.259574	-0.257569	-0.273044	-0.320241	-0.399502	-0.500335	-0.593574	-0.66831	-0.723797	-0.738627	-0.70003	-0.614514	-0.489296	
-0.213492	-0.18812	-0.158562	-0.13855	-0.129158	-0.127542	-0.133824	-0.149529	-0.175667	-0.204722	-0.221744	-0.222707	-0.212322	-0.200889	-0.204513	-0.243854	-0.314368	-0.402864	-0.489964	-0.564599	-0.617711	-0.625278	-0.569684	-0.467395	-0.335794	
-0.185912	-0.14799	-0.106023	-0.0737128	-0.055071	-0.051927	-0.0637045	-0.0919951	-0.130727	-0.171623	-0.20215	-0.208589	-0.198359	-0.179926	-0.169634	-0.190084	-0.241581	-0.315852	-0.398532	-0.476206	-0.523246	-0.517506	-0.453616	-0.342128	-0.203788	
-0.167097	-0.109481	-0.0498482	0.00367127	0.0363322	0.0416679	0.02004	-0.0269329	-0.0859802	-0.144128	-0.195449	-0.218003	-0.21741	-0.193411	-0.167965	-0.16571	-0.194976	-0.256809	-0.336621	-0.410519	-0.448034	-0.431807	-0.368108	-0.257876	-0.114166	
-0.140083	-0.0571268	0.0300869	0.105842	0.153043	0.161065	0.129047	0.0621363	-0.0218298	-0.107934	-0.183494	-0.230675	-0.244949	-0.228977	-0.193491	-0.172613	-0.183582	-0.232649	-0.306272	-0.37016	-0.398747	-0.379897	-0.319078	-0.216813	-0.0764069	
-0.0890957	0.030789	0.148823	0.246814	0.302935	0.312685	0.274769	0.19115	0.0799261	-0.0430144	-0.149804	-0.221084	-0.256808	-0.253508	-0.222577	-0.195197	-0.197447	-0.234126	-0.296473	-0.353314	-0.378917	-0.364704	-0.318709	-0.232482	-0.107817	
0.0140384	0.172418	0.321582	0.441573	0.507328	0.518912	0.475093	0.374455	0.234337	0.076386	-0.0688536	-0.172844	-0.229756	-0.243118	-0.229485	-0.209167	-0.209085	-0.243498	-0.299528	-0.354076	-0.387437	-0.386863	-0.356089	-0.296973	-0.204398	
0.182172	0.375734	0.553719	0.694269	0.779146	0.794238	0.736233	0.615741	0.450425	0.259206	0.0723838	-0.0740716	-0.161637	-0.201641	-0.208245	-0.207032	-0.214265	-0.247702	-0.303872	-0.364218	-0.413016	-0.433489	-0.424989	-0.395224	-0.33379	
0.399012	0.621948	0.817794	0.971149	1.06695	1.08379	1.0185	0.884226	0.704995	0.490073	0.264965	0.0736022	-0.0554917	-0.124591	-0.158028	-0.178614	-0.200386	-0.240658	-0.301503	-0.372553	-0.43697	-0.483661	-0.506239	-0.50649	-0.474648	
0.621948	0.863251	1.07016	1.22879	1.32695	1.34485	1.27605	1.14014	0.95074	0.721932	0.470799	0.247184	0.0799004	-0.0271689	-0.0913525	-0.133306	-0.170411	-0.221377	-0.291653	-0.373093	-0.457093	-0.527825	-0.580627	-0.608492	-0.608023	
0.817794	1.07016	1.28272	1.44152	1.53582	1.55168	1.48763	1.35371	1.16039	0.922449	0.657406	0.408497	0.210396	0.0726797	-0.021393	-0.08567	-0.135858	-0.197923	-0.280242	-0.376788	-0.473429	-0.559587	-0.63266	-0.685808	-0.717555	
0.971149	1.22879	1.44152	1.59893	1.69671	1.7144	1.64591	1.51086	1.32046	1.07821	0.805095	0.536733	0.31777	0.156648	0.0411044	-0.0450698	-0.112888	-0.179664	-0.269204	-0.380631	-0.487603	-0.581659	-0.666274	-0.737144	-0.793069	
1.06695	1.32695	1.53582	1.69671	1.80058	1.82024	1.74618	1.60607	1.41688	1.17623	0.895621	0.609627	0.376291	0.208095	0.0800017	-0.0213525	-0.101286	-0.172081	-0.264023	-0.384309	-0.499691	-0.595226	-0.680641	-0.759046	-0.832781	
1.08379	1.34485	1.55168	1.7144	1.82024	1.83997	1.76453	1.62274	1.4337	1.19382	0.911896	0.622347	0.385951	0.21734	0.086085	-0.0173206	-0.0986763	-0.170981	-0.262992	-0.38439	-0.502041	-0.598602	-0.683043	-0.76061	-0.837876	
1.0185	1.27605	1.48763	1.64591	1.74618	1.76453	1.69423	1.55705	1.36731	1.12562	0.850099	0.573055	0.347823	0.181813	0.0605076	-0.0326285	-0.106582	-0.175818	-0.266769	-0.382198	-0.492457	-0.587894	-0.673931	-0.75035	-0.813911	
0.884226	1.14014	1.35371	1.51086	1.60607	1.62274	1.55705	1.42346	1.23173	0.990471	0.721716	0.465574	0.25702	0.108552	0.00518314	-0.0679553	-0.125779	-0.189449	-0.2754	-0.378652	-0.479241	-0.569507	-0.648769	-0.708991	-0.751134	
0.704995	0.95074	1.16039	1.32046	1.41688	1.4337	1.36731	1.23173	1.03917	0.807021	0.549344	0.313941	0.133967	0.0141509	-0.0636682	-0.114395	-0.155827	-0.212152	-0.286884	-0.37351	-0.463983	-0.54243	-0.603736	-0.642626	-0.656342	
0.490073	0.721932	0.922449	1.07821	1.17623	1.19382	1.12562	0.990471	0.807021	0.585475	0.347686	0.142143	-0.00327538	-0.0872148	-0.131539	-0.161004	-0.189835	-0.233703	-0.297895	-0.373101	-0.445501	-0.502218	-0.538288	-0.549869	-0.529347	
0.264965	0.470799	0.657406	0.805095	0.895621	0.911896	0.850099	0.721716	0.549344	0.347686	0.145054	-0.0199903	-0.12379	-0.174852	-0.191874	-0.199199	-0.211204	-0.246917	-0.304497	-0.368636	-0.422801	-0.453707	-0.457079	-0.438921	-0.390223	
0.0736022	0.247184	0.408497	0.536733	0.609627	0.622347	0.573055	0.465574	0.313941	0.142143	-0.0199903	-0.139333	-0.207416	-0.230878	-0.22408	-0.21027	-0.21283	-0.246696	-0.302491	-0.35754	-0.396623	-0.403475	-0.381177	-0.333749	-0.253392	
-0.0554917	0.0799004	0.210396	0.31777	0.376291	0.385951	0.347823	0.25702	0.133967	-0.00327538	-0.12379	-0.207416	-0.25082	-0.253135	-0.228969	-0.202647	-0.202271	-0.237443	-0.296211	-0.351763	-0.378899	-0.369705	-0.328985	-0.252942	-0.1403	
-0.124591	-0.0271689	0.0726797	0.156648	0.208095	0.21734	0.181813	0.108552	0.0141509	-0.0872148	-0.174852	-0.230878	-0.253135	-0.242453	-0.206429	-0.181221	-0.188497	-0.231086	-0.300709	-0.361237	-0.387676	-0.369613	-0.314198	-0.216733	-0.0801908	
-0.158028	-0.0913525	-0.021393	0.0411044	0.0800017	0.086085	0.0605076	0.00518314	-0.0636682	-0.131539	-0.191874	-0.22408	-0.228969	-0.206429	-0.176279	-0.165398	-0.18573	-0.242853	-0.321225	-0.391481	-0.424545	-0.405826	-0.342292	-0.235327	-0.0921447	
-0.178614	-0.133306	-0.08567	-0.0450698	-0.0213525	-0.0173206	-0.0326285	-0.0679553	-0.114395	-0.161004	-0.199199	-0.21027	-0.202647	-0.181221	-0.165398	-0.176325	-0.218765	-0.288363	-0.370194	-0.446837	-0.490798	-0.480381	-0.416144	-0.303716	-0.16216	
-0.200386	-0.170411	-0.135858	-0.112888	-0.101286	-0.0986763	-0.106582	-0.125779	-0.155827	-0.189835	-0.211204	-0.21283	-0.202271	-0.188497	-0.18573	-0.218765	-0.283056	-0.365137	-0.450406	-0.526879	-0.578138	-0.580091	-0.51927	-0.412664	-0.278891	
-0.240658	-0.221377	-0.197923	-0.179664	-0.172081	-0.170981	-0.175818	-0.189449	-0.212152	-0.233703	-0.246917	-0.246696	-0.237443	-0.231086	-0.242853	-0.288363	-0.365137	-0.462209	-0.552808	-0.625821	-0.680973	-0.693978	-0.648444	-0.554578	-0.427385	
-0.301503	-0.291653	-0.280242	-0.269204	-0.264023	-0.262992	-0.266769	-0.2754	-0.286884	-0.297895	-0.304497	-0.302491	-0.296211	-0.300709	-0.321225	-0.370194	-0.450406	-0.552808	-0.650441	-0.730144	-0.787102	-0.804135	-0.774771	-0.699834	-0.576521	
-0.372553	-0.373093	-0.376788	-0.380631	-0.384309	-0.38439	-0.382198	-0.378652	-0.37351	-0.373101	-0.368636	-0.35754	-0.351763	-0.361237	-0.391481	-0.446837	-0.526879	-0.625821	-0.730144	-0.817736	-0.878731	-0.902279	-0.882152	-0.814485	-0.702005	
-0.43697	-0.457093	-0.473429	-0.487603	-0.499691	-0.502041	-0.492457	-0.479241	-0.463983	-0.445501	-0.422801	-0.396623	-0.378899	-0.387676	-0.424545	-0.490798	-0.578138	-0.680973	-0.787102	-0.878731	-0.940307	-0.959094	-0.938978	-0.882248	-0.794567	
-0.483661	-0.527825	-0.559587	-0.581659	-0.595226	-0.598602	-0.587894	-0.569507	-0.54243	-0.502218	-0.453707	-0.403475	-0.369705	-0.369613	-0.405826	-0.480381	-0.580091	-0.693978	-0.804135	-0.902279	-0.959094	-0.973513	-0.960285	-0.923776	-0.860005	
-0.506239	-0.580627	-0.63266	-0.666274	-0.680641	-0.683043	-0.673931	-0.648769	-0.603736	-0.538288	-0.457079	-0.381177	-0.328985	-0.314198	-0.342292	-0.416144	-0.51927	-0.648444	-0.774771	-0.882152	-0.938978	-0.960285	-0.968092	-0.956372	-0.920966	
-0.50649	-0.608492	-0.685808	-0.737144	-0.759046	-0.76061	-0.75035	-0.708991	-0.642626	-0.549869	-0.438921	-0.333749	-0.252942	-0.216733	-0.235327	-0.303716	-0.412664	-0.554578	-0.699834	-0.814485	-0.882248	-0.923776	-0.956372	-0.969921	-0.960241	
-0.474648	-0.608023	-0.717555	-0.793069	-0.832781	-0.837876	-0.813911	-0.751134	-0.656342	-0.529347	-0.390223	-0.253392	-0.1403	-0.0801908	-0.0921447	-0.16216	-0.278891	-0.427385	-0.576521	-0.702005	-0.794567	-0.860005	-0.920966	-0.960241	-0.978461	
