0.555726	0.675791	0.774143	0.845497	0.896485	0.936193	0.968975	0.98273	0.988955	0.997257	1.00809	1.00864	0.99122	0.965564	0.943484	0.90989	0.845837	0.743231	0.611709	0.473735	0.349757	0.242098	0.148621	0.0719625	0.000856766	
0.365367	0.464976	0.564588	0.656908	0.739657	0.812954	0.865687	0.908173	0.9468	0.980097	1.0081	1.02198	1.01044	0.980689	0.945512	0.902559	0.830846	0.721464	0.591428	0.450798	0.325457	0.21627	0.121545	0.043976	-0.0285658	
0.150378	0.231485	0.329922	0.438312	0.548051	0.652108	0.73569	0.815745	0.894257	0.963145	1.00977	1.03192	1.02186	0.985654	0.939912	0.885121	0.801097	0.689243	0.557099	0.413274	0.283709	0.17376	0.0788638	0.00798961	-0.0550864	
-0.0594923	0.00152031	0.0941316	0.207538	0.335221	0.467445	0.591456	0.718341	0.838875	0.943241	1.01136	1.04022	1.03219	0.992636	0.94395	0.87313	0.772639	0.650932	0.513235	0.367451	0.232279	0.124464	0.0345926	-0.0301313	-0.0835338	
-0.247905	-0.20185	-0.124678	-0.00893839	0.127389	0.282172	0.449161	0.621343	0.780276	0.910629	0.996819	1.04161	1.04877	1.01732	0.966995	0.878541	0.761149	0.622099	0.473194	0.323983	0.187181	0.0768965	-0.00811524	-0.0670856	-0.109691	
-0.401165	-0.366867	-0.299594	-0.192878	-0.0570104	0.10998	0.30624	0.511782	0.702764	0.860005	0.978006	1.04952	1.0757	1.05689	0.999949	0.897176	0.762859	0.602322	0.438822	0.280919	0.142603	0.030992	-0.0492763	-0.0976531	-0.123775	
-0.512131	-0.488692	-0.429883	-0.335389	-0.204458	-0.0340858	0.168884	0.393158	0.609975	0.803314	0.949633	1.04769	1.09122	1.08554	1.02586	0.912065	0.764954	0.590624	0.413637	0.245669	0.0967459	-0.0140652	-0.0829223	-0.114056	-0.121183	
-0.588296	-0.573119	-0.520442	-0.437668	-0.321479	-0.159209	0.0463451	0.278078	0.512128	0.729519	0.902401	1.0147	1.06831	1.06611	1.00552	0.893819	0.738534	0.55495	0.373113	0.204257	0.0563464	-0.0513954	-0.106399	-0.115513	-0.101553	
-0.629546	-0.625679	-0.582014	-0.507347	-0.399535	-0.248516	-0.0531596	0.173958	0.412954	0.637418	0.821252	0.93589	0.988585	0.981072	0.92326	0.818538	0.665565	0.484618	0.305872	0.150448	0.0186938	-0.0760013	-0.112574	-0.106249	-0.0672323	
-0.632968	-0.639773	-0.609606	-0.543922	-0.443058	-0.301453	-0.12012	0.0904966	0.315766	0.530223	0.703092	0.813361	0.859248	0.844706	0.78356	0.683456	0.543589	0.381584	0.22456	0.0902112	-0.0168385	-0.0871779	-0.103282	-0.0808572	-0.0224964	
-0.601159	-0.618872	-0.597289	-0.538568	-0.445684	-0.318368	-0.152628	0.0348794	0.232603	0.417303	0.56433	0.66237	0.694005	0.670894	0.604849	0.508895	0.387961	0.252096	0.131118	0.0334628	-0.0406824	-0.0820312	-0.0839076	-0.0415476	0.0283428	
-0.549001	-0.568202	-0.549331	-0.49755	-0.411994	-0.294728	-0.150962	0.00868699	0.167626	0.316497	0.437049	0.507778	0.521031	0.484703	0.416276	0.328373	0.225596	0.122834	0.0377009	-0.0188367	-0.0521177	-0.0649114	-0.0533537	-0.00122649	0.0749742	
-0.494862	-0.505458	-0.486662	-0.439458	-0.36141	-0.25419	-0.12773	0.0101837	0.139716	0.250817	0.336922	0.383198	0.379364	0.327888	0.25209	0.168853	0.0850982	0.0119863	-0.0443562	-0.0694508	-0.068426	-0.0565247	-0.029977	0.0246042	0.0997569	
-0.453191	-0.447288	-0.427072	-0.382985	-0.31148	-0.209765	-0.0919639	0.0271199	0.1337	0.222916	0.283346	0.305296	0.283412	0.223189	0.145822	0.0685656	-0.00468188	-0.0629014	-0.096896	-0.102853	-0.0843054	-0.06302	-0.0305772	0.0246744	0.0952406	
-0.432043	-0.415211	-0.385246	-0.340886	-0.265552	-0.164027	-0.0560696	0.0443783	0.134258	0.210073	0.255991	0.261634	0.228817	0.168155	0.0951592	0.0273425	-0.0350217	-0.0842003	-0.109544	-0.109824	-0.0941141	-0.0744127	-0.0475432	-0.0021473	0.0600874	
-0.436783	-0.410257	-0.369454	-0.315666	-0.231145	-0.133765	-0.0326327	0.0545342	0.130347	0.192441	0.224355	0.22541	0.198048	0.142823	0.0863408	0.0355423	-0.00956745	-0.0497342	-0.0720489	-0.0832148	-0.0870141	-0.0868344	-0.074209	-0.0486895	-0.00424244	
-0.458836	-0.419653	-0.36202	-0.2936	-0.205629	-0.114196	-0.0250146	0.0448195	0.108513	0.160584	0.184274	0.181454	0.166886	0.138775	0.113443	0.0893823	0.0606273	0.0290522	0.00733491	-0.0214092	-0.0582388	-0.0925142	-0.105516	-0.105629	-0.0848522	
-0.464305	-0.421746	-0.357444	-0.278485	-0.194173	-0.114458	-0.0427031	0.0141535	0.0672625	0.111739	0.13188	0.136844	0.138365	0.143987	0.15304	0.162151	0.157849	0.13926	0.113503	0.0638524	-0.00938187	-0.0809819	-0.133948	-0.167012	-0.17776	
-0.451046	-0.40318	-0.342774	-0.274639	-0.200174	-0.132599	-0.0752735	-0.0276822	0.00970458	0.0416857	0.0634974	0.0841186	0.11058	0.148144	0.193642	0.238432	0.262082	0.261351	0.233804	0.165027	0.0622866	-0.046895	-0.139802	-0.213514	-0.266456	
-0.422821	-0.375587	-0.327291	-0.280814	-0.231401	-0.18109	-0.131103	-0.0936607	-0.0696984	-0.0504745	-0.0262475	0.0115548	0.0724948	0.154559	0.243467	0.325928	0.375788	0.394122	0.365205	0.281404	0.157183	0.0116663	-0.123791	-0.244883	-0.350276	
-0.362955	-0.335904	-0.313856	-0.299836	-0.283128	-0.254983	-0.221561	-0.191692	-0.173218	-0.156772	-0.122571	-0.0595033	0.0404434	0.170629	0.305539	0.421649	0.499022	0.527993	0.495412	0.40181	0.260742	0.0843256	-0.101599	-0.277973	-0.433242	
-0.280873	-0.283639	-0.292635	-0.312347	-0.331662	-0.34055	-0.331297	-0.311495	-0.296712	-0.27668	-0.226469	-0.128786	0.0111563	0.183278	0.360111	0.508329	0.610049	0.6475	0.613763	0.511437	0.350663	0.140091	-0.0984705	-0.326854	-0.522932	
-0.181224	-0.215042	-0.256944	-0.311495	-0.36112	-0.4022	-0.425895	-0.43495	-0.429028	-0.396518	-0.324635	-0.201724	-0.0259422	0.177146	0.382897	0.553758	0.675191	0.722825	0.689379	0.575619	0.396196	0.154911	-0.123392	-0.390433	-0.611215	
-0.0550655	-0.123495	-0.198985	-0.282222	-0.363955	-0.433285	-0.488446	-0.524754	-0.534573	-0.504936	-0.419014	-0.268179	-0.066	0.156275	0.372991	0.555065	0.686104	0.736814	0.695332	0.572002	0.374399	0.116664	-0.180161	-0.464792	-0.686651	
0.0853987	-0.00881142	-0.115163	-0.227592	-0.340922	-0.442493	-0.524502	-0.583813	-0.612095	-0.593301	-0.505632	-0.338906	-0.118682	0.118498	0.340603	0.523292	0.649028	0.691905	0.644697	0.509188	0.298545	0.0328461	-0.26464	-0.540513	-0.742776	
0.226678	0.10964	-0.0205834	-0.160031	-0.29753	-0.424703	-0.533676	-0.617532	-0.661907	-0.654278	-0.57645	-0.417214	-0.194465	0.0477272	0.266573	0.4466	0.56416	0.604052	0.5504	0.409407	0.197641	-0.0639388	-0.343799	-0.59617	-0.764822	
0.362214	0.222404	0.066028	-0.0893461	-0.242386	-0.383697	-0.511927	-0.618777	-0.68754	-0.703646	-0.641749	-0.49611	-0.28741	-0.0530115	0.161273	0.340305	0.455016	0.492815	0.43517	0.293875	0.088679	-0.154626	-0.40234	-0.618455	-0.752184	
0.483065	0.326034	0.148901	-0.0179947	-0.173012	-0.318689	-0.460438	-0.588774	-0.68754	-0.735857	-0.699763	-0.57385	-0.381894	-0.15341	0.0634237	0.241123	0.355766	0.388332	0.324539	0.181298	-0.0167481	-0.234398	-0.443771	-0.620016	-0.724809	
0.57358	0.412187	0.227738	0.0546779	-0.100745	-0.250058	-0.400779	-0.544884	-0.66451	-0.734874	-0.727104	-0.633292	-0.460957	-0.238858	-0.0201727	0.157816	0.270536	0.296785	0.226407	0.0830411	-0.0992382	-0.290249	-0.467959	-0.611959	-0.697382	
0.624418	0.463938	0.282329	0.112839	-0.0455358	-0.201461	-0.360518	-0.507965	-0.635671	-0.724148	-0.741428	-0.673741	-0.521365	-0.305441	-0.0787576	0.101066	0.214344	0.236511	0.164563	0.0284668	-0.144073	-0.318965	-0.479798	-0.607116	-0.680548	
0.631616	0.471851	0.292516	0.124905	-0.0360513	-0.194885	-0.354607	-0.500309	-0.629621	-0.723072	-0.745222	-0.681889	-0.534107	-0.319012	-0.0905579	0.090015	0.20311	0.224914	0.153048	0.0192911	-0.15207	-0.323721	-0.481821	-0.606944	-0.678036	
0.599536	0.437943	0.253894	0.0809612	-0.0742271	-0.226037	-0.380607	-0.528275	-0.651822	-0.729173	-0.733127	-0.65268	-0.488653	-0.269411	-0.0467172	0.13082	0.243812	0.267721	0.196248	0.0553057	-0.121666	-0.304162	-0.473519	-0.609095	-0.688916	
0.522949	0.362995	0.182197	0.0117279	-0.144082	-0.291131	-0.436658	-0.571282	-0.680495	-0.739454	-0.714516	-0.600257	-0.41506	-0.189305	0.0280836	0.206755	0.319366	0.349815	0.282414	0.138805	-0.0539362	-0.260867	-0.455807	-0.617277	-0.71331	
0.413413	0.265667	0.0989955	-0.0615915	-0.21635	-0.359431	-0.494106	-0.610002	-0.691187	-0.719863	-0.666951	-0.527966	-0.326189	-0.0946707	0.120304	0.298247	0.41326	0.449811	0.390637	0.248267	0.0449387	-0.188413	-0.42065	-0.620466	-0.741849	
0.28181	0.155271	0.0152619	-0.131769	-0.276776	-0.411174	-0.528544	-0.62219	-0.674854	-0.675314	-0.602903	-0.448822	-0.230389	0.00944444	0.226112	0.404909	0.521392	0.560407	0.505065	0.363774	0.154459	-0.101251	-0.369466	-0.608908	-0.762951	
0.141735	0.0392771	-0.0772176	-0.200995	-0.325775	-0.438688	-0.531947	-0.600344	-0.63508	-0.620636	-0.535598	-0.369834	-0.146377	0.0947837	0.316697	0.499087	0.620197	0.660671	0.61108	0.472772	0.26033	-0.00665764	-0.298583	-0.566534	-0.756252	
0.000638088	-0.0795165	-0.168225	-0.262848	-0.357143	-0.438994	-0.506243	-0.551464	-0.568297	-0.543136	-0.454936	-0.295274	-0.0847681	0.144294	0.363481	0.546349	0.677383	0.725611	0.68155	0.55312	0.348714	0.0871274	-0.211878	-0.495554	-0.711989	
-0.134263	-0.181652	-0.236497	-0.303191	-0.366063	-0.418444	-0.454603	-0.475285	-0.475994	-0.44264	-0.362635	-0.228352	-0.0411635	0.169885	0.381174	0.55798	0.685655	0.735672	0.699286	0.582215	0.39529	0.145985	-0.142186	-0.419578	-0.642781	
-0.243125	-0.258748	-0.280969	-0.315063	-0.345867	-0.368531	-0.372582	-0.362871	-0.350375	-0.325267	-0.267003	-0.158701	-0.00292347	0.182443	0.374249	0.532901	0.643344	0.684677	0.651378	0.54562	0.376796	0.151603	-0.105144	-0.351243	-0.559187	
-0.332324	-0.316507	-0.306331	-0.306326	-0.304433	-0.289999	-0.265458	-0.237011	-0.220473	-0.20388	-0.163207	-0.08631	0.0297695	0.177877	0.329415	0.459915	0.546405	0.578654	0.544675	0.447773	0.299685	0.110797	-0.0971664	-0.295014	-0.468464	
-0.402272	-0.36123	-0.322182	-0.287317	-0.250633	-0.207622	-0.163342	-0.129525	-0.108503	-0.0911091	-0.0645232	-0.0182152	0.0576661	0.159307	0.268079	0.363919	0.425596	0.448665	0.417985	0.330146	0.19905	0.0407135	-0.114367	-0.257581	-0.382917	
-0.442886	-0.393224	-0.33589	-0.275296	-0.209628	-0.148831	-0.094035	-0.0506843	-0.0186212	0.00673587	0.0297019	0.05709	0.0965571	0.149655	0.211468	0.271719	0.305651	0.312418	0.285199	0.209906	0.0983843	-0.0265628	-0.135407	-0.226711	-0.300008	
-0.460322	-0.415142	-0.352534	-0.276404	-0.194107	-0.117907	-0.052997	-0.000406854	0.0458989	0.0862409	0.107147	0.118422	0.12829	0.14596	0.169032	0.192234	0.199268	0.187845	0.160528	0.102435	0.0162547	-0.0703061	-0.139307	-0.188304	-0.21453	
-0.464194	-0.423501	-0.360903	-0.286265	-0.199204	-0.112849	-0.0303445	0.0336184	0.09365	0.142713	0.16487	0.163418	0.154212	0.14039	0.129015	0.117698	0.0975521	0.0701823	0.0471362	0.0104874	-0.041514	-0.0904876	-0.119061	-0.130754	-0.121546	
-0.445115	-0.412803	-0.365973	-0.306656	-0.220206	-0.123611	-0.0266704	0.0539953	0.124291	0.182328	0.209665	0.209082	0.185798	0.139081	0.0937224	0.0524656	0.0137059	-0.0230254	-0.0444916	-0.0611837	-0.0778012	-0.0905055	-0.0857829	-0.0698278	-0.0340922	
-0.431302	-0.410698	-0.376328	-0.329723	-0.250214	-0.150539	-0.0457683	0.0499407	0.133667	0.2041	0.243911	0.247256	0.215711	0.155413	0.0870351	0.0244212	-0.0310769	-0.0761857	-0.100082	-0.104032	-0.094335	-0.0799677	-0.0573123	-0.0191898	0.0363717	
-0.441853	-0.430509	-0.406725	-0.363354	-0.292047	-0.19145	-0.0763401	0.0351095	0.133997	0.217211	0.271874	0.285455	0.256817	0.195985	0.119624	0.0464283	-0.0237324	-0.078316	-0.107316	-0.108947	-0.0891725	-0.0673877	-0.0363182	0.0167433	0.084824	
-0.475712	-0.480273	-0.461753	-0.415986	-0.341443	-0.236071	-0.114018	0.0154801	0.136258	0.236391	0.310178	0.346483	0.335096	0.27933	0.20179	0.120192	0.0421339	-0.0236936	-0.0695929	-0.0851659	-0.0752089	-0.0579344	-0.0273771	0.0286438	0.102129	
-0.527684	-0.54373	-0.524968	-0.47485	-0.392707	-0.280312	-0.143925	0.00667126	0.151931	0.28508	0.391707	0.452525	0.459289	0.416677	0.345211	0.259824	0.164622	0.0757024	0.00254546	-0.0400653	-0.0582955	-0.0595492	-0.0419823	0.0116301	0.0874023	
-0.58098	-0.601404	-0.581911	-0.525606	-0.434767	-0.312294	-0.155585	0.0209602	0.203339	0.37488	0.510996	0.599335	0.623042	0.595484	0.529901	0.436802	0.322938	0.199427	0.0925905	0.0130211	-0.045192	-0.0752607	-0.0720488	-0.0252697	0.0487114	
