0.00767666	0.0222674	0.0405986	0.0598496	0.0763764	0.0801911	0.0678951	0.0479045	0.0291494	0.0128951	0.00246902	-0.0122171	-0.0319453	-0.0497798	-0.0789163	-0.13171	-0.211311	-0.288907	-0.361405	-0.420707	-0.449686	-0.451901	-0.436277	-0.394303	-0.317328	
-0.114278	-0.10478	-0.0926192	-0.0730768	-0.0531497	-0.0488792	-0.0640081	-0.0850393	-0.100972	-0.110643	-0.119746	-0.129403	-0.134778	-0.136138	-0.144437	-0.183804	-0.26247	-0.344445	-0.412179	-0.467669	-0.494718	-0.490941	-0.466691	-0.408323	-0.30985	
-0.242793	-0.233189	-0.229057	-0.219156	-0.202116	-0.19785	-0.21236	-0.225587	-0.232193	-0.237302	-0.25185	-0.259296	-0.253582	-0.245234	-0.242919	-0.267374	-0.331567	-0.410922	-0.47499	-0.518507	-0.537223	-0.518989	-0.472357	-0.388869	-0.262869	
-0.360776	-0.35659	-0.36011	-0.358534	-0.343914	-0.339041	-0.353596	-0.360934	-0.357789	-0.357671	-0.365963	-0.368376	-0.364719	-0.35515	-0.348897	-0.361037	-0.404193	-0.471382	-0.524505	-0.549562	-0.551733	-0.519384	-0.446863	-0.329978	-0.176691	
-0.44817	-0.451296	-0.466209	-0.478411	-0.469454	-0.464922	-0.477155	-0.473257	-0.455484	-0.448704	-0.44893	-0.445209	-0.441206	-0.434696	-0.425845	-0.431806	-0.458328	-0.505197	-0.541118	-0.549678	-0.531443	-0.476313	-0.37605	-0.235252	-0.0682866	
-0.489541	-0.510063	-0.542162	-0.565858	-0.569213	-0.567442	-0.569198	-0.554192	-0.522443	-0.49615	-0.482456	-0.470456	-0.464406	-0.459936	-0.449248	-0.453149	-0.474455	-0.500517	-0.513278	-0.505451	-0.467941	-0.385432	-0.262462	-0.113197	0.0538714	
-0.474937	-0.525123	-0.581264	-0.6152	-0.629431	-0.631428	-0.622533	-0.597862	-0.548857	-0.492504	-0.455198	-0.433017	-0.42104	-0.413645	-0.405421	-0.408318	-0.429257	-0.444317	-0.438875	-0.410612	-0.352092	-0.254453	-0.121756	0.0249875	0.173605	
-0.412097	-0.491552	-0.567666	-0.61871	-0.64768	-0.653101	-0.63242	-0.591072	-0.524282	-0.442498	-0.374268	-0.33292	-0.310454	-0.296895	-0.283728	-0.287807	-0.30726	-0.31954	-0.306259	-0.26436	-0.195967	-0.0981252	0.0259182	0.15477	0.282241	
-0.313569	-0.425396	-0.521347	-0.588723	-0.623532	-0.62947	-0.606119	-0.5522	-0.467165	-0.357796	-0.25537	-0.187253	-0.148547	-0.122688	-0.104378	-0.104885	-0.11668	-0.126398	-0.119579	-0.0849095	-0.0205538	0.0637173	0.158546	0.261424	0.365575	
-0.203694	-0.338746	-0.449297	-0.529976	-0.574303	-0.580204	-0.553112	-0.485207	-0.386984	-0.257992	-0.129144	-0.0335937	0.0282846	0.0721993	0.0997554	0.107572	0.106297	0.0982243	0.0918659	0.10984	0.155638	0.213406	0.271141	0.339497	0.410297	
-0.0889713	-0.236144	-0.365602	-0.463969	-0.512838	-0.520306	-0.489223	-0.410222	-0.291181	-0.14801	-0.00555104	0.112264	0.200939	0.26235	0.300062	0.314259	0.318729	0.308334	0.297952	0.295497	0.311021	0.334988	0.357983	0.389216	0.418439	
0.0248105	-0.13419	-0.275518	-0.378875	-0.436469	-0.445816	-0.408384	-0.321302	-0.194812	-0.0385995	0.114591	0.244729	0.35498	0.434693	0.476557	0.491424	0.495068	0.492066	0.481728	0.467889	0.45989	0.448682	0.432594	0.4227	0.411039	
0.123793	-0.0345329	-0.181121	-0.288141	-0.352279	-0.363723	-0.319419	-0.228755	-0.0967264	0.0607061	0.216863	0.362142	0.489717	0.581411	0.627508	0.641724	0.637552	0.630502	0.626735	0.615319	0.596197	0.55592	0.501254	0.449133	0.394297	
0.204607	0.0490231	-0.091567	-0.197959	-0.25906	-0.268617	-0.228722	-0.138689	-0.00969155	0.141501	0.299241	0.457325	0.594107	0.688706	0.741157	0.754082	0.748104	0.747812	0.74949	0.740896	0.710622	0.650972	0.568474	0.480133	0.383447	
0.270122	0.1198	-0.00581747	-0.104286	-0.165248	-0.17413	-0.134603	-0.0488088	0.066427	0.207973	0.366726	0.528339	0.665557	0.762128	0.819331	0.839577	0.844529	0.849961	0.85121	0.842323	0.803938	0.730151	0.62796	0.509044	0.375374	
0.335637	0.20003	0.0848433	-0.00662269	-0.061785	-0.0703582	-0.0341062	0.0453816	0.151012	0.279632	0.423745	0.578735	0.718403	0.82229	0.885063	0.91347	0.922396	0.926533	0.927415	0.911951	0.861214	0.774427	0.660523	0.52471	0.36678	
0.414024	0.301743	0.206179	0.126228	0.0779302	0.06985	0.102129	0.171985	0.261452	0.367231	0.488421	0.62839	0.762233	0.86557	0.935194	0.96931	0.972567	0.973481	0.971724	0.944721	0.883587	0.791918	0.675227	0.538697	0.369824	
0.523922	0.445484	0.372927	0.306538	0.265872	0.2596	0.286614	0.344242	0.416073	0.491463	0.577089	0.686457	0.803761	0.899219	0.968532	0.997208	0.996703	0.989334	0.983225	0.95048	0.88476	0.792637	0.678601	0.549833	0.383023	
0.664931	0.625228	0.581198	0.532393	0.502375	0.49793	0.516653	0.561502	0.608421	0.649375	0.692623	0.761695	0.847976	0.92286	0.980743	1.0081	1.0115	0.998688	0.983113	0.947767	0.880414	0.789084	0.681219	0.555505	0.391408	
0.822423	0.823411	0.814474	0.797805	0.788123	0.787693	0.791905	0.80843	0.821218	0.822918	0.828182	0.855725	0.894742	0.937373	0.977291	1.00554	1.01382	1.0051	0.986164	0.943724	0.874233	0.790224	0.689152	0.556413	0.391138	
0.990289	1.03466	1.06494	1.08695	1.10966	1.11498	1.09713	1.07315	1.04925	1.00765	0.970194	0.948716	0.936233	0.937702	0.955229	0.982347	0.996108	0.991392	0.969014	0.924018	0.85991	0.784528	0.687636	0.548975	0.381195	
1.1783	1.25979	1.32815	1.3812	1.4225	1.43034	1.40088	1.34949	1.29055	1.21038	1.12991	1.05114	0.984244	0.944912	0.939568	0.950814	0.95264	0.940259	0.912406	0.871103	0.816713	0.746833	0.654864	0.518838	0.354356	
1.38401	1.49701	1.58847	1.65735	1.70986	1.72024	1.68204	1.61774	1.53636	1.43114	1.30908	1.18481	1.07313	0.98499	0.943263	0.921457	0.893646	0.858149	0.823238	0.783414	0.732912	0.668695	0.578981	0.450188	0.296068	
1.59349	1.72838	1.83249	1.90913	1.95862	1.96697	1.9326	1.86647	1.77342	1.65175	1.5007	1.34361	1.19459	1.06376	0.972136	0.899509	0.825604	0.75731	0.704358	0.656402	0.609001	0.548547	0.459572	0.344404	0.209267	
1.78545	1.93121	2.0376	2.11422	2.1583	2.16613	2.13651	2.07113	1.97823	1.84828	1.6867	1.51026	1.32856	1.15891	1.01303	0.886317	0.764058	0.65285	0.570366	0.50616	0.454994	0.39324	0.312795	0.214414	0.0955348	
1.95277	2.08897	2.1901	2.2638	2.31525	2.32501	2.28764	2.22196	2.13424	2.01118	1.85587	1.67314	1.46913	1.25855	1.0633	0.887825	0.727174	0.576474	0.454429	0.363934	0.29625	0.230931	0.159037	0.0663749	-0.0425009	
2.08897	2.20277	2.29617	2.36767	2.41773	2.42748	2.39123	2.32738	2.24178	2.13807	2.00054	1.81407	1.59167	1.35359	1.12303	0.905811	0.703517	0.514095	0.353986	0.237351	0.149726	0.0776719	0.00142016	-0.0938844	-0.19503	
2.1901	2.29617	2.37735	2.44666	2.49566	2.5063	2.46947	2.40672	2.33046	2.23633	2.10513	1.92025	1.68932	1.43353	1.16912	0.91283	0.672312	0.452635	0.26632	0.129599	0.027882	-0.0566215	-0.144802	-0.237513	-0.329972	
2.2638	2.36767	2.44666	2.51212	2.55062	2.55852	2.53124	2.47492	2.40123	2.30912	2.18063	1.99798	1.76218	1.4943	1.20533	0.911805	0.633874	0.392235	0.192466	0.0413207	-0.0675139	-0.160164	-0.252724	-0.342139	-0.43252	
2.31525	2.41773	2.49566	2.55062	2.57636	2.58024	2.56411	2.52126	2.45061	2.36223	2.22741	2.04412	1.81492	1.54043	1.23831	0.914158	0.611715	0.35384	0.147639	-0.0121219	-0.126132	-0.220729	-0.316137	-0.403961	-0.483752	
2.32501	2.42748	2.5063	2.55852	2.58024	2.58294	2.56987	2.53193	2.46005	2.37291	2.23523	2.05174	1.8249	1.54963	1.24517	0.916001	0.608882	0.348072	0.139618	-0.0199974	-0.134913	-0.23018	-0.326814	-0.414648	-0.491996	
2.28764	2.39123	2.46947	2.53124	2.56411	2.56987	2.54816	2.49659	2.42441	2.3339	2.20324	2.02101	1.78632	1.51631	1.22046	0.911801	0.621704	0.373013	0.170545	0.0145521	-0.0964751	-0.190472	-0.284298	-0.372509	-0.459122	
2.22196	2.32738	2.40672	2.47492	2.52126	2.53193	2.49659	2.43551	2.3612	2.26767	2.13797	1.95444	1.72104	1.45848	1.18303	0.912812	0.656736	0.427348	0.234404	0.0916723	-0.0137721	-0.10217	-0.192694	-0.284069	-0.376212	
2.13424	2.24178	2.33046	2.40123	2.45061	2.46005	2.42441	2.3612	2.27886	2.1806	2.04774	1.86011	1.63382	1.3885	1.14454	0.9102	0.692355	0.48977	0.317232	0.191661	0.0978481	0.0209475	-0.059998	-0.155256	-0.252319	
2.01118	2.13807	2.23633	2.30912	2.36223	2.37291	2.3339	2.26767	2.1806	2.06564	1.91801	1.73397	1.52118	1.29687	1.08644	0.894588	0.718185	0.551167	0.412767	0.311413	0.235458	0.168231	0.0959908	0.00208314	-0.103309	
1.85587	2.00054	2.10513	2.18063	2.22741	2.23523	2.20324	2.13797	2.04774	1.91801	1.75665	1.57678	1.38509	1.19905	1.03179	0.884415	0.746026	0.618811	0.521202	0.446793	0.390891	0.327573	0.25217	0.158078	0.0432456	
1.67314	1.81407	1.92025	1.99798	2.04412	2.05174	2.02101	1.95444	1.86011	1.73397	1.57678	1.40956	1.24631	1.10032	0.987325	0.89314	0.798704	0.713015	0.650494	0.597469	0.550183	0.489477	0.402443	0.29404	0.166332	
1.46913	1.59167	1.68932	1.76218	1.81492	1.8249	1.78632	1.72104	1.63382	1.52118	1.38509	1.24631	1.12002	1.01347	0.952905	0.911473	0.866937	0.820448	0.779124	0.737113	0.688064	0.625704	0.535857	0.411824	0.265453	
1.25855	1.35359	1.43353	1.4943	1.54043	1.54963	1.51631	1.45848	1.3885	1.29687	1.19905	1.10032	1.01347	0.95539	0.938127	0.938856	0.930103	0.909997	0.880391	0.840704	0.787878	0.720417	0.630084	0.496711	0.334192	
1.0633	1.12303	1.16912	1.20533	1.23831	1.24517	1.22046	1.18303	1.14454	1.08644	1.03179	0.987325	0.952905	0.938127	0.946988	0.969547	0.98185	0.975449	0.950917	0.906952	0.846963	0.774699	0.678522	0.54005	0.373914	
0.887825	0.905811	0.91283	0.911805	0.914158	0.916001	0.911801	0.912812	0.9102	0.894588	0.884415	0.89314	0.911473	0.938856	0.969547	0.998415	1.00943	1.00299	0.983395	0.939338	0.87013	0.789954	0.691704	0.55515	0.388137	
0.727174	0.703517	0.672312	0.633874	0.611715	0.608882	0.621704	0.656736	0.692355	0.718185	0.746026	0.798704	0.866937	0.930103	0.98185	1.00943	1.01522	1.00255	0.984688	0.946234	0.878219	0.788664	0.684279	0.556367	0.393499	
0.576474	0.514095	0.452635	0.392235	0.35384	0.348072	0.373013	0.427348	0.48977	0.551167	0.618811	0.713015	0.820448	0.909997	0.975449	1.00299	1.00255	0.992286	0.982765	0.9498	0.883729	0.791244	0.678679	0.552445	0.386271	
0.454429	0.353986	0.26632	0.192466	0.147639	0.139618	0.170545	0.234404	0.317232	0.412767	0.521202	0.650494	0.779124	0.880391	0.950917	0.983395	0.984688	0.982765	0.979889	0.949	0.884904	0.793483	0.677375	0.544773	0.375073	
0.363934	0.237351	0.129599	0.0413207	-0.0121219	-0.0199974	0.0145521	0.0916723	0.191661	0.311413	0.446793	0.597469	0.737113	0.840704	0.906952	0.939338	0.946234	0.9498	0.949	0.929345	0.874211	0.784862	0.668084	0.529866	0.366344	
0.29625	0.149726	0.027882	-0.0675139	-0.126132	-0.134913	-0.0964751	-0.0137721	0.0978481	0.235458	0.390891	0.550183	0.688064	0.787878	0.846963	0.87013	0.878219	0.883729	0.884904	0.874211	0.831229	0.751063	0.644406	0.516684	0.371142	
0.230931	0.0776719	-0.0566215	-0.160164	-0.220729	-0.23018	-0.190472	-0.10217	0.0209475	0.168231	0.327573	0.489477	0.625704	0.720417	0.774699	0.789954	0.788664	0.791244	0.793483	0.784862	0.751063	0.686362	0.594736	0.493024	0.380646	
0.159037	0.00142016	-0.144802	-0.252724	-0.316137	-0.326814	-0.284298	-0.192694	-0.059998	0.0959908	0.25217	0.402443	0.535857	0.630084	0.678522	0.691704	0.684279	0.678679	0.677375	0.668084	0.644406	0.594736	0.528517	0.46089	0.388433	
0.0663749	-0.0938844	-0.237513	-0.342139	-0.403961	-0.414648	-0.372509	-0.284069	-0.155256	0.00208314	0.158078	0.29404	0.411824	0.496711	0.54005	0.55515	0.556367	0.552445	0.544773	0.529866	0.516684	0.493024	0.46089	0.432713	0.404395	
-0.0425009	-0.19503	-0.329972	-0.43252	-0.483752	-0.491996	-0.459122	-0.376212	-0.252319	-0.103309	0.0432456	0.166332	0.265453	0.334192	0.373914	0.388137	0.393499	0.386271	0.375073	0.366344	0.371142	0.380646	0.388433	0.404395	0.417378	
