-0.603964	-0.628202	-0.634846	-0.62316	-0.593106	-0.569079	-0.579608	-0.62056	-0.683995	-0.754095	-0.817756	-0.85811	-0.843809	-0.766567	-0.627531	-0.45012	-0.247626	-0.0311426	0.184523	0.377522	0.515188	0.576685	0.556949	0.470851	0.348483	
-0.613786	-0.615817	-0.601833	-0.568728	-0.52539	-0.500054	-0.510969	-0.555374	-0.619054	-0.686769	-0.744993	-0.774379	-0.745025	-0.652106	-0.503992	-0.318816	-0.11626	0.100745	0.309551	0.490149	0.610119	0.650011	0.61287	0.513025	0.385099	
-0.569491	-0.55776	-0.528854	-0.488266	-0.441641	-0.418873	-0.439011	-0.486184	-0.55151	-0.619259	-0.671925	-0.692114	-0.650139	-0.545665	-0.391379	-0.205322	-0.00286205	0.207237	0.4087	0.570581	0.671332	0.686965	0.632063	0.518803	0.386208	
-0.497906	-0.476921	-0.438527	-0.390342	-0.349863	-0.337055	-0.368864	-0.428347	-0.496557	-0.568834	-0.617976	-0.62914	-0.576569	-0.462117	-0.304678	-0.118748	0.0799904	0.283479	0.472016	0.615803	0.692046	0.68602	0.610759	0.488347	0.349781	
-0.408447	-0.384828	-0.344862	-0.298358	-0.267099	-0.272451	-0.318251	-0.390831	-0.468226	-0.54361	-0.593986	-0.595412	-0.534687	-0.412197	-0.252419	-0.0676623	0.128508	0.324892	0.501415	0.62625	0.6803	0.65324	0.562666	0.432504	0.293568	
-0.312728	-0.292307	-0.258733	-0.223548	-0.212417	-0.240908	-0.307502	-0.393052	-0.479402	-0.557303	-0.601796	-0.592155	-0.516954	-0.385231	-0.219384	-0.0329002	0.163729	0.354962	0.521062	0.627791	0.661877	0.616619	0.514145	0.380446	0.243546	
-0.230237	-0.222074	-0.202621	-0.185662	-0.198886	-0.25183	-0.334223	-0.431214	-0.5188	-0.592468	-0.624984	-0.593984	-0.502068	-0.354508	-0.180168	0.0116442	0.210902	0.39824	0.552339	0.642781	0.654509	0.595693	0.48046	0.348053	0.212836	
-0.171877	-0.183482	-0.182358	-0.184394	-0.218629	-0.291251	-0.381031	-0.478289	-0.563556	-0.620626	-0.636136	-0.580026	-0.465749	-0.305597	-0.119313	0.0766115	0.277033	0.459779	0.597756	0.670131	0.65962	0.585112	0.461944	0.327572	0.199259	
-0.134596	-0.160987	-0.177946	-0.199794	-0.249455	-0.333479	-0.426689	-0.514768	-0.590978	-0.630152	-0.619446	-0.541682	-0.405674	-0.234359	-0.0426861	0.157083	0.352756	0.525703	0.644959	0.693043	0.661957	0.569825	0.441015	0.305941	0.184183	
-0.0941323	-0.135782	-0.163907	-0.205376	-0.272056	-0.362265	-0.457367	-0.538873	-0.601786	-0.623064	-0.587425	-0.485443	-0.333579	-0.151963	0.0440258	0.24285	0.4335	0.590462	0.687905	0.710207	0.656023	0.549327	0.413896	0.28048	0.164904	
-0.0277677	-0.0891581	-0.137983	-0.198343	-0.283214	-0.379399	-0.471637	-0.545603	-0.596118	-0.597298	-0.539029	-0.41961	-0.253935	-0.0703659	0.127157	0.321893	0.500669	0.640377	0.710899	0.707381	0.632338	0.511387	0.375015	0.24245	0.136796	
0.0674355	-0.0086264	-0.0843703	-0.174431	-0.279505	-0.385805	-0.479809	-0.546279	-0.582726	-0.566265	-0.482828	-0.349829	-0.175994	0.0104177	0.202116	0.391552	0.553897	0.669357	0.714097	0.680084	0.588912	0.454809	0.319887	0.191952	0.0947254	
0.187104	0.0922976	-0.00792627	-0.129882	-0.261111	-0.378283	-0.47884	-0.546782	-0.569765	-0.539841	-0.438234	-0.291529	-0.115142	0.0741928	0.263682	0.444142	0.594608	0.684012	0.705329	0.647382	0.541282	0.404176	0.270551	0.15381	0.0645992	
0.329388	0.2118	0.0734959	-0.0832526	-0.245312	-0.3808	-0.483102	-0.552443	-0.559828	-0.508898	-0.391539	-0.230537	-0.0503015	0.139996	0.328209	0.499266	0.632178	0.699393	0.692328	0.618347	0.497415	0.363535	0.233046	0.129444	0.0489333	
0.455005	0.326196	0.153016	-0.0401941	-0.225709	-0.383314	-0.489288	-0.551298	-0.544272	-0.464738	-0.330062	-0.153966	0.0325384	0.225492	0.409991	0.570754	0.680221	0.722363	0.686172	0.594133	0.462209	0.32877	0.204299	0.109746	0.0382831	
0.533588	0.404185	0.217407	0.00374422	-0.191805	-0.355546	-0.466394	-0.513713	-0.492865	-0.392068	-0.243551	-0.0634559	0.125396	0.313583	0.489448	0.631664	0.714609	0.726045	0.664447	0.553314	0.417117	0.283532	0.169709	0.0819793	0.0219122	
0.574259	0.458944	0.277901	0.0646335	-0.134745	-0.296726	-0.409717	-0.447397	-0.410394	-0.300399	-0.143395	0.0327621	0.217227	0.396394	0.556087	0.674095	0.726353	0.70555	0.621061	0.494636	0.357815	0.228649	0.125798	0.0482731	-0.00243968	
0.578272	0.490105	0.333435	0.139912	-0.053026	-0.21377	-0.325789	-0.361583	-0.314887	-0.202412	-0.0477473	0.124284	0.299897	0.469622	0.611378	0.702353	0.725216	0.674807	0.571762	0.437151	0.302108	0.182809	0.0900614	0.0247427	-0.0182174	
0.541863	0.482802	0.360387	0.203002	0.0326548	-0.117338	-0.220994	-0.25137	-0.202008	-0.0915521	0.0539183	0.21649	0.383225	0.536969	0.659415	0.719901	0.713184	0.637798	0.519546	0.382999	0.253215	0.145242	0.0648018	0.009179	-0.0243284	
0.46385	0.433908	0.351258	0.240467	0.109615	-0.0146195	-0.0977933	-0.116762	-0.0654095	0.036101	0.170379	0.317668	0.471854	0.605814	0.700789	0.730972	0.691634	0.596096	0.465954	0.330978	0.209428	0.11287	0.0443997	-0.00193996	-0.028686	
0.349691	0.344378	0.307766	0.24804	0.17169	0.0906325	0.0423119	0.0423854	0.0960687	0.186141	0.303431	0.434422	0.566156	0.676778	0.735631	0.732797	0.66162	0.547178	0.409909	0.278183	0.165786	0.0812464	0.0217361	-0.0147438	-0.0383947	
0.204553	0.222437	0.236027	0.234342	0.221867	0.202941	0.200447	0.22682	0.279776	0.355978	0.448677	0.557068	0.658481	0.735153	0.755499	0.714775	0.617395	0.486695	0.348307	0.222794	0.121635	0.0489147	-0.000971927	-0.0301391	-0.0488261	
0.0394419	0.0877937	0.147362	0.20798	0.262483	0.316516	0.368984	0.424732	0.477661	0.535358	0.600332	0.674767	0.739637	0.77132	0.751424	0.673513	0.555388	0.416128	0.282688	0.168323	0.0819281	0.0214555	-0.0164498	-0.0396766	-0.051256	
-0.121643	-0.0370683	0.0579521	0.167914	0.28329	0.404523	0.516401	0.605385	0.668147	0.714251	0.757555	0.797227	0.821625	0.806157	0.743508	0.633434	0.497314	0.35549	0.228772	0.126904	0.0536475	0.00420087	-0.0250652	-0.0429053	-0.0509667	
-0.285134	-0.164794	-0.033372	0.11731	0.289881	0.47199	0.640799	0.767879	0.84868	0.893679	0.919172	0.925297	0.903797	0.84041	0.734019	0.596057	0.445762	0.304864	0.185993	0.0962177	0.0334131	-0.00679495	-0.0311656	-0.0446996	-0.0522755	
-0.45874	-0.30886	-0.134853	0.0632684	0.293563	0.536082	0.757353	0.925369	1.02926	1.07807	1.0839	1.0504	0.974547	0.857287	0.706245	0.5415	0.381356	0.243758	0.135456	0.0583304	0.00690368	-0.0242095	-0.0425741	-0.051848	-0.0571756	
-0.611893	-0.436863	-0.223677	0.0220185	0.298496	0.586029	0.846909	1.05098	1.18283	1.24232	1.23396	1.16282	1.03503	0.86605	0.675763	0.488413	0.322792	0.189985	0.0927158	0.0268092	-0.0143493	-0.0383338	-0.0512495	-0.0576457	-0.0605224	
-0.732373	-0.53539	-0.288152	-0.00106972	0.308816	0.620212	0.903802	1.13411	1.29322	1.36813	1.35299	1.25247	1.0831	0.872868	0.653407	0.451295	0.284445	0.158125	0.0706575	0.0139829	-0.0198568	-0.0391381	-0.0491463	-0.0543492	-0.0565908	
-0.825444	-0.61764	-0.342575	-0.0206158	0.317729	0.64516	0.943318	1.19419	1.37606	1.46497	1.44506	1.32057	1.11767	0.874939	0.632818	0.420206	0.252631	0.131892	0.0516776	0.00218915	-0.0263945	-0.0419038	-0.0498126	-0.0537273	-0.0554645	
-0.879162	-0.671249	-0.380679	-0.0371707	0.319227	0.65748	0.964943	1.22995	1.42755	1.52624	1.50377	1.36437	1.14004	0.87681	0.619839	0.399942	0.230883	0.112483	0.0358039	-0.0100382	-0.0358436	-0.0492239	-0.0558393	-0.0587593	-0.0599634	
-0.88823	-0.681006	-0.387627	-0.0398059	0.31946	0.659749	0.96882	1.23595	1.43654	1.53681	1.51381	1.37201	1.1437	0.877125	0.617487	0.396345	0.227114	0.10897	0.033022	-0.0123362	-0.0375967	-0.0506562	-0.0570524	-0.0597557	-0.0609162	
-0.852209	-0.644034	-0.360695	-0.0276444	0.319152	0.652085	0.954676	1.21188	1.40156	1.49466	1.47336	1.3416	1.12786	0.875483	0.625907	0.41006	0.241906	0.122432	0.0442681	-0.00345236	-0.0304193	-0.0449075	-0.0520981	-0.055474	-0.0570224	
-0.772743	-0.569936	-0.31062	-0.00924925	0.312501	0.630809	0.92063	1.1602	1.32934	1.41027	1.39356	1.28245	1.09882	0.874449	0.645035	0.438608	0.27124	0.14766	0.0632464	0.00981464	-0.0217547	-0.0394992	-0.0485975	-0.0534259	-0.0554892	
-0.664064	-0.478812	-0.251651	0.0111446	0.302429	0.601033	0.872586	1.08859	1.23124	1.29705	1.28532	1.20121	1.0561	0.868833	0.666307	0.472062	0.305709	0.175603	0.0822425	0.0205494	-0.0176123	-0.0393571	-0.0509575	-0.0568201	-0.0591869	
-0.523997	-0.363688	-0.173296	0.0447854	0.295323	0.55837	0.797891	0.981236	1.09584	1.1484	1.14684	1.09773	0.999734	0.860603	0.693094	0.51793	0.355586	0.219277	0.115806	0.0433185	-0.0036363	-0.0314493	-0.0474307	-0.0551803	-0.0593484	
-0.353937	-0.22135	-0.0730833	0.095249	0.290933	0.497918	0.688698	0.83202	0.921973	0.967778	0.985336	0.976599	0.933295	0.849535	0.724639	0.576065	0.421388	0.281361	0.166862	0.08173	0.023718	-0.0130658	-0.0351021	-0.0469253	-0.0539696	
-0.186079	-0.085992	0.0226146	0.148632	0.287038	0.432613	0.567611	0.671267	0.740646	0.785045	0.821746	0.848026	0.855209	0.821297	0.740876	0.620071	0.477151	0.335959	0.211745	0.114899	0.0458389	0.000113622	-0.0270136	-0.0431538	-0.0510259	
-0.0259134	0.0365936	0.110761	0.193683	0.273214	0.355391	0.43187	0.500387	0.555941	0.607678	0.66308	0.722772	0.772168	0.784162	0.747661	0.655857	0.530154	0.389538	0.258393	0.149516	0.0684563	0.0130093	-0.0209838	-0.0417798	-0.0513405	
0.139975	0.168135	0.20179	0.225394	0.239492	0.249958	0.268203	0.306032	0.358372	0.427186	0.508496	0.604439	0.691719	0.751273	0.756055	0.69969	0.594069	0.458577	0.322103	0.200331	0.10506	0.037158	-0.00794244	-0.0346923	-0.0504662	
0.294682	0.298814	0.282607	0.244566	0.193286	0.134629	0.102915	0.11307	0.166586	0.251733	0.360324	0.483608	0.604174	0.703057	0.74638	0.729111	0.646445	0.524974	0.38647	0.256547	0.148374	0.0682908	0.0124495	-0.021003	-0.0430268	
0.421907	0.402408	0.337102	0.246768	0.136446	0.0270875	-0.0433265	-0.0556081	-0.00333426	0.0939434	0.222089	0.362794	0.509284	0.634107	0.715456	0.732713	0.680134	0.577124	0.443272	0.309757	0.191581	0.100102	0.0353834	-0.00676077	-0.0320709	
0.515194	0.467352	0.36088	0.221502	0.0650479	-0.0762558	-0.173593	-0.200337	-0.150374	-0.0427927	0.098253	0.255464	0.417812	0.56404	0.676857	0.724902	0.705862	0.621566	0.498532	0.36203	0.235541	0.131957	0.0566378	0.00458022	-0.0256766	
0.568616	0.492908	0.349019	0.167794	-0.0178127	-0.176675	-0.286718	-0.32114	-0.272919	-0.160332	-0.00867725	0.160757	0.332809	0.497437	0.63155	0.710996	0.721884	0.66103	0.551451	0.41537	0.28211	0.167102	0.079185	0.0178437	-0.02135	
0.580895	0.475038	0.301153	0.0944636	-0.104125	-0.265855	-0.378383	-0.415376	-0.373223	-0.261832	-0.104649	0.0698217	0.250985	0.426436	0.579	0.686517	0.726629	0.693834	0.601077	0.471021	0.334216	0.209017	0.109836	0.0376024	-0.0102791	
0.553689	0.427505	0.241633	0.0256446	-0.172143	-0.334591	-0.447199	-0.489648	-0.462152	-0.356821	-0.203847	-0.0248957	0.162818	0.347653	0.517692	0.650422	0.721599	0.719592	0.648856	0.530544	0.394087	0.26141	0.15223	0.0681075	0.012133	
0.492318	0.362867	0.180628	-0.0239907	-0.21429	-0.37707	-0.485105	-0.541198	-0.529027	-0.439257	-0.29816	-0.118998	0.0694147	0.261649	0.443208	0.598037	0.69683	0.727564	0.680526	0.580759	0.446476	0.312546	0.192131	0.099972	0.033107	
0.384763	0.260518	0.105546	-0.0654322	-0.23887	-0.383747	-0.486419	-0.554635	-0.555809	-0.493673	-0.369532	-0.202027	-0.0190616	0.172152	0.359686	0.526894	0.650945	0.708948	0.689594	0.609281	0.482733	0.349972	0.220957	0.121921	0.0445414	
0.242759	0.138087	0.024881	-0.110502	-0.254494	-0.376936	-0.479219	-0.548416	-0.565149	-0.528616	-0.420691	-0.26854	-0.0912414	0.0984943	0.287602	0.463916	0.608694	0.688474	0.699546	0.634396	0.522646	0.386538	0.254118	0.14284	0.0571412	
0.11265	0.0299053	-0.0552883	-0.158817	-0.273438	-0.383629	-0.480602	-0.546138	-0.577447	-0.555553	-0.463556	-0.32537	-0.149832	0.0380167	0.228206	0.414648	0.571808	0.676678	0.712074	0.667144	0.570119	0.433233	0.298979	0.174526	0.0806423	
0.00717117	-0.0607046	-0.119907	-0.19166	-0.283857	-0.383781	-0.475945	-0.545861	-0.591424	-0.584429	-0.516167	-0.391129	-0.221086	-0.0370363	0.158827	0.351387	0.523559	0.654125	0.713913	0.698153	0.616322	0.48931	0.35369	0.222045	0.120311	
