-0.512556	-0.480889	-0.45879	-0.443718	-0.43521	-0.434495	-0.438825	-0.451995	-0.470466	-0.498581	-0.534148	-0.578934	-0.63197	-0.69102	-0.753039	-0.81717	-0.871345	-0.909769	-0.920499	-0.896756	-0.831042	-0.715599	-0.555489	-0.348074	-0.11104	
-0.678362	-0.64683	-0.622569	-0.605665	-0.596935	-0.594826	-0.601421	-0.614854	-0.636244	-0.665426	-0.700641	-0.742453	-0.787329	-0.832242	-0.875412	-0.907665	-0.921088	-0.910765	-0.86775	-0.788609	-0.667674	-0.508358	-0.312898	-0.0870057	0.158018	
-0.830646	-0.807464	-0.787984	-0.774029	-0.766652	-0.765033	-0.770947	-0.781966	-0.799916	-0.821416	-0.846657	-0.872635	-0.895753	-0.913489	-0.920037	-0.907729	-0.874645	-0.814487	-0.723054	-0.598315	-0.440418	-0.252049	-0.035075	0.201439	0.447756	
-0.910016	-0.902839	-0.895344	-0.88919	-0.885431	-0.884959	-0.887328	-0.892627	-0.899686	-0.906895	-0.912958	-0.914361	-0.908645	-0.892244	-0.859474	-0.808003	-0.734353	-0.63329	-0.503826	-0.34573	-0.160845	0.0477579	0.272	0.499694	0.718562	
-0.886556	-0.897261	-0.903432	-0.906602	-0.907764	-0.907998	-0.906794	-0.90452	-0.899442	-0.890898	-0.876407	-0.853617	-0.819968	-0.771573	-0.70542	-0.619368	-0.509445	-0.374815	-0.216833	-0.0375289	0.158905	0.365325	0.57176	0.769473	0.950912	
-0.757321	-0.785848	-0.805673	-0.818333	-0.824861	-0.825872	-0.821517	-0.811403	-0.794613	-0.769948	-0.735358	-0.68901	-0.628432	-0.551256	-0.456171	-0.341532	-0.207058	-0.0549454	0.112474	0.29169	0.477242	0.662204	0.839893	1.00377	1.1449	
-0.516099	-0.559713	-0.591623	-0.612883	-0.624299	-0.626209	-0.618827	-0.601679	-0.574277	-0.535514	-0.484314	-0.419494	-0.339868	-0.244874	-0.134313	-0.00841631	0.131089	0.282123	0.442179	0.607089	0.77125	0.928218	1.07062	1.18905	1.27277	
-0.195667	-0.247088	-0.285709	-0.311953	-0.32619	-0.328605	-0.319241	-0.297915	-0.264345	-0.21807	-0.158731	-0.0859446	0.000389839	0.100024	0.212458	0.336444	0.470036	0.610719	0.754473	0.895664	1.02761	1.14289	1.23347	1.29184	1.31336	
0.159533	0.106004	0.0652695	0.0373213	0.0221067	0.0195685	0.0297206	0.0525755	0.0882104	0.136641	0.197813	0.271513	0.357216	0.454042	0.560537	0.67442	0.792598	0.910837	1.0237	1.12518	1.20927	1.27043	1.3042	1.30815	1.28176	
0.525752	0.474731	0.435364	0.408089	0.393158	0.390684	0.400688	0.423082	0.457678	0.504109	0.561798	0.629833	0.706878	0.791059	0.879823	0.969927	1.05749	1.13807	1.20717	1.26065	1.29496	1.30719	1.29517	1.25701	1.19047	
0.859497	0.817855	0.785066	0.762015	0.749278	0.747154	0.75569	0.774686	0.803679	0.841913	0.888293	0.941336	0.999137	1.05935	1.11921	1.17568	1.22553	1.26557	1.29283	1.3045	1.29782	1.26993	1.2179	1.13887	1.03094	
1.10683	1.07918	1.05686	1.04088	1.03195	1.03045	1.03644	1.04967	1.06956	1.09522	1.12544	1.15868	1.19309	1.22657	1.25681	1.28136	1.29765	1.30301	1.2946	1.26939	1.22428	1.1564	1.06383	0.946624	0.808074	
1.25211	1.23823	1.22648	1.21781	1.21287	1.21204	1.21536	1.22259	1.23321	1.24638	1.26097	1.27561	1.28863	1.29814	1.30199	1.29782	1.28304	1.2549	1.21064	1.14776	1.06461	0.960972	0.838894	0.703219	0.561673	
1.30121	1.30042	1.29867	1.2969	1.29573	1.29553	1.29633	1.29793	1.29978	1.30109	1.30077	1.29744	1.28948	1.275	1.25195	1.21814	1.17143	1.10999	1.03259	0.939107	0.830935	0.711355	0.585604	0.460494	0.3435	
1.24368	1.2566	1.26536	1.27083	1.27362	1.27408	1.27225	1.26792	1.26057	1.24945	1.23352	1.21157	1.18221	1.14398	1.0955	1.03561	0.963641	0.879654	0.784728	0.681161	0.57252	0.463462	0.359255	0.265043	0.184961	
1.07178	1.09659	1.11475	1.12683	1.13328	1.13435	1.13008	1.1203	1.10465	1.08259	1.05346	1.01657	0.971234	0.916972	0.853596	0.781401	0.701311	0.614996	0.52491	0.434194	0.346437	0.265273	0.193889	0.134527	0.0881229	
0.818133	0.848566	0.871571	0.887272	0.895792	0.897211	0.891544	0.878734	0.858671	0.831226	0.796303	0.753911	0.704252	0.647806	0.585421	0.518372	0.448383	0.377584	0.308382	0.243259	0.1845	0.133903	0.0925321	0.0605804	0.037394	
0.548922	0.577327	0.599291	0.614537	0.6229	0.624297	0.618716	0.60621	0.586907	0.561035	0.528959	0.491215	0.448555	0.401969	0.352694	0.302194	0.252091	0.204062	0.159701	0.120352	0.0869647	0.0599834	0.0393124	0.0243711	0.0142297	
0.323851	0.345308	0.362205	0.374093	0.380669	0.381771	0.37737	0.367576	0.352634	0.332934	0.309018	0.281587	0.251492	0.219716	0.187342	0.155495	0.125267	0.0976307	0.073354	0.0529287	0.0365287	0.0240126	0.0149722	0.00881859	0.00488783	
0.168815	0.182396	0.193261	0.200993	0.205301	0.206024	0.203135	0.196741	0.187082	0.174527	0.159559	0.142767	0.124816	0.106416	0.0882797	0.0710774	0.0553835	0.0416338	0.0300917	0.0208357	0.0137683	0.00864927	0.00514568	0.00288848	0.00152472	
0.0782645	0.0856392	0.0916219	0.0959234	0.0983353	0.0987406	0.0971195	0.0935508	0.0882073	0.0813475	0.0733016	0.0644517	0.0552087	0.0459839	0.03716	0.029063	0.0219381	0.0159345	0.0111005	0.0073913	0.00468735	0.00282104	0.00160564	0.000861406	0.000434299	
0.0324955	0.0359913	0.0388635	0.0409479	0.0421234	0.0423212	0.0415296	0.0397951	0.0372188	0.033949	0.03017	0.026088	0.0219146	0.0178502	0.0140681	0.0107021	0.00783745	0.00550928	0.00370579	0.00237752	0.00145006	0.000837988	0.000457402	0.000235117	0.000113515	
0.0121645	0.0136306	0.0148494	0.0157415	0.0162473	0.0163325	0.0159913	0.0152469	0.0141493	0.012771	0.0111996	0.0095305	0.0078575	0.00626492	0.0048206	0.00357127	0.00254074	0.00173104	0.00112611	0.000697368	0.000409839	0.000227889	0.000119549	5.90117e-05	2.73462e-05	
0.00413102	0.00468084	0.00514299	0.00548401	0.00567833	0.00571111	0.00557981	0.00529451	0.00487679	0.00435737	0.00377277	0.0031615	0.00256012	0.00199979	0.00150377	0.00108609	0.000751555	0.000496952	0.000313125	0.00018747	0.000106347	5.70026e-05	2.87955e-05	1.36773e-05	6.09609e-06	
0.00127979	0.00146581	0.00162381	0.00174128	0.00180854	0.0018199	0.00177438	0.00167586	0.00153256	0.00135602	0.00115974	0.000957538	0.000762089	0.00058365	0.000429276	0.000302558	0.000203862	0.000130985	8.00443e-05	4.63989e-05	2.54459e-05	1.31696e-05	6.41756e-06	2.93845e-06	1.26203e-06	
0.000363516	0.000420705	0.000469767	0.000506511	0.000527644	0.000531216	0.000516894	0.000486007	0.00044136	0.000386849	0.00032694	0.000266099	0.000208271	0.000156492	0.000112668	7.75606e-05	5.09361e-05	3.1836e-05	1.8891e-05	1.0616e-05	5.63643e-06	2.82096e-06	1.32815e-06	5.87194e-07	2.43421e-07	
9.5097e-05	0.000111174	0.000125098	0.0001356	0.000141666	0.000142692	0.000138576	0.000129728	0.000117016	0.000101629	8.49048e-05	6.81513e-05	5.24836e-05	3.87139e-05	2.73024e-05	1.83717e-05	1.177e-05	7.16318e-06	4.13181e-06	2.2537e-06	1.15991e-06	5.62143e-07	2.56079e-07	1.09481e-07	4.38731e-08	
2.3008e-05	2.7163e-05	3.07951e-05	3.35529e-05	3.51527e-05	3.54237e-05	3.43366e-05	3.20082e-05	2.86822e-05	2.46893e-05	2.03962e-05	1.61519e-05	1.22443e-05	8.87128e-06	6.13216e-06	4.03625e-06	2.5246e-06	1.49742e-06	8.40434e-07	4.45423e-07	2.22481e-07	1.04539e-07	4.61367e-08	1.90995e-08	7.4091e-09	
5.18356e-06	6.17909e-06	7.05727e-06	7.72848e-06	8.11945e-06	8.18577e-06	7.91975e-06	7.35187e-06	6.54529e-06	5.58483e-06	4.56298e-06	3.56577e-06	2.66161e-06	1.89476e-06	1.28426e-06	8.27259e-07	5.05464e-07	2.92377e-07	1.59791e-07	8.2356e-08	3.99579e-08	1.82215e-08	7.79917e-09	3.12979e-09	1.17661e-09	
1.18411e-06	1.42612e-06	1.64169e-06	1.80762e-06	1.90471e-06	1.92122e-06	1.85511e-06	1.71445e-06	1.51586e-06	1.28141e-06	1.03475e-06	7.97306e-07	5.85474e-07	4.0912e-07	2.7162e-07	1.7104e-07	1.01974e-07	5.74575e-08	3.05425e-08	1.52907e-08	7.19851e-09	3.18239e-09	1.31967e-09	5.12858e-10	1.86674e-10	
7.61688e-07	9.20787e-07	1.06301e-06	1.17281e-06	1.23721e-06	1.24826e-06	1.20457e-06	1.11159e-06	9.80538e-07	8.26259e-07	6.64556e-07	5.09628e-07	3.72168e-07	2.58449e-07	1.70405e-07	1.06495e-07	6.29746e-08	3.51735e-08	1.85236e-08	9.18275e-09	4.2786e-09	1.87126e-09	7.67355e-10	2.94799e-10	1.06043e-10	
2.75874e-06	3.30055e-06	3.78031e-06	4.14814e-06	4.363e-06	4.39993e-06	4.25456e-06	3.94395e-06	3.50345e-06	2.98034e-06	2.42585e-06	1.8872e-06	1.40142e-06	9.91912e-07	6.68059e-07	4.27386e-07	2.59221e-07	1.48773e-07	8.06387e-08	4.12014e-08	1.98094e-08	8.94827e-09	3.79258e-09	1.50658e-09	5.60503e-10	
1.25273e-05	1.48444e-05	1.68778e-05	1.84266e-05	1.93275e-05	1.94821e-05	1.88731e-05	1.75678e-05	1.57062e-05	1.34777e-05	1.10908e-05	8.74224e-06	6.59195e-06	4.74754e-06	3.26014e-06	2.1306e-06	1.32251e-06	7.78079e-07	4.3298e-07	2.27425e-07	1.12535e-07	5.23653e-08	2.28786e-08	9.37325e-09	3.59748e-09	
5.35468e-05	6.28468e-05	7.09347e-05	7.70543e-05	8.05993e-05	8.12062e-05	7.8812e-05	7.36642e-05	6.62811e-05	5.73717e-05	4.77288e-05	3.81186e-05	2.91856e-05	2.13887e-05	1.49763e-05	9.99952e-06	6.35322e-06	3.83258e-06	2.19027e-06	1.18316e-06	6.02826e-07	2.89122e-07	1.30298e-07	5.50945e-08	2.18309e-08	
0.000212012	0.000246394	0.000276016	0.000298277	0.000311116	0.00031331	0.000304646	0.000285957	0.000258997	0.000226192	0.000190299	0.00015405	0.000119822	8.94019e-05	6.38687e-05	4.35985e-05	2.83753e-05	1.75664e-05	1.03195e-05	5.73881e-06	3.01405e-06	1.4917e-06	6.94292e-07	3.03372e-07	1.24268e-07	
0.000774163	0.000890586	0.000989918	0.00106403	0.00110659	0.00111384	0.00108515	0.00102306	0.000932939	0.00082232	0.000699915	0.000574568	0.000454252	0.000345284	0.000251853	0.000175909	0.000117381	7.46466e-05	4.51252e-05	2.58642e-05	1.40198e-05	7.16942e-06	3.45099e-06	1.56047e-06	6.61748e-07	
0.00259569	0.00295466	0.0032578	0.0034823	0.00361058	0.00363241	0.00354601	0.00335833	0.00308421	0.00274464	0.0023644	0.00196931	0.00158349	0.00122707	0.000914573	0.000654189	0.000448002	0.000292976	0.000182467	0.000107929	6.04625e-05	3.19938e-05	1.59508e-05	7.47574e-06	3.28727e-06	
0.00795274	0.00895365	0.0097898	0.0104041	0.0107534	0.0108127	0.0105777	0.0100653	0.00931185	0.00836943	0.00730083	0.00617327	0.00505196	0.00399421	0.00304467	0.00223254	0.0015708	0.00105763	0.000679512	0.000415367	0.000240847	0.000132085	6.83212e-05	3.32461e-05	1.51858e-05	
0.0221454	0.0246487	0.026716	0.028222	0.0290737	0.0292179	0.0286456	0.0273925	0.0255366	0.0231913	0.0204962	0.0176054	0.0146745	0.0118476	0.0092455	0.00695733	0.00503543	0.00349533	0.00232003	0.00146788	0.000882448	0.000502463	0.000270147	0.000136753	6.50138e-05	
0.055714	0.0612745	0.0658098	0.0690838	0.0709248	0.0712357	0.0700001	0.0672833	0.063228	0.0580463	0.0520055	0.045411	0.0385847	0.0318416	0.025466	0.0196905	0.0146794	0.0105207	0.00722588	0.00474029	0.00296005	0.00175337	0.000981894	0.000518187	0.000256972	
0.125815	0.136651	0.145371	0.151604	0.155086	0.155673	0.153339	0.148182	0.140419	0.130379	0.118491	0.105261	0.0912542	0.0770551	0.063234	0.050305	0.0386874	0.0286746	0.0204153	0.0139131	0.00904299	0.00558473	0.00326505	0.0018007	0.000933775	
0.253279	0.271522	0.285981	0.296203	0.301875	0.302828	0.299032	0.290602	0.277792	0.261	0.240767	0.21777	0.192806	0.166769	0.140604	0.115251	0.0915802	0.0703217	0.0520004	0.0368931	0.0250159	0.0161464	0.00988056	0.00570991	0.00310478	
0.451462	0.47745	0.497699	0.511833	0.519613	0.520915	0.515719	0.504105	0.486267	0.462521	0.433337	0.399359	0.361424	0.320569	0.27802	0.235144	0.193377	0.154119	0.118611	0.0878052	0.0622654	0.042115	0.0270514	0.0164298	0.00939675	
0.708526	0.738961	0.762192	0.778163	0.786868	0.788319	0.782517	0.769455	0.749126	0.721561	0.686875	0.645325	0.597382	0.543794	0.485642	0.424362	0.361724	0.299754	0.240587	0.186263	0.138494	0.0984429	0.0665768	0.0426365	0.0257372	
0.976725	1.00469	1.02546	1.03945	1.04697	1.04822	1.04322	1.03185	1.01384	0.988801	0.956307	0.915933	0.867374	0.810552	0.745749	0.673732	0.595853	0.514103	0.431066	0.349762	0.273358	0.204778	0.146283	0.0991259	0.0633904	
1.18771	1.20588	1.21873	1.22706	1.23142	1.23214	1.22925	1.22256	1.2116	1.19567	1.17385	1.1451	1.10827	1.06225	1.00613	0.939309	0.861801	0.774392	0.678855	0.578034	0.475763	0.376541	0.284969	0.205041	0.139452	
1.29202	1.29671	1.29914	1.30024	1.30063	1.30068	1.30044	1.29968	1.29787	1.29421	1.28761	1.27672	1.25997	1.23558	1.20169	1.15645	1.09823	1.02587	0.939074	0.83872	0.727264	0.608874	0.489234	0.374883	0.272162	
1.28372	1.27503	1.26725	1.26132	1.25788	1.25729	1.2596	1.26459	1.27172	1.28017	1.28885	1.29636	1.30107	1.30107	1.29421	1.27815	1.2504	1.20848	1.15008	1.07346	0.978031	0.864969	0.737878	0.602957	0.468494	
1.1768	1.15476	1.13674	1.12373	1.11642	1.11519	1.1201	1.1309	1.14702	1.16759	1.19143	1.21706	1.24272	1.26641	1.2859	1.29879	1.30253	1.29444	1.27171	1.23143	1.17078	1.08751	0.98092	0.852982	0.709295	
0.970351	0.934081	0.905267	0.884885	0.873584	0.871706	0.879304	0.896146	0.921706	0.955139	0.995266	1.04054	1.08904	1.13849	1.18628	1.22958	1.26543	1.29091	1.30321	1.29969	1.27766	1.23415	1.166	1.07073	0.948046	
