-0.487749	-0.600699	-0.708129	-0.801847	-0.854516	-0.861906	-0.829473	-0.748048	-0.64497	-0.532061	-0.422601	-0.308102	-0.17883	-0.0638283	0.0173351	0.0528258	0.0518099	0.0250726	-0.0189327	-0.078629	-0.140952	-0.197224	-0.260855	-0.339339	-0.43731	
-0.393751	-0.524058	-0.646935	-0.750317	-0.803861	-0.811501	-0.77887	-0.692327	-0.575119	-0.444648	-0.320311	-0.191193	-0.0537517	0.0674409	0.140599	0.152784	0.122719	0.0541216	-0.0304966	-0.121098	-0.199779	-0.25451	-0.308058	-0.373168	-0.45524	
-0.339051	-0.48059	-0.621278	-0.722285	-0.774339	-0.784149	-0.748133	-0.66794	-0.539002	-0.394183	-0.255077	-0.107685	0.0354837	0.158951	0.224832	0.226955	0.182687	0.0945603	-0.0167693	-0.130533	-0.219415	-0.27555	-0.318417	-0.371091	-0.438501	
-0.306831	-0.458883	-0.602053	-0.699874	-0.747832	-0.755401	-0.724425	-0.648198	-0.5189	-0.367799	-0.215268	-0.0598755	0.0878499	0.205392	0.26455	0.265385	0.220087	0.131553	0.0125691	-0.107959	-0.201199	-0.257255	-0.296958	-0.338036	-0.393987	
-0.281419	-0.4324	-0.565024	-0.656309	-0.6973	-0.702312	-0.678485	-0.607695	-0.488815	-0.343113	-0.18946	-0.0387109	0.10419	0.211592	0.264927	0.270934	0.232785	0.151337	0.0379526	-0.0800488	-0.171376	-0.22905	-0.2658	-0.294428	-0.334346	
-0.236347	-0.373577	-0.493964	-0.576454	-0.612962	-0.61839	-0.595642	-0.532181	-0.425238	-0.291247	-0.154153	-0.0200631	0.0982706	0.18277	0.227417	0.232181	0.203507	0.133357	0.0348208	-0.064856	-0.144108	-0.198016	-0.235051	-0.258614	-0.283102	
-0.168515	-0.277862	-0.373077	-0.441825	-0.471596	-0.475954	-0.458123	-0.403798	-0.319431	-0.211609	-0.106696	-0.0133206	0.0656853	0.115759	0.145583	0.15187	0.130592	0.0765789	-0.000134845	-0.0730875	-0.129309	-0.172225	-0.208397	-0.231304	-0.248383	
-0.0851752	-0.153808	-0.213444	-0.25983	-0.279455	-0.280936	-0.271052	-0.234151	-0.179458	-0.111742	-0.0527629	-0.0126302	0.0129481	0.026159	0.0378506	0.0457122	0.0358453	-0.00493483	-0.0572809	-0.107449	-0.143608	-0.171219	-0.204997	-0.227876	-0.238573	
0.00807636	-0.0165965	-0.0427352	-0.0644051	-0.0706305	-0.0709005	-0.0684924	-0.0521343	-0.0276404	0.000335883	0.0124197	-0.000567854	-0.029568	-0.0568202	-0.0673204	-0.0664467	-0.0710997	-0.0973412	-0.134099	-0.163435	-0.183436	-0.201523	-0.224929	-0.248389	-0.255482	
0.0960529	0.116018	0.123672	0.13436	0.14389	0.144976	0.13905	0.127193	0.119134	0.106601	0.0723548	0.0124608	-0.0639045	-0.128241	-0.163241	-0.174272	-0.179281	-0.192349	-0.211922	-0.225491	-0.231832	-0.238569	-0.251802	-0.269713	-0.276076	
0.165996	0.230558	0.281043	0.327317	0.357793	0.363818	0.342228	0.29978	0.252508	0.193543	0.116353	0.0123202	-0.100603	-0.193085	-0.252002	-0.274847	-0.2811	-0.278656	-0.276726	-0.274863	-0.269652	-0.270091	-0.277779	-0.288906	-0.293544	
0.218779	0.325273	0.415794	0.495124	0.547459	0.556752	0.520497	0.448832	0.36353	0.262624	0.147958	0.0108362	-0.126231	-0.238298	-0.319173	-0.36011	-0.373444	-0.360639	-0.339878	-0.317531	-0.29939	-0.293808	-0.291616	-0.298172	-0.297546	
0.254644	0.393891	0.519005	0.627519	0.697074	0.708989	0.661359	0.565001	0.445605	0.311885	0.164625	0.00869429	-0.135889	-0.257883	-0.34763	-0.407384	-0.433892	-0.418782	-0.389617	-0.353417	-0.322542	-0.307857	-0.300542	-0.29635	-0.287693	
0.285956	0.445954	0.593904	0.715806	0.7942	0.808584	0.753573	0.646915	0.507783	0.350849	0.186687	0.0200592	-0.124919	-0.244897	-0.344413	-0.418068	-0.459358	-0.455458	-0.423029	-0.381336	-0.342006	-0.319477	-0.307762	-0.297139	-0.282167	
0.321178	0.49326	0.651033	0.777084	0.854909	0.868966	0.8146	0.705986	0.558996	0.390662	0.215082	0.0459036	-0.0966622	-0.214568	-0.317132	-0.403841	-0.461159	-0.474345	-0.452379	-0.41189	-0.370658	-0.340489	-0.321196	-0.304849	-0.280483	
0.363444	0.539962	0.69871	0.81861	0.890193	0.90227	0.853477	0.752666	0.606249	0.435801	0.25411	0.0840865	-0.0585684	-0.17919	-0.283565	-0.381176	-0.452894	-0.483286	-0.478984	-0.44663	-0.407441	-0.376042	-0.349141	-0.321484	-0.287941	
0.411575	0.58212	0.726892	0.832046	0.887536	0.89701	0.860152	0.774348	0.644487	0.481303	0.306084	0.1395	-0.00798706	-0.131888	-0.24693	-0.351545	-0.43524	-0.487626	-0.496082	-0.479154	-0.450455	-0.418978	-0.389555	-0.350747	-0.298663	
0.449629	0.600052	0.720435	0.801959	0.838666	0.843903	0.821571	0.758154	0.652694	0.511579	0.355935	0.204301	0.0610723	-0.0669967	-0.185985	-0.298416	-0.395659	-0.463587	-0.493964	-0.491081	-0.475259	-0.455614	-0.423613	-0.377497	-0.308313	
0.473077	0.585133	0.668999	0.716363	0.730244	0.731213	0.725276	0.692719	0.623015	0.519856	0.401982	0.279705	0.151735	0.0278915	-0.0921064	-0.208807	-0.316577	-0.402631	-0.451452	-0.467628	-0.471404	-0.468816	-0.447517	-0.399472	-0.319376	
0.47432	0.542896	0.585319	0.602935	0.59403	0.590875	0.60137	0.59499	0.563621	0.502699	0.429882	0.347338	0.244753	0.134929	0.0210156	-0.0935029	-0.209793	-0.309924	-0.372699	-0.406028	-0.425625	-0.43848	-0.434067	-0.396044	-0.317072	
0.456245	0.484434	0.497105	0.487018	0.465379	0.459863	0.478575	0.495895	0.491903	0.468233	0.43763	0.391345	0.318341	0.226928	0.127555	0.0203266	-0.0950398	-0.199052	-0.271941	-0.311651	-0.341589	-0.369764	-0.378567	-0.358683	-0.298398	
0.421615	0.417546	0.409157	0.384257	0.355067	0.349054	0.371622	0.4012	0.415318	0.420108	0.421927	0.408803	0.366829	0.299862	0.222656	0.13136	0.0243455	-0.0801578	-0.156383	-0.205795	-0.243854	-0.275988	-0.297844	-0.28822	-0.245628	
0.375249	0.3453	0.31703	0.282257	0.250019	0.242916	0.267935	0.304083	0.333667	0.363009	0.393055	0.411562	0.400402	0.361745	0.309198	0.236389	0.141709	0.0425732	-0.0360506	-0.0912078	-0.132057	-0.164527	-0.186132	-0.183226	-0.15652	
0.317203	0.265166	0.227342	0.183713	0.153815	0.148519	0.168944	0.210895	0.248652	0.29571	0.348718	0.390758	0.410608	0.40353	0.380682	0.334127	0.263651	0.177927	0.102695	0.0441608	-0.00210489	-0.0320375	-0.0507784	-0.049666	-0.0394125	
0.251163	0.19011	0.144439	0.104433	0.0786455	0.0739546	0.0916484	0.127899	0.169618	0.226082	0.288117	0.347879	0.391905	0.414128	0.423932	0.410566	0.37392	0.318329	0.259654	0.203702	0.1587	0.129156	0.106808	0.0987643	0.0864289	
0.183537	0.121389	0.0743581	0.0388863	0.0213307	0.0180146	0.0298246	0.0590982	0.100325	0.158082	0.223473	0.291403	0.353226	0.404057	0.444271	0.468635	0.476538	0.460789	0.42833	0.383118	0.336668	0.299985	0.267192	0.234993	0.189449	
0.121389	0.0581667	0.0128545	-0.0177253	-0.0278658	-0.0282831	-0.0242845	-0.00141914	0.0378393	0.0948737	0.161836	0.23432	0.313337	0.389455	0.458758	0.520178	0.571251	0.597904	0.592948	0.558909	0.511432	0.465492	0.415572	0.355859	0.271529	
0.0743581	0.0128545	-0.0399005	-0.0651123	-0.0716439	-0.0727633	-0.0689179	-0.053628	-0.0103014	0.0492168	0.114875	0.192719	0.280629	0.373017	0.461927	0.550576	0.637309	0.705219	0.730109	0.712484	0.671888	0.617637	0.551997	0.460547	0.338042	
0.0388863	-0.0177253	-0.0651123	-0.0860447	-0.0859939	-0.0846391	-0.0875447	-0.0773313	-0.0381155	0.0152167	0.0770682	0.149565	0.241074	0.344178	0.444893	0.55534	0.672846	0.773448	0.826414	0.828511	0.79587	0.742472	0.667907	0.552995	0.397677	
0.0213307	-0.0278658	-0.0716439	-0.0859939	-0.082189	-0.0799772	-0.0855469	-0.081811	-0.046429	0.000665809	0.0545786	0.120669	0.209417	0.313231	0.418931	0.540914	0.675775	0.801554	0.875134	0.89351	0.873222	0.821231	0.742558	0.613457	0.437695	
0.0180146	-0.0282831	-0.0727633	-0.0846391	-0.0799772	-0.0786468	-0.0830498	-0.0819366	-0.0471135	-0.00084793	0.0500187	0.11564	0.202899	0.30648	0.413133	0.536613	0.675039	0.804972	0.883029	0.904721	0.886578	0.83576	0.756154	0.623572	0.444875	
0.0298246	-0.0242845	-0.0689179	-0.0875447	-0.0855469	-0.0830498	-0.0885533	-0.0804274	-0.0434102	0.00681466	0.0660391	0.135205	0.226441	0.330762	0.434392	0.550703	0.677086	0.789159	0.851262	0.860925	0.832916	0.780345	0.70382	0.582394	0.417008	
0.0590982	-0.00141914	-0.053628	-0.0773313	-0.081811	-0.0819366	-0.0804274	-0.0668554	-0.0240928	0.0342067	0.0991867	0.175594	0.266117	0.362955	0.457466	0.555753	0.654951	0.737902	0.774073	0.76424	0.727107	0.67166	0.601757	0.499176	0.362372	
0.100325	0.0378393	-0.0103014	-0.0381155	-0.046429	-0.0471135	-0.0434102	-0.0240928	0.0162676	0.0744527	0.140693	0.215932	0.299517	0.383285	0.462236	0.535335	0.602177	0.6453	0.652018	0.624139	0.57787	0.52912	0.472347	0.399647	0.300025	
0.158082	0.0948737	0.0492168	0.0152167	0.000665809	-0.00084793	0.00681466	0.0342067	0.0744527	0.131694	0.198525	0.267799	0.336965	0.398175	0.450532	0.490203	0.515811	0.517698	0.495579	0.454971	0.407813	0.366822	0.327838	0.284822	0.223846	
0.223473	0.161836	0.114875	0.0770682	0.0545786	0.0500187	0.0660391	0.0991867	0.140693	0.198525	0.262055	0.325778	0.377846	0.41143	0.433795	0.435718	0.415597	0.375357	0.326423	0.273926	0.228839	0.197621	0.172212	0.155413	0.131047	
0.291403	0.23432	0.192719	0.149565	0.120669	0.11564	0.135205	0.175594	0.215932	0.267799	0.325778	0.376611	0.40629	0.411617	0.401986	0.367273	0.309937	0.233808	0.163506	0.105277	0.0584787	0.029567	0.0102333	0.00947038	0.0118805	
0.353226	0.313337	0.280629	0.241074	0.209417	0.202899	0.226441	0.266117	0.299517	0.336965	0.377846	0.40629	0.408264	0.381799	0.340238	0.277516	0.190288	0.0954925	0.0169709	-0.0400944	-0.0826537	-0.114708	-0.134444	-0.132801	-0.112689	
0.404057	0.389455	0.373017	0.344178	0.313231	0.30648	0.330762	0.362955	0.383285	0.398175	0.41143	0.411617	0.381799	0.325839	0.258092	0.174046	0.0712963	-0.0323054	-0.109212	-0.161725	-0.20115	-0.233217	-0.256505	-0.249637	-0.213636	
0.444271	0.458758	0.461927	0.444893	0.418931	0.413133	0.434392	0.457466	0.462236	0.450532	0.433795	0.401986	0.340238	0.258092	0.166879	0.064647	-0.0473722	-0.152206	-0.226951	-0.27003	-0.30366	-0.335112	-0.349811	-0.33505	-0.282511	
0.468635	0.520178	0.550576	0.55534	0.540914	0.536613	0.550703	0.555753	0.535335	0.490203	0.435718	0.367273	0.277516	0.174046	0.064647	-0.0466056	-0.164456	-0.266947	-0.334239	-0.371138	-0.395092	-0.414578	-0.415493	-0.384512	-0.312111	
0.476538	0.571251	0.637309	0.672846	0.675775	0.675039	0.677086	0.654951	0.602177	0.515811	0.415597	0.309937	0.190288	0.0712963	-0.0473722	-0.164456	-0.275632	-0.368675	-0.423324	-0.447508	-0.458492	-0.462223	-0.448355	-0.402168	-0.320473	
0.460789	0.597904	0.705219	0.773448	0.801554	0.804972	0.789159	0.737902	0.6453	0.517698	0.375357	0.233808	0.0954925	-0.0323054	-0.152206	-0.266947	-0.368675	-0.443476	-0.482372	-0.486403	-0.477978	-0.465309	-0.435193	-0.387459	-0.313144	
0.42833	0.592948	0.730109	0.826414	0.875134	0.883029	0.851262	0.774073	0.652018	0.495579	0.326423	0.163506	0.0169709	-0.109212	-0.226951	-0.334239	-0.423324	-0.482372	-0.498405	-0.487413	-0.463459	-0.434808	-0.40437	-0.361713	-0.302177	
0.383118	0.558909	0.712484	0.828511	0.89351	0.904721	0.860925	0.76424	0.624139	0.454971	0.273926	0.105277	-0.0400944	-0.161725	-0.27003	-0.371138	-0.447508	-0.486403	-0.487413	-0.461037	-0.425175	-0.393347	-0.365019	-0.332542	-0.292392	
0.336668	0.511432	0.671888	0.79587	0.873222	0.886578	0.832916	0.727107	0.57787	0.407813	0.228839	0.0584787	-0.0826537	-0.20115	-0.30366	-0.395092	-0.458492	-0.477978	-0.463459	-0.425175	-0.384068	-0.353047	-0.329603	-0.309652	-0.282563	
0.299985	0.465492	0.617637	0.742472	0.821231	0.83576	0.780345	0.67166	0.52912	0.366822	0.197621	0.029567	-0.114708	-0.233217	-0.335112	-0.414578	-0.462223	-0.465309	-0.434808	-0.393347	-0.353047	-0.326221	-0.31249	-0.300058	-0.280736	
0.267192	0.415572	0.551997	0.667907	0.742558	0.756154	0.70382	0.601757	0.472347	0.327838	0.172212	0.0102333	-0.134444	-0.256505	-0.349811	-0.415493	-0.448355	-0.435193	-0.40437	-0.365019	-0.329603	-0.31249	-0.302816	-0.295271	-0.284884	
0.234993	0.355859	0.460547	0.552995	0.613457	0.623572	0.582394	0.499176	0.399647	0.284822	0.155413	0.00947038	-0.132801	-0.249637	-0.33505	-0.384512	-0.402168	-0.387459	-0.361713	-0.332542	-0.309652	-0.300058	-0.295271	-0.298595	-0.294195	
0.189449	0.271529	0.338042	0.397677	0.437695	0.444875	0.417008	0.362372	0.300025	0.223846	0.131047	0.0118805	-0.112689	-0.213636	-0.282511	-0.312111	-0.320473	-0.313144	-0.302177	-0.292392	-0.282563	-0.280736	-0.284884	-0.294195	-0.297043	
