0.18669	0.134272	0.0935347	0.0678319	0.0491986	0.0455635	0.0594559	0.0816626	0.116558	0.163716	0.225081	0.29196	0.364481	0.452399	0.559588	0.693683	0.836166	0.965855	1.07619	1.15866	1.19753	1.17301	1.08922	0.970191	0.836871	
-0.0339387	-0.115307	-0.180755	-0.233499	-0.269496	-0.276419	-0.250605	-0.203112	-0.143928	-0.0682475	0.022337	0.123383	0.235649	0.357996	0.492992	0.638304	0.785428	0.91968	1.02339	1.08424	1.09206	1.03998	0.935239	0.803706	0.667044	
-0.28739	-0.395872	-0.485731	-0.558	-0.603523	-0.611433	-0.579984	-0.517035	-0.434364	-0.332945	-0.212697	-0.072648	0.0847582	0.249282	0.410892	0.567725	0.718496	0.852156	0.945257	0.983861	0.968681	0.897879	0.77962	0.637401	0.502328	
-0.530522	-0.660489	-0.768893	-0.850124	-0.896465	-0.903852	-0.873113	-0.805044	-0.706901	-0.584917	-0.439941	-0.265	-0.0708372	0.126516	0.313	0.481106	0.633201	0.755409	0.83277	0.857285	0.829003	0.751256	0.627655	0.48712	0.36092	
-0.714398	-0.858971	-0.97195	-1.05609	-1.09606	-1.10198	-1.07755	-1.00955	-0.908294	-0.775076	-0.614441	-0.422837	-0.212179	-0.00353346	0.197963	0.37729	0.521772	0.626803	0.689577	0.706951	0.67643	0.597655	0.481237	0.353515	0.241409	
-0.811457	-0.953202	-1.06762	-1.14308	-1.17817	-1.18343	-1.16151	-1.1032	-1.00192	-0.871666	-0.710793	-0.520834	-0.322843	-0.121445	0.0805114	0.262328	0.398456	0.488041	0.542516	0.557402	0.522919	0.443879	0.338186	0.223636	0.122896	
-0.804823	-0.938366	-1.04852	-1.12102	-1.15238	-1.15709	-1.13793	-1.08278	-0.985159	-0.861487	-0.711331	-0.540647	-0.368036	-0.192375	-0.010802	0.156151	0.276446	0.353363	0.401399	0.40722	0.365561	0.28775	0.190571	0.0879195	-0.00157195	
-0.708324	-0.819083	-0.918213	-0.985232	-1.01313	-1.01711	-1.00018	-0.950228	-0.860098	-0.754993	-0.631915	-0.495593	-0.358138	-0.220775	-0.0795323	0.0562918	0.158624	0.230977	0.271676	0.268221	0.219072	0.141828	0.0497348	-0.0497169	-0.131804	
-0.544316	-0.616267	-0.694322	-0.748015	-0.769478	-0.772907	-0.759108	-0.720781	-0.647264	-0.574028	-0.49442	-0.402271	-0.307644	-0.216245	-0.129226	-0.0356815	0.0466539	0.113051	0.148526	0.136979	0.0900719	0.0166253	-0.072039	-0.169748	-0.253033	
-0.340105	-0.369261	-0.413943	-0.447795	-0.459525	-0.460395	-0.454461	-0.430915	-0.385534	-0.35184	-0.319848	-0.275787	-0.22418	-0.180404	-0.145246	-0.0961578	-0.0388698	0.0135159	0.0375562	0.023718	-0.0221801	-0.0888807	-0.175646	-0.275524	-0.356861	
-0.126849	-0.113343	-0.114802	-0.121621	-0.118259	-0.117394	-0.121059	-0.118281	-0.11213	-0.120237	-0.135116	-0.137919	-0.128765	-0.126985	-0.127945	-0.11322	-0.0844875	-0.0516197	-0.0410135	-0.0593316	-0.105321	-0.174176	-0.264105	-0.365622	-0.448373	
0.0743552	0.127671	0.169144	0.196786	0.215676	0.218857	0.205731	0.181222	0.146745	0.0965063	0.041868	-0.003124	-0.0376083	-0.0650111	-0.0865274	-0.0940713	-0.0911846	-0.0819974	-0.0844323	-0.110789	-0.163671	-0.240473	-0.335082	-0.439876	-0.520752	
0.256394	0.337938	0.413553	0.469588	0.501725	0.507146	0.4851	0.438929	0.369446	0.289716	0.205712	0.125487	0.0551483	0.00269693	-0.0279879	-0.0535053	-0.0727412	-0.084588	-0.102797	-0.139929	-0.205315	-0.29169	-0.396354	-0.505974	-0.588284	
0.404541	0.507278	0.606932	0.682643	0.726218	0.733331	0.704538	0.640846	0.548692	0.446089	0.341478	0.23495	0.13731	0.0690466	0.0280696	-0.00680306	-0.0408529	-0.06951	-0.10448	-0.160023	-0.240504	-0.340166	-0.458044	-0.575514	-0.655658	
0.511493	0.625722	0.729968	0.812419	0.859615	0.867184	0.836544	0.765795	0.669115	0.55751	0.442717	0.325724	0.215483	0.134605	0.0816968	0.0389866	-0.00217096	-0.0421606	-0.0936415	-0.166601	-0.258042	-0.37258	-0.504303	-0.630794	-0.718552	
0.568603	0.679134	0.771729	0.845036	0.887984	0.895571	0.866995	0.803182	0.719155	0.613208	0.503813	0.394426	0.289444	0.204019	0.140042	0.0936788	0.0507579	0.00168851	-0.0629801	-0.148382	-0.251082	-0.376284	-0.520071	-0.655387	-0.750841	
0.57612	0.66722	0.737612	0.78991	0.823158	0.829216	0.806419	0.75986	0.698888	0.612973	0.523344	0.438201	0.355283	0.276339	0.21183	0.167529	0.124208	0.0703541	-0.00452859	-0.0982965	-0.21391	-0.350328	-0.50137	-0.641684	-0.745455	
0.544705	0.603607	0.645297	0.671309	0.691531	0.694987	0.680728	0.656239	0.62351	0.568445	0.510709	0.460409	0.408697	0.351376	0.298314	0.262955	0.220827	0.165635	0.0906298	-0.0110626	-0.137863	-0.287006	-0.44232	-0.587635	-0.703667	
0.493319	0.512782	0.523846	0.526134	0.531859	0.533657	0.527502	0.525211	0.518731	0.501392	0.480682	0.467146	0.45233	0.424865	0.400139	0.374443	0.337027	0.286556	0.211152	0.105311	-0.0394572	-0.20296	-0.364667	-0.519654	-0.648149	
0.442454	0.424809	0.408074	0.392017	0.386617	0.386212	0.388169	0.401314	0.418196	0.435617	0.451127	0.470108	0.487239	0.497035	0.500717	0.486133	0.452976	0.403874	0.328075	0.210893	0.0483788	-0.127752	-0.299231	-0.461115	-0.594879	
0.40065	0.358139	0.324805	0.299566	0.288533	0.28694	0.293315	0.313409	0.343567	0.383708	0.423614	0.461951	0.50174	0.542305	0.57056	0.569592	0.545263	0.503669	0.429111	0.303718	0.133111	-0.0550819	-0.238336	-0.410718	-0.552357	
0.362308	0.309043	0.265706	0.238835	0.225229	0.222672	0.232365	0.252954	0.290094	0.340942	0.394595	0.445112	0.499906	0.562415	0.609321	0.624276	0.61523	0.582856	0.511487	0.383785	0.214513	0.0215692	-0.173828	-0.35613	-0.506393	
0.313751	0.257212	0.209466	0.183404	0.167202	0.164438	0.176292	0.196063	0.236739	0.289867	0.351983	0.414224	0.482187	0.559826	0.624422	0.660845	0.67487	0.656965	0.591257	0.473471	0.310812	0.121743	-0.0839837	-0.278487	-0.436728	
0.246612	0.187284	0.142295	0.112944	0.0954897	0.0928148	0.104648	0.128388	0.167703	0.220673	0.289102	0.363834	0.445986	0.535122	0.617443	0.684305	0.726368	0.730046	0.681851	0.581584	0.437088	0.256879	0.0462082	-0.15852	-0.326826	
0.169425	0.105898	0.0666349	0.0318807	0.0132966	0.0107996	0.0218418	0.0522564	0.0878409	0.141386	0.214473	0.301135	0.397675	0.493209	0.594787	0.690259	0.757678	0.787636	0.760264	0.685168	0.565175	0.398146	0.199508	-0.00688836	-0.176316	
0.0978204	0.0381937	-0.00122359	-0.0349903	-0.0550812	-0.0591842	-0.0448303	-0.0154598	0.0208535	0.0709532	0.144855	0.239252	0.338972	0.440059	0.552148	0.665283	0.752099	0.802452	0.801332	0.753966	0.661192	0.519209	0.346167	0.157578	0.000428939	
0.0448636	-0.00570713	-0.0429848	-0.0695354	-0.0884346	-0.0923842	-0.0778959	-0.0551913	-0.0209685	0.0214135	0.0887481	0.178916	0.272364	0.375813	0.49142	0.610176	0.711211	0.77812	0.806015	0.787001	0.719875	0.611351	0.469329	0.314836	0.180821	
0.0157779	-0.0321975	-0.0647054	-0.0878744	-0.102169	-0.103834	-0.0953154	-0.0743369	-0.0467881	-0.0053664	0.0533835	0.131272	0.220054	0.321472	0.438211	0.552014	0.659029	0.738782	0.790117	0.794193	0.749345	0.672602	0.562434	0.448477	0.341369	
-2.25361e-06	-0.0487216	-0.0783384	-0.0996195	-0.108233	-0.10847	-0.105272	-0.0870664	-0.0633054	-0.0202251	0.031983	0.0976761	0.184309	0.286261	0.403121	0.511546	0.61834	0.711613	0.776403	0.797745	0.770356	0.712679	0.633044	0.548533	0.465343	
-0.0104344	-0.0564406	-0.0905614	-0.107771	-0.113708	-0.114831	-0.110702	-0.100015	-0.0714352	-0.0302686	0.0208049	0.0800091	0.163264	0.272469	0.385114	0.494479	0.598947	0.702119	0.774832	0.804218	0.788024	0.736926	0.676739	0.606351	0.536909	
-0.0123223	-0.0579593	-0.0930701	-0.109184	-0.114935	-0.116112	-0.111629	-0.102916	-0.0726387	-0.0325728	0.0189958	0.076821	0.159519	0.270822	0.382017	0.492522	0.595817	0.701337	0.775398	0.805545	0.791993	0.741412	0.684792	0.616883	0.549363	
-0.00475918	-0.052612	-0.0839523	-0.103534	-0.11087	-0.111328	-0.108144	-0.0927981	-0.0673073	-0.0248739	0.0267635	0.0889606	0.174112	0.279077	0.393908	0.502314	0.608082	0.706048	0.775003	0.800121	0.778237	0.724685	0.654087	0.577049	0.500386	
0.00843436	-0.0399623	-0.0700534	-0.0927045	-0.104055	-0.105488	-0.0992537	-0.0791157	-0.0544347	-0.0119112	0.0429556	0.116042	0.203504	0.304572	0.421998	0.532719	0.640396	0.725601	0.783256	0.794683	0.757611	0.690076	0.593421	0.492769	0.396388	
0.0308521	-0.0177666	-0.053667	-0.0782134	-0.0958973	-0.0991698	-0.0862792	-0.0646773	-0.0327397	0.00849631	0.0725374	0.158482	0.249312	0.35226	0.468369	0.585745	0.690363	0.762469	0.801199	0.792169	0.734193	0.639602	0.510039	0.371759	0.247981	
0.0739253	0.0175373	-0.0208778	-0.0517793	-0.0723236	-0.0759981	-0.0615605	-0.0343688	0.00128938	0.0478191	0.120415	0.213836	0.312218	0.414312	0.528671	0.645866	0.738674	0.796308	0.806816	0.771124	0.688869	0.559912	0.398905	0.223097	0.0739091	
0.139116	0.076251	0.0369355	0.00175571	-0.0178164	-0.0207903	-0.00854416	0.0225617	0.0582422	0.111181	0.185449	0.276338	0.375745	0.473375	0.580788	0.684675	0.760654	0.799519	0.781533	0.718174	0.608216	0.449512	0.260179	0.0579041	-0.107678	
0.215994	0.154604	0.112513	0.080211	0.0630369	0.0601761	0.071558	0.09821	0.135622	0.18934	0.259471	0.339421	0.427865	0.519902	0.610351	0.689656	0.742289	0.756689	0.716389	0.625624	0.490995	0.314492	0.10704	-0.100427	-0.270299	
0.288888	0.231949	0.183815	0.157304	0.140571	0.137683	0.149984	0.170253	0.211527	0.26447	0.329122	0.396557	0.469467	0.552808	0.623908	0.671599	0.697233	0.686345	0.62708	0.51507	0.358202	0.172931	-0.0373639	-0.235727	-0.398215	
0.34533	0.28963	0.244252	0.217665	0.203157	0.20077	0.21076	0.231283	0.269862	0.32252	0.379808	0.434525	0.495063	0.564074	0.618156	0.640463	0.639764	0.612333	0.542389	0.416601	0.249553	0.0573358	-0.142661	-0.329309	-0.482539	
0.385928	0.337447	0.299084	0.272897	0.26022	0.258473	0.266118	0.287136	0.32082	0.366469	0.413036	0.456369	0.502982	0.553072	0.589224	0.594156	0.574848	0.537611	0.463658	0.336621	0.166046	-0.0256071	-0.213056	-0.390677	-0.535862	
0.424349	0.395078	0.371012	0.349893	0.341912	0.340651	0.344877	0.36179	0.384893	0.412784	0.439837	0.467992	0.495479	0.518949	0.532795	0.523856	0.493128	0.44643	0.370705	0.249134	0.0821654	-0.0989743	-0.274798	-0.440455	-0.576346	
0.471586	0.476104	0.474366	0.468742	0.469249	0.46953	0.468067	0.472315	0.476372	0.474068	0.468168	0.469841	0.467886	0.455295	0.442674	0.420344	0.385832	0.335018	0.259678	0.150449	-0.00308854	-0.170666	-0.337163	-0.494646	-0.626177	
0.525404	0.568349	0.598683	0.614293	0.628589	0.631749	0.620213	0.605672	0.582962	0.542831	0.499778	0.463924	0.427318	0.380485	0.337671	0.306414	0.265767	0.212327	0.137456	0.0339812	-0.0986586	-0.253841	-0.411071	-0.559976	-0.681718	
0.567715	0.646915	0.706131	0.74851	0.776304	0.782022	0.761977	0.724139	0.674319	0.599509	0.52187	0.449366	0.378318	0.306166	0.244605	0.203225	0.159821	0.105054	0.0289845	-0.0681137	-0.188168	-0.329586	-0.482359	-0.624495	-0.732767	
0.577318	0.681828	0.766666	0.832426	0.87268	0.879561	0.852704	0.79482	0.718852	0.619663	0.51614	0.414628	0.31669	0.232441	0.167016	0.120377	0.0772652	0.0257198	-0.043497	-0.132602	-0.240813	-0.369979	-0.516968	-0.6551	-0.753024	
0.540845	0.655396	0.756024	0.836979	0.883316	0.890753	0.860633	0.790904	0.69786	0.587051	0.472267	0.356246	0.245771	0.161921	0.104278	0.0589782	0.0165914	-0.0270846	-0.0840453	-0.16249	-0.258357	-0.377662	-0.514417	-0.644721	-0.736377	
0.452779	0.561358	0.665686	0.74608	0.792086	0.799636	0.769136	0.701118	0.604816	0.496154	0.386335	0.273096	0.168496	0.0952696	0.0492974	0.0117344	-0.0263737	-0.0601815	-0.101609	-0.165284	-0.250583	-0.356482	-0.480003	-0.600485	-0.682093	
0.319973	0.411003	0.497827	0.562801	0.599989	0.605693	0.581232	0.52739	0.446882	0.357381	0.263741	0.172262	0.0894531	0.0294603	-0.00461634	-0.0352932	-0.0608074	-0.0802199	-0.105001	-0.148508	-0.219982	-0.310972	-0.421308	-0.533454	-0.615391	
0.149808	0.216212	0.272741	0.312711	0.337018	0.340965	0.324487	0.290379	0.240624	0.176905	0.109434	0.0496859	-0.000260961	-0.0382316	-0.064366	-0.079388	-0.0858862	-0.0857759	-0.0944268	-0.124719	-0.181734	-0.262082	-0.36015	-0.466551	-0.547393	
-0.0442687	-0.0140414	0.00229813	0.00908942	0.0183643	0.0206833	0.0129391	0.00515437	-0.00535082	-0.0311354	-0.0628083	-0.0834489	-0.0918098	-0.103358	-0.114299	-0.109504	-0.0912664	-0.0678422	-0.0623986	-0.0834599	-0.131179	-0.202515	-0.294656	-0.3969	-0.479449	
