0.363203	0.481587	0.593929	0.690501	0.748223	0.757902	0.719079	0.635841	0.527349	0.41122	0.288735	0.151536	2.23724e-05	-0.149043	-0.271446	-0.37087	-0.459446	-0.534773	-0.592046	-0.614329	-0.602386	-0.577437	-0.561279	-0.568535	-0.609246	
0.351508	0.505513	0.649333	0.780949	0.86219	0.87505	0.821743	0.704864	0.564269	0.413602	0.259762	0.101117	-0.0716849	-0.23188	-0.367057	-0.472049	-0.552021	-0.619195	-0.664163	-0.672992	-0.650858	-0.620619	-0.606975	-0.629535	-0.678209	
0.33384	0.510298	0.680659	0.832955	0.931722	0.949601	0.880812	0.745015	0.57973	0.404357	0.227621	0.0458643	-0.1421	-0.315545	-0.4632	-0.571589	-0.642189	-0.69043	-0.715792	-0.712191	-0.684088	-0.655995	-0.654326	-0.688459	-0.742339	
0.287452	0.475248	0.654909	0.817529	0.923903	0.943276	0.868827	0.723649	0.548199	0.363313	0.171386	-0.0226055	-0.216451	-0.3946	-0.543658	-0.647732	-0.701904	-0.724215	-0.726567	-0.714071	-0.689044	-0.669871	-0.681281	-0.726684	-0.781692	
0.207505	0.386888	0.55546	0.704266	0.805235	0.823744	0.752276	0.618751	0.455388	0.281131	0.0932775	-0.0986665	-0.28653	-0.457108	-0.596646	-0.691075	-0.724725	-0.720915	-0.70507	-0.687345	-0.670568	-0.664393	-0.683565	-0.732559	-0.7901	
0.0920321	0.247199	0.387972	0.50631	0.58756	0.603994	0.543873	0.438723	0.30524	0.156448	-0.0123292	-0.192781	-0.361699	-0.513422	-0.632165	-0.704153	-0.715461	-0.686455	-0.654782	-0.63876	-0.635977	-0.643156	-0.670283	-0.716376	-0.767357	
-0.0598003	0.0688041	0.173473	0.25572	0.31078	0.322812	0.28101	0.209368	0.114259	-0.00591367	-0.148326	-0.308832	-0.449738	-0.567449	-0.655341	-0.693843	-0.683173	-0.634458	-0.593987	-0.581622	-0.589841	-0.60862	-0.635485	-0.674159	-0.714591	
-0.220066	-0.124285	-0.0691032	-0.0281666	-0.00601269	-0.00362532	-0.0165723	-0.0519043	-0.098455	-0.177417	-0.28975	-0.412423	-0.521422	-0.602711	-0.655305	-0.668859	-0.641976	-0.583187	-0.539	-0.528867	-0.540443	-0.567075	-0.593001	-0.620628	-0.643451	
-0.375916	-0.323202	-0.311828	-0.314562	-0.323661	-0.32678	-0.317394	-0.312641	-0.313975	-0.350338	-0.4206	-0.496862	-0.562442	-0.600586	-0.619213	-0.613811	-0.577525	-0.525189	-0.489061	-0.482182	-0.502021	-0.533365	-0.552988	-0.566828	-0.562678	
-0.513249	-0.507563	-0.530021	-0.572109	-0.604043	-0.60952	-0.587476	-0.546235	-0.512538	-0.507835	-0.527642	-0.553197	-0.564339	-0.559736	-0.547639	-0.524551	-0.486912	-0.445446	-0.424624	-0.429477	-0.460265	-0.497401	-0.512207	-0.507891	-0.469526	
-0.616823	-0.656199	-0.712003	-0.777965	-0.825153	-0.832989	-0.801024	-0.738419	-0.676066	-0.63162	-0.597675	-0.56565	-0.519012	-0.472446	-0.436869	-0.396816	-0.361584	-0.333867	-0.328204	-0.353985	-0.396594	-0.439751	-0.456897	-0.440371	-0.380862	
-0.662063	-0.750034	-0.838349	-0.921805	-0.977473	-0.986165	-0.949084	-0.873475	-0.784802	-0.697743	-0.608461	-0.512909	-0.412858	-0.331941	-0.275334	-0.230739	-0.199765	-0.188713	-0.212192	-0.266877	-0.326085	-0.37833	-0.397524	-0.367648	-0.305311	
-0.636403	-0.768683	-0.885275	-0.976937	-1.0327	-1.0422	-1.00428	-0.925414	-0.817643	-0.691046	-0.551043	-0.398614	-0.252217	-0.145243	-0.0758568	-0.0351218	-0.0170978	-0.0314906	-0.0951816	-0.181428	-0.262805	-0.319673	-0.334182	-0.305867	-0.248428	
-0.537163	-0.698563	-0.830587	-0.924702	-0.972777	-0.981353	-0.949027	-0.873704	-0.75551	-0.604946	-0.427628	-0.238754	-0.0646997	0.0623576	0.135489	0.170904	0.17362	0.129001	0.0258803	-0.0951433	-0.201469	-0.265028	-0.2807	-0.263579	-0.215732	
-0.365445	-0.541499	-0.683782	-0.773464	-0.815281	-0.823019	-0.794487	-0.726757	-0.603331	-0.439481	-0.24489	-0.0400234	0.143951	0.278221	0.345923	0.37101	0.349144	0.273787	0.143692	-0.00893147	-0.130308	-0.204606	-0.233963	-0.235466	-0.206965	
-0.143332	-0.324826	-0.464276	-0.553101	-0.591558	-0.595317	-0.574261	-0.507032	-0.385461	-0.22031	-0.0240935	0.17598	0.357837	0.488752	0.548729	0.554623	0.505414	0.401454	0.249039	0.0785025	-0.0568443	-0.145867	-0.190978	-0.206067	-0.197451	
0.0883449	-0.0803587	-0.212048	-0.296878	-0.333714	-0.33804	-0.317283	-0.252082	-0.138365	0.0181593	0.196026	0.379017	0.548879	0.6666	0.718272	0.702379	0.628918	0.509717	0.349654	0.179816	0.0349394	-0.0698728	-0.130202	-0.158291	-0.158094	
0.288461	0.146214	0.0300978	-0.050427	-0.0870237	-0.0928123	-0.069932	-0.00674954	0.0958443	0.230013	0.380721	0.537868	0.687593	0.793395	0.834332	0.806349	0.72516	0.606377	0.458498	0.302743	0.152448	0.035493	-0.039568	-0.0753018	-0.0748946	
0.431657	0.319968	0.219317	0.145199	0.105099	0.0968895	0.125606	0.18532	0.277465	0.385948	0.506239	0.638587	0.764531	0.85594	0.88567	0.856384	0.783414	0.684602	0.567749	0.434391	0.295168	0.172149	0.0879455	0.0522168	0.054805	
0.49946	0.413347	0.335996	0.268459	0.227037	0.220382	0.248142	0.30677	0.382229	0.463259	0.557239	0.662764	0.769096	0.845191	0.867889	0.849769	0.800428	0.734911	0.654911	0.552987	0.437832	0.326661	0.249952	0.223464	0.234031	
0.492476	0.430357	0.371962	0.313851	0.27395	0.267158	0.294756	0.347915	0.407353	0.466539	0.534584	0.617465	0.702037	0.759179	0.780583	0.77969	0.767424	0.74689	0.709026	0.648238	0.569213	0.484593	0.426208	0.411839	0.436145	
0.414818	0.377598	0.341441	0.298338	0.267389	0.261516	0.283563	0.324734	0.363484	0.399119	0.442068	0.499942	0.563433	0.606863	0.633491	0.659916	0.691987	0.719377	0.725553	0.709014	0.671769	0.627705	0.597163	0.601288	0.643383	
0.294662	0.280362	0.261738	0.236403	0.216343	0.211714	0.227448	0.251713	0.273687	0.288717	0.307835	0.342606	0.381785	0.414089	0.445719	0.49533	0.566771	0.63734	0.689744	0.720241	0.733226	0.738931	0.747549	0.779081	0.835138	
0.154493	0.158335	0.158002	0.148579	0.141228	0.139731	0.145168	0.155078	0.15939	0.156092	0.15446	0.16255	0.18133	0.203437	0.23816	0.305852	0.403652	0.511733	0.608833	0.687057	0.752601	0.810645	0.865262	0.927479	0.991067	
0.0074019	0.0335185	0.0527353	0.062502	0.0682127	0.0693022	0.0651055	0.0570052	0.0424579	0.0183063	-0.00817596	-0.0248591	-0.02618	-0.0112943	0.0275967	0.105772	0.223637	0.362468	0.501245	0.625629	0.737613	0.843697	0.945116	1.03813	1.10662	
-0.130601	-0.081487	-0.0401306	-0.0123074	0.00660033	0.00991498	-0.00355348	-0.0273528	-0.0636134	-0.11	-0.160453	-0.200566	-0.216524	-0.208959	-0.169718	-0.0878055	0.0387989	0.200689	0.37469	0.542361	0.699649	0.851747	0.996455	1.11692	1.18761	
-0.242818	-0.174485	-0.11732	-0.076285	-0.051142	-0.0469199	-0.064037	-0.0993213	-0.149761	-0.214523	-0.283847	-0.338858	-0.369171	-0.370842	-0.339414	-0.263568	-0.133816	0.0414459	0.24565	0.454091	0.653149	0.845453	1.02068	1.15673	1.22618	
-0.333872	-0.247063	-0.170931	-0.118282	-0.087052	-0.0819712	-0.103012	-0.146798	-0.21458	-0.298584	-0.383876	-0.451295	-0.489485	-0.50041	-0.477016	-0.405135	-0.275664	-0.0906241	0.13369	0.373636	0.610655	0.833411	1.02735	1.17323	1.24496	
-0.399598	-0.29652	-0.204297	-0.140091	-0.105506	-0.0997896	-0.122603	-0.1752	-0.257066	-0.35858	-0.456956	-0.530548	-0.574823	-0.592025	-0.575571	-0.507386	-0.376555	-0.188505	0.0478471	0.310776	0.575705	0.821718	1.02624	1.17661	1.25483	
-0.431479	-0.322224	-0.222915	-0.156471	-0.121119	-0.115601	-0.138517	-0.191698	-0.279972	-0.388149	-0.491016	-0.567689	-0.614517	-0.639192	-0.629771	-0.565653	-0.436862	-0.245806	-0.00305861	0.274633	0.559655	0.817202	1.02317	1.17202	1.25149	
-0.436403	-0.326165	-0.226671	-0.159139	-0.124824	-0.119365	-0.14154	-0.195701	-0.283693	-0.39297	-0.496517	-0.572543	-0.620651	-0.645778	-0.638103	-0.575366	-0.445957	-0.256082	-0.0115819	0.269261	0.55605	0.8164	1.02225	1.16907	1.24901	
-0.416422	-0.309685	-0.213097	-0.147525	-0.111731	-0.106163	-0.129533	-0.182599	-0.2686	-0.373826	-0.474969	-0.550579	-0.595769	-0.616545	-0.602771	-0.536416	-0.40687	-0.216704	0.0225077	0.29262	0.56771	0.8189	1.02489	1.17603	1.25562	
-0.363861	-0.269715	-0.186616	-0.128156	-0.0956349	-0.090203	-0.11203	-0.160414	-0.234123	-0.326079	-0.417491	-0.487655	-0.528764	-0.541644	-0.521051	-0.450816	-0.320478	-0.134478	0.0959452	0.346432	0.594822	0.827997	1.02733	1.17536	1.24992	
-0.281519	-0.206141	-0.141362	-0.0964052	-0.0684357	-0.0638931	-0.0830592	-0.121004	-0.178491	-0.250422	-0.326145	-0.387144	-0.420611	-0.426801	-0.398676	-0.324722	-0.196042	-0.015262	0.198249	0.420309	0.636525	0.841145	1.02455	1.1659	1.23516	
-0.17881	-0.121535	-0.0733302	-0.0390576	-0.0174158	-0.0133528	-0.0289437	-0.0584006	-0.100605	-0.155198	-0.213655	-0.260475	-0.282521	-0.277499	-0.240988	-0.160749	-0.0321019	0.134798	0.322056	0.506597	0.68014	0.850357	1.00919	1.13681	1.20756	
-0.0498023	-0.0142561	0.0138632	0.0309024	0.0426131	0.0445298	0.036272	0.0217548	-0.00187274	-0.0347384	-0.0714662	-0.098135	-0.105743	-0.094112	-0.0538635	0.0264306	0.149009	0.298825	0.452079	0.594246	0.724955	0.84974	0.969278	1.07402	1.14373	
0.0955595	0.108025	0.114944	0.113364	0.110919	0.110476	0.112213	0.114613	0.111932	0.100559	0.0890999	0.0874633	0.0977498	0.117212	0.153829	0.226445	0.333857	0.454506	0.568476	0.665566	0.749605	0.827714	0.901976	0.97572	1.04088	
0.240659	0.233372	0.222018	0.202542	0.187655	0.184148	0.195825	0.214901	0.229576	0.23774	0.248509	0.272429	0.303655	0.330693	0.363787	0.421471	0.503813	0.591341	0.661547	0.710511	0.746278	0.772472	0.799143	0.843582	0.902782	
0.370451	0.342484	0.314355	0.27837	0.251318	0.246587	0.265492	0.300372	0.331978	0.358148	0.392051	0.439844	0.494068	0.533602	0.561807	0.599177	0.648263	0.693155	0.718077	0.719649	0.700968	0.676507	0.660506	0.674655	0.723301	
0.469031	0.416827	0.366634	0.313927	0.276742	0.270103	0.29619	0.345411	0.397022	0.447247	0.504893	0.578103	0.654134	0.704657	0.728011	0.736778	0.742279	0.741595	0.721306	0.678381	0.615022	0.545069	0.49588	0.487886	0.519773	
0.505422	0.429143	0.359652	0.295564	0.254239	0.247572	0.275441	0.332302	0.401493	0.473386	0.556683	0.653154	0.750732	0.819671	0.841384	0.828638	0.793357	0.74418	0.680401	0.594585	0.491851	0.389777	0.319853	0.298118	0.313624	
0.468445	0.367313	0.275251	0.203651	0.162846	0.154693	0.183865	0.243091	0.329001	0.427032	0.535943	0.65761	0.775503	0.860377	0.886916	0.860694	0.794713	0.708589	0.606415	0.484214	0.354161	0.232807	0.149435	0.116679	0.12144	
0.353972	0.223415	0.113892	0.0353641	-0.00243104	-0.00860024	0.0155475	0.0780195	0.176548	0.300102	0.439604	0.585582	0.726171	0.827016	0.862856	0.833786	0.753752	0.640882	0.50378	0.355985	0.207511	0.0864379	0.00677455	-0.0305369	-0.0293587	
0.174288	0.0149711	-0.111849	-0.194336	-0.231018	-0.235914	-0.214419	-0.150386	-0.0407471	0.10848	0.275857	0.44915	0.611724	0.723873	0.771947	0.749157	0.670051	0.549545	0.391619	0.226807	0.0788641	-0.0312249	-0.09751	-0.129836	-0.130151	
-0.0494007	-0.228413	-0.36484	-0.452622	-0.48996	-0.493122	-0.473667	-0.406598	-0.288012	-0.12484	0.0661537	0.260182	0.438729	0.564966	0.622243	0.61886	0.559021	0.446948	0.288972	0.116629	-0.0236555	-0.118638	-0.169897	-0.18976	-0.186559	
-0.280215	-0.460286	-0.603134	-0.692104	-0.732398	-0.7386	-0.712957	-0.646069	-0.522295	-0.35629	-0.158896	0.0461627	0.230574	0.364731	0.42905	0.447446	0.414293	0.326827	0.187759	0.0252648	-0.101332	-0.181295	-0.217312	-0.224883	-0.205556	
-0.476678	-0.645182	-0.781995	-0.87464	-0.919712	-0.927852	-0.897321	-0.825142	-0.704153	-0.547542	-0.360976	-0.163336	0.0163026	0.148323	0.22011	0.252015	0.246459	0.189331	0.0740931	-0.0601949	-0.174613	-0.24161	-0.261228	-0.251442	-0.209725	
-0.605996	-0.751336	-0.875865	-0.968766	-1.02192	-1.03174	-0.99499	-0.917347	-0.804635	-0.666293	-0.509857	-0.339656	-0.179418	-0.0636936	0.00873158	0.0469285	0.0588567	0.0331742	-0.0475487	-0.147217	-0.238798	-0.297887	-0.310991	-0.286182	-0.231737	
-0.66062	-0.767794	-0.86801	-0.956357	-1.01324	-1.02217	-0.984153	-0.905485	-0.80826	-0.704269	-0.593668	-0.473783	-0.353513	-0.261385	-0.198364	-0.155006	-0.128096	-0.126178	-0.164956	-0.231928	-0.300341	-0.354866	-0.372673	-0.341646	-0.280405	
-0.643	-0.701517	-0.77027	-0.843915	-0.895847	-0.903858	-0.869484	-0.800372	-0.727196	-0.666454	-0.609816	-0.553037	-0.483764	-0.422473	-0.378446	-0.334683	-0.301442	-0.278978	-0.283159	-0.319617	-0.367474	-0.414749	-0.432778	-0.410787	-0.348657	
