0.389269	0.482329	0.607967	0.742125	0.85983	0.929318	0.912359	0.815024	0.648602	0.441601	0.222322	-0.00566285	-0.226607	-0.414698	-0.536454	-0.586199	-0.579244	-0.519641	-0.427231	-0.325661	-0.235105	-0.180091	-0.162746	-0.172836	-0.19501	
0.482329	0.560409	0.668303	0.790745	0.910034	0.983719	0.97835	0.898772	0.743232	0.538771	0.314624	0.0801162	-0.150308	-0.352361	-0.494943	-0.572906	-0.58636	-0.539018	-0.459129	-0.361408	-0.26193	-0.193834	-0.167538	-0.173272	-0.191632	
0.607967	0.668303	0.758459	0.872255	0.986923	1.06169	1.07497	1.0104	0.85753	0.654412	0.428407	0.18944	-0.0499993	-0.269735	-0.440681	-0.547387	-0.57921	-0.550828	-0.490153	-0.39746	-0.29091	-0.212309	-0.177	-0.175149	-0.186186	
0.742125	0.790745	0.872255	0.976855	1.0871	1.17169	1.19854	1.1413	0.999039	0.80463	0.5756	0.32619	0.0729809	-0.163235	-0.360385	-0.498527	-0.557222	-0.554082	-0.512763	-0.428768	-0.3228	-0.236579	-0.190321	-0.177927	-0.17985	
0.85983	0.910034	0.986923	1.0871	1.2022	1.29121	1.33135	1.296	1.17417	0.987736	0.751563	0.493017	0.232971	-0.0203457	-0.250996	-0.422752	-0.5104	-0.538708	-0.522755	-0.453622	-0.353888	-0.263435	-0.207065	-0.182413	-0.173898	
0.929318	0.983719	1.06169	1.17169	1.29121	1.39587	1.4698	1.46107	1.36254	1.18853	0.95557	0.699206	0.430283	0.155553	-0.102047	-0.304721	-0.432758	-0.50135	-0.511343	-0.462068	-0.378881	-0.291586	-0.225943	-0.187222	-0.169118	
0.912359	0.97835	1.07497	1.19854	1.33135	1.4698	1.57166	1.59291	1.53514	1.39194	1.1799	0.929331	0.655337	0.370841	0.0909013	-0.146657	-0.317934	-0.426071	-0.467001	-0.449592	-0.392746	-0.313899	-0.241564	-0.191188	-0.166916	
0.815024	0.898772	1.0104	1.1413	1.296	1.46107	1.59291	1.66868	1.66992	1.571	1.38844	1.15682	0.895305	0.609121	0.317402	0.0569577	-0.156936	-0.309393	-0.386547	-0.406563	-0.382553	-0.32114	-0.249571	-0.192576	-0.165936	
0.648602	0.743232	0.85753	0.999039	1.17417	1.36254	1.53514	1.66992	1.7262	1.67543	1.54389	1.35618	1.11936	0.848659	0.566442	0.288687	0.0366956	-0.149111	-0.260892	-0.324577	-0.340516	-0.304937	-0.24212	-0.186167	-0.162433	
0.441601	0.538771	0.654412	0.80463	0.987736	1.18853	1.39194	1.571	1.67543	1.69216	1.6335	1.49384	1.29218	1.05715	0.797218	0.519885	0.256592	0.0489816	-0.100429	-0.206242	-0.259345	-0.254347	-0.210786	-0.166832	-0.150472	
0.222322	0.314624	0.428407	0.5756	0.751563	0.95557	1.1799	1.38844	1.54389	1.6335	1.63257	1.53785	1.38801	1.20314	0.982155	0.727949	0.470909	0.252361	0.0780603	-0.0560532	-0.139191	-0.166749	-0.151914	-0.128869	-0.120783	
-0.00566285	0.0801162	0.18944	0.32619	0.493017	0.699206	0.929331	1.15682	1.35618	1.49384	1.53785	1.50095	1.41187	1.27666	1.09433	0.873143	0.645723	0.437314	0.251437	0.103621	0.00500427	-0.0495602	-0.0673579	-0.0674878	-0.0649599	
-0.226607	-0.150308	-0.0499993	0.0729809	0.232971	0.430283	0.655337	0.895305	1.11936	1.29218	1.38801	1.41187	1.37033	1.26812	1.12323	0.953281	0.768284	0.570858	0.386134	0.248097	0.150016	0.0763592	0.0323504	0.0166707	0.0184069	
-0.414698	-0.352361	-0.269735	-0.163235	-0.0203457	0.155553	0.370841	0.609121	0.848659	1.05715	1.20314	1.27666	1.26812	1.19914	1.10135	0.977092	0.818605	0.636933	0.47464	0.355759	0.261653	0.183076	0.131106	0.112729	0.119088	
-0.536454	-0.494943	-0.440681	-0.360385	-0.250996	-0.102047	0.0909013	0.317402	0.566442	0.797218	0.982155	1.09433	1.12323	1.10135	1.04221	0.944013	0.810414	0.656369	0.51682	0.407168	0.319226	0.251139	0.207836	0.199356	0.217023	
-0.586199	-0.572906	-0.547387	-0.498527	-0.422752	-0.304721	-0.146657	0.0569577	0.288687	0.519885	0.727949	0.873143	0.953281	0.977092	0.944013	0.872181	0.767563	0.641217	0.519067	0.41074	0.325251	0.270559	0.245833	0.256121	0.288093	
-0.579244	-0.58636	-0.57921	-0.557222	-0.5104	-0.432758	-0.317934	-0.156936	0.0366956	0.256592	0.470909	0.645723	0.768284	0.818605	0.810414	0.767563	0.694479	0.604101	0.497159	0.38078	0.293123	0.251324	0.245838	0.270722	0.313353	
-0.519641	-0.539018	-0.550828	-0.554082	-0.538708	-0.50135	-0.426071	-0.309393	-0.149111	0.0489816	0.252361	0.437314	0.570858	0.636933	0.656369	0.641217	0.604101	0.543668	0.441981	0.328102	0.249966	0.215623	0.216419	0.244	0.294605	
-0.427231	-0.459129	-0.490153	-0.512763	-0.522755	-0.511343	-0.467001	-0.386547	-0.260892	-0.100429	0.0780603	0.251437	0.386134	0.47464	0.51682	0.519067	0.497159	0.441981	0.356343	0.27291	0.207904	0.170003	0.168463	0.194986	0.256491	
-0.325661	-0.361408	-0.39746	-0.428768	-0.453622	-0.462068	-0.449592	-0.406563	-0.324577	-0.206242	-0.0560532	0.103621	0.248097	0.355759	0.407168	0.41074	0.38078	0.328102	0.27291	0.21589	0.154707	0.116197	0.115065	0.146506	0.229142	
-0.235105	-0.26193	-0.29091	-0.3228	-0.353888	-0.378881	-0.392746	-0.382553	-0.340516	-0.259345	-0.139191	0.00500427	0.150016	0.261653	0.319226	0.325251	0.293123	0.249966	0.207904	0.154707	0.0984635	0.0635195	0.0628334	0.113615	0.231464	
-0.180091	-0.193834	-0.212309	-0.236579	-0.263435	-0.291586	-0.313899	-0.32114	-0.304937	-0.254347	-0.166749	-0.0495602	0.0763592	0.183076	0.251139	0.270559	0.251324	0.215623	0.170003	0.116197	0.0635195	0.0241241	0.0287707	0.11104	0.26019	
-0.162746	-0.167538	-0.177	-0.190321	-0.207065	-0.225943	-0.241564	-0.249571	-0.24212	-0.210786	-0.151914	-0.0673579	0.0323504	0.131106	0.207836	0.245833	0.245838	0.216419	0.168463	0.115065	0.0628334	0.0287707	0.0513052	0.14858	0.295262	
-0.172836	-0.173272	-0.175149	-0.177927	-0.182413	-0.187222	-0.191188	-0.192576	-0.186167	-0.166832	-0.128869	-0.0674878	0.0166707	0.112729	0.199356	0.256121	0.270722	0.244	0.194986	0.146506	0.113615	0.11104	0.14858	0.223159	0.326602	
-0.19501	-0.191632	-0.186186	-0.17985	-0.173898	-0.169118	-0.166916	-0.165936	-0.162433	-0.150472	-0.120783	-0.0649599	0.0184069	0.119088	0.217023	0.288093	0.313353	0.294605	0.256491	0.229142	0.231464	0.26019	0.295262	0.326602	0.359333	
-0.198935	-0.197713	-0.194429	-0.190205	-0.185728	-0.182098	-0.179502	-0.176025	-0.168468	-0.151012	-0.116232	-0.058713	0.0220806	0.120049	0.22151	0.306612	0.359165	0.378326	0.379211	0.384341	0.407754	0.440255	0.457286	0.440657	0.385726	
-0.178518	-0.187783	-0.197192	-0.205703	-0.211955	-0.214655	-0.21193	-0.202254	-0.18433	-0.156343	-0.116608	-0.0632616	0.00628309	0.0936359	0.195809	0.303925	0.406053	0.490863	0.552776	0.595447	0.624663	0.636356	0.612774	0.531061	0.384543	
-0.160986	-0.17459	-0.189365	-0.203583	-0.215336	-0.222494	-0.223161	-0.216327	-0.201396	-0.178028	-0.145467	-0.100831	-0.0387184	0.0468969	0.159809	0.298683	0.453696	0.606097	0.734337	0.821386	0.856654	0.832765	0.741527	0.578424	0.357016	
-0.158968	-0.165286	-0.172535	-0.18053	-0.188977	-0.197316	-0.204894	-0.210633	-0.2127	-0.208334	-0.193052	-0.16026	-0.101886	-0.00962706	0.122848	0.295841	0.498903	0.709112	0.893869	1.01773	1.05262	0.986991	0.828339	0.599541	0.330625	
-0.16255	-0.161531	-0.160952	-0.161834	-0.165257	-0.172166	-0.183031	-0.197168	-0.212312	-0.22407	-0.225283	-0.206183	-0.155104	-0.0598531	0.0887166	0.290928	0.53305	0.785125	1.00361	1.14154	1.16511	1.06806	0.87253	0.613838	0.321126	
-0.163789	-0.161449	-0.159358	-0.158711	-0.16091	-0.167235	-0.178376	-0.193863	-0.21137	-0.226149	-0.230687	-0.214616	-0.165385	-0.0700649	0.0811002	0.289004	0.539556	0.80043	1.02465	1.16326	1.18315	1.08049	0.879864	0.617263	0.32036	
-0.160728	-0.163438	-0.166851	-0.171366	-0.177433	-0.185346	-0.194861	-0.205063	-0.213783	-0.21706	-0.209094	-0.181966	-0.125996	-0.0316628	0.107908	0.293431	0.514269	0.744728	0.946367	1.07781	1.10839	1.02845	0.851346	0.60626	0.324701	
-0.158283	-0.169967	-0.18291	-0.195884	-0.20724	-0.215368	-0.218733	-0.216147	-0.206963	-0.190194	-0.16372	-0.123611	-0.0633496	0.0246843	0.145501	0.298039	0.472329	0.648764	0.801677	0.905845	0.94267	0.902271	0.781889	0.588398	0.344382	
-0.169673	-0.182293	-0.195546	-0.208037	-0.217746	-0.222524	-0.22061	-0.21042	-0.191175	-0.16274	-0.124233	-0.073796	-0.00835092	0.0762475	0.181446	0.301921	0.425613	0.537506	0.625973	0.686535	0.718377	0.716956	0.668359	0.554524	0.375142	
-0.192734	-0.195288	-0.19647	-0.19654	-0.195962	-0.194517	-0.191772	-0.186246	-0.174553	-0.1525	-0.115234	-0.058147	0.0195398	0.113396	0.213937	0.306737	0.377768	0.421479	0.444929	0.464343	0.490763	0.516757	0.520793	0.481361	0.389529	
-0.199949	-0.196033	-0.190039	-0.182649	-0.175646	-0.170474	-0.167464	-0.166035	-0.16245	-0.149506	-0.118999	-0.0631696	0.020346	0.122138	0.222584	0.298085	0.331311	0.32407	0.298153	0.282712	0.295963	0.329649	0.359175	0.372533	0.372249	
-0.181873	-0.180413	-0.179097	-0.178017	-0.177235	-0.177573	-0.178268	-0.177468	-0.172369	-0.156772	-0.123087	-0.0661148	0.0154839	0.112812	0.20497	0.268441	0.286652	0.261133	0.214006	0.171625	0.152649	0.165112	0.203586	0.261388	0.339297	
-0.164116	-0.167316	-0.173279	-0.182818	-0.194571	-0.207253	-0.218733	-0.223871	-0.216746	-0.191643	-0.14229	-0.0680274	0.0237088	0.119719	0.19966	0.245819	0.252683	0.224508	0.176021	0.123426	0.075666	0.052064	0.0824321	0.174334	0.307588	
-0.16874	-0.178725	-0.193014	-0.212595	-0.236686	-0.261546	-0.282539	-0.292533	-0.280913	-0.239461	-0.165046	-0.0611055	0.0548868	0.159143	0.230733	0.256824	0.24514	0.211887	0.165023	0.111909	0.0586188	0.0180966	0.0290982	0.12153	0.274432	
-0.208155	-0.229164	-0.254745	-0.283418	-0.314415	-0.343265	-0.362061	-0.361836	-0.332493	-0.263628	-0.156154	-0.021578	0.117227	0.227601	0.289658	0.29979	0.271349	0.231708	0.18864	0.134961	0.0811684	0.0447645	0.0447847	0.108432	0.241187	
-0.287218	-0.319777	-0.354606	-0.387478	-0.414831	-0.431682	-0.43083	-0.401462	-0.337434	-0.234806	-0.0961277	0.0587502	0.205831	0.315882	0.369217	0.373017	0.340421	0.291735	0.244895	0.190659	0.1308	0.0943678	0.0935382	0.130842	0.226509	
-0.386692	-0.422125	-0.456268	-0.484781	-0.501398	-0.49774	-0.466627	-0.400065	-0.290867	-0.147451	0.0192894	0.185984	0.324716	0.422657	0.469474	0.473784	0.449956	0.394672	0.321546	0.251169	0.18802	0.148905	0.147391	0.17468	0.24291	
-0.484768	-0.51012	-0.529776	-0.54149	-0.538186	-0.512258	-0.450348	-0.349177	-0.201972	-0.0172211	0.178401	0.35992	0.492648	0.567475	0.597394	0.59108	0.563944	0.507487	0.409282	0.305574	0.233777	0.198922	0.198909	0.225663	0.279769	
-0.561125	-0.573085	-0.573575	-0.561396	-0.527069	-0.466702	-0.368593	-0.226127	-0.0468607	0.164844	0.376866	0.560027	0.690324	0.746885	0.749824	0.718212	0.660006	0.584211	0.479584	0.360811	0.275638	0.238656	0.237596	0.264369	0.30992	
-0.58999	-0.58628	-0.568776	-0.531724	-0.467654	-0.36462	-0.223707	-0.0352911	0.18315	0.411287	0.622952	0.780586	0.880892	0.917783	0.894489	0.834362	0.741367	0.628324	0.513399	0.402453	0.315408	0.266053	0.250162	0.267605	0.304242	
-0.563718	-0.534035	-0.492152	-0.423924	-0.329359	-0.191602	-0.0109213	0.207801	0.453328	0.687053	0.884236	1.00982	1.05751	1.05519	1.00721	0.918953	0.797165	0.653869	0.521311	0.413653	0.327772	0.264668	0.227661	0.22634	0.250124	
-0.472861	-0.416795	-0.345504	-0.24772	-0.116734	0.0481876	0.256889	0.491617	0.736757	0.95572	1.11824	1.20925	1.21442	1.16291	1.08267	0.969869	0.82038	0.649299	0.49694	0.383114	0.291836	0.216281	0.165563	0.149191	0.159524	
-0.308359	-0.2366	-0.141536	-0.0249792	0.130797	0.320381	0.542216	0.78285	1.01372	1.2023	1.31826	1.36272	1.3356	1.24532	1.11918	0.970416	0.79754	0.604538	0.426849	0.296762	0.200388	0.123024	0.0733957	0.0544912	0.0569288	
-0.0953954	-0.0137543	0.0927985	0.224247	0.388471	0.592896	0.822059	1.05589	1.26601	1.41803	1.483	1.47111	1.40326	1.28282	1.11427	0.911948	0.702382	0.499104	0.311241	0.164355	0.0645034	0.00111694	-0.0284632	-0.0360058	-0.0347356	
0.131573	0.222132	0.334006	0.477288	0.649383	0.854224	1.08237	1.3001	1.47564	1.58714	1.60376	1.5308	1.40579	1.24232	1.03786	0.79483	0.545713	0.329712	0.150438	0.00881577	-0.083138	-0.123035	-0.121389	-0.107243	-0.101438	
