-0.0922559	-0.235747	-0.416955	-0.594243	-0.733633	-0.810988	-0.827651	-0.789644	-0.718027	-0.629742	-0.523078	-0.396663	-0.278283	-0.187883	-0.11965	-0.0447458	0.030786	0.0971793	0.149507	0.186861	0.205063	0.199346	0.166643	0.097257	-0.0165498	
-0.139232	-0.31538	-0.528669	-0.731056	-0.886867	-0.969633	-0.977797	-0.926845	-0.83693	-0.72956	-0.608692	-0.470675	-0.333045	-0.228231	-0.148654	-0.072665	7.40457e-05	0.0594133	0.103408	0.136366	0.156063	0.165016	0.151143	0.0981547	0.0132534	
-0.165179	-0.36499	-0.595728	-0.817607	-0.990865	-1.08337	-1.09716	-1.04259	-0.941146	-0.81879	-0.677398	-0.521755	-0.376358	-0.256927	-0.163429	-0.0867645	-0.0287925	0.00869557	0.0379622	0.0637749	0.0812764	0.0969159	0.100455	0.066715	0.011368	
-0.174616	-0.389346	-0.626557	-0.853295	-1.03546	-1.1447	-1.16988	-1.1201	-1.01448	-0.878836	-0.72022	-0.547894	-0.391087	-0.26457	-0.166932	-0.0923235	-0.0519327	-0.0442209	-0.0356742	-0.0206244	-0.000925264	0.021573	0.0327285	0.0165443	-0.0129713	
-0.177618	-0.396371	-0.625606	-0.84366	-1.02164	-1.13971	-1.1739	-1.13135	-1.03347	-0.890374	-0.720232	-0.542592	-0.380218	-0.256562	-0.165446	-0.108065	-0.0846618	-0.0916767	-0.0999414	-0.0946754	-0.0732921	-0.0467943	-0.0302453	-0.0314247	-0.0469991	
-0.175539	-0.384552	-0.593499	-0.784157	-0.942373	-1.05317	-1.09213	-1.0651	-0.980062	-0.838527	-0.669361	-0.494828	-0.343908	-0.229762	-0.155358	-0.121927	-0.1198	-0.132417	-0.14661	-0.146541	-0.132349	-0.112509	-0.0894635	-0.0811469	-0.0857717	
-0.160132	-0.350147	-0.528171	-0.681902	-0.809654	-0.900536	-0.934262	-0.916876	-0.844892	-0.718096	-0.557248	-0.395184	-0.26411	-0.178145	-0.127213	-0.116368	-0.133529	-0.156959	-0.176509	-0.179277	-0.173661	-0.168825	-0.15798	-0.148912	-0.154136	
-0.125897	-0.28845	-0.431433	-0.551736	-0.645193	-0.703434	-0.723413	-0.706277	-0.648606	-0.545456	-0.401399	-0.259877	-0.156	-0.0999875	-0.0839145	-0.0963478	-0.129168	-0.166312	-0.190028	-0.199026	-0.201639	-0.208775	-0.22123	-0.230912	-0.243275	
-0.0661295	-0.197558	-0.310871	-0.397678	-0.453985	-0.483593	-0.486786	-0.470008	-0.424857	-0.347472	-0.234386	-0.121459	-0.0421888	-0.0122851	-0.0215443	-0.0553893	-0.106574	-0.150928	-0.176297	-0.193806	-0.20947	-0.231004	-0.267905	-0.300539	-0.331325	
0.0196048	-0.0838732	-0.166507	-0.222286	-0.251241	-0.262544	-0.259761	-0.248029	-0.219709	-0.17071	-0.0940194	-0.0103081	0.045258	0.0589651	0.0464049	0.00877077	-0.0518891	-0.103224	-0.134866	-0.159936	-0.190543	-0.236004	-0.295532	-0.349728	-0.393718	
0.109425	0.0393543	-0.0125055	-0.0447512	-0.0569324	-0.0587405	-0.0634953	-0.0691053	-0.0660071	-0.0468413	0.00100767	0.0603363	0.104131	0.119445	0.11346	0.0837798	0.027994	-0.0280114	-0.071027	-0.106965	-0.153536	-0.220782	-0.302381	-0.379444	-0.428143	
0.190298	0.151079	0.11864	0.104818	0.101513	0.100889	0.0861774	0.0645464	0.0434904	0.0336647	0.0582184	0.102529	0.147495	0.178083	0.185496	0.165915	0.122158	0.0648957	0.008932	-0.0483583	-0.115136	-0.199263	-0.291816	-0.3776	-0.425612	
0.251112	0.229141	0.214178	0.214596	0.219618	0.215251	0.194483	0.158099	0.112431	0.0822297	0.0869732	0.121974	0.169825	0.215067	0.241658	0.246269	0.218426	0.165501	0.10194	0.0221484	-0.0620083	-0.162214	-0.261626	-0.341201	-0.385379	
0.283617	0.279481	0.28131	0.290702	0.299641	0.293034	0.267614	0.217478	0.155214	0.111668	0.103356	0.130563	0.177782	0.233668	0.276903	0.307446	0.309728	0.2696	0.203992	0.114523	0.0158783	-0.0913422	-0.194763	-0.270886	-0.302937	
0.29901	0.305747	0.319875	0.337511	0.34975	0.3468	0.31742	0.257146	0.189542	0.137418	0.122725	0.146205	0.193772	0.253605	0.308116	0.358004	0.383706	0.369458	0.313999	0.227283	0.125276	0.0172771	-0.0875688	-0.160222	-0.183162	
0.307099	0.31374	0.333414	0.360246	0.383435	0.384716	0.350714	0.284678	0.214636	0.166856	0.15921	0.181441	0.226397	0.287323	0.348596	0.412101	0.451029	0.455611	0.422494	0.34951	0.253875	0.14836	0.0483929	-0.019544	-0.0320359	
0.314198	0.320941	0.342161	0.373856	0.406506	0.417832	0.3827	0.313192	0.248109	0.212447	0.212702	0.23668	0.285781	0.344647	0.415445	0.48349	0.527152	0.540254	0.515684	0.451567	0.367826	0.273311	0.188932	0.137019	0.136074	
0.331177	0.34357	0.367532	0.40062	0.440589	0.460482	0.429885	0.370931	0.322376	0.298463	0.302005	0.325251	0.371457	0.433713	0.503112	0.565038	0.604167	0.616014	0.592093	0.530166	0.454423	0.376579	0.314578	0.284681	0.296131	
0.351867	0.382855	0.416583	0.454502	0.496803	0.523818	0.51178	0.473717	0.446192	0.435466	0.436918	0.452881	0.488865	0.545472	0.603337	0.646786	0.667194	0.669156	0.645504	0.587111	0.518434	0.454568	0.41412	0.408507	0.433031	
0.387924	0.436099	0.477901	0.519768	0.568001	0.610981	0.626159	0.613645	0.602239	0.596835	0.586036	0.589191	0.612708	0.65107	0.686529	0.706857	0.710316	0.702408	0.674817	0.622739	0.563753	0.513977	0.490571	0.500502	0.535929	
0.437616	0.496599	0.547915	0.596024	0.654472	0.711655	0.751236	0.758998	0.757791	0.748834	0.721787	0.701151	0.70113	0.709999	0.72193	0.724123	0.722566	0.708098	0.67572	0.630321	0.580686	0.551176	0.543629	0.562653	0.599715	
0.492071	0.559777	0.628312	0.691675	0.758008	0.826504	0.873305	0.886715	0.886393	0.870282	0.829773	0.780049	0.74423	0.716448	0.702617	0.694634	0.682953	0.661117	0.62513	0.585786	0.553634	0.548531	0.559521	0.58915	0.62378	
0.558932	0.6366	0.71849	0.78799	0.858699	0.929775	0.978139	0.991519	0.979702	0.948782	0.888402	0.811265	0.736952	0.667613	0.616534	0.590967	0.566258	0.534786	0.500509	0.47361	0.468754	0.488403	0.518298	0.555103	0.592603	
0.633585	0.710046	0.791296	0.867636	0.938049	1.00531	1.05106	1.05883	1.03014	0.969213	0.880368	0.775751	0.665946	0.557807	0.469876	0.41132	0.366006	0.327109	0.299595	0.293772	0.316169	0.357813	0.403703	0.445291	0.488002	
0.703626	0.765573	0.841549	0.919159	0.989945	1.04959	1.08505	1.07447	1.01811	0.919555	0.799816	0.663707	0.522201	0.380251	0.261544	0.17131	0.100705	0.0557667	0.0369282	0.0485231	0.0938468	0.155884	0.214994	0.268329	0.307661	
0.761655	0.814067	0.877607	0.939537	0.998316	1.04592	1.06649	1.03744	0.949702	0.81324	0.660946	0.495662	0.31958	0.144975	-0.00506688	-0.121437	-0.204417	-0.25183	-0.263088	-0.237262	-0.174172	-0.0951494	-0.0231595	0.0371878	0.0666397	
0.813239	0.856309	0.906282	0.953953	0.989081	1.0096	1.00697	0.953627	0.831924	0.660331	0.468791	0.278644	0.0809355	-0.112059	-0.281773	-0.422704	-0.52327	-0.575601	-0.580471	-0.539884	-0.462312	-0.370319	-0.287025	-0.227491	-0.208681	
0.863809	0.898485	0.938454	0.964074	0.971612	0.960768	0.925409	0.843469	0.691111	0.487091	0.268026	0.0567429	-0.149954	-0.341326	-0.520119	-0.681999	-0.806528	-0.875797	-0.878563	-0.826457	-0.738474	-0.639942	-0.551406	-0.497976	-0.49098	
0.919595	0.944108	0.96768	0.968748	0.950994	0.914219	0.847542	0.730339	0.55269	0.329887	0.10093	-0.122976	-0.327989	-0.520948	-0.704665	-0.874137	-1.01908	-1.10933	-1.12161	-1.06989	-0.97459	-0.867716	-0.774679	-0.72344	-0.727598	
0.962359	0.975758	0.983614	0.971201	0.940252	0.883108	0.78749	0.644084	0.454597	0.232885	0.00846248	-0.216699	-0.426556	-0.621036	-0.809554	-0.982111	-1.13907	-1.24644	-1.27272	-1.22716	-1.1302	-1.0144	-0.908791	-0.856674	-0.865968	
0.970166	0.981035	0.985474	0.971763	0.939439	0.876536	0.775476	0.626916	0.43597	0.217167	-0.00546345	-0.230818	-0.442538	-0.637491	-0.825866	-1.00106	-1.15913	-1.27086	-1.29954	-1.25504	-1.15952	-1.0409	-0.931636	-0.879242	-0.889175	
0.940288	0.959494	0.975163	0.969383	0.944809	0.899964	0.820265	0.690515	0.50601	0.281988	0.0535159	-0.171303	-0.378333	-0.571433	-0.75752	-0.927939	-1.07917	-1.17685	-1.19515	-1.14579	-1.04908	-0.93866	-0.840398	-0.78982	-0.796321	
0.885805	0.917073	0.951488	0.966539	0.962932	0.940896	0.893159	0.797141	0.633377	0.419662	0.194798	-0.0232911	-0.228424	-0.420746	-0.601692	-0.767354	-0.901444	-0.979214	-0.984443	-0.931404	-0.839431	-0.738198	-0.648952	-0.596077	-0.594905	
0.832816	0.872451	0.917968	0.959199	0.983468	0.990907	0.975299	0.911301	0.777552	0.591909	0.386952	0.187118	-0.0158726	-0.208665	-0.382515	-0.53337	-0.643827	-0.701183	-0.703925	-0.657273	-0.5759	-0.480766	-0.394688	-0.337266	-0.323228	
0.783167	0.831639	0.890257	0.944963	0.995275	1.03366	1.04663	1.00884	0.906992	0.756699	0.588465	0.413439	0.225828	0.0421711	-0.118285	-0.244514	-0.333104	-0.381627	-0.38981	-0.357928	-0.289034	-0.203727	-0.126273	-0.0660863	-0.0400897	
0.728031	0.785344	0.856737	0.929587	0.997617	1.0544	1.08432	1.06584	0.997323	0.882376	0.751003	0.603205	0.448174	0.292	0.160725	0.0593401	-0.0169098	-0.0635636	-0.0798777	-0.0624839	-0.0089247	0.0601247	0.124177	0.181395	0.216755	
0.66351	0.734438	0.813996	0.892366	0.963566	1.02778	1.06984	1.07118	1.03265	0.957541	0.85635	0.73822	0.616324	0.494155	0.393753	0.321947	0.26539	0.224364	0.200915	0.202473	0.234485	0.284509	0.335526	0.382068	0.424272	
0.587739	0.667604	0.750411	0.822455	0.892793	0.963317	1.01116	1.02449	1.00667	0.965103	0.894103	0.80736	0.717496	0.632697	0.565657	0.52703	0.495682	0.461093	0.428873	0.410486	0.416502	0.445262	0.482339	0.519693	0.560405	
0.517654	0.589035	0.664942	0.731812	0.800461	0.870341	0.9187	0.932049	0.927665	0.907329	0.859317	0.798466	0.748186	0.703091	0.675542	0.662817	0.646202	0.620653	0.584177	0.548663	0.527112	0.532378	0.550638	0.584047	0.61904	
0.458118	0.520937	0.578274	0.63183	0.693882	0.757087	0.800983	0.812512	0.814044	0.802315	0.770045	0.737606	0.723577	0.719073	0.721432	0.71944	0.714392	0.697849	0.663935	0.620598	0.576834	0.556205	0.555664	0.578559	0.614172	
0.406809	0.460373	0.504983	0.548821	0.601252	0.648962	0.676286	0.672869	0.665471	0.659521	0.642171	0.637368	0.653843	0.681136	0.707313	0.718513	0.720054	0.708401	0.679162	0.629797	0.573578	0.532431	0.515057	0.529577	0.56678	
0.363978	0.402891	0.440141	0.47958	0.522757	0.556591	0.554476	0.526918	0.506809	0.499535	0.497036	0.509577	0.540132	0.591707	0.640621	0.674933	0.687495	0.684926	0.660109	0.604355	0.539621	0.480325	0.447515	0.448304	0.478968	
0.338808	0.35722	0.385022	0.419803	0.461229	0.482912	0.457859	0.406217	0.366608	0.348021	0.351196	0.371242	0.414825	0.476228	0.543309	0.598441	0.631278	0.639561	0.616053	0.555476	0.482248	0.410369	0.357382	0.337963	0.353844	
0.319749	0.328201	0.349409	0.381599	0.417787	0.432565	0.398562	0.332232	0.2716	0.240655	0.243152	0.267639	0.317089	0.376805	0.448654	0.515965	0.559122	0.572936	0.548398	0.48556	0.405627	0.317754	0.242239	0.198459	0.202026	
0.309204	0.315318	0.336438	0.365317	0.39309	0.39815	0.362672	0.294148	0.224454	0.181933	0.178037	0.201099	0.246486	0.306264	0.371013	0.438015	0.480058	0.489019	0.461807	0.393237	0.302692	0.200205	0.105229	0.0424222	0.0351526	
0.303401	0.310336	0.326724	0.348866	0.365148	0.36405	0.33212	0.268864	0.200881	0.148244	0.135082	0.157192	0.204172	0.265286	0.322792	0.378635	0.410223	0.405316	0.358913	0.277166	0.176539	0.0684389	-0.0361348	-0.106768	-0.126237	
0.2908	0.292772	0.301161	0.313245	0.322201	0.316378	0.289766	0.235389	0.170355	0.121734	0.10956	0.135356	0.182911	0.241196	0.289152	0.328589	0.341186	0.310958	0.247273	0.157353	0.0557061	-0.0520792	-0.156532	-0.231597	-0.259013	
0.267224	0.252347	0.243303	0.24879	0.256493	0.250065	0.227595	0.185379	0.131117	0.0953943	0.0935425	0.125423	0.173203	0.222586	0.25719	0.272547	0.256241	0.207124	0.141222	0.0559462	-0.0340906	-0.138627	-0.239557	-0.317399	-0.357086	
0.217418	0.186332	0.161783	0.153615	0.153116	0.151879	0.133994	0.106311	0.0751592	0.0570599	0.0728932	0.113184	0.159193	0.196738	0.210628	0.199892	0.160845	0.104531	0.0452187	-0.0224374	-0.0965164	-0.187489	-0.283141	-0.366942	-0.413797	
0.143187	0.0868882	0.0434797	0.0195179	0.0119518	0.0117445	0.00222023	-0.0101851	-0.0172162	-0.0108346	0.027675	0.0798128	0.123162	0.143977	0.142366	0.11548	0.0649592	0.00772574	-0.040681	-0.0837383	-0.138523	-0.212361	-0.300045	-0.383017	-0.432223	
