1.54321e-05	3.07735e-05	5.156e-05	7.31371e-05	8.83793e-05	9.11963e-05	8.03619e-05	6.03689e-05	3.84715e-05	2.06253e-05	9.22169e-06	3.39596e-06	1.01728e-06	2.46419e-07	4.83326e-08	7.72268e-09	1.01376e-09	1.10371e-10	1.00632e-11	7.75694e-13	5.10057e-14	2.88507e-15	1.41463e-16	6.05515e-18	2.277e-19	
1.34939e-06	2.8589e-06	5.03729e-06	7.41279e-06	9.14253e-06	9.46617e-06	8.2288e-06	5.99466e-06	3.64783e-06	1.84538e-06	7.71691e-07	2.63756e-07	7.29407e-08	1.62764e-08	2.94224e-09	4.34164e-10	5.27851e-11	5.33936e-12	4.53723e-13	3.26931e-14	2.01503e-15	1.07099e-16	4.94531e-18	1.9973e-19	7.09888e-21	
9.96238e-08	2.23545e-07	4.13375e-07	6.3018e-07	7.922e-07	8.22808e-07	7.06329e-07	4.99757e-07	2.90791e-07	1.39178e-07	5.46386e-08	1.74119e-08	4.46856e-09	9.23661e-10	1.54722e-10	2.1193e-11	2.39746e-12	2.26242e-13	1.79832e-14	1.2151e-15	7.03924e-17	3.52396e-18	1.53552e-19	5.86197e-21	1.97227e-22	
6.28652e-09	1.48989e-08	2.8862e-08	4.55155e-08	5.82387e-08	6.06606e-08	5.14781e-08	3.54307e-08	1.97379e-08	8.95883e-09	3.3126e-09	9.88109e-10	2.36382e-10	4.54725e-11	7.09096e-12	9.05492e-13	9.56863e-14	8.45358e-15	6.30477e-16	4.00567e-17	2.18628e-18	1.03301e-19	4.2552e-21	1.53786e-22	4.90447e-24	
3.42625e-10	8.55556e-10	1.73345e-09	2.82389e-09	3.67276e-09	3.8353e-09	3.2208e-09	2.15976e-09	1.15324e-09	4.97447e-10	1.73734e-10	4.86729e-11	1.08955e-11	1.9584e-12	2.85415e-13	3.41029e-14	3.37769e-15	2.8021e-16	1.96609e-17	1.1773e-18	6.06626e-20	2.71011e-21	1.05698e-22	3.62118e-24	1.09591e-25	
1.62742e-11	4.27248e-11	9.04072e-11	1.51935e-10	2.00602e-10	2.09964e-10	1.7465e-10	1.14276e-10	5.85468e-11	2.40451e-11	7.95187e-12	2.09856e-12	4.41025e-13	7.43244e-14	1.01574e-14	1.1392e-15	1.06058e-16	8.28332e-18	5.48043e-19	3.09921e-20	1.51029e-21	6.38944e-23	2.36255e-24	7.68158e-26	2.20822e-27	
6.78952e-13	1.87045e-12	4.12828e-12	7.14795e-12	9.56912e-12	1.00365e-11	8.27644e-12	5.29173e-12	2.60367e-12	1.01985e-12	3.20064e-13	7.97739e-14	1.57845e-14	2.50149e-15	3.215e-16	3.39378e-17	2.97728e-18	2.19407e-19	1.37155e-20	7.33777e-22	3.38696e-23	1.35871e-24	4.76851e-26	1.47285e-27	4.02513e-29	
2.50495e-14	7.22933e-14	1.66234e-13	2.96183e-13	4.01592e-13	4.21999e-13	3.4526e-13	2.16002e-13	1.02152e-13	3.82194e-14	1.14047e-14	2.69069e-15	5.02515e-16	7.50819e-17	9.09785e-18	9.06037e-19	7.50604e-20	5.22937e-21	3.09393e-22	1.56832e-23	6.8658e-25	2.61466e-26	8.7183e-28	2.5602e-29	6.65605e-31	
8.22199e-16	2.48207e-15	5.94007e-15	1.08783e-14	1.4924e-14	1.57089e-14	1.27603e-14	7.82133e-15	3.55788e-15	1.27323e-15	3.61869e-16	8.09762e-17	1.43057e-17	2.0197e-18	2.31238e-19	2.177e-20	1.70633e-21	1.12574e-22	6.31312e-24	3.03602e-25	1.26201e-26	4.56687e-28	1.44794e-29	4.04535e-31	1.00106e-32	
2.41362e-17	7.61137e-17	1.89408e-16	3.56145e-16	4.93918e-16	5.20694e-16	4.20194e-16	2.52632e-16	1.10615e-16	3.79087e-17	1.02776e-17	2.18518e-18	3.65881e-19	4.89062e-20	5.30064e-21	4.72596e-22	3.51023e-23	2.19624e-24	1.16893e-25	5.33914e-27	2.10936e-28	7.25925e-30	2.18997e-31	5.8243e-33	1.37246e-34	
6.36668e-19	2.09479e-18	5.41608e-18	1.04456e-17	1.46322e-17	1.54469e-17	1.23909e-17	7.31535e-18	3.08483e-18	1.01355e-18	2.6248e-19	5.3108e-20	8.44204e-21	1.07019e-21	1.09986e-22	9.30108e-24	6.55589e-25	3.89481e-26	1.96959e-27	8.55259e-29	3.21404e-30	1.05262e-31	3.02323e-33	7.65714e-35	1.71874e-36	
1.51538e-20	5.19657e-20	1.39496e-19	2.75692e-19	3.89783e-19	4.12007e-19	3.28684e-19	1.90738e-19	7.75055e-20	2.44381e-20	6.05262e-21	1.167e-21	1.76376e-22	2.12371e-23	2.07259e-24	1.66466e-25	1.11482e-26	6.29563e-28	3.02772e-29	1.25091e-30	4.47452e-32	1.39536e-33	3.81703e-35	9.20976e-37	1.96956e-38	
3.26671e-22	1.16643e-21	3.24888e-21	6.574e-21	9.37478e-21	9.92074e-21	7.87449e-21	4.49585e-21	1.76119e-21	5.33393e-22	1.26479e-22	2.3267e-23	3.34778e-24	3.83378e-25	3.5574e-26	2.71685e-27	1.73053e-28	9.29808e-30	4.25601e-31	1.67413e-32	5.70315e-34	1.69418e-35	4.41547e-37	1.01512e-38	2.06854e-40	
6.39934e-24	2.37721e-23	6.86651e-23	1.42137e-22	2.04319e-22	2.16447e-22	1.71004e-22	9.61383e-23	3.63215e-23	1.05745e-23	2.40291e-24	4.22205e-25	5.79013e-26	6.31352e-27	5.57621e-28	4.05349e-29	2.4579e-30	1.25746e-31	5.48179e-33	2.05411e-34	6.6671e-36	1.88723e-37	4.68719e-39	1.02687e-40	1.99382e-42	
1.1426e-25	4.41243e-25	1.32112e-24	2.79551e-24	4.0485e-24	4.29296e-24	3.37711e-24	1.87101e-24	6.81963e-25	1.90996e-25	4.16276e-26	6.99264e-27	9.14932e-28	9.50866e-29	8.00128e-30	5.54089e-31	3.20083e-32	1.56024e-33	6.48142e-35	2.31455e-36	7.1599e-38	1.93165e-39	4.57225e-41	9.5455e-43	1.76584e-44	
1.8645e-27	7.47999e-27	2.32055e-26	5.01591e-26	7.31473e-26	7.76334e-26	6.08285e-26	3.32347e-26	1.16901e-26	3.15158e-27	6.59313e-28	1.05971e-28	1.32403e-29	1.31265e-30	1.05321e-31	6.95309e-33	3.82899e-34	1.77925e-35	7.04608e-37	2.3987e-38	7.07347e-40	1.819e-41	4.10346e-43	8.16282e-45	1.43842e-46	
2.78731e-29	1.16097e-28	3.73076e-28	8.23209e-28	1.20831e-27	1.28348e-27	1.00194e-27	5.4022e-28	1.83416e-28	4.76256e-29	9.56966e-30	1.47278e-30	1.7585e-31	1.66433e-32	1.27416e-33	8.02407e-35	4.2145e-36	1.86768e-37	7.05306e-39	2.28943e-40	6.43642e-42	1.5777e-43	3.39168e-45	6.42748e-47	1.07857e-48	
3.82571e-31	1.65355e-30	5.5026e-30	1.23871e-29	1.82929e-29	1.94456e-29	1.51279e-29	8.05418e-30	2.63998e-30	6.6057e-31	1.27561e-31	1.88096e-32	2.14762e-33	1.94165e-34	1.41913e-35	8.52934e-37	4.27449e-38	1.80707e-39	6.50884e-41	2.01474e-42	5.40006e-44	1.26159e-45	2.58401e-47	4.66363e-49	7.44939e-51	
4.83048e-33	2.16552e-32	7.46118e-32	1.71257e-31	2.54358e-31	2.70577e-31	2.09825e-31	1.10371e-31	3.49302e-32	8.4261e-33	1.56455e-33	2.21157e-34	2.41594e-35	2.08758e-36	1.45735e-37	8.36267e-39	4e-40	1.61351e-41	5.54368e-43	1.63636e-44	4.181e-46	9.3079e-48	1.81587e-49	3.11992e-51	4.74138e-53	
5.62059e-35	2.61246e-34	9.31818e-34	2.17963e-33	3.25474e-33	3.46455e-33	2.67863e-33	1.39283e-33	4.25635e-34	9.9023e-35	1.76866e-35	2.39773e-36	2.50723e-37	2.07145e-38	1.38174e-39	7.57208e-41	3.45749e-42	1.33088e-43	4.36177e-45	1.22763e-46	2.98954e-48	6.34013e-50	1.17764e-51	1.92521e-53	2.78185e-55	
6.03624e-37	2.90793e-36	1.07367e-35	2.55812e-35	3.83934e-35	4.08933e-35	3.15282e-35	1.62136e-35	4.78434e-36	1.07384e-36	1.84566e-37	2.40054e-38	2.40361e-39	1.89939e-40	1.21089e-41	6.33853e-43	2.76317e-44	1.01496e-45	3.17272e-47	8.51292e-49	1.97524e-50	3.98898e-52	7.05076e-54	1.09607e-55	1.50476e-57	
5.99169e-39	2.99084e-38	1.1431e-37	2.77289e-37	4.18165e-37	4.45647e-37	3.42684e-37	1.74368e-37	4.96815e-38	1.0761e-38	1.78029e-39	2.22216e-40	2.13115e-41	1.61115e-42	9.8185e-44	4.90976e-45	2.0434e-46	7.16175e-48	2.13489e-49	5.45928e-51	1.20645e-52	2.31889e-54	3.89802e-56	5.75789e-58	7.50395e-60	
5.50385e-41	2.84601e-40	1.12603e-39	2.77981e-39	4.21113e-39	4.49027e-39	3.44429e-39	1.73478e-39	4.77225e-40	9.97744e-41	1.58922e-41	1.90409e-42	1.74941e-43	1.26546e-44	7.37249e-46	3.52177e-47	1.39923e-48	4.67839e-50	1.32954e-51	3.23892e-53	6.81379e-55	1.24571e-56	1.99e-58	2.79071e-60	3.44909e-62	
4.68369e-43	2.50845e-42	1.02753e-41	2.58047e-41	3.92597e-41	4.18832e-41	3.20519e-41	1.59859e-41	4.24529e-42	8.56879e-43	1.31427e-43	1.51169e-44	1.33071e-45	9.21099e-47	5.13007e-48	2.3408e-49	8.87653e-51	2.83054e-52	7.66568e-54	1.77817e-55	3.55883e-57	6.18411e-59	9.38015e-61	1.24761e-62	1.46062e-64	
3.6959e-45	2.04989e-44	8.69488e-44	2.22051e-43	3.39212e-43	3.62049e-43	2.76456e-43	1.36586e-43	3.50093e-44	6.82291e-45	1.0078e-45	1.11291e-46	9.3867e-48	6.21717e-49	3.30996e-50	1.44237e-51	5.21899e-53	1.58658e-54	4.09265e-56	9.03409e-58	1.71889e-59	2.83651e-61	4.08116e-63	5.14239e-65	5.69539e-67	
2.70653e-47	1.55446e-46	6.82901e-46	1.77289e-45	2.71884e-45	2.90316e-45	2.2122e-45	1.08304e-45	2.67872e-46	5.0411e-47	7.17121e-48	7.60294e-49	6.14392e-50	3.89349e-51	1.98108e-52	8.24233e-54	2.84463e-55	8.24021e-57	2.02339e-58	4.24718e-60	7.67577e-62	1.2017e-63	1.63819e-65	1.95297e-67	2.04321e-69	
1.84058e-49	1.09462e-48	4.98212e-48	1.31442e-47	2.0232e-47	2.16126e-47	1.64364e-47	7.97631e-48	1.90308e-48	3.45849e-49	4.73812e-50	4.82242e-51	3.73327e-52	2.26316e-53	1.10026e-54	4.36894e-56	1.4375e-57	3.96551e-59	9.26245e-61	1.84723e-62	3.16789e-64	4.69991e-66	6.06268e-68	6.82814e-70	6.73682e-72	
1.16301e-51	7.16207e-51	3.37844e-50	9.05531e-50	1.39874e-49	1.49478e-49	1.13465e-49	5.4596e-50	1.25614e-50	2.20442e-51	2.90826e-52	2.84118e-53	2.10666e-54	1.22134e-55	5.67122e-57	2.14825e-58	6.73474e-60	1.76799e-61	3.92489e-63	7.42966e-65	1.20769e-66	1.69573e-68	2.06681e-70	2.19543e-72	2.03885e-74	
6.83089e-54	4.35616e-53	2.13056e-52	5.80001e-52	8.98922e-52	9.61002e-52	7.28179e-52	3.475e-52	7.70683e-53	1.30598e-53	1.65896e-54	1.55529e-55	1.10423e-56	6.12015e-58	2.71307e-59	9.79829e-61	2.92472e-62	7.30049e-64	1.53885e-65	2.76183e-67	4.24975e-69	5.63908e-71	6.48328e-73	6.483e-75	5.65486e-77	
3.73256e-56	2.46508e-55	1.25043e-54	3.45653e-54	5.37575e-54	5.74934e-54	4.34825e-54	2.05825e-54	4.39878e-55	7.19841e-56	8.80311e-57	7.91756e-58	5.38036e-59	2.84938e-60	1.20513e-61	4.14643e-63	1.1774e-64	2.79161e-66	5.58071e-68	9.48357e-70	1.37932e-71	1.72671e-73	1.86904e-75	1.75558e-77	1.43478e-79	
4.4078e-57	2.62815e-56	8.29967e-56	2.36199e-55	6.02511e-55	6.97853e-55	3.83605e-55	1.31107e-55	4.35076e-56	9.76403e-57	1.36872e-57	1.27762e-58	8.49605e-60	4.23712e-61	1.64553e-62	5.11709e-64	1.30122e-65	2.74977e-67	4.89e-69	7.39019e-71	9.56508e-73	1.06664e-74	1.02952e-76	8.62987e-79	6.29677e-81	
7.96141e-55	4.54673e-54	1.36857e-53	3.79849e-53	9.69171e-53	1.12323e-52	6.16974e-53	2.13201e-53	7.4546e-54	1.74002e-54	2.54157e-55	2.48088e-56	1.72923e-57	9.05271e-59	3.69453e-60	1.20851e-61	3.23592e-63	7.20865e-65	1.35312e-66	2.16171e-68	2.96263e-70	3.50498e-72	3.59693e-74	3.21372e-76	2.50641e-78	
1.3972e-52	7.69824e-52	2.28717e-51	6.18591e-51	1.52678e-50	1.76337e-50	9.85761e-51	3.53009e-51	1.2555e-51	2.99812e-52	4.53284e-53	4.61299e-54	3.36597e-55	1.84926e-56	7.93402e-58	2.73213e-59	7.71099e-61	1.81287e-62	3.59595e-64	6.07921e-66	8.83013e-68	1.10908e-69	1.21067e-71	1.15308e-73	9.60991e-76	
2.27957e-50	1.21236e-49	3.55429e-49	9.37084e-49	2.23798e-48	2.5756e-48	1.46561e-48	5.43501e-49	1.96641e-49	4.80484e-50	7.51706e-51	7.97215e-52	6.08644e-53	3.50725e-54	1.58087e-55	5.7266e-57	1.70213e-58	4.21913e-60	8.83373e-62	1.5783e-63	2.42616e-65	3.22984e-67	3.74326e-69	3.79243e-71	3.36936e-73	
3.45633e-48	1.77516e-47	5.13377e-47	1.31985e-46	3.05088e-46	3.49832e-46	2.02674e-46	7.77744e-47	2.86292e-47	7.15927e-48	1.15874e-48	1.28019e-49	1.02222e-50	6.17533e-52	2.92272e-53	1.11303e-54	3.48156e-56	9.09088e-58	2.00713e-59	3.78572e-61	6.15076e-63	8.66613e-65	1.06459e-66	1.14517e-68	1.0823e-70	
4.86782e-46	2.41527e-45	6.88813e-45	1.72737e-44	3.86568e-44	4.41598e-44	2.60522e-44	1.03382e-44	3.87238e-45	9.91255e-46	1.65952e-46	1.90947e-47	1.59414e-48	1.00924e-49	5.01338e-51	2.00606e-52	6.59952e-54	1.81397e-55	4.2197e-57	8.39378e-59	1.4398e-60	2.14427e-62	2.78801e-64	3.17898e-66	3.19006e-68	
6.36426e-44	3.05157e-43	8.57919e-43	2.09914e-42	4.54928e-42	5.17687e-42	3.11056e-42	1.27563e-42	4.86277e-43	1.27451e-43	2.2069e-44	2.64404e-45	2.30741e-46	1.53048e-47	7.97675e-49	3.35238e-50	1.15932e-51	3.35232e-53	8.21042e-55	1.72099e-56	3.11363e-58	4.89597e-60	6.72908e-62	8.12126e-64	8.6388e-66	
7.71849e-42	3.57734e-41	9.91087e-41	2.36658e-40	4.96832e-40	5.63133e-40	3.44674e-40	1.45987e-40	5.66466e-41	1.52056e-41	2.72316e-42	3.39675e-43	3.09813e-44	2.15257e-45	1.17683e-46	5.19302e-48	1.88703e-49	5.73761e-51	1.47863e-52	3.26363e-54	6.22255e-56	1.03208e-57	1.49779e-59	1.9109e-61	2.15158e-63	
8.67574e-40	3.88749e-39	1.06091e-38	2.47284e-38	5.03039e-38	5.67852e-38	3.54099e-38	1.54808e-38	6.11554e-39	1.68176e-39	3.11518e-40	4.0454e-41	3.85613e-42	2.80624e-43	1.60909e-44	7.4537e-46	2.8452e-47	9.09298e-49	2.46452e-50	5.72457e-52	1.14943e-53	2.00928e-55	3.07591e-57	4.14381e-59	4.93235e-61	
9.02878e-38	3.91184e-37	1.05116e-36	2.39208e-36	4.71665e-36	5.3022e-36	3.36894e-36	1.51942e-36	6.11213e-37	1.72252e-37	3.30051e-38	4.46237e-39	4.44551e-40	3.38852e-41	2.03772e-42	9.90771e-44	3.97203e-45	1.33391e-46	3.80088e-48	9.28661e-50	1.96251e-51	3.61307e-53	5.82972e-55	8.28498e-57	1.04136e-58	
8.68945e-36	3.64049e-35	9.62787e-35	2.13944e-34	4.09034e-34	4.57854e-34	2.96456e-34	1.37854e-34	5.64818e-35	1.63186e-35	3.23498e-36	4.55423e-37	4.74227e-38	3.78646e-39	2.38818e-40	1.21879e-41	5.13128e-43	1.81042e-44	5.42195e-46	1.39293e-47	3.09667e-49	6.0008e-51	1.0198e-52	1.52762e-54	2.02563e-56	
7.72364e-34	3.12899e-33	8.14051e-33	1.76664e-32	3.27614e-32	3.6512e-32	2.40936e-32	1.15452e-32	4.81918e-33	1.42799e-33	2.9295e-34	4.2952e-35	4.67584e-36	3.91153e-37	2.58788e-38	1.38635e-39	6.12963e-41	2.27195e-42	7.1502e-44	1.93098e-45	4.51436e-47	9.20361e-49	1.64643e-50	2.59777e-52	3.63094e-54	
6.33096e-32	2.47991e-31	6.34367e-31	1.34467e-30	2.41968e-30	2.6847e-30	1.80558e-30	8.9111e-31	3.79058e-31	1.15246e-31	2.44744e-32	3.73829e-33	4.25582e-34	3.73108e-35	2.59004e-36	1.45675e-37	6.76485e-39	2.63418e-40	8.71125e-42	2.47263e-43	6.07739e-45	1.30308e-46	2.45264e-48	4.07374e-50	5.99772e-52	
4.77758e-30	1.80927e-29	4.54805e-29	9.41717e-29	1.64504e-28	1.81696e-28	1.24545e-28	6.32749e-29	2.74374e-29	8.56338e-30	1.88328e-30	2.99787e-31	3.57048e-32	3.2818e-33	2.39117e-34	1.41243e-35	6.89045e-37	2.81912e-38	9.7968e-40	2.92253e-41	7.55077e-43	1.70227e-44	3.36986e-46	5.88945e-48	9.1283e-50	
3.31305e-28	1.21272e-27	2.99395e-27	6.05614e-27	1.02747e-26	1.12963e-26	7.89161e-27	4.12514e-27	1.82404e-27	5.84723e-28	1.33233e-28	2.21129e-29	2.75664e-30	2.65777e-31	2.03349e-32	1.26198e-33	6.46966e-35	2.78183e-36	1.01602e-37	3.18562e-39	8.65132e-41	2.05039e-42	4.26814e-44	7.84603e-46	1.27964e-47	
2.10679e-26	7.45199e-26	1.80568e-25	3.5684e-25	5.88288e-25	6.43767e-25	4.58324e-25	2.46373e-25	1.11131e-25	3.66117e-26	8.64791e-27	1.49738e-27	1.95501e-28	1.97834e-29	1.5904e-30	1.03752e-31	5.59196e-33	2.52785e-34	9.70582e-36	3.19899e-37	9.13236e-39	2.27531e-40	4.97962e-42	9.62612e-44	1.65143e-45	
1.2257e-24	4.18792e-24	9.95291e-24	1.92168e-23	3.08023e-23	3.35486e-23	2.43375e-23	1.34471e-23	6.1901e-24	2.09715e-24	5.13843e-25	9.28818e-26	1.27099e-26	1.35092e-27	1.14188e-28	7.83551e-30	4.44243e-31	2.11226e-32	8.52906e-34	2.95589e-35	8.87184e-37	2.32383e-38	5.34687e-40	1.08677e-41	1.96071e-43	
6.50726e-23	2.14676e-22	5.00024e-22	9.43242e-22	1.4709e-21	1.59446e-21	1.17839e-21	6.68891e-22	3.14378e-22	1.09607e-22	2.78787e-23	5.26495e-24	7.55739e-25	8.44442e-26	7.51121e-27	5.42565e-28	3.2381e-29	1.62037e-30	6.8842e-32	2.50965e-33	7.92167e-35	2.1818e-36	5.27818e-38	1.12796e-39	2.13982e-41	
3.14351e-21	1.00078e-20	2.2827e-20	4.20703e-20	6.3869e-20	6.89057e-20	5.18672e-20	3.02312e-20	1.45145e-20	5.21173e-21	1.37726e-21	2.71993e-22	4.09947e-23	4.82034e-24	4.51645e-25	3.43743e-26	2.1613e-27	1.13908e-28	5.09502e-30	1.95479e-31	6.49163e-33	1.88056e-34	4.78419e-36	1.07504e-37	2.14439e-39	
1.37736e-19	4.22899e-19	9.4375e-19	1.69926e-18	2.51335e-18	2.69871e-18	2.06829e-18	1.23725e-18	6.07159e-19	2.24724e-19	6.17591e-20	1.2768e-20	2.02293e-21	2.50607e-22	2.47622e-23	1.98788e-24	1.31808e-25	7.32272e-27	3.451e-28	1.39434e-29	4.87416e-31	1.48575e-32	3.97601e-34	9.39614e-36	1.97088e-37	
