-0.226773	-0.233719	-0.281862	-0.363744	-0.476371	-0.594394	-0.695216	-0.76085	-0.761935	-0.695223	-0.566455	-0.369444	-0.121434	0.146383	0.421485	0.687239	0.906456	1.05422	1.13323	1.14622	1.0807	0.93128	0.722545	0.501491	0.311392	
-0.233719	-0.280775	-0.356043	-0.456664	-0.576172	-0.678627	-0.749441	-0.769564	-0.720705	-0.611643	-0.442121	-0.212577	0.0479817	0.315627	0.582243	0.822365	1.00069	1.10688	1.14878	1.12264	1.01568	0.834399	0.615209	0.405683	0.239689	
-0.281862	-0.356043	-0.449223	-0.566179	-0.67071	-0.739198	-0.769906	-0.738988	-0.643166	-0.493929	-0.286584	-0.0356861	0.226651	0.488043	0.737077	0.940638	1.07365	1.13914	1.14297	1.07496	0.928319	0.723845	0.505583	0.316058	0.177396	
-0.363744	-0.456664	-0.566179	-0.668671	-0.733716	-0.766697	-0.750487	-0.665748	-0.528215	-0.341388	-0.104663	0.153305	0.409142	0.657793	0.877602	1.03558	1.12276	1.14892	1.11243	1.00132	0.820864	0.605057	0.399282	0.236206	0.125789	
-0.476371	-0.576172	-0.67071	-0.733716	-0.764876	-0.755737	-0.680246	-0.549168	-0.37731	-0.157306	0.0944519	0.346481	0.59029	0.816728	0.994694	1.10268	1.14662	1.13352	1.05398	0.902053	0.69832	0.484923	0.301707	0.168684	0.0851589	
-0.594394	-0.678627	-0.739198	-0.766697	-0.755737	-0.685351	-0.559288	-0.39693	-0.192273	0.0505712	0.299418	0.537609	0.76333	0.954082	1.0807	1.14016	1.1439	1.08947	0.965952	0.78084	0.568275	0.370799	0.217202	0.114682	0.0548623	
-0.695216	-0.749441	-0.769906	-0.750487	-0.680246	-0.559288	-0.403079	-0.209503	0.0232442	0.267587	0.500466	0.721381	0.917587	1.05869	1.13195	1.14809	1.11204	1.01349	0.84994	0.645129	0.43989	0.26925	0.148383	0.0739713	0.0335326	
-0.76085	-0.769564	-0.738988	-0.665748	-0.549168	-0.39693	-0.209503	0.0139458	0.251394	0.478493	0.692966	0.888873	1.03895	1.12352	1.14912	1.1258	1.04714	0.904843	0.712343	0.505426	0.322213	0.184872	0.0958499	0.0451283	0.0193937	
-0.761935	-0.720705	-0.643166	-0.528215	-0.37731	-0.192273	0.0232442	0.251394	0.471228	0.678738	0.870639	1.024	1.11617	1.14879	1.13395	1.0699	0.946278	0.768082	0.56434	0.373282	0.22231	0.119587	0.0583666	0.0259738	0.0105901	
-0.695223	-0.611643	-0.493929	-0.341388	-0.157306	0.0505712	0.267587	0.478493	0.678738	0.864405	1.01593	1.11113	1.1481	1.13862	1.08453	0.975838	0.81172	0.61434	0.419789	0.258602	0.14393	0.0726586	0.0334223	0.0140745	0.00545044	
-0.566455	-0.442121	-0.286584	-0.104663	0.0944519	0.299418	0.500466	0.692966	0.870639	1.01593	1.10933	1.14762	1.14104	1.09317	0.995344	0.843497	0.65397	0.459461	0.291633	0.167408	0.0871897	0.0413717	0.0179644	0.00716941	0.00264062	
-0.369444	-0.212577	-0.0356861	0.153305	0.346481	0.537609	0.721381	0.888873	1.024	1.11113	1.14762	1.14179	1.09717	1.00636	0.86408	0.682484	0.490556	0.319469	0.188489	0.100996	0.0493225	0.022043	0.0090525	0.00342975	0.0012033	
-0.121434	0.0479817	0.226651	0.409142	0.59029	0.76333	0.917587	1.03895	1.11617	1.1481	1.14104	1.09717	1.00992	0.874161	0.699614	0.511875	0.340519	0.205736	0.113068	0.0566911	0.0260251	0.0109804	0.00427386	0.00154011	0.000515554	
0.146383	0.315627	0.488043	0.657793	0.816728	0.954082	1.05869	1.12352	1.14879	1.13862	1.09317	1.00636	0.874161	0.705322	0.522699	0.353618	0.217952	0.122469	0.0628786	0.0295879	0.0128034	0.0051125	0.00189016	0.000649103	0.000207679	
0.421485	0.582243	0.737077	0.877602	0.994694	1.0807	1.13195	1.14912	1.13395	1.08453	0.995344	0.86408	0.699614	0.522699	0.358062	0.224281	0.128438	0.0673466	0.0324123	0.0143593	0.00587381	0.00222542	0.000783273	0.000256844	7.8679e-05	
0.687239	0.822365	0.940638	1.03558	1.10268	1.14016	1.14809	1.1258	1.0699	0.975838	0.843497	0.682484	0.511875	0.353618	0.224281	0.130485	0.0696895	0.0342281	0.0154963	0.00648415	0.00251451	0.000906194	0.000304312	9.54688e-05	2.80483e-05	
0.906456	1.00069	1.07365	1.12276	1.14662	1.1439	1.11204	1.04714	0.946278	0.81172	0.65397	0.490556	0.340519	0.217952	0.128438	0.0696895	0.0348546	0.0160969	0.00687957	0.00272737	0.00100544	0.000345506	0.000110938	3.33604e-05	9.41587e-06	
1.05422	1.10688	1.13914	1.14892	1.13352	1.08947	1.01349	0.904843	0.768082	0.61434	0.459461	0.319469	0.205736	0.122469	0.0673466	0.0342281	0.0160969	0.00701653	0.00284033	0.00107004	0.000375981	0.000123482	3.79881e-05	1.09697e-05	2.97926e-06	
1.13323	1.14878	1.14297	1.11243	1.05398	0.965952	0.84994	0.712343	0.56434	0.419789	0.291633	0.188489	0.113068	0.0628786	0.0324123	0.0154963	0.00687957	0.00284033	0.00109248	0.000392198	0.000131672	4.14211e-05	1.22328e-05	3.39796e-06	8.89378e-07	
1.14622	1.12264	1.07496	1.00132	0.902053	0.78084	0.645129	0.505426	0.373282	0.258602	0.167408	0.100996	0.0566911	0.0295879	0.0143593	0.00648415	0.00272737	0.00107004	0.000392198	0.00013452	4.32512e-05	1.30588e-05	3.70904e-06	9.92678e-07	2.50765e-07	
1.0807	1.01568	0.928319	0.820864	0.69832	0.568275	0.43989	0.322213	0.22231	0.14393	0.0871897	0.0493225	0.0260251	0.0128034	0.00587381	0.00251451	0.00100544	0.000375981	0.000131672	4.32512e-05	1.33463e-05	3.87502e-06	1.06029e-06	2.73838e-07	6.68564e-08	
0.93128	0.834399	0.723845	0.605057	0.484923	0.370799	0.26925	0.184872	0.119587	0.0726586	0.0413717	0.022043	0.0109804	0.0051125	0.00222542	0.000906194	0.000345506	0.000123482	4.14211e-05	1.30588e-05	3.87502e-06	1.08383e-06	2.86153e-07	7.1419e-08	1.68741e-08	
0.722545	0.615209	0.505583	0.399282	0.301707	0.217202	0.148383	0.0958499	0.0583666	0.0334223	0.0179644	0.0090525	0.00427386	0.00189016	0.000783273	0.000304312	0.000110938	3.79881e-05	1.22328e-05	3.70904e-06	1.06029e-06	2.86153e-07	7.30076e-08	1.76325e-08	4.03652e-09	
0.501491	0.405683	0.316058	0.236206	0.168684	0.114682	0.0739713	0.0451283	0.0259738	0.0140745	0.00716941	0.00342975	0.00154011	0.000649103	0.000256844	9.54688e-05	3.33604e-05	1.09697e-05	3.39796e-06	9.92678e-07	2.73838e-07	7.1419e-08	1.76325e-08	4.12606e-09	9.16251e-10	
0.311392	0.239689	0.177396	0.125789	0.0851589	0.0548623	0.0335326	0.0193937	0.0105901	0.00545044	0.00264062	0.0012033	0.000515554	0.000207679	7.8679e-05	2.80483e-05	9.41587e-06	2.97926e-06	8.89378e-07	2.50765e-07	6.68564e-08	1.68741e-08	4.03652e-09	9.16251e-10	1.97581e-10	
0.173621	0.127452	0.0898465	0.0606241	0.0390315	0.0239075	0.0138947	0.00764476	0.00397419	0.00194922	0.000901043	0.000392298	0.000160824	6.20815e-05	2.25729e-05	7.73492e-06	2.49963e-06	7.62459e-07	2.19729e-07	5.98871e-08	1.54531e-08	3.77933e-09	8.77015e-10	1.93319e-10	4.05225e-11	
0.0874037	0.0613405	0.0412973	0.0265924	0.0163312	0.00954034	0.00528897	0.00277693	0.00137857	0.000646276	0.000285855	0.000119229	4.68863e-05	1.73848e-05	6.0799e-06	2.00657e-06	6.25376e-07	1.84208e-07	5.13271e-08	1.35418e-08	3.38639e-09	8.03487e-10	1.81075e-10	3.87999e-11	7.91318e-12	
0.0400427	0.0269226	0.01735	0.0106877	0.006277	0.00350648	0.00185924	0.000934061	0.000443984	0.000199454	8.46217e-05	3.38923e-05	1.28129e-05	4.57276e-06	1.54113e-06	4.90751e-07	1.47751e-07	4.20908e-08	1.13554e-08	2.9039e-09	7.04593e-10	1.62369e-10	3.55725e-11	7.41656e-12	1.473e-12	
0.0170962	0.0110161	0.00679953	0.00401016	0.00225456	0.00120575	0.000612258	0.000294725	0.000134325	5.79101e-05	2.36013e-05	9.08992e-06	3.30822e-06	1.13792e-06	3.70049e-07	1.13833e-07	3.31446e-08	9.14156e-09	2.39028e-09	5.93036e-10	1.39738e-10	3.13012e-11	6.67166e-12	1.35441e-12	2.62133e-13	
0.00780962	0.00481645	0.00284305	0.00160264	0.00086097	0.000439979	0.000213536	9.82931e-05	4.28681e-05	1.76999e-05	6.91544e-06	2.55611e-06	8.93813e-07	2.95738e-07	9.26239e-08	2.74736e-08	7.72245e-09	2.05853e-09	5.20788e-10	1.25151e-10	2.85926e-11	6.21599e-12	1.28706e-12	2.5405e-13	4.78476e-14	
0.00647468	0.00394236	0.00229646	0.00127701	0.000676545	0.000340879	0.000163095	7.40059e-05	3.18166e-05	1.29507e-05	4.98882e-06	1.81836e-06	6.27119e-07	2.04694e-07	6.32579e-08	1.85184e-08	5.13862e-09	1.35256e-09	3.37968e-10	8.02355e-11	1.81137e-11	3.8921e-12	7.96691e-13	1.55495e-13	2.89639e-14	
0.0121675	0.00770401	0.0046719	0.00270704	0.00149537	0.000785909	0.000392276	0.000185675	8.3241e-05	3.53144e-05	1.4169e-05	5.37478e-06	1.92747e-06	6.53558e-07	2.09605e-07	6.36145e-08	1.82819e-08	4.97865e-09	1.28581e-09	3.15205e-10	7.34087e-11	1.62571e-11	3.42681e-12	6.88166e-13	1.31784e-13	
0.0286336	0.0189309	0.0119945	0.00726381	0.00419412	0.00230369	0.00120127	0.000593673	0.000277682	0.000122798	5.13058e-05	2.02443e-05	7.54303e-06	2.65432e-06	8.82413e-07	2.77282e-07	8.24113e-08	2.31844e-08	6.179e-09	1.5615e-09	3.74527e-10	8.53412e-11	1.84926e-11	3.81444e-12	7.49693e-13	
0.0646292	0.0445764	0.0294861	0.018652	0.0112523	0.00645763	0.00351759	0.00181517	0.000885946	0.000408497	0.000177786	7.29983e-05	2.8272e-05	1.03291e-05	3.56102e-06	1.15908e-06	3.56424e-07	1.03629e-07	2.85125e-08	7.43091e-09	1.83625e-09	4.30669e-10	9.59682e-11	2.03391e-11	4.10395e-12	
0.133502	0.0962204	0.0665717	0.0440759	0.0278419	0.0167327	0.00954344	0.00515423	0.00263121	0.00126785	0.000576059	0.00024665	9.9493e-05	3.78111e-05	1.35422e-05	4.5733e-06	1.45726e-06	4.38503e-07	1.24719e-07	3.35621e-08	8.55415e-09	2.06719e-09	4.74164e-10	1.03346e-10	2.14262e-11	
0.249647	0.188478	0.13675	0.0950273	0.0630351	0.0397898	0.0238329	0.0135118	0.00723559	0.00365378	0.0017378	0.000777889	0.000327594	0.000129793	4.83926e-05	1.69884e-05	5.61928e-06	1.75283e-06	5.16122e-07	1.43607e-07	3.78001e-08	9.42304e-09	2.22726e-09	4.99722e-10	1.06551e-10	
0.420026	0.332985	0.254051	0.185839	0.12986	0.0863788	0.0545166	0.0325531	0.0183461	0.00973977	0.00486392	0.00228273	0.00100635	0.000416708	0.000162114	5.92857e-05	2.0396e-05	6.60699e-06	2.01734e-06	5.81248e-07	1.5822e-07	4.07381e-08	9.93372e-09	2.2968e-09	5.04147e-10	
0.632922	0.527905	0.424553	0.327849	0.242098	0.170276	0.113643	0.071733	0.0427014	0.0239178	0.0125839	0.00621202	0.00287546	0.00124788	0.000507856	0.000193931	6.95411e-05	2.34398e-05	7.43482e-06	2.22186e-06	6.2639e-07	1.66808e-07	4.20145e-08	1.00221e-08	2.26699e-09	
0.852601	0.748659	0.635572	0.519249	0.406336	0.303182	0.214756	0.143849	0.0908049	0.0538716	0.0299746	0.0156199	0.00761723	0.00347538	0.00148384	0.00059321	0.000222248	7.81163e-05	2.57899e-05	8.00818e-06	2.34202e-06	6.45998e-07	1.68293e-07	4.14668e-08	9.67681e-09	
1.03032	0.95068	0.851398	0.736283	0.611584	0.485336	0.366071	0.261191	0.175557	0.110779	0.065456	0.0361505	0.0186425	0.00897341	0.00403227	0.00169257	0.000664284	0.000244052	8.40457e-05	2.71693e-05	8.25709e-06	2.36278e-06	6.37577e-07	1.62484e-07	3.91651e-08	
1.13004	1.0898	1.02536	0.936237	0.824762	0.696639	0.560693	0.427486	0.307125	0.207013	0.130465	0.0766969	0.0419985	0.0214097	0.0101613	0.00449283	0.00185255	0.000713285	0.000256828	8.66172e-05	2.74074e-05	8.15012e-06	2.28149e-06	6.02205e-07	1.5012e-07	
1.14661	1.14705	1.12507	1.07736	1.00159	0.897992	0.770826	0.628875	0.484325	0.350047	0.236333	0.148557	0.0867659	0.0470414	0.0236733	0.011065	0.00480884	0.00194602	0.0007345	0.00025903	8.55115e-05	2.64741e-05	7.70086e-06	2.10844e-06	5.44309e-07	
1.09364	1.13094	1.14807	1.14241	1.1105	1.04878	0.955317	0.832212	0.687357	0.533994	0.387655	0.261699	0.163776	0.0948615	0.0508334	0.0252146	0.0115905	0.00494528	0.0019621	0.000725376	0.000250388	8.08668e-05	2.44862e-05	6.9651e-06	1.86475e-06	
0.974753	1.05157	1.10714	1.13988	1.14829	1.12991	1.081	0.997942	0.880413	0.73471	0.574584	0.418038	0.281532	0.175006	0.100307	0.0530217	0.0258773	0.0116808	0.00488661	0.00189891	0.000687018	0.000231957	7.32505e-05	2.16836e-05	6.02957e-06	
0.782717	0.902793	1.00285	1.07829	1.12683	1.14781	1.14042	1.102	1.02813	0.916159	0.770435	0.604863	0.439768	0.294606	0.181408	0.102632	0.0533963	0.0255925	0.0113259	0.00463955	0.00176386	0.000623973	0.000205915	6.35466e-05	1.8382e-05	
0.530346	0.683711	0.826381	0.949709	1.04623	1.11142	1.14429	1.14575	1.11519	1.04838	0.940734	0.794639	0.624151	0.451904	0.300126	0.182499	0.101634	0.051921	0.0243901	0.0105646	0.0042319	0.00157229	0.000543354	0.000175136	5.27882e-05	
0.255585	0.422741	0.590646	0.751625	0.895875	1.01311	1.09534	1.13971	1.14831	1.12313	1.06088	0.955462	0.80767	0.632135	0.453951	0.297761	0.178195	0.0974004	0.0487384	0.0223934	0.00947793	0.00370747	0.00134463	0.00045354	0.000142683	
-0.0152526	0.154332	0.331011	0.510029	0.684798	0.84607	0.981902	1.08033	1.13531	1.14946	1.12747	1.06719	0.961332	0.809821	0.628715	0.44583	0.287651	0.168824	0.090299	0.0441489	0.0197999	0.00817501	0.00311853	0.00110289	0.000362769	
-0.27395	-0.109822	0.0688039	0.255771	0.444987	0.630402	0.804704	0.955939	1.06834	1.13205	1.14991	1.1291	1.06817	0.958789	0.801148	0.613932	0.427864	0.27041	0.155087	0.0809323	0.038568	0.0168501	0.00677587	0.00251746	0.000867258	
-0.495929	-0.355977	-0.189244	-0.00237091	0.195902	0.395958	0.590554	0.774877	0.938161	1.06119	1.13062	1.14997	1.12836	1.06397	0.947645	0.781444	0.587997	0.400809	0.247094	0.138003	0.070063	0.0324679	0.0137926	0.00539366	0.00194932	
