-0.10292	-0.104392	-0.104421	-0.104179	-0.105511	-0.10363	-0.106003	-0.103072	-0.105602	-0.102641	-0.103794	-0.101305	-0.0982448	-0.0931162	-0.079173	-0.0586945	-0.0186404	0.0422761	0.12961	0.247983	0.378027	0.510788	0.607907	0.642139	0.601619	
-0.119203	-0.11754	-0.116218	-0.115775	-0.114811	-0.11528	-0.114932	-0.116429	-0.116358	-0.119179	-0.118663	-0.121855	-0.118912	-0.117022	-0.104548	-0.0825761	-0.0424105	0.0239004	0.114926	0.234123	0.363682	0.479299	0.557076	0.557548	0.483606	
-0.173759	-0.167771	-0.166589	-0.163896	-0.162591	-0.163462	-0.162392	-0.166469	-0.16602	-0.172539	-0.172782	-0.17947	-0.17833	-0.178348	-0.166572	-0.143744	-0.0995606	-0.030175	0.0688476	0.187549	0.317006	0.419201	0.476273	0.453229	0.351666	
-0.256673	-0.250578	-0.248903	-0.244949	-0.244573	-0.243951	-0.244744	-0.247485	-0.249629	-0.254794	-0.258125	-0.262918	-0.26427	-0.260993	-0.248592	-0.219778	-0.169675	-0.0916606	0.0145086	0.138289	0.262752	0.35572	0.389109	0.345499	0.22183	
-0.3545	-0.350702	-0.346633	-0.344076	-0.342534	-0.342152	-0.343381	-0.345241	-0.349097	-0.352522	-0.357826	-0.360147	-0.361876	-0.354606	-0.338494	-0.302164	-0.243096	-0.153973	-0.0383727	0.0920051	0.214939	0.298305	0.316141	0.253896	0.118586	
-0.449164	-0.445261	-0.442548	-0.439869	-0.438701	-0.438476	-0.439251	-0.441474	-0.444072	-0.447724	-0.450756	-0.452251	-0.449923	-0.438908	-0.415254	-0.370278	-0.299002	-0.198119	-0.070132	0.0659576	0.189803	0.26569	0.270562	0.200218	0.0585284	
-0.522212	-0.522235	-0.520512	-0.519139	-0.518932	-0.517904	-0.519614	-0.519096	-0.522404	-0.521256	-0.524051	-0.518343	-0.512915	-0.491588	-0.459008	-0.399789	-0.31318	-0.195798	-0.0541077	0.0931127	0.215669	0.290295	0.282706	0.207019	0.066741	
-0.544381	-0.548948	-0.549001	-0.549917	-0.55052	-0.549308	-0.551149	-0.548265	-0.550271	-0.545231	-0.543761	-0.532809	-0.518321	-0.488836	-0.44143	-0.368309	-0.263533	-0.127924	0.0271573	0.185486	0.308856	0.377459	0.365151	0.279464	0.14355	
-0.49396	-0.501676	-0.505286	-0.508686	-0.509317	-0.510133	-0.50877	-0.507191	-0.50312	-0.497861	-0.487917	-0.473489	-0.448376	-0.409692	-0.349065	-0.2604	-0.140289	0.010881	0.177542	0.338766	0.460864	0.517658	0.494695	0.401408	0.262182	
-0.376168	-0.388171	-0.394057	-0.399498	-0.401005	-0.401848	-0.400183	-0.396471	-0.390997	-0.381195	-0.368239	-0.346594	-0.315221	-0.266346	-0.194242	-0.0929819	0.0418389	0.203539	0.377765	0.538728	0.6514	0.695241	0.6565	0.550417	0.408131	
-0.209483	-0.222765	-0.231377	-0.237302	-0.239905	-0.240693	-0.238473	-0.23442	-0.226374	-0.216019	-0.197977	-0.174722	-0.135371	-0.0816133	0.000862043	0.111616	0.255754	0.426162	0.601312	0.758018	0.859793	0.885073	0.833831	0.71427	0.566907	
-0.0111067	-0.0262771	-0.0358165	-0.0434034	-0.0451579	-0.0476454	-0.0432231	-0.0404329	-0.0294283	-0.0188668	0.00245452	0.0288508	0.0722724	0.133184	0.221829	0.341792	0.493065	0.666718	0.842352	0.987404	1.07593	1.08054	1.01087	0.879155	0.722472	
0.202223	0.186975	0.175419	0.168864	0.165363	0.16437	0.167403	0.171938	0.182199	0.194793	0.216807	0.245902	0.292882	0.357886	0.453574	0.578471	0.736104	0.910371	1.08161	1.21549	1.28476	1.26922	1.17874	1.03084	0.861528	
0.421761	0.406217	0.394836	0.388274	0.384942	0.383857	0.387017	0.391268	0.401709	0.414144	0.43658	0.466648	0.514704	0.58301	0.680302	0.809372	0.965802	1.13744	1.29753	1.41344	1.45993	1.41733	1.30336	1.13561	0.949186	
0.616088	0.601947	0.591322	0.5856	0.582703	0.581577	0.584581	0.588085	0.597667	0.609069	0.630316	0.65968	0.707286	0.775484	0.873552	1.00086	1.1555	1.31695	1.46396	1.55601	1.57546	1.5034	1.36052	1.17035	0.962069	
0.755058	0.74377	0.734812	0.731693	0.728454	0.728921	0.729805	0.733526	0.739569	0.749896	0.766792	0.794392	0.837781	0.904141	0.998053	1.12187	1.26817	1.41866	1.54562	1.61481	1.60334	1.50411	1.33343	1.12275	0.896361	
0.814122	0.805175	0.799698	0.797628	0.796097	0.796261	0.796701	0.798766	0.802457	0.809882	0.823323	0.847294	0.887208	0.949796	1.04003	1.15826	1.29659	1.4337	1.54231	1.58634	1.54867	1.42152	1.22939	1.0007	0.761643	
0.783891	0.778478	0.774796	0.775192	0.774171	0.774869	0.774445	0.775081	0.776526	0.781234	0.79138	0.812546	0.849002	0.909458	0.996359	1.11107	1.24303	1.36965	1.46313	1.48817	1.4281	1.28377	1.07374	0.837775	0.591334	
0.688346	0.683289	0.682111	0.683229	0.682707	0.684251	0.682117	0.683392	0.68159	0.686464	0.693252	0.714192	0.748826	0.808956	0.895346	1.00852	1.13661	1.25667	1.33742	1.34923	1.27272	1.11558	0.899017	0.658333	0.415804	
0.550744	0.546538	0.545314	0.546621	0.546944	0.54745	0.546665	0.545859	0.545726	0.548381	0.557194	0.577396	0.614602	0.676686	0.7657	0.881424	1.00951	1.12654	1.20153	1.20285	1.11775	0.953101	0.73247	0.495389	0.255386	
0.409106	0.402614	0.401576	0.402513	0.402157	0.403807	0.401356	0.40295	0.400686	0.406832	0.414362	0.438974	0.47754	0.54442	0.637591	0.7567	0.887345	1.00366	1.07388	1.07128	0.978107	0.812462	0.592704	0.359364	0.129759	
0.281934	0.274257	0.271513	0.271465	0.271261	0.271843	0.271096	0.271558	0.272593	0.278061	0.290573	0.31628	0.361146	0.43221	0.53133	0.656191	0.789217	0.907177	0.974777	0.966947	0.87107	0.701257	0.483817	0.255384	0.0310344	
0.183067	0.172224	0.168942	0.167592	0.167008	0.167843	0.166635	0.168974	0.169539	0.178721	0.191489	0.222689	0.269956	0.34726	0.451396	0.580566	0.71803	0.835687	0.902224	0.891805	0.791374	0.623037	0.406404	0.182605	-0.0339417	
0.113685	0.101779	0.0962979	0.0945124	0.0931597	0.0939366	0.0933408	0.0957589	0.0986456	0.108096	0.125191	0.157619	0.210774	0.29135	0.400777	0.53449	0.67305	0.792492	0.855086	0.84121	0.737686	0.565706	0.351499	0.13014	-0.0822701	
0.068415	0.0537339	0.0483192	0.0448169	0.0440154	0.0440364	0.0440974	0.0470186	0.0504476	0.0621153	0.0799075	0.116418	0.171341	0.256862	0.369652	0.506339	0.647966	0.76567	0.827743	0.809769	0.703054	0.530742	0.316005	0.0971246	-0.111431	
0.0422482	0.027523	0.0200664	0.0170926	0.0150123	0.0157956	0.0154731	0.0190554	0.0233896	0.0354847	0.0558314	0.0929393	0.151762	0.238817	0.354976	0.493856	0.63515	0.753384	0.810722	0.790179	0.679467	0.504511	0.290621	0.0727981	-0.133357	
0.027523	0.0105986	0.00389873	-0.000789168	-0.00178786	-0.00213909	-0.00144781	0.00188314	0.0069377	0.020056	0.0409441	0.0805159	0.140259	0.230473	0.348303	0.488797	0.631469	0.747523	0.804133	0.77924	0.666395	0.489558	0.275086	0.0576211	-0.146666	
0.0200664	0.00389873	-0.00450093	-0.00816475	-0.0104107	-0.00985718	-0.00978651	-0.0059154	-0.000619171	0.0126284	0.0348083	0.0743967	0.136263	0.226896	0.34647	0.4877	0.629699	0.745613	0.798668	0.772241	0.656143	0.478257	0.263413	0.0470799	-0.156422	
0.0170926	-0.000789168	-0.00816475	-0.0132345	-0.0144799	-0.0148034	-0.0140356	-0.0103561	-0.00471655	0.00913036	0.0314803	0.0724174	0.134656	0.226891	0.347205	0.489072	0.631528	0.745935	0.798279	0.768952	0.651728	0.471775	0.257147	0.0397891	-0.162279	
0.0150123	-0.00178786	-0.0104107	-0.0144799	-0.0165757	-0.0163346	-0.0158851	-0.0121432	-0.00631495	0.00724705	0.0301695	0.070809	0.133766	0.226033	0.346784	0.48894	0.63102	0.745404	0.79652	0.76684	0.648293	0.468831	0.253177	0.0374478	-0.165286	
0.0157956	-0.00213909	-0.00985718	-0.0148034	-0.0163346	-0.0164169	-0.0158551	-0.0119154	-0.00625959	0.00777786	0.0305502	0.0716131	0.134706	0.227088	0.348214	0.49016	0.632399	0.746408	0.797165	0.766857	0.648178	0.467326	0.25281	0.035293	-0.166048	
0.0154731	-0.00144781	-0.00978651	-0.0140356	-0.0158851	-0.0158551	-0.0152296	-0.0116515	-0.00582443	0.00770914	0.0303387	0.0710981	0.133497	0.225912	0.34619	0.488393	0.630672	0.745096	0.79717	0.767768	0.649968	0.470973	0.255121	0.0395179	-0.163574	
0.0190554	0.00188314	-0.0059154	-0.0103561	-0.0121432	-0.0119154	-0.0116515	-0.00767452	-0.00230401	0.0113164	0.0337395	0.0737646	0.136263	0.227207	0.3476	0.488783	0.631018	0.746263	0.798517	0.770777	0.653985	0.474449	0.260439	0.0427138	-0.159469	
0.0233896	0.0069377	-0.000619171	-0.00471655	-0.00631495	-0.00625959	-0.00582443	-0.00230401	0.00279135	0.0160469	0.0371881	0.0771031	0.137241	0.228108	0.346306	0.487357	0.62994	0.745759	0.801485	0.775914	0.661801	0.485384	0.269919	0.0538669	-0.150617	
0.0354847	0.020056	0.0126284	0.00913036	0.00724705	0.00777786	0.00770914	0.0113164	0.0160469	0.0284173	0.0494986	0.0871318	0.147151	0.234908	0.352396	0.491688	0.633464	0.751029	0.807406	0.78514	0.673333	0.496885	0.283401	0.0651156	-0.139912	
0.0558314	0.0409441	0.0348083	0.0314803	0.0301695	0.0305502	0.0303387	0.0337395	0.0371881	0.0494986	0.06772	0.105153	0.161019	0.247733	0.3617	0.499317	0.641363	0.75884	0.819787	0.800698	0.692415	0.519897	0.304873	0.0870461	-0.1206	
0.0929393	0.0805159	0.0743967	0.0724174	0.070809	0.0716131	0.0710981	0.0737646	0.0771031	0.0871318	0.105153	0.13868	0.193315	0.275505	0.386652	0.521736	0.661175	0.780447	0.842186	0.826756	0.721847	0.549216	0.335133	0.114751	-0.0961518	
0.151762	0.140259	0.136263	0.134656	0.133766	0.134706	0.133497	0.136263	0.137241	0.147151	0.161019	0.193315	0.242579	0.321381	0.427968	0.558511	0.69737	0.815076	0.880823	0.868974	0.767294	0.598148	0.382267	0.159682	-0.0549486	
0.238817	0.230473	0.226896	0.226891	0.226033	0.227088	0.225912	0.227207	0.228108	0.234908	0.247733	0.275505	0.321381	0.39517	0.495912	0.623142	0.757248	0.875649	0.942334	0.93342	0.83566	0.666229	0.449002	0.222849	0.00147852	
0.354976	0.348303	0.34647	0.347205	0.346784	0.348214	0.34619	0.3476	0.346306	0.352396	0.3617	0.386652	0.427968	0.495912	0.592246	0.712708	0.845226	0.961475	1.03105	1.02621	0.93183	0.764569	0.545719	0.314273	0.086639	
0.493856	0.488797	0.4877	0.489072	0.48894	0.49016	0.488393	0.488783	0.487357	0.491688	0.499317	0.521736	0.558511	0.623142	0.712708	0.830286	0.958547	1.07525	1.14791	1.14721	1.05847	0.893265	0.672438	0.436933	0.201213	
0.63515	0.631469	0.629699	0.631528	0.63102	0.632399	0.630672	0.631018	0.62994	0.633464	0.641363	0.661175	0.69737	0.757248	0.845226	0.958547	1.08683	1.20514	1.28337	1.29044	1.21015	1.04925	0.8305	0.59103	0.348143	
0.753384	0.747523	0.745613	0.745935	0.745404	0.746408	0.745096	0.746263	0.745759	0.751029	0.75884	0.780447	0.815076	0.875649	0.961475	1.07525	1.20514	1.32834	1.41617	1.43512	1.36754	1.21743	1.00418	0.765227	0.520662	
0.810722	0.804133	0.798668	0.798279	0.79652	0.797165	0.79717	0.798517	0.801485	0.807406	0.819787	0.842186	0.880823	0.942334	1.03105	1.14791	1.28337	1.41617	1.51854	1.55427	1.5073	1.37246	1.17175	0.940021	0.69576	
0.790179	0.77924	0.772241	0.768952	0.76684	0.766857	0.767768	0.770777	0.775914	0.78514	0.800698	0.826756	0.868974	0.93342	1.02621	1.14721	1.29044	1.43512	1.55427	1.61296	1.59038	1.47887	1.29976	1.08022	0.848953	
0.679467	0.666395	0.656143	0.651728	0.648293	0.648178	0.649968	0.653985	0.661801	0.673333	0.692415	0.721847	0.767294	0.83566	0.93183	1.05847	1.21015	1.36754	1.5073	1.59038	1.59757	1.51523	1.36008	1.16209	0.945515	
0.504511	0.489558	0.478257	0.471775	0.468831	0.467326	0.470973	0.474449	0.485384	0.496885	0.519897	0.549216	0.598148	0.666229	0.764569	0.893265	1.04925	1.21743	1.37246	1.47887	1.51523	1.45994	1.33537	1.15824	0.963176	
0.290621	0.275086	0.263413	0.257147	0.253177	0.25281	0.255121	0.260439	0.269919	0.283401	0.304873	0.335133	0.382267	0.449002	0.545719	0.672438	0.8305	1.00418	1.17175	1.29976	1.36008	1.33537	1.23568	1.08047	0.905297	
0.0727981	0.0576211	0.0470799	0.0397891	0.0374478	0.035293	0.0395179	0.0427138	0.0538669	0.0651156	0.0870461	0.114751	0.159682	0.222849	0.314273	0.436933	0.59103	0.765227	0.940021	1.08022	1.16209	1.15824	1.08047	0.942895	0.781054	
-0.133357	-0.146666	-0.156422	-0.162279	-0.165286	-0.166048	-0.163574	-0.159469	-0.150617	-0.139912	-0.1206	-0.0961518	-0.0549486	0.00147852	0.086639	0.201213	0.348143	0.520662	0.69576	0.848953	0.945515	0.963176	0.905297	0.781054	0.630778	
