-0.142143	-0.377515	-0.553063	-0.661635	-0.704825	-0.710783	-0.684818	-0.605821	-0.455	-0.243418	0.0183795	0.285289	0.508193	0.654042	0.710553	0.660942	0.529647	0.331735	0.0888593	-0.160624	-0.38461	-0.564081	-0.661246	-0.669339	-0.595365	
-0.0588931	-0.271127	-0.424615	-0.51754	-0.555984	-0.561942	-0.538141	-0.469489	-0.338981	-0.150936	0.087382	0.334954	0.552451	0.721131	0.821401	0.822456	0.736975	0.576627	0.359008	0.125825	-0.0956019	-0.284296	-0.403238	-0.435493	-0.384095	
0.0171035	-0.160514	-0.28806	-0.364857	-0.396927	-0.400559	-0.381538	-0.325258	-0.21763	-0.0591374	0.141568	0.362521	0.572288	0.754582	0.880135	0.924563	0.884332	0.770995	0.596221	0.393406	0.178489	-0.012179	-0.14413	-0.195214	-0.166415	
0.0652449	-0.0775492	-0.176199	-0.229253	-0.246561	-0.247802	-0.239832	-0.202457	-0.122016	0.00352211	0.167759	0.358854	0.554762	0.74001	0.886188	0.970912	0.979562	0.910833	0.777779	0.603882	0.406035	0.221925	0.0873007	0.0219268	0.0280083	
0.077001	-0.0318114	-0.0936113	-0.124347	-0.134127	-0.135508	-0.129337	-0.10907	-0.0611483	0.0277686	0.160012	0.321362	0.501579	0.689311	0.855453	0.974931	1.02229	0.990249	0.894204	0.748715	0.570287	0.39813	0.265563	0.190802	0.184375	
0.0592709	-0.0187868	-0.0613024	-0.0754856	-0.0744457	-0.0722096	-0.076206	-0.0696668	-0.0400501	0.024152	0.122146	0.253174	0.420883	0.610902	0.789115	0.931999	1.00899	1.00559	0.939792	0.822924	0.669012	0.510925	0.385436	0.314064	0.300039	
0.0163744	-0.0398702	-0.0649911	-0.0736778	-0.0725322	-0.0711627	-0.074313	-0.0700213	-0.0529271	-0.0104029	0.0659223	0.175831	0.325012	0.505847	0.687288	0.841275	0.937213	0.959918	0.922229	0.833717	0.708735	0.57183	0.463546	0.401223	0.384408	
-0.0439817	-0.08611	-0.101677	-0.107223	-0.106377	-0.105664	-0.107328	-0.10503	-0.0942611	-0.0648593	-0.00463455	0.084215	0.215411	0.382226	0.556751	0.709813	0.818185	0.863332	0.856017	0.804794	0.71542	0.606789	0.51911	0.466863	0.447079	
-0.123529	-0.149828	-0.156081	-0.152298	-0.143754	-0.140094	-0.149117	-0.155427	-0.153959	-0.137054	-0.0939544	-0.0202835	0.0923928	0.242261	0.405648	0.556608	0.674828	0.745357	0.766374	0.747982	0.696261	0.623571	0.561876	0.525708	0.50314	
-0.208461	-0.213049	-0.199126	-0.181076	-0.165796	-0.161509	-0.174538	-0.191454	-0.208611	-0.213526	-0.191528	-0.134303	-0.0391747	0.0993261	0.258239	0.412941	0.539968	0.628484	0.669463	0.68235	0.666782	0.634933	0.605496	0.584219	0.554344	
-0.28753	-0.269635	-0.235551	-0.201026	-0.178055	-0.173141	-0.190461	-0.220978	-0.256856	-0.283014	-0.284515	-0.249727	-0.17144	-0.0436256	0.114945	0.275713	0.412966	0.5136	0.574762	0.613699	0.634687	0.642413	0.64313	0.63481	0.609794	
-0.355975	-0.318917	-0.271909	-0.225448	-0.193359	-0.186399	-0.210393	-0.252376	-0.300988	-0.342969	-0.366097	-0.348742	-0.285432	-0.172619	-0.0266642	0.130682	0.271221	0.389829	0.478316	0.547856	0.601516	0.645488	0.670889	0.681839	0.671439	
-0.40301	-0.360466	-0.303287	-0.245927	-0.211621	-0.205491	-0.229346	-0.278114	-0.33911	-0.388383	-0.417109	-0.41083	-0.367266	-0.281205	-0.159774	-0.0135638	0.129137	0.259984	0.372729	0.472536	0.560717	0.641267	0.70109	0.737077	0.740062	
-0.42156	-0.37792	-0.32319	-0.267009	-0.230461	-0.224536	-0.248867	-0.299848	-0.357502	-0.405192	-0.440399	-0.450646	-0.425971	-0.367676	-0.27025	-0.138967	-0.00173625	0.129608	0.259013	0.37894	0.502571	0.629105	0.731016	0.792235	0.812864	
-0.425054	-0.379326	-0.328325	-0.276657	-0.245624	-0.240955	-0.261395	-0.306367	-0.359955	-0.406961	-0.448044	-0.472473	-0.466016	-0.428752	-0.352428	-0.239468	-0.116995	0.00773893	0.142407	0.284212	0.444103	0.613931	0.751324	0.842444	0.879852	
-0.43079	-0.385409	-0.331857	-0.279491	-0.249175	-0.24526	-0.263865	-0.30908	-0.365024	-0.413472	-0.4544	-0.483032	-0.487562	-0.470956	-0.419646	-0.328139	-0.219495	-0.102453	0.03948	0.20185	0.392376	0.592462	0.761544	0.878681	0.942721	
-0.433165	-0.387787	-0.334954	-0.279142	-0.241963	-0.235906	-0.260603	-0.311848	-0.367946	-0.415517	-0.457539	-0.493254	-0.509171	-0.508964	-0.476499	-0.406249	-0.311091	-0.195523	-0.0455002	0.12842	0.334076	0.553155	0.744503	0.888444	0.981067	
-0.431181	-0.381369	-0.326209	-0.273687	-0.241346	-0.236676	-0.257657	-0.30394	-0.359838	-0.412091	-0.458133	-0.501983	-0.534709	-0.553217	-0.536505	-0.475582	-0.380945	-0.264016	-0.119054	0.0572035	0.269595	0.497274	0.703952	0.872855	0.987492	
-0.414181	-0.362432	-0.313255	-0.268587	-0.23971	-0.234651	-0.254818	-0.294337	-0.342751	-0.392664	-0.446628	-0.503548	-0.554339	-0.585264	-0.57883	-0.527418	-0.440458	-0.326465	-0.181425	0.000669209	0.220472	0.455399	0.673006	0.848711	0.977408	
-0.39612	-0.344228	-0.298757	-0.261773	-0.237984	-0.23386	-0.250118	-0.282924	-0.324832	-0.374786	-0.42883	-0.489558	-0.550649	-0.596396	-0.606244	-0.577648	-0.505683	-0.394093	-0.243138	-0.0462045	0.190441	0.435271	0.65563	0.835203	0.967412	
-0.374242	-0.327656	-0.290682	-0.263017	-0.244535	-0.241256	-0.254028	-0.278427	-0.311413	-0.354867	-0.407078	-0.469218	-0.542235	-0.605779	-0.640293	-0.633242	-0.572591	-0.460607	-0.304323	-0.0917139	0.159943	0.414349	0.643048	0.826558	0.959303	
-0.349979	-0.307156	-0.28264	-0.2698	-0.262085	-0.260202	-0.266484	-0.276826	-0.295493	-0.330462	-0.384146	-0.456096	-0.547682	-0.628846	-0.677383	-0.684697	-0.634406	-0.521047	-0.354048	-0.131956	0.125424	0.383917	0.617647	0.802733	0.93862	
-0.327536	-0.284771	-0.267332	-0.267725	-0.269376	-0.270595	-0.268277	-0.267066	-0.274312	-0.3078	-0.365269	-0.44623	-0.546244	-0.640694	-0.702907	-0.721883	-0.672404	-0.557003	-0.388225	-0.163755	0.0971774	0.356962	0.592111	0.783057	0.922045	
-0.31341	-0.270079	-0.255057	-0.257906	-0.263417	-0.264382	-0.26045	-0.254779	-0.260848	-0.29244	-0.353122	-0.436426	-0.541543	-0.638834	-0.70852	-0.736398	-0.70142	-0.593533	-0.423199	-0.193344	0.0702211	0.334972	0.577807	0.771693	0.911158	
-0.305419	-0.260634	-0.247346	-0.256191	-0.266981	-0.269656	-0.260663	-0.249619	-0.251277	-0.283895	-0.346455	-0.433401	-0.537824	-0.639783	-0.71733	-0.757826	-0.732904	-0.631979	-0.459794	-0.227911	0.0413908	0.314494	0.565354	0.765218	0.902613	
-0.284647	-0.24345	-0.240325	-0.261501	-0.282386	-0.287149	-0.270748	-0.247437	-0.237931	-0.263754	-0.328702	-0.424702	-0.537812	-0.649447	-0.739288	-0.785745	-0.761937	-0.659081	-0.483259	-0.247138	0.0240871	0.299834	0.553533	0.755632	0.88739	
-0.263643	-0.224579	-0.230778	-0.264832	-0.298392	-0.304752	-0.280541	-0.242544	-0.222603	-0.241961	-0.308579	-0.41164	-0.536448	-0.659468	-0.759284	-0.810158	-0.790794	-0.682802	-0.492116	-0.246295	0.0235582	0.294446	0.541504	0.736134	0.862544	
-0.248805	-0.213253	-0.224042	-0.263013	-0.298932	-0.306483	-0.279134	-0.237958	-0.212419	-0.228655	-0.294499	-0.40246	-0.527093	-0.656532	-0.768232	-0.828474	-0.807051	-0.694877	-0.498648	-0.24956	0.0214522	0.289955	0.532787	0.727682	0.85048	
-0.249297	-0.211858	-0.221529	-0.260768	-0.3003	-0.307458	-0.278901	-0.234503	-0.211016	-0.227896	-0.295163	-0.401772	-0.527254	-0.655336	-0.768296	-0.829614	-0.818232	-0.712296	-0.515852	-0.263497	0.00907153	0.283368	0.533274	0.731598	0.851246	
-0.24917	-0.210022	-0.220086	-0.26134	-0.30218	-0.309957	-0.280129	-0.234233	-0.209096	-0.227004	-0.296823	-0.406969	-0.529966	-0.654914	-0.766208	-0.828307	-0.818724	-0.719047	-0.529149	-0.280986	-0.00572738	0.278205	0.539817	0.746251	0.862628	
-0.248181	-0.209243	-0.219353	-0.261082	-0.302383	-0.310377	-0.279866	-0.23368	-0.208332	-0.226452	-0.296492	-0.407408	-0.530016	-0.654705	-0.765936	-0.827777	-0.817477	-0.719025	-0.531578	-0.2848	-0.00845882	0.277408	0.541221	0.75017	0.866098	
-0.250384	-0.211572	-0.220793	-0.260886	-0.301514	-0.308833	-0.279811	-0.234197	-0.210497	-0.22823	-0.296506	-0.403817	-0.528662	-0.655376	-0.767404	-0.829123	-0.820146	-0.717193	-0.522116	-0.270945	0.00260968	0.280893	0.535783	0.73691	0.855365	
-0.24694	-0.211877	-0.223048	-0.26216	-0.298359	-0.305678	-0.278474	-0.23682	-0.211339	-0.226972	-0.292775	-0.401188	-0.52583	-0.655238	-0.769148	-0.830884	-0.81173	-0.701265	-0.504715	-0.254059	0.0174498	0.287215	0.531709	0.727968	0.849262	
-0.25708	-0.218772	-0.226623	-0.264237	-0.300892	-0.307893	-0.281128	-0.23956	-0.217016	-0.235857	-0.302235	-0.406977	-0.532887	-0.65935	-0.763876	-0.818547	-0.799031	-0.688882	-0.493749	-0.245995	0.0246176	0.293487	0.537124	0.730376	0.855937	
-0.275023	-0.235265	-0.237053	-0.263989	-0.28932	-0.294469	-0.275629	-0.246397	-0.231618	-0.253886	-0.31968	-0.420003	-0.538482	-0.654296	-0.748218	-0.796265	-0.773525	-0.669137	-0.488181	-0.248578	0.0219124	0.29645	0.548883	0.748457	0.87759	
-0.298843	-0.254991	-0.244542	-0.257776	-0.272459	-0.27593	-0.264046	-0.248354	-0.246582	-0.277769	-0.341124	-0.430585	-0.537353	-0.642642	-0.725346	-0.768857	-0.7449	-0.644272	-0.4714	-0.237965	0.0326172	0.307458	0.560301	0.762291	0.898172	
-0.311229	-0.266487	-0.25125	-0.255815	-0.263328	-0.264656	-0.25929	-0.251789	-0.257023	-0.289547	-0.350753	-0.434871	-0.539768	-0.638149	-0.710308	-0.74403	-0.714312	-0.609591	-0.437991	-0.20753	0.0584086	0.326468	0.572722	0.768689	0.90825	
-0.319245	-0.277011	-0.262033	-0.264295	-0.266906	-0.268006	-0.265447	-0.262302	-0.267662	-0.299366	-0.358782	-0.441858	-0.544566	-0.640476	-0.70665	-0.728497	-0.683556	-0.57082	-0.402038	-0.17432	0.0868342	0.347855	0.585819	0.777658	0.916785	
-0.341749	-0.298229	-0.276068	-0.269775	-0.268376	-0.268147	-0.269057	-0.272661	-0.286703	-0.321975	-0.376935	-0.451991	-0.548022	-0.635785	-0.689767	-0.702639	-0.652907	-0.537554	-0.368799	-0.145921	0.113658	0.372643	0.606295	0.793645	0.931358	
-0.363499	-0.319793	-0.289254	-0.266684	-0.250093	-0.246744	-0.258848	-0.279591	-0.306194	-0.344264	-0.39685	-0.463434	-0.544028	-0.614504	-0.655421	-0.654659	-0.598943	-0.487006	-0.326707	-0.108947	0.145312	0.402257	0.634421	0.818375	0.951469	
-0.388604	-0.338114	-0.294152	-0.260567	-0.239679	-0.236584	-0.250219	-0.27937	-0.318943	-0.368259	-0.421475	-0.480893	-0.545393	-0.598777	-0.619173	-0.599924	-0.532963	-0.420779	-0.267407	-0.0636393	0.179579	0.427932	0.650952	0.832413	0.965471	
-0.406464	-0.354034	-0.306836	-0.265279	-0.238692	-0.233743	-0.252386	-0.28953	-0.335014	-0.384434	-0.439228	-0.499843	-0.555643	-0.591716	-0.589715	-0.546771	-0.465606	-0.352758	-0.206031	-0.0191416	0.207246	0.445927	0.664156	0.842031	0.972564	
-0.424943	-0.374568	-0.321955	-0.272614	-0.240687	-0.236165	-0.25724	-0.301187	-0.353698	-0.405197	-0.455249	-0.504521	-0.544429	-0.568639	-0.556319	-0.497569	-0.405163	-0.289558	-0.144836	0.0328462	0.246917	0.477557	0.690328	0.862755	0.984489	
-0.434659	-0.387481	-0.331999	-0.276248	-0.241641	-0.236268	-0.258677	-0.308559	-0.366441	-0.416837	-0.45876	-0.496385	-0.5184	-0.526459	-0.501256	-0.436477	-0.341589	-0.224833	-0.0765668	0.0983517	0.308153	0.531352	0.728842	0.88532	0.987076	
-0.431017	-0.386215	-0.334598	-0.280615	-0.245829	-0.240399	-0.263291	-0.311963	-0.366813	-0.413339	-0.455242	-0.487594	-0.4962	-0.485313	-0.44197	-0.359977	-0.258398	-0.142804	0.00424836	0.172873	0.370279	0.579535	0.758683	0.886074	0.96199	
-0.42795	-0.381962	-0.328803	-0.278059	-0.249537	-0.24621	-0.263572	-0.306545	-0.361359	-0.410652	-0.451318	-0.476918	-0.475477	-0.447958	-0.381833	-0.276771	-0.158826	-0.0377848	0.0993116	0.249313	0.423433	0.606453	0.757402	0.859128	0.907065	
-0.42286	-0.378343	-0.326468	-0.272017	-0.237027	-0.230817	-0.25479	-0.30408	-0.359354	-0.40528	-0.443656	-0.461497	-0.444939	-0.394162	-0.305321	-0.181296	-0.0498587	0.0795298	0.211042	0.340492	0.478325	0.623599	0.739934	0.813536	0.839156	
-0.413975	-0.371183	-0.313515	-0.255359	-0.219033	-0.213422	-0.23788	-0.288588	-0.3494	-0.399215	-0.42962	-0.428748	-0.392638	-0.31927	-0.2078	-0.0674629	0.0747308	0.207289	0.328993	0.436196	0.53857	0.637181	0.714564	0.759479	0.770092	
-0.377681	-0.336971	-0.284643	-0.233312	-0.200496	-0.193752	-0.217388	-0.262505	-0.317473	-0.363641	-0.390131	-0.377275	-0.321541	-0.218276	-0.0816417	0.0723545	0.214139	0.338554	0.436795	0.520447	0.587445	0.644469	0.68221	0.703812	0.697833	
-0.316748	-0.290005	-0.250674	-0.211045	-0.183736	-0.177889	-0.198646	-0.23426	-0.275035	-0.3079	-0.32017	-0.293784	-0.220968	-0.0973074	0.0580471	0.21832	0.356871	0.465224	0.536988	0.587011	0.621102	0.644453	0.65459	0.652854	0.633746	
