0.447479	0.427674	0.404123	0.38409	0.36502	0.360347	0.375536	0.396287	0.417562	0.441005	0.454009	0.441968	0.409887	0.370479	0.324002	0.289634	0.278015	0.289839	0.30638	0.321438	0.340977	0.354873	0.330019	0.253188	0.132263	
0.608008	0.614733	0.612307	0.612469	0.617539	0.619571	0.614414	0.61168	0.61426	0.612518	0.595039	0.548732	0.483845	0.408674	0.331453	0.281434	0.269864	0.288217	0.315778	0.337496	0.352819	0.35223	0.309163	0.206866	0.0527386	
0.753716	0.784325	0.802377	0.821296	0.846081	0.852193	0.831409	0.808954	0.792811	0.76822	0.725921	0.656945	0.564029	0.462872	0.366497	0.305282	0.293871	0.31743	0.346057	0.366094	0.375099	0.361099	0.295748	0.165363	-0.0204527	
0.882631	0.941835	0.980593	1.01073	1.03758	1.04395	1.02225	0.992972	0.959626	0.908637	0.836367	0.74113	0.626077	0.508333	0.405006	0.341574	0.330975	0.35579	0.385439	0.407628	0.411932	0.378799	0.288593	0.131932	-0.0798436	
0.975531	1.06101	1.12008	1.15792	1.18048	1.18453	1.16834	1.13717	1.08779	1.01353	0.909939	0.791702	0.666739	0.543191	0.450466	0.392912	0.381225	0.402858	0.43663	0.457071	0.447761	0.396304	0.279162	0.095699	-0.134951	
1.01258	1.11917	1.19512	1.24428	1.26665	1.26922	1.25606	1.21869	1.15244	1.05992	0.932725	0.801665	0.678295	0.571068	0.498197	0.454513	0.447284	0.471835	0.501361	0.511105	0.483703	0.409116	0.268724	0.0681112	-0.16918	
0.98976	1.11271	1.20352	1.26527	1.29556	1.30055	1.28124	1.23098	1.15329	1.04276	0.905719	0.769996	0.654745	0.574332	0.526492	0.499561	0.504452	0.537419	0.565758	0.560649	0.515228	0.421226	0.275333	0.0732909	-0.16201	
0.923347	1.05216	1.1538	1.22222	1.2644	1.27167	1.2433	1.18365	1.09731	0.976675	0.840255	0.710368	0.611941	0.552279	0.523739	0.514412	0.535843	0.574999	0.603332	0.594429	0.542306	0.449023	0.311481	0.116926	-0.105348	
0.828144	0.95454	1.0629	1.13997	1.18011	1.18758	1.15985	1.09845	1.0012	0.878747	0.752599	0.640333	0.56555	0.528605	0.51145	0.513771	0.542476	0.58611	0.619421	0.615166	0.569055	0.48884	0.366611	0.194567	-0.00342096	
0.713068	0.834826	0.946258	1.02379	1.06306	1.06956	1.04338	0.982125	0.881968	0.761171	0.648129	0.566151	0.524368	0.506377	0.503276	0.516972	0.54949	0.590242	0.625512	0.632584	0.607384	0.54412	0.438014	0.297298	0.126051	
0.598605	0.702816	0.805666	0.878656	0.914612	0.919696	0.8968	0.840078	0.746242	0.638209	0.547268	0.494146	0.481644	0.489638	0.505713	0.532633	0.570333	0.610308	0.642548	0.659435	0.653714	0.610486	0.527321	0.411975	0.269768	
0.492748	0.569374	0.649508	0.710827	0.748736	0.754878	0.729521	0.676422	0.602662	0.521327	0.460155	0.434799	0.447594	0.481279	0.518054	0.563642	0.614123	0.661046	0.700531	0.724051	0.727783	0.697369	0.628181	0.528051	0.409812	
0.402065	0.429888	0.476098	0.525341	0.562339	0.569606	0.542169	0.496632	0.446272	0.410978	0.392552	0.398008	0.436641	0.493594	0.553685	0.622283	0.696224	0.752835	0.793946	0.81748	0.81649	0.789274	0.721032	0.630385	0.527256	
0.309367	0.295347	0.30982	0.335253	0.361974	0.369551	0.346085	0.319929	0.297373	0.300826	0.325658	0.370734	0.437964	0.52271	0.617428	0.710523	0.801742	0.867092	0.907903	0.920178	0.906147	0.871109	0.799985	0.713723	0.616828	
0.213217	0.162081	0.147396	0.150933	0.165683	0.17163	0.155371	0.147521	0.152146	0.188895	0.258007	0.349847	0.448885	0.559158	0.682151	0.804441	0.913018	0.983473	1.01587	1.01071	0.979266	0.925764	0.845221	0.755744	0.669753	
0.127227	0.0453417	-0.000563153	-0.0198476	-0.025073	-0.0261577	-0.0227764	-0.0107234	0.0228149	0.0903349	0.193162	0.319132	0.451486	0.595602	0.749663	0.900549	1.01897	1.0864	1.10724	1.08033	1.02821	0.952319	0.85832	0.763831	0.683222	
0.0422606	-0.0694543	-0.143467	-0.183267	-0.19691	-0.198737	-0.191051	-0.163211	-0.102883	-0.00643635	0.122972	0.274597	0.440777	0.61514	0.80617	0.981576	1.10539	1.16809	1.1747	1.12862	1.05382	0.959881	0.851232	0.746087	0.670044	
-0.0684973	-0.206161	-0.303503	-0.359892	-0.374586	-0.374419	-0.3697	-0.331505	-0.250104	-0.127559	0.0283521	0.207304	0.401405	0.609065	0.831189	1.01937	1.14408	1.20228	1.1959	1.13597	1.0425	0.93328	0.815336	0.710481	0.641534	
-0.209139	-0.36466	-0.483118	-0.554047	-0.581149	-0.58278	-0.569979	-0.517169	-0.417508	-0.275369	-0.0987836	0.102423	0.320829	0.559756	0.796218	0.995885	1.12298	1.17445	1.15915	1.09009	0.988993	0.878261	0.76414	0.664819	0.600673	
-0.379514	-0.547569	-0.675839	-0.761629	-0.801744	-0.80675	-0.782898	-0.715356	-0.603679	-0.452218	-0.259192	-0.0342421	0.208584	0.4584	0.696438	0.89712	1.02759	1.07648	1.06079	0.992454	0.892143	0.78956	0.688731	0.606968	0.558919	
-0.577292	-0.743765	-0.86433	-0.953061	-1.00025	-1.00871	-0.976473	-0.904956	-0.795879	-0.650059	-0.453062	-0.212426	0.0459408	0.303927	0.539233	0.723739	0.852454	0.908362	0.900218	0.84102	0.763724	0.684985	0.607121	0.548441	0.520347	
-0.7827	-0.926453	-1.02754	-1.10245	-1.1422	-1.14875	-1.12221	-1.06142	-0.970608	-0.845478	-0.670565	-0.437625	-0.174498	0.0862241	0.322906	0.501966	0.623611	0.688096	0.698838	0.672775	0.628507	0.578567	0.534459	0.501611	0.494446	
-0.979784	-1.08721	-1.1571	-1.1941	-1.21616	-1.22102	-1.20381	-1.17551	-1.1187	-1.0284	-0.887825	-0.68154	-0.429619	-0.16815	0.0687495	0.251571	0.376677	0.459685	0.501383	0.510526	0.498414	0.476987	0.461815	0.456299	0.471378	
-1.14767	-1.201	-1.2198	-1.21398	-1.20807	-1.20635	-1.21068	-1.22034	-1.21126	-1.1759	-1.08205	-0.910838	-0.682641	-0.433221	-0.194114	-0.000122019	0.139966	0.250182	0.322134	0.361949	0.383378	0.392312	0.403175	0.42311	0.463083	
-1.25259	-1.24643	-1.20327	-1.15365	-1.11983	-1.11256	-1.13728	-1.18288	-1.23149	-1.25784	-1.21964	-1.09326	-0.900356	-0.67595	-0.446918	-0.242621	-0.0765531	0.0547419	0.150691	0.219414	0.273273	0.321363	0.371057	0.420922	0.488227	
-1.27165	-1.21071	-1.11326	-1.02562	-0.967014	-0.956457	-0.997732	-1.0753	-1.17339	-1.2551	-1.27096	-1.19877	-1.05226	-0.863372	-0.659041	-0.456909	-0.273183	-0.121475	0.00215872	0.0944582	0.177449	0.270469	0.365915	0.455261	0.554183	
-1.21071	-1.10881	-0.976096	-0.862452	-0.783422	-0.768272	-0.82568	-0.926873	-1.05596	-1.17681	-1.24107	-1.22887	-1.13935	-0.994824	-0.819235	-0.625983	-0.434892	-0.267516	-0.120404	0.000835953	0.113359	0.241433	0.375333	0.513653	0.64976	
-1.11326	-0.976096	-0.815587	-0.681062	-0.588569	-0.571648	-0.63736	-0.757106	-0.911799	-1.06257	-1.17434	-1.2235	-1.1913	-1.08555	-0.932349	-0.753621	-0.558986	-0.374556	-0.204112	-0.0571988	0.0863958	0.244493	0.407724	0.581357	0.745437	
-1.02562	-0.862452	-0.681062	-0.522525	-0.417574	-0.398074	-0.472877	-0.61212	-0.790772	-0.96325	-1.10874	-1.19945	-1.21127	-1.14722	-1.01841	-0.842413	-0.636267	-0.435687	-0.251387	-0.0853225	0.0812141	0.260308	0.448558	0.638598	0.813758	
-0.967014	-0.783422	-0.588569	-0.417574	-0.313193	-0.293841	-0.366691	-0.514382	-0.705861	-0.896288	-1.06402	-1.18248	-1.22233	-1.18141	-1.06417	-0.885871	-0.66945	-0.453344	-0.265705	-0.0955956	0.0877108	0.283155	0.482354	0.676819	0.850093	
-0.956457	-0.768272	-0.571648	-0.398074	-0.293841	-0.275294	-0.346491	-0.496999	-0.689229	-0.884306	-1.0553	-1.17851	-1.22471	-1.18755	-1.07267	-0.892904	-0.671868	-0.453218	-0.266303	-0.0984156	0.0908984	0.29062	0.489742	0.684239	0.855193	
-0.997732	-0.82568	-0.63736	-0.472877	-0.366691	-0.346491	-0.422369	-0.565782	-0.751268	-0.93166	-1.08747	-1.19096	-1.21578	-1.16358	-1.04098	-0.864705	-0.655118	-0.447193	-0.260178	-0.0902232	0.0826016	0.268676	0.463502	0.656484	0.832161	
-1.0753	-0.926873	-0.757106	-0.61212	-0.514382	-0.496999	-0.565782	-0.694235	-0.859142	-1.01948	-1.14642	-1.21537	-1.203	-1.11392	-0.971402	-0.794694	-0.595013	-0.404702	-0.227492	-0.0717135	0.0825017	0.250169	0.424824	0.606118	0.776777	
-1.17339	-1.05596	-0.911799	-0.790772	-0.705861	-0.689229	-0.751268	-0.859142	-0.998256	-1.13249	-1.21643	-1.22941	-1.16341	-1.03464	-0.868361	-0.681282	-0.490204	-0.31548	-0.158255	-0.0262818	0.098719	0.239034	0.385064	0.540786	0.690324	
-1.2551	-1.17681	-1.06257	-0.96325	-0.896288	-0.884306	-0.93166	-1.01948	-1.13249	-1.23126	-1.26701	-1.21806	-1.09322	-0.921489	-0.729182	-0.530362	-0.342011	-0.184161	-0.0505959	0.0532841	0.14746	0.25603	0.367198	0.47674	0.589913	
-1.27096	-1.24107	-1.17434	-1.10874	-1.06402	-1.0553	-1.08747	-1.14642	-1.21643	-1.26701	-1.25129	-1.146	-0.969728	-0.75892	-0.538016	-0.333282	-0.158786	-0.0184566	0.0888677	0.166342	0.232133	0.298014	0.366879	0.431339	0.510211	
-1.19877	-1.22887	-1.2235	-1.19945	-1.18248	-1.17851	-1.19096	-1.21537	-1.22941	-1.21806	-1.146	-0.991592	-0.776161	-0.535107	-0.298317	-0.0990331	0.0511492	0.169898	0.251292	0.30383	0.338708	0.361917	0.386749	0.417436	0.468111	
-1.05226	-1.13935	-1.1913	-1.21127	-1.22233	-1.22471	-1.21578	-1.203	-1.16341	-1.09322	-0.969728	-0.776161	-0.532983	-0.274381	-0.0360341	0.150546	0.279526	0.374349	0.429161	0.449958	0.45128	0.441799	0.435755	0.440628	0.465695	
-0.863372	-0.994824	-1.08555	-1.14722	-1.18141	-1.18755	-1.16358	-1.11392	-1.03464	-0.921489	-0.75892	-0.535107	-0.274381	-0.013045	0.223637	0.4036	0.525687	0.594907	0.616411	0.60627	0.575043	0.535853	0.505009	0.48327	0.484399	
-0.659041	-0.819235	-0.932349	-1.01841	-1.06417	-1.07267	-1.04098	-0.971402	-0.868361	-0.729182	-0.538016	-0.298317	-0.0360341	0.223637	0.460016	0.639708	0.764633	0.824241	0.822581	0.774168	0.709822	0.642813	0.577794	0.527974	0.5095	
-0.456909	-0.625983	-0.753621	-0.842413	-0.885871	-0.892904	-0.864705	-0.794694	-0.681282	-0.530362	-0.333282	-0.0990331	0.150546	0.4036	0.639708	0.83497	0.966896	1.01735	1.00398	0.936233	0.842753	0.748151	0.654924	0.583434	0.542597	
-0.273183	-0.434892	-0.558986	-0.636267	-0.66945	-0.671868	-0.655118	-0.595013	-0.490204	-0.342011	-0.158786	0.0511492	0.279526	0.525687	0.764633	0.966896	1.09429	1.14391	1.12707	1.05842	0.955208	0.846427	0.736885	0.642883	0.583494	
-0.121475	-0.267516	-0.374556	-0.435687	-0.453344	-0.453218	-0.447193	-0.404702	-0.31548	-0.184161	-0.0184566	0.169898	0.374349	0.594907	0.824241	1.01735	1.14391	1.1996	1.18831	1.12341	1.02607	0.91475	0.797184	0.693225	0.625958	
0.00215872	-0.120404	-0.204112	-0.251387	-0.265705	-0.266303	-0.260178	-0.227492	-0.158255	-0.0505959	0.0888677	0.251292	0.429161	0.616411	0.822581	1.00398	1.12707	1.18831	1.18966	1.13827	1.05466	0.953213	0.839235	0.733473	0.660944	
0.0944582	0.000835953	-0.0571988	-0.0853225	-0.0955956	-0.0984156	-0.0902232	-0.0717135	-0.0262818	0.0532841	0.166342	0.30383	0.449958	0.60627	0.774168	0.936233	1.05842	1.12341	1.13827	1.10261	1.04143	0.958414	0.85904	0.759789	0.679569	
0.177449	0.113359	0.0863958	0.0812141	0.0877108	0.0908984	0.0826016	0.0825017	0.098719	0.14746	0.232133	0.338708	0.45128	0.575043	0.709822	0.842753	0.955208	1.02607	1.05466	1.04143	1.00218	0.937742	0.852911	0.762473	0.679408	
0.270469	0.241433	0.244493	0.260308	0.283155	0.29062	0.268676	0.250169	0.239034	0.25603	0.298014	0.361917	0.441799	0.535853	0.642813	0.748151	0.846427	0.91475	0.953213	0.958414	0.937742	0.897695	0.823539	0.735414	0.642863	
0.365915	0.375333	0.407724	0.448558	0.482354	0.489742	0.463502	0.424824	0.385064	0.367198	0.366879	0.386749	0.435755	0.505009	0.577794	0.654924	0.736885	0.797184	0.839235	0.85904	0.852911	0.823539	0.753982	0.667476	0.567038	
0.455261	0.513653	0.581357	0.638598	0.676819	0.684239	0.656484	0.606118	0.540786	0.47674	0.431339	0.417436	0.440628	0.48327	0.527974	0.583434	0.642883	0.693225	0.733473	0.759789	0.762473	0.735414	0.667476	0.570131	0.459473	
0.554183	0.64976	0.745437	0.813758	0.850093	0.855193	0.832161	0.776777	0.690324	0.589913	0.510211	0.468111	0.465695	0.484399	0.5095	0.542597	0.583494	0.625958	0.660944	0.679569	0.679408	0.642863	0.567038	0.459473	0.327858	
