-0.208617	-0.199448	-0.1929	-0.18757	-0.187123	-0.18648	-0.187849	-0.189684	-0.196834	-0.204268	-0.215074	-0.218768	-0.21443	-0.201948	-0.192824	-0.192597	-0.221191	-0.278983	-0.348353	-0.412876	-0.476857	-0.520345	-0.518273	-0.471884	-0.40299	
-0.222143	-0.21978	-0.20993	-0.197343	-0.187315	-0.185817	-0.192726	-0.204895	-0.216529	-0.22189	-0.221731	-0.212983	-0.201818	-0.194785	-0.198085	-0.207614	-0.239087	-0.297454	-0.368701	-0.429695	-0.475019	-0.488794	-0.451722	-0.370264	-0.264548	
-0.249859	-0.252007	-0.238073	-0.218488	-0.205975	-0.203519	-0.212609	-0.229777	-0.248305	-0.252757	-0.240694	-0.217869	-0.203698	-0.207397	-0.225738	-0.247794	-0.281977	-0.336282	-0.401459	-0.456024	-0.481002	-0.458222	-0.382598	-0.266435	-0.131468	
-0.270039	-0.275559	-0.256394	-0.236191	-0.226302	-0.225503	-0.230798	-0.247376	-0.269708	-0.275915	-0.254415	-0.220926	-0.20794	-0.225478	-0.258783	-0.292599	-0.331867	-0.380118	-0.431151	-0.470722	-0.473892	-0.416461	-0.301592	-0.154577	0.00616635	
-0.282399	-0.287531	-0.268584	-0.25399	-0.251609	-0.252828	-0.251856	-0.261327	-0.281025	-0.288847	-0.264365	-0.228123	-0.219477	-0.250124	-0.293566	-0.335328	-0.377754	-0.419281	-0.4468	-0.458177	-0.432422	-0.343974	-0.19452	-0.0183983	0.163737	
-0.273122	-0.276691	-0.265224	-0.262497	-0.26878	-0.271274	-0.264867	-0.262523	-0.272102	-0.27776	-0.259107	-0.229943	-0.229672	-0.267742	-0.316151	-0.358913	-0.40115	-0.432354	-0.433196	-0.404929	-0.344102	-0.229078	-0.057615	0.139646	0.335594	
-0.243825	-0.245992	-0.247889	-0.26083	-0.273196	-0.27697	-0.266229	-0.252568	-0.24507	-0.246054	-0.237827	-0.22704	-0.236433	-0.277464	-0.322502	-0.361845	-0.394649	-0.410765	-0.381914	-0.313373	-0.212173	-0.0754484	0.105206	0.30909	0.509185	
-0.206225	-0.207117	-0.224453	-0.250745	-0.267854	-0.271167	-0.258985	-0.235213	-0.211731	-0.205285	-0.209616	-0.219751	-0.241114	-0.278674	-0.315359	-0.343296	-0.358916	-0.347979	-0.289407	-0.185427	-0.0499914	0.107237	0.285743	0.480783	0.6704	
-0.175002	-0.176142	-0.202724	-0.237794	-0.257557	-0.260969	-0.247304	-0.217572	-0.184093	-0.172729	-0.184909	-0.210667	-0.240153	-0.271785	-0.293571	-0.303927	-0.291709	-0.245063	-0.152422	-0.0250714	0.130715	0.29947	0.472051	0.643356	0.805029	
-0.169028	-0.168354	-0.19451	-0.229893	-0.2512	-0.255029	-0.239756	-0.20934	-0.175861	-0.166154	-0.179674	-0.209067	-0.239011	-0.263414	-0.268418	-0.254611	-0.209853	-0.123206	0.00142589	0.143672	0.298692	0.463627	0.624861	0.770128	0.890657	
-0.186425	-0.182286	-0.198013	-0.225448	-0.245593	-0.249037	-0.234904	-0.208595	-0.18627	-0.182987	-0.194814	-0.213328	-0.23438	-0.248004	-0.237484	-0.197181	-0.11962	-0.000178873	0.147686	0.294413	0.435027	0.574883	0.713016	0.832253	0.913116	
-0.210352	-0.201567	-0.202804	-0.216393	-0.228855	-0.231798	-0.221871	-0.207834	-0.19971	-0.206985	-0.213124	-0.215571	-0.215491	-0.213984	-0.186804	-0.124896	-0.0207069	0.117581	0.270669	0.41087	0.530301	0.635545	0.734274	0.821363	0.870004	
-0.213357	-0.202837	-0.192993	-0.189709	-0.189012	-0.188573	-0.189685	-0.191157	-0.19811	-0.209757	-0.212345	-0.196682	-0.173098	-0.145316	-0.10141	-0.0240481	0.0910001	0.231981	0.371733	0.491589	0.588249	0.660902	0.716051	0.759216	0.773933	
-0.187128	-0.179816	-0.166168	-0.148553	-0.131547	-0.127765	-0.140973	-0.159941	-0.174641	-0.185692	-0.181782	-0.156201	-0.10884	-0.0523042	0.0151129	0.097897	0.208335	0.333963	0.450112	0.54231	0.614477	0.663219	0.683292	0.682049	0.654564	
-0.139302	-0.13885	-0.127429	-0.101858	-0.0736272	-0.0668797	-0.0893981	-0.118829	-0.13623	-0.140447	-0.131985	-0.100669	-0.0409457	0.0419501	0.12888	0.214234	0.304314	0.402929	0.489822	0.556988	0.606765	0.63459	0.631013	0.595749	0.528645	
-0.0832819	-0.0880707	-0.0818328	-0.0574633	-0.0292265	-0.021981	-0.0450691	-0.0738797	-0.0879397	-0.0865006	-0.0739867	-0.0422999	0.0219087	0.11466	0.212779	0.294126	0.364436	0.431231	0.491105	0.53872	0.572091	0.580275	0.553272	0.494295	0.399737	
-0.0163737	-0.0224307	-0.0205729	-0.00695646	0.0107464	0.0151863	0.000818596	-0.0165613	-0.0232561	-0.0198004	-0.00802609	0.0220513	0.0816719	0.169074	0.258159	0.331074	0.386019	0.433468	0.470201	0.501333	0.519246	0.5063	0.453066	0.36934	0.260136	
0.0622052	0.0601294	0.0570276	0.0573439	0.0592644	0.0610905	0.0574851	0.05693	0.0583726	0.0615335	0.0672912	0.0908229	0.140091	0.208776	0.274744	0.328473	0.376295	0.417535	0.443506	0.455152	0.450492	0.411368	0.329771	0.224443	0.106739	
0.139328	0.140411	0.133909	0.123804	0.11712	0.116233	0.12031	0.129587	0.138681	0.140783	0.139015	0.14949	0.181883	0.227735	0.26519	0.297188	0.336345	0.381289	0.404468	0.40069	0.36673	0.296824	0.19235	0.0762086	-0.0343682	
0.21171	0.213854	0.204254	0.194988	0.189596	0.190148	0.191547	0.200422	0.210295	0.214829	0.206692	0.20216	0.21308	0.237021	0.253192	0.266326	0.29513	0.335591	0.356718	0.340269	0.283192	0.186045	0.0650278	-0.0483863	-0.14081	
0.276457	0.276608	0.269627	0.269709	0.276172	0.278469	0.272154	0.268476	0.273513	0.278445	0.269104	0.251802	0.243555	0.249346	0.25212	0.254174	0.267953	0.292237	0.296903	0.26976	0.201789	0.095659	-0.0287251	-0.134037	-0.204361	
0.317522	0.319411	0.319569	0.33397	0.351934	0.357335	0.34153	0.324342	0.317829	0.32007	0.309233	0.287251	0.267799	0.261896	0.254971	0.246615	0.243998	0.241611	0.220714	0.17763	0.111454	0.0168455	-0.0917861	-0.181065	-0.235398	
0.328941	0.336557	0.346788	0.369793	0.393282	0.399	0.380385	0.355081	0.339191	0.332974	0.319427	0.297578	0.278972	0.269591	0.253681	0.23166	0.209078	0.182699	0.136329	0.0803269	0.0178849	-0.0543756	-0.134096	-0.198109	-0.234463	
0.336882	0.352413	0.367682	0.389921	0.408878	0.413709	0.398301	0.376435	0.357436	0.344236	0.324459	0.303835	0.290935	0.284501	0.261253	0.221499	0.177759	0.130104	0.068654	0.00290755	-0.0571183	-0.115831	-0.170347	-0.206608	-0.22129	
0.360006	0.377978	0.389453	0.401448	0.410586	0.413136	0.405266	0.394282	0.382454	0.368848	0.345078	0.322178	0.311992	0.308617	0.281346	0.228637	0.165966	0.102674	0.0303744	-0.03869	-0.100255	-0.154309	-0.197551	-0.214476	-0.207591	
0.385311	0.39661	0.395689	0.393984	0.393466	0.39414	0.393112	0.394782	0.396467	0.392335	0.370929	0.344859	0.330512	0.324793	0.296363	0.239111	0.168501	0.0938057	0.0143478	-0.0584702	-0.117991	-0.169455	-0.206613	-0.214963	-0.197322	
0.39661	0.393759	0.377505	0.364815	0.358512	0.358506	0.361009	0.371728	0.387209	0.398549	0.387345	0.362457	0.341581	0.328752	0.296674	0.240733	0.170196	0.0936098	0.00918878	-0.0639185	-0.120298	-0.164247	-0.196836	-0.204953	-0.191264	
0.395689	0.377505	0.349897	0.33155	0.324286	0.323992	0.327373	0.34118	0.365912	0.391187	0.394566	0.377118	0.354769	0.33289	0.292196	0.231226	0.162317	0.0886305	0.00935071	-0.059905	-0.110381	-0.151125	-0.184175	-0.200873	-0.201156	
0.393984	0.364815	0.33155	0.312852	0.306321	0.306734	0.308862	0.322692	0.35021	0.38477	0.400914	0.396227	0.378555	0.352035	0.298038	0.2253	0.15122	0.0844928	0.0175532	-0.038395	-0.0842958	-0.128965	-0.174804	-0.207574	-0.223382	
0.393466	0.358512	0.324286	0.306321	0.301398	0.301599	0.303329	0.315352	0.343389	0.381096	0.40604	0.411143	0.401212	0.372752	0.309535	0.223463	0.143804	0.0812918	0.0289295	-0.0140346	-0.0547359	-0.107245	-0.167733	-0.215753	-0.241258	
0.39414	0.358506	0.323992	0.306734	0.301599	0.302313	0.303305	0.315593	0.342885	0.381771	0.40755	0.41551	0.406492	0.378842	0.312907	0.225003	0.143045	0.0822566	0.032118	-0.00734542	-0.0477217	-0.10185	-0.166132	-0.217365	-0.244688	
0.393112	0.361009	0.327373	0.308862	0.303329	0.303305	0.30543	0.318042	0.346271	0.382189	0.403118	0.40265	0.388884	0.360722	0.302748	0.223381	0.147323	0.0822462	0.0223581	-0.0279658	-0.0712535	-0.119457	-0.171645	-0.211196	-0.231455	
0.394782	0.371728	0.34118	0.322692	0.315352	0.315593	0.318042	0.332417	0.358339	0.38853	0.397062	0.38517	0.363581	0.339796	0.293222	0.228561	0.157674	0.0870735	0.0117001	-0.0527939	-0.10164	-0.143159	-0.180271	-0.202838	-0.209594	
0.396467	0.387209	0.365912	0.35021	0.343389	0.342885	0.346271	0.358339	0.378569	0.39549	0.390545	0.367445	0.345739	0.328516	0.294153	0.236676	0.167724	0.0913634	0.00806724	-0.0646099	-0.118419	-0.160036	-0.191402	-0.201755	-0.192928	
0.392335	0.398549	0.391187	0.38477	0.381096	0.381771	0.382189	0.38853	0.39549	0.397739	0.379142	0.353437	0.335777	0.328168	0.298328	0.242087	0.170525	0.0942247	0.0116976	-0.0617475	-0.120099	-0.168743	-0.203805	-0.211441	-0.19398	
0.370929	0.387345	0.394566	0.400914	0.40604	0.40755	0.403118	0.397062	0.390545	0.379142	0.355809	0.330917	0.320198	0.316096	0.288838	0.232975	0.166148	0.0970997	0.0216815	-0.0489458	-0.109876	-0.163019	-0.203726	-0.216067	-0.203044	
0.344859	0.362457	0.377118	0.396227	0.411143	0.41551	0.40265	0.38517	0.367445	0.353437	0.330917	0.310194	0.29854	0.294175	0.268628	0.223163	0.170861	0.116309	0.0500953	-0.0175392	-0.0778659	-0.134376	-0.183061	-0.210455	-0.215665	
0.330512	0.341581	0.354769	0.378555	0.401212	0.406492	0.388884	0.363581	0.345739	0.335777	0.320198	0.29854	0.282409	0.273437	0.254693	0.225515	0.194656	0.159282	0.105844	0.0455355	-0.0156513	-0.0810082	-0.149444	-0.201751	-0.229375	
0.324793	0.328752	0.33289	0.352035	0.372752	0.378842	0.360722	0.339796	0.328516	0.328168	0.316096	0.294175	0.273437	0.265447	0.254686	0.241531	0.231359	0.218746	0.187143	0.137973	0.0735584	-0.0126901	-0.110352	-0.190539	-0.238265	
0.296363	0.296674	0.292196	0.298038	0.309535	0.312907	0.302748	0.293222	0.294153	0.298328	0.288838	0.268628	0.254693	0.254686	0.25337	0.251552	0.258992	0.273382	0.268142	0.235058	0.166661	0.063239	-0.0570489	-0.157274	-0.220549	
0.239111	0.240733	0.231226	0.2253	0.223463	0.225003	0.223381	0.228561	0.236676	0.242087	0.232975	0.223163	0.225515	0.241531	0.251552	0.25957	0.283098	0.318241	0.334737	0.313816	0.251241	0.147865	0.0234387	-0.0875673	-0.171155	
0.168501	0.170196	0.162317	0.15122	0.143804	0.143045	0.147323	0.157674	0.167724	0.170525	0.166148	0.170861	0.194656	0.231359	0.258992	0.283098	0.318227	0.362978	0.385811	0.377018	0.332862	0.250901	0.138748	0.0220292	-0.0816404	
0.0938057	0.0936098	0.0886305	0.0844928	0.0812918	0.0822566	0.0822462	0.0870735	0.0913634	0.0942247	0.0970997	0.116309	0.159282	0.218746	0.273382	0.318241	0.362978	0.404942	0.429404	0.434365	0.418394	0.366946	0.274828	0.16365	0.0468326	
0.0143478	0.00918878	0.00935071	0.0175532	0.0289295	0.032118	0.0223581	0.0117001	0.00806724	0.0116976	0.0216815	0.0500953	0.105844	0.187143	0.268142	0.334737	0.385811	0.429404	0.460556	0.484236	0.494257	0.470901	0.406425	0.312901	0.199936	
-0.0584702	-0.0639185	-0.059905	-0.038395	-0.0140346	-0.00734542	-0.0279658	-0.0527939	-0.0646099	-0.0617475	-0.0489458	-0.0175392	0.0455355	0.137973	0.235058	0.313816	0.377018	0.434365	0.484236	0.525419	0.552488	0.552819	0.515505	0.447344	0.34557	
-0.117991	-0.120298	-0.110381	-0.0842958	-0.0547359	-0.0477217	-0.0712535	-0.10164	-0.118419	-0.120099	-0.109876	-0.0778659	-0.0156513	0.0735584	0.166661	0.251241	0.332862	0.418394	0.494257	0.552488	0.595513	0.615263	0.603385	0.557375	0.477929	
-0.169455	-0.164247	-0.151125	-0.128965	-0.107245	-0.10185	-0.119457	-0.143159	-0.160036	-0.168743	-0.163019	-0.134376	-0.0810082	-0.0126901	0.063239	0.147865	0.250901	0.366946	0.470901	0.552819	0.615263	0.656144	0.665202	0.648615	0.60405	
-0.206613	-0.196836	-0.184175	-0.174804	-0.167733	-0.166132	-0.171645	-0.180271	-0.191402	-0.203805	-0.203726	-0.183061	-0.149444	-0.110352	-0.0570489	0.0234387	0.138748	0.274828	0.406425	0.515505	0.603385	0.665202	0.704874	0.729236	0.728193	
-0.214963	-0.204953	-0.200873	-0.207574	-0.215753	-0.217365	-0.211196	-0.202838	-0.201755	-0.211441	-0.216067	-0.210455	-0.201751	-0.190539	-0.157274	-0.0875673	0.0220292	0.16365	0.312901	0.447344	0.557375	0.648615	0.729236	0.800028	0.836373	
-0.197322	-0.191264	-0.201156	-0.223382	-0.241258	-0.244688	-0.231455	-0.209594	-0.192928	-0.19398	-0.203044	-0.215665	-0.229375	-0.238265	-0.220549	-0.171155	-0.0816404	0.0468326	0.199936	0.34557	0.477929	0.60405	0.728193	0.836373	0.903649	
