0.921885	0.926975	0.931867	0.930086	0.906429	0.872234	0.835351	0.788527	0.718482	0.619125	0.498863	0.385027	0.296579	0.249383	0.226406	0.201479	0.167285	0.122311	0.0554135	-0.0460429	-0.166351	-0.293258	-0.410805	-0.509399	-0.586004	
0.926975	0.916875	0.894039	0.861182	0.813556	0.747431	0.677331	0.600725	0.520378	0.430244	0.338591	0.255877	0.202788	0.179441	0.168681	0.155435	0.13125	0.0915549	0.0277772	-0.0669526	-0.188341	-0.327027	-0.455052	-0.558694	-0.635516	
0.931867	0.894039	0.834946	0.76367	0.682382	0.584307	0.482048	0.385224	0.294996	0.213289	0.149461	0.103038	0.086088	0.0846203	0.0871395	0.0844858	0.0665207	0.033374	-0.0132981	-0.0930431	-0.208084	-0.338537	-0.465685	-0.558231	-0.621341	
0.930086	0.861182	0.76367	0.64873	0.524837	0.397468	0.272777	0.164555	0.0694881	-0.00412414	-0.0451244	-0.0615733	-0.0514039	-0.0321389	-0.0171818	-0.00876879	-0.0127787	-0.0328026	-0.0671626	-0.132654	-0.233834	-0.348588	-0.454907	-0.521867	-0.560987	
0.906429	0.813556	0.682382	0.524837	0.358477	0.206119	0.0711918	-0.0425362	-0.132036	-0.193766	-0.222548	-0.220005	-0.195279	-0.165356	-0.139835	-0.127241	-0.11454	-0.118619	-0.137387	-0.187794	-0.265807	-0.355343	-0.428071	-0.463845	-0.474786	
0.872234	0.747431	0.584307	0.397468	0.206119	0.0358153	-0.101655	-0.213318	-0.295265	-0.348639	-0.374048	-0.361762	-0.330696	-0.2978	-0.268425	-0.246433	-0.224478	-0.214899	-0.21996	-0.25262	-0.299117	-0.353023	-0.385127	-0.386902	-0.366037	
0.835351	0.677331	0.482048	0.272777	0.0711918	-0.101655	-0.239802	-0.350132	-0.425451	-0.474345	-0.491621	-0.477804	-0.443014	-0.409822	-0.379095	-0.355244	-0.334422	-0.314688	-0.305491	-0.314463	-0.329657	-0.343183	-0.339097	-0.301615	-0.245609	
0.788527	0.600725	0.385224	0.164555	-0.0425362	-0.213318	-0.350132	-0.45314	-0.527798	-0.575532	-0.585041	-0.563609	-0.526381	-0.48457	-0.449789	-0.432219	-0.42119	-0.405873	-0.388045	-0.369116	-0.353259	-0.329296	-0.283759	-0.211686	-0.128534	
0.718482	0.520378	0.294996	0.0694881	-0.132036	-0.295265	-0.425451	-0.527798	-0.607961	-0.64909	-0.651698	-0.623497	-0.575463	-0.523617	-0.490759	-0.482635	-0.4868	-0.482344	-0.453929	-0.415692	-0.372453	-0.312162	-0.23037	-0.129976	-0.0193444	
0.619125	0.430244	0.213289	-0.00412414	-0.193766	-0.348639	-0.474345	-0.575532	-0.64909	-0.687346	-0.68413	-0.647959	-0.59534	-0.54698	-0.518586	-0.51618	-0.531602	-0.532303	-0.503985	-0.45655	-0.38712	-0.292978	-0.179962	-0.0512633	0.0849732	
0.498863	0.338591	0.149461	-0.0451244	-0.222548	-0.374048	-0.491621	-0.585041	-0.651698	-0.68413	-0.674593	-0.636603	-0.591042	-0.554567	-0.540757	-0.546235	-0.563287	-0.56494	-0.538851	-0.481998	-0.387735	-0.266428	-0.126228	0.0264425	0.185674	
0.385027	0.255877	0.103038	-0.0615733	-0.220005	-0.361762	-0.477804	-0.563609	-0.623497	-0.647959	-0.636603	-0.603678	-0.573415	-0.561035	-0.563498	-0.574388	-0.590312	-0.591601	-0.560701	-0.484342	-0.370639	-0.228517	-0.0656144	0.106736	0.282662	
0.296579	0.202788	0.086088	-0.0514039	-0.195279	-0.330696	-0.443014	-0.526381	-0.575463	-0.59534	-0.591042	-0.573415	-0.563514	-0.570525	-0.582159	-0.597602	-0.612658	-0.602961	-0.553814	-0.45644	-0.32492	-0.171971	0.000452667	0.185598	0.368993	
0.249383	0.179441	0.0846203	-0.0321389	-0.165356	-0.2978	-0.409822	-0.48457	-0.523617	-0.54698	-0.554567	-0.561035	-0.570525	-0.583035	-0.588821	-0.602229	-0.610801	-0.592892	-0.521846	-0.40226	-0.259162	-0.0956618	0.0802192	0.260443	0.43205	
0.226406	0.168681	0.0871395	-0.0171818	-0.139835	-0.268425	-0.379095	-0.449789	-0.490759	-0.518586	-0.540757	-0.563498	-0.582159	-0.588821	-0.587649	-0.585202	-0.578258	-0.544272	-0.460788	-0.328417	-0.176538	-0.00738783	0.167598	0.33272	0.484679	
0.201479	0.155435	0.0844858	-0.00876879	-0.127241	-0.246433	-0.355244	-0.432219	-0.482635	-0.51618	-0.546235	-0.574388	-0.597602	-0.602229	-0.585202	-0.552878	-0.518727	-0.465223	-0.370237	-0.236599	-0.0791443	0.0911218	0.260191	0.404261	0.532152	
0.167285	0.13125	0.0665207	-0.0127787	-0.11454	-0.224478	-0.334422	-0.42119	-0.4868	-0.531602	-0.563287	-0.590312	-0.612658	-0.610801	-0.578258	-0.518727	-0.453321	-0.373106	-0.263592	-0.126764	0.0332587	0.197342	0.351212	0.472824	0.572922	
0.122311	0.0915549	0.033374	-0.0328026	-0.118619	-0.214899	-0.314688	-0.405873	-0.482344	-0.532303	-0.56494	-0.591601	-0.602961	-0.592892	-0.544272	-0.465223	-0.373106	-0.260694	-0.133848	0.00257394	0.149876	0.292771	0.417642	0.521208	0.592648	
0.0554135	0.0277772	-0.0132981	-0.0671626	-0.137387	-0.21996	-0.305491	-0.388045	-0.453929	-0.503985	-0.538851	-0.560701	-0.553814	-0.521846	-0.460788	-0.370237	-0.263592	-0.133848	-0.00270407	0.124344	0.249207	0.363115	0.461797	0.539485	0.584287	
-0.0460429	-0.0669526	-0.0930431	-0.132654	-0.187794	-0.25262	-0.314463	-0.369116	-0.415692	-0.45655	-0.481998	-0.484342	-0.45644	-0.40226	-0.328417	-0.236599	-0.126764	0.00257394	0.124344	0.23005	0.327719	0.411626	0.475892	0.523103	0.543349	
-0.166351	-0.188341	-0.208084	-0.233834	-0.265807	-0.299117	-0.329657	-0.353259	-0.372453	-0.38712	-0.387735	-0.370639	-0.32492	-0.259162	-0.176538	-0.0791443	0.0332587	0.149876	0.249207	0.327719	0.390263	0.438999	0.466154	0.480394	0.476751	
-0.293258	-0.327027	-0.338537	-0.348588	-0.355343	-0.353023	-0.343183	-0.329296	-0.312162	-0.292978	-0.266428	-0.228517	-0.171971	-0.0956618	-0.00738783	0.0911218	0.197342	0.292771	0.363115	0.411626	0.438999	0.450474	0.44655	0.430576	0.404389	
-0.410805	-0.455052	-0.465685	-0.454907	-0.428071	-0.385127	-0.339097	-0.283759	-0.23037	-0.179962	-0.126228	-0.0656144	0.000452667	0.0802192	0.167598	0.260191	0.351212	0.417642	0.461797	0.475892	0.466154	0.44655	0.422468	0.382858	0.337351	
-0.509399	-0.558694	-0.558231	-0.521867	-0.463845	-0.386902	-0.301615	-0.211686	-0.129976	-0.0512633	0.0264425	0.106736	0.185598	0.260443	0.33272	0.404261	0.472824	0.521208	0.539485	0.523103	0.480394	0.430576	0.382858	0.327714	0.262951	
-0.586004	-0.635516	-0.621341	-0.560987	-0.474786	-0.366037	-0.245609	-0.128534	-0.0193444	0.0849732	0.185674	0.282662	0.368993	0.43205	0.484679	0.532152	0.572922	0.592648	0.584287	0.543349	0.476751	0.404389	0.337351	0.262951	0.175093	
-0.640847	-0.686028	-0.661286	-0.584935	-0.466559	-0.331517	-0.184457	-0.0412426	0.0964076	0.224136	0.343544	0.450785	0.532255	0.584191	0.61259	0.632837	0.640969	0.63297	0.60007	0.537423	0.451573	0.358036	0.272209	0.186622	0.0991616	
-0.693218	-0.724151	-0.678125	-0.575301	-0.437522	-0.285172	-0.12151	0.0430602	0.207663	0.361956	0.491248	0.593887	0.66474	0.700096	0.711672	0.705558	0.681502	0.644467	0.586305	0.509165	0.412304	0.30599	0.206582	0.122136	0.0419789	
-0.737441	-0.740911	-0.661696	-0.532778	-0.377263	-0.217235	-0.0471734	0.12794	0.313188	0.486576	0.619411	0.709331	0.763609	0.784129	0.773765	0.741208	0.694069	0.634562	0.559813	0.475889	0.375762	0.264533	0.159287	0.071696	-0.00180742	
-0.74634	-0.725077	-0.623748	-0.478399	-0.305756	-0.133516	0.038496	0.220419	0.412034	0.587047	0.718724	0.800982	0.833375	0.832046	0.799331	0.749398	0.69627	0.626908	0.541577	0.447588	0.343462	0.233792	0.128895	0.0385686	-0.0285905	
-0.740813	-0.700949	-0.591257	-0.438512	-0.259424	-0.0749089	0.103551	0.286199	0.476337	0.655039	0.785994	0.859057	0.877177	0.856967	0.808846	0.750809	0.697259	0.622129	0.525951	0.422148	0.318451	0.217298	0.118329	0.0277836	-0.0383399	
-0.739499	-0.697348	-0.584642	-0.430798	-0.251866	-0.066066	0.11506	0.298962	0.488608	0.667317	0.79769	0.869423	0.886376	0.863144	0.811905	0.750864	0.697895	0.623159	0.522257	0.417774	0.314945	0.214699	0.116675	0.0276181	-0.0397639	
-0.744052	-0.713765	-0.609198	-0.460022	-0.282743	-0.104052	0.0698218	0.25156	0.442671	0.619162	0.75121	0.82925	0.854144	0.84314	0.80325	0.749894	0.696867	0.623798	0.535082	0.435929	0.331378	0.225001	0.122827	0.0319897	-0.0343791	
-0.744908	-0.738097	-0.646916	-0.510081	-0.348063	-0.184497	-0.0138818	0.165533	0.355027	0.529702	0.662053	0.748791	0.79502	0.807929	0.787583	0.746953	0.694875	0.631327	0.551859	0.464067	0.362985	0.251202	0.144714	0.0560851	-0.0143708	
-0.713775	-0.73436	-0.675705	-0.56165	-0.41716	-0.26096	-0.0936763	0.0761113	0.250403	0.414371	0.545803	0.642704	0.708175	0.737231	0.741085	0.724487	0.689654	0.641534	0.575627	0.495451	0.396521	0.287579	0.185301	0.100592	0.0225452	
-0.661623	-0.702814	-0.671122	-0.58576	-0.457916	-0.315096	-0.159666	-0.00673153	0.141826	0.279767	0.40418	0.511867	0.589162	0.635576	0.655949	0.664806	0.660074	0.641057	0.597627	0.528394	0.437029	0.336478	0.244456	0.158499	0.0743002	
-0.609026	-0.658427	-0.639919	-0.572753	-0.473802	-0.353	-0.221357	-0.0935407	0.0269746	0.140187	0.249194	0.352305	0.437444	0.496369	0.539347	0.576719	0.604181	0.61249	0.593596	0.543867	0.469006	0.388603	0.313845	0.232422	0.142442	
-0.543158	-0.592256	-0.586207	-0.540299	-0.470745	-0.38042	-0.279523	-0.178924	-0.0870431	0.00277057	0.0899353	0.1772	0.260027	0.331029	0.394874	0.45692	0.515475	0.553691	0.561707	0.534927	0.481136	0.421256	0.365461	0.302563	0.228368	
-0.452484	-0.500739	-0.507253	-0.486037	-0.446577	-0.389847	-0.32831	-0.257074	-0.191318	-0.13011	-0.0667107	0.00282921	0.0733426	0.152756	0.235948	0.320711	0.403916	0.463042	0.495528	0.497241	0.473583	0.441316	0.408358	0.362582	0.309302	
-0.34292	-0.380512	-0.391784	-0.394286	-0.388979	-0.369637	-0.345033	-0.314842	-0.282412	-0.249651	-0.211791	-0.165288	-0.105385	-0.0263422	0.0626746	0.160432	0.26094	0.344333	0.40521	0.439108	0.451861	0.450853	0.438429	0.410972	0.377439	
-0.216956	-0.243441	-0.25871	-0.278834	-0.301145	-0.320768	-0.336029	-0.344646	-0.350522	-0.352396	-0.342412	-0.317312	-0.26599	-0.195883	-0.111195	-0.0120363	0.0995421	0.209577	0.296488	0.36345	0.412043	0.445182	0.458511	0.46093	0.447435	
-0.092789	-0.112409	-0.136098	-0.170176	-0.216753	-0.27036	-0.319986	-0.363051	-0.399863	-0.431566	-0.447308	-0.442611	-0.407158	-0.347466	-0.269023	-0.175541	-0.0647097	0.0601627	0.174633	0.269586	0.354123	0.425257	0.474462	0.508066	0.518064	
0.0182282	-0.00661336	-0.040097	-0.088412	-0.15371	-0.229959	-0.307236	-0.379325	-0.438362	-0.487275	-0.521219	-0.53538	-0.519808	-0.47795	-0.412311	-0.320809	-0.211954	-0.0799509	0.0484374	0.168217	0.283562	0.384946	0.470828	0.536729	0.572069	
0.0992675	0.0693232	0.0174121	-0.0438587	-0.122746	-0.213799	-0.309305	-0.399434	-0.473435	-0.523796	-0.557275	-0.584495	-0.589476	-0.571979	-0.518011	-0.432452	-0.33329	-0.212018	-0.0808823	0.0534662	0.191839	0.324183	0.438241	0.531781	0.59282	
0.150722	0.117356	0.0547879	-0.0193248	-0.114672	-0.219874	-0.325918	-0.415355	-0.487641	-0.535532	-0.567724	-0.593428	-0.612473	-0.607147	-0.568901	-0.501054	-0.42336	-0.329797	-0.213774	-0.0761208	0.0813668	0.237919	0.381328	0.496107	0.583869	
0.189644	0.14735	0.0784714	-0.00850181	-0.121735	-0.236746	-0.346915	-0.427922	-0.48342	-0.521372	-0.552856	-0.581021	-0.605372	-0.608567	-0.58409	-0.540158	-0.493502	-0.430423	-0.33015	-0.195525	-0.0364911	0.133494	0.297853	0.432806	0.549905	
0.216715	0.164408	0.0878057	-0.0130703	-0.134364	-0.259288	-0.368819	-0.440914	-0.485017	-0.515061	-0.540794	-0.56666	-0.587175	-0.59258	-0.586873	-0.573011	-0.55588	-0.515007	-0.426808	-0.293866	-0.139538	0.0310938	0.204606	0.361643	0.503968	
0.239326	0.174334	0.0861212	-0.024773	-0.153693	-0.28577	-0.396907	-0.468266	-0.506961	-0.532268	-0.546211	-0.560955	-0.575253	-0.585347	-0.588619	-0.597698	-0.601901	-0.578422	-0.501757	-0.374796	-0.227581	-0.0613652	0.114182	0.289354	0.453515	
0.272615	0.191669	0.0841366	-0.043813	-0.183148	-0.317114	-0.428864	-0.509801	-0.553875	-0.574372	-0.574091	-0.566158	-0.564543	-0.57638	-0.586497	-0.602274	-0.615646	-0.602841	-0.543578	-0.437975	-0.300958	-0.143505	0.0306427	0.215586	0.396786	
0.34508	0.230481	0.09328	-0.0598653	-0.212249	-0.350438	-0.465893	-0.549594	-0.605786	-0.628297	-0.618646	-0.589638	-0.567311	-0.564007	-0.571333	-0.584716	-0.600386	-0.598334	-0.56176	-0.476588	-0.355144	-0.208188	-0.0403647	0.138828	0.319289	
0.451741	0.303724	0.128465	-0.0553329	-0.224959	-0.372755	-0.488612	-0.579804	-0.644394	-0.673006	-0.661219	-0.624968	-0.584882	-0.556645	-0.550864	-0.558241	-0.575004	-0.576538	-0.549983	-0.486272	-0.384094	-0.252998	-0.102456	0.0579754	0.225281	
