0.0171548	0.0390932	0.0810022	0.152381	0.260242	0.404307	0.574155	0.751335	0.916121	1.05443	1.1604	1.23436	1.27925	1.29805	1.29297	1.26576	1.21858	1.15461	1.07801	0.993353	0.904961	0.81673	0.731994	0.653406	0.583	
0.0390932	0.0828474	0.158833	0.275158	0.431147	0.613582	0.799679	0.966545	1.10032	1.19794	1.26207	1.29561	1.29983	1.27524	1.22311	1.14657	1.05071	0.941873	0.826407	0.709567	0.595553	0.487763	0.388672	0.299963	0.222772	
0.0810022	0.158833	0.280281	0.444995	0.637686	0.831519	1.00039	1.13083	1.22274	1.28021	1.3042	1.29303	1.2461	1.16598	1.05851	0.931658	0.793811	0.652339	0.512517	0.378034	0.252052	0.136922	0.0340036	-0.0558659	-0.132339	
0.152381	0.275158	0.444995	0.645784	0.847246	1.01968	1.14931	1.23857	1.29221	1.30771	1.27999	1.20921	1.10149	0.96618	0.813413	0.652158	0.489493	0.3303	0.177888	0.0357567	-0.0930002	-0.20699	-0.305661	-0.388923	-0.457533	
0.260242	0.431147	0.637686	0.847246	1.02593	1.15801	1.2475	1.29965	1.30798	1.26406	1.17082	1.03964	0.882199	0.708619	0.527115	0.344278	0.16583	-0.0037309	-0.159731	-0.297745	-0.416436	-0.516305	-0.597903	-0.662861	-0.71351	
0.404307	0.613582	0.831519	1.01968	1.15801	1.25041	1.30324	1.30697	1.24974	1.138	0.989091	0.814667	0.622295	0.420239	0.21651	0.0195778	-0.163359	-0.326929	-0.466403	-0.581127	-0.6736	-0.745348	-0.798501	-0.83681	-0.86315	
0.574155	0.799679	1.00039	1.14931	1.2475	1.30324	1.30639	1.2413	1.11631	0.954602	0.76636	0.554892	0.331461	0.108643	-0.102543	-0.292584	-0.457002	-0.59259	-0.699076	-0.780355	-0.838648	-0.875833	-0.896854	-0.906148	-0.906417	
0.751335	0.966545	1.13083	1.23857	1.29965	1.30697	1.2413	1.10878	0.937435	0.737438	0.507296	0.263623	0.0264438	-0.194103	-0.388328	-0.552138	-0.684287	-0.782939	-0.851573	-0.893084	-0.909839	-0.908154	-0.894978	-0.873578	-0.84828	
0.916121	1.10032	1.22274	1.29221	1.30798	1.24974	1.11631	0.937435	0.727787	0.482245	0.221025	-0.0266167	-0.254808	-0.456244	-0.622079	-0.75201	-0.841873	-0.894003	-0.913742	-0.90571	-0.878514	-0.840813	-0.797357	-0.751676	-0.709548	
1.05443	1.19794	1.28021	1.30771	1.26406	1.138	0.954602	0.737438	0.482245	0.206544	-0.0518072	-0.288894	-0.5024	-0.672309	-0.797794	-0.876998	-0.910239	-0.908189	-0.876736	-0.827472	-0.768446	-0.706425	-0.644977	-0.590051	-0.543515	
1.1604	1.26207	1.3042	1.27999	1.17082	0.989091	0.76636	0.507296	0.221025	-0.0518072	-0.299902	-0.526893	-0.702576	-0.821691	-0.893283	-0.912104	-0.893242	-0.843234	-0.773935	-0.696475	-0.617213	-0.54492	-0.482599	-0.433309	-0.39435	
1.23436	1.29561	1.29303	1.20921	1.03964	0.814667	0.554892	0.263623	-0.0266167	-0.288894	-0.526893	-0.712528	-0.829854	-0.900199	-0.913107	-0.878781	-0.813122	-0.721888	-0.628375	-0.535799	-0.459689	-0.398766	-0.354976	-0.323284	-0.302996	
1.27925	1.29983	1.2461	1.10149	0.882199	0.622295	0.331461	0.0264438	-0.254808	-0.5024	-0.702576	-0.829854	-0.902434	-0.915746	-0.865926	-0.786243	-0.678281	-0.571545	-0.475939	-0.399921	-0.348666	-0.312858	-0.29348	-0.282519	-0.276993	
1.29805	1.27524	1.16598	0.96618	0.708619	0.420239	0.108643	-0.194103	-0.456244	-0.672309	-0.821691	-0.900199	-0.915746	-0.860004	-0.768653	-0.654908	-0.534884	-0.439546	-0.362556	-0.320821	-0.293842	-0.286875	-0.282695	-0.284083	-0.280868	
1.29297	1.22311	1.05851	0.813413	0.527115	0.21651	-0.102543	-0.388328	-0.622079	-0.797794	-0.893283	-0.913107	-0.865926	-0.768653	-0.649294	-0.518011	-0.414392	-0.340616	-0.30396	-0.292898	-0.29193	-0.294577	-0.290301	-0.286274	-0.280364	
1.26576	1.14657	0.931658	0.652158	0.344278	0.0195778	-0.292584	-0.552138	-0.75201	-0.876998	-0.912104	-0.878781	-0.786243	-0.654908	-0.518011	-0.40325	-0.33248	-0.30052	-0.300561	-0.30135	-0.300298	-0.285565	-0.27511	-0.259607	-0.24929	
1.21858	1.05071	0.793811	0.489493	0.16583	-0.163359	-0.457002	-0.684287	-0.841873	-0.910239	-0.893242	-0.813122	-0.678281	-0.534884	-0.414392	-0.33248	-0.302591	-0.301913	-0.306292	-0.295881	-0.275458	-0.254716	-0.239174	-0.224435	-0.214856	
1.15461	0.941873	0.652339	0.3303	-0.0037309	-0.326929	-0.59259	-0.782939	-0.894003	-0.908189	-0.843234	-0.721888	-0.571545	-0.439546	-0.340616	-0.30052	-0.301913	-0.306967	-0.297368	-0.264826	-0.239303	-0.221763	-0.215573	-0.208609	-0.20763	
1.07801	0.826407	0.512517	0.177888	-0.159731	-0.466403	-0.699076	-0.851573	-0.913742	-0.876736	-0.773935	-0.628375	-0.475939	-0.362556	-0.30396	-0.300561	-0.306292	-0.297368	-0.258786	-0.225109	-0.214944	-0.218851	-0.217209	-0.211622	-0.21021	
0.993353	0.709567	0.378034	0.0357567	-0.297745	-0.581127	-0.780355	-0.893084	-0.90571	-0.827472	-0.696475	-0.535799	-0.399921	-0.320821	-0.292898	-0.30135	-0.295881	-0.264826	-0.225109	-0.217765	-0.226769	-0.227016	-0.208313	-0.204636	-0.19909	
0.904961	0.595553	0.252052	-0.0930002	-0.416436	-0.6736	-0.838648	-0.909839	-0.878514	-0.768446	-0.617213	-0.459689	-0.348666	-0.293842	-0.29193	-0.300298	-0.275458	-0.239303	-0.214944	-0.226769	-0.226115	-0.206535	-0.187906	-0.190522	-0.181299	
0.81673	0.487763	0.136922	-0.20699	-0.516305	-0.745348	-0.875833	-0.908154	-0.840813	-0.706425	-0.54492	-0.398766	-0.312858	-0.286875	-0.294577	-0.285565	-0.254716	-0.221763	-0.218851	-0.227016	-0.206535	-0.181018	-0.180421	-0.188423	-0.177598	
0.731994	0.388672	0.0340036	-0.305661	-0.597903	-0.798501	-0.896854	-0.894978	-0.797357	-0.644977	-0.482599	-0.354976	-0.29348	-0.282695	-0.290301	-0.27511	-0.239174	-0.215573	-0.217209	-0.208313	-0.187906	-0.180421	-0.198479	-0.185917	-0.174903	
0.653406	0.299963	-0.0558659	-0.388923	-0.662861	-0.83681	-0.906148	-0.873578	-0.751676	-0.590051	-0.433309	-0.323284	-0.282519	-0.284083	-0.286274	-0.259607	-0.224435	-0.208609	-0.211622	-0.204636	-0.190522	-0.188423	-0.185917	-0.167456	-0.164907	
0.583	0.222772	-0.132339	-0.457533	-0.71351	-0.86315	-0.906417	-0.84828	-0.709548	-0.543515	-0.39435	-0.302996	-0.276993	-0.280868	-0.280364	-0.24929	-0.214856	-0.20763	-0.21021	-0.19909	-0.181299	-0.177598	-0.174903	-0.164907	-0.166249	
0.522279	0.15774	-0.195554	-0.512536	-0.75175	-0.880111	-0.901695	-0.823422	-0.67211	-0.504889	-0.365474	-0.288305	-0.274007	-0.283866	-0.273587	-0.235185	-0.209308	-0.205455	-0.209017	-0.191245	-0.173779	-0.175578	-0.176203	-0.168976	-0.166929	
0.472277	0.105169	-0.245804	-0.554997	-0.779713	-0.89066	-0.894602	-0.800291	-0.640974	-0.475531	-0.344198	-0.279559	-0.274459	-0.280708	-0.266058	-0.23032	-0.204407	-0.205273	-0.202219	-0.183323	-0.176629	-0.183512	-0.175561	-0.157459	-0.158588	
0.433689	0.0651701	-0.283525	-0.586135	-0.799237	-0.896547	-0.887053	-0.781674	-0.617478	-0.453231	-0.329154	-0.275122	-0.274489	-0.278977	-0.260413	-0.222773	-0.202479	-0.204672	-0.202576	-0.184472	-0.173321	-0.171136	-0.162187	-0.159977	-0.164093	
0.406949	0.0377168	-0.30917	-0.606882	-0.811654	-0.899561	-0.881109	-0.768275	-0.600819	-0.43863	-0.320451	-0.271601	-0.273054	-0.278617	-0.258888	-0.219055	-0.200113	-0.204041	-0.19735	-0.178908	-0.171685	-0.177744	-0.170512	-0.159845	-0.160105	
0.392306	0.0227555	-0.323067	-0.617969	-0.818106	-0.900883	-0.877477	-0.760628	-0.591915	-0.430915	-0.315207	-0.270559	-0.275061	-0.276962	-0.253152	-0.217454	-0.200893	-0.20397	-0.198411	-0.177944	-0.171934	-0.175434	-0.165438	-0.156803	-0.158864	
0.389882	0.020247	-0.32544	-0.61986	-0.819115	-0.900906	-0.876797	-0.759703	-0.590644	-0.429111	-0.314379	-0.270661	-0.273583	-0.277124	-0.255856	-0.216435	-0.19983	-0.203116	-0.197528	-0.180709	-0.172065	-0.172293	-0.160204	-0.15872	-0.162276	
0.399694	0.03018	-0.316305	-0.612554	-0.814795	-0.900092	-0.879354	-0.764501	-0.596186	-0.434857	-0.318236	-0.270864	-0.273706	-0.278021	-0.256008	-0.218356	-0.200472	-0.203877	-0.197132	-0.176891	-0.171465	-0.180108	-0.172167	-0.157786	-0.157431	
0.421664	0.0526088	-0.295513	-0.595865	-0.80482	-0.897599	-0.88433	-0.776153	-0.61024	-0.445759	-0.324501	-0.274393	-0.274653	-0.278237	-0.258355	-0.221254	-0.202808	-0.203902	-0.202253	-0.182796	-0.171486	-0.171215	-0.161953	-0.16071	-0.163856	
0.455592	0.0875818	-0.26274	-0.569064	-0.788313	-0.893053	-0.891356	-0.792421	-0.630754	-0.465773	-0.337854	-0.277009	-0.273237	-0.281166	-0.265404	-0.225779	-0.202822	-0.204031	-0.200849	-0.185245	-0.175229	-0.180928	-0.170532	-0.15858	-0.160297	
0.501121	0.135151	-0.217578	-0.531349	-0.763985	-0.884513	-0.898754	-0.814141	-0.65916	-0.491502	-0.35556	-0.285474	-0.274786	-0.281107	-0.269527	-0.233965	-0.208288	-0.206065	-0.205974	-0.186646	-0.174378	-0.1797	-0.176848	-0.162316	-0.162646	
0.557663	0.195255	-0.159555	-0.481528	-0.73022	-0.870524	-0.904618	-0.83823	-0.694211	-0.527007	-0.381314	-0.296442	-0.275835	-0.282159	-0.277839	-0.243215	-0.211547	-0.206688	-0.210886	-0.196312	-0.176908	-0.17322	-0.175705	-0.169893	-0.168464	
0.624328	0.267661	-0.0883328	-0.418443	-0.684889	-0.848496	-0.906767	-0.863326	-0.734536	-0.571034	-0.415931	-0.31314	-0.280848	-0.283904	-0.28305	-0.254784	-0.220386	-0.207138	-0.211068	-0.203177	-0.189477	-0.186957	-0.178154	-0.162803	-0.162939	
0.699821	0.351865	-0.00373564	-0.341051	-0.625885	-0.815465	-0.90192	-0.886919	-0.778149	-0.622057	-0.462863	-0.340984	-0.286475	-0.282774	-0.290242	-0.270085	-0.232852	-0.212324	-0.214101	-0.204243	-0.186979	-0.184229	-0.19692	-0.180349	-0.172148	
0.782342	0.446942	0.0940975	-0.248474	-0.551185	-0.768689	-0.885981	-0.904204	-0.82373	-0.68063	-0.518218	-0.380277	-0.304492	-0.28463	-0.291842	-0.280387	-0.24888	-0.219345	-0.220769	-0.22011	-0.197156	-0.179056	-0.187643	-0.18741	-0.175898	
0.869512	0.551442	0.20447	-0.140426	-0.458602	-0.704866	-0.85613	-0.911042	-0.863951	-0.743266	-0.587281	-0.433725	-0.332315	-0.289395	-0.294202	-0.295446	-0.265406	-0.230258	-0.215952	-0.229647	-0.21939	-0.193321	-0.181646	-0.19024	-0.179561	
0.958286	0.663282	0.326264	-0.017454	-0.347341	-0.620654	-0.806675	-0.902997	-0.896812	-0.803938	-0.663365	-0.502941	-0.377925	-0.309054	-0.291168	-0.301855	-0.288739	-0.252664	-0.218499	-0.220737	-0.230272	-0.223429	-0.199787	-0.197058	-0.189965	
1.04496	0.779453	0.457622	0.119547	-0.216992	-0.515002	-0.734623	-0.871598	-0.913664	-0.858911	-0.743653	-0.5897	-0.441194	-0.342066	-0.298879	-0.302409	-0.304114	-0.285443	-0.242519	-0.217831	-0.216552	-0.22262	-0.216121	-0.212394	-0.208828	
1.12535	0.896085	0.59569	0.268153	-0.0678452	-0.385442	-0.638545	-0.814168	-0.905765	-0.898368	-0.816988	-0.684772	-0.531998	-0.404945	-0.320136	-0.298249	-0.305331	-0.306322	-0.285045	-0.247216	-0.22669	-0.218169	-0.214075	-0.207451	-0.207945	
1.19491	1.00834	0.737083	0.424974	0.0967157	-0.231212	-0.514648	-0.727657	-0.867165	-0.913605	-0.876658	-0.778243	-0.633822	-0.493983	-0.381676	-0.31485	-0.299701	-0.304473	-0.305894	-0.286367	-0.259865	-0.239164	-0.227631	-0.217114	-0.20979	
1.24923	1.11019	0.877202	0.586763	0.272129	-0.0555121	-0.361696	-0.609006	-0.792586	-0.894969	-0.908628	-0.856854	-0.745868	-0.604926	-0.47144	-0.36982	-0.315319	-0.298233	-0.303865	-0.302538	-0.294849	-0.275455	-0.259708	-0.243072	-0.232797	
1.28473	1.19517	1.00944	0.749305	0.453842	0.136651	-0.181436	-0.45783	-0.678782	-0.835061	-0.906113	-0.903502	-0.837366	-0.726396	-0.596692	-0.467352	-0.37556	-0.316998	-0.298092	-0.294578	-0.296164	-0.294973	-0.289537	-0.280138	-0.271374	
1.29889	1.25757	1.12567	0.906412	0.636585	0.338642	0.0222345	-0.275381	-0.527061	-0.727896	-0.856409	-0.912557	-0.901416	-0.825402	-0.722952	-0.599886	-0.483375	-0.394481	-0.331739	-0.304428	-0.288789	-0.287831	-0.284253	-0.286328	-0.283009	
1.28988	1.29346	1.21759	1.04983	0.814166	0.542391	0.241675	-0.0644915	-0.339295	-0.575902	-0.756021	-0.863675	-0.916547	-0.90119	-0.83074	-0.735893	-0.619604	-0.515178	-0.424369	-0.361072	-0.319534	-0.298087	-0.285984	-0.280456	-0.277153	
1.25574	1.3009	1.27837	1.16975	0.979025	0.739619	0.466435	0.167154	-0.120693	-0.378343	-0.604341	-0.766181	-0.864516	-0.914686	-0.90236	-0.848579	-0.763788	-0.662538	-0.565154	-0.47653	-0.407404	-0.354591	-0.322298	-0.299809	-0.286478	
1.19377	1.2792	1.30404	1.25634	1.12191	0.921959	0.684319	0.410228	0.119506	-0.148996	-0.394562	-0.609339	-0.762096	-0.860596	-0.908829	-0.906166	-0.86868	-0.800545	-0.719031	-0.63315	-0.553504	-0.482323	-0.424877	-0.38058	-0.349419	
