-0.311993	-0.304968	-0.245398	-0.129489	0.00126212	0.107373	0.183426	0.232145	0.261231	0.285876	0.318428	0.352672	0.376878	0.399982	0.440671	0.487446	0.526437	0.545327	0.542836	0.504905	0.411884	0.263471	0.0828527	-0.102238	-0.268542	
-0.304968	-0.329287	-0.304757	-0.23297	-0.141817	-0.0563285	0.0117822	0.0704309	0.117496	0.158673	0.213151	0.284198	0.352703	0.430264	0.517561	0.594758	0.651251	0.679558	0.678599	0.630292	0.523653	0.366148	0.178634	-0.0205514	-0.200888	
-0.245398	-0.304757	-0.326377	-0.312043	-0.267375	-0.214517	-0.164138	-0.111534	-0.0638394	-0.0125428	0.0673771	0.176101	0.291009	0.41931	0.548009	0.654012	0.736187	0.780735	0.781698	0.732346	0.625659	0.473615	0.292442	0.0995435	-0.0872389	
-0.129489	-0.23297	-0.312043	-0.356729	-0.365801	-0.350488	-0.32441	-0.289244	-0.25075	-0.197864	-0.103329	0.0298677	0.185446	0.359526	0.527081	0.664836	0.770607	0.83698	0.853183	0.8143	0.719057	0.586385	0.424215	0.233482	0.0376384	
0.00126212	-0.141817	-0.267375	-0.365801	-0.426172	-0.451602	-0.459076	-0.453792	-0.434574	-0.393953	-0.30181	-0.154436	0.0317442	0.241826	0.444751	0.618819	0.756274	0.854889	0.899952	0.887665	0.81171	0.69403	0.547885	0.368126	0.174192	
0.107373	-0.0563285	-0.214517	-0.350488	-0.451602	-0.524454	-0.576742	-0.613191	-0.624295	-0.601779	-0.515815	-0.359194	-0.149409	0.0874393	0.3273	0.543727	0.724778	0.865332	0.94653	0.961163	0.907033	0.807179	0.669162	0.503905	0.321118	
0.183426	0.0117822	-0.164138	-0.32441	-0.459076	-0.576742	-0.678614	-0.763555	-0.809721	-0.804922	-0.722966	-0.559742	-0.331398	-0.0678424	0.207024	0.46427	0.686427	0.872801	0.993376	1.04462	1.02203	0.937077	0.807755	0.648051	0.476643	
0.232145	0.0704309	-0.111534	-0.289244	-0.453792	-0.613191	-0.763555	-0.892754	-0.969343	-0.976203	-0.895951	-0.726344	-0.48601	-0.205152	0.0899757	0.374335	0.637446	0.863587	1.02959	1.1301	1.14596	1.0787	0.95716	0.80737	0.644025	
0.261231	0.117496	-0.0638394	-0.25075	-0.434574	-0.624295	-0.809721	-0.969343	-1.06995	-1.08834	-1.0147	-0.844804	-0.598994	-0.311675	-0.0105091	0.29502	0.59318	0.856051	1.06206	1.20629	1.25971	1.22127	1.11878	0.977994	0.825061	
0.285876	0.158673	-0.0125428	-0.197864	-0.393953	-0.601779	-0.804922	-0.976203	-1.08834	-1.11586	-1.05037	-0.888032	-0.654804	-0.379939	-0.0761693	0.244546	0.56235	0.847008	1.07969	1.25142	1.33942	1.33924	1.2652	1.13757	0.990414	
0.318428	0.213151	0.0673771	-0.103329	-0.30181	-0.515815	-0.722966	-0.895951	-1.0147	-1.05037	-0.991587	-0.844033	-0.63582	-0.380425	-0.0901407	0.224382	0.540496	0.833689	1.07923	1.26709	1.38532	1.41879	1.36694	1.25517	1.11217	
0.352672	0.284198	0.176101	0.0298677	-0.154436	-0.359194	-0.559742	-0.726344	-0.844804	-0.888032	-0.844033	-0.725579	-0.543514	-0.311173	-0.0488743	0.239264	0.538136	0.817254	1.05156	1.24275	1.38172	1.4461	1.41887	1.32241	1.177	
0.376878	0.352703	0.291009	0.185446	0.0317442	-0.149409	-0.331398	-0.48601	-0.598994	-0.654804	-0.63582	-0.543514	-0.387802	-0.189026	0.0366252	0.285041	0.543874	0.785384	0.997575	1.18321	1.32988	1.41507	1.41527	1.33495	1.18973	
0.399982	0.430264	0.41931	0.359526	0.241826	0.0874393	-0.0678424	-0.205152	-0.311675	-0.379939	-0.380425	-0.311173	-0.189026	-0.0334259	0.145082	0.345447	0.551542	0.751911	0.936186	1.10627	1.25107	1.34572	1.3676	1.30337	1.17009	
0.440671	0.517561	0.548009	0.527081	0.444751	0.3273	0.207024	0.0899757	-0.0105091	-0.0761693	-0.0901407	-0.0488743	0.0366252	0.145082	0.27394	0.410848	0.559959	0.72116	0.879825	1.02693	1.16643	1.26638	1.29215	1.24801	1.13563	
0.487446	0.594758	0.654012	0.664836	0.618819	0.543727	0.46427	0.374335	0.29502	0.244546	0.224382	0.239264	0.285041	0.345447	0.410848	0.487981	0.587731	0.709592	0.839013	0.966893	1.09513	1.18535	1.2147	1.18549	1.0907	
0.526437	0.651251	0.736187	0.770607	0.756274	0.724778	0.686427	0.637446	0.59318	0.56235	0.540496	0.538136	0.543874	0.551542	0.559959	0.587731	0.64937	0.731437	0.831379	0.939051	1.04493	1.11812	1.14923	1.12781	1.0474	
0.545327	0.679558	0.780735	0.83698	0.854889	0.865332	0.872801	0.863587	0.856051	0.847008	0.833689	0.817254	0.785384	0.751911	0.72116	0.709592	0.731437	0.781736	0.855862	0.941103	1.02252	1.08065	1.1054	1.08321	1.0117	
0.542836	0.678599	0.781698	0.853183	0.899952	0.94653	0.993376	1.02959	1.06206	1.07969	1.07923	1.05156	0.997575	0.936186	0.879825	0.839013	0.831379	0.855862	0.905523	0.968906	1.03207	1.0764	1.08701	1.05563	0.977735	
0.504905	0.630292	0.732346	0.8143	0.887665	0.961163	1.04462	1.1301	1.20629	1.25142	1.26709	1.24275	1.18321	1.10627	1.02693	0.966893	0.939051	0.941103	0.968906	1.0137	1.06012	1.08796	1.08559	1.04614	0.955077	
0.411884	0.523653	0.625659	0.719057	0.81171	0.907033	1.02203	1.14596	1.25971	1.33942	1.38532	1.38172	1.32988	1.25107	1.16643	1.09513	1.04493	1.02252	1.03207	1.06012	1.09247	1.11156	1.09508	1.03793	0.926265	
0.263471	0.366148	0.473615	0.586385	0.69403	0.807179	0.937077	1.0787	1.22127	1.33924	1.41879	1.4461	1.41507	1.34572	1.26638	1.18535	1.11812	1.08065	1.0764	1.08796	1.11156	1.11946	1.08857	1.01152	0.877644	
0.0828527	0.178634	0.292442	0.424215	0.547885	0.669162	0.807755	0.95716	1.11878	1.2652	1.36694	1.41887	1.41527	1.3676	1.29215	1.2147	1.14923	1.1054	1.08701	1.08559	1.09508	1.08857	1.04903	0.948064	0.7813	
-0.102238	-0.0205514	0.0995435	0.233482	0.368126	0.503905	0.648051	0.80737	0.977994	1.13757	1.25517	1.32241	1.33495	1.30337	1.24801	1.18549	1.12781	1.08321	1.05563	1.04614	1.03793	1.01152	0.948064	0.815475	0.614512	
-0.268542	-0.200888	-0.0872389	0.0376384	0.174192	0.321118	0.476643	0.644025	0.825061	0.990414	1.11217	1.177	1.18973	1.17009	1.13563	1.0907	1.0474	1.0117	0.977735	0.955077	0.926265	0.877644	0.7813	0.614512	0.368917	
-0.408246	-0.348958	-0.255116	-0.139598	-0.00490194	0.148884	0.310616	0.488339	0.671417	0.832568	0.941462	0.992375	1.00337	0.992074	0.966673	0.933557	0.905663	0.880667	0.851019	0.812743	0.7645	0.689656	0.559643	0.35366	0.0596553	
-0.519441	-0.470018	-0.392458	-0.283468	-0.1459	0.00723221	0.17363	0.350108	0.519059	0.66667	0.762057	0.797429	0.80018	0.78699	0.760207	0.741793	0.72466	0.705321	0.685736	0.64542	0.580908	0.476666	0.306465	0.0487403	-0.296425	
-0.594903	-0.566633	-0.49773	-0.395283	-0.252381	-0.0933	0.0704953	0.240717	0.393117	0.52037	0.599465	0.617277	0.607846	0.582943	0.5567	0.541556	0.532635	0.527666	0.518741	0.483387	0.402733	0.269347	0.0537171	-0.255614	-0.656732	
-0.637454	-0.634446	-0.57723	-0.479034	-0.333069	-0.165662	-0.00247037	0.164385	0.311847	0.422082	0.478624	0.479509	0.456184	0.418848	0.387483	0.36656	0.365377	0.3808	0.383429	0.350056	0.255328	0.0924347	-0.156634	-0.50418	-0.953807	
-0.657539	-0.668455	-0.625986	-0.528071	-0.38339	-0.214509	-0.0430691	0.122166	0.265859	0.372057	0.413782	0.406649	0.368447	0.317962	0.276451	0.259869	0.265502	0.286901	0.300866	0.271777	0.169519	-0.0138892	-0.283359	-0.660005	-1.13815	
-0.660639	-0.673766	-0.634406	-0.537129	-0.393888	-0.222348	-0.0510042	0.115508	0.258167	0.363253	0.403506	0.396231	0.353423	0.298643	0.256689	0.241657	0.246836	0.268164	0.28454	0.256323	0.155669	-0.0319476	-0.306707	-0.690618	-1.17017	
-0.647678	-0.652947	-0.601515	-0.503007	-0.35736	-0.188833	-0.0218937	0.142907	0.289241	0.396878	0.445686	0.442222	0.412381	0.370111	0.334342	0.31388	0.316635	0.336489	0.343097	0.311589	0.212551	0.0401203	-0.218449	-0.578857	-1.04357	
-0.615391	-0.597364	-0.532502	-0.43191	-0.287384	-0.124294	0.0368318	0.206225	0.355846	0.474354	0.544462	0.555243	0.54125	0.511074	0.4844	0.465618	0.459984	0.463055	0.459849	0.425593	0.338066	0.192181	-0.0382362	-0.363902	-0.786636	
-0.554356	-0.511776	-0.438289	-0.331728	-0.191757	-0.0376854	0.128611	0.302402	0.46366	0.603806	0.693904	0.722128	0.720133	0.70291	0.675726	0.661461	0.648184	0.632002	0.616562	0.578389	0.50779	0.392222	0.203149	-0.0767893	-0.443752	
-0.456452	-0.400532	-0.314118	-0.201624	-0.0664846	0.0874469	0.251858	0.430375	0.609436	0.766421	0.869439	0.914024	0.922468	0.912143	0.886714	0.859783	0.836173	0.814105	0.787785	0.746994	0.691923	0.605819	0.4602	0.234949	-0.0781	
-0.327874	-0.26393	-0.157503	-0.0361217	0.0991079	0.249586	0.407799	0.580027	0.764301	0.928741	1.04643	1.10669	1.11894	1.10329	1.07433	1.03384	0.996844	0.966712	0.933313	0.903328	0.866291	0.807001	0.698322	0.517348	0.252034	
-0.17195	-0.0962163	0.0226497	0.154145	0.291187	0.431265	0.580844	0.742638	0.917119	1.0801	1.20112	1.2695	1.28356	1.25702	1.21065	1.15562	1.10421	1.06067	1.02956	1.01678	1.00017	0.965379	0.888938	0.742827	0.524208	
0.00758773	0.0992151	0.216219	0.350337	0.478937	0.606578	0.745554	0.899756	1.0656	1.21847	1.32775	1.38717	1.39219	1.35156	1.28299	1.21008	1.14769	1.10243	1.07988	1.07469	1.07773	1.06374	1.01689	0.903359	0.724533	
0.19343	0.293393	0.40327	0.525773	0.639521	0.756006	0.890305	1.0353	1.18646	1.31774	1.40716	1.44562	1.4259	1.36527	1.28553	1.20348	1.13614	1.09608	1.08577	1.09141	1.10961	1.11223	1.0784	0.993181	0.846629	
0.358268	0.465557	0.568967	0.66893	0.767619	0.871738	0.993989	1.12778	1.25516	1.34914	1.4091	1.41793	1.37348	1.29543	1.21371	1.13839	1.07883	1.04792	1.05201	1.07348	1.10292	1.11894	1.09514	1.0295	0.909894	
0.474864	0.594334	0.696339	0.782495	0.864975	0.946817	1.04505	1.14705	1.23903	1.2973	1.3236	1.30558	1.24786	1.16924	1.084	1.01961	0.98411	0.976079	0.995831	1.03397	1.07385	1.09742	1.08954	1.04416	0.945825	
0.532972	0.666018	0.769173	0.844589	0.902411	0.960638	1.02237	1.07885	1.12878	1.15697	1.16138	1.13319	1.07531	1.0061	0.940051	0.889535	0.873346	0.888659	0.929019	0.984826	1.04115	1.07898	1.08468	1.05024	0.967267	
0.546836	0.683072	0.785634	0.850145	0.879615	0.905291	0.929484	0.937877	0.945304	0.946625	0.938479	0.916903	0.873528	0.827127	0.785969	0.761337	0.769971	0.809517	0.873312	0.949353	1.02385	1.07592	1.09504	1.06963	0.997904	
0.537125	0.666609	0.759179	0.802597	0.801311	0.786621	0.76688	0.733482	0.704599	0.68226	0.662441	0.65411	0.643658	0.632805	0.623339	0.634773	0.679973	0.748137	0.837389	0.936755	1.03163	1.09869	1.12894	1.10825	1.03239	
0.504438	0.619872	0.690441	0.710697	0.678292	0.621395	0.557331	0.482671	0.41629	0.373296	0.351966	0.358788	0.388823	0.428243	0.468798	0.524427	0.608407	0.714482	0.831748	0.952038	1.07208	1.15537	1.18685	1.16134	1.0725	
0.459583	0.550396	0.593211	0.586357	0.51871	0.417682	0.313605	0.206232	0.111266	0.0511033	0.0336954	0.0635573	0.133156	0.223574	0.328022	0.43949	0.567788	0.712876	0.860619	0.999226	1.13606	1.23378	1.25959	1.22312	1.11848	
0.414353	0.464958	0.472387	0.429142	0.326164	0.184539	0.0421177	-0.0875938	-0.19202	-0.261314	-0.267671	-0.209713	-0.101003	0.0347395	0.194453	0.371315	0.553939	0.738421	0.913045	1.07395	1.21622	1.31443	1.33939	1.28297	1.15788	
0.385696	0.38196	0.340141	0.253456	0.114355	-0.0567596	-0.228715	-0.3764	-0.487245	-0.548775	-0.538994	-0.45563	-0.31255	-0.129353	0.0777403	0.308073	0.546728	0.771801	0.972892	1.15331	1.30031	1.39037	1.40087	1.32651	1.18478	
0.3636	0.311735	0.222077	0.0897388	-0.0842669	-0.280732	-0.474695	-0.637845	-0.753323	-0.801232	-0.76737	-0.659374	-0.487664	-0.26791	-0.0189428	0.254909	0.540024	0.805714	1.03149	1.22217	1.36581	1.44002	1.4239	1.33398	1.18744	
0.332479	0.240204	0.10864	-0.0529904	-0.248121	-0.460599	-0.666522	-0.837934	-0.958106	-0.996852	-0.941965	-0.804875	-0.60721	-0.359864	-0.0797014	0.226047	0.537608	0.828495	1.07226	1.26292	1.39125	1.43708	1.39396	1.28816	1.14512	
