0.503851	0.729539	0.913049	1.04204	1.11095	1.12218	1.07673	0.971449	0.808974	0.597351	0.359882	0.120819	-0.0989512	-0.289258	-0.445753	-0.557379	-0.611379	-0.600651	-0.536167	-0.447554	-0.354841	-0.277278	-0.218544	-0.191344	-0.197104	
0.552674	0.761521	0.923868	1.03321	1.08941	1.09821	1.06194	0.973757	0.833163	0.639866	0.416749	0.182065	-0.0362004	-0.23202	-0.394498	-0.51829	-0.587233	-0.591879	-0.540981	-0.458013	-0.369055	-0.29147	-0.229831	-0.200905	-0.201535	
0.595153	0.784496	0.924195	1.01293	1.05567	1.0625	1.03484	0.965633	0.846751	0.675652	0.466881	0.240895	0.023433	-0.174652	-0.342621	-0.476457	-0.557565	-0.578074	-0.53737	-0.460696	-0.372091	-0.291258	-0.226213	-0.189471	-0.185648	
0.628624	0.795999	0.912476	0.978758	1.00928	1.01235	0.995409	0.943416	0.849709	0.700222	0.510201	0.293077	0.0791744	-0.120488	-0.293313	-0.434549	-0.528871	-0.562979	-0.534987	-0.464749	-0.376087	-0.293666	-0.221711	-0.178257	-0.165419	
0.650206	0.795577	0.886516	0.932321	0.948452	0.95047	0.941295	0.909274	0.838444	0.713995	0.542458	0.336604	0.126906	-0.0748592	-0.250975	-0.401179	-0.506799	-0.556058	-0.542137	-0.478101	-0.392271	-0.304292	-0.226585	-0.172314	-0.146539	
0.664205	0.783909	0.851423	0.874827	0.879061	0.878332	0.87799	0.864564	0.816938	0.718709	0.566009	0.374835	0.168075	-0.0327319	-0.214271	-0.371293	-0.488455	-0.553887	-0.553685	-0.500469	-0.416651	-0.325572	-0.242529	-0.175997	-0.137939	
0.679948	0.775748	0.818067	0.821718	0.813518	0.811023	0.818759	0.822661	0.798651	0.725413	0.594347	0.4172	0.215661	0.0145434	-0.173022	-0.336947	-0.468425	-0.549523	-0.568609	-0.528487	-0.451006	-0.360051	-0.2718	-0.19494	-0.142739	
0.706085	0.776688	0.794384	0.778939	0.759082	0.755251	0.769799	0.790897	0.788821	0.741999	0.633197	0.472633	0.278302	0.0770258	-0.114617	-0.287388	-0.430794	-0.530214	-0.569685	-0.546608	-0.48044	-0.392085	-0.302648	-0.218406	-0.152293	
0.730443	0.773597	0.767698	0.733553	0.703459	0.69802	0.719126	0.756121	0.775368	0.755942	0.67059	0.531357	0.345555	0.14963	-0.0464167	-0.223229	-0.37774	-0.492551	-0.55127	-0.547316	-0.492911	-0.409315	-0.320387	-0.228224	-0.151219	
0.735921	0.754507	0.723638	0.673955	0.634228	0.6272	0.655069	0.704533	0.746335	0.750806	0.693875	0.574826	0.404477	0.213596	0.0178142	-0.161954	-0.324588	-0.45103	-0.527659	-0.541472	-0.497739	-0.419927	-0.326158	-0.226095	-0.133386	
0.728858	0.722292	0.670766	0.606521	0.560005	0.551125	0.584563	0.644544	0.705628	0.732877	0.703312	0.605588	0.452559	0.266893	0.0732465	-0.111334	-0.279925	-0.418163	-0.511928	-0.542759	-0.512162	-0.43767	-0.336755	-0.22582	-0.107626	
0.720813	0.690784	0.620122	0.545117	0.492009	0.483223	0.519379	0.58936	0.665353	0.715447	0.710864	0.637961	0.502345	0.326137	0.13399	-0.0537317	-0.228537	-0.378109	-0.48839	-0.538397	-0.524096	-0.454398	-0.35106	-0.225435	-0.0861721	
0.715922	0.664148	0.577383	0.492811	0.436568	0.425798	0.466186	0.540954	0.632296	0.699977	0.723004	0.673189	0.560507	0.394207	0.207516	0.0162228	-0.163117	-0.323835	-0.448863	-0.52026	-0.522043	-0.463263	-0.355536	-0.219165	-0.0590292	
0.699831	0.625938	0.52787	0.435357	0.377905	0.366097	0.408245	0.487394	0.588929	0.674102	0.721365	0.697737	0.609363	0.458003	0.279676	0.0882684	-0.0932184	-0.260225	-0.397062	-0.483324	-0.501413	-0.449584	-0.337417	-0.190322	-0.00846838	
0.674184	0.581888	0.473316	0.378311	0.3179	0.308956	0.347966	0.433283	0.537941	0.642066	0.707709	0.714922	0.649625	0.52046	0.351788	0.164856	-0.0169023	-0.187312	-0.331644	-0.429254	-0.46295	-0.415361	-0.30473	-0.14313	0.0493333	
0.638847	0.531686	0.417412	0.320949	0.261925	0.25279	0.291205	0.37632	0.484258	0.60013	0.683565	0.718385	0.677773	0.573175	0.41641	0.23676	0.0561216	-0.116047	-0.261942	-0.369594	-0.410621	-0.370114	-0.257448	-0.0845459	0.112461	
0.595728	0.477803	0.361489	0.265426	0.210455	0.199654	0.238799	0.318911	0.430121	0.550638	0.652086	0.709589	0.697036	0.618207	0.477719	0.309916	0.131244	-0.0364981	-0.182332	-0.292657	-0.337588	-0.305776	-0.191898	-0.020221	0.173577	
0.557007	0.433975	0.316283	0.225115	0.172673	0.162896	0.199697	0.27516	0.385546	0.50794	0.624338	0.701036	0.718874	0.665316	0.548168	0.393148	0.221035	0.0595909	-0.0848744	-0.192002	-0.24318	-0.22048	-0.116318	0.0401769	0.217583	
0.510414	0.383732	0.268984	0.183438	0.13473	0.126426	0.159378	0.230516	0.335582	0.459181	0.584398	0.680156	0.726281	0.701499	0.613185	0.475519	0.318542	0.165887	0.031631	-0.0674578	-0.120029	-0.105195	-0.0208752	0.109596	0.255103	
0.452216	0.324984	0.215912	0.137468	0.0930073	0.086489	0.114879	0.181081	0.277962	0.400691	0.529147	0.642669	0.712727	0.721244	0.663134	0.552002	0.414806	0.277763	0.159748	0.0728384	0.0240658	0.028881	0.0843384	0.178371	0.27564	
0.397251	0.275076	0.172689	0.103316	0.0633801	0.0582494	0.082756	0.141636	0.230334	0.346717	0.476419	0.600529	0.693179	0.73212	0.707567	0.626611	0.513728	0.395769	0.295089	0.21998	0.174188	0.161165	0.179815	0.223081	0.263684	
0.349205	0.232242	0.140383	0.0778986	0.0449504	0.0390843	0.0615661	0.111596	0.192363	0.299696	0.428131	0.558539	0.671515	0.739529	0.752422	0.706222	0.625274	0.530266	0.449123	0.384012	0.337137	0.298494	0.27129	0.249647	0.229162	
0.296985	0.185718	0.10576	0.0498542	0.0234574	0.0173852	0.0370852	0.0796462	0.150654	0.24946	0.371964	0.507823	0.635383	0.734726	0.784683	0.782636	0.738758	0.675741	0.614942	0.560516	0.50713	0.440203	0.360047	0.271296	0.186008	
0.242834	0.142289	0.0712008	0.0249654	0.00194669	-0.00205857	0.0133386	0.0496935	0.110469	0.199351	0.314314	0.450781	0.590188	0.716971	0.804884	0.850229	0.848296	0.822176	0.780408	0.733534	0.666311	0.567856	0.433359	0.281977	0.134128	
0.198918	0.111059	0.0481212	0.0114249	-0.00866393	-0.0108138	0.000960099	0.0311087	0.0827532	0.160195	0.267377	0.3992	0.548791	0.695859	0.823112	0.912356	0.958085	0.966227	0.943112	0.894249	0.806295	0.670615	0.485541	0.276699	0.075512	
0.159471	0.0813208	0.0282475	-0.00223981	-0.0180435	-0.0199672	-0.0104849	0.0140001	0.0570984	0.124624	0.222236	0.349551	0.504612	0.670524	0.833592	0.967152	1.06205	1.10471	1.10004	1.04289	0.930766	0.756607	0.528353	0.271733	0.025665	
0.125674	0.0549945	0.0109245	-0.0152148	-0.0271242	-0.0292473	-0.0213354	-0.00140887	0.0345118	0.0940911	0.182252	0.306187	0.463181	0.647446	0.840112	1.01843	1.15759	1.23622	1.24523	1.17766	1.03759	0.827235	0.563038	0.270298	-0.0153101	
0.1005	0.0375649	-2.13043e-05	-0.0216816	-0.031164	-0.0329974	-0.0264567	-0.0104154	0.0201099	0.0719713	0.152643	0.271162	0.429079	0.625525	0.841994	1.05683	1.23275	1.34204	1.35934	1.28052	1.11221	0.872124	0.582196	0.266811	-0.0476287	
0.0794971	0.0230709	-0.0101236	-0.0280692	-0.0361509	-0.0374954	-0.0321913	-0.0189256	0.00759411	0.0532999	0.1285	0.241447	0.400142	0.603056	0.838021	1.07789	1.28318	1.41407	1.43843	1.34957	1.15981	0.898984	0.593998	0.266692	-0.0654818	
0.0709217	0.0174282	-0.0135318	-0.029895	-0.0372507	-0.0383697	-0.0336926	-0.0214995	0.00291075	0.0460583	0.118362	0.229165	0.388626	0.595993	0.842279	1.09685	1.32022	1.463	1.49184	1.39509	1.19183	0.916911	0.602126	0.266419	-0.0779988	
0.0706266	0.0176268	-0.0130995	-0.0291946	-0.0364971	-0.037537	-0.0329956	-0.0208489	0.00314588	0.0461388	0.117786	0.228663	0.387932	0.596602	0.844369	1.10196	1.32795	1.47299	1.50224	1.40387	1.19806	0.920117	0.603471	0.26583	-0.0811687	
0.0740581	0.0195353	-0.0128171	-0.0295657	-0.0376036	-0.0384975	-0.0338824	-0.0208537	0.00413403	0.048896	0.122023	0.234348	0.392638	0.598346	0.838072	1.08586	1.29942	1.43674	1.46317	1.37081	1.17489	0.907328	0.598136	0.267064	-0.0708687	
0.0911634	0.0312881	-0.00449526	-0.0242161	-0.0333612	-0.0346315	-0.0290192	-0.0138604	0.0144718	0.0639256	0.141803	0.258158	0.416204	0.615793	0.8404	1.06645	1.25538	1.37419	1.39471	1.31146	1.13372	0.884316	0.587228	0.266233	-0.0563659	
0.115431	0.0475948	0.00667098	-0.0179528	-0.0284559	-0.0307986	-0.0231354	-0.00518593	0.0287946	0.0847763	0.170251	0.29162	0.449739	0.638953	0.842521	1.03599	1.19127	1.28257	1.29545	1.22324	1.07124	0.848062	0.571885	0.268383	-0.0300602	
0.14454	0.0692436	0.0203241	-0.00874286	-0.0224042	-0.0249513	-0.015611	0.00634977	0.0469372	0.110579	0.204783	0.330341	0.486838	0.660234	0.83609	0.988005	1.10143	1.15891	1.16039	1.09962	0.976723	0.787768	0.544214	0.271603	0.00886573	
0.182864	0.0994041	0.0402034	0.0064843	-0.012112	-0.01389	-0.00332414	0.0246224	0.0725272	0.145994	0.249182	0.379381	0.531327	0.686312	0.82811	0.935197	1.00046	1.02234	1.00673	0.955	0.857767	0.706504	0.503143	0.273894	0.0539007	
0.224509	0.129252	0.0611868	0.0191961	-0.00294217	-0.00583995	0.00774646	0.0418299	0.0986566	0.183157	0.295013	0.430056	0.573878	0.709339	0.813083	0.876155	0.892749	0.880483	0.846044	0.799414	0.724292	0.61137	0.455756	0.2804	0.110248	
0.27416	0.166596	0.0905753	0.0381528	0.0135062	0.00792325	0.0261255	0.0659416	0.132959	0.227861	0.347537	0.484281	0.616823	0.728029	0.79289	0.810213	0.782299	0.73441	0.681298	0.631085	0.573181	0.494304	0.39248	0.278042	0.167054	
0.329221	0.214295	0.127214	0.0673135	0.0370497	0.0311223	0.0523816	0.0995627	0.176208	0.280594	0.406588	0.539986	0.658837	0.739857	0.767162	0.737984	0.671102	0.587867	0.514987	0.453891	0.405309	0.355332	0.307498	0.258866	0.212553	
0.378007	0.258206	0.15945	0.0933282	0.0557476	0.0507475	0.074074	0.129681	0.215094	0.328101	0.457701	0.584528	0.685976	0.736115	0.726673	0.658217	0.557716	0.447623	0.354795	0.283362	0.237652	0.214823	0.2161	0.234456	0.251358	
0.428805	0.303133	0.196589	0.121591	0.0789979	0.0728954	0.099889	0.163021	0.257004	0.377273	0.506921	0.62501	0.70468	0.725428	0.680527	0.581042	0.452968	0.323431	0.212269	0.130525	0.083372	0.0822216	0.124174	0.199911	0.275117	
0.487921	0.360272	0.247763	0.164696	0.117751	0.110107	0.141243	0.210661	0.312517	0.436441	0.563196	0.666876	0.72266	0.711363	0.634671	0.506952	0.357367	0.210247	0.0821778	-0.0124817	-0.0638559	-0.0524321	0.0211856	0.138846	0.266372	
0.540217	0.415608	0.298593	0.209659	0.158519	0.149358	0.184699	0.258439	0.3672	0.490077	0.610953	0.694965	0.724937	0.681796	0.576269	0.426738	0.26022	0.101332	-0.0400744	-0.144678	-0.19753	-0.177938	-0.0807884	0.0664194	0.233237	
0.579733	0.45931	0.342283	0.247666	0.194035	0.183067	0.222011	0.299693	0.411644	0.532555	0.641049	0.706015	0.705886	0.636888	0.504914	0.34227	0.165094	0.000280318	-0.145989	-0.255168	-0.302812	-0.274488	-0.162937	0.00422013	0.193103	
0.621614	0.509338	0.394213	0.297409	0.240043	0.230153	0.26892	0.352448	0.461703	0.580385	0.670743	0.715682	0.685349	0.591611	0.440141	0.265357	0.0849634	-0.0858027	-0.231768	-0.34147	-0.383922	-0.34682	-0.23282	-0.0587127	0.138298	
0.661852	0.563103	0.451733	0.356003	0.295638	0.286986	0.325397	0.411425	0.51729	0.627042	0.699832	0.718504	0.662937	0.543144	0.379125	0.194358	0.0131677	-0.158693	-0.304143	-0.40651	-0.444083	-0.399252	-0.288103	-0.121465	0.0736259	
0.690013	0.608379	0.505787	0.411884	0.353164	0.342407	0.38352	0.465368	0.568617	0.66172	0.716685	0.705419	0.626082	0.483307	0.308363	0.118762	-0.063291	-0.231499	-0.37209	-0.462954	-0.487696	-0.437411	-0.325596	-0.172582	0.0141466	
0.710658	0.650383	0.558303	0.47064	0.413454	0.402452	0.443519	0.520416	0.616092	0.691109	0.723941	0.684439	0.58116	0.420207	0.236547	0.0446091	-0.135703	-0.299712	-0.429783	-0.507978	-0.516316	-0.460644	-0.350893	-0.210383	-0.0408698	
0.719625	0.68109	0.603151	0.524477	0.469488	0.460214	0.497971	0.570275	0.652738	0.710081	0.716788	0.652819	0.526207	0.353468	0.163229	-0.026058	-0.203071	-0.357213	-0.474118	-0.532781	-0.525279	-0.459897	-0.355054	-0.225303	-0.0777858	
0.72495	0.707966	0.64932	0.57989	0.531055	0.521893	0.556731	0.620983	0.68819	0.725073	0.705114	0.617632	0.470669	0.289081	0.0953178	-0.0900775	-0.261477	-0.404122	-0.504448	-0.542825	-0.517958	-0.445042	-0.342385	-0.225586	-0.0983131	
