-0.13164	-0.193959	-0.234702	-0.260223	-0.28329	-0.304656	-0.323205	-0.319827	-0.295735	-0.259958	-0.215091	-0.16815	-0.117714	-0.0707275	-0.0307591	0.00639827	0.0530148	0.106874	0.140416	0.132276	0.0708634	-0.0282808	-0.123559	-0.191313	-0.214663	
-0.26618	-0.345639	-0.401384	-0.433123	-0.453167	-0.466816	-0.468402	-0.444261	-0.390667	-0.316583	-0.232421	-0.151227	-0.0789766	-0.0157663	0.0343784	0.0679098	0.100952	0.131096	0.144585	0.120887	0.0515519	-0.0465564	-0.145052	-0.214515	-0.23892	
-0.411928	-0.501441	-0.564035	-0.594317	-0.603429	-0.604255	-0.587689	-0.54375	-0.465462	-0.359464	-0.237362	-0.11984	-0.0267646	0.0443108	0.0919906	0.121042	0.13812	0.143437	0.132628	0.0946923	0.0216028	-0.0735686	-0.162322	-0.224867	-0.247408	
-0.537484	-0.635864	-0.709111	-0.737362	-0.735494	-0.721498	-0.680314	-0.609669	-0.510484	-0.382615	-0.232719	-0.0861656	0.0245244	0.0948601	0.126968	0.14319	0.146497	0.135777	0.101857	0.0496068	-0.023044	-0.109554	-0.180609	-0.231735	-0.250057	
-0.630402	-0.739614	-0.826804	-0.857881	-0.849693	-0.812882	-0.744346	-0.646324	-0.525647	-0.378191	-0.2148	-0.0601553	0.0569324	0.125189	0.145834	0.133818	0.115641	0.0893184	0.0481687	-0.00718916	-0.0749085	-0.144266	-0.202256	-0.244134	-0.264682	
-0.686278	-0.808631	-0.902501	-0.942384	-0.926042	-0.871101	-0.778584	-0.658076	-0.519685	-0.360526	-0.190744	-0.0368821	0.0753475	0.13035	0.13522	0.0985808	0.0508272	0.00251248	-0.0410815	-0.0854749	-0.135061	-0.185617	-0.236363	-0.275576	-0.299568	
-0.694762	-0.82845	-0.930423	-0.978721	-0.963334	-0.896657	-0.789378	-0.657863	-0.5068	-0.340492	-0.164183	-0.0140569	0.0867205	0.117853	0.0948593	0.0347924	-0.0380866	-0.107106	-0.161607	-0.20044	-0.229574	-0.255313	-0.293721	-0.32729	-0.349837	
-0.659648	-0.7946	-0.894945	-0.952474	-0.944048	-0.883237	-0.777164	-0.640404	-0.483746	-0.314025	-0.148613	-0.00929519	0.07841	0.0902836	0.0412518	-0.0440922	-0.140111	-0.224947	-0.295364	-0.34075	-0.360675	-0.363852	-0.37709	-0.398495	-0.413725	
-0.575728	-0.70926	-0.810752	-0.868616	-0.867044	-0.814506	-0.718994	-0.588895	-0.435238	-0.273527	-0.12641	-0.00670467	0.0600337	0.0513974	-0.0164753	-0.123667	-0.24458	-0.353112	-0.438038	-0.487236	-0.501206	-0.492694	-0.487643	-0.494758	-0.504052	
-0.451885	-0.585222	-0.688175	-0.741488	-0.747148	-0.70374	-0.618977	-0.504568	-0.361631	-0.214621	-0.0843887	0.0117816	0.052444	0.0204909	-0.0718533	-0.202752	-0.345248	-0.47611	-0.5723	-0.622634	-0.629112	-0.619845	-0.615757	-0.617953	-0.626009	
-0.319093	-0.443572	-0.547625	-0.605074	-0.621654	-0.592769	-0.520374	-0.406994	-0.266671	-0.128708	-0.014418	0.0564249	0.0683558	0.00744448	-0.112572	-0.267748	-0.428558	-0.569584	-0.67307	-0.725239	-0.730226	-0.727042	-0.730935	-0.737082	-0.747971	
-0.205652	-0.316916	-0.415808	-0.483303	-0.510842	-0.489518	-0.420195	-0.301777	-0.160484	-0.0241897	0.0783557	0.117347	0.0915782	-0.00211535	-0.140382	-0.306607	-0.479636	-0.624982	-0.734273	-0.786421	-0.794362	-0.794934	-0.800682	-0.809322	-0.821111	
-0.122616	-0.218772	-0.310041	-0.37539	-0.406774	-0.387944	-0.309973	-0.183615	-0.0403147	0.0926821	0.171545	0.180931	0.119464	-0.00114875	-0.153199	-0.328671	-0.499609	-0.650402	-0.760918	-0.814041	-0.820546	-0.811261	-0.811402	-0.81103	-0.819202	
-0.0685763	-0.15095	-0.226433	-0.281337	-0.304342	-0.283394	-0.194161	-0.0652859	0.0775166	0.199128	0.258751	0.242057	0.151099	0.0148747	-0.147686	-0.321269	-0.489802	-0.634425	-0.737886	-0.786322	-0.785612	-0.76529	-0.750217	-0.74028	-0.735522	
-0.0330388	-0.105295	-0.164089	-0.198556	-0.201945	-0.167575	-0.0820605	0.0363353	0.173635	0.289044	0.338072	0.302731	0.191938	0.0482114	-0.115483	-0.275557	-0.428908	-0.557294	-0.640984	-0.679241	-0.670237	-0.642613	-0.616332	-0.597111	-0.582447	
-0.00745884	-0.0590385	-0.0958412	-0.111312	-0.0974464	-0.0444213	0.0423054	0.149281	0.263884	0.363843	0.399679	0.355458	0.241074	0.0917003	-0.0654717	-0.207149	-0.328642	-0.426863	-0.486998	-0.507149	-0.491951	-0.456076	-0.423642	-0.398676	-0.377318	
0.0314841	0.00939297	-0.00705906	0.000211716	0.0345197	0.0978917	0.18366	0.276957	0.364288	0.434015	0.448232	0.392452	0.279557	0.134716	-0.00764653	-0.12841	-0.217635	-0.280232	-0.309537	-0.308235	-0.28361	-0.241477	-0.204031	-0.172561	-0.14833	
0.106641	0.118641	0.126663	0.151459	0.199328	0.264261	0.334129	0.40103	0.461153	0.492936	0.479746	0.407902	0.298983	0.167854	0.0478288	-0.042198	-0.0967739	-0.120935	-0.120194	-0.0980781	-0.0651104	-0.0217705	0.0163721	0.0514277	0.078212	
0.239299	0.286268	0.321359	0.352031	0.391743	0.435534	0.477394	0.514531	0.536331	0.533855	0.492743	0.413352	0.30988	0.194913	0.104124	0.0498254	0.035832	0.0465721	0.0700361	0.101386	0.134786	0.173641	0.208382	0.24681	0.275124	
0.414711	0.490988	0.541084	0.572153	0.597762	0.606407	0.606474	0.60136	0.585017	0.551323	0.491149	0.405626	0.310293	0.215134	0.15394	0.134095	0.152275	0.194336	0.233892	0.266198	0.294485	0.325624	0.358645	0.399632	0.428053	
0.619452	0.713712	0.768773	0.798046	0.801371	0.770642	0.718345	0.658085	0.597437	0.52826	0.451661	0.375739	0.297328	0.227356	0.185915	0.188952	0.229083	0.287627	0.33866	0.368146	0.392901	0.418337	0.449767	0.492379	0.522662	
0.836002	0.938784	0.995924	1.00771	0.976514	0.908182	0.80717	0.688099	0.570718	0.466843	0.37988	0.315195	0.260986	0.218978	0.196717	0.212931	0.260577	0.328245	0.386304	0.418013	0.441245	0.461209	0.488	0.524296	0.553017	
1.05408	1.15192	1.19805	1.1892	1.12015	1.00259	0.849141	0.682643	0.522509	0.390135	0.290403	0.230214	0.197509	0.18239	0.181132	0.209174	0.263497	0.334411	0.397284	0.430669	0.452758	0.466271	0.481877	0.504298	0.521607	
1.26215	1.3489	1.36949	1.32374	1.20682	1.04117	0.843388	0.637413	0.451304	0.301858	0.194556	0.133784	0.111615	0.112401	0.130342	0.174845	0.241992	0.316455	0.377276	0.411857	0.428674	0.436379	0.438338	0.441894	0.446417	
1.44011	1.50446	1.49779	1.40741	1.24051	1.02961	0.797325	0.56302	0.359922	0.208203	0.0989995	0.0345815	0.0116974	0.0219888	0.0558062	0.114516	0.194528	0.272991	0.332972	0.366244	0.376443	0.376704	0.366086	0.353697	0.34689	
1.57996	1.61685	1.57642	1.44851	1.24977	0.999665	0.733248	0.47627	0.25986	0.100959	-0.00840813	-0.0736292	-0.0908161	-0.0743914	-0.0272404	0.046031	0.136547	0.218049	0.276018	0.306501	0.311942	0.303204	0.279375	0.255988	0.240165	
1.67732	1.69048	1.6207	1.46591	1.24237	0.968406	0.67776	0.396115	0.159678	-0.012205	-0.126109	-0.184778	-0.193545	-0.163399	-0.0996842	-0.0131994	0.0838372	0.163233	0.216209	0.243813	0.244358	0.228776	0.193771	0.160331	0.142743	
1.73332	1.72608	1.63502	1.4612	1.22342	0.936671	0.627669	0.324769	0.0713164	-0.109709	-0.225322	-0.280589	-0.280445	-0.234566	-0.154151	-0.0565638	0.0386673	0.11341	0.160912	0.185132	0.185442	0.166041	0.124256	0.0827838	0.0609704	
1.76157	1.74021	1.63774	1.46073	1.21471	0.909443	0.576376	0.261227	-0.00111179	-0.189733	-0.303243	-0.349322	-0.341064	-0.288267	-0.199581	-0.0921066	0.003379	0.0717884	0.116214	0.136647	0.142684	0.122776	0.0760542	0.0282753	-0.00202461	
1.76733	1.74619	1.64129	1.46117	1.20588	0.890848	0.543447	0.216807	-0.0484444	-0.232759	-0.339048	-0.381257	-0.371484	-0.317435	-0.226298	-0.116141	-0.0236196	0.0444698	0.0874062	0.109408	0.119021	0.100888	0.0528103	-0.00195277	-0.0371883	
1.7671	1.74606	1.64184	1.46257	1.20439	0.887706	0.538085	0.208914	-0.0564663	-0.238251	-0.344294	-0.384985	-0.377015	-0.321988	-0.23057	-0.121067	-0.0287551	0.0386887	0.082062	0.104597	0.114553	0.0973923	0.0491207	-0.00701489	-0.0426917	
1.76599	1.74411	1.63867	1.46024	1.21122	0.900625	0.560368	0.240335	-0.0237399	-0.212189	-0.322828	-0.366501	-0.356586	-0.303508	-0.213183	-0.103308	-0.00865939	0.0587771	0.102174	0.122309	0.130714	0.11153	0.0638208	0.0136249	-0.0197286	
1.74694	1.7327	1.6369	1.46135	1.21831	0.924598	0.606523	0.298403	0.0402132	-0.144633	-0.260318	-0.312561	-0.308917	-0.258389	-0.173318	-0.0716538	0.0234246	0.095791	0.141842	0.163889	0.16612	0.146054	0.102245	0.0578903	0.0334773	
1.70467	1.70902	1.6289	1.46418	1.23468	0.95555	0.657764	0.366416	0.122132	-0.0532774	-0.16804	-0.224951	-0.230137	-0.193525	-0.122928	-0.0318192	0.0646828	0.142854	0.19347	0.219754	0.219602	0.201714	0.163353	0.126505	0.107867	
1.62381	1.65107	1.59818	1.45936	1.24916	0.987236	0.709721	0.44325	0.219189	0.0543663	-0.0570358	-0.118657	-0.13293	-0.112224	-0.0588334	0.0195062	0.114732	0.195286	0.252257	0.281539	0.284795	0.273201	0.243688	0.216683	0.199318	
1.50093	1.55403	1.53477	1.42687	1.24571	1.01812	0.772134	0.528778	0.320538	0.167641	0.059548	-0.00766374	-0.0285829	-0.016126	0.0231119	0.0871802	0.170739	0.251731	0.310666	0.343092	0.351091	0.347679	0.332501	0.315082	0.304044	
1.33815	1.41651	1.42685	1.36331	1.2254	1.04147	0.828776	0.61035	0.41628	0.264713	0.1557	0.0943418	0.0720149	0.0774556	0.101846	0.153145	0.226415	0.302074	0.362072	0.39641	0.410452	0.415416	0.412483	0.408748	0.408708	
1.13889	1.2347	1.27097	1.24898	1.16219	1.02429	0.852146	0.668629	0.497333	0.355796	0.252447	0.192387	0.165955	0.158165	0.164959	0.199556	0.258535	0.330292	0.392811	0.426968	0.447116	0.458391	0.468289	0.483756	0.495357	
0.923712	1.02522	1.08022	1.08538	1.03915	0.952235	0.830324	0.690593	0.553651	0.437799	0.346077	0.282931	0.238281	0.208454	0.194588	0.214657	0.263998	0.333685	0.394569	0.427192	0.449808	0.467314	0.490524	0.521817	0.547243	
0.705543	0.805015	0.86116	0.883679	0.87516	0.829836	0.758111	0.673996	0.590005	0.506686	0.424977	0.35522	0.286491	0.226787	0.191961	0.20205	0.24653	0.309482	0.363248	0.393052	0.417611	0.440638	0.471154	0.511934	0.542686	
0.493443	0.578137	0.630931	0.663973	0.681261	0.674192	0.65319	0.626828	0.595557	0.547798	0.480534	0.397102	0.306812	0.221619	0.16957	0.160206	0.188986	0.238475	0.283907	0.314579	0.340879	0.369978	0.401912	0.444632	0.473227	
0.305742	0.364955	0.407656	0.43806	0.473467	0.503698	0.530968	0.553064	0.558593	0.5445	0.495258	0.412098	0.311423	0.203611	0.126157	0.0859536	0.0858588	0.110864	0.141225	0.17368	0.205109	0.241068	0.274772	0.314124	0.342268	
0.152629	0.178737	0.199165	0.227736	0.273889	0.333583	0.392569	0.449326	0.49427	0.511602	0.48574	0.410994	0.304236	0.178988	0.0697489	-0.00609098	-0.0435679	-0.0539871	-0.043293	-0.01625	0.0186319	0.0605298	0.0974079	0.13347	0.161523	
0.0558552	0.0467609	0.0391716	0.0545728	0.0964527	0.16208	0.243068	0.326953	0.405363	0.460049	0.464159	0.400913	0.288885	0.149442	0.0153068	-0.0943401	-0.171326	-0.21868	-0.235129	-0.224559	-0.196097	-0.152843	-0.114239	-0.0808493	-0.055728	
0.0056767	-0.0347552	-0.0634791	-0.0702055	-0.0487189	0.00921961	0.0974591	0.200068	0.30293	0.391284	0.420269	0.371946	0.258097	0.109511	-0.0427288	-0.176642	-0.284894	-0.368752	-0.417402	-0.429301	-0.411158	-0.371934	-0.337168	-0.309709	-0.287028	
-0.0235578	-0.0881948	-0.138926	-0.165765	-0.161723	-0.120115	-0.0346166	0.0793552	0.208987	0.321004	0.364354	0.325827	0.21261	0.0653637	-0.0969155	-0.250478	-0.390978	-0.50946	-0.584434	-0.616364	-0.604482	-0.573472	-0.544739	-0.522911	-0.505491	
-0.0521162	-0.131408	-0.200032	-0.247555	-0.263173	-0.237366	-0.14898	-0.0241302	0.118049	0.236669	0.292598	0.266099	0.165255	0.0258663	-0.13784	-0.306778	-0.472249	-0.612079	-0.707926	-0.752902	-0.748565	-0.725386	-0.705275	-0.691144	-0.682032	
-0.098086	-0.187611	-0.273507	-0.335745	-0.365591	-0.347849	-0.263649	-0.134158	0.00875449	0.137039	0.206379	0.205542	0.131867	0.00343944	-0.153794	-0.330496	-0.50078	-0.649952	-0.759352	-0.811601	-0.815632	-0.801431	-0.795862	-0.791714	-0.795115	
-0.168997	-0.274305	-0.370878	-0.43815	-0.469321	-0.448675	-0.377211	-0.256168	-0.113943	0.022571	0.116754	0.143207	0.102423	-0.0032786	-0.147456	-0.317758	-0.490432	-0.638561	-0.749344	-0.802395	-0.810122	-0.808034	-0.812814	-0.818696	-0.829939	
-0.270131	-0.389399	-0.491957	-0.554614	-0.575744	-0.551054	-0.481369	-0.36651	-0.225989	-0.0891384	0.0207193	0.0794404	0.0766768	0.00296505	-0.125164	-0.285622	-0.453138	-0.596153	-0.70184	-0.753963	-0.760154	-0.759723	-0.765481	-0.772983	-0.785187	
