0.606243	0.468715	0.344055	0.253646	0.204375	0.197878	0.228248	0.303783	0.415333	0.552007	0.683145	0.788525	0.858546	0.880334	0.849837	0.768344	0.642489	0.48429	0.289381	0.0791231	-0.11868	-0.291687	-0.424898	-0.524836	-0.590143	
0.462957	0.299992	0.158332	0.0541673	-0.00714091	-0.0161251	0.0234134	0.112109	0.239421	0.39711	0.560874	0.704179	0.804008	0.852329	0.845099	0.779743	0.662914	0.50773	0.320458	0.115789	-0.0843629	-0.261535	-0.40706	-0.524615	-0.612001	
0.325089	0.144914	-0.00816268	-0.129303	-0.202099	-0.214127	-0.16524	-0.0613032	0.0808164	0.250304	0.437115	0.606953	0.734254	0.805684	0.824888	0.78714	0.684406	0.538007	0.362998	0.168722	-0.0190832	-0.189187	-0.339978	-0.472482	-0.590322	
0.215336	0.0287854	-0.13782	-0.27511	-0.35649	-0.36813	-0.316466	-0.1974	-0.0401091	0.138469	0.332432	0.516154	0.657074	0.745712	0.78496	0.774278	0.696702	0.571566	0.417926	0.249992	0.0808468	-0.0767085	-0.22663	-0.378407	-0.520842	
0.138754	-0.0482397	-0.227003	-0.369279	-0.447784	-0.460442	-0.408948	-0.290207	-0.122062	0.0636529	0.252889	0.439841	0.592651	0.689925	0.748383	0.759292	0.709253	0.614889	0.490931	0.353753	0.20877	0.0648719	-0.0820121	-0.244213	-0.402951	
0.102606	-0.0828131	-0.2594	-0.398032	-0.464068	-0.472188	-0.43334	-0.322781	-0.155179	0.027903	0.215399	0.401989	0.561129	0.673463	0.743726	0.770138	0.745504	0.677446	0.58325	0.476124	0.353686	0.227271	0.0897052	-0.0667305	-0.228146	
0.116956	-0.0639901	-0.233488	-0.358375	-0.415417	-0.421659	-0.389525	-0.290758	-0.134802	0.0442593	0.228309	0.415197	0.577258	0.695267	0.772799	0.807135	0.795261	0.750847	0.685751	0.607615	0.513939	0.407921	0.286498	0.141722	-0.0157149	
0.163407	-0.00454289	-0.153625	-0.260515	-0.31281	-0.321419	-0.287832	-0.202891	-0.0676685	0.094701	0.270731	0.453913	0.614924	0.733444	0.817894	0.854772	0.84871	0.817366	0.77379	0.720406	0.657445	0.578504	0.483016	0.357284	0.207102	
0.221481	0.0765983	-0.0391547	-0.128059	-0.176114	-0.183868	-0.152307	-0.0791266	0.028268	0.159521	0.320784	0.490169	0.643274	0.763294	0.84691	0.885277	0.882866	0.854956	0.827883	0.793159	0.757193	0.710463	0.643616	0.54344	0.407983	
0.280477	0.16267	0.0711103	-0.000288725	-0.043751	-0.0521783	-0.0211933	0.0401081	0.12367	0.229918	0.36374	0.50743	0.641172	0.750418	0.825936	0.864386	0.865186	0.85026	0.832742	0.812549	0.798027	0.779647	0.742871	0.675463	0.565773	
0.313785	0.220549	0.150049	0.0983266	0.0671025	0.0621719	0.0832501	0.126914	0.18981	0.273739	0.379014	0.490417	0.598165	0.692733	0.75862	0.794361	0.801526	0.797632	0.786691	0.770968	0.770229	0.774901	0.769376	0.738204	0.669632	
0.316925	0.241571	0.184123	0.145735	0.126487	0.123173	0.136345	0.166203	0.215901	0.28527	0.364895	0.439793	0.513627	0.585942	0.642206	0.680104	0.698118	0.705768	0.701742	0.690652	0.694372	0.717836	0.742505	0.751275	0.733769	
0.259022	0.202529	0.161058	0.133903	0.121949	0.121168	0.127282	0.148333	0.18403	0.235495	0.29307	0.340625	0.385579	0.43775	0.488306	0.531616	0.557074	0.572891	0.577924	0.581652	0.599502	0.638928	0.690212	0.735836	0.760557	
0.130304	0.097006	0.0712387	0.0543595	0.042813	0.0414366	0.0484668	0.063899	0.0857123	0.116688	0.150421	0.182475	0.212622	0.249858	0.299859	0.350601	0.385826	0.411431	0.432602	0.460817	0.502531	0.558099	0.628784	0.702459	0.761513	
-0.0584777	-0.0721983	-0.0829453	-0.0967169	-0.105822	-0.106834	-0.101474	-0.0883516	-0.0759906	-0.0646828	-0.0475001	-0.0232004	0.00624839	0.039911	0.088972	0.147508	0.200357	0.244845	0.292491	0.349802	0.416738	0.489895	0.576248	0.666873	0.748563	
-0.285827	-0.291739	-0.297626	-0.306568	-0.307058	-0.30644	-0.307564	-0.302	-0.293011	-0.289343	-0.278546	-0.254458	-0.21751	-0.178683	-0.12592	-0.0581747	0.0153914	0.087848	0.164148	0.24668	0.338052	0.434475	0.542169	0.650829	0.740422	
-0.516714	-0.526248	-0.538379	-0.541495	-0.53283	-0.52869	-0.5387	-0.541256	-0.53074	-0.520508	-0.508521	-0.4824	-0.444337	-0.398996	-0.335928	-0.250899	-0.153224	-0.0527792	0.0491848	0.152187	0.265525	0.389107	0.524202	0.653337	0.750373	
-0.724444	-0.739317	-0.752902	-0.753496	-0.737327	-0.733714	-0.747137	-0.755775	-0.745112	-0.730507	-0.714794	-0.692637	-0.658441	-0.61059	-0.531841	-0.421998	-0.300482	-0.180975	-0.0606692	0.0642608	0.203213	0.35548	0.515506	0.659177	0.763947	
-0.884826	-0.893496	-0.900288	-0.900488	-0.887671	-0.88387	-0.895726	-0.902566	-0.895665	-0.889001	-0.877964	-0.863327	-0.839548	-0.792311	-0.704512	-0.577087	-0.437163	-0.305877	-0.169938	-0.0205175	0.147517	0.325903	0.49972	0.650699	0.765269	
-0.978302	-0.969639	-0.968144	-0.966242	-0.961738	-0.961259	-0.964085	-0.967717	-0.968247	-0.974357	-0.981879	-0.979259	-0.967267	-0.929618	-0.846296	-0.72136	-0.577989	-0.433235	-0.279919	-0.105306	0.0892922	0.289343	0.476447	0.635173	0.761015	
-1.00999	-0.983778	-0.964683	-0.956496	-0.949437	-0.948857	-0.952971	-0.961147	-0.974634	-0.999165	-1.0246	-1.04193	-1.04432	-1.02082	-0.957875	-0.852684	-0.716769	-0.560762	-0.381081	-0.18322	0.0263668	0.239537	0.437438	0.601361	0.734868	
-0.984965	-0.94478	-0.910738	-0.884328	-0.864176	-0.86101	-0.874443	-0.899911	-0.929775	-0.968677	-1.00891	-1.04517	-1.06957	-1.0675	-1.02665	-0.946912	-0.822546	-0.659327	-0.461065	-0.246896	-0.029355	0.185495	0.386763	0.554389	0.684861	
-0.920782	-0.874452	-0.828947	-0.783418	-0.749569	-0.743584	-0.767201	-0.810409	-0.856495	-0.901818	-0.94929	-0.999338	-1.04722	-1.0734	-1.05795	-0.995991	-0.884032	-0.72089	-0.515251	-0.292553	-0.0688793	0.145335	0.338103	0.492817	0.606241	
-0.844952	-0.794511	-0.736912	-0.681489	-0.64036	-0.632823	-0.66183	-0.71407	-0.771965	-0.825684	-0.87506	-0.932375	-0.995625	-1.04646	-1.05628	-1.01014	-0.910472	-0.75617	-0.555716	-0.332497	-0.101454	0.116162	0.29873	0.430899	0.513252	
-0.77361	-0.713242	-0.648332	-0.590548	-0.551335	-0.543874	-0.571423	-0.623694	-0.686903	-0.750842	-0.807275	-0.869031	-0.940109	-1.00609	-1.03621	-1.0097	-0.923004	-0.779428	-0.585836	-0.364782	-0.129647	0.0880219	0.260601	0.370065	0.416313	
-0.705217	-0.634702	-0.565885	-0.507943	-0.471087	-0.464096	-0.490122	-0.540802	-0.606579	-0.677445	-0.746066	-0.815583	-0.890379	-0.962064	-1.0065	-0.997699	-0.930348	-0.795356	-0.603717	-0.379996	-0.146756	0.061222	0.21592	0.303366	0.319531	
-0.634702	-0.559224	-0.487881	-0.42851	-0.387657	-0.379783	-0.409227	-0.462745	-0.529445	-0.604141	-0.681079	-0.762019	-0.8429	-0.91924	-0.973796	-0.981701	-0.932886	-0.809763	-0.615892	-0.38611	-0.15531	0.0368478	0.168144	0.23413	0.233737	
-0.565885	-0.487881	-0.415462	-0.349853	-0.301583	-0.292648	-0.327296	-0.388672	-0.45773	-0.534188	-0.614346	-0.700936	-0.792618	-0.880173	-0.947384	-0.974134	-0.936057	-0.821916	-0.630198	-0.393629	-0.162711	0.0174152	0.133364	0.182502	0.169863	
-0.507943	-0.42851	-0.349853	-0.27538	-0.221162	-0.211521	-0.24953	-0.319418	-0.396776	-0.475704	-0.556938	-0.643857	-0.741166	-0.845963	-0.933373	-0.970937	-0.936618	-0.822067	-0.631407	-0.399819	-0.174807	0.00233587	0.110536	0.14804	0.124271	
-0.471087	-0.387657	-0.301583	-0.221162	-0.16323	-0.153043	-0.193039	-0.268246	-0.353055	-0.43846	-0.519493	-0.602569	-0.703286	-0.819927	-0.921763	-0.967932	-0.926834	-0.805842	-0.619223	-0.396322	-0.181593	-0.00928532	0.0999017	0.132524	0.0987688	
-0.464096	-0.379783	-0.292648	-0.211521	-0.153043	-0.143503	-0.182986	-0.259465	-0.344864	-0.431639	-0.512044	-0.594963	-0.696008	-0.815775	-0.919977	-0.968209	-0.92385	-0.802229	-0.614735	-0.394689	-0.182265	-0.0109637	0.0990912	0.13034	0.0951701	
-0.490122	-0.409227	-0.327296	-0.24953	-0.193039	-0.182986	-0.222569	-0.295358	-0.376528	-0.457687	-0.538866	-0.623891	-0.723402	-0.833478	-0.927702	-0.969187	-0.932855	-0.81569	-0.627366	-0.399109	-0.178773	-0.00321264	0.10483	0.140127	0.111872	
-0.540802	-0.462745	-0.388672	-0.319418	-0.268246	-0.259465	-0.295358	-0.360409	-0.432512	-0.508741	-0.589684	-0.677251	-0.771703	-0.86671	-0.941436	-0.972981	-0.938052	-0.824424	-0.632959	-0.397216	-0.167495	0.0111857	0.122847	0.166323	0.148967	
-0.606579	-0.529445	-0.45773	-0.396776	-0.353055	-0.344864	-0.376528	-0.432512	-0.499412	-0.575586	-0.653956	-0.737614	-0.82347	-0.902668	-0.961272	-0.978046	-0.933319	-0.814969	-0.621849	-0.388136	-0.157445	0.0287244	0.152841	0.211109	0.205911	
-0.677445	-0.604141	-0.534188	-0.475704	-0.43846	-0.431639	-0.457687	-0.508741	-0.575586	-0.648035	-0.72138	-0.795533	-0.871265	-0.944759	-0.993443	-0.990565	-0.932183	-0.801383	-0.608284	-0.383178	-0.15115	0.0512202	0.19572	0.274134	0.282731	
-0.746066	-0.681079	-0.614346	-0.556938	-0.519493	-0.512044	-0.538866	-0.589684	-0.653956	-0.72138	-0.78239	-0.846241	-0.919789	-0.988333	-1.02493	-1.00648	-0.926881	-0.786084	-0.594943	-0.3726	-0.137659	0.0767132	0.244173	0.345197	0.377638	
-0.815583	-0.762019	-0.700936	-0.643857	-0.602569	-0.594963	-0.623891	-0.677251	-0.737614	-0.795533	-0.846241	-0.906208	-0.972988	-1.03155	-1.05032	-1.01149	-0.916376	-0.767357	-0.568661	-0.347426	-0.113903	0.104937	0.283691	0.406418	0.474424	
-0.890379	-0.8429	-0.792618	-0.741166	-0.703286	-0.696008	-0.723402	-0.771703	-0.82347	-0.871265	-0.919789	-0.972988	-1.0286	-1.06528	-1.06036	-1.00397	-0.897491	-0.736287	-0.532594	-0.308656	-0.0821546	0.133014	0.321327	0.467669	0.569888	
-0.962064	-0.91924	-0.880173	-0.845963	-0.819927	-0.815775	-0.833478	-0.86671	-0.902668	-0.944759	-0.988333	-1.03155	-1.06528	-1.07494	-1.04404	-0.972261	-0.852555	-0.688412	-0.485462	-0.267099	-0.0466789	0.167204	0.366682	0.530958	0.656035	
-1.0065	-0.973796	-0.947384	-0.933373	-0.921763	-0.919977	-0.927702	-0.941436	-0.961272	-0.993443	-1.02493	-1.05032	-1.06036	-1.04404	-0.990403	-0.89574	-0.764068	-0.6051	-0.416216	-0.210862	0.00255188	0.217534	0.41729	0.583864	0.718095	
-0.997699	-0.981701	-0.974134	-0.970937	-0.967932	-0.968209	-0.969187	-0.972981	-0.978046	-0.990565	-1.00648	-1.01149	-1.00397	-0.972261	-0.89574	-0.776422	-0.635769	-0.485517	-0.32212	-0.137419	0.06446	0.27092	0.463253	0.624242	0.75379	
-0.930348	-0.932886	-0.936057	-0.936618	-0.926834	-0.92385	-0.932855	-0.938052	-0.933319	-0.932183	-0.926881	-0.916376	-0.897491	-0.852555	-0.764068	-0.635769	-0.492113	-0.35593	-0.21432	-0.0544122	0.125261	0.3122	0.491639	0.645898	0.764791	
-0.795356	-0.809763	-0.821916	-0.822067	-0.805842	-0.802229	-0.81569	-0.824424	-0.814969	-0.801383	-0.786084	-0.767357	-0.736287	-0.688412	-0.6051	-0.485517	-0.35593	-0.231638	-0.104227	0.0297704	0.17998	0.344238	0.510402	0.65738	0.765639	
-0.603717	-0.615892	-0.630198	-0.631407	-0.619223	-0.614735	-0.627366	-0.632959	-0.621849	-0.608284	-0.594943	-0.568661	-0.532594	-0.485462	-0.416216	-0.32212	-0.21432	-0.104227	0.00488016	0.116925	0.239794	0.374596	0.520897	0.656837	0.757164	
-0.379996	-0.38611	-0.393629	-0.399819	-0.396322	-0.394689	-0.399109	-0.397216	-0.388136	-0.383178	-0.3726	-0.347426	-0.308656	-0.267099	-0.210862	-0.137419	-0.0544122	0.0297704	0.116925	0.207766	0.307867	0.414825	0.532953	0.649945	0.741815	
-0.146756	-0.15531	-0.162711	-0.174807	-0.181593	-0.182265	-0.178773	-0.167495	-0.157445	-0.15115	-0.137659	-0.113903	-0.0821546	-0.0466789	0.00255188	0.06446	0.125261	0.17998	0.239794	0.307867	0.384581	0.466898	0.560248	0.657622	0.744362	
0.061222	0.0368478	0.0174152	0.00233587	-0.00928532	-0.0109637	-0.00321264	0.0111857	0.0287244	0.0512202	0.0767132	0.104937	0.133014	0.167204	0.217534	0.27092	0.3122	0.344238	0.374596	0.414825	0.466898	0.528864	0.606118	0.687126	0.756544	
0.21592	0.168144	0.133364	0.110536	0.0999017	0.0990912	0.10483	0.122847	0.152841	0.19572	0.244173	0.283691	0.321327	0.366682	0.41729	0.463253	0.491639	0.510402	0.520897	0.532953	0.560248	0.606118	0.665918	0.723634	0.763422	
0.303366	0.23413	0.182502	0.14804	0.132524	0.13034	0.140127	0.166323	0.211109	0.274134	0.345197	0.406418	0.467669	0.530958	0.583864	0.624242	0.645898	0.65738	0.656837	0.649945	0.657622	0.687126	0.723634	0.747326	0.748472	
0.319531	0.233737	0.169863	0.124271	0.0987688	0.0951701	0.111872	0.148967	0.205911	0.282731	0.377638	0.474424	0.569888	0.656035	0.718095	0.75379	0.764791	0.765639	0.757164	0.741815	0.744362	0.756544	0.763422	0.748472	0.700138	
