-0.353955	-0.419912	-0.471721	-0.502948	-0.500381	-0.45705	-0.389338	-0.314203	-0.226887	-0.139405	-0.0644758	-0.0119707	0.00835994	0.00636551	-0.0128749	-0.0523151	-0.109742	-0.171369	-0.230342	-0.26662	-0.271813	-0.265363	-0.241792	-0.214332	-0.189398	
-0.419912	-0.443161	-0.465369	-0.484381	-0.477278	-0.431305	-0.362387	-0.279914	-0.183139	-0.0869108	-0.00463518	0.0572047	0.0888832	0.103559	0.0884221	0.044866	-0.0150514	-0.0804522	-0.151573	-0.206833	-0.23808	-0.252996	-0.247883	-0.233184	-0.209152	
-0.471721	-0.465369	-0.471105	-0.479694	-0.468506	-0.418754	-0.350999	-0.262116	-0.155315	-0.0512868	0.0420339	0.116985	0.16795	0.196852	0.186482	0.144254	0.0854377	0.021491	-0.0536796	-0.126749	-0.183682	-0.225178	-0.245689	-0.246753	-0.222934	
-0.502948	-0.484381	-0.479694	-0.479121	-0.463104	-0.413487	-0.347339	-0.257973	-0.145098	-0.0316584	0.0732708	0.162631	0.227244	0.271045	0.274279	0.246376	0.200667	0.143302	0.0688681	-0.0190204	-0.103929	-0.174517	-0.219477	-0.234357	-0.216629	
-0.500381	-0.477278	-0.468506	-0.463104	-0.441865	-0.392484	-0.332619	-0.253001	-0.147663	-0.0278928	0.0893193	0.188715	0.271412	0.332328	0.350426	0.340717	0.31011	0.264302	0.193232	0.0992739	-0.00330321	-0.0917377	-0.151063	-0.179321	-0.17164	
-0.45705	-0.431305	-0.418754	-0.413487	-0.392484	-0.35175	-0.304591	-0.243634	-0.150895	-0.0325101	0.0883145	0.197895	0.297073	0.373986	0.408924	0.423057	0.417704	0.385017	0.323375	0.229663	0.12398	0.0311602	-0.0352154	-0.0766981	-0.0865718	
-0.389338	-0.362387	-0.350999	-0.347339	-0.332619	-0.304591	-0.269529	-0.227419	-0.153934	-0.0468926	0.0723413	0.193669	0.310535	0.40222	0.464738	0.505978	0.521387	0.5023	0.448624	0.360627	0.261173	0.170358	0.0943783	0.0352067	0.00477434	
-0.314203	-0.279914	-0.262116	-0.257973	-0.253001	-0.243634	-0.227419	-0.203485	-0.149313	-0.0507279	0.0739381	0.203583	0.328636	0.439972	0.528292	0.594568	0.628627	0.621492	0.573542	0.4922	0.392895	0.297454	0.206925	0.124785	0.071786	
-0.226887	-0.183139	-0.155315	-0.145098	-0.147663	-0.150895	-0.153934	-0.149313	-0.106166	-0.0101392	0.118146	0.25288	0.382991	0.506653	0.615434	0.695271	0.74098	0.740518	0.694034	0.61205	0.510476	0.402502	0.291559	0.190545	0.118328	
-0.139405	-0.0869108	-0.0512868	-0.0316584	-0.0278928	-0.0325101	-0.0468926	-0.0507279	-0.0101392	0.0863343	0.21527	0.349638	0.480647	0.604151	0.717142	0.799496	0.844284	0.84079	0.790767	0.712478	0.605254	0.480447	0.350682	0.237399	0.154764	
-0.0644758	-0.00463518	0.0420339	0.0732708	0.0893193	0.0883145	0.0723413	0.0739381	0.118146	0.21527	0.344546	0.472882	0.592176	0.707501	0.812528	0.88841	0.9247	0.91301	0.863349	0.791589	0.681061	0.541544	0.397257	0.277057	0.184109	
-0.0119707	0.0572047	0.116985	0.162631	0.188715	0.197895	0.193669	0.203583	0.25288	0.349638	0.472882	0.58562	0.6871	0.784943	0.877451	0.942802	0.967543	0.950714	0.902434	0.831255	0.725756	0.58577	0.437809	0.310125	0.208672	
0.00835994	0.0888832	0.16795	0.227244	0.271412	0.297073	0.310535	0.328636	0.382991	0.480647	0.592176	0.6871	0.764935	0.836825	0.90393	0.950449	0.965223	0.941506	0.891908	0.820705	0.726718	0.60517	0.466861	0.339916	0.236213	
0.00636551	0.103559	0.196852	0.271045	0.332328	0.373986	0.40222	0.439972	0.506653	0.604151	0.707501	0.784943	0.836825	0.872938	0.904054	0.922921	0.9181	0.888021	0.837444	0.770809	0.695748	0.599238	0.480648	0.366308	0.276036	
-0.0128749	0.0884221	0.186482	0.274279	0.350426	0.408924	0.464738	0.528292	0.615434	0.717142	0.812528	0.877451	0.90393	0.904054	0.894066	0.876423	0.843236	0.796348	0.746078	0.688046	0.630929	0.561411	0.471687	0.381649	0.311212	
-0.0523151	0.044866	0.144254	0.246376	0.340717	0.423057	0.505978	0.594568	0.695271	0.799496	0.88841	0.942802	0.950449	0.922921	0.876423	0.817065	0.749179	0.676651	0.616564	0.569698	0.531386	0.493692	0.443184	0.383186	0.334706	
-0.109742	-0.0150514	0.0854377	0.200667	0.31011	0.417704	0.521387	0.628627	0.74098	0.844284	0.9247	0.967543	0.965223	0.9181	0.843236	0.749179	0.642467	0.540052	0.463824	0.420037	0.402157	0.399249	0.38818	0.367088	0.352368	
-0.171369	-0.0804522	0.021491	0.143302	0.264302	0.385017	0.5023	0.621492	0.740518	0.84079	0.91301	0.950714	0.941506	0.888021	0.796348	0.676651	0.540052	0.410994	0.31768	0.278046	0.280972	0.306772	0.327294	0.34555	0.367623	
-0.230342	-0.151573	-0.0536796	0.0688681	0.193232	0.323375	0.448624	0.573542	0.694034	0.790767	0.863349	0.902434	0.891908	0.837444	0.746078	0.616564	0.463824	0.31768	0.211138	0.170399	0.187793	0.231078	0.274769	0.324376	0.375141	
-0.26662	-0.206833	-0.126749	-0.0190204	0.0992739	0.229663	0.360627	0.4922	0.61205	0.712478	0.791589	0.831255	0.820705	0.770809	0.688046	0.569698	0.420037	0.278046	0.170399	0.121154	0.137386	0.185082	0.238309	0.30535	0.36433	
-0.271813	-0.23808	-0.183682	-0.103929	-0.00330321	0.12398	0.261173	0.392895	0.510476	0.605254	0.681061	0.725756	0.726718	0.695748	0.630929	0.531386	0.402157	0.280972	0.187793	0.137386	0.14671	0.187996	0.239666	0.295287	0.330585	
-0.265363	-0.252996	-0.225178	-0.174517	-0.0917377	0.0311602	0.170358	0.297454	0.402502	0.480447	0.541544	0.58577	0.60517	0.599238	0.561411	0.493692	0.399249	0.306772	0.231078	0.185082	0.187996	0.218032	0.253564	0.282586	0.289945	
-0.241792	-0.247883	-0.245689	-0.219477	-0.151063	-0.0352154	0.0943783	0.206925	0.291559	0.350682	0.397257	0.437809	0.466861	0.480648	0.471687	0.443184	0.38818	0.327294	0.274769	0.238309	0.239666	0.253564	0.259993	0.261056	0.243921	
-0.214332	-0.233184	-0.246753	-0.234357	-0.179321	-0.0766981	0.0352067	0.124785	0.190545	0.237399	0.277057	0.310125	0.339916	0.366308	0.381649	0.383186	0.367088	0.34555	0.324376	0.30535	0.295287	0.282586	0.261056	0.235028	0.196936	
-0.189398	-0.209152	-0.222934	-0.216629	-0.17164	-0.0865718	0.00477434	0.071786	0.118328	0.154764	0.184109	0.208672	0.236213	0.276036	0.311212	0.334706	0.352368	0.367623	0.375141	0.36433	0.330585	0.289945	0.243921	0.196936	0.147487	
-0.168625	-0.180886	-0.186836	-0.174392	-0.13579	-0.0665373	-0.00263297	0.0397343	0.0671062	0.0921251	0.116511	0.137764	0.173254	0.222681	0.275362	0.318534	0.357856	0.392904	0.414643	0.402846	0.357875	0.297144	0.225594	0.154667	0.0978475	
-0.143713	-0.14449	-0.136633	-0.119087	-0.086729	-0.0437294	-0.0119234	0.0018958	0.0125387	0.0317326	0.0571723	0.0893737	0.13663	0.198391	0.264116	0.325024	0.38158	0.423875	0.445017	0.438078	0.389876	0.316129	0.222707	0.131013	0.0599055	
-0.112879	-0.100316	-0.0820014	-0.06659	-0.0506484	-0.0375764	-0.0353023	-0.0412202	-0.0422165	-0.0315432	-0.00668351	0.0367279	0.102357	0.18188	0.26276	0.337332	0.407373	0.454465	0.470643	0.45729	0.40301	0.317788	0.219223	0.1247	0.0409504	
-0.0803763	-0.054831	-0.0343956	-0.0268103	-0.0305558	-0.0446318	-0.0653637	-0.0847243	-0.0937252	-0.0886946	-0.0677058	-0.0194728	0.0630857	0.157778	0.252086	0.341156	0.424457	0.482336	0.497444	0.464944	0.400545	0.312343	0.213369	0.119647	0.0300439	
-0.052684	-0.0225056	-0.00223657	-0.00330449	-0.0208122	-0.0557304	-0.0925992	-0.120815	-0.132249	-0.126387	-0.105252	-0.0573517	0.0247536	0.126859	0.231721	0.334553	0.436897	0.51091	0.520825	0.474126	0.401346	0.311857	0.210095	0.108026	0.0174111	
-0.0473385	-0.0169512	0.00368445	0.000645231	-0.0201014	-0.0580839	-0.0981083	-0.129735	-0.139696	-0.133312	-0.111885	-0.0642274	0.0168603	0.11916	0.225993	0.332727	0.440034	0.51545	0.525001	0.47552	0.400288	0.310768	0.208838	0.103205	0.01307	
-0.0677097	-0.0391748	-0.0188473	-0.0148893	-0.0246779	-0.0491009	-0.0771146	-0.100368	-0.111801	-0.106564	-0.0858324	-0.0377891	0.0461344	0.144664	0.244425	0.339469	0.430293	0.49498	0.508232	0.468922	0.401418	0.312476	0.211748	0.115918	0.0260973	
-0.0999539	-0.0819913	-0.0613414	-0.0491448	-0.0416945	-0.0396142	-0.0474456	-0.0594112	-0.063235	-0.0557591	-0.0328291	0.0137567	0.0870758	0.173985	0.260553	0.339798	0.414803	0.465537	0.481083	0.460996	0.402134	0.314487	0.216657	0.122892	0.0358714	
-0.131816	-0.127426	-0.114849	-0.0970611	-0.0701928	-0.0395414	-0.0200395	-0.015175	-0.0096489	0.00675449	0.0324316	0.0692331	0.123596	0.191839	0.26371	0.329996	0.392299	0.436888	0.456038	0.447945	0.398376	0.320159	0.222339	0.127102	0.050809	
-0.159284	-0.167553	-0.168486	-0.153188	-0.115815	-0.0559451	-0.00457258	0.0261334	0.0459519	0.0682591	0.0923711	0.117555	0.156923	0.21076	0.268482	0.319339	0.366379	0.404447	0.427261	0.417201	0.37077	0.304792	0.222812	0.142189	0.080392	
-0.181678	-0.198318	-0.209409	-0.201317	-0.160427	-0.0807857	-9.03732e-05	0.0582104	0.0973707	0.128422	0.154815	0.176399	0.20663	0.249804	0.292499	0.324212	0.351821	0.377625	0.392266	0.381282	0.341115	0.290666	0.235027	0.179467	0.127092	
-0.203523	-0.224554	-0.239789	-0.231107	-0.180365	-0.0852032	0.0196773	0.0998969	0.157136	0.200183	0.235767	0.266282	0.294698	0.327256	0.349664	0.360276	0.358826	0.353752	0.345807	0.331919	0.312106	0.288095	0.256373	0.221741	0.177346	
-0.231577	-0.243543	-0.249252	-0.229082	-0.166955	-0.0552525	0.0679256	0.171932	0.248859	0.302277	0.34662	0.383576	0.414191	0.433033	0.4349	0.420068	0.381023	0.334578	0.293999	0.263153	0.262216	0.26687	0.261951	0.251625	0.225485	
-0.256494	-0.252102	-0.235329	-0.195853	-0.118583	0.00191944	0.138572	0.26101	0.358054	0.427473	0.482078	0.525786	0.549919	0.55269	0.526783	0.474861	0.396124	0.315992	0.24846	0.205921	0.207955	0.232099	0.256687	0.274541	0.271839	
-0.27113	-0.246894	-0.202557	-0.135	-0.0418636	0.0836549	0.22303	0.353808	0.468218	0.557343	0.627608	0.672941	0.681726	0.66085	0.605922	0.517499	0.400672	0.29001	0.204076	0.155487	0.161573	0.198004	0.245378	0.291691	0.315419	
-0.271202	-0.22126	-0.151177	-0.0538861	0.0581092	0.187949	0.32136	0.452988	0.572747	0.672273	0.751937	0.793353	0.785977	0.741544	0.664868	0.553435	0.410361	0.274733	0.172393	0.121258	0.134314	0.18017	0.234218	0.30035	0.353374	
-0.249328	-0.177747	-0.0847651	0.034051	0.157498	0.288523	0.416767	0.544849	0.664164	0.762477	0.838102	0.877708	0.865794	0.812348	0.724226	0.596528	0.442777	0.29581	0.185522	0.14195	0.16113	0.207861	0.256994	0.316166	0.373319	
-0.196207	-0.108747	-0.00685013	0.116317	0.239333	0.364324	0.484906	0.606764	0.727487	0.825452	0.89628	0.934639	0.924322	0.869468	0.776228	0.650676	0.505366	0.368015	0.269467	0.229835	0.239667	0.274475	0.305373	0.33682	0.372062	
-0.13436	-0.0402526	0.0605041	0.179551	0.294164	0.407895	0.518228	0.631575	0.746694	0.849121	0.925798	0.965066	0.95973	0.909346	0.825527	0.719727	0.599721	0.486043	0.402643	0.360261	0.350791	0.360228	0.362741	0.358759	0.359403	
-0.0743461	0.0219756	0.121625	0.228973	0.33037	0.424476	0.515523	0.611973	0.718273	0.821975	0.908181	0.958368	0.961414	0.924172	0.865194	0.790775	0.707324	0.622991	0.556681	0.511634	0.481766	0.458018	0.424153	0.378548	0.341551	
-0.0255532	0.0735424	0.172455	0.266195	0.349673	0.415862	0.483832	0.558097	0.650708	0.754519	0.847315	0.907307	0.925705	0.913836	0.887901	0.853935	0.807627	0.752016	0.698874	0.64523	0.595732	0.538778	0.463576	0.384168	0.321953	
0.000808795	0.101475	0.197682	0.277446	0.344377	0.392544	0.430217	0.477814	0.553405	0.651532	0.75168	0.823497	0.86474	0.886693	0.901211	0.906037	0.890307	0.854809	0.80521	0.741338	0.673023	0.587177	0.479854	0.374037	0.290864	
0.00985625	0.0977693	0.183057	0.248188	0.300143	0.3324	0.351168	0.375981	0.433263	0.531025	0.638949	0.726022	0.793711	0.851826	0.906357	0.942674	0.950517	0.92566	0.875127	0.805503	0.718536	0.606193	0.474774	0.351815	0.252022	
-3.22046e-05	0.0719916	0.140041	0.190863	0.222982	0.238063	0.241722	0.253933	0.305016	0.402928	0.521256	0.62759	0.719665	0.807991	0.891942	0.951232	0.972554	0.952654	0.903743	0.832454	0.730542	0.596159	0.450365	0.32165	0.217987	
-0.0401439	0.0237532	0.0750273	0.112321	0.131435	0.133897	0.120577	0.126222	0.172662	0.269362	0.397156	0.5204	0.633106	0.742238	0.843086	0.915322	0.946709	0.933248	0.884159	0.813589	0.704499	0.562575	0.414966	0.290949	0.194369	
