0.637241	0.586767	0.497046	0.400819	0.335433	0.323966	0.369016	0.456823	0.554066	0.623829	0.639568	0.602823	0.52432	0.423162	0.306931	0.185885	0.0694364	-0.0284181	-0.108061	-0.150681	-0.149901	-0.109131	-0.0401163	0.0358776	0.101974	
0.556471	0.520056	0.442808	0.351896	0.283679	0.271788	0.319615	0.406553	0.492641	0.548635	0.550152	0.495806	0.393955	0.263913	0.118899	-0.0175231	-0.135365	-0.21776	-0.264702	-0.26822	-0.236259	-0.167107	-0.0736298	0.0152808	0.0838948	
0.436734	0.420363	0.357432	0.275998	0.216611	0.205451	0.248035	0.324876	0.400007	0.436998	0.415795	0.333657	0.209782	0.0553134	-0.110586	-0.260372	-0.368714	-0.422974	-0.426474	-0.392197	-0.329712	-0.243669	-0.139556	-0.0443904	0.0246386	
0.292997	0.305018	0.268038	0.206897	0.157233	0.148585	0.183599	0.244716	0.294883	0.305547	0.254585	0.144954	-0.00403325	-0.177803	-0.356783	-0.50033	-0.590045	-0.611659	-0.575154	-0.504726	-0.420199	-0.322048	-0.216509	-0.120812	-0.0520581	
0.14784	0.197829	0.198214	0.164658	0.129089	0.121557	0.148696	0.187195	0.203442	0.174205	0.0901905	-0.0491188	-0.21668	-0.400123	-0.574542	-0.707075	-0.773573	-0.766293	-0.692042	-0.594711	-0.492984	-0.387286	-0.282373	-0.191516	-0.122365	
0.0266365	0.11482	0.152103	0.152206	0.14455	0.142073	0.149383	0.154569	0.135767	0.0678208	-0.0519694	-0.215565	-0.394984	-0.580097	-0.746624	-0.862326	-0.903848	-0.871606	-0.774268	-0.65463	-0.533289	-0.41711	-0.30899	-0.223314	-0.164509	
-0.0626964	0.0566109	0.133753	0.17174	0.184755	0.186999	0.179436	0.153228	0.0927015	-0.010159	-0.154454	-0.331751	-0.522485	-0.707785	-0.865904	-0.968412	-0.990651	-0.932061	-0.808262	-0.666343	-0.527437	-0.398743	-0.28604	-0.20703	-0.161299	
-0.102316	0.0456606	0.154671	0.220174	0.253177	0.257962	0.237047	0.185335	0.0952107	-0.0392672	-0.205623	-0.393928	-0.589595	-0.771995	-0.921293	-1.01166	-1.01346	-0.928753	-0.782017	-0.610797	-0.451871	-0.315995	-0.20496	-0.132276	-0.10287	
-0.0996932	0.0749508	0.211002	0.302123	0.355679	0.364926	0.328802	0.25187	0.135305	-0.026627	-0.216123	-0.415315	-0.611221	-0.782249	-0.910015	-0.980306	-0.96257	-0.858222	-0.690885	-0.494097	-0.30954	-0.166065	-0.0635705	-0.0124145	-0.00537422	
-0.0860002	0.110013	0.28392	0.415487	0.491723	0.505052	0.453592	0.342395	0.183928	-0.00663679	-0.20899	-0.40954	-0.599476	-0.755116	-0.861243	-0.900905	-0.84966	-0.715707	-0.532435	-0.32008	-0.124601	0.0235522	0.113359	0.137337	0.109829	
-0.0675349	0.157287	0.369597	0.538707	0.641167	0.659641	0.588717	0.443317	0.245665	0.0219426	-0.197345	-0.39655	-0.570755	-0.70213	-0.777764	-0.783277	-0.697983	-0.533055	-0.324688	-0.0999231	0.0919963	0.225313	0.296656	0.289874	0.220923	
-0.0333283	0.214729	0.456057	0.65108	0.774279	0.795389	0.711552	0.539957	0.315124	0.063553	-0.172088	-0.374079	-0.526169	-0.628151	-0.669083	-0.639492	-0.51884	-0.330419	-0.104735	0.12538	0.311854	0.422429	0.46138	0.424152	0.319354	
0.0111001	0.264053	0.523282	0.740149	0.871782	0.895289	0.80476	0.617934	0.369501	0.108735	-0.124047	-0.315368	-0.452967	-0.530873	-0.542967	-0.479664	-0.333586	-0.129544	0.105976	0.332348	0.507134	0.594604	0.592166	0.506698	0.368149	
0.0698273	0.316505	0.573967	0.793884	0.931554	0.955851	0.860834	0.669267	0.42092	0.164163	-0.0577869	-0.229279	-0.343247	-0.402796	-0.39958	-0.317281	-0.151952	0.0647695	0.298133	0.498402	0.636036	0.691002	0.648682	0.514777	0.337791	
0.139005	0.370981	0.613898	0.819936	0.949909	0.972284	0.883501	0.70262	0.470007	0.227715	0.0197193	-0.131308	-0.221867	-0.260816	-0.239665	-0.14085	0.030359	0.239004	0.449806	0.609218	0.688457	0.690216	0.610551	0.445875	0.239347	
0.204037	0.413692	0.638106	0.826304	0.939792	0.959857	0.88249	0.719447	0.50458	0.283732	0.0998328	-0.0305872	-0.103824	-0.118308	-0.0791335	0.0195188	0.183597	0.372932	0.541162	0.64836	0.667138	0.604976	0.477663	0.293382	0.074573	
0.259481	0.44931	0.644739	0.805499	0.908032	0.927338	0.85487	0.714613	0.529357	0.331022	0.168736	0.0644627	0.00326644	-0.00387088	0.0412743	0.136068	0.281028	0.439806	0.552798	0.598436	0.560449	0.446808	0.277815	0.075308	-0.143751	
0.31169	0.473941	0.635968	0.767641	0.849588	0.862927	0.807336	0.69355	0.541476	0.372791	0.231181	0.137914	0.0842375	0.0722544	0.108944	0.187998	0.307598	0.428925	0.4899	0.473401	0.380049	0.229976	0.0430019	-0.15994	-0.369821	
0.351141	0.486464	0.615633	0.715327	0.767379	0.773967	0.742601	0.65959	0.540713	0.404112	0.277522	0.183292	0.133081	0.115895	0.135505	0.186003	0.268509	0.343239	0.361005	0.303023	0.176604	0.00492154	-0.180978	-0.372179	-0.566146	
0.365854	0.478686	0.577367	0.643951	0.671492	0.676077	0.659609	0.608384	0.520598	0.411405	0.303032	0.214583	0.157298	0.1288	0.129689	0.151812	0.197899	0.231199	0.21473	0.129578	-0.0112916	-0.189083	-0.36264	-0.53301	-0.699791	
0.360918	0.447258	0.511569	0.544807	0.561128	0.564938	0.552388	0.528652	0.476767	0.396448	0.309707	0.234171	0.172029	0.134904	0.119998	0.128865	0.147868	0.147031	0.104076	0.00707757	-0.142019	-0.312216	-0.468509	-0.6134	-0.74294	
0.306916	0.361619	0.3923	0.392756	0.383732	0.382493	0.38797	0.395792	0.37786	0.330477	0.272627	0.219464	0.176992	0.152077	0.130942	0.125097	0.124171	0.101495	0.0416297	-0.0562407	-0.198164	-0.351128	-0.493993	-0.611559	-0.707251	
0.190739	0.191131	0.172394	0.137591	0.105537	0.0985553	0.124267	0.159387	0.186234	0.192537	0.184633	0.174915	0.173341	0.169669	0.159264	0.147533	0.132376	0.096885	0.030157	-0.0694495	-0.192561	-0.321017	-0.448002	-0.544979	-0.608903	
0.00433269	-0.0748898	-0.158516	-0.234011	-0.289525	-0.301893	-0.259059	-0.190405	-0.108091	-0.0266132	0.046688	0.109627	0.159843	0.191037	0.207451	0.197131	0.172019	0.133471	0.0703263	-0.024364	-0.131593	-0.239525	-0.342009	-0.420895	-0.460653	
-0.242994	-0.405788	-0.565373	-0.700498	-0.782297	-0.797148	-0.740915	-0.624146	-0.470302	-0.308743	-0.143758	0.0169824	0.142073	0.2268	0.273483	0.273451	0.248379	0.209087	0.148951	0.0748159	-0.0117883	-0.100657	-0.178252	-0.241657	-0.273742	
-0.516891	-0.769366	-1.00303	-1.19269	-1.30595	-1.32273	-1.24934	-1.08561	-0.866402	-0.619966	-0.353887	-0.088001	0.123835	0.268659	0.346777	0.367616	0.358493	0.330917	0.28047	0.227004	0.166502	0.096449	0.0320871	-0.0159616	-0.0558035	
-0.769366	-1.12058	-1.42383	-1.64799	-1.7786	-1.79998	-1.71242	-1.52357	-1.25025	-0.91312	-0.550197	-0.200965	0.0951114	0.305141	0.421	0.47068	0.485509	0.480974	0.460628	0.428701	0.389787	0.338941	0.283756	0.235459	0.18023	
-1.00303	-1.42383	-1.77044	-2.02061	-2.1684	-2.19629	-2.09307	-1.88207	-1.57339	-1.17716	-0.738365	-0.315457	0.0518623	0.318763	0.472386	0.554816	0.603102	0.628936	0.642802	0.643214	0.625326	0.591133	0.545293	0.485436	0.405599	
-1.19269	-1.64799	-2.02061	-2.29239	-2.44551	-2.47286	-2.36751	-2.14247	-1.80816	-1.38304	-0.897526	-0.412938	0.00295919	0.304951	0.493058	0.608258	0.689645	0.748343	0.791714	0.821318	0.824849	0.807043	0.76583	0.690041	0.586318	
-1.30595	-1.7786	-2.1684	-2.44551	-2.59685	-2.62043	-2.52169	-2.29418	-1.94633	-1.50273	-0.994049	-0.477344	-0.0384074	0.285396	0.500776	0.631831	0.729006	0.819186	0.88796	0.929846	0.948191	0.94342	0.900354	0.818097	0.697459	
-1.32273	-1.79998	-2.19629	-2.47286	-2.62043	-2.64265	-2.54811	-2.32234	-1.97068	-1.52108	-1.00998	-0.490299	-0.0477242	0.281578	0.503217	0.636164	0.734008	0.82983	0.905679	0.949167	0.970129	0.9674	0.924669	0.839692	0.717143	
-1.24934	-1.71242	-2.09307	-2.36751	-2.52169	-2.54811	-2.44449	-2.21611	-1.87609	-1.44299	-0.94564	-0.443042	-0.0152932	0.296412	0.496362	0.620665	0.711266	0.783998	0.837581	0.874461	0.885888	0.8731	0.83168	0.753262	0.640825	
-1.08561	-1.52357	-1.88207	-2.14247	-2.29418	-2.32234	-2.21611	-1.99861	-1.67852	-1.26764	-0.807271	-0.357473	0.0324209	0.315942	0.484067	0.580656	0.642297	0.681048	0.707527	0.720757	0.711595	0.684746	0.64133	0.573753	0.484119	
-0.866402	-1.25025	-1.57339	-1.80816	-1.94633	-1.97068	-1.87609	-1.67852	-1.38928	-1.02379	-0.626884	-0.247426	0.0795058	0.314509	0.445374	0.507283	0.534866	0.542779	0.535897	0.516068	0.485147	0.441646	0.389942	0.338928	0.273772	
-0.619966	-0.91312	-1.17716	-1.38304	-1.50273	-1.52108	-1.44299	-1.26764	-1.02379	-0.74002	-0.433666	-0.132451	0.114182	0.284597	0.378082	0.409666	0.409044	0.388009	0.348533	0.302902	0.252127	0.189315	0.129112	0.0814979	0.0372753	
-0.353887	-0.550197	-0.738365	-0.897526	-0.994049	-1.00998	-0.94564	-0.807271	-0.626884	-0.433666	-0.228543	-0.0238523	0.13567	0.243261	0.301575	0.308991	0.289215	0.252849	0.194108	0.128779	0.0529692	-0.0283746	-0.0997656	-0.155254	-0.189763	
-0.088001	-0.200965	-0.315457	-0.412938	-0.477344	-0.490299	-0.443042	-0.357473	-0.247426	-0.132451	-0.0238523	0.0751187	0.152471	0.204417	0.232857	0.224946	0.196947	0.158551	0.0975148	0.00936938	-0.0913193	-0.19109	-0.282825	-0.355962	-0.390193	
0.123835	0.0951114	0.0518623	0.00295919	-0.0384074	-0.0477242	-0.0152932	0.0324209	0.0795058	0.114182	0.13567	0.152471	0.169002	0.176947	0.175533	0.164339	0.144708	0.107402	0.0396598	-0.0586184	-0.174912	-0.294589	-0.412309	-0.5015	-0.555321	
0.268659	0.305141	0.318763	0.304951	0.285396	0.281578	0.296412	0.315942	0.314509	0.284597	0.243261	0.204417	0.176947	0.159411	0.140986	0.130536	0.123357	0.09407	0.0307029	-0.0681038	-0.202124	-0.34636	-0.483854	-0.592833	-0.674327	
0.346777	0.421	0.472386	0.493058	0.500776	0.503217	0.496362	0.484067	0.445374	0.378082	0.301575	0.232857	0.175533	0.140986	0.121189	0.124696	0.135219	0.124826	0.0737005	-0.0244635	-0.173458	-0.337617	-0.488173	-0.620223	-0.736276	
0.367616	0.47068	0.554816	0.608258	0.631831	0.636164	0.620665	0.580656	0.507283	0.409666	0.308991	0.224946	0.164339	0.130536	0.124696	0.140737	0.173842	0.192224	0.165335	0.0726365	-0.0726038	-0.248224	-0.414853	-0.57644	-0.728364	
0.358493	0.485509	0.603102	0.689645	0.729006	0.734008	0.711266	0.642297	0.534866	0.409044	0.289215	0.196947	0.144708	0.123357	0.135219	0.173842	0.241313	0.298401	0.300435	0.230443	0.0973721	-0.078821	-0.260668	-0.444271	-0.629345	
0.330917	0.480974	0.628936	0.748343	0.819186	0.82983	0.783998	0.681048	0.542779	0.388009	0.252849	0.158551	0.107402	0.09407	0.124826	0.192224	0.298401	0.402621	0.445132	0.409072	0.299177	0.137694	-0.0506696	-0.249002	-0.453622	
0.28047	0.460628	0.642802	0.791714	0.88796	0.905679	0.837581	0.707527	0.535897	0.348533	0.194108	0.0975148	0.0396598	0.0307029	0.0737005	0.165335	0.300435	0.445132	0.535912	0.556043	0.494249	0.364973	0.18629	-0.0189369	-0.236361	
0.227004	0.428701	0.643214	0.821318	0.929846	0.949167	0.874461	0.720757	0.516068	0.302902	0.128779	0.00936938	-0.0586184	-0.0681038	-0.0244635	0.0726365	0.230443	0.409072	0.556043	0.638595	0.634974	0.55034	0.403795	0.211237	-0.0081147	
0.166502	0.389787	0.625326	0.824849	0.948191	0.970129	0.885888	0.711595	0.485147	0.252127	0.0529692	-0.0913193	-0.174912	-0.202124	-0.173458	-0.0726038	0.0973721	0.299177	0.494249	0.634974	0.68946	0.665631	0.567858	0.395303	0.181374	
0.096449	0.338941	0.591133	0.807043	0.94342	0.9674	0.8731	0.684746	0.441646	0.189315	-0.0283746	-0.19109	-0.294589	-0.34636	-0.337617	-0.248224	-0.078821	0.137694	0.364973	0.55034	0.665631	0.701669	0.644882	0.496741	0.305523	
0.0320871	0.283756	0.545293	0.76583	0.900354	0.924669	0.83168	0.64133	0.389942	0.129112	-0.0997656	-0.282825	-0.412309	-0.483854	-0.488173	-0.414853	-0.260668	-0.0506696	0.18629	0.403795	0.567858	0.644882	0.625966	0.519198	0.365439	
-0.0159616	0.235459	0.485436	0.690041	0.818097	0.839692	0.753262	0.573753	0.338928	0.0814979	-0.155254	-0.355962	-0.5015	-0.592833	-0.620223	-0.57644	-0.444271	-0.249002	-0.0189369	0.211237	0.395303	0.496741	0.519198	0.465391	0.346858	
-0.0558035	0.18023	0.405599	0.586318	0.697459	0.717143	0.640825	0.484119	0.273772	0.0372753	-0.189763	-0.390193	-0.555321	-0.674327	-0.736276	-0.728364	-0.629345	-0.453622	-0.236361	-0.0081147	0.181374	0.305523	0.365439	0.346858	0.262725	
