0.537653	0.540197	0.547336	0.557368	0.574355	0.578904	0.563212	0.551152	0.542633	0.538191	0.540198	0.540607	0.526713	0.497548	0.440613	0.35623	0.271394	0.194278	0.104147	0.0180717	-0.0572919	-0.115314	-0.162727	-0.2136	-0.259941	
0.380737	0.383564	0.386534	0.387077	0.398688	0.403624	0.39051	0.386082	0.385735	0.379982	0.385658	0.392112	0.382846	0.354482	0.299089	0.2201	0.139214	0.0661168	-0.0150021	-0.0972555	-0.165276	-0.212807	-0.242201	-0.264451	-0.27853	
0.198668	0.196938	0.188409	0.178879	0.179209	0.181551	0.177838	0.183768	0.194969	0.196862	0.206141	0.218948	0.210933	0.183788	0.132138	0.0574646	-0.0223167	-0.091939	-0.165584	-0.235493	-0.292505	-0.324555	-0.321956	-0.302944	-0.27674	
0.0252115	0.0110461	-0.00951346	-0.0305481	-0.042136	-0.0427432	-0.0370835	-0.0185204	0.00435677	0.0189973	0.0372912	0.0496098	0.0427569	0.0180203	-0.036684	-0.109929	-0.189136	-0.258297	-0.320967	-0.375077	-0.410304	-0.41492	-0.380066	-0.32328	-0.250626	
-0.117996	-0.146509	-0.183183	-0.215521	-0.241683	-0.247126	-0.22732	-0.197132	-0.16035	-0.129049	-0.102674	-0.0898039	-0.0956655	-0.118832	-0.172989	-0.243948	-0.320165	-0.390927	-0.446335	-0.480509	-0.492357	-0.479391	-0.42691	-0.33975	-0.22232	
-0.21415	-0.260167	-0.312935	-0.363548	-0.405744	-0.413569	-0.382817	-0.333403	-0.281372	-0.231141	-0.194675	-0.181235	-0.183743	-0.204234	-0.250757	-0.315105	-0.392228	-0.466056	-0.51766	-0.538384	-0.543547	-0.527312	-0.464427	-0.357767	-0.210962	
-0.263686	-0.325628	-0.396215	-0.462841	-0.515043	-0.523732	-0.487454	-0.423362	-0.354003	-0.286181	-0.238614	-0.218901	-0.219408	-0.234576	-0.270838	-0.325717	-0.403064	-0.481474	-0.540595	-0.571748	-0.585763	-0.566178	-0.497592	-0.382436	-0.228875	
-0.267085	-0.341765	-0.422154	-0.494643	-0.541972	-0.549758	-0.517767	-0.453115	-0.373769	-0.295237	-0.233487	-0.203259	-0.201274	-0.215785	-0.244141	-0.291567	-0.36932	-0.459895	-0.537424	-0.590165	-0.609685	-0.589251	-0.523985	-0.412441	-0.262449	
-0.225841	-0.305172	-0.385089	-0.449379	-0.483722	-0.489109	-0.466805	-0.413565	-0.337677	-0.256271	-0.185292	-0.140907	-0.135161	-0.147927	-0.172984	-0.224075	-0.313406	-0.421356	-0.518165	-0.582849	-0.612109	-0.600191	-0.544676	-0.438757	-0.29234	
-0.13644	-0.216661	-0.290986	-0.347787	-0.372439	-0.376343	-0.361444	-0.316259	-0.248429	-0.167911	-0.090776	-0.0369205	-0.0211299	-0.0323129	-0.0640295	-0.135182	-0.245577	-0.368893	-0.481807	-0.558044	-0.602724	-0.602141	-0.551085	-0.453403	-0.316268	
-0.0106748	-0.0930181	-0.163646	-0.213024	-0.236528	-0.238675	-0.226304	-0.185571	-0.123911	-0.0438991	0.0368976	0.0958396	0.119438	0.107088	0.0615272	-0.0274329	-0.153374	-0.290734	-0.424735	-0.525433	-0.586994	-0.597307	-0.552164	-0.460052	-0.333944	
0.122893	0.0372007	-0.0326048	-0.0764815	-0.0994976	-0.102425	-0.0882375	-0.0533518	0.00657597	0.0875313	0.171599	0.231353	0.253477	0.23546	0.176834	0.0763581	-0.0573423	-0.209381	-0.361248	-0.484004	-0.560969	-0.584461	-0.545546	-0.456743	-0.337358	
0.23775	0.157923	0.0932539	0.0547316	0.0337975	0.0301574	0.0447282	0.0751124	0.129297	0.205339	0.283932	0.337862	0.357014	0.335627	0.265354	0.154939	0.009399	-0.149818	-0.303273	-0.437025	-0.522973	-0.556279	-0.526812	-0.443831	-0.331027	
0.328706	0.269155	0.218568	0.187265	0.168684	0.163375	0.179757	0.203032	0.247584	0.304414	0.362814	0.406982	0.422332	0.397238	0.318591	0.189287	0.0331103	-0.129414	-0.273819	-0.399568	-0.483839	-0.517835	-0.498225	-0.425406	-0.313522	
0.408352	0.378473	0.346776	0.324354	0.307721	0.30411	0.317034	0.33674	0.364878	0.397203	0.425066	0.447457	0.445747	0.405456	0.314159	0.171697	0.00843554	-0.146849	-0.276251	-0.383056	-0.45724	-0.489472	-0.471491	-0.401238	-0.290458	
0.488386	0.494196	0.487926	0.480886	0.472346	0.471263	0.476808	0.485638	0.491907	0.492856	0.481064	0.464485	0.426937	0.362206	0.259226	0.116888	-0.0391528	-0.178116	-0.292799	-0.386497	-0.456095	-0.480628	-0.453871	-0.375883	-0.272494	
0.578659	0.618159	0.642173	0.646878	0.647993	0.649005	0.646841	0.645775	0.630439	0.59635	0.544266	0.473427	0.394722	0.297999	0.182573	0.0444589	-0.10022	-0.226304	-0.329988	-0.416142	-0.47383	-0.490106	-0.45088	-0.366436	-0.261864	
0.667377	0.744429	0.795863	0.816762	0.826044	0.826993	0.821297	0.807248	0.76851	0.701587	0.606117	0.489918	0.372342	0.249683	0.124232	-0.0153683	-0.153499	-0.274386	-0.373368	-0.446977	-0.49718	-0.50888	-0.464686	-0.373631	-0.258669	
0.743275	0.851957	0.925292	0.969031	0.988523	0.990932	0.979449	0.946252	0.885353	0.790955	0.665777	0.522882	0.375115	0.235769	0.0956213	-0.0497963	-0.184822	-0.304753	-0.397136	-0.466586	-0.517046	-0.526464	-0.479974	-0.383076	-0.262754	
0.810031	0.931651	1.01997	1.08628	1.11999	1.125	1.10372	1.04908	0.970505	0.861588	0.728847	0.579773	0.419232	0.267657	0.11585	-0.0310498	-0.166773	-0.287229	-0.387639	-0.469127	-0.522256	-0.534258	-0.48892	-0.391286	-0.270282	
0.871341	0.985916	1.07844	1.15247	1.19563	1.20347	1.17383	1.11037	1.02604	0.918718	0.796892	0.658044	0.503742	0.351056	0.202094	0.0576741	-0.0833351	-0.218039	-0.344266	-0.448986	-0.512275	-0.53158	-0.49229	-0.405762	-0.283525	
0.917298	1.01309	1.0949	1.15907	1.20054	1.20857	1.17857	1.12329	1.04762	0.956986	0.856873	0.742792	0.612561	0.476073	0.342305	0.201188	0.0476783	-0.114176	-0.275563	-0.411263	-0.492281	-0.519536	-0.490768	-0.418598	-0.310039	
0.943918	1.00815	1.06685	1.11342	1.14509	1.15079	1.1285	1.08679	1.03282	0.969684	0.903598	0.829865	0.736263	0.627231	0.510366	0.371514	0.207111	0.0150363	-0.183831	-0.353682	-0.460644	-0.501839	-0.495129	-0.440348	-0.350097	
0.955983	0.974593	1.00157	1.02631	1.04577	1.04925	1.03563	1.01206	0.985059	0.962377	0.945771	0.922177	0.875208	0.795464	0.689458	0.552822	0.374665	0.157037	-0.0758625	-0.281306	-0.419737	-0.490267	-0.506563	-0.469584	-0.392958	
0.961126	0.926078	0.909277	0.904613	0.903965	0.904106	0.90404	0.90678	0.916363	0.946103	0.984201	1.01628	1.01602	0.966921	0.869282	0.729284	0.536663	0.296291	0.0357477	-0.193461	-0.364571	-0.460468	-0.496737	-0.477343	-0.41264	
0.955859	0.869871	0.804544	0.760807	0.732076	0.727387	0.746997	0.785102	0.840459	0.920225	1.00974	1.08827	1.13338	1.11858	1.03665	0.901546	0.7043	0.447914	0.173608	-0.074523	-0.266432	-0.386863	-0.444601	-0.446577	-0.393295	
0.938808	0.803557	0.684895	0.594641	0.534431	0.52181	0.567092	0.644789	0.753376	0.8837	1.02022	1.142	1.22862	1.24677	1.1898	1.06502	0.87181	0.614762	0.336592	0.0781719	-0.131665	-0.27627	-0.348981	-0.364084	-0.323166	
0.908713	0.721813	0.54994	0.411085	0.320594	0.303642	0.368068	0.489473	0.650021	0.833295	1.0191	1.18529	1.30949	1.3582	1.32294	1.21171	1.02629	0.780563	0.509035	0.243828	0.0144071	-0.15279	-0.239358	-0.25797	-0.22049	
0.868486	0.63842	0.425848	0.248076	0.137065	0.117467	0.193895	0.349224	0.550196	0.776048	1.00385	1.21011	1.36644	1.44106	1.42545	1.32726	1.15389	0.925643	0.667172	0.401955	0.158298	-0.0283668	-0.137727	-0.163128	-0.127603	
0.833775	0.57922	0.341667	0.142619	0.0201426	-0.00183367	0.0827327	0.255636	0.481264	0.73178	0.9839	1.21634	1.39245	1.48374	1.48278	1.3919	1.22698	1.01345	0.769751	0.511158	0.263151	0.0638602	-0.0621248	-0.0960881	-0.0685305	
0.827228	0.568411	0.326716	0.123333	-0.000623258	-0.023492	0.062512	0.238466	0.468547	0.723224	0.980282	1.21655	1.39673	1.49044	1.49222	1.4025	1.23846	1.02756	0.787976	0.530793	0.283752	0.0811344	-0.0468347	-0.0823527	-0.0579451	
0.852431	0.610073	0.384834	0.197493	0.0803538	0.0602875	0.140079	0.30421	0.516961	0.755483	0.994815	1.21432	1.37982	1.46284	1.45448	1.36026	1.19093	0.969841	0.716814	0.454575	0.2074	0.0148672	-0.103226	-0.132176	-0.0991095	
0.893812	0.687092	0.497368	0.340633	0.240848	0.223225	0.29222	0.42976	0.608219	0.810487	1.01564	1.19782	1.33628	1.39577	1.36829	1.26282	1.08167	0.842485	0.576196	0.309172	0.0736136	-0.101782	-0.196404	-0.217634	-0.180144	
0.928471	0.772428	0.631708	0.521807	0.44919	0.433966	0.488357	0.583034	0.713413	0.865264	1.02109	1.16055	1.26262	1.29318	1.24632	1.1264	0.935813	0.682354	0.40563	0.144413	-0.0738275	-0.228048	-0.305427	-0.321984	-0.283474	
0.950588	0.845166	0.758842	0.697391	0.65639	0.648616	0.678355	0.731516	0.807749	0.907355	1.01561	1.11132	1.17329	1.17225	1.09987	0.968587	0.772119	0.513415	0.236585	-0.016418	-0.215252	-0.345798	-0.410579	-0.419361	-0.371279	
0.960593	0.904372	0.868339	0.84899	0.838126	0.836445	0.84355	0.859193	0.886699	0.937025	0.996745	1.04868	1.06655	1.03097	0.938157	0.79829	0.602719	0.353995	0.086651	-0.150978	-0.331531	-0.436483	-0.481025	-0.470788	-0.410678	
0.958429	0.956379	0.966904	0.981584	0.994177	0.996673	0.987275	0.97315	0.958805	0.956882	0.961564	0.960715	0.932376	0.864725	0.762135	0.62456	0.440139	0.213544	-0.032179	-0.248101	-0.401328	-0.482573	-0.506932	-0.476549	-0.404725	
0.950152	0.997422	1.04504	1.08285	1.11007	1.11496	1.09585	1.06137	1.01735	0.968497	0.921087	0.865828	0.790681	0.692888	0.580987	0.443436	0.273787	0.0713423	-0.141908	-0.326292	-0.444881	-0.496941	-0.499466	-0.451899	-0.368108	
0.930139	1.01502	1.08849	1.14676	1.18379	1.19146	1.16417	1.11401	1.04616	0.964641	0.876231	0.777025	0.660185	0.534449	0.407744	0.267141	0.109392	-0.064577	-0.241309	-0.390513	-0.481515	-0.512493	-0.491084	-0.426424	-0.324728	
0.891948	1.00027	1.09088	1.16184	1.20623	1.21416	1.1833	1.12204	1.03907	0.936571	0.822939	0.691472	0.5458	0.397099	0.253267	0.109869	-0.0356411	-0.180326	-0.3192	-0.436239	-0.505257	-0.528199	-0.491572	-0.411059	-0.292392	
0.835117	0.956296	1.04755	1.11994	1.15834	1.16444	1.13964	1.07902	0.996092	0.886302	0.755466	0.609681	0.448955	0.295006	0.142444	-0.00366956	-0.140617	-0.264532	-0.374096	-0.463509	-0.519987	-0.534014	-0.491137	-0.396123	-0.274235	
0.770956	0.887244	0.968149	1.02131	1.04597	1.04969	1.03421	0.992493	0.923567	0.820985	0.690573	0.542431	0.387689	0.242621	0.0961663	-0.0504788	-0.185241	-0.304368	-0.397502	-0.470343	-0.521383	-0.53077	-0.483561	-0.386153	-0.265812	
0.699204	0.790422	0.851569	0.880872	0.893606	0.894621	0.88803	0.866508	0.819076	0.739575	0.629501	0.500149	0.369376	0.23912	0.108903	-0.0334167	-0.169912	-0.290224	-0.385802	-0.456423	-0.506539	-0.51768	-0.472196	-0.378213	-0.259478	
0.615623	0.669675	0.705165	0.714889	0.719337	0.720459	0.716517	0.711365	0.686807	0.639643	0.570011	0.47921	0.384165	0.275665	0.155952	0.0180835	-0.123718	-0.247156	-0.348397	-0.429244	-0.483005	-0.496714	-0.455027	-0.367593	-0.259118	
0.523193	0.542667	0.548224	0.546769	0.542568	0.542407	0.544491	0.548473	0.546061	0.53306	0.505215	0.467742	0.41345	0.336273	0.22854	0.0883714	-0.0623408	-0.195305	-0.305049	-0.396185	-0.461638	-0.482342	-0.450349	-0.369655	-0.267885	
0.439949	0.423594	0.401112	0.38486	0.3706	0.368156	0.378187	0.394254	0.414011	0.434788	0.447663	0.456466	0.44215	0.393033	0.297215	0.153238	-0.00870454	-0.15787	-0.281127	-0.381342	-0.453657	-0.483409	-0.462561	-0.390208	-0.281958	
0.361531	0.31229	0.269064	0.24005	0.222032	0.217078	0.232428	0.255278	0.29379	0.341571	0.389535	0.426079	0.437489	0.407539	0.324115	0.188274	0.0274001	-0.133664	-0.27238	-0.390702	-0.470887	-0.504902	-0.487026	-0.416237	-0.304482	
0.276727	0.203522	0.143206	0.108268	0.0879974	0.0838707	0.09919	0.126283	0.177189	0.246939	0.318639	0.369599	0.387514	0.365686	0.292052	0.175052	0.0252886	-0.135795	-0.28673	-0.419477	-0.506333	-0.5409	-0.516107	-0.437574	-0.325629	
0.172066	0.0867031	0.0180565	-0.0242207	-0.0458489	-0.0494284	-0.0348454	-0.00207682	0.0564217	0.137148	0.220811	0.278355	0.299323	0.278813	0.215605	0.111361	-0.0265729	-0.182186	-0.336822	-0.46538	-0.546932	-0.574992	-0.539048	-0.452175	-0.335713	
0.0436416	-0.0406608	-0.110334	-0.157529	-0.180804	-0.18323	-0.17016	-0.132158	-0.0711428	0.00899303	0.0917787	0.151394	0.17568	0.161156	0.110232	0.0164294	-0.112923	-0.257273	-0.398801	-0.510632	-0.578306	-0.593538	-0.551179	-0.460411	-0.337447	
