0.114831	-0.0745099	-0.262415	-0.423075	-0.523456	-0.540798	-0.472387	-0.331774	-0.151151	0.0401404	0.221916	0.377187	0.500652	0.583059	0.621054	0.628068	0.611063	0.579403	0.535238	0.466463	0.370251	0.250092	0.11222	-0.038362	-0.189496	
0.13943	-0.0503307	-0.238075	-0.401847	-0.503373	-0.520312	-0.452055	-0.308033	-0.126205	0.0640677	0.247353	0.403033	0.528572	0.617643	0.660761	0.665496	0.637342	0.585394	0.511066	0.410494	0.287592	0.15018	0.0149578	-0.120023	-0.250583	
0.168001	-0.0185206	-0.203128	-0.363113	-0.464445	-0.481319	-0.412826	-0.272235	-0.0934313	0.0944484	0.27211	0.424458	0.549668	0.636795	0.676816	0.675883	0.635995	0.565996	0.470852	0.349671	0.212832	0.0705431	-0.0611591	-0.183969	-0.301083	
0.187953	0.0158272	-0.154025	-0.304377	-0.398087	-0.413102	-0.351029	-0.218342	-0.0528362	0.119251	0.28487	0.429291	0.551582	0.639416	0.683081	0.678374	0.623283	0.534825	0.419829	0.284185	0.141638	-0.00107441	-0.12823	-0.242245	-0.350691	
0.215156	0.054619	-0.102914	-0.242936	-0.332548	-0.347366	-0.287164	-0.162592	-0.00966929	0.151891	0.304255	0.435479	0.553585	0.639782	0.67954	0.671583	0.607052	0.500403	0.366966	0.211844	0.0592924	-0.0791915	-0.199786	-0.302135	-0.400521	
0.242376	0.0907359	-0.0614742	-0.198219	-0.282469	-0.296629	-0.240339	-0.119272	0.0293128	0.182146	0.32885	0.4577	0.569248	0.652941	0.689629	0.671571	0.594098	0.465192	0.310921	0.142993	-0.0220438	-0.164979	-0.284767	-0.383907	-0.468286	
0.268566	0.116342	-0.034985	-0.165527	-0.2499	-0.264832	-0.20635	-0.0913141	0.054825	0.208707	0.354302	0.487416	0.60239	0.686938	0.720314	0.684851	0.582893	0.430521	0.250675	0.0653287	-0.10767	-0.257064	-0.374024	-0.471469	-0.555431	
0.30208	0.146545	-0.00544326	-0.137232	-0.2218	-0.23533	-0.178302	-0.0625489	0.0852649	0.240785	0.387203	0.520168	0.634873	0.71119	0.734267	0.686061	0.562123	0.385589	0.181313	-0.0194152	-0.196112	-0.347895	-0.466563	-0.556603	-0.633463	
0.340714	0.190961	0.0450003	-0.086285	-0.167879	-0.180983	-0.127113	-0.0106528	0.131526	0.281686	0.423135	0.543552	0.645047	0.706278	0.713032	0.645938	0.501896	0.310735	0.0985872	-0.108548	-0.289226	-0.438392	-0.558888	-0.642032	-0.701852	
0.379881	0.248459	0.115766	0.00144227	-0.0710261	-0.0844761	-0.0339337	0.0672795	0.193702	0.328873	0.45114	0.554912	0.636499	0.676107	0.657826	0.56732	0.407807	0.19996	-0.0195241	-0.229287	-0.409767	-0.549595	-0.66458	-0.737309	-0.770487	
0.432222	0.327472	0.20872	0.109416	0.0445471	0.0308693	0.0791303	0.165399	0.279879	0.393026	0.487178	0.566981	0.610457	0.617584	0.572432	0.454281	0.276017	0.0518731	-0.17427	-0.377413	-0.553174	-0.685867	-0.775593	-0.824192	-0.828711	
0.486126	0.405051	0.309245	0.229678	0.173306	0.160904	0.204499	0.273944	0.366636	0.457635	0.522599	0.566591	0.575103	0.542859	0.459976	0.312677	0.115202	-0.111773	-0.341404	-0.53851	-0.697517	-0.814579	-0.876645	-0.888682	-0.854252	
0.525991	0.475097	0.410127	0.343171	0.301978	0.29567	0.322654	0.382059	0.450878	0.507515	0.543912	0.545633	0.51029	0.438131	0.321184	0.154841	-0.0487389	-0.272283	-0.493369	-0.67384	-0.811973	-0.905244	-0.941413	-0.913996	-0.836836	
0.536343	0.522444	0.485519	0.445516	0.417667	0.412137	0.432178	0.469093	0.509269	0.534565	0.5304	0.494511	0.420048	0.310149	0.172813	-0.00653461	-0.210902	-0.415892	-0.610071	-0.76755	-0.877836	-0.935911	-0.94266	-0.88478	-0.775868	
0.515579	0.534527	0.524728	0.513342	0.497707	0.493388	0.507724	0.519955	0.532323	0.5282	0.485497	0.412982	0.306912	0.168412	0.015096	-0.154399	-0.337313	-0.515551	-0.676751	-0.806119	-0.885672	-0.911359	-0.883412	-0.798353	-0.668699	
0.46004	0.508002	0.525097	0.529133	0.5278	0.525676	0.529434	0.528173	0.517086	0.483636	0.416107	0.312956	0.180258	0.0322455	-0.124495	-0.276009	-0.424214	-0.571468	-0.693225	-0.783575	-0.838499	-0.835773	-0.771759	-0.662054	-0.515629	
0.372794	0.444121	0.487177	0.510162	0.524172	0.525017	0.517017	0.498715	0.463881	0.404686	0.320076	0.201322	0.0566974	-0.0881269	-0.234772	-0.367075	-0.477232	-0.580997	-0.666719	-0.721054	-0.739157	-0.708064	-0.620949	-0.487755	-0.325052	
0.289028	0.380327	0.444078	0.480537	0.50302	0.508928	0.49102	0.460392	0.410873	0.327314	0.224148	0.0888988	-0.0673984	-0.209665	-0.338528	-0.434342	-0.504104	-0.562691	-0.606508	-0.627616	-0.603586	-0.536791	-0.420629	-0.269743	-0.106625	
0.21725	0.332773	0.422799	0.485776	0.521588	0.52925	0.503162	0.45124	0.372656	0.265744	0.136078	-0.0174069	-0.17516	-0.319453	-0.428131	-0.489634	-0.523912	-0.530628	-0.524327	-0.50334	-0.445269	-0.345368	-0.201379	-0.0397422	0.125632	
0.183854	0.33059	0.456672	0.552374	0.605711	0.61534	0.578438	0.500034	0.383501	0.245378	0.0825174	-0.0946127	-0.258866	-0.403073	-0.493432	-0.527609	-0.520318	-0.48136	-0.436236	-0.368981	-0.272966	-0.147468	0.00953661	0.175182	0.332582	
0.21342	0.400479	0.565119	0.688305	0.760439	0.773756	0.72382	0.620072	0.469952	0.291369	0.0907302	-0.112441	-0.29587	-0.438891	-0.514912	-0.525381	-0.482872	-0.41335	-0.328914	-0.232079	-0.108455	0.0434946	0.198886	0.35239	0.485188	
0.312867	0.541188	0.749246	0.905399	1.00189	1.01967	0.951705	0.819231	0.628289	0.405458	0.171625	-0.0575465	-0.254983	-0.399216	-0.471414	-0.465938	-0.404181	-0.309145	-0.19181	-0.0784072	0.0501164	0.200194	0.342716	0.471733	0.574064	
0.499379	0.766777	1.01493	1.20847	1.3231	1.34357	1.26429	1.10079	0.870291	0.607136	0.336178	0.0777069	-0.132716	-0.280374	-0.354663	-0.343106	-0.273601	-0.172991	-0.0520472	0.0717603	0.202016	0.330151	0.446669	0.539419	0.59974	
0.769344	1.0832	1.36918	1.59625	1.73093	1.75369	1.66331	1.46881	1.20272	0.896158	0.582815	0.2976	0.0617303	-0.100227	-0.179843	-0.181203	-0.11713	-0.0179259	0.0966845	0.215512	0.331296	0.435056	0.512906	0.561724	0.584514	
1.10924	1.4731	1.8065	2.07093	2.23115	2.25816	2.14955	1.92258	1.61242	1.25475	0.898952	0.579298	0.313065	0.12804	0.0283197	0.00140373	0.0443354	0.133141	0.235812	0.341624	0.429635	0.499164	0.542215	0.547867	0.533234	
1.50887	1.92356	2.30344	2.61332	2.79233	2.8218	2.70327	2.43852	2.08205	1.67613	1.26382	0.89767	0.597537	0.376632	0.243774	0.187026	0.198233	0.258199	0.337373	0.428152	0.497735	0.531768	0.534425	0.504303	0.45491	
1.92356	2.39421	2.82451	3.17088	3.37402	3.40764	3.27243	2.97608	2.57352	2.11319	1.6465	1.23107	0.883969	0.620206	0.448745	0.349594	0.324485	0.358687	0.416687	0.485513	0.528431	0.532069	0.497812	0.434363	0.359612	
2.30344	2.82451	3.30745	3.68751	3.91599	3.95501	3.79929	3.47524	3.02573	2.51234	2.0001	1.53542	1.14575	0.844554	0.630285	0.490632	0.428022	0.431452	0.468736	0.51392	0.529594	0.506033	0.444476	0.350281	0.249215	
2.61332	3.17088	3.68751	4.09631	4.33662	4.37842	4.2152	3.86753	3.38627	2.83763	2.28216	1.77594	1.3535	1.01676	0.764204	0.59808	0.504963	0.47634	0.497558	0.524142	0.52593	0.478162	0.386351	0.276862	0.156347	
2.79233	3.37402	3.91599	4.33662	4.58987	4.63496	4.45981	4.10231	3.60007	3.02479	2.45078	1.9207	1.47528	1.1214	0.846417	0.659039	0.54657	0.50308	0.515999	0.528669	0.516036	0.455145	0.350629	0.226264	0.0941959	
2.8218	3.40764	3.95501	4.37842	4.63496	4.68028	4.50273	4.14318	3.63576	3.05611	2.47954	1.94517	1.49598	1.13964	0.861343	0.669445	0.555064	0.510133	0.518823	0.528299	0.512175	0.45002	0.345301	0.21593	0.0810775	
2.70327	3.27243	3.79929	4.2152	4.45981	4.50273	4.33614	3.9822	3.49212	2.93195	2.36484	1.84753	1.41392	1.06719	0.804004	0.627947	0.525559	0.488904	0.505994	0.52677	0.522799	0.468092	0.368286	0.253547	0.127955	
2.43852	2.97608	3.47524	3.86753	4.10231	4.14318	3.9822	3.64834	3.18429	2.6535	2.12408	1.64094	1.23675	0.921809	0.690058	0.53899	0.462452	0.451133	0.48278	0.519812	0.528654	0.494436	0.420436	0.318382	0.208123	
2.08205	2.57352	3.02573	3.38627	3.60007	3.63576	3.49212	3.18429	2.76177	2.27969	1.79431	1.35822	0.993084	0.713554	0.52479	0.408354	0.369332	0.392739	0.440932	0.499525	0.530373	0.523437	0.478341	0.401135	0.315647	
1.67613	2.11319	2.51234	2.83763	3.02479	3.05611	2.93195	2.6535	2.27969	1.85246	1.41662	1.0317	0.713751	0.475098	0.328372	0.255249	0.25097	0.300265	0.371269	0.455057	0.515018	0.536359	0.522185	0.479238	0.420337	
1.26382	1.6465	2.0001	2.28216	2.45078	2.47954	2.36484	2.12408	1.79431	1.41662	1.0414	0.702339	0.424327	0.227122	0.113698	0.077373	0.108527	0.186982	0.281008	0.380542	0.460845	0.515405	0.543506	0.533128	0.50298	
0.89767	1.23107	1.53542	1.77594	1.9207	1.94517	1.84753	1.64094	1.35822	1.0317	0.702339	0.404545	0.156697	-0.0134232	-0.0994409	-0.110388	-0.05306	0.0446247	0.155806	0.269219	0.374147	0.465243	0.529088	0.560878	0.56896	
0.597537	0.883969	1.14575	1.3535	1.47528	1.49598	1.41392	1.23675	0.993084	0.713751	0.424327	0.156697	-0.0630364	-0.2155	-0.289658	-0.281374	-0.212464	-0.113064	0.00632234	0.130442	0.257401	0.376879	0.477063	0.552957	0.597899	
0.376632	0.620206	0.844554	1.01676	1.1214	1.13964	1.06719	0.921809	0.713554	0.475098	0.227122	-0.0134232	-0.2155	-0.360504	-0.433204	-0.424768	-0.356961	-0.256569	-0.136031	-0.0170783	0.11225	0.253954	0.389034	0.504675	0.589743	
0.243774	0.448745	0.630285	0.764204	0.846417	0.861343	0.804004	0.690058	0.52479	0.328372	0.113698	-0.0994409	-0.289658	-0.433204	-0.505755	-0.509133	-0.457715	-0.377067	-0.276739	-0.171555	-0.0446611	0.110378	0.26232	0.407526	0.529755	
0.187026	0.349594	0.490632	0.59808	0.659039	0.669445	0.627947	0.53899	0.408354	0.255249	0.077373	-0.110388	-0.281374	-0.424768	-0.509133	-0.532479	-0.508796	-0.45699	-0.396403	-0.315643	-0.206146	-0.0679796	0.0892217	0.251248	0.400282	
0.198233	0.324485	0.428022	0.504963	0.54657	0.555064	0.525559	0.462452	0.369332	0.25097	0.108527	-0.05306	-0.212464	-0.356961	-0.457715	-0.508796	-0.526971	-0.512882	-0.489916	-0.449455	-0.376267	-0.266999	-0.115335	0.0498504	0.21386	
0.258199	0.358687	0.431452	0.47634	0.50308	0.510133	0.488904	0.451133	0.392739	0.300265	0.186982	0.0446247	-0.113064	-0.256569	-0.377067	-0.45699	-0.512882	-0.551534	-0.575247	-0.580912	-0.542756	-0.461744	-0.332968	-0.177018	-0.0130517	
0.337373	0.416687	0.468736	0.497558	0.515999	0.518823	0.505994	0.48278	0.440932	0.371269	0.281008	0.155806	0.00632234	-0.136031	-0.276739	-0.396403	-0.489916	-0.575247	-0.645706	-0.687681	-0.688246	-0.643256	-0.545735	-0.405107	-0.241263	
0.428152	0.485513	0.51392	0.524142	0.528669	0.528299	0.52677	0.519812	0.499525	0.455057	0.380542	0.269219	0.130442	-0.0170783	-0.171555	-0.315643	-0.449455	-0.580912	-0.687681	-0.762374	-0.80373	-0.791032	-0.716677	-0.59683	-0.442823	
0.497735	0.528431	0.529594	0.52593	0.516036	0.512175	0.522799	0.528654	0.530373	0.515018	0.460845	0.374147	0.257401	0.11225	-0.0446611	-0.206146	-0.376267	-0.542756	-0.688246	-0.80373	-0.874071	-0.887835	-0.844382	-0.748929	-0.612643	
0.531768	0.532069	0.506033	0.478162	0.455145	0.45002	0.468092	0.494436	0.523437	0.536359	0.515405	0.465243	0.376879	0.253954	0.110378	-0.0679796	-0.266999	-0.461744	-0.643256	-0.791032	-0.887835	-0.931178	-0.925602	-0.857039	-0.739325	
0.534425	0.497812	0.444476	0.386351	0.350629	0.345301	0.368286	0.420436	0.478341	0.522185	0.543506	0.529088	0.477063	0.389034	0.26232	0.0892217	-0.115335	-0.332968	-0.545735	-0.716677	-0.844382	-0.925602	-0.950207	-0.908912	-0.817142	
0.504303	0.434363	0.350281	0.276862	0.226264	0.21593	0.253547	0.318382	0.401135	0.479238	0.533128	0.560878	0.552957	0.504675	0.407526	0.251248	0.0498504	-0.177018	-0.405107	-0.59683	-0.748929	-0.857039	-0.908912	-0.90489	-0.852825	
0.45491	0.359612	0.249215	0.156347	0.0941959	0.0810775	0.127955	0.208123	0.315647	0.420337	0.50298	0.56896	0.597899	0.589743	0.529755	0.400282	0.21386	-0.0130517	-0.241263	-0.442823	-0.612643	-0.739325	-0.817142	-0.852825	-0.843977	
