-0.319903	-0.45044	-0.544035	-0.609372	-0.655507	-0.66576	-0.630495	-0.572411	-0.492228	-0.375411	-0.235265	-0.0970792	0.0398711	0.17775	0.296335	0.374295	0.40575	0.39928	0.367694	0.321495	0.253062	0.158586	0.0623398	-0.0151428	-0.0858758	
-0.21879	-0.330178	-0.407891	-0.453269	-0.480912	-0.486592	-0.465878	-0.428835	-0.366105	-0.265637	-0.147187	-0.0334519	0.0794084	0.190666	0.28282	0.335937	0.344639	0.317187	0.276112	0.227425	0.166178	0.0912088	0.0182327	-0.0479188	-0.1152	
-0.100317	-0.180272	-0.237472	-0.269081	-0.284257	-0.287242	-0.276126	-0.252844	-0.206761	-0.133247	-0.0517638	0.0251428	0.098625	0.166292	0.216647	0.242994	0.235613	0.200484	0.154603	0.108286	0.0622638	0.0153269	-0.0310571	-0.0755844	-0.120562	
0.0426533	0.00354449	-0.0291651	-0.0487334	-0.060725	-0.06263	-0.0545472	-0.0379977	-0.0111866	0.0272088	0.0644902	0.094759	0.116649	0.127604	0.128813	0.124103	0.106231	0.0722312	0.0296726	-0.00952688	-0.038398	-0.059884	-0.0837968	-0.101956	-0.121943	
0.196675	0.199669	0.200023	0.195389	0.184808	0.182124	0.19084	0.199544	0.199793	0.198505	0.189797	0.16999	0.134412	0.0890284	0.0401092	0.00181019	-0.0294665	-0.0593683	-0.0928015	-0.119265	-0.130999	-0.135282	-0.140236	-0.13548	-0.131053	
0.337908	0.38385	0.422745	0.442286	0.43779	0.435376	0.441668	0.43431	0.400245	0.357031	0.304243	0.234874	0.147601	0.0562633	-0.0340509	-0.106384	-0.157197	-0.188159	-0.212469	-0.224209	-0.225332	-0.218462	-0.205803	-0.179279	-0.158821	
0.460271	0.546217	0.625224	0.67475	0.685968	0.685215	0.68286	0.649955	0.579374	0.495427	0.401774	0.287822	0.162216	0.0402851	-0.0763436	-0.177976	-0.250657	-0.293058	-0.312567	-0.318987	-0.31766	-0.306342	-0.276185	-0.237385	-0.209437	
0.560146	0.681878	0.791676	0.871691	0.902877	0.907443	0.888881	0.829482	0.72713	0.610751	0.480364	0.333175	0.182828	0.0468301	-0.0825004	-0.199884	-0.293279	-0.350141	-0.374751	-0.384058	-0.39091	-0.379407	-0.343326	-0.301467	-0.267057	
0.646333	0.792337	0.919336	1.01863	1.06968	1.07899	1.04444	0.964129	0.845183	0.707342	0.551536	0.383178	0.221853	0.0795598	-0.0516665	-0.174756	-0.281278	-0.353256	-0.389543	-0.410763	-0.432777	-0.429824	-0.402657	-0.365252	-0.327479	
0.728165	0.880519	1.00835	1.10962	1.17266	1.18472	1.13989	1.05269	0.934624	0.792416	0.626703	0.454858	0.292151	0.149375	0.0189391	-0.101465	-0.21375	-0.29655	-0.348644	-0.386134	-0.423255	-0.436202	-0.42811	-0.407551	-0.376616	
0.81021	0.950696	1.06296	1.14969	1.21245	1.22367	1.17929	1.09962	0.99991	0.86929	0.715356	0.556192	0.403854	0.262655	0.135516	0.0189835	-0.092123	-0.184474	-0.252967	-0.306928	-0.354839	-0.387818	-0.405057	-0.410008	-0.396321	
0.884034	0.998137	1.08179	1.1449	1.19344	1.20307	1.16693	1.10843	1.03578	0.932235	0.80776	0.677068	0.54504	0.411192	0.289926	0.176399	0.069346	-0.0326856	-0.115624	-0.185073	-0.242161	-0.294978	-0.334613	-0.363181	-0.377181	
0.942252	1.01992	1.06982	1.10602	1.13259	1.13984	1.11706	1.08598	1.04274	0.975801	0.891603	0.800918	0.69719	0.582014	0.469889	0.363061	0.258568	0.152031	0.0541131	-0.0288938	-0.100195	-0.166465	-0.22239	-0.272702	-0.320399	
0.971473	1.00693	1.02734	1.03562	1.04302	1.04465	1.03883	1.031	1.01749	0.986413	0.947457	0.898327	0.831821	0.744513	0.651492	0.555824	0.459016	0.353823	0.247216	0.151466	0.0658862	-0.00866764	-0.075211	-0.144479	-0.216142	
0.971512	0.97043	0.964832	0.952142	0.944414	0.942564	0.948745	0.959402	0.969304	0.97108	0.970756	0.961498	0.934387	0.884038	0.819167	0.743281	0.662457	0.5682	0.464926	0.359999	0.264705	0.182935	0.110717	0.0271719	-0.0576761	
0.951195	0.92407	0.898553	0.872447	0.857365	0.853464	0.86597	0.886628	0.914442	0.939663	0.967908	0.989447	0.999885	0.98787	0.956954	0.908317	0.85129	0.77986	0.690493	0.586667	0.487009	0.403105	0.325347	0.23191	0.139255	
0.908534	0.866924	0.828074	0.796154	0.779731	0.77672	0.788155	0.813437	0.850966	0.891497	0.934145	0.977638	1.01656	1.03956	1.04156	1.02524	0.997469	0.957461	0.892006	0.802594	0.710541	0.630094	0.547117	0.44957	0.35425	
0.82736	0.781129	0.736513	0.70419	0.690821	0.689963	0.696305	0.722012	0.761938	0.809681	0.854682	0.910852	0.965858	1.01518	1.04357	1.05892	1.06118	1.05397	1.02007	0.95637	0.886852	0.81405	0.73478	0.64153	0.551066	
0.690571	0.647157	0.60312	0.574023	0.565296	0.565491	0.567964	0.589472	0.62863	0.673592	0.717651	0.774112	0.83787	0.898093	0.94824	0.986511	1.01796	1.03834	1.03857	1.00989	0.972364	0.919024	0.851951	0.776844	0.697188	
0.50001	0.462621	0.424142	0.400581	0.394718	0.394998	0.396168	0.412562	0.446798	0.484592	0.525587	0.576568	0.639857	0.701436	0.763848	0.818539	0.870965	0.913278	0.942307	0.953222	0.951041	0.926646	0.880311	0.834239	0.775646	
0.271399	0.238332	0.210882	0.19251	0.187802	0.18629	0.189851	0.201668	0.227119	0.257226	0.293364	0.337948	0.391192	0.450317	0.512901	0.579354	0.63983	0.698078	0.745774	0.792992	0.823576	0.830028	0.813862	0.799693	0.774808	
0.0364371	0.00921669	-0.0082445	-0.0186154	-0.0273372	-0.0287851	-0.0228671	-0.0124144	0.000668401	0.0247975	0.0556952	0.0929939	0.132765	0.184364	0.241909	0.309701	0.371513	0.433613	0.492461	0.562076	0.617866	0.65151	0.664629	0.680584	0.689247	
-0.176865	-0.199935	-0.207175	-0.21125	-0.223764	-0.226388	-0.216281	-0.207549	-0.205027	-0.187095	-0.159654	-0.131192	-0.103793	-0.0630512	-0.0129238	0.0476536	0.105857	0.162542	0.225189	0.30221	0.373158	0.425387	0.462464	0.501756	0.541038	
-0.341971	-0.361952	-0.360426	-0.360987	-0.374684	-0.379657	-0.364994	-0.359421	-0.363108	-0.35185	-0.326917	-0.307843	-0.290376	-0.260735	-0.220451	-0.170871	-0.121938	-0.0736779	-0.0160589	0.0579004	0.130971	0.192825	0.245214	0.297698	0.35989	
-0.44152	-0.45526	-0.451572	-0.448058	-0.462972	-0.466905	-0.452867	-0.448291	-0.455882	-0.448671	-0.428311	-0.416702	-0.406041	-0.386572	-0.355626	-0.320241	-0.280869	-0.244299	-0.194668	-0.133775	-0.0676883	-0.00588834	0.0510388	0.108163	0.177548	
-0.477881	-0.487383	-0.48281	-0.479611	-0.490705	-0.493962	-0.482901	-0.480136	-0.486958	-0.483037	-0.468861	-0.462795	-0.456263	-0.444608	-0.423275	-0.401184	-0.372259	-0.34633	-0.30711	-0.263155	-0.210192	-0.156639	-0.102322	-0.0482542	0.0171903	
-0.468899	-0.473228	-0.470239	-0.469459	-0.473364	-0.475843	-0.469814	-0.470033	-0.471992	-0.471939	-0.464731	-0.463677	-0.45899	-0.454006	-0.442455	-0.432009	-0.414787	-0.39711	-0.371118	-0.343604	-0.309149	-0.267982	-0.222032	-0.17644	-0.124023	
-0.443924	-0.441005	-0.442911	-0.443539	-0.440882	-0.440251	-0.442493	-0.443864	-0.441037	-0.442917	-0.444408	-0.4461	-0.442739	-0.442672	-0.43988	-0.439329	-0.431981	-0.421667	-0.406967	-0.394961	-0.378208	-0.351366	-0.315767	-0.279313	-0.245597	
-0.42308	-0.415895	-0.42063	-0.423742	-0.414426	-0.410988	-0.421322	-0.42283	-0.416853	-0.418774	-0.430034	-0.431597	-0.431644	-0.433057	-0.439958	-0.444696	-0.447474	-0.441088	-0.436745	-0.435799	-0.433603	-0.419463	-0.391897	-0.363749	-0.34543	
-0.412805	-0.40237	-0.409204	-0.413942	-0.400047	-0.395348	-0.410153	-0.412689	-0.403576	-0.406723	-0.422926	-0.425599	-0.426496	-0.429919	-0.441712	-0.450352	-0.458655	-0.454885	-0.456586	-0.462122	-0.468892	-0.462386	-0.439791	-0.417092	-0.408373	
-0.411323	-0.399773	-0.407463	-0.41225	-0.39761	-0.392807	-0.408101	-0.411247	-0.400909	-0.404963	-0.42109	-0.424888	-0.42475	-0.429559	-0.440931	-0.451309	-0.459484	-0.456881	-0.45889	-0.465933	-0.47424	-0.468808	-0.447624	-0.425197	-0.419162	
-0.417877	-0.409172	-0.415021	-0.418667	-0.407382	-0.403015	-0.415924	-0.417545	-0.410486	-0.412524	-0.426755	-0.428425	-0.429428	-0.431315	-0.441124	-0.447467	-0.453479	-0.447871	-0.446804	-0.448991	-0.451491	-0.440603	-0.415645	-0.389998	-0.376519	
-0.434165	-0.429652	-0.432776	-0.43438	-0.428938	-0.427	-0.432889	-0.434157	-0.430134	-0.431719	-0.437744	-0.439133	-0.437496	-0.437679	-0.439375	-0.441026	-0.438367	-0.429363	-0.419204	-0.412431	-0.402038	-0.380416	-0.348103	-0.315917	-0.288634	
-0.459178	-0.460622	-0.459542	-0.459405	-0.460384	-0.462055	-0.458798	-0.46018	-0.459449	-0.460948	-0.456485	-0.457565	-0.452509	-0.450388	-0.441757	-0.436298	-0.422731	-0.408297	-0.386827	-0.366116	-0.33936	-0.303133	-0.261802	-0.219641	-0.175233	
-0.478275	-0.485813	-0.481771	-0.4792	-0.487825	-0.490554	-0.481658	-0.479765	-0.48526	-0.482423	-0.471583	-0.467193	-0.462056	-0.452617	-0.435999	-0.418257	-0.394593	-0.371506	-0.337989	-0.300526	-0.254991	-0.205367	-0.154027	-0.103136	-0.0418726	
-0.46252	-0.47483	-0.47033	-0.466879	-0.480427	-0.484321	-0.470999	-0.467285	-0.474792	-0.469014	-0.450909	-0.441815	-0.432791	-0.416756	-0.389593	-0.359827	-0.324166	-0.292243	-0.246267	-0.19233	-0.130509	-0.0713134	-0.0144167	0.0416464	0.110816	
-0.389961	-0.407853	-0.404526	-0.403779	-0.417652	-0.423024	-0.407487	-0.403136	-0.408096	-0.39939	-0.375434	-0.360308	-0.345257	-0.320493	-0.283674	-0.23999	-0.19447	-0.150999	-0.0963528	-0.0266468	0.044517	0.107604	0.162897	0.218308	0.285109	
-0.25031	-0.271896	-0.275537	-0.27759	-0.291352	-0.29443	-0.282823	-0.274661	-0.275849	-0.259987	-0.234146	-0.208806	-0.186409	-0.149569	-0.103813	-0.0467078	0.00796366	0.0617404	0.122919	0.200143	0.273668	0.330529	0.375058	0.420607	0.471045	
-0.0532796	-0.0780848	-0.0918129	-0.0989281	-0.109848	-0.111296	-0.104024	-0.09383	-0.0857048	-0.063921	-0.0344665	-0.000539333	0.0339935	0.0813037	0.136481	0.201951	0.26325	0.323576	0.385116	0.45924	0.522767	0.564691	0.588028	0.614593	0.635866	
0.176206	0.145628	0.122263	0.10711	0.100949	0.0994032	0.103868	0.115078	0.135413	0.16304	0.197035	0.239051	0.286579	0.343386	0.404373	0.472788	0.534169	0.595395	0.648476	0.706612	0.748618	0.766221	0.762491	0.760992	0.750159	
0.411715	0.376062	0.341759	0.320237	0.315068	0.314769	0.316533	0.331163	0.362007	0.39682	0.435956	0.484767	0.544485	0.605749	0.669512	0.729896	0.786631	0.836349	0.874247	0.900612	0.912393	0.899908	0.865084	0.831663	0.786203	
0.620313	0.579088	0.536845	0.509623	0.502572	0.502643	0.504506	0.523624	0.561713	0.603596	0.647126	0.701388	0.766411	0.827604	0.884443	0.929751	0.970761	1.00073	1.0134	1.0007	0.976678	0.934657	0.874277	0.810311	0.73728	
0.779646	0.73387	0.688727	0.657343	0.645934	0.645691	0.650034	0.674511	0.71456	0.762209	0.806928	0.864485	0.923952	0.979287	1.01728	1.04265	1.05718	1.0615	1.04186	0.990825	0.933429	0.866615	0.791662	0.704146	0.616718	
0.882124	0.83743	0.795395	0.762672	0.747317	0.745078	0.754615	0.780523	0.819903	0.864387	0.908929	0.958723	1.00558	1.04062	1.05385	1.05068	1.035	1.00844	0.954819	0.874462	0.789583	0.711417	0.628614	0.531682	0.437302	
0.937474	0.902782	0.871392	0.841774	0.826011	0.821701	0.834954	0.857582	0.890748	0.922708	0.958667	0.989723	1.01324	1.01589	0.998485	0.962355	0.916634	0.857426	0.776102	0.676608	0.578138	0.495517	0.415194	0.319141	0.224652	
0.965819	0.952853	0.938532	0.91959	0.908003	0.904936	0.914727	0.930161	0.948191	0.96024	0.973279	0.977049	0.966077	0.930711	0.87964	0.81303	0.741676	0.654645	0.556206	0.449508	0.351892	0.268511	0.194362	0.106334	0.0169044	
0.974255	0.993762	1.0035	1.00243	1.0029	1.00285	1.00272	1.00324	0.999535	0.982508	0.960056	0.927749	0.876512	0.803564	0.720545	0.632035	0.540225	0.438425	0.331423	0.231388	0.141366	0.06371	-0.00530228	-0.0811244	-0.1585	
0.957636	1.0187	1.05622	1.0811	1.09917	1.10446	1.08853	1.06756	1.03621	0.984064	0.917983	0.844187	0.754176	0.649119	0.543279	0.440384	0.337857	0.231	0.128443	0.0401741	-0.0370705	-0.106951	-0.167854	-0.226726	-0.285281	
0.909961	1.0109	1.08084	1.13361	1.17345	1.18264	1.15114	1.10355	1.04246	0.953041	0.843687	0.728154	0.606409	0.478619	0.360321	0.249211	0.14293	0.0384809	-0.0508094	-0.125272	-0.188355	-0.246804	-0.294049	-0.331319	-0.359966	
0.840948	0.972365	1.07444	1.15218	1.21102	1.2217	1.1796	1.10701	1.01757	0.896343	0.751989	0.602605	0.45724	0.318133	0.192749	0.0775854	-0.031912	-0.128688	-0.202841	-0.263098	-0.314237	-0.356591	-0.382523	-0.397303	-0.393199	
