-0.51704	-0.531817	-0.557344	-0.587918	-0.609985	-0.614871	-0.597481	-0.570229	-0.539952	-0.522569	-0.510032	-0.502854	-0.494488	-0.473754	-0.432433	-0.363075	-0.263366	-0.130023	0.0325308	0.225472	0.43494	0.647248	0.864641	1.07287	1.25326	
-0.547484	-0.5998	-0.664256	-0.730222	-0.773918	-0.782661	-0.750672	-0.692125	-0.62386	-0.568396	-0.516353	-0.474954	-0.437177	-0.38889	-0.331617	-0.250874	-0.146707	-0.0108092	0.164318	0.366654	0.580549	0.784005	0.986046	1.17862	1.33984	
-0.551508	-0.638469	-0.722454	-0.807318	-0.864992	-0.874831	-0.835716	-0.756546	-0.672914	-0.586678	-0.500653	-0.425037	-0.357456	-0.294335	-0.225959	-0.145264	-0.0525114	0.0689287	0.242644	0.446975	0.654731	0.858414	1.05172	1.22867	1.37539	
-0.537085	-0.64548	-0.738204	-0.8266	-0.888487	-0.899015	-0.856952	-0.774393	-0.684159	-0.582388	-0.467665	-0.356428	-0.263887	-0.191161	-0.121655	-0.0540826	0.0186998	0.115338	0.266835	0.45253	0.651846	0.852625	1.03775	1.2122	1.3578	
-0.483479	-0.60395	-0.704998	-0.793626	-0.854834	-0.865213	-0.823271	-0.741936	-0.646331	-0.534019	-0.403588	-0.272508	-0.172578	-0.103544	-0.0472806	0.00492487	0.0573674	0.131082	0.245651	0.40408	0.585539	0.769451	0.956712	1.14085	1.29091	
-0.376246	-0.510942	-0.623265	-0.714048	-0.773563	-0.785115	-0.74168	-0.662449	-0.558694	-0.431765	-0.29303	-0.163817	-0.0722549	-0.0247459	0.00588239	0.0343175	0.0659412	0.112768	0.191026	0.310901	0.467503	0.643212	0.83456	1.02762	1.18744	
-0.22882	-0.372679	-0.499677	-0.600009	-0.660931	-0.671103	-0.629668	-0.543645	-0.42667	-0.286485	-0.145809	-0.0308588	0.036294	0.0550783	0.0542515	0.0528214	0.0545599	0.066672	0.108491	0.193726	0.324461	0.492534	0.685133	0.882549	1.04986	
-0.0634938	-0.207302	-0.344403	-0.458458	-0.525658	-0.535958	-0.492048	-0.394038	-0.264133	-0.1204	0.0156127	0.107157	0.136279	0.124973	0.0910767	0.0553538	0.0271171	0.00674699	0.0115971	0.0637099	0.168474	0.323365	0.513299	0.710282	0.880163	
0.0941413	-0.0422092	-0.183162	-0.306448	-0.383538	-0.396415	-0.344449	-0.236629	-0.0985399	0.040912	0.163603	0.228644	0.227053	0.181723	0.116844	0.0478351	-0.0185966	-0.0714133	-0.0934232	-0.0655673	0.0169688	0.149309	0.320659	0.512144	0.692892	
0.224975	0.0968131	-0.0427864	-0.163647	-0.24595	-0.262191	-0.202905	-0.0945722	0.0409886	0.176622	0.286489	0.335545	0.314545	0.241305	0.140729	0.0377971	-0.0672257	-0.145486	-0.187634	-0.180692	-0.117863	-0.00919117	0.144168	0.328996	0.511936	
0.318823	0.19785	0.0580164	-0.0672506	-0.148843	-0.163756	-0.105866	0.00395556	0.142975	0.27391	0.376573	0.421045	0.390496	0.299525	0.173722	0.0380515	-0.10166	-0.205404	-0.262524	-0.268969	-0.218062	-0.121885	0.0155313	0.185879	0.35942	
0.382857	0.256746	0.113714	-0.0189922	-0.103359	-0.118855	-0.0604483	0.0575196	0.19984	0.335952	0.440698	0.482322	0.450194	0.355511	0.212624	0.0468007	-0.111523	-0.227634	-0.298328	-0.314304	-0.273699	-0.185279	-0.0604957	0.0882747	0.244868	
0.42123	0.29443	0.145421	0.00418536	-0.0844796	-0.099028	-0.0390873	0.0852164	0.236404	0.374361	0.479279	0.524808	0.499814	0.409847	0.261584	0.0819976	-0.0898528	-0.213706	-0.28675	-0.308179	-0.275041	-0.200552	-0.0924895	0.0303464	0.162488	
0.447567	0.321525	0.172885	0.0295606	-0.0655601	-0.0823662	-0.0162911	0.11275	0.263682	0.401448	0.503834	0.550897	0.536376	0.459806	0.315856	0.133061	-0.0437372	-0.171041	-0.248907	-0.276377	-0.255034	-0.195227	-0.111977	-0.0142993	0.0988739	
0.464464	0.341823	0.200941	0.0668938	-0.0241433	-0.0407625	0.0231339	0.144715	0.286562	0.419183	0.519221	0.568804	0.564575	0.490578	0.350653	0.175155	0.00342101	-0.125132	-0.20234	-0.2347	-0.230693	-0.194743	-0.131775	-0.0519339	0.0475442	
0.468319	0.352436	0.223326	0.107633	0.0347661	0.0211713	0.0721497	0.173681	0.300705	0.425138	0.525129	0.58489	0.58246	0.506303	0.369929	0.202227	0.0382909	-0.0841346	-0.161242	-0.197681	-0.203653	-0.186833	-0.143735	-0.0799212	-0.00280886	
0.464947	0.351521	0.237073	0.148824	0.097686	0.0886835	0.123354	0.19785	0.30427	0.420677	0.523853	0.588012	0.58875	0.512901	0.379775	0.224744	0.075726	-0.040497	-0.11897	-0.158645	-0.173701	-0.172211	-0.144117	-0.0984556	-0.0462591	
0.459081	0.356329	0.260795	0.192925	0.160693	0.156268	0.175991	0.229065	0.316126	0.418725	0.513901	0.574562	0.576434	0.511195	0.39679	0.263945	0.128513	0.0129547	-0.0714478	-0.121992	-0.146021	-0.148035	-0.128824	-0.102664	-0.0718914	
0.454557	0.369036	0.294425	0.244506	0.224282	0.222332	0.233333	0.270618	0.337238	0.420244	0.501712	0.550586	0.551995	0.505334	0.413749	0.3011	0.175959	0.0578951	-0.0356658	-0.096963	-0.126098	-0.127539	-0.117377	-0.105259	-0.0847201	
0.457403	0.392804	0.33695	0.303888	0.289057	0.287013	0.296011	0.321343	0.368151	0.431483	0.492893	0.52406	0.520488	0.484723	0.409432	0.312275	0.193353	0.0736643	-0.0214467	-0.0854598	-0.117893	-0.123249	-0.123935	-0.121481	-0.105263	
0.472462	0.423627	0.383281	0.359474	0.348739	0.346306	0.353878	0.372243	0.404923	0.454094	0.496555	0.512744	0.497334	0.455721	0.388989	0.29977	0.189585	0.0770541	-0.021024	-0.0908588	-0.128563	-0.14556	-0.15561	-0.149524	-0.127796	
0.484112	0.451236	0.422576	0.40676	0.399469	0.399018	0.403069	0.414266	0.438635	0.471469	0.501193	0.511048	0.490422	0.444444	0.3763	0.286641	0.17651	0.0645941	-0.0342421	-0.107122	-0.154217	-0.189582	-0.206148	-0.189953	-0.150773	
0.494596	0.46827	0.447482	0.436684	0.432789	0.431948	0.434402	0.44215	0.458996	0.484155	0.50794	0.518064	0.500997	0.455259	0.3795	0.27968	0.165406	0.0428619	-0.0679728	-0.147535	-0.20447	-0.245135	-0.259525	-0.232315	-0.170041	
0.51476	0.497103	0.474958	0.452239	0.440001	0.438846	0.44584	0.465091	0.488995	0.508226	0.522228	0.531258	0.521099	0.477208	0.401258	0.289149	0.152975	0.0102785	-0.114319	-0.204698	-0.264915	-0.299886	-0.303827	-0.266928	-0.18046	
0.538822	0.516915	0.485857	0.456603	0.435166	0.429907	0.446708	0.473781	0.505197	0.53064	0.548127	0.560424	0.555805	0.515198	0.429054	0.295312	0.137401	-0.0279869	-0.175305	-0.281669	-0.343254	-0.367449	-0.356971	-0.301388	-0.194784	
0.553979	0.521639	0.485934	0.454158	0.429816	0.425434	0.443265	0.472696	0.507386	0.5418	0.569802	0.592776	0.595326	0.551459	0.45263	0.294732	0.108088	-0.0805533	-0.248004	-0.370998	-0.438873	-0.455221	-0.422277	-0.343351	-0.214788	
0.567064	0.519715	0.48041	0.450565	0.431493	0.427489	0.441758	0.466964	0.502588	0.548416	0.593139	0.626713	0.629463	0.576358	0.459378	0.278454	0.0739076	-0.132737	-0.320198	-0.463635	-0.542644	-0.553237	-0.499326	-0.387649	-0.224514	
0.581505	0.521984	0.477181	0.452881	0.439364	0.437431	0.446137	0.465571	0.501582	0.556893	0.616289	0.65638	0.658641	0.597774	0.459835	0.264482	0.0469029	-0.177877	-0.380801	-0.536977	-0.624998	-0.630884	-0.556185	-0.415642	-0.223737	
0.594005	0.52598	0.475997	0.449117	0.441611	0.44075	0.444109	0.462877	0.502776	0.566533	0.632337	0.679639	0.684263	0.616693	0.468809	0.262611	0.0320655	-0.209223	-0.425475	-0.590568	-0.678155	-0.674942	-0.590556	-0.430996	-0.21505	
0.606625	0.53604	0.479415	0.44735	0.4381	0.437559	0.440959	0.46408	0.510662	0.578096	0.644221	0.690365	0.695538	0.627142	0.476735	0.268259	0.0305763	-0.222303	-0.450646	-0.620335	-0.702423	-0.691249	-0.598418	-0.428217	-0.203757	
0.609595	0.539916	0.480719	0.448179	0.437837	0.436812	0.441471	0.464758	0.513735	0.581724	0.646683	0.691895	0.696391	0.628825	0.477332	0.270236	0.0322063	-0.224516	-0.454574	-0.624902	-0.705365	-0.692144	-0.597678	-0.424953	-0.200836	
0.599775	0.529346	0.477083	0.44798	0.440225	0.439614	0.442727	0.463233	0.505223	0.571391	0.637677	0.685176	0.690806	0.622189	0.472853	0.264387	0.0300973	-0.216257	-0.438268	-0.605627	-0.691252	-0.684368	-0.59648	-0.431881	-0.210484	
0.586444	0.523561	0.47686	0.451317	0.440707	0.439688	0.445472	0.464282	0.502391	0.560488	0.623408	0.666515	0.669643	0.605516	0.462967	0.262882	0.0394284	-0.192893	-0.401017	-0.561531	-0.650073	-0.652673	-0.57299	-0.424327	-0.220816	
0.573184	0.519743	0.478708	0.451864	0.435153	0.4315	0.444079	0.466412	0.50128	0.551536	0.603411	0.639562	0.641298	0.585485	0.458443	0.270605	0.0624888	-0.151472	-0.346007	-0.495227	-0.579146	-0.588058	-0.524783	-0.399392	-0.225007	
0.558428	0.520745	0.484069	0.451612	0.429027	0.425353	0.441148	0.470023	0.505814	0.543904	0.578154	0.606338	0.61017	0.562465	0.458039	0.290177	0.093367	-0.103049	-0.277735	-0.409153	-0.480792	-0.494547	-0.453466	-0.363324	-0.220884	
0.546633	0.519803	0.486606	0.456735	0.433133	0.427165	0.446223	0.474359	0.506971	0.536445	0.557943	0.573412	0.57193	0.530669	0.439249	0.295733	0.127739	-0.0468676	-0.202752	-0.316144	-0.379483	-0.400096	-0.380944	-0.316348	-0.202359	
0.524742	0.507666	0.48188	0.455315	0.438234	0.435715	0.446822	0.470742	0.498353	0.518515	0.531661	0.54108	0.532758	0.491208	0.412501	0.293081	0.14781	-0.00440077	-0.137163	-0.233353	-0.293665	-0.324362	-0.323519	-0.280082	-0.185968	
0.501111	0.478154	0.458734	0.443595	0.438538	0.437668	0.440447	0.452014	0.470102	0.491861	0.512503	0.522287	0.508025	0.462443	0.386903	0.281987	0.160574	0.0308355	-0.084983	-0.169039	-0.227656	-0.266901	-0.278041	-0.247747	-0.174182	
0.488161	0.4585	0.433697	0.421446	0.415759	0.41561	0.418562	0.427205	0.447467	0.476314	0.503673	0.512786	0.492431	0.446558	0.374689	0.282276	0.172323	0.0570297	-0.0455435	-0.120277	-0.171795	-0.211555	-0.227957	-0.206391	-0.159761	
0.478003	0.435828	0.400285	0.379498	0.370141	0.368166	0.374696	0.390121	0.419518	0.462313	0.498516	0.511497	0.492733	0.4481	0.382183	0.29411	0.18483	0.0735178	-0.0239423	-0.0955633	-0.136561	-0.161434	-0.175445	-0.165038	-0.136971	
0.462508	0.404186	0.355762	0.327241	0.314492	0.312676	0.320503	0.342519	0.382417	0.439246	0.49306	0.517638	0.510072	0.472509	0.402216	0.308678	0.193332	0.0767771	-0.0196335	-0.0856362	-0.119156	-0.128868	-0.132938	-0.131011	-0.114257	
0.454097	0.37721	0.310144	0.267491	0.24976	0.24732	0.257804	0.289709	0.348317	0.423163	0.496919	0.53913	0.539119	0.499473	0.414848	0.309065	0.187268	0.0665105	-0.0280308	-0.0909639	-0.121452	-0.123579	-0.118356	-0.110381	-0.0917066	
0.457189	0.360626	0.274173	0.212996	0.18633	0.183315	0.198459	0.245498	0.324133	0.418813	0.509404	0.565913	0.567834	0.509469	0.405093	0.280869	0.149738	0.0338307	-0.0541731	-0.110022	-0.136635	-0.137887	-0.121626	-0.10288	-0.0771206	
0.462511	0.351817	0.244805	0.165623	0.122602	0.115593	0.143962	0.20873	0.307379	0.418915	0.52065	0.584712	0.58609	0.512711	0.385533	0.238547	0.0957656	-0.019829	-0.100009	-0.143635	-0.162125	-0.163447	-0.139772	-0.101711	-0.0586898	
0.467568	0.35244	0.229291	0.124242	0.0593095	0.0472263	0.0926394	0.183928	0.302441	0.423965	0.525482	0.587897	0.586272	0.509988	0.374096	0.210506	0.0520519	-0.0679724	-0.145577	-0.182529	-0.192339	-0.182446	-0.145942	-0.0887886	-0.0224355	
0.466952	0.347971	0.211437	0.0828146	-0.0013515	-0.0163248	0.0419521	0.157045	0.294211	0.422757	0.522681	0.576523	0.573552	0.49768	0.359378	0.187477	0.0184819	-0.108025	-0.184777	-0.219282	-0.220052	-0.192744	-0.137721	-0.0642291	0.0281382	
0.455916	0.330382	0.184351	0.0436379	-0.0521603	-0.0704161	-0.00210578	0.125526	0.273157	0.409812	0.511068	0.557912	0.548647	0.475504	0.332484	0.151532	-0.0234899	-0.152583	-0.230669	-0.260119	-0.245285	-0.194862	-0.12065	-0.0303669	0.0772583	
0.432336	0.306374	0.156353	0.013126	-0.0784833	-0.0929324	-0.0316042	0.0952529	0.248285	0.386196	0.490095	0.537257	0.516074	0.430917	0.283815	0.102434	-0.0732686	-0.198499	-0.273704	-0.297422	-0.267873	-0.197921	-0.100144	0.0119272	0.134761	
0.400702	0.273374	0.128091	-0.00824212	-0.094342	-0.109653	-0.050599	0.0705979	0.216114	0.352989	0.458951	0.501324	0.471177	0.377063	0.230828	0.0574914	-0.106752	-0.225857	-0.29805	-0.316968	-0.279589	-0.196093	-0.0770104	0.0617071	0.209867	
0.347576	0.224996	0.0845971	-0.0431548	-0.12576	-0.14055	-0.0829319	0.0300497	0.169256	0.302218	0.405483	0.448281	0.415568	0.322302	0.188309	0.0398099	-0.108469	-0.219493	-0.283859	-0.293495	-0.247226	-0.153328	-0.020822	0.140784	0.307554	
